/*--------------------------------*- C++ -*----------------------------------*\
| =========                 |                                                 |
| \\      /  F ield         | OpenFOAM: The Open Source CFD Toolbox           |
|  \\    /   O peration     | Version:  v2012                                 |
|   \\  /    A nd           | Website:  www.openfoam.com                      |
|    \\/     M anipulation  |                                                 |
\*---------------------------------------------------------------------------*/
FoamFile
{
    version     2.0;
    format      ascii;
    class       volScalarField;
    location    "800";
    object      omega;
}
// * * * * * * * * * * * * * * * * * * * * * * * * * * * * * * * * * * * * * //

dimensions      [0 0 -1 0 0 0 0];


internalField   nonuniform List<scalar> 
9793
(
0.0224366
18.6816
0.021942
2.51525
0.0222596
0.195749
0.0798176
4.01483
0.0222066
16.3625
0.0221964
0.0221872
0.0219205
1.75447
0.0218121
0.0279986
0.0531072
0.0219369
1.95828
0.0215652
0.0216473
0.0222916
2.5451
4.14339
1.92698
0.0268005
0.0220995
0.022262
0.0215755
0.0778137
6.65606
0.379472
0.0220135
0.0219495
0.0218711
0.0295991
0.0254398
0.0251689
1.34665
0.0313679
0.0675322
8.47582
3.05063
0.0222717
0.0219637
0.022043
4.90986
0.0222843
0.0217845
0.0219441
0.0293623
0.0218539
0.0386938
0.0222685
0.0333765
2.07983
0.021929
0.0938189
0.0217894
0.0222914
0.0273012
0.0938061
0.0219558
0.0378525
0.0219635
0.0221251
21.7092
0.0246117
0.026095
2.48699
0.0219944
0.10377
3.70153
3.24702
3.08352
0.0222623
0.0462567
9.5452
0.0219845
0.0222704
0.0494965
1.89502
0.0514768
0.0240677
0.026116
0.214828
0.022261
0.0734365
1.34893
0.0903162
1.74013
1.06865
1.20945
0.041383
2.90784
0.0219119
3.4005
0.0502807
0.0250189
0.0222684
1.2755
0.0365918
1.92703
0.0219686
2.54559
8.4906
3.41946
0.0218808
0.0219885
0.0222834
0.0222334
2.07361
3.23482
6.43178
0.0219704
0.0221127
0.0252876
0.0220511
1.74769
0.0220287
2.19289
0.0778319
4.70885
0.0436872
0.0254825
0.0220344
0.0600702
5.20105
0.375657
0.563943
0.0243667
0.0218096
0.0223316
0.0237295
0.0282931
0.146821
1.23361
0.0253435
0.0222736
0.0606698
1.96714
0.0286219
0.0219536
0.0598813
4.80409
0.529111
0.0220349
3.26683
0.021806
0.022029
0.0220705
16.3261
0.0245267
0.0220924
0.0219284
0.990822
0.056465
0.0219514
0.631183
0.0219287
0.0685997
0.0244883
0.0216536
0.342257
0.0222259
9.458
2.02961
0.0224675
0.0218818
0.0222171
0.0219707
5.5231
26.2536
1.53188
0.0219143
0.180822
0.129556
0.706064
0.0219706
0.0245594
2.81012
6.11711
0.0873826
0.0220358
0.0220734
0.0218754
5.28967
3.65618
18.3789
1.9663
0.0220401
25.0256
0.42407
0.0256029
0.0218496
0.0234214
2.02514
0.0216011
0.0219353
0.0222038
0.0220181
0.0216545
0.0306646
0.0260565
1.59684
0.0219375
0.0286543
0.022467
0.0223941
0.460245
0.0579243
2.06821
0.0216384
2.24906
0.0240852
0.0497257
0.021822
0.142852
0.0221215
0.051219
0.0536184
0.021656
1.50446
1.64484
0.039605
0.0218991
0.0527105
1.83421
0.0504797
0.0512857
1.45115
0.154383
0.0467023
0.0386407
0.375123
0.021636
4.64743
5.48534
0.0216065
0.0222222
8.30351
0.0219152
0.0222312
0.1179
0.129498
0.0221116
0.0246293
0.0297704
0.0382579
0.0247704
0.0219761
0.0440828
2.86799
0.0216519
1.56638
0.0222618
0.0221699
0.0216669
2.01843
0.0219791
2.11895
2.18712
0.0221035
0.0221311
3.58565
0.0218738
0.0222395
0.0218391
2.0349
0.26784
0.0251022
0.408294
0.0868345
1.93713
3.90004
0.0224829
12.3885
0.0222641
1.93361
9.04514
1.36566
2.27678
0.150486
0.024423
0.0476096
0.0255337
0.0218972
0.0226245
0.441926
0.0269768
0.0221397
0.0222838
0.0216359
0.021685
0.0216538
2.36396
0.0218719
0.021798
0.0218961
0.0219221
5.15244
0.507157
0.0659534
0.0229694
0.0600061
0.0220182
3.87193
12.2625
0.0219737
2.45234
0.0356609
0.0219587
28.695
3.74003
0.0220212
0.0462133
14.3205
0.0221733
0.034423
0.0217992
0.0222678
2.24998
0.041365
0.0219584
0.0220227
0.0228346
0.159682
3.2445
0.0219458
0.0218749
0.0217935
6.11224
4.46732
7.35694
0.0216252
0.0436537
0.035269
1.9252
0.0692918
0.0216408
0.0217057
0.0217941
0.0463655
0.022094
6.15075
0.0220886
0.021786
1.92829
2.25981
2.02916
0.0217649
1.26935
0.0248278
4.19124
5.19747
1.52721
0.0237289
0.0323677
1.50856
1.61042
2.00451
0.0267957
0.0222633
0.0255308
0.0217465
0.0218563
0.0220713
0.0220819
0.022292
7.29592
0.0222063
0.0602816
0.031091
6.00916
0.0216359
0.0241612
5.50671
0.510024
1.88655
0.06721
0.0217888
0.0238183
0.0219455
0.3839
0.0215688
1.96754
0.147691
0.0802583
5.71814
2.27133
0.0221374
0.0218981
2.7535
0.348237
0.0219359
4.51307
0.0221313
0.0221756
6.67406
0.0216367
0.0948156
0.0216454
2.15464
0.0220939
0.0222427
1.93735
0.097415
0.0617486
0.0256204
0.0220749
0.0218444
4.24249
0.0501285
0.0215928
0.0221946
0.0347523
0.0353608
0.061764
5.97419
0.0221955
0.0219466
0.367118
0.0220814
2.46977
0.681197
0.0220652
0.0220182
0.0225725
0.0221164
0.0217797
1.28613
0.0517458
6.09189
0.0293624
0.0239511
0.0438714
0.0248672
1.61447
0.0264959
0.0222677
0.0246436
0.437485
0.0219608
0.0219329
0.0219955
0.0215717
0.021989
0.0218153
0.0220447
0.0221576
0.0229423
0.0254886
0.117278
0.0219933
1.54161
0.0258434
0.196682
4.48412
0.021904
2.02706
0.0780599
0.0218576
0.0215727
0.0219606
2.54755
0.0877097
0.0215688
0.0221207
0.0221971
0.0687956
0.143877
9.14791
0.0219767
0.0219291
0.0319584
5.60053
1.34214
0.023834
0.0237774
1.60306
9.3652
0.483396
0.0222163
0.0217978
1.49459
0.0219165
0.127454
6.36248
0.0215812
0.232423
0.0275121
1.28224
0.0218449
1.75122
0.263441
0.0273433
2.70493
0.0219145
1.67709
0.022095
0.0218941
0.0222229
0.0219513
2.658
0.021907
0.0217625
0.0229235
0.0216335
0.0217987
0.046049
0.0228642
0.0369671
0.0220343
0.0220386
4.12877
0.0764345
0.0237768
1.56449
0.024964
0.022227
0.0219834
0.0217793
9.38929
0.021754
0.0220692
6.79269
8.59555
0.0391113
0.0219279
0.0222841
0.0222304
0.0222407
1.56453
0.0222298
2.20113
0.0249696
1.91273
0.0222619
15.2513
0.0222792
0.20256
0.0219231
0.104752
4.23327
0.0221035
7.4591
0.0219103
0.0222182
0.0216362
3.50667
1.65638
0.0219681
0.028397
0.0217521
1.61618
0.0218678
0.0447593
1.66098
0.0254652
0.0220265
0.0458706
0.0222451
0.0222996
0.0218103
0.110712
0.0219567
1.67114
0.0220521
0.0221135
0.0425991
0.0747001
5.55737
0.0217834
14.5235
0.0218926
0.183378
0.0219262
0.0224175
0.021912
0.02205
0.0222681
0.195498
0.046877
7.35321
0.103748
0.0356461
0.0344969
5.23451
0.0240488
1.54455
2.87515
0.232224
10.2772
6.45061
0.164029
0.0223103
3.31442
0.0423036
0.0222883
0.309544
0.0222509
0.436341
0.036013
0.229065
0.0279941
1.92527
3.26806
0.0399949
0.211052
0.0222159
0.569462
0.0229742
0.0219261
0.0220774
0.0242735
0.0465345
1.38835
0.260328
3.66984
0.0237131
0.0235331
1.27345
0.340112
0.023461
0.0617949
0.0224188
4.87464
2.00226
0.0220593
0.0660714
0.248527
3.22435
0.0219584
0.0259824
5.09926
0.0299745
5.92324
0.10624
5.94865
0.0258367
0.0241619
0.0219576
0.0219281
2.39411
0.0222841
3.94024
0.12357
0.0778736
0.0222595
0.0222237
0.0243151
0.0223243
0.0218359
0.0219173
0.0954946
2.63484
2.02363
0.0222796
0.290158
0.0219524
3.30651
0.0494992
0.0474297
0.0347553
0.242778
0.0217527
0.0220614
0.0433815
0.0219159
0.0221781
0.0599962
1.35691
0.0216538
1.47879
1.39399
0.0249641
2.06892
1.43697
0.0218354
0.0542738
0.0288494
0.0220299
0.02163
0.102982
1.38958
3.52373
0.0219785
0.0220171
0.0216751
0.0258432
0.0228954
0.0239147
0.621617
0.0492871
0.0221514
7.56388
0.0307642
0.0338781
0.0221287
16.0835
0.0242426
0.0219192
0.0801674
2.12759
0.0216029
0.0220506
0.0219516
0.0266732
0.0217483
0.040663
0.980707
0.0222066
0.110321
0.0232039
0.0220685
5.46265
2.49384
2.24958
0.0220756
0.0216194
4.16335
0.0261169
4.70185
0.0215791
0.0219122
5.676
2.0717
0.0303075
0.103746
0.0643265
0.0218959
0.0222717
0.0219751
2.59771
0.0220571
0.0222928
1.4817
0.0278167
0.258523
0.0333052
0.021938
2.28043
0.022268
0.0219199
0.021963
0.0307923
3.41588
0.0221617
0.0219727
0.0219145
0.0219029
0.0219444
0.0219693
12.0275
0.03185
0.0228659
0.0221101
0.0318829
0.0603392
0.0279495
0.0288719
0.0222839
0.0216681
0.0234347
2.02962
2.66641
0.0237625
3.45862
0.0222152
0.0253938
0.89407
2.12327
0.0218051
0.0221802
0.368139
0.0526139
0.0219084
0.0222484
1.68737
0.0222681
0.0673519
0.0220134
0.612667
0.0222473
0.0223293
0.0221271
0.0312015
0.0222663
0.0246591
0.026384
0.17064
0.0218666
0.0219995
0.0222498
0.021889
0.0222752
0.0220918
0.0313256
0.0221115
0.0548323
2.09693
0.0433097
0.0626353
0.0222018
0.0218098
5.75989
3.18195
0.0216198
1.9616
6.35763
0.021626
0.0219685
0.0218831
0.0912195
0.0568811
2.20366
0.0218604
0.0252797
0.0218623
0.022318
0.0223117
0.0826483
0.022246
0.219245
0.0220936
0.0575754
0.0218965
0.0231918
0.0219211
0.0435734
0.0620789
5.70621
2.3469
1.85714
0.0488996
0.021912
2.82055
3.58923
0.0646983
0.0221416
0.0220853
2.05834
0.0218759
3.06082
0.0216566
0.031341
0.0223485
0.0222698
0.021811
7.8695
2.55086
2.82062
0.0741422
4.60375
0.0219557
2.16596
8.35877
0.0222705
0.0220969
0.0217331
5.91073
0.0215727
3.72121
0.0327493
0.137891
0.022307
0.76825
6.58337
1.75563
0.0296236
0.0326086
0.0220408
18.3584
0.0215585
0.662964
0.211755
0.067792
8.04667
2.57864
0.0243264
0.0235077
0.02195
0.120339
4.00744
4.84979
0.0217477
3.86433
0.0273843
0.128923
0.130219
1.38064
1.45097
0.0217009
0.0262196
0.032076
0.0249419
0.0246884
2.88667
0.0221967
10.1896
0.0217995
0.0216745
0.075706
0.114228
5.82488
0.022795
19.552
12.1373
0.576544
0.0271532
0.022233
0.0227939
0.0222269
0.0219247
0.637747
4.53646
0.0222326
0.021927
0.0337526
1.68067
0.0260276
0.0219292
0.4392
0.0219443
0.0222748
0.0215691
0.0643864
0.0220303
0.0258946
4.25428
0.0601993
0.0223323
4.15882
0.13142
0.0219404
0.0234415
0.0345214
0.0222624
0.0219672
0.021763
11.8052
4.00727
0.0222346
0.0363292
0.036811
0.564681
0.0219604
2.35373
0.0218649
0.0217555
0.737769
0.277027
0.0653659
0.0220492
0.0218998
4.79911
1.3049
0.250308
2.79735
0.0221029
0.024515
0.0220169
7.13629
0.0243391
5.12865
0.0227797
0.0219604
0.0242602
0.0216906
0.0218782
0.0631382
0.0217838
2.30538
0.0218401
0.022215
0.0215914
0.0258488
1.82735
2.68219
0.0562081
4.64596
0.0219826
0.0360587
0.0237691
6.52826
0.0219415
0.0216808
2.03981
0.0348603
0.0330787
0.0221118
0.335569
8.17058
1.89795
0.022157
0.0348281
0.991111
0.033767
0.785041
0.116118
0.0779817
0.021792
0.0226314
0.0644885
0.0775612
0.0219896
0.118473
0.021741
0.0221828
0.0222925
0.0217758
0.0219154
0.0219906
0.83308
0.0259257
0.0231366
0.0457941
0.0217546
0.0219327
0.0382872
2.17977
0.0856312
0.0602482
2.64473
0.0222339
8.50417
0.0294948
5.06601
0.0608478
0.0222018
0.0222087
0.0238342
8.44598
1.74198
0.0501865
0.145552
0.0216635
0.0219143
0.0222478
0.022201
6.58217
0.0261243
0.0220423
0.151003
0.31608
4.34615
0.0229013
1.94931
0.0569858
0.0414368
0.0344326
0.463451
0.218259
0.0222799
1.48011
0.399869
0.0394089
1.7937
0.0466219
0.0223561
0.0222638
0.021921
0.0232081
0.0274338
21.2908
0.0524807
0.0218726
0.29648
0.0220047
3.91177
3.38137
0.021959
26.8649
0.0218335
0.0217722
0.0221735
1.5237
13.2377
0.0513605
0.0316075
0.0217824
0.462163
0.0222313
0.0312086
0.022091
0.0221698
0.021971
3.82556
0.0228526
0.0426777
0.0291781
0.0222113
0.35424
0.123286
0.0368984
0.0254463
0.024211
1.58402
1.90685
0.0220161
0.0217738
0.022013
0.0226291
4.05967
11.8653
0.185643
0.0257224
0.0217889
6.73113
4.23671
0.0222341
21.6913
0.0217158
0.0814684
12.6403
0.0217461
5.17201
7.06288
0.116505
5.34038
4.18664
0.0218545
0.0227247
2.41307
1.34933
0.02259
4.1906
0.0252079
0.0219155
0.0222738
0.0235495
0.0412099
0.0255956
0.30941
5.46543
0.238699
0.0346223
0.0220789
0.058883
2.20788
0.021768
3.53726
0.0475731
0.0222197
0.0247089
0.0222414
0.0222191
0.0318433
2.2871
0.0227438
0.0217943
4.8161
1.35534
0.0736278
0.0222612
0.0557092
0.0219341
0.0219321
2.95227
9.01476
0.0219224
0.0214932
1.99684
4.26319
0.0482232
0.0222838
7.93015
0.0229733
0.0219297
0.0247094
0.0219332
0.0216574
0.0216246
7.9152
1.73607
0.026016
1.69817
0.0473583
1.28813
5.96559
1.61881
0.164606
0.0219483
0.0222384
0.0224825
0.021993
0.0746537
0.0218843
0.110533
0.0297536
5.8577
0.0220477
1.41662
0.036759
4.22387
0.0219257
1.73145
0.0318688
0.180706
0.238369
0.0313553
0.0216214
6.0965
0.0558523
1.16333
0.0216147
3.91516
0.0220281
3.60693
0.427509
0.0434347
0.0219284
0.0220889
1.51137
6.03028
0.0336851
0.0216115
5.13264
0.0822627
0.0458391
2.19774
0.0795415
0.0219345
2.67586
0.0219248
0.0352769
0.0216543
8.96344
0.0216602
0.0242534
0.318337
3.76384
0.0222218
0.0659116
0.0250894
0.0766313
0.0218825
0.293755
0.0235623
0.0628712
0.0219503
0.0219858
1.87643
0.029887
3.62582
3.21135
5.54508
0.0227967
0.0216745
0.0217734
0.0261292
0.0380243
0.032164
5.39364
0.0237928
4.30632
0.0420149
0.022281
0.0219621
0.0731316
0.561896
7.55602
0.0219174
1.49141
0.0218654
3.84011
1.50334
0.0485745
0.0219968
0.021749
0.043237
1.36249
0.0245018
0.0222685
0.0245282
0.045703
0.0233098
1.30962
1.89029
3.83793
0.0221562
0.0268757
9.52805
0.0221865
0.0636421
0.0218259
0.68935
0.036524
0.0219521
0.0434778
0.18423
0.0220676
1.87728
0.0219226
0.135731
0.232221
0.682626
0.320718
0.0221662
0.0222363
16.3181
0.0221784
0.039992
0.0857679
0.0237959
0.0215488
9.59537
0.0250863
0.413918
0.0240143
0.0668533
0.022588
0.431812
0.0254133
0.0249864
1.84878
1.07348
0.0220894
0.0222729
0.154837
1.68662
1.90726
0.701784
0.0312617
0.0219275
0.0218083
1.47261
0.0221384
4.08642
0.0936981
2.50106
0.0221069
0.021722
0.0217977
0.0434193
0.0531126
3.64734
1.37824
0.782661
0.246854
0.0216064
2.38483
0.0231179
0.0691065
0.0232017
0.0407714
0.0620075
0.0219312
0.0215777
0.0685067
0.0216415
0.0394176
0.0715312
3.00343
3.12303
0.0420807
1.45194
0.0217612
0.0216691
0.0220741
0.198357
0.0611832
0.0465648
0.106264
4.55662
0.0396082
0.144415
0.0218324
0.0221622
16.8735
0.0219739
0.269513
0.021474
0.0218686
2.34904
0.324141
0.021864
0.0778625
0.509514
2.62091
2.35531
0.0252362
0.0738633
0.05264
5.43535
0.0220841
3.60816
5.31182
0.0238703
0.0273479
0.0216192
0.477369
0.0218122
0.0219843
1.53222
0.0222651
0.0215763
0.181973
0.0650604
1.32099
1.32405
3.34911
1.70759
0.0216686
0.0219179
0.0218693
0.0222049
7.74747
0.0221077
1.63303
0.0230916
3.53436
0.0246754
0.0221484
0.0216843
0.0222709
0.030566
0.0221303
0.0215373
0.431843
0.0218254
0.0558732
0.0225098
5.99851
0.0247317
0.0220788
0.0220676
0.0534689
0.0219086
0.0217646
0.0220889
0.0222146
0.02552
0.0218591
0.023514
0.0320591
2.66096
4.377
3.6482
2.3388
0.0217714
0.0220051
0.0219287
0.0214372
0.0219371
0.0217388
0.99462
0.0218667
0.0222517
0.0220687
0.0220437
0.0219742
5.88345
0.0250333
0.0219735
19.9442
0.0460582
0.0217147
7.78431
6.39454
0.0220204
0.394371
0.631186
0.0220684
0.046771
0.024121
0.02156
0.0276177
0.0220932
0.0451122
0.0220126
0.0222472
0.0217496
23.3288
0.0305667
0.0458891
0.0220324
0.0222652
3.39955
0.0260007
0.0220364
0.0240105
0.0244374
0.0222518
0.246547
14.063
0.992074
1.53917
0.225371
0.0377389
0.0222597
10.891
0.147074
0.0228249
0.0597296
0.0222931
0.0219071
0.0222462
3.00874
0.0464049
0.0219998
0.0220427
0.180114
0.0217337
0.40186
0.0219682
1.80392
0.217163
5.73371
0.0220796
0.0233142
0.0322628
0.0358543
0.0223084
0.0392504
0.0879461
6.27292
0.0220409
0.523546
7.20922
0.0215819
1.51096
0.0437355
0.36939
0.100554
0.0219257
0.0280171
0.0423128
0.0216876
0.0254842
0.0215467
4.38735
1.3872
0.0328243
0.0218302
0.137966
0.076235
2.76467
0.260677
0.0234706
0.0295153
0.0219507
0.0219372
0.0423884
0.0520425
20.396
0.0218211
0.489432
0.0226969
8.41732
0.162425
1.75823
0.0216024
0.0230335
2.01777
1.75074
0.0434584
2.01172
0.0232973
0.217415
0.0219152
0.0218615
2.52757
3.15462
0.0258988
0.0220941
0.0749627
2.15445
0.190742
0.065418
0.0217763
0.0220151
0.0217195
2.35435
3.65934
0.0217656
0.0473201
1.79079
0.0728219
0.247144
1.52748
5.94486
1.80406
0.0217837
0.023172
1.43317
0.0218957
0.0493494
1.52996
9.63734
0.0235229
0.0306718
5.01196
0.656169
1.99068
3.56666
1.41542
1.30611
0.0221108
0.0216249
0.0219912
0.0228461
19.8049
0.0557873
0.369456
0.447221
0.0565968
0.0219975
3.18948
0.0217332
0.0321331
0.0219237
0.041058
8.60768
1.98207
0.0220711
0.021611
0.0436161
3.91469
0.168836
6.8374
0.0453089
0.0220842
0.0834773
0.0214729
0.0974973
0.0324842
0.0219196
3.82997
0.176083
0.452769
0.0567944
0.0222851
0.0216029
4.50426
0.0255333
0.0216271
0.0221452
0.0222558
0.0216855
5.18507
9.13122
1.79454
1.38728
5.92482
0.0247773
0.0219453
3.03363
0.024965
0.109588
5.04409
0.0218687
3.79173
2.61065
0.0593613
0.0341204
0.866454
0.0231962
1.8072
0.0378254
1.86768
0.021827
0.0229453
0.041013
3.28892
0.107938
0.068797
4.29554
1.85389
0.0730068
0.157615
3.22725
0.0244784
0.392256
15.0454
0.0360761
0.0622713
2.22893
0.0344727
0.0369651
0.0221035
0.0381504
0.041124
0.0555446
0.0220887
6.93454
0.163714
1.70016
4.4459
1.97371
0.0398827
1.5635
6.83396
0.021849
3.86377
2.35035
8.04263
0.0280194
0.0244282
1.68142
9.4572
0.0216226
0.233841
0.0217556
0.021912
4.23911
0.0256655
2.17028
1.43028
1.69085
7.50495
0.0216232
0.0367667
0.0220055
0.0218462
0.117386
0.057441
0.0272829
2.71005
1.71423
0.022273
0.0269955
1.33029
0.0238884
0.359601
0.0485949
1.30171
1.28692
0.408176
7.01859
6.01972
1.70127
1.29124
1.55785
0.0344247
0.0253759
0.11216
0.113724
1.7634
7.44766
0.0221318
0.0227609
4.91564
2.21958
0.0255452
4.21231
0.0219386
0.85573
3.38753
3.40585
0.0219247
1.55567
1.44723
0.0269641
0.0348291
4.00556
3.53382
3.82999
2.77876
0.0220099
6.17314
1.48055
0.0408686
0.201281
0.108781
0.0217377
0.0271344
3.46147
1.81432
0.0248818
0.0221715
1.54679
0.0897911
1.64695
0.0721416
1.98031
1.31148
0.0219921
9.93973
0.0222852
0.0326092
0.0220814
0.0218684
0.0217067
0.0374774
0.262693
0.0214975
11.0112
0.079884
8.16594
7.30608
1.87189
0.0219108
3.29117
1.55601
1.8773
0.0346174
0.0219303
2.79269
0.340154
1.64575
0.0564344
0.023583
0.0216897
3.95662
5.12409
0.0335916
11.1549
0.031456
0.022207
1.29882
0.0552431
17.0822
0.0219499
0.0321315
1.54714
3.83026
1.3218
0.299559
1.29541
1.56645
7.62069
0.0220486
8.76353
0.0476043
0.0218437
0.0215665
0.0219354
4.70427
0.0502823
1.29168
1.38635
0.0409132
0.157698
0.0959153
2.4038
0.284954
4.31543
4.30236
1.31109
0.084508
0.0216646
3.48696
0.05641
0.114139
1.27864
2.06668
1.67736
0.0220947
0.0243948
0.0494549
0.0220596
0.0220079
0.0280444
1.30474
0.0309594
0.0265042
1.28095
0.0814286
0.367032
2.99017
1.34258
0.364415
1.53244
4.09787
2.07407
0.0630271
0.0320998
0.0221281
1.32469
0.101155
0.212752
0.0639399
0.0611649
0.0214546
0.16937
4.69966
0.0281388
0.0215873
0.0234547
4.94064
0.0218786
0.0220267
0.0614588
1.40321
0.0305797
0.0545827
0.16696
0.030764
0.0621544
0.0218687
0.0219848
0.0413427
0.229239
0.0222639
0.0315671
0.277681
5.39805
0.0221469
10.1506
0.0219005
1.33024
0.0233471
0.0235147
0.0215555
0.1628
0.0376605
5.5466
12.1561
0.0688882
0.0221619
0.022052
3.97052
3.48551
0.0218982
0.216786
1.43408
0.0523716
0.0776178
0.0214363
0.0227175
0.0219297
1.31537
0.0426012
0.0220509
5.05668
0.0223924
0.0589084
0.276691
0.0217392
0.0966326
0.0593142
17.9862
0.0224546
0.0264584
0.0235253
0.0539858
0.0214118
0.0219115
4.37236
0.280106
0.0731488
0.0219294
1.53456
0.0223967
0.022396
0.0219582
0.414431
4.85378
0.0239654
7.80748
1.48945
0.0627942
2.90445
6.49257
4.44761
8.15353
0.0563109
0.0687907
0.194593
0.0480972
0.0219513
0.0304781
0.0311047
6.68199
0.0220795
2.471
0.0219795
0.42201
0.0872433
0.0228857
0.0231577
7.79445
14.9875
5.33191
1.46428
0.0218151
0.0753851
3.68708
0.0267941
9.26806
0.0412781
0.11024
1.37912
0.0382107
0.021994
0.115343
0.135692
0.0219252
1.35715
0.686245
0.0217124
0.0222391
0.0221211
0.0220104
6.01727
0.0221214
0.0476636
0.0220257
0.022569
0.0327809
0.0219419
1.35217
0.0812522
0.0221719
0.0216332
0.103774
0.0236109
0.0567661
7.00014
4.13352
0.052465
0.284295
0.0407152
0.021597
0.129722
9.80468
0.0379217
1.31553
5.20794
0.0764513
0.0388325
0.0301475
0.0655149
0.0381115
4.19191
0.0221134
0.0221916
0.0218941
1.8788
9.4422
0.0359945
0.112104
0.0219151
0.028184
0.12045
0.252424
0.0219247
0.0587464
1.54113
0.0896653
0.0219922
0.0219393
18.8387
4.7364
0.021939
0.459814
0.0327347
0.188637
1.43155
0.0218656
2.84276
0.0306067
0.022025
2.90548
0.188854
0.0219275
0.0221624
0.260069
0.0217807
0.0220421
0.148398
0.0424364
0.0461645
5.34976
0.0255996
0.0465899
1.49195
0.02186
7.88578
3.72124
0.025476
0.0650366
0.175185
0.0219822
0.152431
0.0214723
2.10721
1.48267
0.022005
7.43018
5.49781
0.0219507
0.0219463
0.561651
0.0422145
1.49185
1.43433
0.0220954
0.0432415
4.23966
0.0229135
0.05066
0.0736429
0.0338587
3.26815
0.208959
0.0238879
0.209722
6.56678
0.0461065
2.54501
0.0219138
0.0215527
0.0222673
0.0428074
3.58815
0.0220657
0.0363406
11.7642
2.40996
0.0222175
0.0300059
1.88821
1.36599
0.0222245
7.78865
0.0343382
0.0834931
0.0354936
0.0231483
0.0263192
0.0219712
0.0219646
4.74859
0.0219345
0.0526131
0.021985
3.31285
0.0238732
0.0247189
0.0215939
0.0240885
0.0219852
0.0416151
4.87895
4.33257
0.0380683
0.0430792
0.0219681
0.0317975
0.0512587
1.84582
4.68622
0.0218336
0.700879
0.0220243
2.52285
1.28132
4.59027
0.021831
0.102611
0.0717549
4.60551
0.232017
0.0218544
1.91691
0.327946
0.0382243
4.35887
0.0223164
0.0220092
0.0395329
2.45202
0.0219321
5.7989
0.0344421
1.64807
0.0900793
0.0224853
2.00419
0.028184
0.0221207
0.301376
0.0219544
2.72908
9.16246
0.163149
0.0277529
0.156143
0.0219406
0.096268
0.0441342
8.77962
0.0220322
0.0216435
0.0269363
0.0296972
0.0447618
1.60994
3.03535
0.0362525
0.236264
0.021813
2.74282
7.51856
0.164732
0.0219282
0.0222601
0.0236649
2.79471
0.0220764
0.0270199
2.34439
0.0853365
0.021996
0.264091
0.0788865
0.0219904
0.0252308
0.110026
1.58487
0.0669244
0.0430248
1.55824
1.37464
3.55397
0.0267127
0.0221343
0.0244934
0.0248362
0.12655
0.055889
0.0285338
0.0777917
3.62696
0.0242249
0.0219969
4.22071
0.275829
1.62324
0.18661
0.0257838
0.0238405
0.0236931
0.0217714
0.0218961
0.0448008
0.0215622
0.0229965
0.0220376
0.0229797
0.0235958
0.0219513
0.038768
0.0398331
0.0221707
0.0219398
0.0221191
0.0227919
0.022369
0.273559
0.0220577
0.023526
1.35175
0.0217187
0.0232692
0.0222758
0.0280004
4.15982
9.44721
2.47517
2.11738
2.14745
0.204453
0.0218798
0.0573679
0.0220174
1.08019
0.0235773
0.0294459
0.0221966
0.0533572
0.0219629
0.0316386
0.0217883
2.62486
0.147879
0.0220789
3.07639
2.02423
0.0222774
0.10651
0.0219553
0.0216031
6.40451
0.0222107
0.0629731
0.172376
0.0221053
0.0215637
0.0695754
1.48979
0.0252068
0.0237437
1.3917
0.021948
3.45444
0.0494827
8.3859
0.0216751
1.42222
0.0219299
0.0221837
0.238833
0.0574976
2.02799
1.6013
5.70072
2.93367
0.176378
0.125336
0.0220464
0.143125
0.0221358
0.0218244
0.0961929
0.0219149
0.0219853
0.0216104
0.0216146
0.0600633
3.52374
1.37778
0.33352
2.07734
0.0238402
0.0305828
0.0230934
0.0227718
0.0740835
0.0220468
0.0218051
0.0218178
0.0239885
0.0232413
0.188888
0.0919161
0.0456969
0.0221091
0.0549772
0.0566447
1.78074
4.36118
0.0249831
0.0401809
0.0220887
11.0201
1.6793
0.0219263
0.0219351
0.0245584
0.0222129
4.11019
0.300347
3.7446
0.0221367
2.81454
0.0221114
2.58276
0.0496983
0.0218141
0.0281851
4.84575
0.0270644
0.0279649
0.0312234
0.0774911
3.20291
0.0218476
0.0219171
0.0280188
0.693515
0.0218708
1.82237
2.98015
0.0219686
0.02143
5.46461
0.0700252
0.0219285
3.65855
12.5585
2.13741
3.19253
0.0288214
1.92474
0.0220716
3.91053
3.28639
0.729162
0.0699169
0.0239642
4.77633
0.0250542
0.0218719
0.0214533
2.68917
0.0216387
7.45725
0.0229623
0.022168
0.0250822
1.34921
0.0239677
0.0228406
0.0220736
8.06049
3.97476
10.4777
1.36441
0.0451283
0.0219332
0.024257
1.60519
0.112371
0.0219898
0.0521913
1.66423
4.10764
0.021997
4.48043
3.94469
0.0409869
0.0220631
0.0239394
0.0219555
0.021763
0.021944
0.0220332
0.0223834
0.099849
0.0220959
0.13464
0.0226267
0.0227182
4.45218
0.0744103
0.0239922
0.022814
2.05855
0.0215724
0.0229201
0.0261057
0.0218185
5.07082
0.032594
0.0227841
0.0447962
0.0219735
0.0277565
0.0219309
0.142331
0.0218258
0.0219175
5.11226
0.0240867
0.190346
0.033651
0.0238392
0.0872926
0.0214149
0.0220886
0.0226646
3.88264
0.0242821
0.0219269
1.98764
0.0219976
0.0216277
0.0218862
0.555418
0.0322316
0.151205
0.0338451
0.030911
0.0504677
0.0239464
0.0271297
0.048215
2.13629
0.0222608
0.028445
0.0218152
0.228819
0.197531
0.0219059
0.0308912
3.18508
0.0300159
0.0215579
5.94208
0.0259095
0.0798915
2.26336
0.0294786
0.0219072
0.0293521
0.0219276
0.0250249
0.0219075
0.0233688
0.0259526
0.0219707
0.0220681
0.0321209
0.0221648
0.0864851
0.0219435
0.0238097
0.0219445
0.0316591
1.43155
0.0220975
0.02205
0.0980989
0.0235865
0.0219619
1.35911
3.96289
2.91337
0.0220748
0.0245535
0.0376332
0.0222446
0.0221252
0.0345479
0.176382
0.0215365
0.0524102
0.0219797
0.0218945
0.0217857
0.0215295
0.0230932
0.042623
0.0346795
0.0276436
1.49459
0.0243789
0.0281057
0.0217387
2.34678
3.78693
2.53245
0.0220505
0.0462312
0.0282334
0.0220225
0.0221202
0.0413482
1.35227
2.29076
0.0220433
0.0285394
5.37134
0.022815
0.167741
4.27756
1.43772
0.0305322
0.0220025
0.0385246
0.0457718
0.566967
10.1582
7.01566
1.39075
0.022848
0.0221737
0.0219403
0.0972652
0.0219519
0.0216914
0.0388905
0.0219221
0.0219169
0.0218799
0.0526945
0.0220093
0.0217811
0.0219753
2.28087
0.0215598
0.0220401
0.0221069
0.0228881
0.0219399
0.0725938
0.0734776
7.1568
0.0216165
0.0282973
0.122946
5.15174
2.16852
0.0222397
0.0222752
0.0523958
0.0985935
0.0258435
0.396595
0.0219357
3.51924
0.022278
1.2821
0.0228512
0.0219304
0.04834
0.0219548
0.022121
0.0227761
0.610523
0.0245246
0.0224885
0.0221781
0.0219735
0.0411262
0.022113
0.0219213
0.0263052
0.0978073
0.0244932
0.0219881
1.29556
4.7488
0.0219989
4.52196
0.022143
0.0323617
0.0718899
0.203484
0.0235124
0.0230156
0.0220851
0.260818
0.0285003
0.022315
0.0219124
0.0232761
1.70547
0.0222732
0.0370359
0.0239967
0.0352378
0.0512118
0.0389052
0.0859441
3.61986
0.0250332
0.0220397
6.0358
0.373926
0.0219319
0.0214926
0.0220636
0.0219808
0.0219248
0.0240001
0.0216778
0.0220789
4.66738
1.34083
0.0344015
0.0219513
2.2104
0.0240068
0.021703
5.99882
0.0243087
0.0216624
0.0220946
0.0220381
0.0398309
0.022071
0.053894
0.0219287
0.0217852
0.0219606
0.0330336
0.0366834
0.0218982
0.0603414
1.36095
0.0232342
0.0218994
0.062467
0.0217289
0.0220207
0.0218686
0.0319285
0.0220527
3.81022
0.0223428
0.259415
3.09925
0.0544436
0.0237886
0.0223889
0.0220536
0.0219434
0.0295881
0.156724
0.107749
0.0218149
0.0239408
4.25323
0.0216135
0.158096
0.0219677
0.0236821
0.0309756
0.0608852
0.0219586
0.036438
0.028169
0.0577289
1.31308
4.89366
0.0219709
0.0219285
0.0328824
0.0231607
0.0226739
0.0490009
0.0229912
0.109441
0.0217859
0.0706808
0.0221059
0.0800326
0.0552985
1.31545
4.75609
0.0219254
0.0394189
0.797667
0.190011
0.0216054
0.0218814
0.120169
0.0219467
0.0219879
0.0217481
0.0215213
0.0694068
0.0813415
18.6752
0.0220208
0.0484043
0.022255
0.0215955
0.0231302
1.63697
0.164731
0.0219313
0.0221386
0.0218469
7.07885
0.0220148
0.0219457
0.0224995
0.021961
0.0430382
0.0218368
1.68233
0.0219883
0.0228928
0.022482
0.0219128
0.0217545
0.0220091
9.25547
0.0217859
0.0219566
0.214923
0.0219332
0.0220431
0.0221118
0.022156
0.0528564
0.0219204
0.0219778
2.40428
0.024125
0.0220384
0.0222832
0.0215544
1.32669
0.0230368
0.0222325
0.0219158
0.0267666
0.0219719
7.15834
0.0217982
0.0220127
4.24348
0.0219775
0.0601841
0.0222041
0.0214197
0.0215277
0.0308671
0.0372554
0.021858
0.0222861
0.0246953
0.0219152
0.0221109
0.0221088
0.021976
0.0218415
0.021936
5.19657
0.0219623
0.0218455
1.67346
0.0219548
0.0273679
0.114293
1.38808
0.0218235
0.0220812
0.0219632
0.0216418
0.0230144
0.039034
0.0239821
0.0408748
0.0217783
0.0266246
0.0220095
0.0214798
0.0301092
0.0568271
0.0235983
0.0313289
0.0220268
0.0219625
0.0221201
1.71313
0.0241101
0.0220132
2.8969
0.0233944
2.37043
0.0220637
0.0219376
0.0217469
1.45733
0.0219652
0.0250791
0.023321
0.0220727
0.0219685
0.0220884
0.0220835
0.0248825
0.0219154
0.0389595
0.0222477
0.0402001
0.0215267
0.021637
0.0245185
6.29682
0.0221482
0.022049
0.0226404
0.0219367
0.0247005
2.374
0.0227977
0.0272507
1.84542
4.35713
0.0227432
0.0230725
0.168231
0.0974283
0.0236146
0.0221148
0.0219965
3.30708
0.0229677
4.62146
0.0217268
0.0215421
0.0221047
0.0220562
0.0232694
0.0215881
0.021988
0.022265
0.0658276
0.0238918
0.0227887
0.0216386
0.352752
0.0705261
0.0215216
0.0221045
0.023546
0.022239
0.0220588
0.021602
1.38107
0.021618
0.0219492
0.0651911
0.0215893
1.74725
0.0218258
0.0494799
0.0290395
0.0219714
0.0215535
0.021929
0.0223945
0.0220434
0.0218823
0.0216272
5.88646
1.53411
1.71359
0.0216183
6.78726
0.0219898
0.0611728
0.0219281
0.0219308
0.0221094
4.41179
0.0219517
0.0219159
0.0221262
0.0219858
4.33754
0.0219418
1.56544
0.0214559
0.0227859
1.90814
4.11785
0.0219831
0.0219606
0.0275449
0.0220181
0.130368
0.0217562
0.691629
0.0217765
0.0355942
0.0221391
0.0218218
0.0219471
0.0219778
0.0232593
0.0218912
0.032706
0.0384978
0.112962
0.021833
3.56619
0.0219027
11.6458
0.0219191
5.68367
1.03844
0.0217532
0.0219178
0.0216122
0.0218823
0.0220438
0.0222108
0.0215975
0.0227906
0.0214486
0.0832718
0.0221109
1.38618
0.0215872
0.0215505
0.0219322
0.0219283
0.0229828
5.7671
0.0234547
2.39544
0.0215806
0.0221191
0.0385972
0.0215871
0.140716
0.0235052
0.0219356
0.0398483
0.0215101
0.0219722
0.022501
0.021776
0.0288548
0.0402129
0.0216476
0.0221124
0.0220459
4.52498
0.0235163
0.0216264
3.86924
0.0569028
0.0216351
0.0219234
0.144689
0.0231861
0.0214481
3.43687
0.22104
0.0231994
0.0214554
0.0222397
0.0355532
0.0215722
0.185971
0.0216256
0.0217129
0.0434225
0.0523519
0.0216184
0.0216334
0.0215394
0.0217507
0.0217619
0.0413736
0.0219732
0.0217733
0.0221113
0.0218545
2.1992
0.0222722
4.66595
0.0272751
0.028888
0.022142
1.42068
0.0219562
1.93889
0.0215696
0.0219629
0.454592
0.0219747
0.0229112
0.0216621
0.0248866
0.0217346
0.0281319
0.0216067
2.08219
0.0222034
0.0216089
0.0215485
0.0215786
0.0962208
0.0217898
2.76513
0.0219223
0.0249419
0.0215042
0.0220187
0.38353
0.0220014
0.10412
0.021822
0.0231472
0.0221686
0.022133
0.0225083
0.0219342
0.0219851
0.252479
0.0215761
0.021951
0.0225931
0.0220577
0.0220547
0.0337281
0.0219908
0.021923
0.0218601
0.021637
0.0217671
0.0219984
10.1505
0.171333
5.63507
0.0214437
0.0241483
0.022126
0.027152
0.109247
0.244115
0.0330791
0.0215787
0.0219804
0.0221166
0.0221439
0.0221147
0.0219173
3.73682
0.050284
0.02193
2.98776
0.022137
5.16077
0.021966
0.0218979
0.0218086
0.0215998
0.0214875
0.0219377
0.0216657
0.0218079
0.0423222
0.0230729
0.0219278
1.56324
0.0215695
0.0230813
0.0219891
0.0216473
0.0219353
0.262567
0.0218012
4.78985
0.0219254
0.0216178
0.0354515
0.0218986
0.0290936
0.083666
0.0217028
1.41988
0.0774875
0.021612
0.0228624
0.0215433
0.214156
0.0216156
0.0290786
0.0234064
0.0217989
0.0217439
0.0218458
0.0219623
0.0227269
0.0217642
0.0226308
4.90778
1.89706
0.0231475
0.0219672
0.236945
0.0344085
2.75797
0.0218056
0.021891
0.0219675
0.0223825
0.0219324
0.0216272
0.0216199
0.0219776
0.0426144
0.0216646
0.0220164
0.0260883
0.0219902
0.029958
0.0220432
1.80842
0.0218753
0.0219286
0.0232247
0.0408433
4.73378
0.0219197
0.0221555
0.0218811
0.0221351
1.84341
0.0225819
0.0219473
1.27687
0.0218698
0.0219984
3.66317
0.02218
0.0218643
0.0214751
0.0219226
0.0218072
0.0220034
0.0354262
0.0217971
1.918
0.0220989
0.0238444
5.49793
0.0219809
0.0216512
0.0220626
0.0214477
0.021622
1.84529
0.0219746
0.0220125
0.0226085
0.0218924
4.99072
0.0218135
0.124022
0.0217324
0.0762703
0.272943
0.0832145
1.94413
0.0276385
0.0351202
0.0301034
0.0218868
0.0219934
0.0234482
0.179563
0.0572054
0.0215396
0.0220093
0.0219746
0.0217616
0.0216074
0.124833
1.30928
0.15891
0.022278
0.0221623
0.0311208
0.0220228
0.0220791
0.0220153
0.0220485
0.0219491
1.43349
0.0233069
0.0225633
0.0215082
0.0626547
0.0216412
0.0220731
0.0217286
0.0215598
0.0219076
0.0220488
0.053217
0.0217907
0.0257594
7.4399
0.0216738
0.0221049
0.0216747
3.76583
0.0215286
0.021781
0.0456829
0.0219844
0.0694783
0.0217756
0.0215641
0.0226304
2.38638
0.0222524
0.022094
0.0216869
0.0217821
3.03783
0.0234413
0.0217509
0.146397
0.021919
0.0217694
1.58143
0.0222936
0.0222941
0.022293
0.0222925
0.0222918
0.0217522
0.0236078
0.0233475
0.0694445
0.0215869
1.63046
4.64218
0.0316355
0.0220557
0.0218094
0.0219123
0.0220767
0.0217825
0.0221339
0.021761
0.162532
0.0219406
0.0217949
0.0217719
7.27382
0.0221212
0.0221347
0.0221442
0.0219601
0.0219031
0.0218081
0.0228082
0.0236126
0.0221818
0.0229942
0.0233092
0.022277
0.0224485
0.0226084
0.0219786
0.0222858
0.0215551
0.021807
0.0217078
0.0226837
0.021796
5.25444
0.0218701
0.021859
0.0219616
0.0214292
0.0234785
0.0219754
0.0220319
0.0219306
4.36722
2.07494
0.0215934
0.0217993
0.147203
0.0347025
4.75106
0.0218391
0.0248335
0.0352581
0.0215559
0.0221958
0.0219644
0.0222083
0.0219293
0.146574
0.0294111
0.0340513
0.021958
1.53023
0.0221246
0.0222034
1.27191
2.11829
0.0217491
0.0218721
0.0222614
0.0229875
0.021922
0.0219982
0.0218608
0.0243202
0.021572
0.138563
0.0217962
2.04155
0.0217955
0.0220147
1.00176
0.0232391
0.0218238
0.0224835
0.0218906
0.022026
0.0297883
0.0221679
0.344984
2.54774
5.66325
0.021771
0.135696
0.0218824
0.0221434
0.0219823
0.0218474
0.0217518
0.0219986
1.85123
0.0218191
0.0219379
0.0216014
0.0218863
0.0218924
0.0215746
0.0228021
0.0219863
0.0217407
0.0219463
0.0220288
2.64034
0.0219356
2.34255
0.0222944
0.0220006
0.0217867
3.71669
1.39663
0.021603
0.0216509
6.08493
0.045583
0.0219394
0.0220281
0.0310953
0.021782
0.0219284
0.0217875
1.87191
0.022091
0.0220547
0.0222839
0.0218946
0.0219552
3.09122
0.0218395
0.0217168
0.0218111
0.0220777
0.0219258
0.0218955
0.0219537
0.0219371
12.4738
0.0221024
0.0220081
0.0216828
0.0312722
0.021719
0.0330739
0.0220392
0.0216841
0.0219554
0.0217871
0.0219368
0.0220433
0.0221214
0.0216336
0.0217962
8.43914
0.0219696
0.0340122
0.0219734
0.0219106
0.0216481
0.0219333
0.0310536
0.0220203
0.0215505
0.0219497
0.0219147
0.0243114
0.632956
0.0217424
0.0214908
0.0220332
0.0220589
0.0219977
0.166302
0.021805
0.0220056
0.0323444
0.0217583
0.0499703
0.0218406
2.88225
0.0219388
0.021786
0.0220896
0.0219939
0.0219535
0.026511
0.021882
0.0220249
0.0219116
0.0219846
0.0221248
0.0217577
0.0218945
0.0216596
6.68298
0.0219766
0.0222321
0.0873777
0.0245174
0.021801
0.021589
0.663102
0.0230323
4.46704
0.0218005
0.0924464
0.022284
0.0245953
0.0215399
0.0220305
0.0219226
0.0217677
0.0219276
0.0219227
0.0219542
4.15463
0.0214263
0.0220404
4.7581
0.0221214
0.0216314
0.0224375
0.0219297
0.0315839
0.0217047
0.031003
0.0218649
0.0221211
0.0221253
0.0221283
0.0218419
0.0219652
0.0251779
2.42089
0.0221817
0.0221304
0.0218488
0.0220067
0.0216284
10.9918
0.0233379
0.0220365
0.0218974
0.0215949
0.0217014
0.0270926
0.0217965
0.021474
0.0220662
0.021974
0.0215164
0.0228515
1.21433
0.0221236
0.0218153
0.0222812
0.0220085
0.0220426
0.0214607
0.0220726
0.0220271
0.0220739
0.0221389
0.0215264
0.0219134
0.022022
0.0219381
0.0221562
7.39745
3.89999
0.0220568
0.0235871
0.0218542
0.0257048
0.123356
0.0216111
0.0217993
0.0288834
0.0228298
0.0341499
0.0220205
0.0219618
0.0219436
0.021987
0.0216016
0.0218996
1.71121
0.0337912
0.0215812
0.0244774
0.022691
0.262068
0.021668
0.0216334
0.021525
0.0217394
0.021912
0.0774666
0.021846
0.103587
0.0471152
0.0244908
0.0219053
0.0220826
0.0218532
0.0219189
0.0224092
0.0218976
0.0219169
0.0298106
0.0220465
0.0218288
0.0221603
0.0220343
0.0219788
0.02201
0.02199
0.0217359
0.0220109
0.0218989
0.0220289
0.0220172
0.0353192
6.91084
0.0356195
0.0217246
2.83071
0.0220439
0.021687
0.0646006
0.0223162
0.021885
0.0219198
0.0219008
0.0219409
0.0216998
0.0220325
0.0225024
0.0219272
0.0219256
0.0218016
8.21614
0.0217827
0.0219025
0.0296713
0.0217707
0.0217613
0.0219857
0.022293
0.0221484
21.7913
0.0218848
0.0424636
0.0219752
0.0481389
0.130511
0.0214616
3.42286
0.0219503
0.0219671
0.0217172
9.19038
2.1905
0.0216131
0.027719
0.0221332
0.0231717
3.50324
0.0244503
0.0219534
0.0216034
1.07484
0.0219731
0.0230056
0.0220138
3.83348
0.0219367
0.0215605
0.0217731
10.6025
0.0218011
0.0219811
0.0220043
0.0217102
0.0220141
0.0220894
0.0219989
2.71826
10.7425
0.0219977
0.0235721
0.0247439
0.0796322
0.0217235
0.195207
8.12394
0.0215705
0.0216527
12.7754
0.0269425
0.0220157
0.0218034
0.0222928
2.76912
3.30103
0.022163
0.0221379
0.0228541
0.0220715
0.0219796
0.0224948
0.022256
0.0220485
0.0219248
0.033266
0.02154
0.0235587
0.0225468
14.6316
0.0215633
0.0220594
0.0219334
0.022594
16.1377
0.0221291
0.0538628
0.0226966
0.0219959
7.39317
0.0220788
3.68544
11.9067
0.0218442
0.0221218
0.0219332
0.0224961
0.0219989
0.0218386
0.027329
0.0214409
0.453284
1.93445
1.32695
0.0220023
0.0256879
0.0219494
0.0215782
0.0219981
0.0221429
1.82576
0.0220842
0.0220799
0.0218184
0.0221383
0.0221818
0.0221637
0.022002
0.0219969
0.0221053
0.0215221
0.108846
0.0226188
0.0733896
0.0221256
0.0219106
0.0219932
0.0220298
0.0217011
0.0220479
0.0226341
0.0248947
0.0216883
1.30434
0.0220975
0.101197
0.021923
0.0219198
0.0761087
0.0293423
0.0219372
0.0219837
0.022032
0.0219422
0.0216134
16.882
0.0444196
0.0219215
0.0215468
0.022115
0.0219979
0.0862301
0.0219943
0.021514
0.0220446
1.32627
7.41212
0.021697
0.0218313
0.0219752
0.0219524
0.0236022
5.57825
0.0317865
0.0680496
0.0216202
0.0451119
0.129517
0.0221009
0.0222376
0.143379
0.0227839
0.0216627
0.165863
0.0239266
0.0231769
0.0217898
0.0490448
0.0220352
0.0219973
0.0613927
0.0219696
0.0239919
0.022013
0.0693112
0.0215195
0.0220224
3.75024
0.0261962
0.0221276
0.0338264
0.0216238
0.0287043
0.0262313
1.92293
4.22598
0.0222757
0.0217183
0.0326025
0.0220258
3.45541
1.38261
0.0220824
0.0220556
2.92863
0.0216477
0.0221577
0.0508851
2.03087
0.0638337
0.0216505
0.02194
0.0219098
0.0218013
0.0217359
0.0220316
0.0419151
0.0220282
0.0215029
0.021897
0.0219601
8.24097
0.0323084
0.0221831
0.023564
0.0215377
0.0223056
0.0306726
0.0220913
0.0372869
0.0218979
6.46513
0.021513
0.0218
0.0372113
0.0221799
0.0220986
0.0221923
0.025171
0.0215489
0.0226289
0.0215678
0.0218854
0.0216915
0.0233824
0.0219907
0.0219126
0.0220657
1.38384
0.0411089
0.0215888
0.0219263
0.0219266
0.0215347
0.059131
0.0645004
0.0218691
0.0220436
0.0218166
6.57325
10.3673
0.0220644
0.0215945
0.0215516
0.0216358
0.0222177
0.0218826
0.0217919
0.0218609
0.0434301
0.0219285
1.30301
0.0220277
0.0218319
0.0220176
0.0657544
0.0217248
0.0396832
0.0218309
0.0219519
0.0219264
0.0332399
0.0220116
2.14986
0.0219886
0.0222926
0.022012
0.0217479
0.030762
0.0226812
0.0218577
0.0215845
0.0220893
0.0220351
1.42298
0.0484959
0.0220735
0.0951791
0.0218884
0.0221406
0.0268862
3.13375
0.0220182
0.0224245
0.0296173
0.0264637
2.57776
0.0216334
0.0218835
0.0629163
0.05154
0.0214327
0.0221146
0.0221746
0.0217874
0.0239552
0.021931
0.0219158
0.026913
0.0215304
0.0466535
0.0218057
0.0218212
0.0219553
0.0218451
0.0216578
0.0220497
0.185623
0.0222521
0.0218471
0.0217566
0.0216896
0.0218162
0.0220414
0.0349861
0.0550292
0.0217318
0.0222215
14.0922
0.057151
0.0702011
5.98254
0.0219228
0.0217559
0.0217444
0.021725
0.0556389
0.0221228
0.097526
3.18137
1.37383
0.0220472
0.0223573
0.0215849
0.022238
0.0219763
0.0273661
0.022263
0.0262283
16.133
0.0218141
1.15504
0.0255757
2.22583
0.0220648
0.0217659
0.0217086
4.04061
0.0218007
0.0222588
2.01701
1.37466
0.0219254
0.0218597
0.0223665
0.021654
0.0217867
0.0609213
0.0217893
0.0218441
0.0272378
0.0220995
0.0218154
0.0216102
0.96962
0.0219338
0.0221299
0.0219594
0.056366
0.0217724
0.0220128
0.0297604
0.0236095
0.021878
0.0635448
0.0376483
0.0240983
0.051329
0.0235045
0.021999
0.021879
0.0217587
0.021709
0.0218517
0.0221585
0.0221109
0.0276069
0.0221854
0.0219848
0.0565534
0.0531648
0.0219317
0.0216002
0.0220201
0.0220229
0.559019
0.0217454
0.0236107
0.0371001
0.329153
0.287756
0.0218618
0.035032
0.0514295
2.43074
0.0218907
0.0219864
0.0226228
0.0218634
0.0222724
0.0219024
0.0415953
0.0214439
3.3281
0.0219188
0.0219802
0.0217453
0.0219445
0.0220361
0.0222654
0.022027
0.0221262
0.0222454
0.0219438
3.10938
0.0217832
0.0219423
0.405068
0.0220208
0.0220123
0.0479601
0.0219977
0.0220701
0.0281119
0.0221458
0.0218364
0.0222716
0.0219513
0.0218265
0.0219202
2.76575
0.0264829
0.0226691
0.0218926
0.0219039
0.0218862
4.06446
4.57817
0.0227843
0.0220025
0.0219327
0.0243815
0.0219607
0.0300852
0.0219419
0.0221955
0.0220421
0.477246
0.0385423
0.0217571
0.0394093
0.0219458
0.0330943
0.0221205
0.0217202
0.0221053
0.0221454
0.0218062
0.0217784
0.0218861
0.0221695
0.177895
0.0237616
0.0218672
0.0284225
0.0243244
0.049141
0.0226482
0.0222525
0.0219737
0.0231205
0.0218879
0.0224196
0.0217116
2.60643
0.328958
0.0226502
0.0357053
0.0215589
0.0219574
0.0219191
0.021705
0.0219145
0.0223737
0.0220947
0.0219944
0.0222035
0.246124
0.0246685
0.0217186
0.0219268
0.106886
0.0220173
0.0218719
0.0450503
4.05786
0.0219754
0.0218561
0.0219468
0.021827
0.0219602
0.168559
0.0218309
0.0217266
0.0220118
0.0220069
0.0221982
0.0221685
0.0216907
0.0261359
0.0219593
0.118383
0.0221777
0.0235074
0.0418592
0.0219908
0.0220936
0.0219271
0.0222941
0.0220899
0.0221364
0.0226457
2.11006
0.0220346
0.0217323
0.0501851
0.0220064
1.05893
0.126548
0.0219708
0.0220223
0.0220933
0.021775
0.0220602
0.0217943
0.0219878
0.0401214
0.0222926
0.0215997
2.21957
0.0222045
0.0220924
0.0222075
0.0217976
0.0652085
0.0293698
0.0220761
0.0219505
0.0216644
0.0220382
0.0219333
0.0221073
0.0291346
0.0290714
0.0219819
0.0221535
0.0214594
0.0219804
0.0217002
0.0219293
0.0219925
3.03471
0.0232971
0.021943
5.48481
0.022148
0.0220902
0.0222931
0.0221079
0.0219812
0.0219368
0.0221234
0.0221644
0.0220232
0.0218399
0.0222849
0.0221411
0.02191
0.0222937
0.0221334
0.0221747
0.0218986
0.0221744
0.0217134
0.0222865
0.0218871
0.022124
0.0221195
5.35965
0.022042
0.0220268
0.0218227
0.0388299
0.0220452
0.0219096
0.0218012
0.0219255
0.0234456
0.022293
0.0221444
0.0217352
0.0222935
0.0221734
0.0221304
0.0227971
0.0222917
0.0222277
0.0219091
0.022293
0.0221048
0.140803
0.0218682
4.28496
0.0222071
0.0220578
0.0305526
5.74289
0.0229633
0.0219448
0.0220409
0.0215916
0.0221137
0.022028
0.0217181
0.0267991
0.0217849
0.0219801
0.0220989
0.0444926
0.0239682
0.02181
1.42641
0.0529928
0.021898
0.0218362
0.0220568
0.0233103
0.0219086
0.0237982
0.0246866
0.0217739
0.0215372
0.0221352
0.0220246
0.0220866
0.0220758
0.0221867
0.0222497
2.47628
0.0219919
0.0220437
0.0221183
0.0217051
0.0468179
0.021803
0.0221568
0.0221748
0.0221285
0.0220648
4.52694
0.0392818
0.0218607
0.0218067
1.4462
0.021756
0.0221233
4.83736
0.20018
6.41358
0.0221733
0.0221683
0.0435169
0.0226869
0.0219863
0.0218389
0.0217341
0.0219517
0.0218123
0.021997
0.0346977
0.0221058
0.0221275
0.0218558
0.0215295
0.0219957
0.0217201
0.0218775
0.0221419
0.0215843
10.0937
0.0221786
0.0220188
0.0355982
0.0220384
0.0218531
0.0220622
0.211018
0.0218009
4.11552
0.0219788
0.021827
0.0234627
3.66851
0.0220455
0.0220332
1.54452
0.0221982
0.0231241
0.0220408
0.0219123
0.033947
0.021677
0.0300682
7.14562
0.0219366
2.42122
0.0222419
6.034
0.941839
0.107058
0.0222428
0.0218958
0.0214091
0.0221277
0.0218418
1.50997
1.98191
0.0216894
0.0221751
0.0723419
0.0218926
0.0222358
0.971322
0.0218899
0.0222756
0.0219569
0.0424571
0.0911594
0.0218479
0.0232295
0.0221269
0.0219919
0.0217696
0.0908108
1.80737
0.0238898
0.0259271
0.0219546
2.92739
6.39039
0.022058
0.0219202
0.0221994
0.0217085
0.022023
0.0220321
0.0221967
0.0227682
0.0214237
0.0324445
3.11224
2.10889
0.0221426
0.0221821
3.54554
0.0221614
0.0224489
5.20298
0.0221556
3.46706
0.0260038
0.022181
0.0219466
0.0288445
0.021758
0.176343
0.0221992
5.42035
4.43216
0.0220047
0.0222002
0.0221212
4.0201
2.78645
0.021507
4.54821
0.0219692
0.0222301
0.0218004
0.0217431
2.40445
0.0270068
0.0218372
0.0221606
0.0246517
0.0218104
0.0220101
0.022223
0.0221411
0.0218577
0.0216878
0.0753814
0.0222254
0.0214888
0.0636914
0.0221785
0.0222029
0.0221383
0.0221266
0.0214579
1.35911
0.0226617
0.0269013
0.168886
0.0221905
0.0220913
0.0215868
0.0221716
0.0221899
0.0542261
0.0268901
0.0216866
0.0217296
0.0222028
0.0217404
0.0222288
0.0269434
0.0219758
0.0222081
0.0221171
0.0222072
1.39879
7.45821
0.0216359
0.0230243
0.0218711
0.0215803
0.0779378
0.031198
0.0221521
0.0221865
0.021742
0.0219626
0.0220707
0.0219535
0.0214556
0.0241832
0.0222434
0.0222153
0.0222085
0.0221617
0.0219931
0.0216861
0.0221521
0.0217834
0.0220353
0.0216676
0.022151
0.0222193
0.0552218
0.021535
0.0221151
0.021793
0.0221538
0.0222124
0.0221427
0.0229929
1.215
6.50573
0.0221379
0.0227294
0.0220474
0.0218432
0.0222453
0.0216746
0.0217018
0.021943
0.0219851
0.0239105
0.0222459
0.0221992
0.0219152
0.0219315
1.44711
0.0222324
0.0219554
0.021641
0.0218427
0.0218003
0.0215546
0.0265219
1.98239
0.0220993
4.3032
0.0220806
0.022636
0.0221108
0.0217502
0.0498151
0.022189
0.0220582
0.0219299
0.0251538
0.0216628
0.0220195
0.0221842
0.0218988
0.0216937
0.110707
0.0220527
0.0217286
0.0219557
0.0217608
0.021822
0.12231
0.0218857
0.0241341
0.0221079
0.022081
0.179642
0.0228457
0.0215998
0.0219388
0.0217707
0.0217943
0.022172
0.022118
0.0216754
0.0248364
1.28794
0.0221932
0.0218329
0.0215564
0.0218827
0.0222269
0.0221353
0.0220731
0.0222131
0.0852083
0.0214861
0.0218973
0.0214706
0.0399935
0.0222192
0.0221787
0.0218925
0.0221081
0.0222727
0.0216234
0.0216691
0.0218666
0.0216062
0.021874
0.0220271
0.0216272
0.0215887
0.0221649
0.0222272
8.38591
4.06877
0.0220649
3.32217
0.0220318
1.6541
0.0222849
0.0219764
0.0498393
0.0220347
0.0219126
4.33558
0.0218114
0.0217836
0.178118
0.0217739
17.3537
0.0226856
0.0221315
0.0221857
0.0217947
0.0217208
0.0226262
0.0218083
0.0221568
0.0218519
0.0221552
0.0221361
0.0218036
0.0217811
0.0225456
0.0223789
0.0221579
0.0219071
4.37598
0.0220123
0.0464307
0.0221505
0.0224478
0.021567
0.0217675
0.049081
0.0221069
0.199757
0.0217427
0.0221292
0.0219346
0.021784
0.0219975
0.0221951
0.0293183
2.11753
0.0219455
0.0928241
0.0220694
0.021552
0.0220576
1.50665
0.0219164
0.0217541
0.0225505
0.0219369
0.0653881
0.0314027
0.0220579
0.0219586
0.021873
0.0219552
0.0218157
0.0219326
0.0221649
0.0218634
0.0256477
0.0220581
0.0219645
0.0220137
0.0220839
0.0221504
0.0220879
0.0221312
0.0219525
0.021919
0.0218392
0.021953
0.0221301
0.0219709
0.204648
0.0219909
12.1052
0.0217274
0.302971
0.0219866
0.0218574
1.56305
3.68719
0.0218758
0.0217447
1.45302
0.0219096
0.0220583
0.0470522
0.0256769
0.0220869
0.0251588
3.9367
0.0220172
0.0328147
0.0222001
0.0220019
0.0221724
0.0220893
0.0220328
0.0222717
0.0222424
0.0220001
4.06377
0.0215121
0.0226369
0.0220732
0.0377765
0.0218674
0.0222118
4.84933
1.44662
0.0221369
0.0222071
0.0244452
0.0215301
0.0216961
0.0219318
0.0220595
0.0274112
0.021922
0.0215088
0.0221159
1.77624
0.0220949
0.0220415
0.0306172
0.0220773
0.0222227
2.87321
5.32713
0.0214952
0.0221876
0.0218944
0.139542
0.0221495
0.0215042
0.0216831
0.0218019
0.0220229
0.0220833
0.0220486
0.0222856
0.0218624
0.0218869
0.0215935
0.0215109
0.0218894
0.0220703
0.0214685
0.0283886
0.0217402
0.0222847
0.0220232
4.64867
0.0216983
0.021817
0.0217934
0.0220812
0.022024
0.0217991
0.0220922
0.0221995
0.0220598
0.0221435
0.0216814
0.0220528
0.0221319
0.0222178
0.0216308
0.0221846
0.021472
0.0217132
0.021809
0.0219316
0.0221595
0.0221633
0.0221028
0.0218792
0.0219694
2.32798
0.0219309
0.0219645
0.0220014
0.0221255
0.0218818
0.0277979
0.0262118
0.033643
1.45925
0.066722
0.0219817
0.0215112
0.0217187
0.0221763
0.0221959
0.0228072
0.0216995
0.0220893
1.27354
0.0220593
6.77218
0.0215341
2.62634
0.0220744
0.0223812
0.0216861
0.0216253
0.0221819
0.0215747
0.0219602
0.0219741
0.0217915
0.028664
0.29834
0.0221477
0.0219487
0.0217272
0.0221814
0.0381495
0.022021
0.0219406
0.0221668
0.0219845
0.127183
0.0214549
0.0221844
0.0220314
0.0220407
0.0221664
0.0221873
0.0220606
0.0217694
2.63987
0.0220954
0.859006
0.0300244
0.0219366
0.0218801
0.0218942
0.0219868
0.0237953
0.0222184
0.0222456
0.0444879
0.0220105
0.0221682
0.0218912
0.0442437
0.131797
0.0222249
0.0220017
0.021685
0.0218689
0.0219829
0.0221809
0.0272242
0.0220686
0.0239086
0.0351652
1.64735
0.0219633
0.0219424
0.0219515
0.0317436
0.0391641
0.0221605
3.37888
3.3576
0.0219579
5.43876
0.0219344
2.82115
0.0218934
0.0219445
0.02206
0.0217225
0.0220574
0.022168
0.0219464
0.0221529
0.0222026
0.0237485
0.021948
0.0221104
0.021443
1.32964
0.0215989
0.021848
0.0268589
0.0330865
0.0216891
0.0224948
0.0220365
0.0218016
0.0221498
0.0216448
1.67116
0.0220494
4.16508
0.0219754
0.0221326
0.0224442
0.0219082
0.0216514
0.0226215
0.0219317
0.0219505
0.0215964
0.0217527
0.0220286
0.0220484
0.0235331
0.0222046
0.0239163
0.0220167
0.0221158
0.0220043
0.0220959
0.0298683
2.22019
0.0220044
0.0215236
0.0219659
0.0221388
0.02184
0.021859
4.12374
0.0217968
0.0220097
0.0262443
0.0826619
0.128951
0.0219381
0.0215366
1.95088
0.0220443
0.021556
0.034688
1.84283
0.0218469
0.0219227
0.0219531
0.0217973
0.022004
4.67031
0.0485187
1.94112
0.0217375
0.0252176
0.0221448
0.0218574
0.0215852
0.0214657
0.0217027
0.021865
1.35385
0.0220109
0.146419
0.0218533
0.0217024
0.0220032
0.0219516
0.021817
0.0222673
0.0217084
4.0215
0.0222059
4.49052
0.0221185
0.0218686
0.0219749
0.0348385
0.0216944
0.0218525
0.0217213
0.0215629
0.0420938
0.0235522
1.61395
0.0219042
0.0218967
0.0214107
3.91824
1.83881
0.0218844
0.0218476
0.0223469
4.69441
0.0218636
0.0217157
0.0222239
0.0216941
0.349272
0.0217784
0.0218264
1.78076
0.0219342
0.0219963
0.0219489
2.9173
0.0371665
0.0218225
0.0216878
0.021893
0.021958
2.39044
0.0218478
0.0221175
0.0218129
0.0219905
0.0275694
0.0218399
0.0219677
0.0217431
0.0218253
0.022205
0.0239836
0.033153
0.0219638
0.0219057
0.0220966
0.0221388
0.0219395
0.0220631
0.0219716
0.0222259
0.0218495
0.0219056
0.0244054
0.0224586
0.021944
0.0225025
0.0221072
0.02215
10.3567
0.0220765
0.0225564
8.44451
0.0219859
0.0221568
0.0219994
0.506569
0.021571
0.0234475
0.0398309
0.0216719
0.0222537
0.0221879
0.209317
0.0220576
0.0219468
0.0219334
0.0221104
0.0220081
0.0802626
0.0264511
0.024362
0.021874
0.0217361
0.0221925
0.0218506
0.0219994
0.0216295
0.0225878
0.46963
0.021916
0.022113
0.712096
2.03036
0.0219592
0.0219774
0.0221022
0.0614152
0.0961954
0.0219087
0.0219231
5.8423
0.0219417
0.0219465
0.0220934
0.0217647
0.0220861
0.0222279
1.37021
0.0221608
0.0221055
0.0219215
0.021839
0.0221282
1.88994
0.0218923
0.0219055
0.0218997
0.0369643
0.0221975
0.0218622
0.0219712
2.32924
0.0216538
0.0221438
0.0218227
0.0222055
0.0217398
0.0235247
0.021964
0.021861
0.0219079
0.0660685
0.0221485
0.0222076
0.0221439
0.022063
0.0222269
0.0220671
2.09553
0.0220496
0.0616612
0.0222342
0.0217378
0.0222135
0.0222047
0.0216372
0.0217183
0.0216759
0.0218192
0.973977
0.0283697
0.0218351
0.0484885
0.02147
0.164037
0.0221362
0.0217297
0.0216935
1.45105
0.0217323
0.0218345
0.0215395
0.0218355
0.0267008
0.0220639
0.021877
0.0217372
0.0215868
0.0220164
0.0217209
0.0214885
3.95628
0.103945
0.0218212
0.0220639
0.0220621
0.0218286
0.0268356
0.0216188
0.0220743
0.0218354
0.0219457
0.0222464
0.0219125
0.0216769
0.0266289
0.0302648
0.0221673
0.0218239
0.0218
0.021603
0.0227394
0.0219393
0.0221128
0.0219653
1.07659
0.0219718
0.022113
0.0217673
0.0219291
0.0230643
0.0217909
0.0217729
0.0218751
0.021692
0.0214578
0.0306969
0.0218275
0.0219633
0.0215998
0.0220055
0.0217134
0.0220564
0.0792216
0.0221863
0.0215812
0.0226099
0.0219422
0.0219143
8.06434
0.021775
0.0218394
0.0216912
1.08579
0.0217497
0.0219343
0.0392986
0.0376854
0.0214731
0.0222461
0.0222188
0.0217638
0.0219631
0.0219358
0.0218563
0.0390626
0.0226087
0.0221078
0.0221203
0.0219883
0.0221704
0.0218381
0.0217266
0.02414
2.47374
0.0219564
0.0219431
0.0219511
0.0216851
10.9687
0.0219022
0.0219472
0.0219868
0.0220957
0.0225149
0.0215202
0.0218408
0.0220092
0.0224792
0.021961
0.021939
0.0418371
0.0262815
0.02208
0.0978292
0.021826
0.0217592
5.01572
0.0218643
0.0220373
0.021928
0.0221991
0.0219586
0.0217601
0.0222069
0.0217987
0.0218127
25.9787
27.9072
26.1219
2.55847
0.0216468
0.0218974
0.0217576
0.021913
0.0230741
0.0217802
0.0217255
0.0221445
0.0220747
0.0220647
0.0215313
0.113723
0.0221283
24.599
0.0221492
0.0221119
0.0221801
0.0729707
0.0217657
0.0218406
0.0221282
0.0217597
0.0218825
26.7997
0.0218082
11.2905
0.227289
0.0219179
9.43122
0.0218427
0.0632871
0.0217536
0.0221799
0.0639912
0.0244788
0.0220639
0.0221441
0.0218738
0.0220626
0.0219068
0.0218546
0.0217582
16.2007
32.6182
23.8518
19.2348
21.5208
23.1882
18.1066
14.2828
22.6588
11.0953
29.3566
26.2878
13.0135
33.1788
22.3213
22.6136
12.5935
26.4893
7.70629
22.6894
0.0221572
0.0217787
0.0215469
0.0678876
0.0217555
0.0216894
0.0218867
0.0222398
0.0222262
0.0219125
0.0220267
0.0218348
0.0218357
0.0218657
0.737516
0.0220054
0.0659496
0.0219123
0.0221388
0.0216764
0.0218915
0.0218424
0.0220262
0.0214433
0.0218511
0.0219141
0.0219263
0.0219407
0.0221818
0.021868
8.36767
8.72455
8.58572
7.50184
7.4724
0.0219349
0.0222189
0.0747267
0.0221797
0.0218319
0.021903
0.0217833
0.0221234
0.0218857
0.0643496
0.0220789
0.0218422
0.0218294
0.0219496
7.30683
0.021831
0.0219323
0.0218974
0.021551
1.75414
0.0218917
1.6771
0.0443654
6.50647
0.0263548
0.0425609
5.3142
0.0220111
0.021731
6.62414
0.175683
1.57729
1.66582
0.0356351
0.0214916
0.0232206
0.0216065
0.0218508
0.0215214
0.0217313
0.0217941
0.0221991
0.0222168
0.0591555
0.0269344
0.0218799
0.0217238
0.0220769
0.0222397
0.0230638
0.0219222
0.0218273
0.0260968
0.0217033
0.0218825
0.021735
0.0218829
1.87476
0.0217679
0.0222391
0.0221795
0.0220886
0.0216398
0.0220433
0.0221613
0.0216919
0.022199
0.0219108
0.0216807
0.0219389
3.22978
0.0215047
0.0219624
0.0216068
0.0548289
0.0219354
0.0219519
0.0222112
0.0218542
2.26355
0.134162
2.53382
0.0216322
0.0218401
0.0218597
0.0219301
0.0221306
0.022138
0.0219692
0.0218407
0.0219002
0.0218456
0.0219059
0.0258436
0.0812036
0.0216784
0.0219505
0.0219384
1.34459
0.0218367
4.27969
0.022646
0.0218446
0.0218323
8.38629
0.0216664
0.021933
0.0220972
0.0220138
0.0214386
5.54346
0.0215439
0.022378
0.0531886
0.0220692
0.0219671
0.0302861
0.041184
0.0216669
0.0218307
0.0226169
0.0218947
0.0216952
0.0511833
0.0220987
0.0218571
0.0224777
0.0216064
0.581342
0.0226661
0.0219732
0.0222356
0.0219306
0.021992
3.23159
4.62456
0.0218574
0.0219503
0.0220927
3.73527
0.0216697
0.0360769
0.0216478
0.0220316
0.0216206
0.0218306
0.0219616
0.0219549
0.0216708
0.0216027
0.0216758
0.022218
0.027863
0.0220735
0.0217063
0.0215344
0.0217129
0.0223933
0.0246261
0.0218273
0.0218001
1.59175
0.0218268
0.0214251
0.0216874
0.0347415
0.021777
0.021486
0.0214063
0.0478895
0.022047
0.0217724
0.0220651
0.0216736
2.06484
6.0039
0.0243463
0.0214073
0.0222296
0.0217678
0.022084
0.0219714
0.0219491
0.021502
0.0218645
0.0222937
0.0227237
0.0216841
0.0266689
0.0476118
0.0220421
6.45679
0.0220096
0.0222638
0.0217769
0.0221313
0.0216569
0.0217306
5.60099
0.0228114
0.0215368
0.0217368
3.50927
0.0221428
0.0221819
0.0530559
11.3541
0.021941
0.0214889
0.0292217
0.158646
0.0217137
0.0219623
0.0450468
0.0216288
0.0220035
0.0221613
0.0215377
0.0221691
0.0216745
0.0217623
0.0220089
0.0215475
0.112277
0.0224963
0.0338493
0.0415386
0.0221726
0.0220644
0.188943
0.0214538
0.0221012
0.0216828
0.0221797
0.0214898
0.0218897
0.0259417
0.0220501
0.0221746
0.0220096
0.0219564
7.03797
0.0219523
0.021891
0.021966
0.248273
0.0217236
0.022114
0.0222597
0.0219248
0.0465298
28.5279
29.3372
0.0219217
0.0220361
0.0221942
0.0222483
0.0218019
0.0597913
0.0218844
3.54473
1.90187
0.0424567
0.021535
12.8221
0.0220792
0.0222602
0.0215387
0.022166
0.0217643
20.8516
0.0222347
0.0398356
0.0441409
0.0214867
1.99367
0.0217298
3.03825
0.0215698
0.0217426
0.0217616
2.35568
0.0295645
0.0220901
26.6715
0.0278125
0.0220081
0.0216934
0.0220558
0.023564
0.0217171
0.0220737
0.0219571
0.0220964
0.0218445
0.0218995
0.0217787
0.0215017
0.0222388
25.9698
25.6806
0.0219265
0.0222165
0.0226261
0.0221876
0.0232208
0.0217357
0.021891
0.0219333
0.0218406
0.022125
0.0215061
0.118966
4.52313
0.0218277
0.021573
0.022008
0.0215056
7.84007
13.5643
0.0216812
0.0241248
0.0222557
0.0218851
0.829523
0.0218891
0.0217289
0.0220898
0.0235521
0.0221245
0.0216734
0.0215475
0.0219311
6.539
0.0219148
0.0257117
1.27623
0.0290891
0.021972
0.0217551
0.0218867
3.83888
0.0221637
2.02459
0.143756
0.0236491
0.0221082
0.0218761
0.0311189
0.0221383
0.0216403
0.0324663
0.0221873
0.0233639
0.0220457
0.12438
0.0219183
21.6105
23.4111
0.0220898
0.0218282
0.0322875
0.0222804
0.0218581
0.0220136
0.0221066
0.0218983
0.021976
0.021656
2.30612
0.0218433
0.0215905
0.0230175
0.0219481
0.030052
0.0216895
0.0218882
0.0215389
0.0219376
0.0220733
0.0218503
0.0218545
0.0219063
0.0218659
0.022027
0.021987
0.164802
0.0215397
0.0226263
0.0221287
16.8621
0.0354653
0.021734
0.0253121
0.0219001
0.0402067
1.45471
0.0229572
0.0219388
0.0868491
0.0218444
0.0221618
0.0229953
0.0218844
0.0966913
0.0219284
0.0228786
0.0220101
0.0218545
0.0220897
0.0216734
0.0216828
0.021495
0.0217011
8.69668
9.91188
0.0300679
0.0216961
0.0221795
0.0511937
0.0216414
0.0220041
0.0218763
0.111922
4.87321
0.0221978
27.0208
0.167077
0.0219307
0.0218876
0.0214883
0.0717825
0.0218408
0.0218356
0.0220956
26.9882
0.0558293
0.0219055
0.0221459
0.021783
0.0217777
0.044379
0.0218361
0.0217472
0.0231999
0.0214986
0.0220459
0.0252096
0.0222569
1.16568
1.95372
0.152686
0.0220539
0.0219515
0.0218244
0.021724
0.0218694
0.101449
0.0218216
19.7709
0.0269928
0.0220029
0.0218148
1.92265
0.0218515
24.3351
0.0711706
0.0233392
9.4852
0.0215673
0.0221375
0.0220589
0.0219059
0.0221938
0.0400658
0.0248883
0.0676074
26.2203
26.4133
0.0221057
0.022122
0.0331747
0.0244566
0.0219158
0.0220226
0.022818
0.0217575
0.021936
0.120323
0.0219975
0.0220743
10.8652
5.51729
0.0219525
0.0251478
0.139985
0.022374
3.18557
0.0228973
0.0461567
0.0219216
12.4769
0.0218187
2.51067
1.88184
0.0215386
3.72546
1.42386
0.159045
0.0222081
0.0215719
0.0337161
0.136942
34.4107
0.0218476
28.5207
0.022101
0.0221876
0.130683
1.22467
0.0219427
23.7819
4.42186
0.0215829
23.288
0.0218403
3.167
0.0219308
0.0223189
16.3669
0.022012
0.0218867
12.1115
3.60379
0.0218909
0.0247559
0.0220159
12.0271
0.0320489
0.0218525
0.0219141
0.0215384
0.0217244
0.0214402
0.0216768
25.7127
0.0215185
1.30484
0.022074
0.0218196
0.021849
0.02206
0.0218635
0.0221553
0.0220453
0.0228008
0.0795024
0.148361
0.0262981
0.0216181
6.30954
7.17084
0.0218921
0.0221225
0.0268812
12.8724
0.0222285
0.0295898
0.351324
3.98771
0.037882
0.0351384
0.0221744
2.26073
3.87147
1.02583
0.0258089
0.0887182
0.0221236
2.68935
0.0221856
0.0219557
0.0345108
0.0348625
0.0214891
0.021888
0.0218973
0.022031
3.76624
0.022092
0.0219466
0.162767
0.0216505
1.53353
0.0218784
0.0258594
0.0217513
0.0349463
0.0221802
0.0221319
0.0221034
0.0260967
0.0218256
0.0219091
14.9543
0.0220562
3.03043
0.0218828
0.0219393
0.0220052
0.0217444
0.0354219
0.021882
0.0219715
0.0221899
0.0218609
0.121937
0.021955
14.5627
0.0281816
0.0218853
0.0217778
0.0218586
0.0220174
0.0219273
1.96862
0.0270889
0.0224658
0.244034
0.0224889
0.0220842
0.0220317
27.0719
7.00909
0.0432102
0.716946
2.17248
0.0247277
0.253312
0.022139
0.0218752
0.0222093
0.0620812
0.0219477
0.0217277
0.0907658
0.0261714
2.69018
0.0221562
0.0652611
0.0222099
0.0217619
17.3989
1.28327
0.449861
0.0219545
0.0218539
0.021986
0.0216605
0.035828
0.0248284
15.8168
0.0218636
0.022493
0.0215252
0.0222473
0.0215463
0.0217172
3.44228
0.0219825
0.0223757
0.0220895
0.0325676
0.0219092
0.0463308
0.284169
1.61579
0.0218636
0.151703
0.0269868
0.0223363
0.0264509
0.0219382
0.0219833
0.0259608
0.022173
22.2509
0.0219265
0.0253522
0.186809
0.0220918
0.109537
0.0217531
0.157321
0.0224819
0.0218498
2.42907
0.0982963
0.0221098
0.0215688
0.0298789
0.0218511
0.0387647
0.0330497
0.0397234
0.0226666
0.0218363
0.0218808
0.0217145
16.6901
0.0221912
0.0214216
0.0219278
0.0426818
0.0294419
0.0217658
0.0222786
0.0223626
0.0217792
0.0220959
0.0220139
0.022013
10.7796
7.05304
0.0237283
0.022285
0.0222837
0.105475
0.0217752
0.0221775
0.0862622
0.0221886
0.0230777
0.0216893
0.0220433
0.0217887
0.0215632
0.0219939
1.69055
0.0796826
4.70279
0.0379144
0.0220077
5.88586
0.022028
0.0218216
0.0219216
0.0660901
2.37298
0.0217698
0.0333967
0.0221869
0.0242508
1.32555
0.0217863
0.0221962
0.0223516
1.67599
27.9077
0.0245614
0.0465172
5.01344
0.02169
0.0219459
0.0218735
0.0217366
0.0217262
0.0217285
1.74942
3.11735
2.67565
0.0219641
0.0217398
0.0235278
0.0229053
0.0224894
8.02042
7.76055
1.89795
0.0215302
0.0217127
0.0277335
0.0217921
0.0219795
0.0227276
0.023168
3.04016
0.0221431
0.021776
0.0219048
1.6412
0.798448
0.0216027
1.56131
1.27997
6.02846
0.0219281
4.16295
0.0477359
0.0222744
0.0217639
14.5536
0.0290395
1.4298
0.0218379
1.49104
0.0217627
0.021822
0.0238674
0.0220103
8.39222
0.089808
0.0237602
0.0243138
0.0220789
3.21482
3.93703
2.14117
0.475855
0.0217112
0.0507544
0.0229915
2.32966
1.26166
0.0218485
3.48506
0.021726
1.67101
0.0222033
0.0247809
0.0217049
2.76481
29.0764
0.0795706
1.79244
0.021777
0.0217294
0.0222866
0.0214629
0.0219495
0.0223277
0.0218805
22.7767
0.0277593
0.0221712
27.5343
0.0219955
0.0221051
0.0217927
1.70152
0.0232939
0.0217598
0.0217334
2.99354
0.0231803
0.0854913
20.3029
0.103548
0.0216991
0.0224766
1.41904
0.0295181
33.4814
0.0265453
0.0284545
0.0215215
24.0536
0.0389286
0.0450913
0.0221232
0.022274
0.0220856
0.0232238
0.0224674
0.0351205
0.0851824
0.0215729
0.0215166
0.0215042
0.0217223
0.0217032
17.3362
2.11889
0.116407
2.58199
0.132541
1.34455
0.0220737
0.0221901
0.0216198
0.0216973
0.0221947
0.0258765
0.0219078
0.0233103
0.0215229
0.0222937
0.234368
0.0371279
0.0221169
0.0215517
0.0230356
0.0221385
0.0223034
0.122104
0.025265
0.0220554
0.0216357
1.65087
0.0220919
0.0235234
17.1535
0.0216229
0.0218091
0.0706814
0.021965
0.0222043
0.0224458
26.3492
0.0216848
0.0223206
0.0227499
0.0228866
0.023134
0.0229579
0.0217913
0.0276483
0.349458
0.0221928
0.022432
0.0312232
0.0402059
0.0217732
0.0222939
0.0217418
0.0221752
0.914267
0.0214933
16.458
0.0215184
0.0226841
0.111143
0.0766568
0.0268137
0.0291592
1.03024
0.0218414
3.89499
0.0220841
0.0907566
0.022392
0.0276974
0.0219031
0.0224149
0.0224597
2.01489
0.126247
0.0225644
0.272315
0.0222423
0.0226427
0.0220499
0.264381
2.77468
0.0279081
0.0959744
0.714364
0.0239337
0.0220966
0.234724
0.0225939
0.0222244
0.0363989
17.0799
0.306012
0.028835
0.0222092
0.0790089
1.58195
0.440376
0.0222329
0.0222936
0.0350866
0.0228882
0.0215215
0.369235
25.4258
0.0268114
0.13531
0.0265107
0.0220378
0.0217145
0.0218282
0.0251167
0.0219289
0.0220776
0.0662582
0.0214762
0.0218446
0.0226774
0.0221913
0.0221427
0.0218528
0.0222012
0.114895
0.0220606
7.43139
0.0226546
0.0218712
5.31326
0.0279881
0.0226727
0.632761
0.0215334
0.0219569
0.0235572
0.030575
0.0582828
0.0220096
0.0219983
0.0234132
0.021897
0.0221497
0.0411399
0.077894
0.0228768
0.225235
0.02216
0.0221905
0.0214696
0.0233583
0.0662545
5.09331
0.207017
0.0219183
0.0286802
0.0286055
0.0717174
0.027278
0.0260211
0.0247402
9.71787
0.0326829
0.0219005
0.0251234
0.0260694
0.0220427
0.0218818
0.0250405
0.0520098
0.117552
2.83278
0.0216659
22.6433
23.0722
0.0231718
0.0224709
0.0217471
0.022428
4.04039
0.0229608
0.0250503
16.2404
0.0809095
0.0214719
14.5535
8.79452
0.0228183
0.0223591
0.0233025
0.0242999
5.36075
0.0564826
0.0237292
1.51715
2.33722
2.97119
0.0588812
0.0286583
1.05056
17.213
0.0301904
2.29774
0.0220333
15.2779
16.5885
0.0223751
0.0220034
0.022021
0.0217195
0.0504045
0.0222111
0.924095
1.9617
0.0226244
0.194656
0.093293
0.023105
0.0235311
0.0218067
0.0332003
0.148901
0.0244942
0.0222727
3.37321
0.023551
0.0219876
0.0220793
0.0215561
0.0220616
0.0304866
0.0239654
1.72266
0.0221618
0.0232128
0.0219387
0.045377
11.2468
0.0217611
0.0253955
0.0217484
1.88262
0.0218371
0.0214557
0.0349691
0.0219137
8.7986
0.0221591
0.0219338
0.0222436
0.021931
0.0215157
2.95745
0.037598
0.0489637
0.0638584
0.0219916
19.7214
0.0221558
0.0229988
1.40858
1.06743
6.25831
0.0298633
0.0227401
4.03066
0.0241753
16.2208
16.7618
0.0247011
0.0220576
1.55383
0.022347
0.0222187
3.14719
0.116187
0.0256725
0.1777
1.51282
0.024062
0.0218911
0.022046
2.25084
6.87763
0.0367156
2.6264
0.0652834
0.172226
0.025332
0.0220105
0.0245269
3.64696
0.0275215
0.0242826
3.7336
12.9283
0.0217182
0.117148
8.64654
0.0281978
2.26261
0.0250771
0.0215075
0.0297975
0.0218964
0.0479953
0.0219573
0.147774
0.0215025
0.0219671
0.0214382
0.0220506
0.0220028
17.1399
0.022133
0.0944748
0.0224243
0.0219215
0.0216447
0.0218763
0.0528961
0.0225722
7.09201
16.8826
0.0238991
0.0255028
0.0223118
0.0270818
0.0230836
0.0219979
0.0239375
0.0222288
0.0216615
0.0219383
0.0217197
0.0216995
0.36488
0.0224953
0.0218808
0.0220891
0.0220237
11.5868
14.7482
0.0472013
0.0234904
0.0229256
0.236091
0.0219292
0.0222854
0.022271
0.0333499
0.0217667
0.0218322
0.0266302
0.0293184
1.44789
15.1388
0.0218833
0.0219359
0.0216878
0.0232235
0.0217129
0.0217521
0.0214924
0.0230882
2.07806
16.0698
0.0246197
0.0221465
0.0277027
0.0219525
0.0223445
0.0290911
1.70851
24.6796
0.0220349
2.06128
0.0253427
0.0217765
0.0222478
0.0252011
0.0220191
0.0232213
0.924917
0.0218761
0.0218156
0.0215485
0.0232397
5.11043
0.0220918
0.0301312
1.82537
4.23571
0.0248133
10.3135
0.0265703
0.0307323
0.0220467
3.5023
0.0221018
1.73813
0.0218898
0.0221109
0.0364713
0.0307135
0.0223187
3.44691
0.0221444
0.0221718
0.0218119
0.022163
0.0217424
0.0238812
0.0252071
0.0225928
0.0303379
15.0066
0.0235373
0.939532
0.0222006
0.0265301
13.3222
0.0265838
0.0228125
10.6688
0.0218292
0.0221556
0.0220734
0.0226468
0.0326131
0.0222685
6.44281
0.0245409
0.0218553
0.0283689
3.52742
0.0221679
0.0223698
0.0223756
2.44343
1.55594
3.52702
0.245713
3.23558
0.0268547
0.110632
0.0259686
0.0277835
0.0217063
0.0222176
0.0239649
0.0222054
0.0222177
0.0216541
4.86066
0.0240836
0.0219054
0.118162
0.0223862
2.12923
0.0662009
0.0229215
0.0218937
0.0223395
0.0234724
0.0225005
0.0253682
0.0243585
0.0219132
0.0219388
0.021776
0.0236439
0.0503783
4.6664
0.0279045
5.2474
5.2823
2.9364
13.221
0.0226963
1.6178
0.0676045
1.39828
0.0336361
0.0237382
0.0223365
0.0219945
32.6408
0.0264242
2.52001
0.0291139
0.0226855
0.0243256
0.0286028
0.0221778
0.022382
5.4092
0.0217165
0.0252012
22.6137
0.0228582
0.021955
0.0292177
0.0217016
0.0218733
0.0330007
0.0225368
1.89625
0.0222391
0.117233
0.0225496
1.51993
0.0234457
0.0224237
3.8772
0.0229827
0.203798
0.0216576
0.0225226
3.66494
22.2778
0.0215181
2.67905
1.32747
1.78199
0.123637
0.0258102
0.0218376
0.0260078
5.91966
7.91008
0.0228894
0.0221416
31.7186
0.0219144
0.0650809
0.0227349
0.0221219
0.0772651
0.0672102
0.0220107
0.0218814
0.0227615
0.0215531
0.021682
0.0465964
0.0260018
0.0314595
0.0429531
0.0268619
2.37394
0.0353128
0.0303166
6.82552
0.0289099
0.0221135
0.149183
0.0280224
0.0242043
2.47358
0.0216731
0.0604897
0.0227737
0.0217066
0.0223286
0.127248
0.0218109
7.78085
8.63683
1.44732
0.0217858
0.0214962
0.0294285
0.0220418
0.0768552
23.1311
23.3727
0.0228866
0.021895
0.0259816
0.031078
0.0277781
4.11891
0.0278132
0.026502
0.0425303
0.0222019
0.0292779
0.0255079
1.70545
0.0279454
0.0216499
1.49545
1.34206
0.0219317
0.0221992
16.608
0.0315563
1.64337
18.198
0.0230622
0.0245859
0.0239309
0.0234366
0.0219836
0.0227311
0.0268666
0.0230172
0.0460657
9.72523
0.0220879
0.0219291
0.182218
1.5801
0.0221976
0.0222358
0.0218763
0.029223
0.132785
0.0218788
0.0220549
1.73487
0.0233278
0.0222242
0.0219268
1.78881
0.0216469
1.33463
18.1981
0.0217889
0.0918676
0.0331261
1.69517
0.0233155
0.0896532
5.75364
6.88158
0.0317701
0.0248499
0.0222787
0.0331433
0.0495408
36.0821
0.0217874
0.0214968
0.0219742
1.51865
0.0278695
1.76291
0.0219877
0.0697132
0.0354198
0.0309999
0.0221055
0.0580468
0.0219272
0.067903
8.24844
0.0350552
0.0217427
0.0221046
1.62042
0.0222275
0.0223162
18.0104
0.0216685
0.025323
10.9983
6.52935
0.0216489
0.0230035
0.0220644
0.0287421
3.04604
0.0238045
0.0489084
0.0214747
4.00451
0.0216378
0.131412
15.3784
0.0219108
0.0221987
1.6007
0.0222225
0.0216937
0.0216606
1.86306
2.47425
0.0222874
0.0219262
0.0218782
0.0218191
0.0217408
4.67032
0.0218782
18.8643
0.0217354
0.0217081
0.0218592
0.0218245
0.0222801
0.0310969
0.0222154
15.6014
15.2656
0.0244145
1.9346
0.136278
0.164097
0.0258012
0.0218965
0.0333173
0.144134
0.0221595
0.11587
0.0216702
2.31861
0.0222918
0.0218742
0.0264202
0.0264519
0.0238528
0.021642
1.58498
0.0229477
11.2587
0.0930676
10.481
0.0220414
1.82707
0.105737
0.0224619
0.0751096
0.102
0.0251828
0.0310381
0.0214911
0.0671617
1.76283
0.0219072
2.70778
0.022112
0.135151
0.0219248
0.205014
1.69666
0.0229422
1.82883
0.021554
0.0232262
0.0853332
0.0345438
1.84889
0.0218817
0.023312
0.0334685
0.0800708
1.60363
0.021872
0.0218867
0.0219682
2.53228
0.0243422
0.0285729
1.55867
0.0230721
0.0231816
0.0214447
0.036938
2.40784
0.0567394
0.0303221
0.0221449
2.04094
1.12571
0.0223013
0.0281554
0.0219074
0.0218517
0.0222068
11.6327
0.0661481
0.0615619
0.0400195
0.0216116
15.7093
16.222
0.0224276
0.0236813
3.69868
0.0242733
0.0231539
0.0217251
0.0270778
0.0217706
0.022248
0.0304025
0.0250179
0.0224782
0.486598
0.0219928
3.89012
0.0757032
1.49585
0.061631
0.0383046
0.0215204
0.334537
0.0329898
0.0222395
0.0218979
5.06727
0.0215067
1.31738
2.21246
3.96617
0.036819
0.0257781
0.0260643
0.0223671
0.022117
2.24298
0.0217964
0.0786635
0.0219032
11.2519
0.0218763
0.0217805
0.0239867
0.0223309
1.90763
0.0266188
0.0452982
24.4022
0.0506262
0.0264144
6.7719
0.0219272
0.0231972
0.227624
5.02234
0.697537
0.214448
0.0219079
0.0223558
2.06246
0.0276249
6.34972
0.106971
0.448055
1.51954
0.0220204
1.78231
0.0870816
0.0216691
0.185163
0.0220822
0.0323202
3.83608
0.0220714
0.0290655
0.0221455
6.54022
0.0231094
0.0221388
0.021871
0.0220156
2.84479
1.8437
0.794398
1.60884
1.71878
8.41536
0.0284674
0.0219242
0.0270508
0.0216426
0.0214872
1.06141
0.0219659
22.029
0.0298792
14.7761
0.0253292
0.123585
0.0609844
0.0220308
0.0216461
0.0217039
0.0293598
0.0225877
0.0326691
4.73389
13.7112
0.0225231
4.63494
0.0218399
3.23301
0.0222391
0.0857153
17.7529
0.107371
17.3551
0.0221007
0.0219874
0.0402276
0.0219267
0.0277381
4.00549
0.121784
3.88736
0.0377153
4.89548
0.0365368
2.46949
0.0214246
1.60669
0.0332365
0.0220236
0.022196
0.023233
1.73935
0.0299851
0.0216363
1.01036
1.66587
0.022453
15.2582
0.0222298
0.0313012
0.0220094
0.0388059
3.67822
0.0377107
16.0069
7.08453
0.0223511
0.0219729
0.0364348
0.0878796
0.0585647
2.01014
1.49954
0.0222592
5.01894
0.0219426
0.0216982
1.78577
0.146427
3.30772
0.0290778
0.0219033
0.0551627
1.64765
1.38237
5.60333
0.312903
19.5763
1.50478
0.136854
0.0908548
29.6879
19.5701
4.52107
8.66692
24.8908
13.3739
13.7965
0.0216529
2.08629
0.0215085
0.03063
8.74797
0.0259194
0.0279691
1.66227
0.0339305
0.0274011
0.0222259
0.0398046
0.108771
0.0346996
0.022002
0.0222138
0.0228679
1.16277
0.0221379
0.179307
0.0220573
0.0222761
0.0214822
0.0224661
1.50725
2.66929
0.0289087
9.21163
0.0221924
13.1966
0.0216677
0.0219323
0.115843
0.0220092
0.022139
0.0221742
0.0605107
0.0257882
0.0453009
0.0219337
0.0220604
0.0395128
1.62952
1.4385
0.0602504
2.92699
0.681644
0.0219397
1.48488
1.79505
13.6359
0.0220587
0.0222382
0.0230291
0.186612
0.0219781
1.33398
0.0219371
0.116032
0.0220191
6.86373
0.0224669
0.0848663
0.0251356
0.0221911
0.022336
0.103572
0.0235769
1.80875
1.26918
0.0218998
0.0217025
1.76697
0.108252
1.97205
0.0222261
0.182308
0.0223662
0.0216011
0.0730099
10.3825
0.124571
0.0386339
0.0226361
0.0271188
0.0394903
0.0221262
0.263346
0.0231835
0.0366084
0.0947819
2.54147
0.0357286
0.0222202
0.0217714
12.1321
0.0226985
0.0349063
0.0217893
5.97681
5.46317
0.0220337
0.0217062
0.179169
5.45537
7.27444
1.4482
0.0232735
0.114092
0.049183
1.30069
8.53079
0.0269787
0.0239851
0.0275218
0.107003
0.0222267
0.0998397
0.0296681
0.131893
0.331127
0.0216551
0.0224686
0.0351652
0.0219323
6.30371
0.0218388
0.0220573
0.545368
0.0948801
4.73085
0.0259433
0.117634
0.0389476
0.0219159
0.0324219
0.0240928
0.0551285
1.75135
2.12069
0.0230137
0.0215203
0.0594474
0.0872936
0.0246826
0.0254701
0.0226052
0.0214054
0.0523911
0.0741909
0.0219889
14.1895
0.0220585
3.03405
1.87376
0.0222939
0.0371038
0.0226247
0.0247189
0.0458939
0.0583947
0.0232559
0.0222882
0.0903977
0.0218238
0.182942
0.021667
1.42116
0.0373143
1.40584
0.919445
1.26894
0.0658291
0.0214658
1.63564
0.0214339
0.0231005
0.0221845
0.0224056
0.0317293
0.0231721
0.0347969
0.022288
1.31046
0.0527625
0.0795903
0.0558498
1.58004
0.0218723
0.0370735
0.021813
0.0221814
0.0217975
0.0218773
2.90414
0.0224874
0.0222299
0.0332913
2.37429
0.047734
0.0219483
0.100066
0.36361
5.24516
0.0252802
2.81036
1.78642
0.02201
0.0235364
0.0735915
0.063539
10.367
0.113204
0.0220858
0.0478633
0.0215045
0.166178
0.704561
14.0324
3.57414
0.0218563
28.1426
0.0218463
0.0218093
0.0262719
0.0579155
0.0389978
0.109017
0.037584
0.0214968
14.036
0.0594742
5.82087
2.39008
1.43226
0.0290898
0.0235345
0.0230169
0.0232788
0.0219903
0.0257912
30.1432
13.8517
4.14455
0.216504
0.248784
0.0219933
0.0220303
0.0232004
0.0252138
3.94229
0.0231946
0.0222379
0.0217414
0.0217462
0.0215844
0.0383507
0.0331936
0.0219285
0.0283102
2.48184
6.35683
0.0378964
5.78047
0.0218744
4.83852
2.76602
0.118515
0.0217941
0.0218679
0.0221969
2.58483
0.0267605
0.0294717
0.0459905
0.253862
0.0389795
0.0222868
0.0221473
0.0631732
0.0219696
0.112208
0.0256788
0.0307209
0.02178
1.53011
0.0330095
0.021952
3.14305
0.022286
0.102872
0.022716
0.0220349
1.6695
0.0551129
0.043701
0.0218843
0.021774
0.0217142
0.0216098
0.0222113
0.0904881
3.83762
3.22948
0.0431504
0.0810162
0.0217943
0.101891
0.0222784
6.31655
1.55741
0.0263752
0.0218881
0.0218291
2.11333
2.09534
0.02455
0.128805
0.0319638
0.0222265
1.37895
0.0221916
0.0904966
8.99932
0.0225804
10.7022
0.0214086
0.0226781
0.0407473
28.843
0.0218597
0.024691
8.25769
4.07524
1.52964
0.0217479
0.0222207
2.93657
6.73533
4.82797
14.1205
0.0591666
0.0221963
0.0218224
0.0228007
0.0217007
0.0221562
2.80055
2.01453
3.38189
1.93666
0.0215134
0.0216816
1.91261
0.0294404
0.0224717
0.0217265
0.0221291
1.28258
0.043108
1.92271
0.0222321
0.0219943
0.022219
0.0377884
0.0261454
0.0232034
0.0254834
6.07288
1.53366
0.0235021
4.10311
0.0220275
0.0221301
0.126215
0.833969
0.0214644
0.108595
0.021948
16.5851
0.022047
0.691405
0.0222953
0.0377471
0.021805
0.0225231
0.0234359
0.101326
0.0705018
1.69655
0.0219942
0.0221981
0.0215259
22.6024
5.21069
0.0246457
0.12348
0.0724916
0.0235104
0.0277553
4.1584
0.0464558
0.0215629
1.44662
3.30018
0.132241
0.022274
0.0217084
0.0222134
0.0220205
0.0475857
0.0222714
0.0221662
0.0277023
2.11343
0.0222491
17.8539
6.88149
2.95231
0.0776165
6.79441
7.22937
2.64704
1.26254
1.48452
1.15095
0.0682659
0.116405
0.0218131
0.695496
0.0219779
16.3425
3.86731
0.0214747
6.83412
0.046678
0.0217127
0.158997
1.41224
0.0217944
0.0650863
0.0218199
1.40943
5.74792
4.74881
0.0220603
3.07862
4.69135
9.30971
0.0560186
0.0429687
2.30032
0.0215133
1.52126
2.89445
2.52767
0.0220872
0.0257913
0.0216281
20.7089
0.0220266
0.800491
0.0368828
0.0295311
0.934399
0.0248932
0.0221808
0.0219672
0.0220433
0.022454
10.5541
0.0218978
0.0279422
21.7238
7.32884
0.160025
0.0229877
0.0371654
0.774878
0.0216253
0.0224147
0.0241576
5.48497
0.0251862
0.654292
0.0222133
0.0216196
0.0676422
0.0434488
0.0402984
21.9248
0.0217416
0.557026
0.0259245
0.0220294
0.0519744
0.904884
0.0222173
7.2015
0.0299868
0.749854
1.97448
0.192527
0.0218882
13.2728
5.09165
0.0330355
0.0266876
2.44079
0.231403
0.0219217
0.0218368
2.68485
0.0217126
0.0215921
0.0231917
0.0998531
1.34958
0.0215731
0.0394874
0.0688313
0.0734041
2.16072
0.0219304
0.0224291
0.0219274
0.0222659
5.87035
1.63842
0.0478881
0.0219623
0.0214382
0.111951
0.0220957
0.025206
2.71357
0.0225438
0.0251112
1.96817
0.0218288
0.0220364
0.028664
0.0221717
0.0219143
5.1969
0.0728051
0.0923329
0.0222108
0.0230231
0.0433806
0.0552321
0.0222027
0.0453713
0.0215142
0.0254009
2.63809
0.0225785
9.57504
0.0214731
25.6043
1.6447
0.0217938
0.0290758
2.06301
0.0262862
1.01001
5.08789
0.022295
0.0396502
0.0218219
2.9309
1.00333
0.0220756
11.561
0.0222977
0.0218081
4.90918
0.093942
0.527176
4.03485
0.143443
0.0216998
1.93609
0.0218506
15.7531
0.0224591
0.100678
19.8079
0.0222454
0.0217355
0.0389101
0.0215422
0.4282
4.50765
0.0218269
0.021672
0.0218233
0.0216893
1.60381
1.53322
0.0396094
0.782367
0.0286558
0.0271403
0.0242887
0.0351103
0.0295019
0.0215381
0.0223434
0.0216691
0.021821
0.0252621
0.0834643
0.0222521
0.291512
8.62026
0.0216815
2.28845
0.0216109
0.836482
0.0228835
1.34633
2.53015
0.0221612
0.20161
0.0222863
0.739319
0.763512
0.0221835
0.0222689
0.0962639
0.031513
0.0222247
0.0454697
13.4466
0.0222833
39.413
0.0236499
0.0218739
0.17962
1.46929
0.0233634
0.0218962
0.0293785
0.0220828
0.0426141
0.0217938
0.0218916
0.0215057
0.0222388
1.77008
0.0278519
0.0222285
0.0217527
0.0287794
1.84603
3.04195
0.125266
0.0216957
0.243139
0.0446706
0.0214373
0.021974
1.79522
0.0222508
0.0217664
25.0355
0.0311182
7.90905
0.0228782
0.0453065
6.73931
2.18091
0.866911
0.0218273
0.0729351
0.0221624
0.0233677
0.0216572
23.4792
0.0596688
0.021785
1.0531
2.47925
1.59292
0.0219945
3.58309
0.0226251
0.0224667
0.178039
5.48427
0.027116
3.33679
0.072871
5.91112
0.0216698
0.0309003
0.0766082
0.022042
0.0222064
0.503486
0.0373788
11.1581
12.9105
0.021831
15.8537
0.0263892
6.65147
0.0221792
0.675594
1.42739
0.0748058
0.0222193
0.0219347
6.01443
0.0220734
0.0216901
0.186613
0.0316181
0.0219298
7.83475
0.0219638
0.0217664
0.0221805
0.0221906
0.0216972
0.0219837
0.0216385
3.94386
5.03115
0.0225589
0.021587
0.0219669
0.0218677
0.0280467
0.0217712
2.77922
0.0331035
0.566399
0.0303982
0.0287625
1.98727
0.0218404
0.08016
2.31356
0.0257444
0.382606
11.2196
2.46929
0.0214257
0.0220454
0.0218494
6.59374
0.462123
2.11417
11.8492
0.0327986
0.0218473
15.6611
0.0297862
0.0223269
0.0219096
0.022323
3.45507
0.0361268
3.40735
0.0218867
0.0221817
2.93751
0.0217259
0.0231748
0.0218189
5.16404
0.0216159
0.0218327
0.0806874
0.0222162
0.0221713
0.0250895
0.087569
0.0373363
0.368886
0.0813772
0.0222463
4.59115
0.0329262
0.0217914
0.022004
7.02993
0.0219839
12.8859
1.96759
0.0216489
3.81801
0.0218111
1.30308
0.37186
1.86803
0.050038
0.160033
10.108
0.0368064
9.59775
0.691976
0.0219278
0.0217803
0.0578129
0.0642901
6.55774
0.028598
0.0284783
0.021972
0.0229587
0.0219104
0.032978
0.0449255
5.37108
0.0477896
0.0221921
2.9923
0.0403904
0.0220778
0.0219272
0.0218762
0.0215512
0.0233339
0.0222313
0.045185
0.032804
3.69305
4.07069
2.34642
0.0217653
0.0218723
0.0388349
0.0274164
0.0217529
0.0259985
0.0216608
1.65611
0.021956
0.0830037
6.37372
0.0222121
0.022016
0.0218817
3.95716
0.0784471
0.0542876
1.45605
0.021961
0.0234388
1.3008
7.16792
0.0222308
17.2278
0.0229564
0.0508141
1.96982
0.0218513
0.022147
0.022107
1.30797
2.87468
5.57453
17.1279
0.0222513
0.0220644
0.0219762
0.10652
0.0221495
0.0217691
0.0223645
0.0218095
10.7049
0.0222927
0.0222917
1.51385
0.481976
11.1681
0.0265893
0.029598
0.0344135
0.171261
0.110581
1.7885
1.50134
0.355425
0.0218358
1.47863
0.0218212
0.0248091
0.0221093
4.80091
0.0215947
0.021811
0.0221061
0.0222649
6.6192
0.0227463
0.022294
3.88057
22.3786
0.021877
0.0217709
0.0706166
0.0217123
0.022121
0.0218216
0.0219051
0.0364484
0.134588
0.0282997
0.229761
4.52482
0.0256632
2.92577
0.129616
0.0299051
1.78869
0.0216776
1.73641
3.20862
23.5434
5.36447
1.36093
4.69988
0.0356228
0.0219238
0.0232753
0.0218692
1.53762
0.0219296
1.32944
6.74096
0.0221805
6.21871
0.0739943
0.0217466
26.8639
0.123011
0.0214805
13.9296
0.0225913
0.0326349
5.18849
0.0239023
0.18687
15.223
0.0216042
1.40052
0.931099
0.0220794
12.5332
0.0217192
0.0484948
0.0220066
0.0218875
1.45203
0.0218062
0.0220149
1.08053
19.0741
1.25781
0.0219349
2.19404
1.45111
0.125122
1.45173
0.0217124
0.021851
1.32514
0.021764
0.021752
0.0222104
0.0222957
1.31618
18.0963
0.0438568
0.0216547
0.0283801
0.0219627
12.0119
0.0221632
0.0256768
2.77908
8.27898
8.93506
3.81346
0.223793
0.0219169
7.63839
0.0218501
11.3363
2.33507
0.14067
0.0223349
0.0221032
0.300353
0.0218412
2.01527
0.0217841
0.02155
0.0216069
7.26361
1.77937
0.021847
0.0214226
0.154093
10.6717
7.15873
12.6403
0.0218924
6.06967
0.0255408
0.0220776
0.031376
6.15926
0.0219334
0.0227081
0.0219347
6.68253
1.73011
0.0219729
0.0220783
6.09952
0.0747569
4.32283
9.94296
2.08266
0.295184
0.0579898
0.0219218
11.6986
0.0218128
5.62387
0.0221205
1.82135
0.0218501
0.0477333
0.645975
3.70169
9.65401
0.0219088
0.09049
0.0252294
0.021961
0.0622921
0.0219272
0.0410503
0.022139
0.0218847
0.0220485
0.0491508
0.0284848
0.0214443
0.0220298
0.0217259
0.0982587
0.0221324
0.054933
0.0217062
0.0225352
1.30191
0.0234993
0.063518
0.0939389
0.0217574
0.021815
32.2467
0.0904953
0.0216724
3.91581
0.0216572
0.0219371
4.7113
0.0214174
0.0222
0.0401588
0.0223899
0.148045
0.417663
0.686055
0.089681
0.0221419
13.2528
0.0222944
0.0222666
0.126195
0.0244444
25.2875
0.0219067
0.0215533
0.0221342
21.675
26.4336
0.0218082
0.0285552
0.0222485
0.0576208
0.021704
0.0218892
5.65672
0.0222501
0.021852
1.74869
0.0223953
1.72602
0.0219403
2.37344
0.0219538
2.80398
0.0985784
0.0221826
0.0219635
0.0222507
0.0225201
3.20945
0.0359465
0.0526756
3.51571
8.96398
0.0219602
0.0224482
3.79849
0.0954182
0.0224342
0.0223218
0.0219446
0.0547383
0.0378673
0.0872296
0.0314155
0.0216813
0.0219783
10.9634
0.0222246
0.0218596
0.0253362
0.0341869
0.0219846
0.0219873
0.0242207
0.0413628
0.0216742
2.76573
0.0217514
0.194602
0.0214218
2.16455
0.0216117
0.0237049
5.15061
3.9505
5.06028
0.689202
3.27317
0.0219498
6.20646
0.0217116
0.0216786
0.0384321
2.23403
5.54678
0.0215985
1.43411
11.7853
1.33284
0.0222639
0.0218612
0.0217678
0.0223601
1.9174
0.108621
0.0687038
4.18715
0.0225671
0.0214363
0.0216659
0.0218143
0.223395
6.91677
0.0220856
18.077
0.117979
0.189099
0.057677
4.86791
2.59704
0.0217427
0.021996
22.5757
15.0515
2.65888
0.0221795
0.179062
7.70225
0.0215496
0.0221921
19.5189
0.0217051
0.123837
0.104163
0.0230662
16.1091
0.0219399
0.0738414
14.6863
0.0276263
3.28744
0.0219406
2.63119
3.49188
0.0218762
21.6755
0.0216998
0.0299336
0.0219138
6.42781
2.77627
0.0283388
0.0215331
14.3435
0.0222875
0.0214726
0.0218885
0.0282947
2.54353
0.0215038
0.0231445
0.0217691
4.50527
4.40962
0.0236552
0.152742
0.544631
0.126715
0.117591
0.0221863
0.0524019
0.0282814
16.972
0.0242427
0.0239241
13.6786
0.0332791
0.122662
0.0276688
0.0220444
5.12138
0.0219505
0.0219892
0.0217589
1.74526
0.0219395
2.73916
0.0221265
1.27785
0.0220294
0.033164
2.51034
2.37759
0.021711
0.0222619
0.0221099
4.90905
0.0216556
1.44981
0.177909
0.884829
0.021959
0.0215118
2.67639
0.089294
20.3269
0.0318077
12.627
0.0307051
0.0220297
0.0219543
0.0708398
1.29149
0.021904
0.0359009
0.0219104
0.695027
0.0218476
0.10338
4.48166
0.0217179
0.0214634
0.069461
0.0217842
0.310341
19.3397
0.0222243
0.293285
0.189811
0.0460039
0.0215902
0.0218036
0.0412075
0.0399844
0.0263341
0.0504448
0.210097
0.0221721
0.0316549
0.0478432
0.0217967
0.464343
0.0226609
2.485
14.1237
0.0221069
0.0229079
1.78654
18.0953
5.99648
4.6475
0.0217439
1.48819
0.583433
0.0216925
0.0274448
0.0218889
0.0219666
0.0216645
0.0220033
0.0224437
0.0436432
0.0215832
0.022872
0.0287928
2.21165
0.0225089
4.47162
4.65154
0.0216399
0.0220906
0.0220641
0.0220959
3.53185
0.620994
0.0221962
0.0218618
0.0219646
0.0222691
0.0219718
0.0248576
0.0217439
0.340468
0.59405
8.82575
0.0284144
0.0223825
0.0274958
0.0244756
0.0220035
0.118902
0.0222457
9.81975
0.0309519
0.211918
0.0222876
0.0222256
6.33123
0.021921
0.0541801
0.0220594
0.139278
0.0795788
0.0897838
0.0221736
0.0245907
0.677555
0.0219096
0.0222153
0.0239604
0.022069
0.0217393
3.08805
0.527694
0.0217527
0.0218067
3.08966
0.124395
0.0218662
0.0219759
0.0564267
0.022697
0.0276391
0.848196
1.24575
0.0232018
0.0539269
2.83552
0.0219329
0.0221934
0.0219557
0.0217961
0.0218429
1.78376
5.63274
4.1101
0.0247646
0.03979
0.0219071
0.0222594
0.0267859
1.45311
0.0519087
0.0271966
0.0542121
0.0694102
8.58852
0.0219994
0.597868
0.0429842
3.83323
0.0372937
0.0218199
0.32561
3.79115
0.0351536
9.15612
1.07222
0.0217182
0.0580352
1.39157
0.0215662
0.0222329
6.84983
4.4853
0.0214888
0.0218356
0.124801
0.0215887
3.77037
0.0216628
0.0218648
0.0220973
1.29903
0.0299901
0.0779515
4.29144
0.0833002
0.0298623
4.87802
0.021674
0.0216967
0.0218967
0.166275
0.716711
0.0497374
0.0247218
0.0218321
0.0218676
4.37491
0.021935
0.0220063
27.466
14.6789
0.368724
0.0220089
1.97235
0.0219358
0.0220468
0.297679
0.459537
0.0219671
0.743944
0.0219273
0.0229447
0.0274858
0.0237888
0.0218468
0.021597
4.73691
4.39332
0.021726
0.0216555
0.1279
0.0311338
0.0220338
0.0269957
0.0223002
0.0218132
0.040477
0.0216828
0.0222451
2.98399
8.61688
0.0265128
0.0219393
5.79607
0.0214071
0.0217302
5.00512
0.0220226
3.27893
0.146543
0.0269511
3.30264
0.0219206
0.0218414
0.0219071
0.0218047
0.166185
0.0283743
0.0219371
0.0220457
2.99735
1.307
0.0217571
2.36534
4.59193
0.0219692
17.489
4.62171
0.0292469
0.0220133
13.9915
0.0220209
0.0218635
0.0218638
0.0218266
0.0220668
0.087682
0.0847016
4.4431
0.0223799
6.05884
3.7724
3.80596
0.0220248
0.242289
0.0217299
0.0291798
11.3068
0.0219322
0.0745078
5.69636
0.0260866
0.0397
0.104581
0.0214726
0.0218645
0.0540833
0.0219992
4.18677
0.573317
0.0221207
0.0219446
0.0281797
0.022148
0.0493889
0.0221241
0.229633
0.0218804
0.0218145
0.064371
0.0323529
4.67946
0.110668
0.0234208
1.98168
0.078038
0.201367
0.0222133
0.817992
0.462594
0.0221106
1.54655
23.421
0.0218072
0.0222945
0.111514
0.0996836
0.0218149
0.0431194
2.5264
0.0214738
0.0221082
0.0437784
0.0222183
0.0576183
0.0222615
2.88404
0.963384
0.0425891
4.40221
0.021519
0.511984
4.19946
1.39658
0.032348
0.0218191
0.0229165
0.0958778
0.0220842
0.0216433
0.0222491
0.170549
0.0219172
0.0216969
0.0222665
0.0214809
0.0227871
3.38555
2.92312
0.0221995
0.0218159
0.0218424
0.0220248
0.168504
0.229006
1.90191
0.0710831
3.97704
0.0220159
11.518
0.597928
0.0301601
0.0220269
0.0391511
0.0220203
0.0219176
0.0214876
0.0716136
3.40673
0.0218541
0.128428
0.0944655
0.0334874
0.0221471
7.97495
0.022159
0.0241892
0.105956
0.255444
0.0223603
0.0220782
0.0216489
0.0235402
1.79326
0.0224318
2.76741
0.022156
0.0219016
1.37733
0.0232538
0.0219512
0.0222358
7.04658
0.0222172
0.0955739
0.0313559
9.60221
0.0907632
2.28116
0.0218844
0.0225917
0.0217034
0.0218205
0.0278277
0.0220976
0.0219289
4.50382
0.0222855
0.0226182
7.5853
3.14186
0.0218543
0.0607142
0.0217731
0.021477
0.0232229
0.0216531
4.50708
6.87536
0.0214537
0.0221618
0.07065
2.35957
0.0220247
0.0526797
14.8925
0.022073
36.8452
0.0227506
1.50115
0.022223
1.07058
5.10988
0.0218655
1.44028
0.0238319
0.021653
0.0220165
1.10033
3.42826
0.0643683
0.0221718
3.34081
0.0219964
0.0229967
0.0219455
9.62362
0.0891649
0.0434997
5.47126
0.0218173
1.24755
15.0561
10.6748
4.24513
0.0362529
0.0347805
7.12253
0.0219882
0.0229295
0.073023
1.45888
0.0214633
0.0222852
0.021902
0.0219609
0.0219847
0.0364017
0.287115
0.0218557
25.9025
0.0219083
0.0231556
0.0220373
0.055269
1.64582
0.0221654
0.0217304
0.0521803
14.8685
1.03216
6.57344
0.670057
0.0218821
0.021863
0.0215027
1.14124
0.0227156
0.0220983
16.3669
0.0219941
0.0944017
11.9921
0.0219619
4.16838
3.30434
0.850204
0.0538036
0.120707
16.6176
0.241379
0.0219235
0.0216559
0.0345716
0.0223373
0.0515767
35.884
12.0608
0.029508
5.20301
0.916542
5.90601
0.0214518
0.0221796
0.0219509
0.0217109
0.0220451
1.4754
1.29564
0.0220902
3.35221
0.0220744
0.0219214
0.308205
0.0217891
0.573272
1.34588
8.31589
0.0217417
0.0218775
0.0222469
0.0222439
11.1887
0.0219738
0.0264849
0.022429
0.104389
0.0242225
0.0221693
0.0219484
4.07812
0.0216774
0.45639
0.0218688
2.29032
0.0220295
0.0219595
0.0235086
0.323251
0.0216899
0.0222592
5.09999
0.0219213
0.0391728
0.195727
0.41262
0.0370706
0.0217662
0.0219284
0.71757
0.0288195
0.0216991
0.0822871
0.128703
2.30459
0.0219722
0.0220117
0.0219421
0.0217576
0.0220402
0.0224586
3.96007
0.0228553
13.8181
1.29755
0.0406944
0.0232652
0.0218707
0.338978
4.53655
0.0217264
0.0220294
0.0837242
0.0222744
0.0229979
6.84065
1.73239
0.0218891
3.60104
0.0230245
4.04522
0.0217461
0.0220171
0.0218987
4.43375
0.021651
0.0219083
1.48452
0.0218618
0.0338144
0.065794
0.0219124
17.2135
0.0274751
1.90899
1.39287
0.0219454
0.0222535
3.1514
0.0218491
0.022115
0.0219748
0.0292336
0.022073
14.8229
16.6553
2.23498
1.99724
0.0217531
2.29569
0.0218709
1.45304
0.0267211
0.0306425
0.0222019
5.81603
0.0220578
0.022844
4.65409
0.0217393
0.0385324
0.0356547
0.0222791
11.872
0.0217437
2.83724
0.0279548
0.0219802
0.0218604
0.0214721
1.28311
0.0217535
1.37044
0.0222666
0.0249709
0.0239091
0.0259543
8.48383
0.0220914
0.0242391
0.166407
0.0515432
0.148335
0.0220564
0.0218736
12.9576
0.0214541
6.50314
0.0325988
0.0218658
0.0219031
10.7424
0.254035
0.0224471
9.45803
0.0218338
0.0230187
0.021826
0.0524161
0.0234426
0.0550953
3.79972
0.0218934
0.0217233
0.0219343
5.81604
0.021888
0.0225631
1.2805
0.0218769
0.117214
0.0222018
0.0272689
0.0220424
0.0222188
0.0222995
0.149377
0.0349719
0.0218092
0.131946
0.022104
2.42745
0.021966
0.143449
0.0219428
0.0219152
0.0219373
36.8205
0.0267507
0.0224123
0.279898
0.0225038
0.0307263
0.0228048
0.0251956
0.0222729
0.0219001
0.0225049
4.4099
0.0219769
0.0218303
1.34907
0.0220032
0.0217723
0.0219714
1.26235
0.0222055
0.0501834
0.0283989
0.303658
0.0222109
0.0437887
0.0217341
0.0222966
0.0280761
7.24073
0.0222927
0.0216898
0.0219313
0.158699
0.684626
0.0225533
0.0218603
0.0219102
4.53277
0.0216224
0.0351835
0.0413322
5.56516
0.0222948
0.0217245
5.25939
0.0224998
0.048015
0.029583
0.0214636
0.0396925
0.0219848
0.0283394
0.0215135
0.0217613
0.0219362
7.49947
0.0220123
0.81041
0.0216902
9.18424
3.75906
0.365343
0.0220091
5.97655
0.390628
0.032557
0.0219896
0.0321018
27.4578
0.0220952
4.24935
0.0222558
0.134438
0.02514
0.0222149
0.13866
3.26654
0.0218333
0.0249059
0.0219235
0.0335737
0.0218605
0.0217232
0.0220394
2.434
11.8806
0.0222912
0.0219412
0.0221353
1.61319
0.02192
0.128577
0.0220909
2.16541
5.9534
4.91178
0.0421918
0.0222519
0.0220891
5.9827
0.0221428
0.037092
0.0222661
0.034927
16.9335
2.9575
0.0222869
0.0216796
0.0310544
4.21559
0.0581458
0.0218145
3.96806
29.1609
0.0216358
0.488695
0.0215161
0.0439174
0.0219154
0.0226877
0.0222856
0.0350101
0.0219668
0.0215066
4.48986
0.0242442
0.0226833
1.31564
2.87358
0.0220308
4.58682
0.0220991
5.24022
0.0250274
0.0215233
0.0215863
0.0220149
0.0257912
0.344752
0.422824
0.0220067
0.0226316
4.57742
0.0220403
0.0216263
0.0218647
0.0219846
0.252924
0.0219367
0.021623
0.02164
4.15292
0.0222667
0.0219279
0.0216559
2.09437
0.0221625
5.29818
11.1657
0.0219095
8.91597
31.4274
0.0221648
0.0513404
0.0986769
0.0216014
0.0216992
0.0233639
0.0220117
3.15569
0.0268408
0.0221223
0.0216504
0.0218906
0.022028
0.0220101
0.0222292
2.99005
0.0216548
0.0218638
0.0268408
0.0219119
1.2965
0.0218811
0.022054
0.0221131
0.022143
2.11296
5.26734
1.63285
2.34551
0.0223846
9.01563
0.0218588
0.0216179
3.68451
4.64978
0.0222141
0.0219835
0.0800606
0.12674
4.02998
7.63159
0.0433214
2.25493
0.0227958
6.35766
0.0219044
0.0261207
0.0218714
3.14311
0.0219464
13.4789
0.0222536
0.0242278
0.0221462
0.0227807
0.466781
0.0216179
0.0214914
2.54958
0.0550903
0.0222464
0.0216829
0.021613
0.0230943
0.022255
0.0222375
0.0218793
20.5589
0.0218242
0.0229633
0.022255
0.0216121
0.0217392
0.0375877
0.0222971
0.0382521
0.0221638
5.00002
0.0217272
0.0969105
0.0622799
0.0218065
0.915143
0.021481
1.6812
0.0220439
0.0220193
0.0219065
0.0215962
0.0876826
0.0218689
0.0225425
0.0215854
1.4992
0.172418
0.0220245
0.022271
0.819088
2.0319
41.6289
0.416938
3.3067
0.0218506
0.0218741
0.0359989
0.0222895
31.1305
0.0222581
0.0980723
0.0218957
0.0222472
0.0286046
0.0215351
0.0222506
0.041776
0.510038
0.0216684
0.0215834
0.0222091
0.0219734
0.022162
0.0216704
0.0219454
0.0218707
0.0298242
0.0517235
5.61563
4.77575
38.7001
0.0215929
1.48835
0.0218945
0.109581
1.043
0.0220325
2.28821
0.0218794
1.51546
6.20583
0.0650764
0.022042
19.1884
0.0241607
0.169562
0.0226193
0.0298592
7.10801
3.34998
0.313429
0.0244206
25.1255
0.191378
41.613
0.0270875
20.2991
40.2229
11.7746
0.0216551
0.0222741
1.40221
0.0214895
0.0219534
0.424322
0.0219862
0.0220953
0.0375992
7.13997
1.43266
4.37612
0.0218835
0.0218363
0.0222074
8.85057
1.74506
0.592643
0.025768
6.79749
0.0218918
0.0316588
2.63705
0.02517
1.70938
0.0224528
0.022234
1.35261
0.0218124
0.934897
0.0219408
0.0225545
0.0432498
0.0217962
0.0238333
0.0703137
0.0222666
6.51113
0.0218794
0.0214823
3.13648
0.0225097
0.0219116
2.14784
0.0752491
4.67318
2.41221
12.0584
0.0226355
0.0943148
6.39494
0.0852992
0.0290744
0.0226414
4.01115
0.0217713
0.0220559
0.137465
0.0853077
0.0412779
0.0223381
0.022231
0.0218269
1.38499
0.0503975
2.23849
0.0222712
13.6366
0.021877
0.0426979
0.0240912
0.0217949
0.55184
0.419526
0.0331281
0.153655
4.464
0.0222725
0.0238457
0.0269857
0.0316336
0.0227964
0.0273421
0.0272284
0.0993191
0.0215569
5.6623
5.07317
0.0227977
1.82423
3.72359
1.95516
0.022271
0.0216116
1.40897
0.0219428
4.52758
0.0222308
0.0222724
1.91825
0.0237906
0.0220847
28.138
0.0259468
0.0676938
0.0219136
4.63006
0.0597429
0.0878304
0.0368446
0.0225463
0.111698
0.0225162
29.7054
0.0260691
0.265602
0.542941
3.98467
0.166152
4.22089
0.025266
0.0696744
0.0371514
0.694861
16.1993
0.0218179
0.318406
0.0220466
0.0218913
2.46558
0.0702824
0.0216673
0.0649022
1.34311
4.27861
1.49072
2.65404
0.0758555
0.0222635
0.0242733
0.021705
4.28977
0.0220267
2.40486
0.543113
0.0246588
2.09988
6.98915
0.0216662
2.8635
5.66852
3.36784
0.0219767
0.0219197
0.0222938
0.0406428
0.022273
1.6932
4.45016
0.0426401
2.60422
0.0227645
2.22893
1.36327
1.27457
0.0220498
0.357292
0.0268567
0.104662
0.0315177
0.191256
0.0393118
3.9965
0.0222481
0.0218543
0.0216375
0.39856
2.63344
0.0219286
3.9122
0.0630511
0.0906215
0.0218742
0.105247
0.0221592
2.1603
1.74642
1.32092
0.138871
4.0638
0.0637438
1.64374
0.101317
0.0220876
0.496688
0.0218307
0.0428041
0.0219537
3.13087
0.0220764
0.0257875
3.82851
0.0466839
0.0440879
0.0673806
5.84591
7.62291
2.4744
1.31615
0.0392531
0.02191
0.0220461
0.0419045
10.0031
5.48077
0.0334943
0.0299126
0.0960926
0.04106
0.127162
0.279105
0.0973174
0.0511153
0.0612259
0.570994
0.0216387
11.6731
0.0217555
0.0222807
0.152255
0.0320348
5.61672
27.706
0.146432
0.420355
0.501232
0.0218721
1.68016
1.35817
0.0397589
0.0279834
1.39572
0.0396486
0.0458286
2.20142
2.29834
0.0218988
3.57807
5.32209
0.0216981
1.39803
0.0226016
0.0216578
0.0214748
0.0310383
0.486563
1.46015
0.423696
0.0585143
0.0552601
0.0415657
2.11366
)
;

boundaryField
{
    frontback
    {
        type            empty;
    }
    topbottom
    {
        type            fixedValue;
        value           uniform 0.0223;
    }
    outlet
    {
        type            zeroGradient;
    }
    inlet
    {
        type            fixedValue;
        value           uniform 0.0223;
    }
    walls
    {
        blending        binomial2;
        n               2;
        beta1           0.075;
        type            omegaWallFunction;
        value           nonuniform List<scalar> 
120
(
16.3625
21.7092
28.695
23.3288
25.9787
27.9072
26.1219
24.599
26.7997
16.2007
32.6182
23.8518
19.2348
21.5208
23.1882
18.1066
14.2828
22.6588
11.0953
29.3566
26.2878
13.0135
33.1788
22.3213
22.6136
12.5935
26.4893
7.70629
22.6894
8.36767
8.72455
8.58572
7.50184
7.4724
28.5279
29.3372
12.8221
20.8516
26.6715
25.9698
25.6806
13.5643
21.6105
23.4111
16.8621
27.0208
26.9882
19.7709
24.3351
26.2203
26.4133
12.4769
34.4107
28.5207
23.7819
23.288
16.3669
12.1115
25.7127
6.30954
7.17084
27.0719
17.3989
22.2509
27.9077
8.02042
7.76055
8.39222
29.0764
22.7767
27.5343
20.3029
33.4814
24.0536
17.3362
17.1535
26.3492
17.0799
25.4258
7.43139
8.7986
19.7214
7.09201
24.6796
32.6408
22.6137
7.91008
31.7186
8.63683
18.198
36.0821
10.481
11.6327
8.74797
9.21163
9.57504
25.6043
25.0355
23.4792
23.5434
26.8639
13.9296
19.0741
25.2875
20.3269
27.466
36.8452
25.9025
11.9921
35.884
12.0608
20.5589
41.6289
31.1305
38.7001
19.1884
25.1255
41.613
40.2229
11.7746
)
;
    }
    procBoundary0to1
    {
        type            processor;
        value           nonuniform List<scalar> 
80
(
2.20709
0.037654
0.0220331
1.99252
0.0221491
0.0264628
2.3164
0.0244071
0.0244071
0.0252045
0.0216109
0.0255099
0.0355793
0.0331524
0.0533422
0.0214017
2.70262
2.04976
3.14018
0.0237589
0.0331524
0.0219857
0.0214174
0.0313631
0.0473472
0.0218756
0.0215283
0.0215647
1.88286
3.37709
0.0237589
0.021396
2.6727
0.0214666
0.0223178
0.0215025
0.0214344
0.0214344
0.0217852
0.0293168
0.0214566
0.0213963
0.0473472
0.0214455
0.0875142
0.0875142
0.0420909
1.88286
0.0214312
0.0213923
0.0216537
0.0217128
0.0214455
0.102371
0.469679
0.0232903
3.13768
0.0420909
0.0214829
0.469679
0.0710673
0.0278178
0.0621476
0.123048
0.0213902
0.0214255
0.0214174
0.0237867
0.0227151
0.123048
0.0214255
3.55997
0.102371
3.34251
3.62983
0.0555884
2.47298
3.37709
0.0225008
0.0229724
)
;
    }
    procBoundary0to2
    {
        type            processor;
        value           nonuniform List<scalar> 
165
(
10.2617
17.5097
21.3715
0.161805
0.0220286
6.5597
4.04572
8.7122
15.3527
13.2328
17.5097
0.0281637
0.0294813
0.021972
0.0219953
21.3715
0.0219783
4.70668
1.85766
0.026099
0.0229917
0.0227928
0.126762
2.43034
9.7412
0.0227928
0.119485
9.09915
3.30466
0.0232018
5.85623
0.0220792
2.68953
2.9799
2.68953
0.0220058
10.4289
0.0219451
0.0745664
0.0745664
9.2
9.1882
2.78781
0.022111
0.72908
0.386336
0.0219434
1.67394
0.0463498
1.94377
0.72908
0.0220883
1.72478
0.0253278
3.62034
3.62483
3.66587
0.0246668
0.0242634
0.0221207
7.80401
0.386336
1.8915
0.0219853
0.022049
0.0220578
6.06625
7.97763
0.0219585
0.0574266
0.0223631
0.0238202
0.0219348
0.0219493
3.66473
0.0222937
0.0428826
0.0219621
0.0221444
0.0226154
0.0219621
0.0222775
0.0516085
0.0645488
0.0219585
0.0278228
0.272485
8.37709
0.0219284
0.0219326
2.90937
0.0220033
1.8915
0.0224881
0.0318194
0.0221788
0.0265658
0.0912699
0.0516085
0.0219355
0.0331643
0.0222143
1.60676
3.70448
0.0220827
0.0397606
0.0220441
2.49855
3.69937
3.6943
0.0222662
0.022155
0.0219269
3.46695
10.3818
9.55283
8.67453
3.70894
2.16342
0.0235164
10.519
0.037107
0.0397606
3.70262
0.0219261
9.17958
10.1825
9.6565
0.0221937
0.0351407
0.0219259
2.19497
0.0222526
9.24833
0.0294813
9.88629
0.216781
0.0912699
0.0221364
0.0220202
1.64761
0.0221897
2.7647
9.80211
12.655
6.54905
3.1279
10.683
9.9867
6.74753
8.83489
16.08
9.64542
6.34973
1.58567
15.1648
2.26663
0.030563
9.4336
28.091
0.0222258
1.57079
1.39766
13.3928
11.534
)
;
    }
}


// ************************************************************************* //
