/*--------------------------------*- C++ -*----------------------------------*\
| =========                 |                                                 |
| \\      /  F ield         | OpenFOAM: The Open Source CFD Toolbox           |
|  \\    /   O peration     | Version:  v2012                                 |
|   \\  /    A nd           | Website:  www.openfoam.com                      |
|    \\/     M anipulation  |                                                 |
\*---------------------------------------------------------------------------*/
FoamFile
{
    version     2.0;
    format      ascii;
    class       volScalarField;
    location    "350";
    object      omega_0;
}
// * * * * * * * * * * * * * * * * * * * * * * * * * * * * * * * * * * * * * //

dimensions      [0 0 -1 0 0 0 0];


internalField   nonuniform List<scalar> 
10042
(
0.0219117
0.0220517
0.021971
0.0231656
9.19595
0.0220719
4.0795
6.64918
0.0217917
0.0220106
4.64826
0.0231003
0.0215352
0.0214995
0.0236505
0.0220341
0.0220258
0.0222585
0.0219147
0.131912
0.0219051
0.341528
0.0215844
0.0216184
0.0220586
0.0303649
0.0221324
0.0227957
0.0218123
0.0224547
0.0220218
5.06904
0.0220213
0.0223705
0.0268356
0.0216301
0.0293531
0.035895
0.0216319
0.030134
0.144162
0.0232442
3.90447
0.0219996
9.42486
0.0650807
0.0223433
0.111406
0.0282622
0.0546876
0.022167
0.0224627
0.0232623
0.0233132
0.0294208
0.022065
0.0218153
0.0223074
0.0223602
0.0230518
0.0220468
0.0220057
0.0270323
0.0219445
0.0222421
0.0223848
0.0220357
0.0737302
3.55776
0.0218765
0.0232273
0.159808
0.0220066
0.0322223
0.0220137
0.0216158
8.59728
0.0219256
0.0302166
3.8355
0.0274609
10.5708
0.0220194
0.0228419
0.0220421
0.0222136
0.0218881
0.160603
0.0219324
0.0218901
0.0222971
10.9117
0.0228886
0.0223642
0.0223979
0.0218902
0.0219364
0.0218659
0.0295783
0.0218245
0.0222908
0.111711
6.36517
0.0222023
0.0226531
0.0523851
0.0219126
0.0219298
0.0219135
0.0214584
0.0217111
0.0218239
0.0262332
3.67428
0.0222306
0.0218359
0.0219439
0.0219209
0.0218888
5.01639
0.0219253
6.64761
0.0220398
0.0219848
0.110593
0.0220221
6.72965
0.0290193
0.0504373
0.0218809
0.0312065
0.0219995
4.04281
0.262834
0.021824
0.0604857
4.46584
0.0223054
0.117184
0.184231
0.0227786
0.0219405
0.0225103
0.159122
0.0219933
0.0218238
0.0602765
0.0215538
0.0218811
0.0256618
0.0218199
0.0222555
2.56493
4.44964
0.0221855
0.0215309
0.0226051
0.0219974
0.0606799
10.818
5.35592
0.144474
0.0219889
0.0218211
0.0221068
0.0219819
0.060809
24.4844
5.47165
4.70903
0.0228195
0.0218407
11.8557
0.16655
0.0386034
3.45429
6.18457
0.0220219
0.0854802
0.0327558
0.0227524
5.23882
0.0220863
0.028868
0.0231076
5.63283
0.319019
0.0221382
4.99663
0.024256
2.78563
0.0225079
2.53385
11.9288
0.11326
10.5196
0.0261667
0.021926
0.0215352
0.0236509
0.0373239
0.0221785
0.0218181
0.175202
0.0220748
0.0216853
4.3981
0.0221568
0.0222603
0.0222426
8.11302
0.0218665
0.0563653
0.321966
0.0225766
0.334638
0.0219635
0.0219918
0.0685674
0.0217687
0.0263555
0.0227367
0.388096
0.0372476
0.0255665
0.0315029
2.26811
0.0218296
0.189182
0.0235342
0.0217911
0.137895
0.0218493
0.0234886
0.0220171
0.0258876
0.0217112
0.021486
0.023576
0.027278
0.0219961
0.0220442
0.0220526
0.0263122
0.0218366
0.0220309
0.0216193
0.0227322
0.0230275
0.0222689
0.0215365
0.021867
0.0245159
0.508845
0.146059
5.96997
0.0391396
0.0379438
0.023835
0.0734848
4.16094
0.023317
0.0219164
0.0215038
0.0235626
0.0217098
1.26484
0.0237062
0.0218828
0.0222502
0.0391756
0.0230888
0.294677
0.0385273
0.193825
0.0243258
0.0272289
0.0217123
0.0258599
0.0220254
0.0339495
0.0219007
0.0304309
4.01375
0.0216858
0.0219039
4.36255
0.0666034
0.0221009
0.0220455
0.0242046
3.4111
0.0578842
0.166731
0.022182
0.0215316
0.0218303
0.0218069
2.00063
0.0218743
0.022041
0.0218371
0.0219651
0.0373233
0.0238919
0.0786079
7.05129
0.0228605
7.64199
0.0218401
0.0255846
0.022124
7.12975
0.11081
8.22965
7.91099
0.0216018
0.0237291
0.021883
0.0241418
0.0315746
0.0222415
0.0337378
0.0217048
0.0215021
0.0220266
0.083927
0.0222838
0.0238921
0.0219626
0.0237346
4.38274
0.0218397
0.022176
0.0219893
0.0219113
0.0434147
0.114178
0.0378065
8.26119
0.0377667
0.0277852
0.0219785
0.0214828
0.0224003
0.022268
4.67264
0.0219
0.0223831
0.126601
0.0218205
0.0248775
0.0229727
0.136875
0.021977
0.0253562
0.0475318
0.0334517
0.0235944
0.0219322
8.1613
0.0612825
0.0224699
0.0429972
0.0219505
0.0218536
0.0219484
0.0248265
1.78439
0.0251271
0.0222492
0.0228019
0.0222923
0.0222708
0.130496
0.0219301
0.0216282
4.47515
0.0218393
5.85338
6.18185
0.0328904
3.05397
6.87005
0.0282818
0.143122
0.0221586
0.0564543
0.0222913
0.0222399
1.83982
0.0220665
0.0244094
12.1344
0.022001
0.0219064
0.0505144
2.14389
0.0222907
0.0215523
5.1427
0.111661
0.0218364
0.0741033
11.9211
0.0217674
0.022264
0.0216444
0.0218632
0.0214831
0.0216781
7.8345
6.48582
0.0222774
7.90448
0.021501
0.0218757
0.728142
0.022157
6.02099
0.0627973
0.0228507
0.0216015
0.0215436
0.143037
0.022952
0.0282836
0.0224274
4.25179
0.0224586
12.0234
0.0234325
0.0219374
0.0218355
0.722293
0.0219533
0.0257831
0.0218597
0.0219473
7.18501
0.0262162
0.0219324
0.0217499
5.52963
0.021872
0.0266041
0.0235284
0.0217139
8.46429
3.07464
0.0218853
0.0221651
0.0253236
0.0215359
0.0220114
0.0219729
5.37071
0.0219966
0.0217359
0.0288651
6.18918
0.0618996
0.0222685
0.0323169
18.9837
0.0397075
0.021938
0.0219386
0.263552
0.0223707
0.0219436
0.0294283
0.0218435
0.021679
0.0228911
0.0215679
0.0386023
0.021909
0.0219575
5.95568
0.0217622
0.0227143
0.0220683
0.0223594
0.0336344
0.0218897
0.0218805
4.9473
0.0225797
3.84073
0.023277
0.022282
0.0222767
0.1364
0.0218973
0.0219374
0.0220135
0.0225704
0.0279849
4.31937
0.0218756
0.0385164
4.36593
0.039564
0.0222611
0.0219601
0.0221717
0.022203
0.0218526
1.70983
4.69156
0.0220764
0.029052
0.0303741
0.0296223
0.0220223
0.021656
4.57403
0.134177
3.19065
0.0215955
0.0222316
0.0221031
0.0218442
4.28532
0.0357808
0.0225771
0.0218813
0.0218086
0.0219911
5.8552
0.0262152
0.0221398
6.56796
1.3416
0.423913
0.0534383
0.0220189
0.0218309
0.0628936
0.055028
2.09097
24.4118
0.0248464
0.0260922
0.0222105
0.0238261
0.0221591
0.0221997
4.94077
0.021613
0.0218442
0.0620731
0.0222102
2.48496
0.0230537
0.163553
0.0298727
0.0222447
0.0235565
0.0268524
0.0427225
0.0533377
0.083667
0.0222823
0.0545384
0.0231074
0.0218863
0.0221191
0.0224307
0.0220358
0.0251041
0.0621744
0.0414241
0.022143
0.0226539
0.0220095
0.0219164
0.127654
0.0219313
0.0234806
0.274326
0.0215692
0.0550812
0.0836387
0.022043
5.625
0.0446523
0.0222097
0.35073
0.0220761
0.0222686
0.0219596
0.0219822
0.0222924
0.0243297
0.0219992
0.967397
0.0227754
0.0219654
0.0222899
0.0341522
0.0351284
0.0219799
0.024856
0.0218309
0.0347405
0.0219355
0.029981
0.0216343
0.0229767
0.0215424
0.0219345
6.92497
0.0216504
0.113167
0.0219683
0.0229942
0.0217429
0.0353121
0.0220766
0.045958
0.0220997
0.287392
0.022262
4.2389
0.0215481
0.0235585
0.0222714
0.021979
0.0219624
0.0242644
0.0220356
0.125177
30.8751
2.39153
0.0243412
0.0368958
0.0218122
0.0390291
0.0648948
0.0220136
0.0291109
0.0878494
2.12716
0.0839445
12.8426
0.0277278
0.0221388
0.0222313
0.0254972
0.0243297
0.0391679
0.0216056
0.0236522
0.128769
0.0222649
0.0219175
0.0253299
3.85434
0.0233952
0.0311702
0.0625926
0.0222514
3.69732
0.0216213
0.0218252
0.0224815
0.021849
6.13495
0.0752338
3.39478
0.022057
6.10698
9.14725
3.85719
0.0388566
0.0743035
0.187577
0.0412044
0.0219642
0.0218633
0.0302639
7.84888
0.0218066
0.0295627
3.96285
0.0219026
0.02191
0.0218909
0.0229724
0.0219542
0.0220295
0.132266
10.3467
0.0219973
0.0220023
4.06591
2.1976
0.0218163
0.0219418
0.022155
0.0218669
0.782253
0.0750674
0.280836
0.0226539
0.0219037
0.0217954
0.0227791
0.0220553
0.0347316
0.022625
6.47416
0.0220096
0.022076
0.0417848
0.0218015
0.0361302
0.0664478
0.0232988
29.4566
2.80776
0.0221443
0.0218481
6.96377
5.68595
0.0360397
0.0220503
6.91449
0.187392
0.0257146
0.0219475
0.0219958
0.021925
0.340983
0.0242879
0.0957315
0.0222685
4.0737
1.43591
0.0219631
0.0219923
0.117664
0.0221504
0.0217401
0.0253375
4.20116
1.99193
7.48975
0.0225488
0.0638304
0.0396049
0.0216434
0.0218836
0.0221936
0.321831
0.022206
0.0219602
0.0635946
0.0220107
0.0674708
0.0221115
0.0221075
0.0216899
0.0221512
0.237506
0.0221991
0.0218601
0.0435767
0.0565199
0.40005
0.0222099
0.0947103
1.96286
3.89659
0.0229609
5.68585
8.48522
0.0219042
0.0215466
0.0226908
0.0233039
1.56449
0.0236171
0.022123
0.0222062
2.21024
0.0378842
0.0224727
0.0221424
0.0219373
0.0435027
0.0217545
0.0218402
0.0334661
0.0228855
0.0222043
0.0217935
1.37882
0.0219039
0.0228127
0.02203
0.0224126
0.158998
0.0222029
0.0230773
0.0220731
0.025589
0.800611
0.0222919
0.361319
0.026346
1.69468
0.02166
0.0236526
0.0329161
0.0946173
0.0508086
0.0226133
12.8767
5.03705
0.022497
0.0218036
5.30613
0.0220799
0.0222511
0.021729
0.0222417
0.0531532
0.0222928
0.022293
0.0655895
0.0289187
0.0229602
0.0315599
0.0227351
7.61001
0.0234976
0.848639
0.0218588
0.0621609
0.0374202
3.19402
0.0245535
4.16085
0.0222695
0.0261605
0.0220429
0.0220875
0.0219032
0.156831
0.0406168
0.0522691
6.86678
0.02212
10.6876
0.0265276
0.0217859
0.0314533
0.0314196
2.62889
0.0219867
0.0282618
0.0520384
0.0235579
0.0419648
0.0222838
0.0215766
0.0222833
0.322091
0.0221345
0.0220057
0.0217359
0.0217266
0.0219388
0.0219922
0.0223944
0.0218471
0.0221513
0.0224583
0.0255463
0.0310604
0.0219916
1.84436
0.0219779
4.63746
0.037363
2.27945
0.0375908
0.0259312
5.33597
0.0355796
0.34127
4.87364
0.0431109
0.0221993
0.0218443
0.0230094
0.164144
0.0218912
4.38899
0.0218692
16.1891
4.03087
0.0595248
0.0230436
5.03234
3.60469
0.0231914
0.021981
0.0222638
0.0248585
0.0215671
0.0216683
0.0594697
1.72218
0.0220791
0.0218818
0.0223547
0.723348
0.066209
0.0221564
0.02561
0.0958276
0.0225014
0.02203
4.21332
0.022294
0.0218717
10.8912
0.0241676
0.0219497
5.25009
2.82972
7.5423
0.0219123
0.0232189
0.933642
0.0217348
0.0218912
0.0222843
0.030911
0.022046
0.0221116
0.0237846
0.0462746
0.183315
0.0217812
0.0219314
0.0220798
0.02185
0.0225798
0.0215995
0.157776
0.0290255
0.0219555
0.0219873
0.0217652
0.0219772
0.0225569
4.31069
0.0300067
0.0215438
0.0219285
0.0413244
2.7651
0.022044
0.021984
0.0220302
0.0215515
12.8923
0.0522706
0.0217289
0.0220671
0.0305034
0.107039
0.0221693
0.0222827
0.0251487
0.0220734
0.0266387
0.0223818
4.72694
0.0359777
0.0220715
0.0264118
12.2586
0.0284485
0.21704
0.0254692
1.13201
0.0222709
0.022261
0.0255378
0.0712009
0.0218927
0.0218409
0.0222435
0.0228979
0.10722
0.123866
4.57055
0.0228384
0.0219932
0.0285954
0.02197
0.0219667
5.1782
0.0238333
0.0220352
0.0219855
0.2975
4.94582
0.0219917
0.0221132
0.0996775
0.021827
0.0221042
0.0219347
0.0970646
0.023272
0.0266584
10.1174
0.0222941
0.0221683
1.95111
0.021909
0.168607
0.0218992
0.0236497
0.0427275
0.0219829
0.0220901
0.0223582
0.0237682
12.973
0.0219211
0.0221354
0.218532
0.0257878
2.77477
4.59763
0.0479151
0.0222121
0.477659
0.0219014
9.20746
0.0221679
0.0220476
0.0217129
6.0393
0.0222122
0.0223564
0.02216
0.0353119
1.80256
0.0286287
0.0511424
0.0218965
0.0221354
0.0383887
0.0296962
0.0218352
0.0257326
0.0218796
2.97121
4.05156
0.0221392
0.0229294
0.0222227
4.62904
0.0221571
17.166
0.0219793
0.0218685
0.0217223
0.0225694
0.0241472
0.0222715
0.0219934
0.0220016
7.03772
0.119239
0.0218886
0.0249854
0.0244328
0.0416694
0.0218961
0.0258401
0.0230738
0.0219588
0.0232149
0.032385
0.0222802
0.0219156
0.0269303
0.0217729
0.16617
0.0233177
0.143982
0.0221085
0.0220402
0.0218753
0.0766101
0.0404905
0.0217677
0.0250136
0.0768809
0.022457
0.0217708
0.0259674
0.0222247
8.77119
0.225195
0.0252673
6.61622
0.0231185
0.0362322
0.0976717
0.0381959
0.0356103
5.05284
0.0315
0.152466
0.0220892
0.0231842
0.0218592
0.0219455
0.0271204
0.0217691
0.197771
0.0220043
0.0219899
0.0762193
0.0219435
0.0579726
0.0266815
0.0257405
0.0218721
0.0428338
0.769846
0.0214268
0.0328961
4.8302
0.0423446
0.0217968
0.031513
0.0219954
0.0217901
11.5273
0.0218304
0.0217839
0.0516198
0.0219572
0.0277721
0.0217784
0.0220048
3.30968
0.0218847
0.0216683
0.0250605
0.0219104
0.021534
0.0222518
12.1849
0.0221481
0.0220851
0.0215855
0.0917984
0.0224062
0.0248444
0.0219281
0.0350029
0.0227276
0.0218955
0.0230335
0.0221011
0.02178
0.119641
0.0431602
0.0295283
0.0235076
0.0470139
0.0788525
0.027556
0.0282629
0.0229612
4.29046
0.0219365
0.0220228
0.0219257
0.0222384
0.035884
0.0218958
8.7253
4.1257
7.69855
0.022085
0.0250919
0.0396933
0.0215418
0.0894509
0.0480967
0.90694
0.0707817
4.20933
0.0789608
0.235923
1.46302
0.0288387
0.0232502
0.0255037
0.0217826
2.25545
0.0227399
0.0293808
0.0217966
0.0253609
0.0220473
4.25037
2.77602
0.0222037
4.81878
0.750163
0.28143
0.0480391
0.0680862
0.0216715
4.50728
0.0219696
7.16795
4.57856
0.0222043
0.0218964
0.0220033
0.0234234
0.0255077
0.0366819
0.236297
0.0221253
0.022042
0.0256251
0.0225221
0.0220367
0.026444
0.021834
0.0220611
1.00481
0.0646422
0.0220441
5.12758
0.0231897
0.0222721
0.0234579
0.360848
0.0219408
0.021731
0.120171
0.193113
0.0218385
0.0256604
1.60878
0.0567698
3.96135
0.0217786
0.211635
3.40976
7.60447
0.0220842
0.02191
0.0663465
0.0264542
0.0421467
0.0223502
5.06329
0.0516379
0.221475
0.0220639
0.021978
5.06412
0.431233
0.02215
0.0222723
4.82726
0.0219231
0.0216137
0.0218433
0.0237778
0.0221969
0.029818
0.0221171
0.0241445
0.0216231
0.034526
21.5122
0.0605888
0.0358486
7.15838
0.080202
0.0216491
0.0217862
0.0218943
0.0222837
0.134999
0.0299558
0.0221976
0.0219851
0.0219745
0.0216064
0.0327021
0.0216161
0.048914
0.0245428
0.0221242
3.1441
4.65733
0.0221029
4.90082
0.0343588
0.0342894
0.0222641
0.0216295
9.1461
0.0783477
0.0219244
0.0217292
0.0219341
0.0270604
0.0222624
0.189863
0.0215272
0.0220612
0.0220644
1.65316
4.95973
0.0215311
0.0220044
0.154289
0.491483
0.0247074
3.44821
5.20329
0.0218067
0.0221421
0.022133
0.0230967
1.54928
0.0220405
0.0222843
0.195442
0.0983042
0.0222121
0.0219452
0.0732275
0.0222836
0.0220762
0.112617
0.0877398
4.50375
0.0219846
0.0802218
0.0414938
0.0598217
0.0231205
0.0278888
0.0219403
0.0219797
0.12222
0.0261875
0.0220004
0.0251852
4.55197
0.0215472
0.0218083
0.0215399
0.0779128
0.0219496
0.0220871
0.0214483
0.0219483
0.848441
6.84989
0.0222284
7.48845
3.95149
4.04718
0.0219372
0.0219404
0.0218291
0.0218891
0.0221172
0.0221501
0.021626
0.0220829
0.0217809
0.0244228
7.31969
0.0367647
2.63158
0.0315023
0.0220334
0.0232412
0.0330855
0.022185
0.0218455
0.0411162
0.0327265
0.703858
0.0445323
0.0215113
9.65374
0.0228451
0.0215028
0.021892
0.3368
0.0457379
0.0227819
0.0262324
0.0220735
0.0220954
0.0326045
0.0436906
0.0296793
6.77558
0.0220851
0.0220307
0.724324
0.0381712
0.0255103
0.154094
0.023444
0.06708
0.359392
0.0693728
7.72375
0.0218451
0.0217686
0.0219424
0.0220493
0.0220954
0.023364
0.0424323
0.0557079
13.68
0.0220743
5.95697
9.00946
0.0251551
1.72957
0.0222447
0.10135
6.83154
0.0219131
0.103891
0.0215773
1.8522
0.0221976
0.289788
0.0218565
6.356
0.0419169
4.6561
0.0218488
0.214626
0.0216621
0.0234551
1.68023
0.0218394
7.76075
4.10816
3.95763
8.96922
0.105906
4.27764
0.0404976
0.0220194
0.0459735
0.0486274
4.24282
0.0220788
0.0220176
0.0228905
0.0502954
0.0219458
0.0222477
0.0222548
15.0364
1.80715
0.021904
8.57373
0.05971
0.021728
0.0392809
0.0277445
1.92822
0.0305442
0.0217805
0.705243
0.0220732
0.0219401
0.0220904
0.134426
0.0667406
0.0218391
0.0269041
0.022111
0.0222606
0.0217941
7.81144
0.0222857
0.0218158
5.50351
0.298633
0.0245351
0.0218425
1.4576
0.028667
0.0233673
0.021951
0.0525327
0.023474
0.0283351
0.0251285
6.93274
0.0446842
0.0648961
0.0215045
0.0344048
0.0503105
0.0290839
0.0224188
6.29596
0.0222527
0.204945
0.0218859
0.0221935
0.0336483
0.261153
0.0238486
0.0257602
0.0221145
0.0377789
0.0705213
0.100713
0.0284921
0.0222923
0.0219664
0.028316
0.0956482
0.0219401
0.0463679
0.0220175
0.0219419
4.2288
0.0218871
5.84723
0.0219414
0.0273148
0.0793323
0.0219305
0.0296379
0.116002
0.113653
0.0219581
0.0901971
0.0228026
0.0222633
0.0218908
4.43241
2.43539
0.0219058
0.0219304
0.0216429
0.0218116
0.10319
2.87315
0.0219329
1.37691
0.0217321
0.0217994
0.0218924
5.79684
0.0229859
0.0240706
0.0219494
0.0220033
0.0219109
0.0222568
0.0222595
0.033502
12.7381
0.0216464
0.021914
0.0421416
0.0734648
0.0217953
7.07092
0.055124
0.0217911
0.0215303
0.0223584
0.134583
0.0217527
0.0879205
0.0295497
0.024127
0.0217874
0.0480697
0.021531
0.139306
0.0282131
0.0224109
5.4338
7.44056
0.0214339
0.0218549
6.15183
0.135703
0.084369
0.0249311
0.0878823
0.0215655
4.75316
0.0706681
0.0218042
1.5637
2.77133
0.0233368
0.0466593
0.0568969
0.0217732
7.62228
0.0221974
0.0278501
0.0308856
0.0222871
0.0220498
0.0532954
0.0218685
0.0218909
0.0218678
5.97082
0.0218478
0.0219398
0.0217623
0.0218882
0.0218601
0.0222301
0.0577835
0.0460045
0.0240571
0.0222498
1.8483
0.0223136
0.0218394
0.0218958
0.0216387
0.0220866
0.021973
0.0299846
0.101806
0.022224
0.031977
0.0508353
0.0217609
0.0281094
2.12367
0.0228768
0.0215341
0.0220818
0.084858
0.0222028
0.022203
0.0246575
0.0251895
7.60787
12.1124
0.0218251
0.0218653
0.0219452
0.0706281
0.0232139
0.0217971
0.0286382
0.0764052
0.0221845
0.0272893
0.0221335
0.114524
0.435616
0.0231828
0.129069
0.0263842
4.16231
0.0222051
0.0218928
4.84659
0.11977
0.0248091
0.199618
0.0936276
28.4032
0.0468307
0.705769
0.0264986
0.0258315
4.6311
0.0271591
0.628098
0.031931
0.134858
4.76769
0.0222933
0.0221501
0.0219799
0.369003
0.0214557
5.5465
0.0393423
20.4101
0.0230401
0.120706
0.236263
0.0219486
0.0222272
0.0811785
0.0305128
0.0220887
0.0258986
0.0792684
0.0830625
0.0827427
0.127138
10.3202
0.151871
0.0221154
0.0222014
3.42464
0.0777147
0.0228088
0.0388373
2.81772
0.0224044
0.0244307
0.0219431
0.0293353
0.0220403
0.0221058
0.0393518
0.0221063
0.0227421
4.59979
29.08
0.0217278
0.0260489
0.0278644
0.199848
0.0439563
0.0225484
0.0219282
0.105939
18.6772
0.0219313
0.0253176
0.0221436
4.69053
0.0218247
0.0311162
5.11447
3.53777
0.022272
0.142603
0.0924099
0.0614369
0.0259919
0.0220217
5.57769
0.0218114
0.0273399
0.022253
0.0303978
0.0216207
0.0216445
0.0222001
0.0711339
0.021816
0.0219793
0.0218044
0.0221126
0.0218654
0.0220898
0.0969557
9.256
1.80372
0.026255
0.0220581
0.0325514
0.0241345
5.57697
0.022285
0.184335
0.0216186
0.0219973
0.0226403
0.0363859
2.75114
0.0219601
4.2938
0.0223999
0.0215276
0.0233609
6.314
0.0235294
0.0457092
5.24476
0.0222848
0.0221944
6.61979
0.0218811
10.1025
0.022089
0.0337514
8.94134
0.0228924
0.0220981
0.0218594
8.65684
0.0276383
0.0218656
0.804144
0.0219616
0.0229589
0.0888664
20.6377
0.199876
3.75797
10.1431
0.0758103
0.0237163
0.188138
0.293255
0.0218746
0.0218536
0.0230109
0.0282065
0.0807989
0.0219935
0.0256669
0.021905
0.0219633
1.71137
0.0222251
7.32466
0.0215689
0.0343372
0.06876
0.0218276
0.0215216
4.03541
4.79717
0.0687245
0.0220823
0.0254729
0.0581678
0.0217654
0.0373081
0.110734
0.0424801
0.023347
5.32438
22.8445
0.0215463
0.0221334
0.0216486
0.0221945
0.0230984
0.0287007
19.5013
0.0221205
0.0219629
0.0486176
17.9264
0.021578
6.09926
0.0216106
0.153714
0.0621067
4.73776
0.0749186
0.0548814
0.0576192
0.0215221
0.0215138
0.294212
0.0260985
0.0220889
1.70693
0.0218233
0.0220857
0.0216229
0.0523681
0.223513
0.728182
0.14986
0.0296633
0.0303573
0.0221151
9.04428
0.716941
0.023305
0.021976
0.0217713
0.104999
6.69554
0.0368565
7.95294
0.0229424
0.021777
4.09591
0.0219419
4.28071
8.88472
0.02169
0.0306871
2.69648
0.024512
0.0367323
0.0218291
4.12612
0.0274397
0.166981
5.0135
9.52607
0.0292896
0.0297303
0.0221363
0.158332
8.98359
0.0233142
0.0244647
4.31401
0.0505257
0.0691426
0.0222635
5.07519
4.7138
0.0992984
0.0219404
0.0276242
0.0218956
5.19739
0.080506
0.0354866
8.18992
4.13095
0.021522
0.17756
0.0221019
9.75513
0.0957192
0.0278864
0.0260601
1.34743
0.0214087
0.0692776
5.9761
3.14341
0.0232588
0.0220324
0.0217889
0.0912895
5.26046
0.191408
4.17195
0.107331
0.0434754
0.0217701
4.03958
0.0877292
0.0290674
0.197613
5.12529
4.49877
4.56847
7.3989
4.85035
4.8329
0.0220902
0.0293354
0.0344374
0.0219915
9.13404
1.33852
0.0220207
5.96015
0.0221301
0.0219934
0.0217711
0.0326049
0.0218647
4.28881
0.0626862
1.22499
0.0217319
0.705805
0.0491315
1.21325
4.65632
0.0229862
0.0289753
0.0390234
0.0684697
0.0217861
0.0216427
0.0218906
4.11448
0.0217775
0.0217835
0.488242
0.0237227
17.7068
0.022046
5.08918
0.0219513
0.0220606
0.0219625
0.0219861
0.0282143
0.0249343
6.32357
0.031747
0.0404363
3.64545
0.0218245
5.38822
0.0217914
4.6354
4.40484
4.63564
0.0722381
0.0219859
0.0222726
4.2624
0.0221709
0.0273793
0.0221125
0.0315376
4.96777
0.0218865
0.0218459
0.021868
0.0222651
9.4643
8.64289
0.0218388
0.0214481
4.14869
7.45413
0.0218585
3.8374
0.0222642
6.22393
4.49214
0.0767526
0.369478
1.07229
0.0880057
4.17587
0.0899903
0.0219669
0.0215482
0.0217836
5.33915
8.00016
0.0232326
0.0286739
4.17232
0.0218295
4.73876
0.0218976
0.0220318
0.0216328
9.66666
0.0829608
0.021762
3.9572
0.0222526
6.64174
3.32663
0.0217443
0.0221106
0.135796
0.0219546
0.0219315
0.0218304
2.37577
0.032608
0.0220323
0.0221305
2.26481
0.0219292
0.0423817
0.0219886
4.70796
0.0221019
0.109089
0.0236057
4.18635
5.90613
0.0323835
0.0960667
0.0605088
0.0220763
0.0792338
4.37863
0.0217681
0.0915436
0.021763
0.701611
0.0218914
4.65164
2.32639
0.109598
4.13127
4.01276
0.041731
0.0228115
7.94422
0.0219327
8.97709
0.0256608
1.81205
0.0218619
0.0334385
0.0500512
0.0309782
0.0221114
0.0219404
0.0221956
4.9606
0.0783274
3.97884
1.7538
0.0279424
0.0216226
0.0563011
10.4831
0.0343989
0.0218061
0.022081
11.0562
9.46597
10.604
4.97278
0.0379391
0.0222955
0.0217747
0.0556239
0.0544725
1.28453
0.0220023
0.0220711
32.9713
0.0711345
0.0222853
0.0692831
1.64211
0.118399
0.0216317
0.0498981
0.714588
1.8447
4.8626
0.24782
0.0218644
0.0222691
0.0220841
0.0222849
0.0219488
0.0220918
0.0342238
0.22872
0.0358819
0.0290383
0.0296344
0.0221876
0.026482
0.0228083
0.0358181
0.0335408
0.0218253
0.029172
0.0218858
0.0218422
0.0226084
0.0221206
0.426325
0.0216022
0.0802358
1.59901
5.56723
6.4692
5.16228
0.022457
0.0222368
0.0219008
4.04045
0.0219446
0.0214773
0.0221742
4.24787
0.0318582
0.0358519
0.801469
0.0235474
0.0220345
0.030731
0.0218758
0.0497618
0.0222854
0.035161
0.0217893
0.0219226
0.0231482
0.0236952
0.0260683
1.15752
0.0413906
0.118001
0.0644444
0.14994
0.0465167
0.0736813
0.0219241
4.37437
0.0246426
0.0270406
0.0219286
0.0229878
0.12999
0.0219844
0.0669656
6.48707
0.0296891
0.388882
0.11162
0.0558576
0.0733834
0.0625387
0.0219304
0.0296795
0.0220916
0.0838315
0.0541294
3.73094
0.0217566
0.0506752
0.0266898
2.61212
5.8718
0.0491708
0.022099
0.0556139
0.0215724
0.073743
0.0229446
2.89856
0.0216561
0.0261025
0.0220197
0.0372958
0.166121
0.0318314
8.76384
0.0220414
0.0328896
0.0632105
0.0220188
6.50233
5.69485
0.190259
0.0601963
0.0508975
0.021863
0.0217937
8.28278
0.109546
0.0216502
0.0227239
0.0251731
0.021894
0.459246
0.0217844
4.86595
0.159195
0.1763
0.0389793
0.0223609
0.0216636
0.0218687
0.160601
0.0838009
0.0268982
4.43102
0.0221737
0.0232103
0.0276139
5.97434
0.0215101
5.08305
0.0214087
3.95597
0.0219106
0.0218967
0.0388338
0.0219857
0.0222509
0.157306
0.0220817
0.0223454
0.0218014
0.04685
0.0261104
1.44796
0.0219924
0.0221087
0.0218482
0.152972
0.0218016
0.029008
0.0448971
3.98729
8.32722
10.9484
0.858251
0.460224
0.0435454
0.0647088
0.0276
0.022251
0.0221209
5.22506
0.0593712
0.0215425
0.0219667
0.0219559
0.0289832
0.0873231
0.0222518
0.0306559
0.136101
0.210911
0.121608
0.0219693
0.0222376
2.00015
0.024233
0.0215983
2.59874
6.23627
0.0216999
0.0214381
0.02732
0.0220569
0.0387899
0.0222485
4.44605
0.0222726
1.44809
0.0220285
4.7646
0.0309447
0.0219444
0.0680139
0.0215961
0.0220779
0.0222647
0.0343068
0.676585
0.0218512
0.199605
0.0222855
0.0221997
0.117124
0.0217325
0.0221285
0.0221025
0.0214746
0.0219706
0.0215133
0.0221663
7.2983
0.0218552
0.0217792
0.0594184
0.0216346
0.021937
0.0221674
0.0222898
7.00584
0.416597
0.0220941
0.0232118
0.0220066
0.0222855
0.234295
0.0220557
0.0219851
7.59419
0.021963
0.0484872
0.062822
0.0391615
0.0219284
0.280679
0.0219023
1.22875
0.0708414
0.0219514
7.23329
1.71419
0.0285911
0.125971
0.021842
0.0218627
0.0466
0.258694
0.0217861
0.0218578
0.0223362
0.0432091
0.0221046
0.0375836
0.0221118
0.0503659
7.48323
0.0405546
0.228919
0.0218439
0.0257475
0.0228382
0.0236161
0.0216891
0.0218867
0.0230781
0.0234684
0.070305
0.0224082
0.107336
0.0219738
4.02504
0.0215239
0.0217733
0.078567
0.0222715
0.11211
0.0983126
0.03886
0.0220366
0.0230926
0.022039
0.038996
0.0220796
0.0569939
0.0266921
0.0221787
0.0216827
0.0279356
5.23778
0.0330874
0.0537226
3.04625
4.31874
0.0402929
0.021574
4.19451
0.0219703
0.0240621
0.0224275
0.119559
0.0220015
0.0365375
0.0282289
0.0237726
0.0221217
0.0259448
0.0222
0.0653936
0.0219347
0.0221855
0.0219859
0.0293454
7.47689
0.0220373
7.25165
0.0884242
0.0214591
6.52745
3.98168
0.0218763
0.0237152
0.0981043
0.0217899
0.0218973
2.46848
0.0220278
3.11597
0.0257029
0.0251067
0.0226986
0.0226499
0.0219161
0.0218868
0.0626113
0.0225632
0.0219621
0.0219088
0.0224688
4.94361
0.0380481
0.0220816
0.0294158
0.17905
0.0681744
0.0218804
0.0221009
0.0219503
0.0255615
0.0228427
0.0224325
0.0285941
5.34186
0.0218618
0.0234134
2.29582
0.0250081
0.117727
0.160763
0.0218656
0.02227
4.25349
0.0964687
0.374854
4.75826
3.02164
0.264526
6.78097
0.0218266
0.0237262
0.0216793
0.0221865
3.64862
0.02199
0.0599
0.0723621
0.0321902
0.0252845
1.13992
0.0219025
0.0221173
0.0258802
0.0219369
0.0220502
0.021802
0.0221993
0.0765999
0.0219398
0.0221516
0.02179
0.0470494
0.0221325
5.15507
0.0219156
0.0235245
0.0218155
0.0222521
0.0229447
0.0219973
0.0396544
0.0230128
0.0219309
0.0290218
0.0221133
0.0222645
0.0220013
0.0315567
0.0225286
0.0220357
0.0220488
0.0220618
0.0307412
0.0220225
0.0220098
0.126724
0.0220763
0.0219255
0.0245426
2.28067
0.0555745
0.0226472
0.0590425
9.01128
0.141249
0.235525
0.0242024
0.0230279
0.0283265
3.18317
0.022178
1.44583
0.0229164
0.0218926
0.0291903
0.0220537
0.0763483
0.0838437
0.0694889
0.0231959
0.0219869
0.0294918
0.0278092
0.0229643
0.0248863
0.0241218
0.0455208
0.0771538
0.0828425
0.0219475
0.0249186
1.49599
0.023198
0.0222852
4.92784
0.57654
0.021978
0.0226557
0.023806
0.080272
7.60041
0.0219597
0.934547
6.13569
0.0391518
0.0634262
0.0217059
0.0240922
0.0230026
0.0924752
0.0222318
0.0299672
0.0240542
1.55273
0.0221935
0.0220631
4.93323
0.0241454
0.0230642
0.022272
0.0222125
0.0396892
4.0249
0.0286262
0.0220443
2.10081
0.107803
0.0225066
0.0219549
0.0218228
0.0245608
0.0217619
0.266523
0.021854
0.0248575
0.0252709
0.0659728
0.0267274
0.021857
0.0278777
0.0246931
0.0218406
0.112059
0.0220625
0.0238719
0.0216891
0.0222719
22.9065
0.0298974
0.0224897
4.06898
0.0231215
0.0219495
7.68713
0.076373
3.99551
0.0219226
0.0234953
0.0218707
0.0228649
0.0232846
5.00399
0.0227726
0.101116
0.021819
0.0222851
0.0244909
0.0220303
0.0374703
9.12291
0.688207
0.0219535
0.0217187
0.295137
0.0225867
0.0222659
0.0268176
0.0285974
0.464994
0.0888759
0.0230631
4.38021
0.099323
0.0224772
0.0217799
0.022394
0.0289274
4.07528
0.0222839
0.0725741
0.0231192
0.0220915
0.0215881
0.0226118
12.6598
0.0272671
0.0217972
0.0240327
0.0220956
0.0255564
0.0214471
0.0238138
0.0220214
0.0233584
0.48229
0.0220639
0.0222128
0.112647
0.0216183
0.0215793
5.27966
0.0218768
4.60053
5.09752
9.02826
0.027096
0.0221508
0.0215119
0.0221391
0.0214859
0.0239489
0.343256
0.0558366
0.482902
0.0916385
0.0245152
0.0216156
0.0234367
0.0227993
0.0222726
0.0221455
0.0215686
0.0766341
0.02275
22.1572
0.0223435
0.0228988
0.0222634
0.0221848
6.37168
0.14559
0.0289552
0.0215104
0.057455
0.0236376
0.0219747
0.0911749
0.0214579
0.0239487
5.70099
0.0219615
0.0218887
0.0218878
6.52643
4.54589
0.0216559
0.0228219
0.0257197
0.0221138
0.0216806
0.0219937
0.0220761
0.0218969
0.0218494
0.0219007
0.0254159
3.99952
0.0389412
0.0219371
0.0219339
0.0225131
0.0222817
0.0221774
0.0263671
0.0278388
12.3071
0.0267464
0.0222169
0.0230862
0.0219492
0.106593
0.021612
0.0222234
0.0233482
0.0296484
0.0270157
6.02017
0.0221688
0.0334903
0.0227961
0.0227719
0.0221049
0.0216226
0.0234345
0.133914
0.302572
0.0217671
0.0399321
0.0812603
0.0222647
0.0443566
0.0401661
3.06713
0.0222495
0.0238519
0.0228059
0.0216035
0.0840801
0.0219618
0.0220012
0.0584306
0.720193
0.559747
0.0217949
0.0219069
6.70212
3.94355
0.0216056
7.68493
5.87937
0.0218222
0.0216049
0.021769
0.0220772
0.0221405
0.0215605
0.0293734
4.86143
0.0218449
0.0219623
0.0217005
0.0221578
0.0217943
0.0218627
0.0215507
5.21613
0.0221125
1.5299
0.0221898
0.0218084
0.0233765
0.0218424
0.0221756
0.0310523
0.0221551
0.0223373
5.16417
0.0219945
0.026256
0.0220412
0.0219803
0.0221409
0.0218099
0.13882
0.02206
0.0221073
0.0220997
0.229157
0.0362197
0.0222775
0.0221752
0.021941
0.0234514
3.99553
0.0236084
0.0238923
0.0219534
0.0221236
0.0219408
0.0549977
0.0236701
0.0232551
0.471791
0.0470141
0.0218211
0.0261729
0.0221123
0.0226355
0.0218548
4.6513
0.021964
0.0220588
0.0218037
0.0301431
0.024017
0.0233112
0.0219368
0.0217952
0.0665409
5.76394
0.0218377
0.0570351
0.0237266
0.023602
7.97115
0.0217709
0.0219879
0.0219533
0.0244007
0.023808
0.0217936
0.0247535
0.021908
0.113342
0.0215298
0.0217192
0.0264559
0.0221427
0.101892
0.0273481
12.0111
0.0706547
0.0222119
0.113431
4.21102
0.022904
0.0254064
0.0220685
0.0256161
0.0217845
0.0424433
0.0466209
0.0218808
0.0295928
0.0218914
4.34124
0.0224076
0.0244993
5.32532
0.0488692
0.0247843
0.162666
0.0221563
0.0219967
4.61786
0.0217796
7.94817
0.0218439
0.0218614
0.0840823
10.91
0.021913
0.0439867
10.2654
0.0218533
0.0221747
0.0220207
0.0294677
0.0266754
0.0231656
0.0220083
4.0286
0.0219667
0.0229062
0.0219408
0.0218942
0.022039
0.0239215
0.0288015
5.99074
0.0222313
5.54604
0.0219422
0.023095
0.0250086
0.0229576
0.0680163
0.0696958
0.0226848
0.0219298
0.021826
0.105374
0.0217553
0.0218269
0.676238
0.131593
0.0217649
0.0220062
0.0217767
0.0220907
0.02515
0.0830761
0.0219683
0.0221269
0.021746
0.0223606
0.021967
0.0215133
0.0291293
3.58597
0.0217004
0.0224865
5.82331
0.0219065
0.0402525
0.0220708
0.0323565
0.0598078
21.0139
0.0222612
0.0220568
0.0217879
0.0223072
0.022044
0.0214576
0.0221445
0.022127
0.0237263
0.0626867
0.0260151
0.0240786
5.3384
0.0220306
0.15354
0.0217512
0.0219415
0.0220177
3.46048
0.0218353
0.0582753
0.0234246
0.0228327
0.0219358
0.0217683
0.021891
0.0226096
0.021851
0.0218147
0.0504315
0.788146
5.1419
0.0217905
0.0539279
0.0223512
0.0220861
0.0218481
0.02208
0.684061
0.0218753
0.0219182
0.0541823
0.0216021
8.80093
0.0283954
0.195395
0.0220709
4.15951
0.0229148
0.0283035
0.0254007
0.0222491
0.0245524
0.114752
0.0234511
0.0218588
0.0456209
0.0218756
0.0218036
6.35494
0.0391743
0.021828
7.45282
0.0217359
0.0892212
0.0217533
0.0234861
0.0219194
0.0222444
0.0219686
0.0219981
2.65965
0.0227745
0.0249069
0.0221399
0.036215
0.0218543
0.0252945
0.0218185
0.0218998
0.0220663
0.0366799
0.0217613
0.0268432
0.0219336
0.0219415
0.0218704
0.0243049
0.0218631
0.0219512
0.0215844
0.0221019
0.0222056
0.0217424
0.0274047
0.0218041
0.0253755
0.0219631
0.0307159
0.169837
0.021863
0.0218458
2.08705
0.0215682
0.0222001
0.0218638
0.0215047
0.0219764
0.0218035
0.0220791
0.0390849
0.0218629
0.0218942
0.0216175
0.0814814
0.0219948
0.0232062
0.0221298
0.024557
0.0216957
0.0219866
0.021849
0.0274285
0.0218641
0.0220282
0.0403026
0.0222248
8.58239
10.7885
4.26641
0.0260698
0.0328435
0.0308743
0.0765501
0.0293491
0.0217425
0.0221337
0.0221927
0.021944
7.34403
0.0219333
0.0216103
0.050118
0.0218484
0.0229924
0.0260491
0.0216374
0.0219054
0.0233994
0.0403642
0.0219089
0.0429078
0.0219515
0.0221123
0.0217652
0.0219307
1.54052
0.0217969
0.103895
0.0219241
0.0217598
0.0217555
0.0217826
6.36369
0.0219136
0.0400499
0.0218537
0.0218297
0.0222308
0.0218375
0.0216888
0.0508884
0.0302653
0.0926082
0.0706795
0.0249523
0.0218332
0.0222005
0.0286226
6.27033
0.022443
0.0225614
0.0216476
0.0214418
0.0340521
0.0217774
0.0221671
0.0217713
0.0260579
0.0217062
0.0219304
0.0226941
0.0219139
5.93158
0.0340593
0.0219265
0.0221516
0.0242599
0.0220361
0.0220381
0.0218587
5.1337
0.0221931
0.0218843
0.021918
0.0218878
0.0218925
0.0218971
0.021903
0.0219106
0.0218955
0.0828135
0.0258427
0.0399191
0.0218598
0.183267
0.0219492
0.0380436
0.0582853
0.0223383
4.18518
3.61929
0.0219489
0.0219706
0.0220602
0.0217852
0.0219068
0.0498794
0.0220031
0.0270958
0.0218583
0.0218094
0.0219486
1.97699
0.0218902
0.0222439
0.07763
0.0235348
0.0219481
0.0216827
0.0218662
0.0218649
4.42086
0.0218929
2.52854
0.0319943
0.0214994
0.0217609
3.91681
0.0230672
0.0217859
0.021724
0.0216497
0.0217475
0.213091
0.0253352
0.0215963
0.021701
0.0508292
0.034706
0.0219764
0.021977
0.0219751
0.0222311
0.0249677
0.021977
0.0218429
0.0219894
0.0218318
0.0497023
0.0238372
0.0217125
0.0219755
0.039054
0.0544253
0.021813
0.0901739
0.0221852
0.0219779
0.0428345
0.0217277
0.0218974
0.0215707
0.0221084
0.0220155
0.0218078
0.021695
0.0220613
0.0629262
0.0220064
0.0220131
0.0219613
0.0219534
0.0220053
0.0217071
0.0217435
0.0215707
5.72303
5.50809
0.0218472
4.99978
0.0218562
7.74375
0.0215923
0.0900365
0.0218356
0.0221922
1.5384
0.021778
0.0233366
0.0217968
0.0218462
0.0217613
0.0282976
0.0220154
0.0217075
0.0217451
0.0217859
0.0219534
0.0215264
0.0219721
0.03345
9.39206
0.0217398
16.7981
0.128768
0.0218608
0.0228354
0.0218125
0.0220799
0.0221558
0.021897
0.0222035
0.021607
0.0215978
0.0218777
0.0216774
1.53034
0.0218002
4.50797
0.021599
5.25522
0.0278638
0.0219403
0.0216583
0.0268896
0.0218498
0.022012
5.40263
0.0221085
0.0215323
0.0216272
0.0218255
0.0217897
0.0221734
0.0214872
4.63905
0.022288
0.0220004
0.0220224
0.115983
0.0218258
6.34569
0.0217966
0.0219264
0.0218014
0.0216189
0.021821
0.0218608
0.048498
0.0218078
0.0264606
0.0220493
0.0218101
0.0220749
0.0219263
0.0216855
0.0218824
0.0222059
0.0270911
0.0215442
0.0222723
0.0222476
0.0219303
0.0221287
0.0217957
0.0218084
0.0221928
0.0218321
0.0218103
0.508942
0.0217726
0.0223355
0.021812
0.0220209
0.022225
0.0554087
0.0220782
0.0218625
0.0734297
3.98318
0.0945513
0.0540042
21.1408
0.0383039
0.145704
8.41135
0.0246696
0.0218551
0.0221928
0.0218751
0.0222862
0.0218881
0.0216427
0.0220285
0.0347201
0.0414428
0.0218209
0.0218154
0.0260758
0.620841
0.0995866
0.0222122
0.0217752
0.0216171
0.0229981
11.8192
0.372206
0.0220698
0.0218263
0.0220115
0.0219201
0.0217473
5.3311
0.0977267
0.0223788
0.0228194
0.0229559
0.0219137
0.0221195
0.023133
0.0217346
0.0309941
0.0545082
0.0221868
0.0427954
0.0217039
0.0226622
0.0219011
0.0222708
0.19814
0.0216435
5.16713
0.0218511
0.0266513
0.0217799
0.0266738
0.0219287
0.0216329
0.0216174
0.0222887
0.0220015
0.0272198
0.0261196
1.38734
0.0248922
0.0218807
0.021931
8.01763
0.0219409
0.0725994
0.0251769
0.0224945
0.0217804
0.068795
0.0218591
0.0219422
0.224055
0.0217922
0.0217067
0.0219259
0.0217593
0.0961943
0.0555255
0.0224162
0.0220162
0.0218763
0.0219655
0.0230049
0.0221334
0.0217105
0.022591
0.0435382
0.021642
0.0221877
0.0215082
2.78356
0.0219442
0.0217898
0.021564
6.15686
0.0557514
0.0219524
0.0227226
0.0230476
0.0276082
0.021633
0.0455608
0.0219495
0.0220297
0.02205
0.0222319
0.0218686
0.02181
0.043557
0.106465
0.0218184
0.0227753
0.0223798
0.0222885
0.0474336
0.0232034
0.0236471
0.232398
0.0217834
0.0215838
0.0942741
0.0215491
0.021971
0.0243962
0.0663968
0.0219439
0.0217994
0.0221361
0.0219199
0.0233887
0.02168
0.028729
0.0233033
0.0217951
0.0240226
0.0218844
0.0221366
0.0215403
0.0219052
0.0369816
0.0217776
0.0218315
0.0506581
0.0239286
0.0220871
2.34672
0.0222062
0.0215826
0.0219435
5.5835
0.302066
0.0815276
0.0236816
2.52716
0.0223677
0.0231289
0.206357
1.37306
0.0218408
0.021935
0.0887396
0.0215639
0.0216565
0.0223887
0.022167
0.0215893
0.0345471
0.0221103
0.10743
0.0255386
0.0214455
0.0221081
0.0219524
0.0219168
0.0218429
0.0219303
0.0218842
0.0218183
0.0219415
0.0219495
0.0215528
0.0279966
0.0516764
0.021502
5.98248
0.0220472
0.0221292
0.0218906
0.0215728
0.0220282
0.0219441
0.0226131
0.0218394
0.0220305
0.021923
0.0221108
0.0217438
4.73992
0.0261432
0.0222345
0.021956
0.0678119
0.0218678
0.0218565
0.0219583
0.0221396
0.0220143
0.0233733
0.0695759
0.0217629
0.0217707
0.0221425
0.031742
0.0216706
0.0217702
0.0985672
0.0217398
0.021796
0.0215876
0.69073
0.0221688
8.03947
0.0217441
0.0220162
0.0220076
5.4107
0.0220562
0.0220507
0.023634
0.0328891
0.0220308
0.0219051
0.0229167
0.0216839
0.0230877
0.0215553
0.0302368
0.0472368
0.0222516
0.0247909
0.0217937
0.0218489
0.0221325
0.0219482
0.0217125
0.0218009
0.0221507
0.0219957
0.0218684
0.0216834
0.0320013
5.01349
0.0222442
0.0278733
0.0239467
0.0219801
0.0217556
0.0714386
0.0217436
0.0215238
0.023474
4.60062
0.0218867
0.0222312
0.0218314
6.65954
0.475672
0.0469169
0.0219714
0.0862323
0.0215803
0.0221935
0.0217458
0.0218626
2.92877
0.0222932
0.0222934
0.0222937
0.0222942
0.0222928
0.0222931
0.0218672
0.0220537
0.0228431
0.0214241
0.0218025
0.0217884
0.0222251
0.0225425
0.0217364
0.0219377
6.66111
0.0324485
0.0216831
0.0289236
0.0218309
0.0219105
0.0220855
0.0223592
0.0218681
0.021959
0.0220703
0.0219626
0.0986159
0.0217939
0.0216279
0.040614
0.0220564
0.0218818
0.0219498
0.0221339
0.0216966
0.0221178
0.0221669
0.027311
0.0635006
0.0777324
0.0229612
0.0237324
0.0230389
0.0233675
0.0222933
0.022471
0.022721
0.0222092
0.0222857
0.470198
0.0220987
0.13512
5.61687
0.0221779
0.0746659
0.0750108
0.0218302
0.022024
0.0216207
0.021759
0.0273758
0.0426862
0.0403099
0.0220585
0.0219574
0.0222572
0.0269749
0.16532
0.0218891
0.0426685
0.026971
0.0317365
3.72004
0.022227
0.0219397
0.0220903
0.0220056
2.25883
0.0220836
0.0219977
0.021949
0.0219337
0.0223592
0.0218765
0.0219402
0.0218928
0.0216087
0.0222921
0.0216293
0.0244713
0.0219584
0.0215671
0.0218107
0.0905407
0.0221053
0.0220152
0.0219673
0.0341107
3.96529
0.0218979
0.022047
0.0216848
2.13072
6.9018
0.0720516
0.0219312
0.0220359
0.229257
0.0332241
0.0218591
0.0218937
0.0221409
0.0219321
0.0227776
0.0218939
0.0215489
0.021616
0.0283565
0.0220563
0.0215998
0.0219315
0.0219475
0.0219598
0.0300461
0.0989457
4.8472
0.0283072
0.0221039
0.0219284
0.0226062
0.0218255
0.0216136
0.0589846
0.231208
0.0221018
0.0244708
0.0220987
0.0216498
0.0223147
0.0525536
0.0222223
0.0216776
0.0218151
0.0220064
0.0262858
0.0221163
0.0236825
0.0222107
0.0214225
0.0218641
0.0221476
0.0338243
0.0219449
0.0217099
0.0239024
0.0218839
0.0215005
0.105949
0.0365667
0.0544467
0.0253014
0.0217832
0.0283567
0.0215563
4.77264
0.021874
0.0221111
0.0220452
0.0218161
0.0216796
0.0216709
0.0220328
0.0218657
0.0217648
0.0216287
0.0341121
0.0221865
0.0815216
0.0220934
0.0222568
0.0222725
0.0217413
0.0217999
0.0219511
0.0219733
7.4305
0.0215261
0.023624
0.0471863
3.47922
0.0275517
0.0220478
0.0218641
0.0219497
0.0228332
0.0217432
0.0596043
0.0220024
0.0222453
4.09754
0.0246867
0.0244124
0.107665
0.0219219
0.0318851
0.0888419
0.0351718
0.0220314
0.0219059
0.0216947
0.0219174
0.0251045
0.0300069
0.0221852
0.0220234
0.0339411
0.0218321
0.021926
0.0231893
0.0222257
0.112762
0.0834262
7.90259
0.0223114
0.061407
0.0219193
0.0218798
0.0220983
0.0282642
0.0221972
0.0219038
0.0219407
0.0217692
0.0214315
0.023083
0.024357
0.0217427
0.0218547
0.0262956
0.252067
0.0222842
0.0219536
0.0224266
0.0220918
7.23488
0.0220528
0.0365216
3.88351
0.021913
0.0688319
0.0229637
0.0222724
0.0217177
0.0243022
0.0220954
0.0216999
0.0221374
0.0221373
0.0222956
0.064455
0.0219112
0.0221354
0.111295
0.02173
0.0219492
7.5581
0.0219185
0.0219619
0.0220829
0.0219615
5.87002
0.0721817
0.0228772
0.0217876
0.0219211
0.0216129
3.58846
0.024474
0.0219267
0.0219498
0.0220801
0.0221569
0.0219738
0.0218557
1.07321
8.58244
0.0221674
0.0221344
0.0346698
0.022224
0.0232042
0.0280374
0.021892
0.0221507
0.0218455
0.0226825
0.0220251
0.0226642
0.0217443
0.0447004
0.0218833
0.0218368
0.0221828
0.119554
0.0219117
0.0215114
0.0653192
0.0219356
0.0695812
0.0764852
0.021953
0.0220946
4.01511
0.0310903
0.0258931
0.024223
0.0219505
0.0221483
0.272182
0.0219672
0.0634784
0.0219489
0.0279309
0.0220916
0.0222241
2.83628
0.0800263
0.0260492
0.0219467
0.0324137
0.0217033
0.0221125
0.0431225
7.85551
0.0221105
0.0311343
0.0217335
0.0249432
0.022093
12.9782
0.0255103
0.0215425
0.0219454
4.01757
0.0219541
0.0222046
0.0584457
0.0242135
0.0218772
0.0219531
0.0223186
0.0969289
0.0220679
0.0223201
0.0222652
0.0420045
0.0217833
0.0284218
4.15202
0.0219509
0.0217391
0.0219812
0.0215863
0.0219832
0.124362
0.0841181
0.0219826
0.0219525
0.0263375
0.0251338
0.0216245
0.0244522
0.0221007
3.34772
0.024666
0.021982
0.0222046
0.022283
3.22823
0.0220298
0.0231837
0.021581
0.0220711
0.0219806
0.0231482
0.0220807
2.48793
0.0220198
0.0219805
5.22056
0.0217154
4.04428
0.0220287
0.0904871
0.0221182
0.0226405
0.0277275
0.0220853
0.022017
0.0215594
0.022169
0.0220047
0.022017
0.0230966
0.0221941
0.0222932
0.0222934
0.287281
0.0218361
0.028068
0.02202
0.0219642
0.0222643
0.0219758
0.021904
0.0219414
0.0216372
0.0217353
0.0219861
0.0226124
0.0219487
0.0221621
0.0233712
0.0504291
0.0221462
0.023068
0.0221901
0.0216189
0.0219576
0.0222448
0.0227317
0.0222207
0.0218101
0.021827
0.035233
0.0241409
0.0223849
0.0220994
0.0222306
0.0271485
0.024285
0.0239565
0.0219712
0.0219781
0.0360764
0.0217984
0.0222786
0.0221443
0.0220201
0.0218186
0.0771157
0.0219481
0.0222933
0.0441269
2.53971
0.0229732
0.193643
0.0228417
0.0222855
0.0220314
0.130041
0.0221877
0.022271
0.0265256
0.0225289
0.0219605
0.0323836
0.0220338
5.12391
0.023672
0.0504405
0.0626236
0.0274793
0.0217178
0.02198
0.0358991
0.299765
0.0227884
0.0218109
0.0256071
0.0274336
0.0218461
0.0219093
0.0220859
9.77984
11.3612
0.050387
0.022021
0.0218907
0.0221415
0.0214305
0.0216023
0.0218944
0.024862
4.59107
0.0225515
0.0254294
3.28762
0.0363416
0.0219939
0.0307601
0.0219679
0.0214765
0.0218032
0.0217158
0.0301679
4.8969
0.0223056
2.94104
0.0216062
0.0381941
0.0221074
0.0217018
0.021937
0.0219716
6.27295
0.0279801
0.036632
0.383679
0.0220966
0.021759
0.0282124
0.0223021
0.0221236
0.0231118
0.0218115
0.0367412
6.55387
0.0497892
0.0220755
0.0219413
0.0218173
0.0219725
1.36522
0.0218905
0.0218067
6.99814
0.311114
0.0219662
0.0225667
0.024993
0.0218473
0.0218029
0.022121
0.0220014
0.0220377
0.0217743
0.0217955
0.0271849
0.0234288
0.0458962
0.0219338
0.0215912
0.0556995
0.0215164
0.0215856
0.0474819
0.0219972
0.0216761
0.0226911
0.0219388
0.022115
0.0219481
0.021958
0.0217418
0.0229324
0.0220995
0.021772
0.0219826
0.0219625
0.0215917
0.0215716
28.915
0.02205
0.0219696
0.0218334
0.0216181
0.021955
0.0221394
0.0697405
0.0217662
0.0219772
0.0219881
0.021531
0.0221109
0.0261435
0.0226796
0.0220055
0.0216015
0.135493
0.0221327
0.0222245
0.0220804
0.0220289
0.0220939
0.0272497
0.0226045
0.0215536
0.319147
0.0220723
0.0338593
0.0266754
0.0221405
4.9759
0.0220081
0.0222049
0.0922062
0.0219738
0.0219269
0.0235578
0.0217573
0.0218191
0.0216158
0.0217734
0.0462111
0.0215855
0.022185
0.0219785
0.0217878
0.0371181
0.022022
0.0217779
0.0218172
0.0221006
0.0220465
0.0826371
0.0219919
0.0218685
0.0221283
0.0217543
0.0222244
0.0222671
0.0215398
0.022233
5.48745
0.0217436
0.0221034
0.0505216
0.0218454
0.0221283
0.0220943
0.0508755
0.0219762
0.022121
0.0226422
0.0668315
0.0222249
0.0218359
0.0221024
0.02178
0.0282659
0.021636
0.0221413
6.86733
0.0222421
0.0221592
0.0246785
0.0353462
0.0217762
0.138184
0.0218043
0.0215975
0.0222508
0.0220239
0.0219926
0.0374573
0.0219524
0.0218383
0.0214389
0.0217997
0.0322128
30.458
0.0217884
0.030212
0.0222491
0.0222139
0.0268901
0.022204
0.0219307
0.107018
0.0216125
0.0215816
0.0220325
0.0267915
0.0220947
0.0222399
0.0591452
0.0221736
0.0220373
4.49915
0.0218933
0.0215346
0.0220457
0.0220642
0.0219628
0.0222339
0.0215009
13.189
0.122296
2.50573
0.0220874
4.17359
0.0218423
0.0220216
0.0595581
0.0218605
5.10047
0.0220306
0.0228482
0.0220311
0.0243015
0.0281049
0.0220808
0.0216567
0.0217957
0.0366212
0.0222393
0.0220414
0.0221296
0.0718138
0.0303857
0.0256181
0.0215659
0.032317
0.0222352
0.0545368
0.0219274
0.0219245
4.00938
0.0222386
0.0219175
0.0222573
0.0217661
0.021954
0.102316
0.0220044
0.0218762
0.0215523
0.0221837
0.0217525
0.0218165
0.0256193
0.022104
0.0233815
0.0217454
0.0222365
0.0215359
0.0221444
0.021922
0.0222376
0.0216783
0.0268437
0.0222935
0.0224531
0.0218844
0.0218886
0.021914
0.0218937
0.0218996
0.021906
1.32343
0.0222004
0.0214491
0.022217
0.0219347
0.0220376
0.0218532
0.0371114
0.0221196
0.0216913
0.0219269
0.0436283
0.0221194
4.53054
0.0219861
0.0218599
0.0220379
0.0216768
5.65593
1.33411
0.0288766
0.0219234
0.0218822
0.0281442
0.0214478
0.242452
0.0233958
0.285765
0.023638
0.0221147
0.0218131
0.0221938
0.465514
0.0219697
0.0220379
0.0265795
0.0522046
0.0218471
0.0246741
0.0220996
0.027558
0.0220566
0.0222136
0.022046
0.0221069
0.027561
0.0220748
0.021705
0.0218459
0.0234654
0.0222706
0.063896
0.0402358
0.0219128
0.0237905
0.326332
0.0639092
0.0221108
0.0239176
0.0222945
0.0218519
0.0218522
0.0222213
5.28193
0.0249502
0.0224707
0.0218492
0.0216838
0.0226421
0.0219008
0.0217037
0.0219181
0.0219798
0.0240003
0.0309475
0.0217642
6.30922
0.0221564
0.021867
0.0675713
0.022216
0.607992
7.09385
3.22771
0.0363655
0.0498582
0.0233222
0.0218496
0.376633
0.0222337
0.0262194
0.0843401
0.0281762
0.0218818
0.331798
0.0218801
0.0222131
3.26592
0.0219788
0.025819
0.022089
0.0219682
0.0220606
0.0219768
0.0219451
0.0220106
0.0224147
0.333675
0.0216949
0.0219102
0.0455755
0.0220386
0.0221512
0.0221231
0.0560721
0.0217007
0.0218149
0.334386
0.0217685
0.0221392
0.0249052
0.0217411
0.0217122
0.0218131
0.119344
0.0217577
0.0219213
0.0217497
0.022078
0.0218592
0.0221741
0.0269662
0.0376588
0.0290481
4.31802
0.0218395
0.333565
0.0549087
0.0520487
0.0283353
0.0222148
0.0233138
0.0278057
3.97
0.0221042
6.03173
0.0295857
0.0219545
0.0220563
0.0221173
0.0254256
0.0219012
0.0219425
0.458283
0.0219664
0.0217088
3.2286
0.0221144
0.0634415
0.0233628
0.167012
0.0496102
0.0258542
0.0216841
0.0737747
22.7295
0.0391684
4.30603
0.0586647
15.6788
0.0220352
0.0218173
4.53484
0.0220676
0.0232564
0.0217774
13.2153
0.0217365
3.30306
4.40404
0.0222287
0.0264644
0.0218922
0.114079
0.0219793
0.0220644
0.0219012
0.0219593
0.0219069
0.0450206
0.0218806
0.0218812
0.0218649
0.0219096
0.0608707
0.0222933
0.0220293
0.0220188
0.0222932
0.0221017
0.0218464
0.241772
0.0292304
0.021779
0.0220685
0.0221192
14.8592
0.0218318
0.0221449
0.0222113
0.0215612
9.14697
0.0238095
0.0219172
0.0221631
0.0808581
0.0218263
0.0226732
0.022134
0.0231522
0.04916
3.41653
0.0756794
0.0226779
0.0259133
0.0426433
0.0596756
0.021599
0.0308687
0.0565216
5.83674
0.0222182
0.0222924
0.0220966
0.0229695
0.0220561
0.0219212
0.0222415
0.0217612
0.0219251
0.0222542
0.0224712
0.0219679
0.0218955
0.0218159
0.661122
0.0218903
0.022037
0.0221071
0.641974
0.0340361
0.0219715
0.0221799
0.0218799
0.022793
6.60104
0.0220903
0.0222924
0.0221181
0.0219153
9.03775
0.0219152
0.0227089
0.0220917
0.139285
0.0218698
0.0222922
0.022137
0.0220158
0.0221247
0.0218789
0.0222202
0.0226058
0.0449896
0.0218531
0.0245402
0.0219866
0.0234644
0.022296
0.0221678
0.0222924
0.0222269
0.0222708
0.0222389
0.021683
0.0218635
0.32201
0.0227413
0.0690665
0.0218529
0.0488451
0.0222857
5.41648
5.60903
0.412634
0.0217251
0.0222036
0.0316174
0.0217487
22.5357
0.0231539
0.0222447
0.0215506
0.0218598
0.0242556
0.0245282
0.0219241
0.0644554
0.0220098
0.021976
0.0404049
0.0219322
0.0220076
0.0217236
0.0220913
0.0397312
0.0302932
0.095522
0.021968
0.0218822
0.0219047
0.0221525
0.0550637
0.0218996
0.0414944
0.0222171
0.131244
1.14706
0.0217462
22.6011
0.0217995
0.0218815
0.0250496
0.0221318
0.0232168
0.0220046
0.0300724
0.02196
0.0302547
6.7595
0.0221647
0.0231785
0.0222448
0.0222281
0.0365118
3.95549
14.2182
0.0222757
0.0246943
0.0260282
0.0231922
0.0218712
0.0225306
0.0221434
0.0820208
0.128453
9.05864
0.0221485
0.0228538
0.0218504
0.0222935
2.52566
0.022916
0.0221115
6.03385
2.12845
0.0219187
0.0221111
0.0222895
0.379897
0.0233715
0.6427
2.36085
0.0216492
0.0217332
0.673722
0.0218816
0.022245
0.0220927
5.60478
0.022219
0.0249053
4.31639
0.0215781
0.0236897
0.0221044
0.022144
0.0314849
0.0277505
0.02216
6.41751
0.0217669
0.0218154
0.0222126
0.14503
0.0221881
0.0218409
0.0221605
0.066686
0.0221258
0.0218837
0.0219076
0.0226563
5.91069
0.0221641
0.0219168
0.025422
8.48672
0.0218038
0.0218872
0.02194
0.0222457
0.021879
0.0220335
0.0217439
0.0225999
0.0222027
0.0222461
0.475596
0.0221599
0.025591
0.0215701
0.0219953
0.0222228
0.0555773
0.0251603
0.0221014
0.022198
0.0261913
0.0218106
0.0217982
13.6985
0.0216878
0.0535711
0.0221547
0.0221565
0.0217537
0.100637
0.0221928
0.026622
0.0215129
0.0244146
0.0221575
0.0218605
0.0221623
0.0488803
0.0338156
0.0439527
0.0243896
0.0221593
0.0218875
0.0222463
2.77952
0.0218567
0.0437798
0.0381919
0.0222482
0.714796
0.0217951
0.0223926
0.0230315
0.0344182
0.0217835
0.022212
9.07022
0.0311415
0.0220136
0.0217184
0.0217503
0.0219607
0.0228798
0.0220887
0.0221465
0.021841
0.074812
0.0217372
0.0325498
2.04593
0.025648
0.0221477
0.022188
0.0219456
0.0219026
0.0291077
0.0222204
0.0323006
2.3332
0.0222516
0.0221755
0.0215028
0.0353571
0.0222318
0.0216032
0.0231709
0.0220265
6.43777
0.0220381
0.0222111
0.0309726
0.0227911
0.021813
0.022159
0.0220159
0.0217309
0.0256282
0.0217264
0.0278281
0.0221538
0.0221923
0.0221151
0.0282905
0.0219554
0.0221151
0.0222313
0.0220046
0.0231816
0.021878
0.0222109
0.0220176
0.0407644
0.0218919
0.0963023
0.0221472
0.0955407
0.0219614
0.0224251
0.0251397
0.0218959
0.0243775
0.0218563
0.0223055
0.0247667
0.0219708
0.0222619
0.0219214
0.0281957
0.021979
0.0219861
0.0222407
0.0256627
0.0217997
0.022164
0.0221142
0.0222729
0.0467345
0.0227355
0.0404724
21.7534
0.0221165
0.078653
0.0217291
0.0219941
6.29402
0.0218317
0.0228722
0.022006
0.0218596
0.934692
0.0217755
6.21658
0.0219134
1.64916
0.0218229
0.0219045
0.0221128
0.0222049
0.0218304
0.0221579
0.0326322
0.0220696
0.0812016
0.0218317
0.150299
14.3234
0.0220456
0.39905
0.0218149
0.0226529
0.0229261
0.0218707
0.0222308
0.0222324
0.0316099
0.0219542
0.0243483
0.0221844
0.0281396
0.0220629
0.0435829
0.0218157
0.0222123
0.021895
0.0349484
7.10934
0.0220487
0.0252599
0.0316636
0.0219985
0.0215122
0.022141
0.02173
0.159794
0.0218068
0.0219636
0.0222542
0.0221492
0.0216853
0.0248487
0.0242796
0.0218765
0.0568417
0.032362
0.0219407
0.0942958
0.0222537
0.0219815
0.0219598
0.0216865
0.037982
0.021825
0.0456046
0.027569
0.0218995
0.0362329
0.0262287
0.022008
0.0221532
0.0328998
0.022573
0.0217989
0.0226548
3.48051
0.0219057
0.0323289
0.02212
0.022639
1.97498
0.0219153
0.0242056
0.0221908
0.02202
0.0929889
0.021975
0.0217437
0.0507527
0.192547
0.0219236
0.021698
0.0222295
0.0362932
0.172949
0.0215703
0.0222166
0.0440384
0.0218766
0.595029
0.0216702
0.0219234
0.022186
0.0219735
0.0503131
0.0280092
0.0221013
0.021748
0.022187
0.0220024
0.617265
0.0317869
0.0219343
0.0875887
0.0330862
0.0220466
0.383786
0.0237125
0.0220283
0.0225741
0.0216345
0.0219417
0.0268496
0.021907
0.022318
0.021973
0.0358974
0.0214892
0.0219286
0.02204
0.0216426
0.0228398
0.0221522
0.0243314
0.0217911
0.0221526
0.0497572
0.0217485
0.022193
0.021491
0.0221764
0.230688
3.97519
0.0221523
0.0241045
0.0214873
0.0226125
0.0249415
0.0216178
0.0222103
0.0216222
0.0215956
0.0221059
0.0290561
0.171491
0.0338516
0.0220552
0.0886968
0.0217747
0.0219115
0.0278086
0.0220224
0.0216028
0.0215754
0.0220537
0.0217493
0.0353662
0.234181
0.0221722
0.0219067
0.0222351
0.0218312
0.0217478
0.0221641
0.0220134
4.34529
0.0214942
0.0217721
0.0221596
0.0220095
0.0216295
0.0236158
0.0217844
0.0220915
0.0222517
0.0221794
0.021917
0.0338074
0.0217833
0.0345173
0.0220065
0.022162
0.0224391
0.0221626
0.0214063
0.0222605
0.0217967
0.0246423
0.0219485
0.0218759
0.13346
0.0220342
0.0216904
0.0218264
0.021795
0.0214987
0.0217315
0.021555
0.0221606
0.0221592
0.0217412
0.0214232
0.0218659
0.0220631
0.0217183
0.0219971
0.021549
0.0218219
0.0214751
0.0216433
0.0301883
0.0217848
0.0250317
0.0218486
0.163406
0.0219906
4.76768
0.0267539
0.0220353
0.172682
0.0218115
0.0276254
0.0217512
0.0219265
0.0233277
0.02222
0.0530127
0.0218327
0.021494
0.0221637
0.0220812
0.021482
0.0216012
0.0219461
0.0215171
0.0216513
0.0221982
3.61537
0.0520899
0.0218623
0.0216109
0.0217676
0.0227258
0.189567
0.0223295
0.0220182
0.0219663
0.0429466
4.05836
4.93104
0.0275389
0.0221035
0.0215064
0.0460946
0.0221729
0.0216648
0.0215494
0.0221593
0.0246639
0.140527
0.0352848
0.0219134
0.0218235
0.0453184
0.0240307
0.0221646
4.18773
0.0221188
0.0221921
0.0219998
0.0227425
4.73183
0.0221094
0.0218364
0.02218
0.0217641
0.0214859
0.0723271
0.0216971
0.0222533
0.0218947
0.0538941
0.0220492
0.0214832
12.2386
0.0221685
0.0218675
0.0218133
0.021449
0.0222129
0.0219552
0.0751748
0.0218385
0.0329583
0.0218106
0.0215855
0.0218424
0.0218168
0.0226908
0.0218762
0.0219052
0.0283302
0.0219621
0.0218773
0.0220989
0.021631
0.0214309
0.0221663
0.0224841
0.0219967
0.0215315
0.0215191
0.0219316
0.0216252
0.325049
0.0216439
0.0220367
3.0591
0.0251917
0.021964
0.0361682
0.0264582
0.0220711
0.0449462
0.0234331
0.0221339
0.022001
0.0221757
0.0264019
0.0699668
2.41347
0.0274537
0.0345032
0.0219708
0.0219176
0.0221661
0.0214703
0.0242718
0.0217205
3.38014
0.191121
0.0361988
0.0216928
0.0220128
3.44153
7.47844
0.0216716
0.0215627
0.0224274
0.134398
0.0217953
0.0480576
0.0920995
0.0220471
0.023329
0.0217386
6.92449
0.0239245
1.91926
0.021974
0.0488379
0.0412036
0.0215639
0.0473333
0.0321792
2.23894
0.0219413
0.0221784
0.0214861
0.0216802
0.0214704
0.0222538
0.0239151
0.0219728
0.0235618
0.0540526
0.0218601
1.56752
0.0381248
0.0215878
0.0951376
0.0222029
0.0218417
0.0239501
0.0365282
0.0217535
0.0520013
0.0217777
0.0219712
0.0217604
0.0283736
0.022167
4.25991
0.02192
0.0292134
0.0215616
0.0444966
0.0217792
0.0220341
15.0137
0.188729
0.305435
0.0234733
0.936559
2.55949
0.0271803
0.0219496
0.0219059
0.0219161
0.0522168
0.0219024
0.0216887
0.0226455
0.0222398
0.0218413
0.0215146
0.304926
0.0246996
0.0314345
0.0236702
0.0217775
0.0351627
0.022073
5.59336
0.0217521
0.0243189
0.0386766
0.0740714
0.0222655
0.0219682
0.0220689
0.0220506
0.0232448
0.0279838
0.0965374
0.0226393
0.0221744
0.0220967
0.0599794
0.0218462
0.0358183
0.0216787
0.0218884
0.0216537
0.0220506
7.14751
2.25041
0.0219268
0.0219507
0.022224
0.0218061
0.0220254
0.0219035
1.67756
0.0300788
0.0218779
0.0221079
0.0218008
0.0216714
0.0363125
0.0219223
0.0219095
0.0226514
0.0302532
0.0220506
0.0221715
0.0216738
0.0218457
0.203152
0.0370215
0.022051
0.101087
0.0220327
0.0216896
0.0217441
0.0455312
0.0215888
0.0217514
0.0220503
6.38068
0.0262599
0.0520736
0.0243532
0.0218498
0.0379809
0.021935
0.0224632
0.0450602
0.0222427
0.0216709
0.0219051
0.0219438
0.0253695
0.0219503
0.0216906
0.0214161
0.0225162
0.022152
0.0217127
0.189161
0.0220512
0.029788
0.0226009
0.227984
0.0218473
0.0216673
0.0217284
0.0675351
0.0216605
0.0426026
0.02181
0.0221517
0.0216643
0.0220587
0.0220046
0.0268398
0.0231104
0.0217103
0.0220766
0.0219309
0.187981
1.79484
0.0220543
0.0219592
0.0290995
0.0404267
0.0217526
0.022153
0.0366881
0.0221398
0.0219359
0.0219183
0.0563731
0.0218563
0.0219999
0.023071
0.0227404
0.0220693
0.0217117
0.0221397
0.0216602
0.0219106
0.0220355
0.0221729
0.0221769
0.0219212
0.0619122
0.904577
0.0218611
0.0214398
0.0214946
0.0239448
0.0220585
0.021672
0.0221539
0.0218547
0.0218145
0.113388
0.107744
0.0222436
0.0219195
0.0217556
0.0234155
0.0229347
0.021981
0.131797
0.0221465
0.0219656
0.0221215
0.0370642
0.2107
0.0219502
0.021901
0.0217691
0.0221202
0.0221212
0.0319349
0.0240419
0.0219664
0.0220494
1.53336
0.0216201
0.0643222
0.022244
0.0218811
0.0214849
0.0222296
0.0217438
0.0218946
0.0233676
0.0218912
0.0219265
2.84462
0.0219491
1.74185
0.0487496
0.0281814
0.0218924
0.0381501
0.022122
0.0217979
0.0234654
0.0222501
4.36503
0.0220528
0.0217394
0.0232671
0.0216974
0.150069
0.0559242
0.0468897
0.0219671
0.0989984
0.0219693
0.0265094
9.13916
0.0388808
0.0217321
0.0390411
0.0220461
0.0219892
0.231938
0.0231436
0.0220683
0.021991
0.0273755
0.02841
4.49995
0.0219963
0.114998
0.0586758
0.0215709
0.0225537
0.0227486
0.0218868
0.0221307
0.0221872
0.0220573
0.0217248
0.0220039
1.46084
0.022068
0.022179
0.0220565
0.0218674
0.0333191
0.0219139
0.0217606
0.0221725
0.0474576
0.0221796
0.0221915
0.0218356
0.0219289
0.0217289
0.0219172
0.0240626
0.121272
0.0373319
0.039946
0.0220339
0.0215848
0.0214714
0.0224729
0.021774
0.0431398
2.51679
0.0219551
4.96419
0.251094
0.021842
0.251317
0.021835
0.0220474
0.0218767
6.64954
0.0235732
0.0215042
0.106507
0.0215613
0.0217678
0.0620168
4.67054
0.022054
0.0337969
0.0219861
0.0215683
0.0221794
0.0219562
0.0215249
0.0218022
0.0220335
0.0219388
0.0219219
0.0261837
0.0219601
0.0219093
0.0266105
0.0219219
0.0218862
0.0221791
0.0217492
0.0222937
0.021912
0.0216133
0.0220166
0.0219653
0.0217755
0.0220264
0.26885
0.0220296
0.0216151
0.0243111
0.0524675
0.0220968
0.200549
0.500332
4.9438
0.0220262
0.0222117
0.0221065
0.021636
0.0222851
0.023033
0.0227112
0.0220184
0.0219318
0.205279
0.0219285
0.0220951
0.0221058
8.21456
0.0219967
0.0223849
0.0224687
0.246149
0.0217445
0.0501124
0.0218748
0.0362077
0.0424037
0.021883
0.0218011
0.0224095
0.0217309
0.0219125
0.286391
0.0258557
0.0219488
0.0216574
0.0215696
0.0219201
0.0413945
0.58341
0.286883
0.0432782
0.210648
0.0250333
0.0222496
0.021907
0.0218188
0.0215203
0.0216964
0.0221096
0.144751
5.84807
0.0216011
0.0219662
0.0215397
0.0222502
3.98294
0.0221157
0.12704
0.455046
4.85935
0.0221803
0.0218767
0.0224758
0.0216957
0.0219264
0.0228748
0.0244251
0.0217341
0.0218837
0.294384
0.0220747
0.0218921
0.0220234
0.0216816
0.0218813
0.0220029
0.0217053
0.0225967
0.0219228
0.0285241
0.0237868
0.0229281
0.0220029
0.0264251
0.0216632
3.97045
0.0216288
0.0376588
0.0215882
0.0219073
0.0215678
0.188344
0.0227
0.0226993
0.0438681
0.0216466
0.0219141
0.0220027
0.0220464
0.022001
4.99883
0.0222236
6.12084
0.0218623
0.0222298
0.0217443
0.0218798
0.0220297
0.0216323
0.0217703
0.0219363
0.022937
0.0219189
0.0221702
0.131012
0.0489735
0.0221799
0.02228
0.0219869
0.0307216
0.119201
0.0216477
0.0218762
0.0219137
0.021809
0.0220132
0.235317
0.0218906
0.0223126
0.0218007
0.0216327
0.0599069
0.022063
0.0218352
0.0518007
0.021713
0.0220533
0.0590788
0.0228716
0.0215705
0.0218857
0.0219005
0.0218657
0.0222103
0.0334887
0.0217598
0.0356433
0.0217829
0.0231949
0.0216176
0.021906
0.0221735
3.56477
0.0219438
6.29257
0.0224312
0.0221647
0.0222317
0.0219096
0.0228198
0.0218975
0.0219324
0.0214819
0.0218302
0.0220169
0.0344625
0.0217187
0.0217583
0.021997
0.0214855
0.0220619
0.0221545
0.0214075
0.46713
0.0219396
0.0222338
0.0222268
0.0253663
3.80625
0.0214285
0.0334102
1.94373
0.0214418
0.0255358
0.0220507
0.0215938
0.0214702
0.0259179
0.0216053
0.251955
0.0220625
0.0214902
0.0215711
0.0216826
0.0244101
0.0232613
0.021496
0.0464878
0.0788113
0.021595
0.021542
0.021927
0.0218432
0.0215473
0.0594784
0.021912
0.0220895
0.0219732
3.74268
0.0219169
0.037986
0.0246396
0.0323615
0.0215514
0.0217977
3.96012
0.0219176
0.021484
0.0218978
0.0276189
0.0215738
0.0321983
0.0218927
0.0248848
0.0219276
0.0220295
0.021918
0.0219715
7.38785
0.0214965
0.0218489
0.0218968
0.0219985
0.0352919
0.0244399
0.0306581
0.0214709
0.0229419
0.655665
0.0215087
0.0219282
0.0215578
0.483683
0.0216381
0.0228032
0.0313064
0.0219831
0.0221371
0.0432978
0.0220305
0.0218353
0.0227311
0.0221284
0.0220686
0.0394202
0.0216146
0.0238046
0.0217828
0.0216288
0.304146
0.0219739
0.0221831
0.0216659
0.0293633
0.022003
0.0218681
0.0221814
0.390836
0.0221913
0.0214238
0.0219705
0.0218811
0.0219544
0.0333275
0.0217778
0.0221106
0.0215215
0.0220489
0.0329321
0.0218924
0.021937
0.0222222
0.022052
0.022204
0.0221132
0.0223894
0.0219922
0.0221845
0.0219552
0.0218098
0.0219252
7.86354
0.0222155
0.0226715
0.0220026
0.0359267
0.0222345
0.0219823
0.0217818
0.0218656
0.0215881
0.0536647
0.0219638
0.021801
0.0215557
0.0219568
0.0220395
0.0220309
0.0217568
0.0216219
0.0498346
0.825414
0.056285
0.021802
0.0317782
0.0217319
0.0378269
0.0219258
0.0219174
0.0319024
0.0215953
0.0220095
10.609
0.0227472
0.0218805
0.0218404
0.0437669
0.0218158
0.0217181
0.0229657
0.0217729
0.0220486
0.0406982
0.02199
0.0218261
0.0219741
0.0230544
0.0216463
0.123782
0.021903
0.0233025
0.372178
0.0218837
4.49636
0.0218424
0.0218003
0.0221031
0.0217526
0.0226416
0.0216248
0.021695
0.0218958
0.0339646
0.129329
0.0225643
0.0217488
0.0220482
0.035053
0.0219022
0.0216822
0.0237009
0.0218397
0.0217935
0.0226307
0.0252073
0.0217801
0.0221308
0.0308635
1.21589
0.448679
0.0219306
0.795737
0.0264445
0.0219045
0.0215169
0.022032
0.0220226
0.0217128
0.0218852
0.022166
0.0217522
0.0219309
0.0610024
0.021755
0.029489
0.0219146
0.0220234
0.0250514
0.0216697
0.0219434
0.0228454
0.0216004
4.24603
0.0219199
0.0314045
0.0219758
0.0500867
0.0648379
3.17857
0.0219348
3.49817
0.0224461
0.310015
0.0222234
0.0219134
0.0219114
0.0253828
0.0220903
0.0623995
0.0222032
0.0223245
0.0222052
0.238658
0.0265331
0.0218217
0.0218815
0.0217535
1.919
0.0449412
0.321346
0.0217467
0.0222156
0.323545
0.164835
0.0218176
0.0217603
0.0217609
0.0264429
0.324087
0.0221015
0.0218524
0.0217383
0.021715
0.0219247
8.9015
0.038115
0.0229972
0.022007
0.0215591
0.0217336
0.021751
0.028287
5.04797
0.0226699
0.0217661
0.0217602
0.0220967
0.0215218
0.0219139
0.0222419
0.0219865
0.0216683
4.52234
0.0220161
0.0216719
0.0219696
0.0448559
0.0221935
0.0275155
0.0221542
0.0217651
0.022125
0.0216659
0.0218992
0.0217636
0.0218835
0.0221081
0.0221481
0.0219324
0.0220741
0.0405532
0.0249034
0.0239727
0.0300603
0.0217339
0.0219198
0.0219221
0.0216824
0.0219364
0.0218038
0.042767
0.022225
0.0216689
0.0218237
0.0236154
0.0214093
0.0218766
0.0218269
0.0217654
0.0219514
0.0241508
0.0226493
0.0218675
0.021593
0.0532718
0.0291268
0.0443445
0.0225501
0.0218071
0.0219349
0.0214949
0.0361677
0.0218941
0.0219222
0.0223729
0.0264172
0.0692316
0.0215727
0.0219551
0.0217326
0.0216685
0.0219065
0.0217564
0.0219279
0.0220861
0.0216349
5.31194
0.0218131
0.0217724
0.0216293
0.0227034
0.0220998
0.0221325
3.86599
0.0219315
0.0217094
0.0218487
0.0218879
0.0216901
0.0372538
0.0215764
0.0219158
0.0256821
0.0219271
0.0216089
0.0220221
0.0345786
0.02203
0.0217423
0.0216655
0.0214877
0.0217822
0.0214771
0.147767
0.0222147
0.377929
1.16118
0.0233534
0.021522
0.0216634
0.0222624
0.02214
0.0218935
0.0324328
0.027253
0.0215021
0.0246035
0.0223176
0.0216764
0.0218663
0.0218057
0.758255
0.0252434
0.021977
0.0216872
0.022017
0.127886
0.0228968
0.0218811
0.0221827
0.0218829
9.20921
0.0216437
0.0214246
0.0976187
0.227687
0.41198
0.0222231
0.0215427
0.0216496
0.0225716
0.0357942
0.0236374
0.0216856
0.0217229
0.0217624
5.15293
0.0218766
0.0219326
0.0214757
0.0292761
0.0216603
0.0216666
0.0217429
0.021929
0.0220318
0.0215802
0.022048
0.0216993
0.0215724
0.0219429
0.0221479
0.0219355
0.0217603
0.0219176
0.0223301
0.0330968
0.0282513
0.0217698
0.021586
0.0224582
0.0217564
0.0217396
0.0219807
3.19784
0.0262934
0.0217758
0.0217351
0.0222731
0.0224339
0.0220585
4.32317
0.0534292
0.0243686
0.0219151
0.0220857
0.0221363
3.00396
0.0221824
0.0219069
0.0219165
0.0220364
0.0569481
0.022058
0.0223075
0.0222618
0.0219645
0.074251
0.0225157
13.589
0.0218798
0.0221182
0.0222438
0.0218612
4.04687
0.0253961
0.0214774
0.022174
0.0214872
0.0214596
0.0214681
0.0222465
0.0221304
0.304457
0.0217991
0.0220045
0.637914
0.0218263
0.022123
0.0227741
0.0223258
0.0214949
0.0221934
0.021956
0.0218038
0.0216413
0.0274541
0.0216986
0.0220359
0.0406099
0.0743347
0.0214962
0.130705
0.188468
0.0316117
0.0215309
0.0220017
0.0229574
0.0215253
0.0217583
0.0475727
0.0504612
0.111998
0.0217297
0.0220307
0.0219097
0.0219245
4.47171
0.0244645
0.021478
0.0343879
0.021876
0.0271102
0.022183
0.0218949
0.0214676
0.0215034
0.0218754
0.0214593
0.0266454
0.0320865
0.0219175
0.0278926
0.0219112
0.620256
0.023184
0.0219195
0.0215855
0.022678
0.0216513
0.993152
0.0215013
0.0436122
1.42642
0.0220917
0.0224427
0.0214997
0.022044
0.0219547
2.41723
0.0217839
0.0220748
0.0249173
0.02199
0.0217067
0.0570931
0.0462537
0.0219114
0.0219301
0.156134
0.0218374
0.0258011
0.0220552
0.021968
0.0231071
0.0216355
0.314677
0.0219144
0.0221187
0.0219308
0.0217064
0.0218264
0.412143
0.0592217
0.0217245
0.0219132
0.0217493
0.0368771
0.0406254
0.0221174
0.175962
0.0225791
0.0216077
0.0216627
0.022458
0.0438078
0.0215789
0.022962
0.0972251
0.0215733
0.0298779
0.0218471
0.0215788
0.125852
0.0218884
0.0217774
0.0229022
0.0586903
0.021932
0.0217725
0.157597
0.0217734
0.0216616
0.0239599
0.0221721
0.0221656
0.0216566
0.0217655
0.0220796
0.0222591
3.5144
0.022925
0.0219298
0.0219326
0.0219862
0.0216532
0.0219261
0.021639
0.0216916
0.0230557
0.0221759
3.57175
0.0219418
0.0217158
3.24775
0.0220045
0.021722
0.0219104
0.0219274
0.0218435
3.87625
0.0220097
0.040168
0.0216581
0.0219127
0.149907
0.0222156
0.0217768
0.0242007
0.0218845
0.0219773
0.0393912
0.0259798
0.0219266
0.0261593
0.0218691
0.0221615
0.0226633
0.12547
0.0222248
0.0463248
0.0218762
0.0257595
0.0236546
0.183823
0.0984908
0.0219101
0.0240512
0.0222257
0.0236426
0.0648241
0.0215323
2.3668
0.0218816
0.0215856
0.0236371
0.0219247
6.91809
0.0216587
0.0720187
0.0222016
0.0400771
0.0463964
0.0220257
0.0221339
0.0215578
0.022508
0.0220771
0.0220996
0.0452773
0.0240314
0.0225549
0.0217302
0.0222225
4.14091
0.021924
0.0831058
0.025109
0.0217084
0.0827004
0.0363407
0.0408574
0.0221896
0.0226495
0.0218821
0.0219366
0.0219445
0.0426485
9.07609
0.0221862
0.246596
0.075559
0.0222733
0.0217758
0.0219233
0.0226182
0.028851
0.021782
0.0221095
0.0219267
0.0220776
0.0478838
0.0383212
0.0217324
0.0701473
0.0217117
0.19244
0.0217128
0.0412893
0.0217202
0.0271136
0.0320252
0.0218567
0.0218221
0.0249512
0.0219727
0.0272832
0.0219253
0.0218671
0.0219565
0.0239338
0.0217193
0.0219253
0.0223965
13.2614
0.0218428
0.0227617
0.021961
0.0217065
0.0266849
0.131959
0.0217399
0.0311277
8.11944
0.0216926
0.0315665
0.0219546
0.0273456
0.0482948
0.0221901
0.0216749
0.022094
0.0242686
0.021673
0.0219361
0.158873
0.0218567
0.0218477
0.0360982
0.0237251
0.0217316
0.0778376
0.0223808
0.425434
0.0435887
0.0217209
0.0429593
0.0283039
0.0218161
0.041807
0.0393626
0.0220963
0.0366096
0.0219193
4.55485
0.0217307
0.0323341
0.0289324
0.0218568
0.0217169
0.0220173
0.0225789
0.0232999
0.0219276
0.0218422
14.1809
0.0221725
0.0215186
0.027969
0.0454145
0.0240289
0.386513
0.0269323
0.0216954
0.022555
5.75183
0.0219057
0.0217131
0.0216758
0.19133
0.0228877
0.0248879
0.0297425
0.0258866
0.0217254
0.023763
3.95956
3.67929
0.0223303
0.0289989
0.0271629
0.0218934
0.021908
0.0216672
0.0219948
0.027308
0.0231122
0.0217711
0.0353707
0.0221868
1.68441
0.0319433
0.0228803
0.0219514
4.65521
4.83704
0.144284
0.0263711
0.0273472
0.0292458
0.118821
0.0742517
0.030602
0.0217764
0.0845985
0.0496846
0.0221584
4.4818
2.54045
0.0216852
0.0219239
0.0216772
0.0221843
0.0411144
0.0218966
0.021799
0.0217116
0.0216973
0.0220304
0.0384767
0.0489146
0.0216972
0.0217228
0.0226973
0.133545
0.0215224
0.595843
0.0218463
0.033108
0.0451823
0.0221615
0.0335397
0.0218823
0.0221842
0.0216818
0.0322606
0.0324065
0.0415007
0.0358492
0.0234992
1.58254
0.0225396
0.0218721
0.021788
0.0216648
4.82947
0.0216562
0.0220222
0.0576995
0.0244111
20.7717
0.0219392
0.0216695
0.0389958
1.48216
0.0268598
0.0244428
0.021799
0.0216431
0.0766828
0.0307505
0.0219933
0.0220225
0.0217244
0.0221426
0.0217995
0.0217821
0.0220374
0.0218956
0.0218788
0.0222857
0.0221665
0.025244
0.0246534
0.0217987
0.0222103
0.0222422
0.0236618
0.234199
0.0221186
0.0220894
4.53491
0.0296035
0.0215786
0.0217301
0.0219362
0.0219207
0.0233705
0.0465331
0.0467762
0.0221234
0.0220648
0.0219707
0.0227484
0.0303701
0.0218569
0.0216483
0.0218797
0.0221158
0.332244
0.0237017
0.0257981
5.9114
0.0221845
0.0283915
0.0331802
0.0231542
0.441686
0.0218893
0.0219816
7.82738
2.42279
0.0230375
0.0340793
0.0220312
0.0221487
2.05232
0.021942
0.404301
0.022025
0.100481
0.0223238
0.0466471
0.0356064
0.0220111
0.0222035
0.0218943
0.0219196
0.0262103
0.0215786
0.0232445
0.0498381
0.0219133
0.0215932
0.0215949
4.37314
0.0282624
1.90348
4.40297
0.0225522
0.180977
3.08837
0.0225551
0.0220365
0.0237594
0.022031
0.0224692
0.0215148
0.0219586
0.0222267
0.0219295
0.0344558
0.0510335
4.00384
0.0222856
0.0310383
0.0222205
0.025386
0.0218545
7.65374
2.62216
0.0218156
0.021779
0.022017
0.0220769
0.0217627
0.0218959
0.0224233
0.0346534
0.0221545
0.0457549
0.0218765
4.61275
0.0425239
0.111976
0.0217297
0.0466181
0.0243448
5.87322
0.100274
0.0221139
0.0217653
0.0223371
0.0218413
0.0235352
0.025375
0.0218441
0.0227877
0.0217001
0.0233703
0.0218589
0.021938
3.98224
0.0218489
0.0217401
0.0217904
0.0220393
0.0459214
0.0283383
0.0225753
5.22123
0.183747
4.19267
3.32103
7.85444
0.0216523
0.0294447
0.0217832
0.0221871
0.021899
0.0504703
0.116449
1.66325
0.0407465
0.021738
0.0219665
0.0216779
0.0217302
4.46663
3.67026
0.0248645
4.05282
0.166471
0.0219048
0.0242453
4.25256
5.28063
0.0349413
0.0331906
0.0220002
0.0220728
0.0248887
7.0451
0.174604
0.0217319
0.138567
0.0546955
0.0220556
6.95611
0.0421621
0.029478
0.0217552
8.94709
0.0500321
0.0221896
0.021751
0.0219869
0.597199
0.0342106
0.0535033
0.0310016
0.023238
0.027449
1.65756
0.0265588
5.08117
0.0385266
6.84666
0.0223798
2.36
8.67245
2.20066
0.0216932
0.0220948
0.0218144
0.021966
6.4691
0.185341
0.0220642
0.0221316
0.0221964
0.0217965
0.0227254
0.8466
0.0218331
0.0234008
0.0217677
0.0221779
0.030217
0.0271236
0.186992
0.0701785
0.0222007
0.0327066
0.022126
0.232161
0.0224878
0.0219155
0.0283764
0.0218533
0.0607428
3.82736
0.0221816
0.0214691
0.0219938
0.0216559
0.288388
0.0318688
0.0344274
0.0787907
0.0221837
0.0216278
0.0245309
0.0216506
0.0217645
0.125874
0.0854089
0.0225199
0.361796
0.0217539
0.0244148
1.53562
0.0346346
0.0218903
0.0217859
0.0220821
0.0218219
0.0228901
0.0219822
0.0644025
0.0216683
0.407715
1.73506
0.0218842
0.022249
0.0360375
0.0222424
3.05931
0.0222101
0.0221196
3.80323
0.021702
0.0221024
0.0217861
0.0489145
0.0217821
0.0589445
0.0219483
10.958
4.9805
0.0836611
2.13827
4.31899
0.0822654
7.17436
0.021826
0.0217087
0.0297596
0.0216647
0.0247182
0.0229138
0.021442
0.022049
4.02521
0.0219154
0.0218847
3.97369
0.022054
0.0221707
0.024727
0.0217838
0.0294559
0.165834
0.035273
3.56915
0.0220697
1.27761
0.0218479
3.85548
0.712311
0.0439959
0.022112
0.112495
0.0246053
7.45763
0.0533953
4.04988
0.246409
0.528965
0.0273669
0.0370138
0.0219106
0.0220207
0.0218549
0.0218774
0.0219936
0.0253939
0.0219162
0.0413747
0.025627
0.0219249
0.0218897
0.0502298
0.0221376
0.0219799
0.0218893
0.0672576
0.0333998
0.0216677
3.63879
0.0383058
0.116715
0.0220061
0.0218101
0.0216962
5.39998
0.0767315
0.0243358
0.0266931
0.0226399
0.021599
8.03241
0.0693013
0.0217945
6.33289
0.0219345
0.179734
0.0219663
0.0217485
0.0214372
2.47367
0.02182
0.0217019
0.031123
0.0216497
0.0214531
0.0219216
0.0222091
0.0218507
0.0331851
0.0227899
6.80309
0.188097
0.0219008
0.0225123
0.0215526
0.0369715
3.95131
0.0219219
8.11372
0.0469341
0.676539
0.0462625
0.0219719
0.0218029
0.115225
0.0397215
7.92947
0.0239998
0.0217474
0.0219169
0.0222032
0.021842
0.0998914
0.0577373
0.0330528
0.0239768
0.0219273
0.16
4.41248
3.92609
0.0219041
0.134939
0.048962
11.5969
0.0218201
0.0223705
0.0432008
0.519527
0.151442
0.0432633
0.196573
0.0220677
0.318747
0.0218115
0.0874685
0.0253805
0.323594
0.0220383
0.0219256
0.0221607
3.69954
0.0221793
0.0222782
0.315945
0.160323
0.0220602
0.0216503
0.195377
0.0221791
17.8406
0.126758
0.0219823
0.112352
0.021653
0.135487
0.0438941
0.0397788
0.0216648
3.05107
0.0549001
0.0218792
0.174746
0.0214355
0.0220141
0.0218224
0.0229473
0.0312556
0.115143
1.55882
0.130895
0.0240344
0.0219825
0.0219627
0.0218617
0.0217531
0.0632366
4.17694
0.0221438
0.0233009
0.0217146
0.158205
0.138882
0.0217862
0.0918878
0.0221649
0.0217119
0.0216557
0.0219368
0.186067
0.0218625
3.67613
0.0223877
0.417836
4.79475
0.244883
0.233591
0.0253191
0.0219006
0.0224944
0.021668
0.0222435
0.0220799
0.0591964
0.0219132
0.297707
0.0306729
1.53552
0.0244414
1.52909
0.0217223
0.0216408
0.0217853
0.0219735
0.057876
0.0409269
0.0219201
0.021903
0.0221594
4.00217
0.0219212
0.0405526
0.0219396
0.021637
0.107086
0.0253612
20.0118
0.0265877
4.40098
0.0251988
0.0216737
6.4439
0.0602834
0.0215611
0.0221639
0.0290389
0.0309635
0.061024
0.0218313
0.022264
0.0219995
0.0219248
0.071005
0.0214709
0.0549686
6.31792
0.0461887
0.0219244
0.0327304
0.253032
0.136988
7.65423
0.0220177
0.0214797
0.02176
7.66451
0.0416114
0.0214812
0.0215844
0.0218952
9.04978
0.0214911
0.0242267
0.0483163
0.0214898
0.0243525
0.601554
0.0223454
0.0272296
0.0235483
0.021467
0.0421513
0.0217408
0.0218241
0.329984
0.0220085
11.7095
0.0219236
0.021479
0.326312
0.021801
0.0239942
0.0225839
0.0220423
0.0532828
0.0676151
0.021743
0.0227071
2.42318
0.0219248
0.0501606
0.0261275
0.0217676
0.0219295
7.85148
0.0219105
0.0214176
0.131105
0.0474596
0.429415
0.0220786
0.02225
0.0219926
0.023501
0.0249717
0.0220425
0.0219174
0.0218158
0.0221717
0.451153
5.36457
0.021473
0.219497
0.0494555
0.0625376
0.0245885
0.0218342
0.0220129
10.7958
0.0217518
0.0218732
0.0217596
0.255308
0.133767
0.0219842
0.0218795
0.0219054
0.0221763
0.0770446
0.0218767
0.0227909
0.160416
0.0266827
0.0215043
0.0220179
15.807
0.0220219
4.28079
0.021973
1.71784
0.0218763
0.0773072
0.216176
0.0216716
0.0711258
0.0217962
0.192504
8.29645
0.252593
0.0536362
0.0219045
0.0658193
4.64522
0.0745853
0.040575
2.6895
0.0217945
0.0219214
0.0218215
0.238653
0.179182
0.0221357
0.0217664
0.0310725
0.0222446
0.0220516
0.0422206
13.6235
0.0219218
4.23907
0.025766
0.0219237
0.0215869
0.0219006
0.273104
0.0219909
0.0221598
0.021614
0.0513988
1.10176
10.9653
0.0219259
3.33399
0.0433146
0.0535544
0.310246
0.0218436
0.0238656
0.0218388
0.0218262
0.0240637
0.0272657
0.199473
0.0447959
0.0219535
0.0422127
3.25189
0.450459
0.112175
0.0576237
0.0217121
0.0224049
3.00193
0.0220787
0.594743
0.0269132
0.0219083
12.7434
2.37097
0.0216436
0.0220704
4.74691
0.0224893
0.0573148
2.76702
0.0299082
1.75166
0.0215633
0.0273775
0.0221385
0.0218255
0.193776
2.55708
0.0613827
0.0218654
0.235298
13.3235
0.815607
0.0328345
0.0237926
0.0258963
0.0220859
0.200124
0.0217006
0.774151
4.5171
16.0037
0.0310471
0.0217331
0.165193
0.0219947
0.0220253
0.321712
0.0227096
0.0221832
0.0218683
0.0234618
0.0222525
0.0219489
0.0471576
0.0524332
1.90491
8.58949
0.0235246
0.0261987
0.0218472
0.0219516
0.0219214
0.213247
0.0221224
0.0659097
0.0316685
0.0245878
0.0350346
0.0221735
0.0218626
0.0217276
0.0241448
0.0221321
0.0298809
0.0217197
0.487248
0.021947
0.022188
0.0258659
0.0221463
0.467414
0.0239511
0.250512
0.0301485
0.0366423
0.0224867
0.0218809
0.0220561
0.0265084
0.0214668
0.0222068
0.0220038
0.022333
1.42613
3.33898
3.04079
1.80808
0.0219362
5.40123
0.0676356
0.0308034
0.0421176
0.0219275
0.0219508
0.0240633
8.63955
3.16364
0.0309577
0.0217821
0.0222513
0.042287
0.178905
0.0221802
0.021873
0.0220952
0.0220601
0.0364422
0.0324495
0.0345573
0.021467
4.63346
0.0283502
0.0400113
0.0219002
0.0221058
0.0228757
2.86012
0.0217155
0.0337922
0.0220165
1.85928
2.33205
0.0218823
7.16569
0.0217249
0.158098
0.0218486
0.165124
1.4187
0.0214944
0.0229105
0.0220685
0.0217933
0.0222682
0.0218578
0.0406079
0.0416552
1.36003
0.0659391
0.0245184
0.0259834
0.0220329
0.0329426
0.0294602
0.0220684
7.59404
5.84889
0.0219255
0.0447317
10.395
0.0222509
0.0550367
0.408882
0.295095
0.021851
0.021735
0.242747
0.126004
0.0216885
0.0218962
0.0291299
0.0217597
0.0221295
0.0266635
0.0223226
0.0216535
0.0219322
0.0218326
1.52588
0.15718
15.8932
0.0915628
13.2888
0.0272081
0.0264305
0.0221713
0.0217125
0.0224983
4.87585
0.0218541
1.05666
0.41911
0.0221408
0.030664
0.0346992
4.37498
0.022273
0.0482006
2.39764
0.0217729
0.0221339
0.0215522
0.0218536
0.0218707
0.0462728
0.0216626
0.0258639
0.0223168
0.0221742
0.0221387
0.072057
0.0217692
0.0384532
0.0220559
0.0536732
7.02672
0.021831
0.0249712
1.82664
0.0218439
0.0271104
14.6805
0.021876
0.0216948
0.0268915
0.0217299
0.0572098
8.38853
0.0245735
0.0222707
5.01851
0.02232
0.0219621
0.0219595
0.0221573
0.022199
0.0865636
0.021687
0.0231834
0.0263172
0.0219258
4.00971
0.0350611
0.0219853
0.0417062
0.0254784
0.595184
0.0218913
0.0219767
0.0535793
0.0224279
2.90258
0.0217769
3.87725
0.0537449
3.13023
0.0216262
0.02177
0.0228551
0.0323997
0.260123
0.0230674
5.29359
0.0222295
0.0216638
0.0220625
0.197858
0.0218211
0.0223112
0.0221285
0.0219604
3.39774
0.0223013
2.12193
0.0214541
0.0221853
0.0227448
0.0216012
0.453248
0.0216831
0.0215634
4.21757
0.0217565
0.0217033
0.187786
0.0220206
0.0217677
0.20928
0.0840754
1.06701
0.0219217
0.0218559
0.0219239
0.021465
0.22187
0.024093
0.0219752
0.0216312
1.38447
4.90732
0.103783
0.285484
0.032031
0.0225334
0.0683523
6.96974
0.0310778
0.0314681
0.0218941
0.0222301
6.03074
0.022175
4.23601
0.022033
0.0230665
0.0253844
0.033792
0.252668
0.0224922
0.0223932
0.0264513
0.0222308
0.0214479
0.0217312
0.0233451
0.889699
0.0216354
2.55853
0.0218303
5.12617
0.551412
0.0218801
0.152796
0.0216794
0.0273467
0.250551
0.0238125
0.0315414
0.0216206
0.0220716
0.0222449
0.399264
0.0221383
0.0219964
0.135502
0.022593
0.510108
0.021909
4.22987
0.0372946
0.0830621
2.57109
0.0306027
0.0217927
0.021912
0.0503261
1.08149
0.122868
0.0220688
0.0235694
0.0324329
0.0907542
0.0309113
0.0220938
0.101075
0.0224738
0.083059
0.0220041
0.0403936
0.0216531
0.0217378
1.66349
0.0245951
0.0259277
1.54816
0.0230674
0.0239468
0.0221921
0.0218711
0.0220687
0.0217358
4.27789
0.0223741
0.0239066
0.0221571
0.0233005
8.21411
0.0221109
0.0215231
0.0326078
0.103509
0.0224218
0.039219
5.16189
0.021989
0.0428939
0.0220456
1.74116
0.0225207
0.0217621
6.88161
0.204735
0.0346512
0.0232832
0.0219405
0.0215793
0.0230575
0.0216729
6.53582
0.0293841
0.0334858
0.0345744
0.0220216
0.0252325
3.97747
0.0222703
0.0599548
0.0215645
0.0243244
0.0221894
0.0232345
0.0218716
0.228763
0.0220907
0.0220666
0.57029
0.234773
0.0341818
0.0680258
0.0340949
0.0218616
0.0327542
0.024668
0.0221159
0.0222502
0.0461673
0.0341415
9.41751
0.0337593
6.43795
0.0492623
0.0332761
0.111742
0.0291097
4.19277
0.825077
0.0219695
0.122349
0.0570932
11.2939
0.0220507
0.0858791
0.0219011
2.4221
0.0220475
0.0225427
0.0222625
0.0218977
0.0766139
0.0220209
5.76906
0.0221186
0.021462
0.0245696
2.38155
0.0415503
16.9223
0.021897
0.0612661
0.0219228
0.0539228
0.0232432
3.33411
0.0216373
0.195441
0.748647
0.0727109
8.57511
0.0457938
0.0216949
0.0220096
0.0220506
0.0215631
0.0219001
0.0227035
0.021869
0.0368306
4.19803
0.0221563
0.0231651
0.334307
0.0398962
0.0266438
15.6291
0.0348331
0.0249417
0.021974
4.59261
5.74899
0.0257358
0.0218475
0.0238661
9.06582
2.22177
0.0736997
4.05313
18.9035
0.0350799
0.0253623
0.0218063
4.66064
0.0216594
0.0822597
0.0215209
0.0219306
0.0256668
0.0640062
0.0284138
0.0219055
0.0219013
4.80794
0.0221308
0.0229029
0.042954
0.0256822
2.80663
0.0230926
0.21846
0.0222732
0.021915
0.235923
0.0216772
0.032387
2.02967
0.0219221
0.0219874
0.244002
0.0238103
0.021995
0.0811197
0.0219023
2.57605
0.0215103
3.35633
0.176956
0.360436
0.0377079
0.224293
0.0220517
0.0223935
0.0220661
0.0436274
0.0219229
0.0218908
0.0305686
0.0797352
0.177506
0.0244453
8.70363
4.04519
0.0215587
0.0221222
16.621
0.467912
0.0222229
0.219569
0.922627
0.0659281
0.198711
0.153185
0.0883614
0.252948
0.0218904
0.0219711
0.0217151
0.0218101
0.0220379
0.0222307
0.0219056
0.0225108
0.0219178
0.0217399
1.54511
0.0218913
5.00909
0.022731
0.200827
0.0218636
0.0317929
0.0219145
0.0393192
0.0230644
2.36068
0.0221235
0.159326
0.0220355
0.0219066
0.0215671
0.041793
0.0222643
0.0227423
0.13492
0.0278548
0.0219298
0.0221902
0.0219155
5.53169
0.0217118
4.26677
0.0227853
0.0217278
4.17752
0.0508557
0.032653
0.0239477
0.890515
0.0215344
4.2992
7.53771
0.0220828
0.171486
0.0217327
0.030497
0.0219267
0.021878
0.182917
0.039735
5.73032
0.023961
0.0214202
0.110806
0.0219161
0.160517
9.08048
0.0217351
0.0630394
0.0347045
0.0219256
8.97162
0.0232603
0.0217966
0.0220614
0.0216479
5.33613
0.0409979
0.100863
0.0460195
0.0216682
0.0571353
7.38002
0.0215551
0.0792258
0.0283671
0.0218008
2.90093
14.3958
7.10509
9.40884
0.101845
1.56946
4.96279
0.0220979
0.0855997
0.0217325
0.0593471
0.0219131
7.33697
0.0214124
0.154721
5.21586
0.0247447
8.43636
8.37461
10.7901
0.0319921
0.0220999
0.0217275
0.0219791
1.01213
5.38436
0.0218735
17.625
0.0219558
0.0220378
0.0245527
0.0215568
0.0398285
0.0416684
0.0439009
0.0217112
18.594
0.022073
12.7289
0.0437035
0.021548
0.134659
2.81663
0.151143
0.0218579
0.0302764
0.0221499
0.02206
0.0261616
0.0215258
4.87986
5.92504
0.027883
0.24605
0.835061
0.0221002
0.0218266
0.0219496
0.0215633
0.440614
0.0217015
15.2104
0.132252
0.0220859
0.0222873
14.3021
0.0221161
0.0218037
0.0219216
0.0220166
1.40056
0.0216573
0.0980067
0.0222702
0.0857041
19.7089
0.0481455
0.0224277
0.0219011
0.0215382
4.30832
0.154107
0.070444
0.0219211
0.244895
0.0242756
16.0742
0.0460114
0.0444288
0.021638
0.0218651
0.0257169
0.0216596
0.0296027
0.0223406
0.0441815
2.6569
0.154721
0.0216295
13.8687
0.0352904
0.022214
0.050408
3.7268
7.62648
0.0329548
0.23082
14.5123
0.0216328
0.0929088
0.129522
0.0466403
0.0221889
1.96461
0.0219079
0.0224159
0.0217166
0.0264463
0.426857
0.0220635
0.0221097
0.0221588
6.36044
0.0234594
3.44992
6.54895
4.81929
0.0237191
0.0222229
0.0229237
0.0221783
0.173357
0.0223417
0.0293758
0.0217346
0.021788
0.0234986
6.59958
0.0523265
2.02521
0.0219834
0.0216542
0.0224193
2.6309
0.0397026
4.9749
8.16089
4.6172
0.0214396
0.0219252
0.0258208
6.93652
0.0223118
1.53254
3.90302
0.0349919
0.0217171
2.12145
0.0222418
0.248237
0.223329
0.0460878
0.0241679
0.0216986
0.0218506
0.0327433
0.0219244
0.0220124
5.42623
0.0221337
0.0220047
4.73049
0.0221099
0.0217689
0.0259159
0.0247249
0.0219211
0.0222666
0.0219115
0.0220323
0.0219792
0.0217298
0.211963
0.027983
0.115886
4.52178
0.0219121
0.0221036
0.0220226
0.024261
0.0217621
0.434411
0.0228147
2.16057
0.0216153
0.0216091
0.0264252
0.0216466
0.199476
12.0306
0.0386297
0.0252057
2.63181
4.90145
0.021926
4.78075
0.0579426
0.0219677
0.0216878
0.0219022
3.11845
0.537939
0.0216699
0.0219251
0.0443462
0.0218357
0.0219816
0.161789
0.0220857
0.0222294
6.47005
0.0219716
0.0215985
0.0220775
0.124924
0.0239972
0.0663787
0.0241672
0.021985
0.0225218
9.40565
2.52254
0.0217166
0.0221714
1.63889
0.0968085
0.196817
0.021813
0.0224829
0.0220609
0.0219025
0.0357299
0.0279416
0.0222103
0.0224173
0.022065
6.13535
0.0218731
0.0897361
0.0222931
0.0222912
8.38771
0.0216973
0.0219596
0.0219233
0.0216516
0.0218981
0.0221028
0.0221712
0.0222813
0.0223523
0.0294855
0.0361776
0.0222915
0.0970623
0.189328
0.0215619
1.7854
0.0595352
0.0216718
0.0753455
0.0327166
0.0218004
0.0218085
0.0221498
0.022031
0.0218649
0.944252
0.0225295
0.0222525
0.0218211
0.0236776
0.021808
4.82844
0.0240926
5.11402
7.64985
0.028444
0.0220928
0.0218583
0.021728
0.0475361
0.100955
0.0219058
0.0221172
0.0218845
0.0219252
0.0536245
0.0222108
0.0272956
0.022005
0.0215789
0.732176
0.0220451
0.0219909
0.0220076
0.021912
0.0217161
0.0216159
1.6399
0.0222106
0.0220846
0.0216025
0.0222295
0.0216741
0.0311396
0.0219031
0.0216498
0.0240743
0.0217018
0.0216917
0.080997
0.0219366
0.791912
4.98183
4.09738
0.129244
0.0219013
0.0221521
0.0218259
0.0219293
0.112412
0.101248
0.021905
5.66842
0.0217522
0.0245493
0.0367425
0.13707
0.0216907
0.0218901
10.2613
0.125587
0.058967
0.0217137
0.0219991
0.0219217
0.0217823
0.0215344
0.022072
0.0267095
0.0216114
0.0222737
0.0220621
8.90926
0.0549391
0.14184
0.0214375
0.0219165
0.0225301
12.23
0.0215823
0.02441
0.0287102
0.0528336
0.0223255
4.21824
2.06317
0.0219159
0.0214365
0.022261
0.0222872
0.164237
11.8011
0.0216543
0.0220104
0.0219849
0.0220949
0.0487471
12.319
0.022054
0.0248449
0.123177
4.01779
0.0219038
0.0231482
3.98294
0.0214304
0.0219573
0.0218988
0.0220716
0.0218841
0.0216151
0.0218127
0.0219919
0.0775686
0.066889
2.10781
0.0362064
0.0353254
0.0241732
0.0278393
0.0298741
0.0429297
0.021924
0.0217198
5.63841
0.0251753
0.0591465
0.0220678
0.0216375
0.776211
0.0220344
2.0519
0.0250877
0.291483
0.0217319
0.038262
0.0217239
0.0216936
0.0431042
0.0264156
0.0274293
0.0218978
0.0224232
0.0220861
0.0218288
0.0248828
0.0216013
0.0219009
0.0224403
0.0220756
0.0218578
0.0219228
0.0581147
0.0460842
0.243476
0.0273381
0.0218886
0.0225385
0.0217903
2.45021
6.97727
0.0218093
0.0219509
0.021665
0.0545585
0.022006
0.0221
0.0239706
0.0464224
0.0220531
3.7769
0.032033
0.0221336
0.0220266
0.202784
0.0714015
0.165887
0.0219124
0.0218798
0.0219925
0.022011
0.0307754
3.81804
0.0218379
0.0215928
0.0223876
0.241489
0.0220661
0.0218559
0.0224825
11.1368
0.021688
0.0216724
12.374
0.0230899
0.0215256
0.0219403
0.0461358
0.0237033
11.0892
0.161166
0.0923596
7.36436
0.0218432
0.0311683
2.09357
0.0218329
0.0216948
0.0219559
1.62549
0.245939
0.0216897
0.0218192
0.0217257
0.0219395
0.0603759
0.0852603
0.0220002
0.0217993
0.030603
0.038225
0.0216616
6.4623
16.883
0.0217948
0.0216452
0.0239012
0.0219026
0.0992419
0.0323852
0.138564
0.0216583
0.0281588
0.0219184
0.0240489
0.0222333
1.12975
0.0219579
0.0220702
0.0216683
0.0217904
0.0216211
0.0215822
7.00283
0.0405072
0.0339062
0.134831
0.42014
3.51337
0.469733
0.021698
4.66777
2.92698
0.0220858
0.0221605
8.28152
0.0216805
0.0219176
0.155484
0.0379215
0.0226174
0.0326175
0.0216281
0.0217317
0.0296976
0.0556773
0.0224778
0.0220617
0.648041
0.0228217
0.0219171
0.0219218
0.0222065
8.37236
0.243576
0.0219273
0.0219292
0.021647
0.0218335
0.0260655
0.199841
0.312937
0.0275088
0.0219077
0.0216632
0.0323406
0.0219654
0.646919
0.0218102
0.021847
2.13002
0.0824879
0.0217256
0.0217299
0.187121
0.032067
0.0220963
0.0219962
0.130314
0.0217323
0.104395
0.0227352
0.0997054
4.92668
0.0214206
0.0218148
0.0410968
0.0365508
1.35009
0.0218717
0.0630766
0.227446
8.66705
0.0220761
0.074061
0.079784
0.0219146
0.0219078
0.157652
5.4888
0.0224835
0.169397
0.0271401
4.56868
0.0363043
0.0693949
10.1828
15.4938
0.0219034
0.0220379
0.0512242
0.574273
5.18988
0.0239669
0.0268443
0.0216923
0.097037
0.0218749
0.0888479
0.0219192
0.0217283
0.0221631
0.0217119
0.0215132
0.0297464
0.311239
0.154179
0.0215635
0.113822
2.5007
3.14859
0.0217028
0.0335955
0.0923135
0.0218331
0.0225707
0.0227275
0.0215498
0.0306681
0.022276
0.11213
0.0220261
10.6683
0.0580214
0.514263
0.219071
0.021779
0.0222611
0.0380143
0.0793087
0.0219737
0.0291668
0.0216419
1.37596
0.0216596
0.181987
0.0220477
0.116017
0.0386561
0.422213
0.0218393
0.111956
0.0216953
0.0219637
0.0396215
4.31961
0.0290767
0.12787
0.0219048
2.65798
0.0303415
0.0358859
0.0219746
0.021574
0.0372793
0.02187
0.0728362
0.0503838
0.0270902
0.0217653
0.296572
0.0217489
0.0218735
0.0590409
0.0323831
0.0214743
0.0217527
0.252006
0.061369
0.0218007
0.0217219
0.0233201
14.3033
0.0494495
0.0223486
0.112932
0.0218946
0.0220493
0.0235762
0.0238993
0.0214434
5.93701
0.0227293
0.0218036
0.0223172
7.25046
4.38737
0.0249806
0.0215302
0.021822
0.021888
0.0402997
0.136867
0.0220014
7.48314
0.0304152
0.101527
0.0218825
0.0339524
0.0519766
0.0309658
0.0892754
0.0603664
2.2378
2.71376
0.079449
0.0219206
0.0217438
0.86214
0.0218097
0.0220646
0.244222
0.0219978
0.0221641
0.140172
0.021694
0.0217388
0.0218874
3.2764
0.0218043
0.180143
0.0275156
0.0282883
0.0280695
0.0292679
0.0218305
0.0287016
0.0498971
5.32069
0.0682397
0.0225727
0.0221329
7.899
0.0377165
0.021742
0.0991617
0.0219203
0.0219621
0.0284884
1.19478
0.246305
0.0215933
0.0854785
0.153747
0.0217052
0.0220176
0.0219879
5.07367
0.0539798
0.0226206
0.0214671
0.112567
0.021893
0.0642658
4.62434
0.0217085
0.271108
0.0222348
6.31367
0.0218145
0.0220496
0.239741
0.0217102
4.19451
0.0259706
0.0222865
0.0217098
3.5792
4.05241
0.0220706
2.5303
0.0252319
0.099009
0.0218176
0.0216075
4.6317
0.0219681
0.0370243
0.0217961
0.0221202
0.0218746
0.045784
0.0622345
0.166424
0.267072
0.0217042
0.0215288
0.0287024
0.0217129
0.0217245
0.0217459
0.0247956
0.0218266
0.0214562
0.0246515
0.0220593
0.0220323
0.0319108
0.02169
0.0221505
0.0218654
29.6415
0.0284644
8.35908
0.0734294
4.41252
0.321109
0.184717
0.022139
0.0461017
0.0216698
0.0216847
0.0222322
0.02277
1.48346
7.12246
0.0241066
0.0218655
0.0216432
0.0219198
0.0218142
0.201685
0.0272318
0.0218935
0.0218666
0.02212
0.0220765
0.0218672
0.0240731
0.0220913
0.0219713
0.0312545
0.085772
0.181508
0.0486906
0.166825
0.114319
0.0218285
0.0453836
0.0462225
0.0259683
0.021552
4.50241
0.0218278
0.0222341
0.0215469
0.0643119
0.0217172
2.24791
0.0217643
1.70721
0.0217874
0.079275
0.035606
6.40551
0.0218814
0.109865
0.0217126
0.0624607
0.0471669
0.0220289
0.0218258
4.02276
0.0746607
0.0220226
0.022011
0.0218227
0.280876
5.73208
0.0217556
0.021972
0.0217496
0.0707092
0.021764
0.0337223
0.0221254
0.126737
0.0220872
0.0251972
0.0225491
0.0219688
0.0222123
0.0219221
0.0234228
0.0220629
0.0218512
0.146827
0.091416
0.028788
1.29065
0.0217049
0.0216755
0.07576
0.0220172
0.0216833
0.0220854
0.0220074
0.0268762
0.0864973
0.02912
0.0217015
4.12003
0.121932
0.0433762
8.12193
0.065117
2.10831
0.0219197
0.0964311
0.0217249
0.21664
0.0219108
2.80857
0.0214957
0.0436176
0.0219908
0.0236063
0.0248162
0.0216914
0.0219246
0.0216448
0.021859
0.0218663
0.0218702
0.0220613
0.0263295
0.316032
7.80756
0.607941
0.0220962
0.0238712
0.247844
0.0216089
0.0933979
0.0218213
0.0215104
5.73761
0.0242378
0.0220391
0.0218628
0.0218842
0.0895082
0.033215
0.0216819
0.0217513
0.0237434
6.14013
0.0220413
0.0220204
0.0220186
0.0219593
0.0216354
0.0218724
13.2868
0.0218943
0.479303
0.0217152
0.139522
0.197061
2.9368
0.0876675
0.0221954
0.55737
0.0218618
0.0219554
0.0342253
0.0219112
3.98353
0.0218179
0.0251072
0.0220756
0.0220257
2.60648
13.6904
0.231933
0.0214441
18.4713
0.0536601
0.0216184
0.0423489
5.93338
0.0223812
7.27206
0.0234815
0.0225606
0.0215963
4.53592
0.0222373
0.0735603
0.0348795
7.11464
0.0976522
7.59772
0.0219679
0.0218607
0.0631368
0.034532
0.0316047
0.354402
0.024324
0.0215972
0.153986
0.0219564
4.77195
0.0218374
0.0217674
4.43831
0.053162
0.171806
0.0219179
0.021451
0.0220274
0.0214645
0.0221892
0.0219306
4.39747
2.70459
1.16568
0.0218626
0.0219237
0.0550058
0.0380844
0.0356744
0.0219305
0.022089
0.0220349
0.0438464
0.021968
0.0222662
0.0216685
0.050242
7.80357
2.94605
1.3448
0.156317
0.0248088
0.0217735
0.100382
2.59967
0.111918
0.0225292
0.02184
0.0347317
0.0216209
0.0235519
1.36165
0.0593017
0.0216851
0.024234
4.90272
2.78431
0.0225158
0.0216844
0.0221901
0.0891506
0.0216991
8.11935
0.0215095
0.0217069
0.0224289
0.0539616
0.0669816
0.0220004
7.90205
1.09872
0.0475836
0.0216044
0.0502162
2.80743
0.65967
0.0219252
2.35075
0.0361748
2.91456
5.36172
0.0223596
0.0216636
0.0214498
0.0272903
0.0221372
0.0220521
0.214115
0.0216371
0.021694
0.293158
0.0219972
0.0218755
0.0236824
8.2793
0.0248157
0.0334136
0.04125
3.05808
2.58394
0.0216356
0.0216231
0.0215237
4.14809
0.955102
0.021858
0.0219161
0.0219188
0.0237318
0.0225974
0.0216495
0.0218103
0.0217781
0.0219388
0.0547419
0.0219691
0.163974
0.0223644
0.0217886
10.5581
0.021662
0.315642
0.0215168
0.0337459
0.0218381
0.190811
0.0221939
0.0218129
0.022284
0.031961
0.0219027
0.0218356
0.0241831
0.0218931
0.142053
0.0219712
0.0348755
1.6659
0.230228
7.03976
0.0219052
2.22966
0.0375652
0.0226796
0.0222026
0.0216061
0.0218499
0.0216659
0.0233488
0.0579015
0.0227299
0.0241048
0.0214624
13.6696
0.364535
0.0611584
0.0219334
3.04417
0.021879
0.0378366
0.0216417
0.0214503
0.0300757
0.0355176
0.0217213
0.0218325
0.0217478
0.0302053
1.61218
5.49013
0.0219482
0.0259472
0.0219653
0.0215378
0.0351811
0.0221722
0.0236835
0.0218755
0.0216785
0.100296
0.105956
0.0219183
0.0217172
0.0236805
0.0604568
0.0217053
0.0264479
0.0218573
0.0959625
0.022184
0.0251185
0.0215165
16.824
9.28963
0.119399
0.174735
0.0243738
0.0261379
0.0216313
0.0220749
3.45082
0.0223859
0.0306252
0.0216475
0.0234262
0.0222633
0.0256146
0.0214606
0.0230718
0.065775
0.285468
0.0223205
1.4104
0.022296
0.0219202
0.186041
4.84107
0.0296381
0.0220042
0.0217999
0.0216674
0.0217019
0.0220261
0.0221549
0.0818264
0.0217513
0.0220016
0.0234685
0.0218449
0.0266477
0.0843289
11.3618
0.0216948
0.0502286
0.0232706
0.0234035
0.0276881
0.0231063
0.0220758
4.69927
0.149807
0.0858706
0.0218785
0.0216146
0.0225004
0.0332085
0.0220363
1.68152
0.0218964
2.83798
0.0243937
0.54152
0.0252658
2.06035
0.0316166
0.0264732
0.0484385
0.0309547
9.64545
0.0376516
0.0418438
0.0220221
0.380812
0.0216547
0.0406685
0.0220037
0.0244094
0.0536275
0.266893
0.0215022
8.91194
0.0519031
0.0218855
8.96594
2.75913
0.0220625
0.0577029
8.01744
0.023898
0.0219768
0.0220956
0.0306212
0.0220451
0.0220872
0.239633
0.0220497
0.021737
0.0354508
0.0743912
0.0215882
0.0219302
2.42837
1.86126
0.116607
0.0216802
0.0218195
0.0218526
0.0752721
1.38677
0.0224978
0.0216738
3.68681
3.95791
0.0615203
0.0553077
0.609236
0.02175
4.81225
0.0218357
0.0220313
0.0248696
0.0312277
0.0215998
4.42844
0.0236031
0.02482
0.0323715
0.0247367
0.0224814
0.0224121
0.0229754
0.0218538
0.0219444
0.022297
4.12348
0.0239207
0.0214942
0.0642322
12.9286
0.0224739
0.0223369
0.0216333
0.0220186
0.0220554
0.0215886
0.021846
0.106887
0.0244842
0.0215479
0.0405862
0.0219387
0.0215128
0.0320579
0.0246108
0.0686812
15.0027
0.0611047
0.0251748
2.69005
0.0638209
0.0220193
4.58252
0.104586
0.0221948
0.0239021
3.06843
0.0304038
0.195984
6.20207
0.0680048
9.71179
0.0215793
0.0218693
6.86412
12.7619
0.0258363
0.0240662
0.0221068
0.0315425
0.0293296
0.0522234
0.030199
0.0220024
0.0219245
0.0222255
1.62623
7.25295
0.0219345
4.71916
0.0214732
0.0216371
0.158816
0.0219397
0.0219198
0.0220723
0.0216098
0.0215341
0.0255565
0.0217972
0.022242
0.0239601
0.0217554
0.0228862
0.0217881
0.0220879
0.0218763
0.088776
0.0215369
0.0222652
0.376009
0.021745
0.0314437
0.0219105
0.0316087
0.116547
0.12059
0.0381554
0.0218995
0.02502
0.021951
0.022358
0.0219578
0.0219822
0.090789
0.896786
0.0218487
0.119247
0.20854
0.445805
6.37616
1.97448
0.0219868
0.0222976
0.0220106
8.57686
0.311853
0.0987131
4.58525
0.0237442
0.0221187
0.0252534
0.0217141
0.0249911
0.631115
0.0219742
0.0217553
0.0893104
0.0218864
0.0271546
0.0219289
0.0263712
0.0215941
9.08956
1.01833
0.0214552
0.057111
0.0218105
0.0219896
0.0220237
0.024773
0.0676254
0.0221221
0.335035
0.0339434
0.0242792
0.0215553
0.0225994
0.0221372
0.0219736
0.0221265
0.0218662
6.39924
0.066451
0.021657
0.0219761
0.0219425
0.024899
0.0220775
0.024417
0.0305321
0.0302081
0.0224769
1.9171
0.0224244
0.0217155
0.0222775
0.0676014
0.0220647
0.0531525
0.0220833
0.0215142
0.0219084
0.0246631
0.0219665
0.0222399
0.0218434
0.0223315
0.0217149
0.0215664
0.0223256
0.105758
1.62978
0.0220759
0.759036
0.262649
0.0239558
0.0716416
0.0218999
0.0216096
0.0222707
0.053566
0.0291703
3.10754
7.08632
0.0237986
0.0220513
0.0214637
0.0219108
0.101967
0.0218554
0.0608568
0.0219827
0.0268413
0.0214722
12.8179
0.0216609
0.0297317
0.551383
0.0219699
0.0219712
0.0360903
0.0221682
1.75437
0.0220699
0.435534
0.0221516
0.145708
0.0298179
0.0224832
0.0410982
0.0270504
0.0218892
0.0221366
0.0219173
0.0217175
1.84846
0.0217119
0.0502127
0.0224586
0.0643294
0.024837
0.0219357
0.0292476
4.91786
0.153077
0.0491239
0.0480155
0.510206
1.19634
0.021843
0.022295
0.164004
0.0218669
0.021649
0.0219694
0.0271392
0.0220615
2.15212
0.0220525
0.0222408
0.0222907
0.0223952
0.0225573
3.58704
0.0218737
1.87859
0.0219121
0.0796806
0.0220759
0.0218796
0.0215532
0.434176
0.0218005
0.0238178
0.0456664
0.0215286
0.0220035
1.19839
4.48218
0.0229984
0.030525
0.0220789
1.59087
0.0219983
0.0671477
3.69196
4.30981
8.02075
0.0218267
0.0222954
0.022241
0.0219093
0.0219516
0.0220684
0.0214566
0.0221344
0.0218236
0.0218758
0.0716878
2.75158
0.0629077
0.0214533
3.36138
1.1058
0.0218288
0.022094
0.021878
10.5152
0.0218648
0.0218652
0.0217873
0.0219836
0.04733
0.0218938
0.0917261
0.0399564
5.28046
0.0215432
0.0339917
0.145644
0.822173
0.816986
0.0493321
3.71748
0.077077
0.0220091
0.0217105
0.0220152
0.0222523
0.0226943
0.0870143
0.0567582
0.022071
0.0966107
0.0215828
0.0648379
0.0218768
0.205521
0.0220316
0.0218889
0.0219907
0.0442065
0.022004
6.46038
0.0214405
0.0241144
0.0218537
0.0372633
0.0530995
0.0338974
0.0671514
0.0723305
0.0218806
0.0241699
0.0257614
0.139433
0.02204
0.0239092
0.0216987
0.228113
0.0271025
0.0240913
0.0709493
0.0217019
0.0406579
0.055782
0.0225636
0.02412
13.2232
0.0221387
0.196467
0.0224206
0.0219238
0.274146
0.0220623
0.0216927
0.10064
0.0229597
0.0219313
1.95901
0.0235254
0.0219054
0.0335164
0.0221948
0.0219354
0.0284622
0.0898177
2.07439
0.0221281
0.0930969
0.0221012
0.0908641
0.0437883
0.0306884
0.0217149
0.0219149
0.111884
0.122789
0.0218944
5.43415
4.19333
0.046304
0.0216625
0.0303286
0.0834316
0.0347616
0.0221115
0.0666273
0.0231822
0.0217047
0.0219007
8.32827
0.0670726
0.407367
0.0216639
0.0233566
0.0301425
0.273634
0.0219231
0.0216784
0.0301111
0.165096
0.112369
0.0216531
0.0447377
0.487595
0.021706
0.0247018
0.132661
0.0226651
0.269562
2.13896
0.0342304
0.0220091
0.0391102
0.0218373
0.0632192
0.0225014
0.0217592
0.0218696
2.18826
0.131185
0.0464805
0.0224863
0.0216394
0.361438
0.063159
0.0218473
0.81762
0.427022
0.06735
0.0221992
0.0269285
0.0222468
0.0225355
0.0218087
0.0267595
0.0216912
0.0246795
0.0220856
0.0671035
2.78028
0.0215927
0.0408235
0.0221169
0.0218826
0.021833
4.29265
0.125117
0.0363673
0.815765
0.0216238
0.0428972
0.0219038
0.102405
0.0884622
0.031321
0.0356085
0.0333207
0.0215919
1.31589
0.0444767
0.0825039
0.0219574
0.0331698
0.0218749
0.0592817
0.0432727
0.0467965
0.0946218
0.0237729
0.0635128
1.74787
0.0420362
0.0216276
0.114668
0.0217004
0.0219691
0.0218252
0.0275554
0.023977
0.682751
0.0320792
5.70025
0.0222469
0.021826
0.0216232
0.0218787
0.0237188
0.0219976
0.0215871
0.0344432
0.0425708
0.0218293
0.0237056
0.0225843
0.0219074
0.0273586
0.021831
1.39298
8.26158
0.0319537
0.0216668
0.0372136
4.19115
0.0218345
0.0262192
0.0218507
5.03936
0.0216484
0.0220343
0.0218998
0.0379229
0.0719946
0.0219478
0.0219333
0.0254015
0.0219776
0.0215839
0.0219533
0.0218366
0.145453
0.0216753
0.0218337
0.0256714
0.0252862
0.0219355
0.0219831
0.0215775
0.0267741
0.0220807
0.028936
0.351213
0.0216002
0.0214601
0.0220895
0.628235
0.081861
0.0238291
0.0224083
0.0218332
4.84043
0.0225447
2.38915
0.0762672
0.0222718
0.0223482
0.0254242
0.0216318
2.67234
0.0464549
1.75068
0.0219927
1.88653
)
;

boundaryField
{
    frontback
    {
        type            empty;
    }
    topbottom
    {
        type            fixedValue;
        value           uniform 0.0223;
    }
    outlet
    {
        type            zeroGradient;
    }
    inlet
    {
        type            fixedValue;
        value           uniform 0.0223;
    }
    walls
    {
        blending        binomial2;
        n               2;
        beta1           0.075;
        type            omegaWallFunction;
        value           nonuniform List<scalar> 0();
    }
    procBoundary2to0
    {
        type            processor;
        value           nonuniform List<scalar> 
165
(
11.0569
15.4179
15.4179
0.166714
0.022036
9.48086
4.20429
16.9275
15.5814
13.1744
12.5392
0.0293378
0.0293378
0.0219683
0.0219915
26.4581
0.0219842
4.87328
1.89075
0.026034
0.0229608
0.0229608
0.13795
1.55034
18.4814
0.0227706
0.106107
16.4072
1.94137
0.0232264
9.5698
0.0220732
1.80538
1.80538
1.68562
0.0220064
16.2172
0.0219418
0.0860309
0.0694453
13.7181
16.8602
1.67999
0.0221045
0.514771
0.514771
0.0219441
1.5512
0.0465783
1.39207
0.817267
0.0220949
1.34525
0.0251622
2.12895
2.08009
2.14741
0.0248195
0.0242048
0.0221273
12.717
0.316007
1.40224
0.0219782
0.0220443
0.0220644
9.99357
11.5959
0.0219595
0.0568486
0.0223657
0.0238825
0.0219343
0.0219529
2.1818
0.0222869
0.0425087
0.0219581
0.0221375
0.0226216
0.0219683
0.0222635
0.0568486
0.063706
0.0219441
0.0273645
0.316007
16.4979
0.0219293
0.0219307
1.80407
0.0220091
1.4726
0.0224681
0.0317449
0.0221721
0.0267981
0.0860309
0.0510813
0.0219383
0.0332639
0.0222078
1.40138
2.23399
0.0220828
0.0425087
0.0220396
1.59825
2.33243
2.29642
0.0222741
0.0221613
0.0219287
2.06482
18.6619
18.1259
14.9228
2.19863
1.4726
0.0234755
20.1949
0.0371945
0.0395508
2.24888
0.0219264
16.4394
19.0414
18.9134
0.0221947
0.0349726
0.0219259
1.51373
0.0222462
18.2797
0.0306686
18.1936
0.222994
0.106107
0.022129
0.0220167
1.34886
0.0221965
2.22743
17.5935
22.8896
10.0576
1.88744
16.6342
14.2562
9.11784
15.4822
19.682
18.2758
10.359
1.3308
10.2716
2.38567
0.0306686
14.2033
24.4725
0.0222328
1.31842
1.27413
10.5375
18.2341
)
;
    }
    procBoundary2to1
    {
        type            processor;
        value           uniform 2.53284;
    }
    procBoundary2to3
    {
        type            processor;
        value           nonuniform List<scalar> 
73
(
0.0225098
0.0223059
0.0214487
0.0214279
0.0420612
0.0420612
0.0237457
0.0860021
0.0592449
0.159257
0.0221438
0.0221438
0.191546
0.0217649
0.0223059
0.0335934
0.0382246
0.0382246
0.0215259
0.0258767
0.026843
0.0213958
0.0217695
0.0219399
0.0238809
0.141096
0.115603
0.0218462
0.0214399
0.0233031
0.067776
0.0281298
0.021421
0.0216988
0.0215019
0.0352098
0.0250888
0.0229441
0.0220107
0.0216478
0.42533
1.39929
0.031446
0.0214023
0.0214801
0.02139
0.0529281
0.0214127
0.0215645
0.0929618
0.42533
0.0216029
0.0470469
0.0213943
3.13557
3.13557
0.0227133
0.0244064
1.39929
3.98651
0.0214621
0.0214071
0.0777533
0.0470469
0.0296576
3.98651
3.81348
0.10955
0.0214164
0.0215153
2.94313
3.36257
0.0215367
)
;
    }
}


// ************************************************************************* //
