/*--------------------------------*- C++ -*----------------------------------*\
| =========                 |                                                 |
| \\      /  F ield         | OpenFOAM: The Open Source CFD Toolbox           |
|  \\    /   O peration     | Version:  v2012                                 |
|   \\  /    A nd           | Website:  www.openfoam.com                      |
|    \\/     M anipulation  |                                                 |
\*---------------------------------------------------------------------------*/
FoamFile
{
    version     2.0;
    format      ascii;
    class       volScalarField::Internal;
    location    "650";
    object      V0;
}
// * * * * * * * * * * * * * * * * * * * * * * * * * * * * * * * * * * * * * //

dimensions      [0 3 0 0 0 0 0];


value           nonuniform List<scalar> 
9793
(
0.0430408
0.212594
0.0466989
0.133002
0.0460482
0.104295
0.168134
0.160292
0.0694159
0.0457517
0.032663
0.0675185
0.166008
0.157173
0.182329
0.167588
0.171331
0.180448
0.0595755
0.161513
0.0738044
0.0567102
0.129761
0.210928
0.121335
0.170279
0.167531
0.17047
0.0323981
0.0751589
0.075678
0.159581
0.153482
0.171416
0.0425719
0.0749662
0.153478
0.0588031
0.147147
0.18172
0.0933809
0.185169
0.154157
0.174252
0.190338
0.140759
0.0371619
0.15606
0.0922404
0.123083
0.0412126
0.0301446
0.0849471
0.080154
0.0352391
0.078915
0.0869969
0.0238968
0.0897187
0.126193
0.166223
0.081885
0.0828392
0.170003
0.0384882
0.15957
0.108668
0.0915739
0.0642157
0.0336466
0.041379
0.177519
0.122012
0.177805
0.0416232
0.0969406
0.106338
0.172175
0.131159
0.178233
0.124757
0.142473
0.157924
0.174597
0.0980913
0.153618
0.182005
0.0960535
0.0896825
0.148292
0.191555
0.0386255
0.132828
0.161749
0.0787713
0.17408
0.0753478
0.166606
0.127602
0.140915
0.156212
0.143175
0.136686
0.137512
0.17891
0.100849
0.0749797
0.162745
0.0919774
0.154952
0.157936
0.0777431
0.103953
0.0818751
0.0292125
0.102236
0.134439
0.0396535
0.139457
0.163942
0.134689
0.138896
0.104829
0.09063
0.0665354
0.073734
0.0235576
0.152217
0.131461
0.110738
0.182506
0.0908341
0.0939323
0.134989
0.0683017
0.0945175
0.166791
0.170362
0.12579
0.165372
0.0967425
0.121008
0.154671
0.138944
0.16367
0.154575
0.175497
0.159913
0.152037
0.0349253
0.0437493
0.193148
0.0426769
0.0465778
0.149204
0.11765
0.174274
0.116506
0.173033
0.1318
0.134453
0.152715
0.164072
0.0643544
0.195114
0.0871222
0.148545
0.0495985
0.166568
0.145433
0.135125
0.112981
0.192427
0.105633
0.0664473
0.0529225
0.0923483
0.172247
0.105049
0.0357204
0.02138
0.0457157
0.163318
0.114044
0.0986898
0.135935
0.0262808
0.101156
0.101758
0.159415
0.068996
0.113354
0.0947312
0.0757304
0.0867691
0.0404455
0.0554266
0.131692
0.0489077
0.13723
0.059711
0.065181
0.0748996
0.101605
0.0825288
0.16626
0.0869998
0.150404
0.0977083
0.0539045
0.0384246
0.100004
0.091361
0.0704533
0.0498263
0.178482
0.13086
0.0972606
0.150856
0.0809441
0.0416831
0.104413
0.0599955
0.139458
0.152628
0.0586976
0.107353
0.146057
0.0370085
0.0266808
0.205884
0.193977
0.041294
0.143076
0.0252706
0.0771456
0.108927
0.126396
0.0771775
0.15566
0.0972262
0.149571
0.124529
0.145351
0.123627
0.134455
0.170862
0.122473
0.141671
0.139983
0.0593676
0.0426589
0.0323738
0.0245661
0.118623
0.0663249
0.130071
0.0389359
0.105074
0.16247
0.119406
0.121155
0.0312644
0.147411
0.0476386
0.136184
0.16603
0.0362733
0.0603035
0.10136
0.129491
0.158128
0.0554267
0.0948228
0.156005
0.156111
0.0876974
0.0788737
0.136006
0.0255734
0.124581
0.159159
0.161612
0.17255
0.0177051
0.0779518
0.0632858
0.0457056
0.172484
0.0825268
0.105066
0.11598
0.0918601
0.15679
0.16031
0.131907
0.0593939
0.0430411
0.142285
0.0621276
0.132737
0.108321
0.125405
0.155823
0.160179
0.121732
0.0503152
0.0437785
0.109071
0.0939315
0.148089
0.124448
0.0453068
0.0700364
0.0689269
0.136059
0.152348
0.123383
0.0532953
0.0475341
0.121365
0.166147
0.054764
0.177364
0.167021
0.0162753
0.0598862
0.0874218
0.0358126
0.152347
0.0395869
0.0430308
0.136533
0.0968475
0.0218408
0.15211
0.131257
0.0649184
0.152751
0.14563
0.0467018
0.100943
0.119124
0.0635511
0.149438
0.15805
0.166148
0.0603627
0.181888
0.0483437
0.0627795
0.0675924
0.0767562
0.13815
0.108286
0.0762815
0.0727235
0.178117
0.0289074
0.0373489
0.0237057
0.0279299
0.0733057
0.125295
0.05346
0.136165
0.124813
0.134812
0.136587
0.130901
0.0988384
0.0522335
0.0691353
0.0234522
0.0569534
0.0997951
0.119645
0.131853
0.0338081
0.179876
0.0597295
0.0743143
0.103872
0.138926
0.0595828
0.173152
0.146872
0.160573
0.0756034
0.0648891
0.0948706
0.0539241
0.0259779
0.129406
0.0540955
0.0258689
0.154324
0.178413
0.0538908
0.0379208
0.127086
0.146004
0.0461313
0.0539019
0.158879
0.0743564
0.111639
0.0646757
0.160465
0.039912
0.086236
0.0303968
0.080105
0.140795
0.109451
0.110948
0.0568461
0.114668
0.149101
0.0768124
0.148504
0.05453
0.120215
0.05712
0.0285213
0.0752501
0.103891
0.0580315
0.163174
0.0350932
0.158496
0.071111
0.163271
0.119905
0.159783
0.111678
0.137154
0.104466
0.130772
0.137523
0.167042
0.0518627
0.0964898
0.133541
0.0397088
0.160349
0.101351
0.058039
0.0670194
0.0583685
0.0347545
0.0992771
0.102017
0.10367
0.0663502
0.0405575
0.0388095
0.16172
0.127347
0.134076
0.108181
0.0239559
0.108464
0.137123
0.101746
0.152008
0.162762
0.0801273
0.0337034
0.0972578
0.142575
0.0547896
0.174425
0.17622
0.172287
0.134126
0.0667307
0.128251
0.104945
0.161178
0.152893
0.0928186
0.108521
0.159817
0.101754
0.123211
0.0959879
0.0587193
0.0703752
0.104815
0.172054
0.152317
0.058067
0.0946666
0.0606813
0.15388
0.139756
0.12571
0.113115
0.116181
0.157893
0.0292239
0.139696
0.0959708
0.0464044
0.12867
0.097352
0.142942
0.0742046
0.104198
0.0658664
0.154409
0.120814
0.030145
0.101654
0.0298752
0.13138
0.0484588
0.133191
0.0247551
0.097102
0.140722
0.105086
0.0213917
0.100693
0.141985
0.115382
0.113827
0.13532
0.0230824
0.0442622
0.0927113
0.103866
0.116909
0.0753786
0.151327
0.118102
0.0728285
0.0230158
0.153265
0.097951
0.0364987
0.0966222
0.144931
0.0687895
0.165883
0.0231355
0.102391
0.0864423
0.0186659
0.122568
0.0847245
0.0439071
0.0967662
0.131099
0.122577
0.137455
0.162408
0.10097
0.0910279
0.136656
0.040074
0.0242153
0.0653419
0.0408693
0.143842
0.0260193
0.0935763
0.138636
0.0662493
0.0994599
0.159338
0.141347
0.139674
0.0440379
0.122531
0.0174119
0.150575
0.165426
0.0384035
0.047575
0.0325211
0.091933
0.10471
0.0939463
0.0960833
0.0509042
0.0840501
0.129078
0.0534271
0.111361
0.137485
0.0449068
0.0463067
0.0978122
0.0745164
0.0974449
0.04118
0.0435351
0.0444745
0.14725
0.135489
0.0651433
0.0443054
0.0734409
0.0467974
0.106969
0.0818129
0.0538267
0.033754
0.129405
0.103163
0.13588
0.12284
0.124793
0.118495
0.114909
0.163372
0.118071
0.121726
0.124721
0.0697138
0.154447
0.0407208
0.14191
0.070339
0.0704714
0.0328015
0.025359
0.146521
0.119666
0.0999875
0.142448
0.158689
0.130351
0.157579
0.123702
0.0643638
0.152592
0.0364821
0.159997
0.164976
0.0768171
0.098021
0.115282
0.156424
0.0266289
0.135887
0.0829492
0.0159546
0.0917431
0.156836
0.16871
0.0166544
0.130416
0.0233435
0.0374416
0.131161
0.134118
0.0888198
0.0704847
0.133555
0.110157
0.15941
0.162711
0.0983419
0.0348868
0.0999694
0.0206237
0.0802076
0.0939695
0.0770994
0.13384
0.105104
0.124287
0.0302618
0.120718
0.042877
0.0657736
0.0170118
0.0674299
0.119551
0.112931
0.0253236
0.119758
0.091229
0.0229799
0.0197177
0.119023
0.147806
0.0894744
0.133053
0.150949
0.122271
0.142919
0.136491
0.0621215
0.106897
0.117697
0.130697
0.153414
0.121531
0.157611
0.0744588
0.156659
0.125517
0.0376571
0.148328
0.0303475
0.0720201
0.0313543
0.101453
0.0620371
0.0979633
0.0737839
0.0194838
0.16046
0.127462
0.139322
0.0961052
0.0559374
0.129026
0.140724
0.126669
0.116987
0.147059
0.11963
0.0258937
0.110966
0.0380057
0.029993
0.0653294
0.0650795
0.155666
0.132036
0.160051
0.130965
0.0634251
0.124593
0.0843771
0.144781
0.157414
0.123838
0.117049
0.0883052
0.0973978
0.0897565
0.160344
0.103128
0.100506
0.036905
0.146614
0.140773
0.135608
0.100471
0.122008
0.0928737
0.024829
0.123537
0.143923
0.140757
0.123981
0.0730067
0.0386463
0.0439482
0.0367783
0.140515
0.0208944
0.134239
0.136524
0.101528
0.0920015
0.114752
0.0494891
0.140719
0.0639088
0.132257
0.113776
0.152669
0.155074
0.127994
0.0853765
0.0883139
0.0397552
0.11451
0.057518
0.0422636
0.0155468
0.13601
0.0196824
0.128851
0.0250866
0.113868
0.145982
0.125875
0.143427
0.0356032
0.128193
0.0581113
0.164919
0.141687
0.156066
0.041445
0.150858
0.0422289
0.122745
0.122355
0.149678
0.140016
0.0733156
0.13077
0.15029
0.123538
0.100053
0.140921
0.0679948
0.078667
0.0919702
0.145159
0.147298
0.147398
0.111252
0.0260412
0.101426
0.0968366
0.0391973
0.147176
0.164201
0.132319
0.144976
0.0414527
0.0336956
0.0575814
0.152891
0.0893406
0.120274
0.16541
0.0585074
0.0633705
0.1522
0.0529828
0.168439
0.0658902
0.112716
0.0934225
0.0242004
0.13319
0.156861
0.0408702
0.150853
0.0284062
0.0851647
0.131248
0.13923
0.15549
0.133893
0.0612609
0.0250291
0.161335
0.151603
0.129515
0.159968
0.129035
0.151258
0.0617129
0.148538
0.148624
0.14016
0.10768
0.0320558
0.0703645
0.133605
0.0190436
0.144956
0.0931893
0.076254
0.134663
0.074193
0.133166
0.107343
0.0229629
0.131493
0.124806
0.153288
0.0535799
0.0684776
0.0233934
0.127468
0.128512
0.0266449
0.15388
0.160264
0.0327416
0.128878
0.0360001
0.143921
0.151386
0.147162
0.0544834
0.151681
0.170328
0.158502
0.151549
0.128756
0.0552815
0.0314583
0.132923
0.0341845
0.11686
0.0871508
0.0635373
0.0838654
0.0414727
0.0353302
0.115353
0.122254
0.0811581
0.0300195
0.02249
0.117904
0.128858
0.147227
0.152533
0.0247864
0.0348334
0.0458046
0.144519
0.0333979
0.118413
0.125499
0.116736
0.147849
0.0750948
0.150121
0.1225
0.024745
0.0753813
0.0268256
0.119293
0.0244495
0.0630905
0.0413762
0.140142
0.0978054
0.147621
0.156591
0.0721857
0.0469195
0.128453
0.174632
0.100916
0.136436
0.0335808
0.11811
0.149867
0.132684
0.0683858
0.136776
0.10508
0.146569
0.021754
0.135895
0.069017
0.126791
0.146323
0.0742915
0.155757
0.0191646
0.106409
0.0393725
0.0541829
0.151669
0.14414
0.0210351
0.128692
0.142004
0.110825
0.0234734
0.10305
0.115828
0.100023
0.153352
0.0653413
0.0827324
0.0313113
0.0479332
0.0966199
0.0902597
0.105234
0.0631288
0.177491
0.0647404
0.100139
0.0710262
0.144953
0.139815
0.0628203
0.158706
0.0636888
0.124208
0.0762769
0.146537
0.0854779
0.0968862
0.144394
0.0958998
0.144218
0.100992
0.126185
0.0797497
0.0761876
0.149541
0.134399
0.136463
0.0433449
0.0905452
0.151215
0.028025
0.108364
0.0238071
0.0739511
0.129714
0.096714
0.119965
0.104271
0.0882219
0.129176
0.0961643
0.144822
0.0272205
0.070912
0.140937
0.117788
0.123343
0.103424
0.0598341
0.0860954
0.144109
0.0744769
0.129656
0.0652223
0.0197154
0.068365
0.0746521
0.134432
0.0948647
0.0477772
0.0956682
0.137159
0.126848
0.133215
0.126048
0.0645966
0.143601
0.0240759
0.133395
0.10592
0.148246
0.0238726
0.0761428
0.108878
0.0220729
0.0685034
0.141632
0.0801008
0.144385
0.0230717
0.0993358
0.158538
0.0211128
0.043073
0.178346
0.115023
0.0331789
0.0887682
0.0610501
0.135836
0.0669697
0.0624302
0.149296
0.107591
0.0636404
0.132718
0.14799
0.158455
0.0732704
0.156564
0.158002
0.0228328
0.115687
0.0771652
0.0527207
0.155874
0.0613033
0.0976512
0.149615
0.0429933
0.115033
0.0990644
0.0998034
0.157608
0.0730158
0.135801
0.097276
0.0591605
0.129732
0.119578
0.0625555
0.103062
0.0817992
0.150689
0.16814
0.0354955
0.0924019
0.157628
0.101174
0.157401
0.0340849
0.123674
0.0605356
0.138847
0.150951
0.109443
0.138545
0.026131
0.0933788
0.140131
0.145225
0.123177
0.144018
0.112131
0.128575
0.131128
0.0454861
0.118389
0.102421
0.0972575
0.163293
0.148488
0.14223
0.0596834
0.147475
0.0623262
0.0809741
0.106133
0.06715
0.0273608
0.141342
0.145327
0.0217096
0.112859
0.0201412
0.0162673
0.148506
0.14637
0.157652
0.0401108
0.0407093
0.130181
0.14481
0.157644
0.0245848
0.0408122
0.157366
0.0972994
0.073736
0.115445
0.0321788
0.0344579
0.015452
0.024347
0.147083
0.0406236
0.0228509
0.136109
0.0302741
0.135222
0.144618
0.100012
0.146343
0.121806
0.0278981
0.0203368
0.0242064
0.0256106
0.156966
0.122916
0.025777
0.117533
0.131487
0.0618847
0.0678081
0.0336544
0.149903
0.143773
0.147034
0.068571
0.105805
0.173391
0.125312
0.0668347
0.125844
0.021383
0.0658803
0.0693285
0.0201236
0.0542424
0.102567
0.0696781
0.156816
0.0165025
0.0152449
0.0999893
0.14967
0.0981857
0.0182433
0.145706
0.038199
0.0509837
0.149906
0.150241
0.116161
0.0303047
0.0323482
0.109376
0.0194592
0.0934017
0.138671
0.14131
0.153667
0.0802362
0.0949916
0.0657179
0.0286161
0.128948
0.153704
0.146011
0.134677
0.0268627
0.0656315
0.0241206
0.0984207
0.107995
0.0395678
0.131391
0.148428
0.109136
0.148277
0.11476
0.0300095
0.0609265
0.153414
0.144333
0.130361
0.129659
0.148993
0.047905
0.118951
0.0986138
0.118474
0.0191101
0.129585
0.0195748
0.100728
0.0707094
0.0518767
0.112549
0.0343176
0.0670213
0.0187643
0.0274382
0.130644
0.0389671
0.0445741
0.153397
0.0225059
0.0298031
0.0208902
0.0530433
0.148239
0.0400503
0.103591
0.0246085
0.093373
0.0219866
0.0252833
0.155147
0.0189791
0.0887175
0.0583157
0.0361986
0.0504832
0.021586
0.127897
0.0533553
0.113966
0.135603
0.0701627
0.0883263
0.16891
0.0429188
0.0506744
0.0971614
0.113803
0.128382
0.0313472
0.0851416
0.121934
0.0773084
0.0664714
0.0251192
0.0984331
0.142814
0.0509533
0.0294395
0.035776
0.0771468
0.146044
0.0542883
0.146869
0.149922
0.146561
0.163426
0.140712
0.0947144
0.0538275
0.0420223
0.118687
0.144849
0.156117
0.0358647
0.150405
0.0484789
0.115375
0.0183864
0.125528
0.149143
0.103017
0.0207609
0.0246828
0.150864
0.172434
0.0505425
0.0421991
0.145312
0.0962658
0.138696
0.0525036
0.117536
0.0736431
0.0570145
0.0508919
0.106431
0.0190794
0.148212
0.148557
0.137016
0.0460795
0.0344223
0.104334
0.14961
0.117415
0.0159278
0.0335028
0.0708166
0.0684242
0.0355726
0.140005
0.100364
0.0551298
0.0729378
0.0939383
0.0664455
0.153483
0.153548
0.0227131
0.0241896
0.16963
0.0351818
0.150465
0.0353787
0.0383202
0.11134
0.103506
0.0716118
0.116594
0.0746193
0.0784772
0.0366025
0.0283285
0.0632924
0.153894
0.100978
0.153388
0.0673878
0.0530832
0.0476084
0.0226624
0.101421
0.0615466
0.12708
0.0236159
0.0784543
0.0235621
0.0817627
0.0734533
0.156476
0.0250919
0.0412552
0.150976
0.0265171
0.0652783
0.0735294
0.131309
0.0956948
0.148376
0.170218
0.0345344
0.106934
0.058568
0.0519176
0.0368436
0.040283
0.0246577
0.0879346
0.0351351
0.126272
0.142911
0.148137
0.0985995
0.169578
0.0265294
0.13634
0.104211
0.0745176
0.123884
0.0542703
0.148185
0.0489486
0.122285
0.119287
0.0470323
0.0736822
0.159006
0.055093
0.0507148
0.0219741
0.0632362
0.124097
0.066933
0.0219054
0.114925
0.0233612
0.0264396
0.0760361
0.0958913
0.136264
0.0798955
0.0322218
0.149583
0.111209
0.0746528
0.0241655
0.0796347
0.0631242
0.0475738
0.0284234
0.0386305
0.0431476
0.0497354
0.0351662
0.128188
0.0729516
0.145503
0.0297091
0.0179138
0.0411974
0.0367242
0.0598513
0.0609611
0.10287
0.1376
0.100264
0.0527399
0.0777789
0.0493822
0.144604
0.0365597
0.0693805
0.100169
0.106048
0.154163
0.0537796
0.124099
0.0536693
0.0480084
0.0900944
0.07535
0.0211133
0.128775
0.0939318
0.0595362
0.101962
0.036526
0.0771296
0.111192
0.0761864
0.147422
0.0668186
0.0381201
0.0742102
0.0550666
0.0760387
0.0815699
0.0743728
0.0552788
0.0313189
0.0549216
0.12286
0.14438
0.0732843
0.0212573
0.0713147
0.0485144
0.147193
0.0816798
0.0670867
0.0455892
0.079508
0.100681
0.0617421
0.077751
0.148945
0.134939
0.130676
0.135288
0.0456713
0.134892
0.0709317
0.0784304
0.0988659
0.150836
0.151266
0.0284051
0.0668518
0.150235
0.0699174
0.117337
0.0992554
0.0170712
0.126593
0.148212
0.118467
0.164618
0.0562223
0.128395
0.0670951
0.151755
0.11928
0.130277
0.150567
0.0556426
0.0918373
0.06191
0.15149
0.062691
0.0245611
0.0934127
0.116543
0.112561
0.081084
0.0957065
0.117473
0.100126
0.0684601
0.074066
0.165492
0.034562
0.0856259
0.0955362
0.0161233
0.0247088
0.0952354
0.0904879
0.116342
0.0528327
0.0970414
0.127541
0.0631677
0.147186
0.125636
0.103142
0.105307
0.0921364
0.105569
0.0816603
0.0190812
0.0232876
0.0976082
0.0978229
0.145435
0.143376
0.15461
0.0517765
0.13576
0.126033
0.0569065
0.101168
0.0995872
0.0572745
0.0778929
0.165696
0.0466958
0.149234
0.0880432
0.101573
0.0866205
0.0932462
0.130382
0.155329
0.109826
0.0479891
0.146617
0.131517
0.151101
0.154744
0.125779
0.0505681
0.0907845
0.149193
0.0456941
0.040469
0.0499444
0.151057
0.109776
0.0523292
0.0816362
0.102251
0.0965801
0.0507669
0.102102
0.103427
0.15362
0.0256137
0.140237
0.0409621
0.0612584
0.0723991
0.158471
0.148532
0.143861
0.0950004
0.0625616
0.100439
0.0539509
0.0254033
0.0734866
0.141732
0.123486
0.0397995
0.0530903
0.117948
0.0228056
0.0757104
0.123131
0.151862
0.0632246
0.0918448
0.132611
0.122338
0.0705202
0.112308
0.0815253
0.0349384
0.117961
0.0479838
0.021797
0.0926182
0.0705149
0.105942
0.163886
0.108517
0.059768
0.14195
0.097311
0.0880116
0.0827312
0.0356843
0.0734804
0.134056
0.0502136
0.136258
0.109557
0.108038
0.0949225
0.146651
0.118772
0.0908374
0.107478
0.0993408
0.0604927
0.0697919
0.122213
0.133276
0.0958967
0.147254
0.153289
0.109949
0.127363
0.129621
0.0937996
0.0826415
0.0955466
0.146985
0.122485
0.0683661
0.143794
0.0871428
0.150083
0.108026
0.154209
0.066392
0.0737491
0.0618015
0.0522248
0.144917
0.0513838
0.0860328
0.126969
0.112895
0.147994
0.0555489
0.0405773
0.0679482
0.062227
0.117768
0.106658
0.024116
0.0841381
0.152258
0.146353
0.0535736
0.0450865
0.0963473
0.117439
0.155938
0.157609
0.149973
0.141204
0.135652
0.154112
0.102518
0.112495
0.0981773
0.112133
0.0179642
0.164991
0.150349
0.0277082
0.0986683
0.146849
0.11557
0.161994
0.103378
0.0236877
0.107186
0.0614036
0.0834499
0.0595476
0.0493823
0.152653
0.151722
0.0739926
0.021194
0.149637
0.100129
0.110196
0.106085
0.104617
0.0796112
0.0987939
0.136415
0.094925
0.0597198
0.0694872
0.123449
0.146035
0.142963
0.0979787
0.0377978
0.151952
0.0769211
0.0852964
0.0243689
0.097657
0.154079
0.123682
0.121468
0.104267
0.0811554
0.14246
0.0864754
0.149978
0.0968897
0.101501
0.0203836
0.111449
0.103473
0.116968
0.0417874
0.125883
0.10939
0.146812
0.0694353
0.0560634
0.06631
0.171456
0.0604223
0.0363895
0.099693
0.153143
0.0971786
0.149437
0.143418
0.0788847
0.0823774
0.0280826
0.10654
0.119722
0.124849
0.0918417
0.0931035
0.116624
0.0721881
0.114388
0.0684739
0.098243
0.117884
0.126919
0.0969182
0.0906598
0.120393
0.125205
0.142977
0.0939274
0.0558049
0.0969863
0.0193226
0.123784
0.118289
0.118909
0.102527
0.114556
0.0972877
0.109578
0.110597
0.148772
0.0963897
0.151415
0.102298
0.0525473
0.100065
0.14856
0.100743
0.140448
0.0395649
0.121714
0.0913468
0.0761083
0.149922
0.0759732
0.0996427
0.0226583
0.111147
0.132122
0.110163
0.0711435
0.110603
0.148864
0.0620038
0.0488974
0.0260792
0.0889797
0.143979
0.0954984
0.153486
0.0245872
0.0956875
0.121979
0.0848004
0.0962064
0.117648
0.129038
0.130953
0.0918067
0.119367
0.0879247
0.0930923
0.0988554
0.116958
0.139131
0.126015
0.148846
0.0562356
0.102594
0.153287
0.0587584
0.0666033
0.0960265
0.0680326
0.112242
0.153461
0.148716
0.0622573
0.112947
0.0717291
0.132595
0.147557
0.0905451
0.0688023
0.166555
0.0972508
0.155934
0.0792577
0.017309
0.146393
0.100577
0.0946701
0.0792681
0.09523
0.0980674
0.119502
0.165236
0.136565
0.0958178
0.105034
0.150993
0.0862422
0.153484
0.115134
0.0991835
0.100898
0.138723
0.112561
0.090144
0.0903187
0.0905764
0.109245
0.090306
0.0441747
0.0916361
0.148429
0.146995
0.107266
0.0900581
0.0497887
0.0215956
0.13178
0.0673705
0.100213
0.0739357
0.144407
0.147214
0.147982
0.0737023
0.14967
0.0920326
0.0795629
0.0968367
0.06103
0.0952944
0.0994467
0.0738209
0.0661621
0.118702
0.051734
0.0997055
0.0975532
0.149887
0.0696698
0.0930477
0.0932159
0.113349
0.0640108
0.115177
0.112912
0.110638
0.12701
0.11858
0.0976403
0.0439912
0.126294
0.0968347
0.0677019
0.10289
0.0994582
0.0962761
0.107842
0.0644322
0.0899789
0.121088
0.124353
0.057452
0.0990983
0.0357761
0.114051
0.092907
0.147304
0.0842691
0.115054
0.100525
0.141667
0.0786044
0.153709
0.0893749
0.105682
0.0940918
0.0964928
0.0686369
0.111594
0.153083
0.109225
0.148812
0.11566
0.102876
0.0826827
0.0358309
0.154531
0.127362
0.0967933
0.153345
0.107609
0.0561453
0.0653442
0.112002
0.144471
0.122744
0.123052
0.147913
0.154696
0.115428
0.103444
0.114465
0.0971005
0.128634
0.0829807
0.0968356
0.0971328
0.100554
0.1355
0.14155
0.110385
0.142236
0.100838
0.154056
0.113522
0.157227
0.101984
0.135505
0.116041
0.149327
0.153637
0.0960045
0.107044
0.156562
0.0854651
0.14993
0.100944
0.0965089
0.100183
0.110948
0.114115
0.151821
0.146277
0.0963647
0.063507
0.148431
0.130398
0.113295
0.1549
0.0659014
0.100527
0.0981531
0.0658092
0.117474
0.101505
0.155318
0.0824046
0.0557194
0.139985
0.124058
0.123925
0.116039
0.125204
0.151696
0.113996
0.116513
0.126421
0.0475017
0.172379
0.14976
0.151944
0.104673
0.134529
0.142268
0.0693052
0.106645
0.126018
0.150618
0.137215
0.149678
0.126419
0.148661
0.150615
0.148706
0.130229
0.104233
0.0821525
0.129825
0.11772
0.0212961
0.0977451
0.153323
0.106748
0.0349279
0.126276
0.111481
0.0809133
0.137437
0.149242
0.127838
0.151905
0.121818
0.122814
0.147545
0.116445
0.150222
0.0631848
0.0771672
0.0541532
0.0936392
0.139988
0.0811452
0.04472
0.103175
0.0464873
0.150235
0.145992
0.128484
0.12779
0.126002
0.152949
0.0948959
0.148425
0.150469
0.0917326
0.115534
0.111932
0.0995775
0.120528
0.125194
0.0684906
0.0554061
0.121464
0.110902
0.148091
0.087566
0.0799881
0.129839
0.0214268
0.149539
0.152202
0.0822526
0.098174
0.15104
0.0640944
0.114048
0.147256
0.10885
0.151982
0.128026
0.154346
0.0794542
0.142394
0.119194
0.131908
0.105968
0.0684281
0.123343
0.0374144
0.134418
0.134004
0.127294
0.0606291
0.040895
0.145025
0.123068
0.12986
0.121929
0.12839
0.0310554
0.10002
0.118098
0.105478
0.148867
0.131547
0.0552437
0.109225
0.124485
0.135235
0.10108
0.148815
0.0782078
0.147543
0.142509
0.12705
0.104366
0.118702
0.0238627
0.119598
0.133265
0.0914562
0.141322
0.0305234
0.153994
0.11658
0.0886501
0.150381
0.109536
0.132754
0.0685039
0.168933
0.159475
0.0536473
0.134742
0.120486
0.131684
0.101043
0.0954768
0.0693811
0.0891917
0.151599
0.12591
0.123198
0.113306
0.0280977
0.142239
0.143189
0.138774
0.0622028
0.115159
0.107656
0.123848
0.110503
0.105188
0.111749
0.132878
0.107107
0.112632
0.130918
0.13105
0.119954
0.110624
0.124492
0.139012
0.108172
0.146335
0.0903903
0.153168
0.109505
0.146025
0.0539195
0.132002
0.114006
0.133541
0.151187
0.113241
0.0324971
0.0211893
0.0981628
0.0420692
0.10075
0.101944
0.110213
0.035795
0.063978
0.116466
0.036216
0.148966
0.141593
0.117321
0.110769
0.100558
0.148986
0.145706
0.154073
0.113924
0.112918
0.121115
0.149326
0.147795
0.0421558
0.134803
0.0705824
0.0906008
0.148579
0.101424
0.125999
0.147209
0.105295
0.0578635
0.117668
0.136204
0.10095
0.148442
0.0223244
0.141765
0.120443
0.157886
0.0974375
0.13608
0.13722
0.0380795
0.152865
0.110295
0.0982761
0.127635
0.105191
0.152464
0.103223
0.122657
0.144153
0.146296
0.14694
0.15319
0.0517424
0.0972129
0.145124
0.0968678
0.097131
0.119207
0.130564
0.0991247
0.135385
0.127451
0.141394
0.131246
0.0689544
0.0794337
0.0897953
0.131237
0.110661
0.148732
0.0805665
0.121998
0.111566
0.100349
0.0701229
0.135875
0.149988
0.0670436
0.0775963
0.14623
0.115968
0.133932
0.149222
0.128581
0.0395274
0.134189
0.124732
0.146183
0.140473
0.142916
0.152823
0.129751
0.124979
0.148332
0.127993
0.135945
0.139721
0.0615078
0.148506
0.131555
0.15263
0.0475717
0.140575
0.115762
0.103688
0.114202
0.148382
0.132731
0.149115
0.151827
0.126138
0.136541
0.0918577
0.140404
0.132368
0.116575
0.0323352
0.05062
0.123338
0.102308
0.146283
0.153343
0.135138
0.134241
0.13597
0.147203
0.1527
0.103846
0.152054
0.121111
0.115775
0.103534
0.113561
0.140509
0.0963599
0.128944
0.0691223
0.110803
0.116889
0.135899
0.152555
0.096904
0.101844
0.128051
0.0564338
0.112157
0.0581568
0.0890672
0.12012
0.106841
0.149947
0.140863
0.161306
0.0978681
0.035642
0.1101
0.116131
0.137618
0.0487186
0.113507
0.0637372
0.116669
0.116647
0.14094
0.127467
0.115763
0.108469
0.128775
0.128832
0.121395
0.141365
0.120815
0.139961
0.125544
0.118761
0.101703
0.135915
0.0342977
0.0308546
0.138766
0.132486
0.0368135
0.0935745
0.124961
0.142476
0.124179
0.143006
0.150704
0.115767
0.0994
0.127574
0.118368
0.105793
0.119079
0.126683
0.0722978
0.0770093
0.07055
0.115927
0.0942447
0.109217
0.139375
0.147855
0.0911119
0.140244
0.0387031
0.058201
0.117984
0.152037
0.127378
0.123186
0.131297
0.12588
0.140712
0.118051
0.11829
0.132406
0.117175
0.101587
0.153188
0.140085
0.118168
0.121307
0.0877239
0.109455
0.152069
0.131442
0.0986038
0.103144
0.125108
0.119752
0.0996617
0.153128
0.116588
0.152816
0.125394
0.122663
0.152679
0.0745565
0.11722
0.0837883
0.154039
0.119063
0.146336
0.135029
0.0396035
0.101464
0.139875
0.146031
0.14799
0.153136
0.133266
0.135581
0.108122
0.128091
0.045968
0.0760159
0.167459
0.107026
0.100009
0.123458
0.13181
0.148604
0.131642
0.143066
0.0906334
0.149647
0.116855
0.115434
0.120794
0.148832
0.0413778
0.110937
0.135921
0.14789
0.0821613
0.13599
0.0975217
0.0286534
0.100186
0.142477
0.0453008
0.129873
0.147187
0.143732
0.129908
0.148757
0.0218712
0.123336
0.10691
0.143185
0.10105
0.127201
0.124759
0.126465
0.0981713
0.142209
0.0981813
0.132732
0.152333
0.132268
0.0495528
0.139416
0.145576
0.130624
0.106303
0.0488802
0.152645
0.0555438
0.100646
0.125641
0.136459
0.127899
0.0990782
0.154015
0.147882
0.1214
0.134484
0.128863
0.105767
0.0554208
0.139531
0.131513
0.109437
0.105398
0.126925
0.147564
0.12402
0.0681845
0.139614
0.0347949
0.119206
0.108633
0.153915
0.153861
0.12678
0.135442
0.124962
0.15231
0.10285
0.0927103
0.120019
0.117954
0.122336
0.149297
0.129299
0.0357682
0.131676
0.0935056
0.144732
0.148698
0.0629609
0.117751
0.154002
0.130706
0.129817
0.028576
0.14253
0.131862
0.119684
0.143685
0.130346
0.131073
0.099162
0.145951
0.0532711
0.15408
0.114699
0.13312
0.124053
0.0771949
0.13678
0.124279
0.151859
0.141942
0.126221
0.130416
0.16945
0.0903888
0.125348
0.142932
0.116331
0.14256
0.10523
0.133817
0.120628
0.13022
0.0759375
0.112742
0.0577545
0.142862
0.139573
0.132491
0.131263
0.146217
0.111883
0.134537
0.108736
0.107166
0.123332
0.123036
0.130405
0.137056
0.135726
0.14101
0.125122
0.133316
0.14083
0.101492
0.128551
0.127835
0.139025
0.12774
0.0838151
0.131798
0.130815
0.156461
0.136832
0.0560215
0.0392169
0.0697526
0.142288
0.126449
0.123916
0.157227
0.111706
0.147189
0.13818
0.147238
0.155102
0.141169
0.066248
0.133937
0.142076
0.140523
0.149022
0.149051
0.128669
0.12862
0.143347
0.0829167
0.147171
0.0348023
0.131117
0.145378
0.0978231
0.141271
0.148139
0.13316
0.152255
0.103194
0.143705
0.125374
0.142629
0.15993
0.11235
0.144228
0.106385
0.151045
0.135291
0.128768
0.148388
0.134913
0.138532
0.132936
0.153219
0.12401
0.11975
0.136601
0.130047
0.130036
0.0797288
0.0260619
0.133135
0.144316
0.0770951
0.138882
0.145935
0.134
0.0364595
0.145764
0.0971465
0.0274808
0.14843
0.117751
0.14745
0.112808
0.140969
0.113871
0.14866
0.115845
0.134547
0.107833
0.132128
0.143076
0.156117
0.13212
0.0840114
0.0828598
0.113565
0.147378
0.136089
0.137862
0.129746
0.133367
0.137711
0.118593
0.129234
0.0987019
0.153097
0.151866
0.0256851
0.135273
0.145769
0.12559
0.148858
0.153151
0.130281
0.141533
0.136125
0.146081
0.147094
0.117648
0.152443
0.136999
0.103032
0.152834
0.14861
0.164994
0.042786
0.080112
0.0336353
0.127684
0.133781
0.179818
0.132438
0.147596
0.0980652
0.11733
0.141854
0.152539
0.099023
0.130249
0.02523
0.132231
0.146028
0.121381
0.152022
0.152776
0.14732
0.145055
0.147376
0.14048
0.111902
0.145998
0.148469
0.134441
0.131486
0.0903433
0.146393
0.135925
0.146955
0.161762
0.0922154
0.140717
0.151572
0.161575
0.152348
0.10459
0.141717
0.13324
0.126961
0.101999
0.0934084
0.129509
0.142663
0.143318
0.0417531
0.0664341
0.145366
0.143709
0.105149
0.126217
0.155454
0.0884274
0.115261
0.148562
0.129023
0.130743
0.132674
0.148803
0.132954
0.117388
0.129552
0.147724
0.0908294
0.0615409
0.135885
0.0911083
0.110724
0.128904
0.027844
0.147302
0.152237
0.146367
0.146014
0.134619
0.148671
0.154764
0.0263878
0.147307
0.145989
0.144645
0.148547
0.146467
0.0977858
0.135179
0.0495971
0.15295
0.14905
0.0988184
0.131675
0.132667
0.128457
0.0717207
0.113852
0.147419
0.14833
0.143635
0.125008
0.135278
0.134436
0.159933
0.11918
0.132175
0.0867835
0.136461
0.136054
0.126496
0.133092
0.131929
0.185763
0.14603
0.142502
0.138155
0.137576
0.144874
0.147057
0.134316
0.129616
0.12997
0.154649
0.0902347
0.147286
0.145823
0.144365
0.135805
0.139925
0.147835
0.131448
0.114895
0.146467
0.110993
0.143448
0.125373
0.0555405
0.143056
0.10183
0.152363
0.146806
0.145806
0.133805
0.0989436
0.115146
0.135046
0.13042
0.15376
0.147891
0.144915
0.137227
0.132398
0.131781
0.115399
0.132077
0.137764
0.147457
0.128354
0.147474
0.146422
0.144844
0.14814
0.141033
0.132168
0.151253
0.138755
0.150886
0.136738
0.146962
0.101189
0.0683847
0.0640059
0.148619
0.104376
0.122709
0.134413
0.148241
0.0876153
0.131487
0.14675
0.100362
0.129006
0.102171
0.14852
0.127314
0.146842
0.132594
0.134923
0.146373
0.135604
0.135653
0.137177
0.146858
0.148173
0.126945
0.152899
0.132135
0.144393
0.147211
0.151622
0.145667
0.149308
0.148659
0.0542558
0.0763061
0.0401876
0.13155
0.153109
0.1246
0.13239
0.144322
0.129284
0.147609
0.112001
0.133162
0.152164
0.118247
0.151077
0.121806
0.148494
0.14863
0.127868
0.0723365
0.14615
0.12426
0.14146
0.146028
0.167188
0.145282
0.143113
0.13785
0.133853
0.143013
0.146119
0.130625
0.0942481
0.142718
0.16149
0.150767
0.171101
0.155787
0.143069
0.103771
0.122479
0.146066
0.131017
0.143085
0.117278
0.123873
0.160141
0.146973
0.146168
0.138613
0.135308
0.0970291
0.148115
0.132266
0.116784
0.142968
0.131701
0.149335
0.148818
0.166037
0.136719
0.143237
0.131225
0.153327
0.134185
0.101845
0.149695
0.147839
0.137325
0.0719342
0.148421
0.144461
0.134478
0.141498
0.132266
0.148787
0.14725
0.102902
0.152464
0.12347
0.150454
0.142548
0.148463
0.146499
0.138491
0.143602
0.15175
0.143543
0.147369
0.14855
0.148231
0.148862
0.147697
0.142349
0.148587
0.1437
0.133163
0.144388
0.132743
0.136599
0.134114
0.147684
0.14197
0.147433
0.115364
0.130943
0.0947393
0.141953
0.146064
0.148854
0.0529977
0.147306
0.14908
0.14565
0.148317
0.115492
0.148446
0.148507
0.14873
0.134381
0.144173
0.135133
0.0791222
0.145258
0.136664
0.148985
0.143001
0.115726
0.147801
0.149287
0.148178
0.146251
0.146779
0.146448
0.153108
0.145786
0.140975
0.134759
0.114333
0.148222
0.129938
0.11975
0.13281
0.150303
0.145699
0.125282
0.0971185
0.112756
0.106167
0.148846
0.140679
0.145538
0.14554
0.147061
0.134649
0.153014
0.12766
0.148025
0.150403
0.147433
0.148493
0.150128
0.152961
0.147368
0.153227
0.153261
0.151678
0.148561
0.14867
0.143277
0.105277
0.147371
0.145359
0.155496
0.157907
0.147591
0.146162
0.152821
0.15549
0.14751
0.143508
0.142401
0.153281
0.144502
0.14586
0.150716
0.148067
0.138218
0.153169
0.13245
0.152925
0.146816
0.143144
0.135865
0.0504249
0.146384
0.143235
0.151933
0.151148
0.144855
0.134304
0.129682
0.131322
0.138361
0.143134
0.149912
0.143206
0.0566795
0.146774
0.135702
0.11717
0.14993
0.153201
0.0660005
0.128749
0.0226201
0.148689
0.0949399
0.113899
0.155453
0.145938
0.150334
0.152948
0.14135
0.148127
0.0627448
0.146842
0.148909
0.152514
0.148103
0.110778
0.122539
0.141736
0.141235
0.149111
0.143694
0.151714
0.149019
0.147822
0.0495177
0.149029
0.150502
0.135432
0.137946
0.15077
0.155576
0.132473
0.12695
0.131963
0.148996
0.0965657
0.141243
0.0686993
0.15298
0.143434
0.159494
0.134959
0.147797
0.169308
0.147973
0.149987
0.144952
0.154024
0.151529
0.124847
0.153273
0.152266
0.0641795
0.130046
0.132071
0.148747
0.152698
0.119517
0.152147
0.146136
0.151971
0.135254
0.151934
0.137591
0.12953
0.143841
0.164537
0.127876
0.146081
0.150708
0.152969
0.147774
0.148831
0.0953864
0.153589
0.151128
0.144309
0.149538
0.133817
0.147026
0.148585
0.158641
0.144234
0.118155
0.156127
0.138117
0.146212
0.131489
0.10354
0.146682
0.15152
0.146947
0.130967
0.116184
0.128581
0.149178
0.142857
0.109208
0.131338
0.153253
0.13316
0.150925
0.146827
0.14747
0.149763
0.152154
0.105216
0.148394
0.152387
0.136678
0.148299
0.149301
0.155391
0.145802
0.153248
0.144832
0.152465
0.0279618
0.152759
0.0347287
0.106558
0.147117
0.114557
0.09021
0.0259235
0.150184
0.132662
0.15056
0.148435
0.123619
0.148987
0.137847
0.154137
0.148371
0.131544
0.149642
0.0193678
0.148405
0.155913
0.0515657
0.150643
0.149536
0.152903
0.151908
0.0430795
0.152526
0.143319
0.133658
0.040912
0.148381
0.149302
0.148146
0.150514
0.152619
0.0982954
0.135001
0.147423
0.148713
0.143909
0.136071
0.0554219
0.145269
0.142992
0.144296
0.106614
0.15766
0.145827
0.153485
0.14758
0.149106
0.148955
0.14965
0.153603
0.146621
0.151714
0.151826
0.140046
0.0895838
0.154089
0.151447
0.152516
0.0813947
0.148372
0.148869
0.150306
0.146048
0.102435
0.0935866
0.145761
0.182774
0.132017
0.129638
0.150685
0.150409
0.145456
0.149059
0.153131
0.11628
0.14679
0.0570447
0.147395
0.134906
0.146465
0.153153
0.130539
0.148397
0.177341
0.152055
0.153978
0.117397
0.149619
0.125174
0.147653
0.141333
0.142465
0.152555
0.152376
0.15238
0.146398
0.134303
0.140584
0.145887
0.0859269
0.0431924
0.147747
0.136414
0.151311
0.148315
0.152663
0.147277
0.136317
0.144907
0.142787
0.14868
0.0458644
0.151819
0.17494
0.154409
0.134941
0.145762
0.167409
0.0692428
0.145582
0.130397
0.136479
0.152142
0.0933584
0.127654
0.151479
0.14819
0.132434
0.147896
0.152464
0.133982
0.114119
0.152502
0.146076
0.149336
0.148345
0.151985
0.145607
0.148139
0.153167
0.152452
0.120451
0.13229
0.148474
0.150513
0.14803
0.147545
0.1271
0.147976
0.153025
0.148168
0.152967
0.137441
0.141147
0.152687
0.137152
0.152098
0.147322
0.0484073
0.060383
0.136278
0.152521
0.0677797
0.149846
0.149266
0.151011
0.153953
0.136678
0.158536
0.152148
0.152313
0.152865
0.147559
0.147229
0.107248
0.140959
0.152053
0.152254
0.15254
0.147018
0.141921
0.144973
0.152703
0.151241
0.153102
0.0924201
0.149018
0.136519
0.151654
0.0916799
0.149035
0.152712
0.152287
0.152267
0.153185
0.150429
0.149693
0.152671
0.144923
0.152866
0.179271
0.148831
0.144622
0.15278
0.121208
0.153017
0.151875
0.148636
0.146463
0.148661
0.152649
0.152501
0.154812
0.152761
0.152536
0.125847
0.152971
0.145628
0.132262
0.153239
0.146492
0.152558
0.153917
0.130993
0.151604
0.153098
0.151884
0.152394
0.152273
0.0969512
0.151716
0.152219
0.155674
0.151388
0.143791
0.147057
0.0642259
0.14934
0.153026
0.149909
0.150709
0.137174
0.154678
0.14668
0.15349
0.147953
0.146256
0.154267
0.131212
0.172053
0.149328
0.176629
0.110779
0.15328
0.131509
0.146347
0.136129
0.152065
0.128612
0.152358
0.152297
0.138137
0.153096
0.11996
0.15257
0.126777
0.147553
0.136054
0.152016
0.153548
0.147669
0.129946
0.0405237
0.129028
0.14879
0.140677
0.153294
0.183361
0.12131
0.152202
0.134437
0.123619
0.146459
0.148079
0.152309
0.143529
0.13764
0.152066
0.151295
0.14897
0.151063
0.103467
0.154136
0.114582
0.12008
0.152702
0.152603
0.136099
0.15245
0.148208
0.107754
0.131218
0.159628
0.152638
0.0975505
0.152784
0.149955
0.148069
0.117363
0.15298
0.152021
0.125828
0.13818
0.152648
0.151091
0.151068
0.142878
0.152151
0.149295
0.137221
0.114384
0.0944543
0.122774
0.148105
0.13211
0.152006
0.153012
0.152878
0.131699
0.118347
0.151778
0.151222
0.152826
0.148529
0.150887
0.142299
0.112116
0.170483
0.151512
0.0662177
0.152786
0.152767
0.103788
0.134313
0.152867
0.146532
0.139842
0.117648
0.145134
0.145987
0.151751
0.15315
0.152819
0.119073
0.140647
0.14836
0.144328
0.148627
0.147242
0.144855
0.15284
0.126903
0.142155
0.14868
0.137362
0.151466
0.120544
0.125228
0.153242
0.138989
0.153359
0.153368
0.149907
0.134959
0.0488623
0.148158
0.10219
0.153259
0.151172
0.129131
0.0783424
0.152684
0.147396
0.145478
0.153246
0.112713
0.152684
0.152884
0.146855
0.134942
0.137477
0.141508
0.148758
0.143788
0.151819
0.152603
0.151553
0.151912
0.153854
0.134479
0.152479
0.125652
0.152797
0.139186
0.154139
0.153496
0.174886
0.151589
0.148957
0.146326
0.111079
0.150772
0.133713
0.13716
0.152667
0.154374
0.153084
0.148826
0.150035
0.153726
0.117829
0.141738
0.138049
0.153281
0.151222
0.153921
0.147145
0.140682
0.164836
0.150814
0.0239111
0.150224
0.118066
0.15286
0.153335
0.153985
0.131259
0.147777
0.15415
0.076976
0.153186
0.143583
0.148163
0.149046
0.146231
0.0690412
0.153199
0.102822
0.14227
0.149438
0.129739
0.148512
0.154897
0.149563
0.151916
0.154337
0.157525
0.153922
0.119487
0.0782488
0.151229
0.148574
0.129831
0.148998
0.11586
0.153006
0.118064
0.146243
0.134913
0.178296
0.148583
0.144186
0.154334
0.148197
0.0571627
0.148355
0.148995
0.158171
0.139091
0.121063
0.153832
0.146238
0.139842
0.152441
0.150457
0.147535
0.119882
0.138217
0.0938124
0.153723
0.152511
0.149594
0.136307
0.15448
0.137743
0.154306
0.135853
0.16191
0.136169
0.153015
0.143107
0.149186
0.154306
0.153886
0.132254
0.153564
0.149139
0.148802
0.153654
0.154205
0.144012
0.153038
0.148258
0.149024
0.152943
0.14614
0.150937
0.149939
0.140882
0.133913
0.145618
0.0345002
0.150544
0.135558
0.0996985
0.127455
0.15383
0.148307
0.14277
0.149986
0.15338
0.150664
0.150869
0.157656
0.124151
0.164455
0.172725
0.0608795
0.149673
0.153312
0.148204
0.150366
0.134047
0.148155
0.151311
0.144951
0.145278
0.14157
0.153758
0.153948
0.151779
0.143412
0.148868
0.145143
0.149075
0.154938
0.144749
0.173561
0.152939
0.183751
0.137447
0.14462
0.151509
0.15128
0.0282157
0.079506
0.129369
0.140772
0.142693
0.147831
0.152583
0.147819
0.140758
0.146024
0.142607
0.148682
0.135478
0.153822
0.156288
0.154321
0.153301
0.158332
0.14655
0.138148
0.15427
0.142643
0.14843
0.153564
0.150438
0.148059
0.153301
0.129081
0.150769
0.149213
0.143786
0.1461
0.153324
0.152633
0.151283
0.123262
0.149026
0.151588
0.171059
0.183805
0.151589
0.14623
0.149677
0.153209
0.148893
0.172618
0.154283
0.154285
0.182798
0.161188
0.145131
0.169622
0.177772
0.160705
0.153368
0.15771
0.143272
0.151967
0.153573
0.146883
0.147384
0.162818
0.14704
0.167938
0.151951
0.141666
0.172743
0.150249
0.147374
0.154008
0.149497
0.149495
0.158799
0.15228
0.156715
0.149559
0.159846
0.152621
0.14933
0.168157
0.154324
0.154334
0.152634
0.155596
0.159158
0.150269
0.139484
0.150294
0.162434
0.139447
0.149066
0.154337
0.147096
0.148105
0.171756
0.154243
0.14361
0.140544
0.180782
0.151948
0.172598
0.144244
0.154337
0.146846
0.163481
0.154337
0.147564
0.145787
0.142694
0.140276
0.141809
0.152987
0.145001
0.0828434
0.135597
0.1432
0.136519
0.152624
0.153267
0.134394
0.150029
0.147366
0.151609
0.153649
0.153696
0.114622
0.151037
0.0651861
0.153274
0.148115
0.122332
0.131269
0.149872
0.123088
0.148357
0.15811
0.147559
0.149097
0.152696
0.152995
0.14861
0.143763
0.152057
0.154079
0.152672
0.153872
0.150784
0.153197
0.148966
0.152719
0.150309
0.148474
0.0911399
0.169863
0.140799
0.132958
0.153006
0.124166
0.151036
0.130269
0.143841
0.117563
0.148068
0.153994
0.149671
0.114308
0.153238
0.135385
0.151764
0.152768
0.0963797
0.143434
0.144996
0.154135
0.135366
0.164119
0.147338
0.153119
0.154088
0.140662
0.147754
0.152902
0.109868
0.120533
0.146915
0.154133
0.153955
0.127972
0.158707
0.141753
0.152485
0.143197
0.149474
0.147277
0.153062
0.158609
0.151235
0.15365
0.151695
0.13714
0.152822
0.0746992
0.152513
0.124058
0.153177
0.152339
0.144603
0.149048
0.118542
0.148697
0.145905
0.123685
0.147761
0.153978
0.151796
0.151167
0.145316
0.150883
0.162449
0.143565
0.152855
0.135607
0.1485
0.131971
0.154347
0.135322
0.152518
0.113374
0.12064
0.133222
0.144881
0.143828
0.153893
0.146362
0.131479
0.146805
0.147116
0.151654
0.151226
0.129941
0.136702
0.164291
0.153108
0.15342
0.149685
0.154092
0.153253
0.152288
0.154039
0.150536
0.145345
0.130569
0.127264
0.149197
0.153352
0.13393
0.153283
0.153964
0.0817049
0.152473
0.147091
0.146979
0.153799
0.147599
0.0764153
0.1185
0.15355
0.153528
0.135907
0.150803
0.149497
0.156595
0.147789
0.135145
0.10092
0.146448
0.153999
0.0908186
0.136796
0.148229
0.0412426
0.15246
0.131889
0.131896
0.151838
0.148886
0.040345
0.0836309
0.152715
0.154335
0.151887
0.153576
0.149355
0.147552
0.153232
0.149902
0.152032
0.134168
0.0818022
0.15011
0.163795
0.14908
0.157192
0.146683
0.148078
0.15921
0.148414
0.153227
0.152865
0.116976
0.149978
0.153012
0.149283
0.153421
0.147239
0.138488
0.0940302
0.159209
0.153106
0.152962
0.151333
0.146903
0.151502
0.153359
0.144683
0.14881
0.0846829
0.153959
0.143486
0.15287
0.153353
0.100471
0.154047
0.150854
0.152209
0.153714
0.15339
0.153979
0.144554
0.151878
0.149134
0.0674361
0.153364
0.147926
0.153044
0.15189
0.146807
0.142005
0.136514
0.0897788
0.147866
0.147852
0.152998
0.153156
0.153185
0.152651
0.15187
0.13588
0.141858
0.153096
0.0877433
0.149819
0.147597
0.0712819
0.121156
0.140311
0.153509
0.144772
0.149095
0.148251
0.1398
0.153358
0.150276
0.150174
0.120341
0.154531
0.152918
0.150612
0.122025
0.136713
0.147641
0.148315
0.153352
0.148281
0.148695
0.147683
0.150504
0.152642
0.154006
0.150117
0.139713
0.142254
0.149401
0.153192
0.140818
0.145126
0.15119
0.165933
0.14925
0.144608
0.151491
0.149964
0.153278
0.153293
0.149153
0.137455
0.147935
0.174772
0.157371
0.0263268
0.148701
0.108825
0.153593
0.153424
0.152851
0.153374
0.145183
0.153119
0.152213
0.142364
0.153396
0.156414
0.0210304
0.144389
0.155811
0.137869
0.150109
0.146236
0.0725748
0.151492
0.15348
0.155457
0.151959
0.130437
0.0610837
0.137336
0.14964
0.152048
0.150773
0.0346187
0.152676
0.137944
0.145458
0.13297
0.152422
0.15188
0.138512
0.15092
0.139647
0.0484528
0.128656
0.152475
0.152547
0.151983
0.104013
0.14555
0.150957
0.15052
0.144637
0.146694
0.145275
0.155905
0.0191302
0.125692
0.142269
0.146652
0.152892
0.146181
0.129237
0.148614
0.148784
0.145808
0.147491
0.150894
0.157959
0.146049
0.153165
0.150815
0.152298
0.146348
0.148139
0.134773
0.169154
0.134695
0.0952638
0.029284
0.150762
0.127306
0.129771
0.0990528
0.15297
0.152324
0.153424
0.135273
0.153245
0.172548
0.15323
0.15087
0.149194
0.131312
0.143219
0.151132
0.152516
0.159475
0.145836
0.100249
0.0994704
0.0772463
0.151127
0.151664
0.124888
0.161046
0.150862
0.153389
0.153129
0.131038
0.158248
0.127215
0.133672
0.117905
0.0605172
0.152695
0.14215
0.153129
0.159262
0.15103
0.151366
0.147041
0.138231
0.137266
0.148511
0.153108
0.153186
0.158267
0.145638
0.150466
0.144867
0.151297
0.151904
0.15291
0.150484
0.133028
0.131629
0.137491
0.0797516
0.152594
0.131406
0.144605
0.145109
0.136998
0.147946
0.146648
0.153065
0.153154
0.149726
0.149643
0.084792
0.153111
0.12667
0.147264
0.148349
0.151133
0.151308
0.152788
0.146399
0.153322
0.142904
0.15093
0.101604
0.150603
0.148996
0.120144
0.148642
0.148788
0.150975
0.153313
0.152555
0.147062
0.130982
0.143763
0.151998
0.15323
0.149048
0.150709
0.152886
0.135694
0.157485
0.147394
0.15334
0.132866
0.151913
0.0977303
0.147589
0.151486
0.14566
0.150368
0.151622
0.111733
0.141698
0.153462
0.151546
0.0625248
0.143934
0.152506
0.148808
0.1512
0.151347
0.129184
0.151352
0.136258
0.145046
0.131877
0.148312
0.147278
0.15174
0.147866
0.148497
0.148667
0.149742
0.152452
0.152001
0.138915
0.129722
0.137129
0.152998
0.143449
0.143585
0.148911
0.141254
0.147093
0.15632
0.0978159
0.153349
0.15293
0.150636
0.151371
0.150426
0.121467
0.151133
0.149185
0.146302
0.14788
0.148207
0.150276
0.136507
0.130987
0.150235
0.150545
0.151991
0.131131
0.134505
0.148346
0.0696962
0.144016
0.150735
0.146103
0.14416
0.137322
0.152306
0.151369
0.141055
0.152967
0.0702829
0.148076
0.131527
0.150229
0.145916
0.150093
0.145743
0.147963
0.156855
0.152981
0.127902
0.153064
0.0970155
0.115119
0.151981
0.153628
0.148066
0.147805
0.147885
0.153034
0.095257
0.141004
0.151315
0.146643
0.148645
0.11487
0.150201
0.150468
0.14956
0.153181
0.144388
0.153373
0.131198
0.153519
0.152794
0.1622
0.14902
0.147387
0.144463
0.141933
0.15329
0.149077
0.150691
0.144679
0.149055
0.152233
0.152246
0.148358
0.152431
0.151219
0.153225
0.144683
0.14194
0.14652
0.140724
0.158019
0.150194
0.149704
0.145649
0.15235
0.145521
0.164357
0.151265
0.151931
0.153359
0.142134
0.0213095
0.144844
0.149253
0.131748
0.132551
0.149565
0.150558
0.152045
0.112077
0.137288
0.147916
0.152131
0.149709
0.149955
0.150121
0.145419
0.150052
0.151658
0.152015
0.147643
0.148115
0.150966
0.152448
0.108609
0.149953
0.150304
0.125927
0.14925
0.166589
0.148868
0.152852
0.160477
0.145991
0.0424115
0.13609
0.146225
0.110506
0.145681
0.13041
0.152368
0.171863
0.148154
0.152721
0.153296
0.149299
0.149083
0.146695
0.146495
0.15087
0.149131
0.151039
0.148121
0.149014
0.153705
0.152901
0.145288
0.140957
0.148463
0.148757
0.147441
0.143604
0.105796
0.151719
0.152212
0.148012
0.148538
0.149058
0.148507
0.0741229
0.149587
0.152057
0.140928
0.150803
0.146638
0.148404
0.161497
0.151887
0.151269
0.13709
0.148477
0.152138
0.158477
0.151459
0.150451
0.1533
0.126973
0.140614
0.146643
0.150961
0.146936
0.143034
0.105321
0.152679
0.151868
0.149996
0.146954
0.136873
0.153183
0.166199
0.137333
0.167254
0.147231
0.147578
0.149313
0.119593
0.134856
0.129344
0.14679
0.152051
0.143657
0.0755754
0.125426
0.175444
0.150026
0.149167
0.138712
0.147731
0.1225
0.14669
0.147461
0.149041
0.139126
0.11876
0.1503
0.151789
0.150904
0.146531
0.146515
0.147612
0.154131
0.14806
0.148531
0.148849
0.144795
0.151558
0.151525
0.154133
0.151913
0.156586
0.129581
0.158596
0.152454
0.152253
0.148149
0.149326
0.149559
0.146144
0.148875
0.132884
0.153372
0.120716
0.1484
0.147769
0.150489
0.142926
0.142254
0.148224
0.149377
0.147461
0.139524
0.0644104
0.112555
0.152913
0.150158
0.152429
0.147881
0.149428
0.148311
0.149564
0.148346
0.149102
0.149368
0.133902
0.149534
0.142407
0.143454
0.149079
0.149887
0.150204
0.149901
0.148486
0.145817
0.131658
0.154609
0.152246
0.150835
0.144965
0.128951
0.146174
0.149185
0.149002
0.149313
0.151324
0.114036
0.153451
0.143704
0.131899
0.126378
0.0751063
0.119656
0.131636
0.130909
0.120271
0.137929
0.146739
0.151889
0.144763
0.147532
0.149134
0.154371
0.156003
0.0965877
0.147589
0.151442
0.149267
0.147146
0.146974
0.149321
0.151547
0.134359
0.136319
0.139826
0.148515
0.0407181
0.151391
0.152494
0.122193
0.129873
0.144447
0.0402856
0.142524
0.116703
0.151787
0.145185
0.151283
0.138047
0.154737
0.152891
0.153087
0.17233
0.131941
0.117856
0.14266
0.14672
0.144601
0.159959
0.144215
0.132003
0.146595
0.147769
0.143874
0.146317
0.140918
0.126906
0.153536
0.0567257
0.156707
0.148804
0.14599
0.132665
0.146507
0.087664
0.132082
0.149191
0.120375
0.119435
0.139452
0.149782
0.101699
0.0402374
0.151918
0.131801
0.149406
0.15163
0.150206
0.148814
0.145085
0.15152
0.151066
0.151352
0.143409
0.149981
0.151639
0.150993
0.141746
0.149445
0.13099
0.126989
0.134216
0.148066
0.126957
0.139694
0.150769
0.125797
0.0910721
0.149938
0.126226
0.151307
0.150994
0.136966
0.153493
0.130897
0.148141
0.151837
0.153451
0.145921
0.147628
0.1497
0.115697
0.124973
0.151335
0.147597
0.151028
0.152954
0.13849
0.100432
0.127661
0.102506
0.146321
0.133894
0.149017
0.112802
0.142788
0.149227
0.10161
0.129695
0.0640842
0.137981
0.148588
0.155765
0.150898
0.147927
0.149575
0.14762
0.14854
0.138467
0.150437
0.146925
0.135086
0.149759
0.14973
0.149612
0.131922
0.151285
0.148026
0.150001
0.0485045
0.137892
0.1247
0.160094
0.148867
0.150969
0.151515
0.0633362
0.145688
0.145673
0.151006
0.125734
0.137621
0.0822506
0.149585
0.139158
0.151485
0.149163
0.149722
0.143331
0.130627
0.142368
0.146854
0.152429
0.0643493
0.125431
0.151744
0.143202
0.13391
0.148954
0.144698
0.141847
0.153502
0.0995913
0.148817
0.135992
0.13548
0.151184
0.148272
0.148783
0.128869
0.144323
0.0353768
0.15301
0.152323
0.152677
0.13747
0.149131
0.150416
0.147659
0.15197
0.147874
0.148257
0.148979
0.152645
0.141565
0.128314
0.152227
0.133217
0.148734
0.150699
0.1405
0.0992431
0.147902
0.0985555
0.156984
0.154301
0.150821
0.0282632
0.141286
0.150225
0.136339
0.13722
0.136658
0.150806
0.150549
0.121239
0.142972
0.145703
0.0744987
0.0922775
0.149765
0.106702
0.144963
0.149528
0.148077
0.152479
0.135895
0.14109
0.14294
0.149301
0.0966842
0.139032
0.144263
0.134653
0.15355
0.140831
0.152678
0.149303
0.109035
0.147553
0.148873
0.0718304
0.135874
0.149306
0.128862
0.136538
0.145295
0.142378
0.136303
0.146967
0.150811
0.124909
0.149455
0.150311
0.134318
0.141571
0.144697
0.140617
0.149195
0.14141
0.147972
0.150793
0.143364
0.144216
0.149401
0.14289
0.170404
0.133508
0.144437
0.13985
0.148407
0.137872
0.132421
0.147735
0.150666
0.142791
0.133701
0.149302
0.127193
0.150184
0.149024
0.150628
0.15019
0.118796
0.148657
0.149834
0.151866
0.15258
0.150511
0.147973
0.0913473
0.150512
0.0981948
0.143649
0.146453
0.149796
0.151912
0.147915
0.134531
0.151117
0.148136
0.154495
0.14984
0.120353
0.1389
0.150087
0.130349
0.0654838
0.117841
0.127614
0.114913
0.106133
0.148529
0.140891
0.109439
0.0642244
0.138671
0.118048
0.149642
0.151577
0.149265
0.148852
0.151591
0.142886
0.150701
0.119183
0.110029
0.148218
0.151486
0.147335
0.14844
0.149364
0.150922
0.153423
0.149802
0.135463
0.148899
0.14918
0.152916
0.0620639
0.138323
0.146853
0.138004
0.138847
0.151973
0.142976
0.137541
0.148844
0.148392
0.146628
0.106772
0.150669
0.142468
0.149801
0.146481
0.148492
0.150859
0.124567
0.14472
0.137735
0.118595
0.147026
0.142243
0.146998
0.152148
0.150722
0.146192
0.120548
0.104455
0.148789
0.142071
0.147994
0.148551
0.148355
0.142927
0.137302
0.145665
0.146269
0.139318
0.139943
0.144644
0.148215
0.14857
0.153396
0.117885
0.138163
0.148435
0.150087
0.148422
0.136682
0.134538
0.147538
0.14086
0.148426
0.139886
0.128961
0.153854
0.135381
0.150319
0.104147
0.147068
0.12976
0.150773
0.114386
0.15053
0.111637
0.147856
0.118106
0.132989
0.145784
0.134239
0.147431
0.144309
0.0639546
0.144062
0.148864
0.145192
0.153711
0.148134
0.145174
0.144689
0.153713
0.141102
0.149723
0.151686
0.101036
0.130544
0.132344
0.145698
0.142412
0.149199
0.150254
0.150827
0.133913
0.123762
0.104729
0.147012
0.148835
0.149907
0.143108
0.130008
0.139694
0.148049
0.129179
0.150851
0.149025
0.145535
0.15153
0.149393
0.153131
0.141089
0.151376
0.148264
0.147023
0.148458
0.142159
0.127069
0.148846
0.14773
0.151496
0.118793
0.143513
0.141017
0.142983
0.134286
0.15545
0.133489
0.0911032
0.139418
0.139626
0.13173
0.148211
0.138646
0.151738
0.148322
0.147923
0.15043
0.083518
0.141048
0.147339
0.123444
0.139068
0.145469
0.0962864
0.128507
0.130695
0.125696
0.150321
0.076366
0.144735
0.129406
0.102877
0.107511
0.149574
0.149215
0.148283
0.145431
0.143414
0.1418
0.124712
0.149644
0.129554
0.0412366
0.131374
0.14686
0.141119
0.0519421
0.146445
0.151963
0.145648
0.150099
0.151087
0.145836
0.149093
0.123596
0.138873
0.148556
0.14874
0.135721
0.15264
0.148809
0.149265
0.14748
0.126338
0.125323
0.14235
0.137536
0.130948
0.130184
0.149831
0.145631
0.133558
0.148933
0.147332
0.161176
0.122232
0.147365
0.14701
0.135041
0.126187
0.033327
0.133415
0.148831
0.148812
0.126807
0.131759
0.141514
0.111961
0.147662
0.135363
0.146521
0.14697
0.139355
0.146916
0.146474
0.132254
0.104968
0.125046
0.145134
0.133559
0.150088
0.129666
0.144974
0.0976962
0.146319
0.0252295
0.14258
0.147366
0.085796
0.13532
0.116832
0.119995
0.1376
0.132103
0.097743
0.151173
0.148983
0.142855
0.136748
0.142948
0.117372
0.136614
0.14991
0.138507
0.122947
0.0230303
0.151546
0.115159
0.133896
0.146972
0.0962892
0.126126
0.123504
0.130128
0.146833
0.150079
0.14836
0.150256
0.147892
0.0834996
0.148906
0.145132
0.149381
0.152746
0.114317
0.149981
0.149798
0.0359845
0.147903
0.102967
0.151565
0.153759
0.148832
0.150164
0.131054
0.113639
0.077724
0.149364
0.127206
0.142486
0.146495
0.149292
0.137589
0.0895305
0.118673
0.148792
0.153764
0.148797
0.148505
0.123234
0.124475
0.145665
0.151572
0.152848
0.137605
0.151693
0.0508346
0.142811
0.144044
0.118017
0.113058
0.148339
0.133282
0.0920733
0.097912
0.148854
0.0824377
0.136654
0.11846
0.140214
0.126416
0.135472
0.149079
0.134255
0.148903
0.120965
0.118727
0.068424
0.118285
0.137089
0.145365
0.135969
0.142978
0.142248
0.122587
0.150183
0.153601
0.141147
0.13915
0.129154
0.127241
0.142417
0.143747
0.149282
0.147392
0.141912
0.123107
0.138554
0.125859
0.124357
0.149818
0.116875
0.149428
0.124889
0.137785
0.150942
0.131697
0.150592
0.152131
0.0340185
0.112983
0.100558
0.0984956
0.145412
0.130144
0.135263
0.131914
0.147118
0.0568511
0.169509
0.130106
0.14995
0.0762106
0.116731
0.114856
0.126
0.136975
0.126439
0.0703066
0.150287
0.018431
0.128072
0.125699
0.136917
0.130032
0.147054
0.0790411
0.149945
0.0806982
0.143989
0.124857
0.13205
0.149531
0.135092
0.14819
0.151441
0.146063
0.125026
0.13972
0.122003
0.134232
0.143851
0.132715
0.142747
0.147285
0.143218
0.131503
0.103736
0.123915
0.150561
0.147746
0.11609
0.145592
0.145307
0.112069
0.147825
0.14554
0.154007
0.112374
0.122575
0.148605
0.145462
0.149307
0.132756
0.146301
0.151755
0.144033
0.0773933
0.119261
0.122778
0.143806
0.14799
0.132497
0.131446
0.132129
0.151193
0.146542
0.142179
0.130514
0.149176
0.141256
0.130987
0.141648
0.118795
0.149073
0.134403
0.125002
0.146843
0.148942
0.140312
0.146426
0.129203
0.137966
0.103078
0.132748
0.0581899
0.134371
0.183128
0.144734
0.138304
0.126301
0.137891
0.134383
0.137529
0.0968457
0.149043
0.114137
0.136677
0.132192
0.136085
0.117967
0.105907
0.141298
0.129798
0.129745
0.143366
0.147962
0.134616
0.150101
0.123134
0.115014
0.131249
0.114172
0.130824
0.120715
0.147137
0.151272
0.144228
0.151181
0.137622
0.13034
0.149062
0.116076
0.0677328
0.0799307
0.138657
0.117655
0.129027
0.133994
0.142621
0.106752
0.12662
0.126139
0.15158
0.0993581
0.148306
0.146127
0.149103
0.0346016
0.118382
0.149714
0.136121
0.132053
0.144609
0.147152
0.132564
0.0776395
0.120567
0.128364
0.13903
0.136671
0.132907
0.118345
0.135298
0.11888
0.126406
0.121935
0.0792369
0.147844
0.134788
0.14289
0.152134
0.144321
0.148666
0.124772
0.151224
0.149657
0.11765
0.141995
0.144301
0.128784
0.123319
0.140078
0.0478137
0.0940825
0.0655734
0.150402
0.113778
0.143704
0.125629
0.126637
0.119128
0.0942749
0.0666495
0.150261
0.103089
0.132701
0.057508
0.121684
0.174907
0.149218
0.0423342
0.0910379
0.138089
0.116214
0.147641
0.134215
0.126269
0.134327
0.146269
0.131783
0.15027
0.150201
0.129929
0.0757442
0.153521
0.122429
0.113644
0.0633114
0.119172
0.150963
0.111719
0.136161
0.13414
0.112934
0.115669
0.099456
0.100581
0.14805
0.153268
0.0685131
0.128041
0.123052
0.0694944
0.140841
0.152695
0.119606
0.0530233
0.133754
0.151919
0.126702
0.151303
0.153333
0.138833
0.117373
0.13099
0.153722
0.136762
0.148398
0.127387
0.132631
0.0772791
0.141684
0.0621093
0.104869
0.132322
0.149543
0.130104
0.138439
0.143695
0.137138
0.15307
0.131748
0.152215
0.17606
0.107746
0.15092
0.0360782
0.126251
0.148816
0.145222
0.143234
0.0924657
0.147794
0.144502
0.0977202
0.131353
0.144338
0.150103
0.128166
0.127655
0.131852
0.152122
0.145053
0.165248
0.134145
0.0234406
0.122782
0.129894
0.135344
0.146707
0.14097
0.135495
0.141383
0.117904
0.148481
0.0991871
0.134881
0.14394
0.12634
0.102461
0.0366904
0.123464
0.118113
0.136833
0.150046
0.15444
0.151216
0.121128
0.135628
0.149432
0.11096
0.150881
0.0293029
0.0764681
0.147362
0.132094
0.12984
0.119347
0.104703
0.129607
0.135273
0.118583
0.144048
0.0701063
0.148649
0.151846
0.13299
0.0680763
0.11558
0.118168
0.149413
0.0771967
0.097731
0.14901
0.0235863
0.161877
0.137733
0.148155
0.130663
0.149116
0.135781
0.099487
0.101643
0.0265292
0.147937
0.0859221
0.145549
0.101309
0.147408
0.123767
0.124847
0.152072
0.146146
0.170263
0.147697
0.146103
0.146976
0.1495
0.131266
0.132637
0.146703
0.150744
0.148153
0.117215
0.0761446
0.103864
0.132561
0.167729
0.130285
0.156892
0.148691
0.0540447
0.15805
0.130506
0.137466
0.130376
0.103114
0.100469
0.126656
0.101825
0.151586
0.125134
0.14519
0.136274
0.106656
0.13133
0.127879
0.114244
0.134871
0.105764
0.118056
0.14931
0.102186
0.125561
0.149438
0.133878
0.0160434
0.126198
0.0798232
0.0958787
0.140476
0.123118
0.149285
0.135839
0.149828
0.112626
0.134182
0.112947
0.146749
0.0952072
0.129248
0.137541
0.148821
0.130014
0.144968
0.0565748
0.100513
0.0595007
0.105578
0.138353
0.119476
0.0935374
0.116498
0.144675
0.153471
0.104682
0.15746
0.106227
0.0503225
0.0938075
0.137482
0.106485
0.152683
0.0641001
0.143647
0.14987
0.128893
0.022518
0.147617
0.12109
0.117147
0.127572
0.153346
0.0363649
0.0646719
0.113629
0.100473
0.0959674
0.0657135
0.140131
0.130939
0.0813859
0.130654
0.0990042
0.145669
0.148134
0.132694
0.138855
0.118984
0.118511
0.149093
0.13
0.0299015
0.132533
0.147898
0.0793527
0.0547976
0.0879609
0.0676687
0.115258
0.100538
0.138416
0.140681
0.0484943
0.089617
0.13024
0.138168
0.14475
0.137355
0.133712
0.106767
0.147786
0.0968378
0.102638
0.150054
0.149249
0.147387
0.102214
0.132552
0.0991209
0.0974307
0.114594
0.145873
0.0291966
0.0933732
0.135893
0.0873079
0.147473
0.130509
0.14731
0.132829
0.149157
0.133688
0.100112
0.145714
0.0976968
0.110046
0.149326
0.116471
0.129812
0.124321
0.0354579
0.142814
0.13061
0.144011
0.0953011
0.126406
0.0657666
0.131271
0.14755
0.140438
0.143978
0.148159
0.119892
0.110252
0.0299494
0.123509
0.148605
0.14116
0.120687
0.105668
0.149066
0.131368
0.0280613
0.139559
0.122822
0.132742
0.128428
0.121234
0.119135
0.129666
0.14842
0.0906453
0.145321
0.0569406
0.15341
0.0954009
0.117926
0.147227
0.129564
0.129488
0.0810496
0.092092
0.0694602
0.100636
0.137376
0.0575587
0.132933
0.129133
0.0788593
0.10299
0.130705
0.148979
0.113656
0.151986
0.122032
0.118976
0.117167
0.0913793
0.114851
0.135878
0.0686903
0.1479
0.106649
0.0951838
0.139961
0.125704
0.0968024
0.0659044
0.0858889
0.150942
0.147333
0.145471
0.0222416
0.127115
0.0558466
0.11739
0.143625
0.145423
0.147841
0.133462
0.117785
0.1474
0.12894
0.149241
0.148664
0.141422
0.0937946
0.134735
0.148946
0.136228
0.14009
0.139491
0.13247
0.141173
0.141469
0.134693
0.130499
0.141253
0.151741
0.146905
0.144752
0.143051
0.15126
0.151792
0.129514
0.118965
0.14809
0.0385874
0.131319
0.138427
0.114887
0.128503
0.143752
0.149081
0.147902
0.099771
0.143576
0.150285
0.149364
0.141757
0.147288
0.131343
0.134098
0.0585696
0.129984
0.123007
0.0696192
0.14931
0.134773
0.0857506
0.0674483
0.0988615
0.0642579
0.138763
0.0474196
0.0716362
0.13135
0.129693
0.105209
0.0461586
0.0917835
0.0239171
0.104066
0.130417
0.112018
0.130606
0.0527606
0.119247
0.122611
0.129504
0.0652554
0.0613625
0.0954629
0.11634
0.123809
0.118118
0.130112
0.0826106
0.115314
0.142723
0.113346
0.157276
0.0257837
0.143001
0.127866
0.0998027
0.116933
0.147636
0.137232
0.0348707
0.12882
0.145547
0.0854012
0.104186
0.150983
0.12426
0.12914
0.0864941
0.0263851
0.0789728
0.114237
0.0622805
0.136912
0.133679
0.150389
0.147226
0.149397
0.115358
0.0418424
0.0561302
0.131396
0.130808
0.137388
0.139263
0.109958
0.122193
0.100103
0.139973
0.121309
0.130452
0.149457
0.096549
0.142126
0.149199
0.105949
0.138291
0.14792
0.0760751
0.147843
0.0360009
0.12945
0.0349227
0.147289
0.102908
0.113789
0.103652
0.116768
0.149157
0.127072
0.149384
0.125306
0.126309
0.0575685
0.117617
0.0572361
0.15207
0.125534
0.0839704
0.077073
0.120522
0.128131
0.118556
0.102177
0.0224095
0.118512
0.13597
0.147789
0.105877
0.141718
0.0579913
0.149719
0.0584628
0.0833092
0.11489
0.152149
0.0235211
0.136504
0.144412
0.0287791
0.0719126
0.0950666
0.107143
0.0621202
0.0660261
0.0878989
0.0884093
0.149241
0.144053
0.134925
0.136481
0.0975084
0.125764
0.140861
0.108429
0.0621989
0.137787
0.122047
0.145068
0.103391
0.149691
0.130105
0.133008
0.0970213
0.0469087
0.102004
0.0685127
0.150139
0.11228
0.0845984
0.168491
0.113792
0.0812978
0.134208
0.137192
0.115645
0.111723
0.017879
0.149675
0.131906
0.128091
0.108514
0.13202
0.0988181
0.14727
0.132024
0.150001
0.103121
0.163875
0.148636
0.134979
0.149848
0.0877011
0.0782289
0.0952077
0.1339
0.0703758
0.121944
0.140359
0.118872
0.135683
0.147136
0.105825
0.0501152
0.14992
0.131633
0.117472
0.107414
0.0615776
0.0800755
0.148975
0.107286
0.107216
0.1231
0.118207
0.109281
0.0980498
0.124135
0.119751
0.15192
0.119364
0.130885
0.0834899
0.103242
0.026908
0.147303
0.126758
0.171432
0.130803
0.11818
0.117754
0.131801
0.148242
0.16795
0.104135
0.138791
0.0205826
0.149572
0.147249
0.130111
0.0729373
0.131003
0.150484
0.134053
0.103071
0.105249
0.106902
0.155806
0.173999
0.145796
0.147941
0.139981
0.136055
0.136102
0.133243
0.0807767
0.0992673
0.071213
0.100805
0.0490305
0.069615
0.149719
0.0956834
0.12273
0.150172
0.0691113
0.102709
0.0669501
0.124321
0.125185
0.152054
0.105276
0.138976
0.0414564
0.0972396
0.141084
0.137243
0.13694
0.0360598
0.148821
0.152376
0.101216
0.0857283
0.151673
0.0243249
0.0482136
0.0941966
0.0998517
0.114692
0.0761237
0.136817
0.147999
0.147656
0.150022
0.0822314
0.154287
0.145667
0.0993221
0.103302
0.150987
0.135483
0.108072
0.115225
0.125331
0.111139
0.0887709
0.126781
0.0416665
0.103476
0.098796
0.0972709
0.0652139
0.115016
0.0874516
0.126793
0.141758
0.127763
0.14062
0.104784
0.101744
0.0280392
0.0625351
0.13364
0.112647
0.134649
0.0901113
0.14805
0.115551
0.118678
0.129813
0.0976191
0.117812
0.178995
0.148241
0.0790114
0.0502502
0.134241
0.134941
0.136298
0.103453
0.148514
0.127824
0.0719088
0.10122
0.118171
0.107835
0.0999438
0.129961
0.148064
0.020863
0.0475346
0.118299
0.0964783
0.106816
0.0222381
0.0202483
0.152673
0.101784
0.164104
0.136397
0.158851
0.104068
0.132801
0.13156
0.106365
0.0815716
0.0697683
0.100013
0.148116
0.131837
0.0160914
0.152288
0.132032
0.150147
0.0598666
0.127677
0.118002
0.102079
0.0509193
0.148115
0.0729343
0.151278
0.0253815
0.0586528
0.149287
0.0483087
0.042228
0.109675
0.144911
0.116462
0.128492
0.145585
0.137562
0.0512702
0.0248007
0.137906
0.0685268
0.130754
0.106332
0.0727723
0.0963826
0.103786
0.131089
0.0495449
0.0264523
0.121313
0.0489172
0.115009
0.112222
0.094664
0.042917
0.15116
0.102625
0.136524
0.130356
0.146045
0.0325979
0.119951
0.110728
0.0901773
0.0766227
0.0697693
0.12839
0.0909589
0.0935376
0.11879
0.151989
0.0223379
0.0506721
0.0943556
0.145181
0.0226838
0.093461
0.104331
0.0682015
0.136133
0.116228
0.142709
0.139969
0.152369
0.144895
0.120615
0.142311
0.0399933
0.025901
0.0656552
0.14872
0.132681
0.127025
0.104217
0.13474
0.141101
0.0260934
0.148162
0.145586
0.104332
0.166587
0.0436876
0.0902966
0.135971
0.0904287
0.0869529
0.101929
0.0994479
0.092428
0.0689151
0.0914576
0.126288
0.102824
0.0640436
0.149207
0.161104
0.149616
0.0754216
0.102625
0.146132
0.1484
0.148415
0.133826
0.14919
0.149786
0.0904845
0.101466
0.110376
0.0741879
0.148558
0.102266
0.0863316
0.090119
0.12705
0.0561097
0.0444044
0.119398
0.0791657
0.0690449
0.14512
0.0962673
0.125873
0.144727
0.148601
0.077748
0.0484448
0.131386
0.130204
0.0776115
0.148713
0.151706
0.0250456
0.139575
0.0791521
0.0930434
0.118971
0.0808546
0.085228
0.0786264
0.116548
0.143615
0.122382
0.0827156
0.0988588
0.041286
0.135087
0.137449
0.0915249
0.0535378
0.123
0.142429
0.147642
0.147838
0.131142
0.0348199
0.13019
0.123407
0.0743408
0.1052
0.0758442
0.0893881
0.0670139
0.153562
0.103436
0.142701
0.115358
0.1361
0.149508
0.122435
0.0710425
0.0277407
0.0699782
0.126348
0.156966
0.0709872
0.130301
0.124493
0.0767712
0.150705
0.0653253
0.0739211
0.0918563
0.131905
0.0686904
0.0854014
0.150483
0.0885148
0.134279
0.0490107
0.112187
0.165434
0.0691872
0.0621039
0.114907
0.0661298
0.112525
0.13034
0.086667
0.078097
0.148358
0.0619464
0.105823
0.101786
0.0501006
0.113362
0.164227
0.129787
0.0680754
0.0211113
0.139412
0.131447
0.148126
0.105424
0.0834448
0.123639
0.0985171
0.0795197
0.0719243
0.149152
0.0759961
0.0930129
0.0957618
0.126667
0.0500406
0.0409077
0.110747
0.106411
0.118327
0.0783776
0.121442
0.113882
0.112774
0.135861
0.167728
0.159061
0.0774084
0.101025
0.0941064
0.116821
0.117683
0.0925299
0.0232307
0.128779
0.0268924
0.0758704
0.132635
0.120402
0.0640433
0.0978128
0.13915
0.149021
0.0410252
0.0941813
0.0838094
0.0758742
0.123227
0.0573289
0.146995
0.132791
0.0717342
0.085234
0.0864146
0.0960402
0.085889
0.131699
0.0504219
0.132592
0.0919397
0.13226
0.023509
0.0948852
0.0402364
0.105277
0.079782
0.0912872
0.116149
0.11938
0.074513
0.119747
0.149159
0.12922
0.1246
0.0525126
0.0237148
0.157199
0.09816
0.148117
0.141827
0.0571501
0.08483
0.145956
0.129985
0.0574961
0.0557653
0.127023
0.127712
0.0874884
0.13419
0.143986
0.13793
0.0744682
0.114067
0.135826
0.0209715
0.1156
0.133359
0.0948073
0.130816
0.0763395
0.149909
0.112175
0.0582789
0.13261
0.135487
0.131886
0.14042
0.0489769
0.05
0.149596
0.0752669
0.0684998
0.0588424
0.0769518
0.0755257
0.0670958
0.100872
0.0176309
0.132088
0.0260398
0.0775594
0.0661917
0.121674
0.105777
0.0570232
0.104023
0.10423
0.0344693
0.0912584
0.103721
0.147269
0.129611
0.14799
0.0966221
0.128593
0.103597
0.0640596
0.147652
0.123776
0.147808
0.121677
0.0732273
0.149073
0.0276763
0.102823
0.143498
0.116364
0.106117
0.0559874
0.0948799
0.116556
0.095582
0.147951
0.119813
0.0838754
0.110231
0.14306
0.118936
0.0841379
0.140965
0.145594
0.0732831
0.13152
0.151058
0.0931454
0.149203
0.084974
0.124547
0.0682954
0.0567565
0.149562
0.040569
0.128902
0.112685
0.114037
0.0610319
0.0962649
0.0533866
0.121239
0.0546384
0.0579909
0.121723
0.151262
0.142951
0.118419
0.0587851
0.12655
0.14639
0.14987
0.113831
0.116177
0.0977786
0.0619095
0.0267756
0.133417
0.104341
0.128263
0.14849
0.0476777
0.0709177
0.152747
0.0651619
0.0217676
0.131055
0.133777
0.118439
0.0955046
0.144998
0.0988456
0.117632
0.0567929
0.0403742
0.10266
0.0405586
0.129143
0.0928173
0.0549867
0.0348365
0.11475
0.0518293
0.111297
0.0851278
0.0796765
0.140378
0.0676065
0.0707056
0.0968402
0.090271
0.105226
0.0810525
0.139227
0.110956
0.154356
0.133998
0.135342
0.117528
0.102034
0.12934
0.125105
0.0589571
0.0720933
0.141683
0.0622528
0.0708212
0.0240435
0.147687
0.121755
0.0666883
0.116225
0.0283327
0.0787412
0.134294
0.154214
0.130095
0.14907
0.149116
0.130222
0.0861665
0.0214705
0.127408
0.128831
0.137849
0.14793
0.0633594
0.134442
0.151081
0.139265
0.105194
0.132006
0.114978
0.151109
0.076893
0.136643
0.132833
0.130747
0.13129
0.122369
0.0682257
0.125491
0.102951
0.0630401
0.12689
0.0358956
0.138625
0.0582727
0.126907
0.0807289
0.111725
0.131848
0.124221
0.123675
0.112294
0.0781451
0.0209247
0.0150125
0.0279541
0.0580474
0.145045
0.136419
0.0588976
0.119197
0.148545
0.0247443
0.149129
0.0865271
0.132317
0.100637
0.131384
0.0639674
0.130974
0.123751
0.130893
0.0593249
0.0703476
0.0468174
0.0475254
0.116552
0.143231
0.147992
0.156108
0.0653613
0.152044
0.124243
0.038906
0.124913
0.117571
0.069979
0.132543
0.100509
0.148431
0.154661
0.111186
0.110027
0.131354
0.144749
0.158582
0.0266014
0.0363039
0.146801
0.0253757
0.0483689
0.0452901
0.149055
0.0602764
0.114406
0.148984
0.0913632
0.127904
0.0626444
0.0376395
0.0978227
0.0658131
0.154721
0.13296
0.130882
0.130716
0.0627526
0.139312
0.079905
0.174569
0.0961122
0.12823
0.149862
0.12271
0.147629
0.116202
0.0768566
0.0705335
0.149004
0.0590191
0.150115
0.0521175
0.0613795
0.105421
0.144514
0.149103
0.0841444
0.0501873
0.143838
0.107117
0.114993
0.14829
0.149894
0.14861
0.13944
0.0576459
0.0983868
0.128433
0.148593
0.117785
0.0701625
0.0624163
0.124914
0.0586374
0.147048
0.120803
0.0359276
0.0750342
0.0517806
0.0574559
0.1486
0.1498
0.148694
0.12203
0.0456772
0.0714309
0.0929723
0.0788451
0.157098
0.116989
0.0494074
0.113321
0.0755462
0.10569
0.149065
0.0585849
0.036495
0.0630469
0.0366762
0.0783529
0.105782
0.152278
0.0369289
0.129292
0.145411
0.0690281
0.0588081
0.103029
0.144162
0.0985686
0.0424076
0.118763
0.118493
0.116611
0.125286
0.137172
0.035847
0.111702
0.0673766
0.0584144
0.0709947
0.0196265
0.0285473
0.118288
0.103084
0.03553
0.0502835
0.021878
0.0271432
0.149828
0.0273663
0.0689424
0.148709
0.0680151
0.0850169
0.0549228
0.0607376
0.0525096
0.0709657
0.05829
0.11313
0.0398591
0.14805
0.147294
0.0733201
0.0653016
0.150106
0.161568
0.0637804
0.0612385
0.103254
0.053608
0.116954
0.0800494
0.149045
0.0593299
0.144003
0.119299
0.149907
0.0965308
0.0873745
0.146695
0.0703375
0.0719501
0.101346
0.119636
0.114747
0.147698
0.121604
0.021742
0.1438
0.113575
0.0553614
0.0299279
0.130932
0.0535113
0.145772
0.132671
0.130917
0.113933
0.0824346
0.126414
0.128038
0.0728358
0.102171
0.0684218
0.120659
0.0847711
0.11992
0.155292
0.113752
0.0530994
0.151245
0.0270781
0.103234
0.0408109
0.0762063
0.0841392
0.147687
0.148785
0.151964
0.058114
0.0296819
0.130443
0.0352255
0.0399848
0.0830645
0.0169673
0.0826469
0.071773
0.0534593
0.14392
0.0460502
0.082965
0.115319
0.0209399
0.0562714
0.149505
0.0717889
0.0625349
0.112789
0.0445439
0.0811921
0.123854
0.147989
0.0165715
0.0415201
0.0229443
0.140754
0.0822577
0.0374972
0.136536
0.148745
0.0649102
0.119446
0.165407
0.0414876
0.0371699
0.149858
0.109295
0.0726892
0.113306
0.10249
0.0247716
0.0794876
0.0625975
0.121222
0.0340037
0.144127
0.133359
0.0993062
0.0856102
0.0873573
0.130395
0.111119
0.146935
0.0288225
0.0787831
0.130887
0.0209884
0.146952
0.0303534
0.124718
0.147675
0.119829
0.0352599
0.0300841
0.0689393
0.0387141
0.042386
0.0376819
0.110827
0.0404128
0.0907712
0.14548
0.147469
0.0297848
0.0378503
0.130715
0.0803516
0.0365244
0.0419884
0.0501336
0.135283
0.035227
0.0277053
0.116437
0.0292004
0.0769127
0.143308
0.0226581
0.116724
0.0568628
0.131569
0.0905555
0.11447
0.122504
0.0340364
0.0437452
0.124775
0.101097
0.129056
0.129212
0.0505576
0.0587618
0.0562813
0.095683
0.0574846
0.0357377
0.12873
0.0403151
0.0348206
0.132509
0.0911159
0.103721
0.148487
0.111075
0.148427
0.0804975
0.0659279
0.147425
0.0296616
0.0531223
0.0452718
0.0791935
0.131063
0.0913771
0.0437318
0.128619
0.157054
0.0918564
0.0796201
0.0417209
0.0202453
0.148786
0.0617443
0.0562494
0.0343032
0.12889
0.154724
0.143371
0.147664
0.132176
0.123452
0.0603543
0.14839
0.148642
0.0694073
0.0512045
0.122437
0.0565762
0.142777
0.044388
0.0398945
0.0863853
0.150323
0.12363
0.0298128
0.149868
0.134917
0.142375
0.0720957
0.120791
0.0498672
0.0782108
0.129847
0.118618
0.156461
0.0863581
0.124246
0.112979
0.0874646
0.0860449
0.0599468
0.0426305
0.0309634
0.148806
0.115464
0.123009
0.0328043
0.0155625
0.0199579
0.0694071
0.0375747
0.0981203
0.0184198
0.148309
0.0389494
0.0391083
0.085435
0.0335936
0.0999396
0.0374859
0.112361
0.142746
0.0270769
0.121797
0.0988563
0.0304223
0.0620636
0.147764
0.0243518
0.10567
0.03005
0.131167
0.132607
0.0359519
0.0556035
0.110878
0.095499
0.133826
0.0735747
0.148861
0.0313413
0.023247
0.0638879
0.144421
0.0837384
0.0421414
0.0214052
0.0793247
0.149256
0.0729394
0.0347062
0.123666
0.0842328
0.13675
0.128075
0.0894886
0.0400974
0.109386
0.0389085
0.0248386
0.0570847
0.133215
0.0273862
0.0397747
0.0428268
0.132888
0.12132
0.0849262
0.149214
0.0400327
0.125973
0.140928
0.132728
0.146093
0.0427918
0.133304
0.147149
0.113433
0.0237447
0.0419167
0.0258467
0.0213924
0.0277093
0.026179
0.050776
0.0213211
0.0948147
0.127458
0.120147
0.129938
0.0217358
0.0424522
0.0364531
0.129835
0.144379
0.0631919
0.149694
0.0835063
0.0241382
0.0235076
0.0929817
0.103749
0.0486674
0.0336563
0.0427942
0.0307595
0.119237
0.0710005
0.0752764
0.14846
0.0417829
0.151975
0.14767
0.143548
0.0562582
0.148726
0.149981
0.0848944
0.0840007
0.0320528
0.110757
0.0209583
0.128118
0.145676
0.0715699
0.144216
0.151383
0.0809367
0.0433357
0.0469065
0.0700807
0.151201
0.0665945
0.130691
0.113691
0.129754
0.130792
0.0873257
0.0440685
0.031024
0.047398
0.154954
0.0922129
0.0408719
0.102916
0.0368123
0.138333
0.146008
0.0190643
0.147995
0.0619558
0.148939
0.0582163
0.14816
0.049591
0.148898
0.0304737
0.149142
0.1143
0.0325885
0.117902
0.0380428
0.145292
0.0919396
0.127054
0.147669
0.0445626
0.0371088
0.124429
0.143454
0.144442
0.044228
0.0225674
0.118928
0.0365596
0.127271
0.0412984
0.0688834
0.114172
0.142485
0.0829248
0.12392
0.0232739
0.124599
0.0540277
0.0437356
0.0353916
0.128778
0.061649
0.149123
0.145303
0.138332
0.0459017
0.118549
0.0258521
0.125767
0.149765
0.0446259
0.036365
0.100916
0.129261
0.136159
0.072582
0.142496
0.0807094
0.0952826
0.0870359
0.149789
0.113334
0.147799
0.105224
0.1457
0.0359363
0.0362037
0.115291
0.0423999
0.065097
0.118129
0.0576621
0.0826709
0.14237
0.115653
0.1482
0.122238
0.0687068
0.0225147
0.14374
0.0301145
0.0707616
0.129432
0.114213
0.0365208
0.140611
0.0987096
0.113821
0.124458
0.057953
0.0576898
0.0387003
0.11761
0.119292
0.109627
0.0937941
0.116599
0.14337
0.133787
0.149325
0.0364499
0.142617
0.0720077
0.147422
0.0376023
0.0293607
0.0690412
0.108107
0.115501
0.149126
0.148442
0.147653
0.069526
0.0305685
0.0281939
0.102293
0.0549607
0.133396
0.148837
0.147571
0.14069
0.0864624
0.0406155
0.0774715
0.116148
0.0965917
0.132469
0.0381951
0.118438
0.131637
0.0374527
0.142214
0.142444
0.148486
0.0294247
0.128687
0.0335143
0.015634
0.0286941
0.122991
0.0999388
0.0228375
0.140399
0.0324621
0.105665
0.123441
0.145592
0.0938388
0.139355
0.148365
0.0865681
0.128253
0.131356
0.138807
0.148969
0.133067
0.0708484
0.144001
0.0297182
0.153237
0.0580108
0.0676954
0.0428421
0.0296928
0.144772
0.174125
0.14255
0.118419
0.114844
0.0196334
0.153045
0.0597283
0.0791451
0.0284427
0.132439
0.0159566
0.040553
0.0378501
0.148667
0.0587132
0.148949
0.0458934
0.13194
0.129586
0.0301269
0.127951
0.13029
0.0689426
0.108223
0.112882
0.0524093
0.128174
0.0981171
0.039427
0.0255109
0.0242114
0.106528
0.147664
0.06966
0.0949314
0.105119
0.0837483
0.123278
0.0265195
0.14167
0.0662227
0.122052
0.0950026
0.0465285
0.0683802
0.14052
0.0373095
0.0401279
0.130673
0.139127
0.0448424
0.145133
0.141022
0.13567
0.115556
0.0885353
0.0148515
0.0519795
0.131466
0.0576684
0.0538454
0.123229
0.147941
0.146594
0.0659335
0.119022
0.0667875
0.14893
0.156102
0.141793
0.122691
0.126838
0.108725
0.140027
0.0705012
0.147809
0.119799
0.066104
0.049895
0.0489502
0.143448
0.127002
0.15197
0.157475
0.157549
0.0984324
0.144029
0.0156716
0.0450117
0.130997
0.0752515
0.141446
0.098007
0.130516
0.137787
0.138377
0.0901396
0.128221
0.0683474
0.0347229
0.0150138
0.131514
0.143768
0.138652
0.137372
0.147913
0.0576336
0.0782019
0.148634
0.123394
0.0407142
0.0548976
0.0466516
0.132759
0.056984
0.12229
0.0410159
0.12061
0.122448
0.0371113
0.130885
0.146898
0.136305
0.0435248
0.114222
0.122992
0.161406
0.130124
0.144943
0.120968
0.154712
0.124677
0.142585
0.127667
0.135693
0.125939
0.0435937
0.122419
0.0177377
0.0646914
0.125461
0.118376
0.118462
0.0495479
0.137524
0.130645
0.0664289
0.131534
0.147677
0.0919344
0.141493
0.0912696
0.0784292
0.143779
0.125927
0.123295
0.132119
0.144256
0.0395431
0.114391
0.0551417
0.103502
0.101461
0.165349
0.0425243
0.0700473
0.114959
0.127391
0.125323
0.125702
0.0769214
0.0266635
0.113528
0.0404882
0.147862
0.131413
0.114365
0.0625396
0.0274894
0.144993
0.147132
0.0259508
0.146122
0.128298
0.0978086
0.0854041
0.0462078
0.105648
0.147696
0.137786
0.132757
0.0570078
0.0394945
0.131981
0.058463
0.0852685
0.0993272
0.122822
0.140378
0.0320142
0.122336
0.13967
0.125235
0.122436
0.090169
0.136861
0.0341189
0.0920424
0.0671753
0.122149
0.0431759
0.143718
0.129354
0.125513
0.0405866
0.137584
0.0573933
0.14201
0.115222
0.149897
0.0581626
0.118298
0.133775
0.133733
0.0484329
0.0352923
0.0561716
0.138034
0.125832
0.0783189
0.109381
0.122283
0.134012
0.0889599
0.0780181
0.117699
0.145898
0.0941216
0.147562
0.12006
0.0547012
0.055612
0.126059
0.057258
0.0388767
0.149374
0.140996
0.120093
0.0838712
0.131058
0.0783168
0.137134
0.107053
0.0757802
0.0607057
0.0773798
0.0494796
0.0573562
0.119475
0.0367405
0.130354
0.0340012
0.0458368
0.130822
0.111402
0.0578278
0.144942
0.0571629
0.0525816
0.0878594
0.107635
0.0677658
0.0529983
0.141791
0.0497307
0.127197
0.0603766
0.145082
0.0421592
0.146376
0.141596
0.171341
0.0265788
0.125147
0.134861
0.150965
0.0230903
0.117985
0.143629
0.0780151
0.0932877
0.100484
0.0699728
0.100419
0.138283
0.0295682
0.116214
0.0811554
0.0918385
0.0461561
0.141744
0.101619
0.0582416
0.124196
0.135449
0.136304
0.150904
0.0808063
0.098269
0.140999
0.0308498
0.113079
0.103494
0.150332
0.144296
0.127811
0.14736
0.119367
0.0232511
0.143968
0.138562
0.142591
0.0561893
0.0264342
0.141538
0.144008
0.0262437
0.0865665
0.0638035
0.115325
0.149487
0.147054
0.137475
0.014638
0.125437
0.0271708
0.0268316
0.0906918
0.113985
0.125687
0.0905522
0.120337
0.0442368
0.0156331
0.128713
0.0962244
0.14564
0.0224592
0.130726
0.146916
0.0204797
0.0544883
0.128995
0.144223
0.0803647
0.0329521
0.133975
0.10082
0.143068
0.0248528
0.0126858
0.0426863
0.0213793
0.0528467
0.139211
0.0553323
0.145469
0.0262357
0.133522
0.0210036
0.0228795
0.157242
0.0448116
0.0548595
0.0858783
0.149743
0.0288398
0.0170818
0.13359
0.0390302
0.121776
0.0809374
0.132428
0.104221
0.121483
0.138491
0.0783208
0.0360369
0.140777
0.0166024
0.111499
0.14204
0.0256237
0.0419502
0.0265762
0.0259395
0.0345885
0.0534919
0.100686
0.0754289
0.116869
0.0298489
0.142602
0.115445
0.0687175
0.135138
0.127467
0.0344408
0.0478158
0.0212518
0.0269196
0.107426
0.153387
0.0851088
0.0352497
0.0559413
0.115404
0.144087
0.0608749
0.115484
0.123073
0.0373827
0.129958
0.0407438
0.0593293
0.0968638
0.151369
0.0262832
0.098604
0.128691
0.152685
0.145457
0.0936673
0.14234
0.142327
0.137311
0.0780617
0.147086
0.1657
0.0276411
0.0430315
0.116626
0.122352
0.0981634
0.111829
0.0953452
0.0649501
0.15017
0.0407405
0.030856
0.0588566
0.0469973
0.0580169
0.0330496
0.130271
0.122727
0.0695436
0.130815
0.0886572
0.0224261
0.112165
0.164156
0.142926
0.0984689
0.144841
0.130005
0.104957
0.154996
0.0858543
0.109232
0.0697652
0.117053
0.080016
0.123941
0.126274
0.143611
0.144457
0.13417
0.0651
0.117502
0.0963081
0.0238228
0.0743996
0.0548372
0.125433
0.165478
0.0181794
0.0286967
0.096393
0.0451484
0.134019
0.0268979
0.0703133
0.125554
0.0740976
0.140445
0.095894
0.14676
0.0585913
0.0369916
0.0251999
0.0164075
0.150717
0.023461
0.0469767
0.0977321
0.0307949
0.131986
0.0315661
0.100662
0.0440705
0.0448008
0.128313
0.116364
0.134763
0.0388957
0.111548
0.0228437
0.0824743
0.135683
0.0676199
0.158069
0.155679
0.133727
0.0848057
0.0147891
0.0153519
0.0414332
0.138627
0.118808
0.144091
0.125363
0.0556297
0.13391
0.0720601
0.156902
0.126583
0.0580413
0.114212
0.0379475
0.0416995
0.130175
0.0901699
0.143613
0.0425624
0.122618
0.126946
0.0593817
0.0945555
0.130633
0.158196
0.101212
0.0527989
0.13279
0.145009
0.12267
0.0898357
0.132702
0.0682291
0.038341
0.0802856
0.146819
0.138663
0.155484
0.114091
0.100413
0.0891904
0.153028
0.0975936
0.118852
0.133017
0.129626
0.123928
0.14751
0.0509074
0.122669
0.065752
0.0569467
0.106538
0.11196
0.0609315
0.139552
0.0975115
0.0302954
0.107204
0.0914711
0.0293397
0.0831822
0.050106
0.0320092
0.0957436
0.0288571
0.10399
0.0425626
0.116576
0.143441
0.134484
0.0148961
0.143432
0.123368
0.0927802
0.141405
0.0535927
0.0452711
0.0404358
0.0250518
0.0432098
0.120898
0.13493
0.113523
0.126617
0.0786019
0.152219
0.152171
0.112032
0.0162213
0.113148
0.0980019
0.0569736
0.127504
0.0388848
0.127478
0.139826
0.10997
0.0195663
0.170621
0.0935677
0.113274
0.0945441
0.11362
0.133892
0.0742894
0.0929464
0.130424
0.130083
0.110771
0.0549134
0.0917407
0.135187
0.0998212
0.043023
0.0333571
0.134721
0.0335434
0.118362
0.128421
0.135121
0.0620412
0.121908
0.0418865
0.10537
0.120446
0.136478
0.0445541
0.07494
0.135407
0.0685624
0.122233
0.0582738
0.135895
0.111981
0.0966837
0.121643
0.0526794
0.133887
0.123284
0.0936257
0.131774
0.0995714
0.0903201
0.125664
0.0900432
0.121264
0.0590761
0.050734
0.0276699
0.0789386
0.121192
0.150193
0.139665
0.118065
0.0882077
0.0683662
0.0499059
0.142432
0.100242
0.0220852
0.0257075
0.0427297
0.139406
0.150146
0.10594
0.14075
0.132258
0.133231
0.0248429
0.0380739
0.132603
0.126362
0.158529
0.103702
0.0878402
0.126801
0.0632345
0.128678
0.125408
0.138207
0.143873
0.0755829
0.0780661
0.0782073
0.115505
0.108047
0.0925828
0.128263
0.094584
0.0941052
0.125538
0.130893
0.144729
0.134191
0.056918
0.0683587
0.0340711
0.0340319
0.103728
0.124092
0.0219387
0.129467
0.0307319
0.145865
0.049615
0.100352
0.130771
0.0999608
0.13319
0.138258
0.139891
0.0964393
0.100584
0.109504
0.0381156
0.0904641
0.0502835
0.024572
0.090108
0.125195
0.126596
0.0837002
0.0245405
0.0385031
0.138181
0.108333
0.0254874
0.130969
0.127952
0.151868
0.125455
0.112422
0.0905014
0.0406283
0.106511
0.0906333
0.0927098
0.112425
0.117062
0.0423499
0.0332471
0.128758
0.0747524
0.126846
0.128963
0.0530471
0.0456046
0.132583
0.0995503
0.137084
0.0354789
0.134436
0.130705
0.0725596
0.0235899
0.0492731
0.0672591
0.102469
0.15124
0.127926
0.0568967
0.0624268
0.109602
0.138233
0.102053
0.134759
0.116066
0.140238
0.0781215
0.11815
0.124963
0.130675
0.0772708
0.109809
0.0903636
0.129443
0.0674684
0.120203
0.129163
0.144538
0.123414
0.0222076
0.12751
0.0251671
0.0937911
0.135671
0.11521
0.14033
0.0996955
0.0565802
0.143272
0.0359698
0.134446
0.100489
0.151179
0.130308
0.0506786
0.0846083
0.0555041
0.0574637
0.0896204
0.124187
0.0617768
0.148819
0.0223802
0.114033
0.103584
0.0482233
0.0754625
0.0278935
0.128904
0.134289
0.119298
0.0346254
0.0332289
0.11099
0.0494924
0.0859973
0.131064
0.135978
0.11282
0.102837
0.0346057
0.139634
0.0782131
0.09379
0.0870897
0.0293755
0.112498
0.0878315
0.146203
0.0429249
0.0427247
0.0221237
0.0654186
0.139992
0.0232017
0.100367
0.129746
0.0146457
0.0685881
0.14416
0.0725108
0.150575
0.129014
0.147161
0.128597
0.040427
0.122321
0.115339
0.125905
0.120298
0.131501
0.0678461
0.120946
0.122424
0.13081
0.110565
0.0481913
0.134179
0.0789278
0.0715373
0.106439
0.129087
0.066433
0.126747
0.0761835
0.0327258
0.0471006
0.0647968
0.131058
0.0994077
0.153675
0.1064
0.13728
0.102504
0.0948661
0.0348641
0.114818
0.1195
0.0930102
0.129756
0.127289
0.124772
0.125754
0.0458931
0.141734
0.138188
0.104132
0.107031
0.0955686
0.107982
0.11853
0.0984889
0.0544746
0.133528
0.0897736
0.0280993
0.0938245
0.128864
0.114672
0.117172
0.141412
0.1097
0.113343
0.0632347
0.0341991
0.0770396
0.0769835
0.106855
0.14002
0.11038
0.0910272
0.118801
0.0649993
0.0588011
0.0672116
0.116363
0.0250868
0.0996766
0.0453716
0.06091
0.078973
0.0879103
0.0546736
0.112152
0.137835
0.128451
0.107153
0.117355
0.14698
0.114265
0.129797
0.126166
0.135278
0.0986853
0.0356513
0.100601
0.0378349
0.113277
0.125111
0.0657372
0.135907
0.131972
0.0479542
0.116016
0.121339
0.131231
0.0669827
0.126117
0.0454145
0.132815
0.133794
0.0996479
0.0608691
0.131477
0.0977394
0.120607
0.0889568
0.148709
0.0667994
0.101475
0.11103
0.080853
0.0917257
0.0666496
0.0626597
0.137695
0.0549452
0.12632
0.101269
0.0955858
0.141395
0.0458747
0.0249716
0.12784
0.0924795
0.126811
0.174409
0.088427
0.0650376
0.125861
0.0130904
0.102544
0.117282
0.11054
0.0239188
0.0526307
0.139667
0.0311307
0.13482
0.0764059
0.0859075
0.0639628
0.0570453
0.113002
0.120987
0.127083
0.0495776
0.105736
0.0382105
0.0243306
0.0905048
0.0756396
0.119406
0.0411978
0.0670624
0.0310998
0.0127367
0.131165
0.0420487
0.133626
0.0628353
0.128584
0.117538
0.115593
0.0361416
0.0627196
0.132338
0.127241
0.0247067
0.0882111
0.055693
0.0799762
0.143411
0.0550042
0.125793
0.117268
0.114501
0.130064
0.135614
0.134772
0.0783621
0.0657735
0.0971658
0.107011
0.106356
0.127526
0.0852013
0.0929857
0.102615
0.0512746
0.123817
0.151394
0.0919294
0.0665486
0.0623754
0.0212744
0.0774522
0.0791143
0.0723285
0.0940911
0.106507
0.124056
0.127877
0.0359037
0.109301
0.0848208
0.133035
0.0928752
0.0527826
0.0446491
0.0194595
0.0326413
0.101897
0.0237394
0.0841296
0.127517
0.115249
0.12727
0.0748084
0.0808318
0.0284156
0.109374
0.0896874
0.0416107
0.101588
0.096412
0.136735
0.134203
0.0954524
0.143434
0.13085
0.0197461
0.130286
0.0578639
0.0695478
0.111608
0.0368494
0.130421
0.132757
0.0836038
0.132383
0.121694
0.0601974
0.14203
0.0435889
0.112968
0.13814
0.0956046
0.128517
0.0367079
0.140954
0.0924793
0.119472
0.0643081
0.124073
0.124603
0.013451
0.137764
0.0149579
0.139673
0.0854438
0.0389369
0.0922441
0.0630356
0.0979936
0.0390324
0.0148599
0.0661258
0.166817
0.075391
0.0886497
0.131193
0.0263933
0.0210685
0.0238708
0.0605815
0.139707
0.0823616
0.0945796
0.0231641
0.0711323
0.0288652
0.0770802
0.103337
0.12535
0.13487
0.119182
0.0367994
0.0658893
0.0379261
0.0263475
0.0224668
0.0950552
0.140529
0.0229667
0.0998826
0.0666649
0.135346
0.0402228
0.0895208
0.0266461
0.122818
0.0478109
0.0905863
0.092225
0.082
0.115625
0.110491
0.03967
0.111791
0.114611
0.111566
0.102626
0.115124
0.111907
0.116824
0.123344
0.135525
0.139952
0.0276503
0.0260147
0.0947121
0.0942302
0.116897
0.131571
0.0700803
0.123253
0.0319169
0.0393257
0.0233648
0.0612093
0.135318
0.0671579
0.0164627
0.0374617
0.126403
0.0915835
0.0412124
0.119946
0.102699
0.119052
0.0261469
0.0938514
0.141571
0.103815
0.062835
0.0814434
0.142532
0.0539751
0.127402
0.118222
0.047238
0.150504
0.107881
0.113186
0.0377429
0.0252835
0.128597
0.0812886
0.0976424
0.133552
0.0930156
0.0724158
0.133989
0.105141
0.043843
0.0475828
0.115138
0.113669
0.134917
0.0349559
0.123754
0.0859102
0.0991026
0.0408368
0.0974426
0.0991588
0.11917
0.119835
0.0604453
0.12082
0.0714252
0.127806
0.119258
0.11121
0.0285738
0.107527
0.125532
0.104245
0.109969
0.122452
0.128994
0.0588387
0.0860674
0.13245
0.119632
0.0344466
0.1234
0.0383715
0.112074
0.127669
0.0233194
0.0225074
0.127476
0.11432
0.0905578
0.133445
0.0430043
0.0710477
0.110462
0.0807385
0.0929305
0.0966057
0.0695432
0.110401
0.133817
0.136021
0.0923108
0.121677
0.0816757
0.13121
0.134757
0.0249398
0.120002
0.114614
0.152791
0.101075
0.0785701
0.0924023
0.095239
0.0311577
0.0951106
0.105189
0.132585
0.078505
0.0481522
0.140117
0.0244575
0.135037
0.12218
0.061751
0.0671508
0.099471
0.129449
0.11788
0.12819
0.068271
0.127984
0.0829175
0.0344985
0.134517
0.0970182
0.04022
0.09665
0.113626
0.0629592
0.104692
0.0646082
0.125669
0.133651
0.070459
0.0317697
0.0668037
0.0590717
0.0404891
0.0963803
0.0392993
0.123719
0.0635559
0.0737861
0.0393896
0.104472
0.0311367
0.146522
0.0378576
0.0889035
0.057315
0.0550246
0.0664437
0.118659
0.0964077
0.0863917
0.108902
0.0643348
0.0776155
0.131305
0.0569064
0.101299
0.122266
0.0268937
0.0685312
0.119653
0.0375078
0.0306848
0.136504
0.0770494
0.112531
0.0231008
0.063147
0.0265479
0.099888
0.0909318
0.112131
0.11729
0.0976929
0.0832
0.131806
0.0467031
0.150303
0.121745
0.137274
0.108813
0.125749
0.0887278
0.0617936
0.119987
0.113839
0.129597
0.134605
0.125155
0.0807394
0.135585
0.0136175
0.114119
0.0645533
0.0876264
0.121211
0.104296
0.095381
0.131457
0.0826205
0.128832
0.12944
0.0211434
0.120355
0.0377335
0.12428
0.120002
0.112531
0.0871597
0.0233501
0.0858647
0.0481658
0.0439688
0.128916
0.0643253
0.0923883
0.12774
0.0146128
0.103654
0.0493309
0.0623631
0.0392881
0.0820865
0.113465
0.0906366
0.0430136
0.091091
0.121896
0.0589324
0.0367153
0.0142135
0.0970301
0.0382309
0.113597
0.0394361
0.0903518
0.0614262
0.139678
0.128199
0.118656
0.0993743
0.132304
0.0951686
0.08199
0.0239629
0.0430801
0.106955
0.0377664
0.132791
0.0306716
0.115421
0.062775
0.0896789
0.12973
0.0907765
0.116009
0.12053
0.0465023
0.128441
0.0392363
0.101845
0.0631829
0.0386972
0.0912432
0.0967942
0.080272
0.036644
0.112168
0.065872
0.111413
0.112547
0.131494
0.0259764
0.0618693
0.105284
0.0261628
0.135871
0.037836
0.129155
0.0881974
0.020318
0.120891
0.098441
0.107134
0.0902203
0.130026
0.122808
0.124921
0.100627
0.0939159
0.0300314
0.0476843
0.125127
0.0812007
0.0197726
0.10569
0.120491
0.109478
0.0843423
0.119918
0.139391
0.0137552
0.0931788
0.0993211
0.0648393
0.0428616
0.0883784
0.0440551
0.10827
0.0995713
0.115609
0.0823122
0.102611
0.100671
0.0875708
0.0238374
0.094203
0.124048
0.0680289
0.110955
0.0192753
0.123375
0.0950055
0.0651052
0.117918
0.0654932
0.127736
0.104478
0.0812165
0.127464
0.0607863
0.0527111
0.0758535
0.135781
0.120782
0.0415735
0.0139535
0.0532921
0.0872763
0.0480678
0.0888698
0.124287
0.0355326
0.117016
0.13797
0.075845
0.0825627
0.0818007
0.0324715
0.07991
0.126002
0.135641
0.0988318
0.0787126
0.0804269
0.0925612
0.0417437
0.0594917
0.117753
0.0209668
0.0407122
0.0925513
0.0775342
0.108059
0.0859744
0.107859
0.0801591
0.115526
0.0329515
0.0525509
0.0622034
0.0976642
0.0384657
0.109998
0.0218222
0.0564132
0.148235
0.0584357
0.0817783
0.0787354
0.0772864
0.112047
0.0438317
0.0481329
0.0419669
0.109985
0.106129
0.0606274
0.0619854
0.039315
0.0701963
0.0801194
0.08592
0.0566419
0.111153
0.0218894
0.0388161
0.114035
0.0642042
0.112649
0.0282384
0.0651828
0.0720821
0.0147067
0.0117489
0.0508251
0.0675674
0.126536
0.0432253
0.108051
0.0635318
0.0991349
0.0452414
0.045329
0.112988
0.101739
0.104229
0.0821864
0.121579
0.0355456
0.109918
0.0884348
0.0768893
0.0842797
0.105355
0.109501
0.13619
0.0536775
0.0932577
0.0643401
0.0728465
0.124561
0.103756
0.0399063
0.116796
0.112762
0.0635039
0.117072
0.070949
0.117322
0.120943
0.11392
0.074836
0.0389856
0.125593
0.0513784
0.0866781
0.0824154
0.0830629
0.0287782
0.0394482
0.118032
0.0131984
0.087572
0.12327
0.0763734
0.139866
0.0624879
0.0217723
0.0380718
0.0365315
0.0403616
0.0238928
0.0759149
0.0408662
0.0347354
0.0692156
0.115093
0.0774721
0.100383
0.11217
0.122913
0.0951263
0.0351203
0.12186
0.0767571
0.0829123
0.0990876
0.0573674
0.012714
0.106091
0.0660242
0.094139
0.093912
0.106973
0.0663427
0.136483
0.0579435
0.0333312
0.117566
0.0742568
0.0722803
0.107517
0.12286
0.0660814
0.0458122
0.0144837
0.0854849
0.128455
0.11268
0.0952419
0.0260498
0.110414
0.0946223
0.0318303
0.104799
0.077525
0.117607
0.0643489
0.109218
0.112045
0.0999147
0.012427
0.111428
0.0423017
0.0567215
0.123539
0.0857734
0.112703
0.0376824
0.123856
0.0996213
0.0399712
0.0984278
0.0201915
0.116966
0.0549879
0.0398564
0.121084
0.100506
0.0946901
0.117647
0.0788995
0.106676
0.0777116
0.0902428
0.02396
0.0797487
0.0834966
0.115433
0.036245
0.102421
0.107223
0.100137
0.0804032
0.0792524
0.0873914
0.0709654
0.020715
0.105924
0.0723451
0.0951882
0.0187698
0.052528
0.0493956
0.0623559
0.0771497
0.101748
0.0514599
0.105235
0.0758751
0.102896
0.0612946
0.099433
0.0498306
0.106566
0.11223
0.101493
0.101444
0.0598993
0.112194
0.115105
0.110771
0.115534
0.0720072
0.110128
0.110066
0.0223365
0.107455
0.0920127
0.132505
0.112106
0.0512048
0.0187026
0.0311725
0.090566
0.0789985
0.116593
0.12504
0.0559118
0.0981132
0.0207189
0.10489
0.109091
0.127941
0.0129551
0.0367548
0.0896012
0.102477
0.0969185
0.112134
0.111504
0.0391123
0.106904
0.105109
0.109229
0.089252
0.100346
0.0949698
0.0533059
0.0679922
0.102676
0.0915394
0.082175
0.0514205
0.077125
0.0683612
0.0965897
0.0716193
0.0947947
0.093993
0.0992855
0.0503868
0.0774914
0.103368
0.0983848
0.0629535
0.0400932
0.0764632
0.107949
0.0337007
0.0454422
0.0530582
0.0600898
0.0912297
0.021339
0.0679596
0.0963963
0.0468426
0.0932249
0.097911
0.100783
0.0728362
0.10152
0.0834247
0.106741
0.101432
0.0307734
0.0882105
0.0605244
0.0687904
0.0508908
0.0509344
0.095106
0.0855435
0.0529087
0.102971
0.0805293
0.0376314
0.0544762
0.0619673
0.0300066
0.116871
0.110409
0.0111919
0.0881553
0.11379
0.075778
0.0147969
0.0996002
0.0622984
0.100407
0.102456
0.108218
0.0850014
0.117034
0.0613671
0.0977031
0.0983794
0.0390229
0.0202839
0.0331537
0.0860829
0.0461354
0.0713927
0.0697186
0.0430822
0.0965397
0.103733
0.0867439
0.040285
0.0635976
0.0833725
0.088716
0.0156039
0.0705136
0.0984131
0.104968
0.101475
0.0805106
0.100081
0.0645293
0.0961973
0.0776706
0.0825831
0.0202215
0.0975852
0.0863648
0.109719
0.0842196
0.0854226
0.0203406
0.114351
0.0450288
0.0701873
0.0120682
0.0657109
0.0737311
0.102951
0.0533392
0.0158934
0.0346593
0.0564879
0.114517
0.0512935
0.0412753
0.0695352
0.0542175
0.0637452
0.0211456
0.106376
0.0326803
0.043899
0.097784
0.0936678
0.0849125
0.0657796
0.0222002
0.106036
0.0688125
0.101261
0.080607
0.111499
0.0946708
0.0998177
0.106716
0.0128799
0.0578862
0.0131011
0.0975321
0.011366
0.0632684
0.111528
0.105479
0.090524
0.0934254
0.0967006
0.109219
0.098793
0.094716
0.0552393
0.0108283
0.097999
0.111333
0.0338719
0.107708
0.106144
0.0627422
0.01033
0.0348267
0.107978
0.0893953
0.0958427
0.0848991
0.0292013
0.0902595
0.102129
0.0966288
0.0920604
0.103502
0.0711102
0.102361
0.0890405
0.0508504
0.109198
0.022492
0.0783463
0.0985074
0.0869162
0.117204
0.0545656
0.0102614
0.0940286
0.102839
0.107459
0.0311289
0.105098
0.0844247
0.0735337
0.0673461
0.0448873
0.086134
0.0676398
0.0953438
0.0594962
0.0610431
0.0673122
0.0949475
0.0889303
0.0388435
0.0931508
0.0328838
0.0269056
0.0691699
0.074053
0.0917028
0.0897565
0.0807723
0.0130551
0.0570749
0.0924813
0.0105305
0.0334162
0.083479
0.0865351
0.0299099
0.0355338
0.0678546
0.0343207
0.0548295
)
;


// ************************************************************************* //
