/*--------------------------------*- C++ -*----------------------------------*\
| =========                 |                                                 |
| \\      /  F ield         | OpenFOAM: The Open Source CFD Toolbox           |
|  \\    /   O peration     | Version:  v2012                                 |
|   \\  /    A nd           | Website:  www.openfoam.com                      |
|    \\/     M anipulation  |                                                 |
\*---------------------------------------------------------------------------*/
FoamFile
{
    version     2.0;
    format      ascii;
    class       volScalarField;
    location    "850";
    object      omega_0;
}
// * * * * * * * * * * * * * * * * * * * * * * * * * * * * * * * * * * * * * //

dimensions      [0 0 -1 0 0 0 0];


internalField   nonuniform List<scalar> 
9793
(
0.0224391
19.402
0.0219385
2.56199
0.0222596
0.224953
0.0830462
4.024
0.0222493
19.1225
0.0221966
0.0221873
0.0219191
2.02713
0.0218184
0.0285329
0.0567308
0.021933
1.8299
0.021564
0.0216432
0.0222916
2.63804
4.09684
2.23289
0.026921
0.0221006
0.0222619
0.0215742
0.0829653
7.0442
0.559199
0.0220142
0.0219471
0.0218723
0.0307787
0.0256869
0.0251615
1.31289
0.0326853
0.0714904
8.16987
2.86531
0.0222716
0.0219633
0.0220436
4.86169
0.0222842
0.0217658
0.0219404
0.0304959
0.0218543
0.0412001
0.0222684
0.033642
2.12076
0.0219284
0.107227
0.021773
0.0222914
0.0273105
0.0953037
0.0219536
0.0406021
0.0219641
0.0221617
22.4633
0.0249316
0.0263731
2.05978
0.0219894
0.106043
3.80445
3.55748
2.64398
0.0222623
0.0465106
8.66009
0.0219843
0.0222704
0.0500585
1.73758
0.055133
0.0242192
0.0264092
0.234139
0.022261
0.0830462
1.32207
0.0913659
1.80802
1.72299
1.7997
0.0428625
2.68112
0.0219058
2.94022
0.0531094
0.0253703
0.0222684
1.36536
0.038782
1.9797
0.0219684
2.15534
7.20359
3.79282
0.0218801
0.0219884
0.0222834
0.0222334
2.15749
3.14574
6.77649
0.0219659
0.0221136
0.0253219
0.022052
1.78136
0.0220293
1.88418
0.0883244
4.10555
0.0470881
0.0257322
0.0220348
0.0643217
5.47519
0.583465
0.837607
0.0245928
0.0218057
0.0223307
0.0239132
0.0292167
0.155684
3.49814
0.0253894
0.0222735
0.0657945
1.7464
0.0296011
0.0219473
0.0669048
4.79533
0.540821
0.0220352
2.80488
0.021802
0.0220294
0.0220722
13.9125
0.0248312
0.0220935
0.0219264
1.48701
0.0607177
0.0219484
1.1283
0.0219227
0.0772529
0.0247349
0.0216499
0.339865
0.0222289
9.23973
2.00904
0.0224891
0.0218813
0.0222171
0.0219656
5.59974
25.0401
1.54708
0.0219125
0.208164
0.132666
0.708377
0.0219697
0.0248786
2.408
5.86863
0.0997957
0.0220365
0.022074
0.0218746
4.61974
3.78409
18.3274
2.03605
0.0220663
23.8922
0.436813
0.0256241
0.0218196
0.0235027
2.01777
0.0215994
0.021931
0.0222039
0.022015
0.021648
0.0320573
0.0264876
1.57973
0.0219374
0.0295853
0.0224871
0.0224063
0.461033
0.0623581
1.81706
0.0216361
1.85279
0.024227
0.0529416
0.021829
0.151788
0.0221223
0.0514925
0.0569003
0.0216503
1.54195
1.69553
0.0408741
0.0218918
0.0577263
1.93508
0.0506257
0.0514278
1.46514
0.180168
0.0496925
0.0415159
0.375627
0.0216196
4.70939
5.7723
0.0216049
0.0222222
8.14817
0.021908
0.0222312
0.137423
0.15095
0.0221467
0.0249446
0.0308949
0.0388129
0.0250949
0.0219754
0.0453869
2.82091
0.0216466
1.60784
0.0222618
0.0221702
0.0216637
2.04879
0.0219795
3.52894
1.79736
0.0221041
0.0221318
5.67716
0.0218704
0.0222395
0.021829
1.67896
0.268069
0.0251972
0.412106
0.098553
1.96237
3.94579
0.0225151
13.6809
0.0222641
2.04556
8.60039
1.38584
1.93425
0.170836
0.024644
0.0506086
0.0259207
0.0218612
0.0226314
0.445758
0.0270988
0.0221401
0.0222838
0.0216336
0.021685
0.0216492
2.49625
0.0218707
0.0218028
0.0218959
0.0219211
4.78365
0.521723
0.0664459
0.0229777
0.0669693
0.0220186
4.22404
10.0736
0.0219738
2.03124
0.0380147
0.021958
29.4229
4.15216
0.0220223
0.0475738
14.5608
0.0221755
0.03443
0.0218049
0.0222728
2.37949
0.0418743
0.0219566
0.0220235
0.0228364
0.163883
3.17549
0.0219428
0.021874
0.0217917
6.23787
4.45263
6.05902
0.0216124
0.0442215
0.0351668
1.88166
0.0773458
0.0216178
0.0216822
0.0217921
0.0494362
0.0221061
5.10573
0.0220896
0.0217826
1.90918
2.4127
1.6738
0.0217628
1.34456
0.0250417
4.15839
4.63416
1.53834
0.0238838
0.0337187
3.61262
1.686
2.07451
0.0267429
0.0222633
0.0256325
0.0217273
0.021855
0.0220783
0.0220832
0.022292
5.846
0.0222064
0.0643796
0.0324538
5.81074
0.0216117
0.024328
5.52407
0.512902
2.15152
0.0747567
0.0217857
0.0239839
0.0219424
0.404899
0.0215685
1.62605
0.15016
0.083279
5.02239
2.3894
0.0221377
0.0218912
5.11469
0.3742
0.0219354
4.23969
0.0221317
0.0221758
6.44606
0.0216344
0.108453
0.0216302
2.1141
0.0220948
0.0222462
1.87875
0.100144
0.0671035
0.0256491
0.0220757
0.0218383
3.70356
0.0528879
0.0215868
0.0221946
0.0350815
0.0351433
0.0667421
5.74975
0.0221955
0.0219437
0.378257
0.0220821
2.43827
0.675823
0.0220659
0.0220193
0.0225876
0.0221169
0.0217756
1.37655
0.0519453
9.23598
0.029292
0.0239926
0.0472791
0.0248604
1.65368
0.0265176
0.0222677
0.0249686
0.453574
0.0219548
0.0219272
0.021993
0.0215713
0.0219894
0.0218207
0.0220455
0.0221578
0.0229948
0.0258613
0.136782
0.0219805
1.56155
0.0259297
0.199221
4.7927
0.0218711
1.99845
0.0816571
0.0218311
0.0215722
0.021955
2.23382
0.0994824
0.0215685
0.0221211
0.0221972
0.0686402
0.146301
8.01959
0.0219774
0.0219277
0.0320243
5.49701
1.36927
0.0238602
0.0238899
1.63019
9.10718
1.07103
0.0222224
0.0217942
1.46872
0.0219104
0.130729
6.02444
0.0215749
0.234211
0.0282596
1.35955
0.021839
1.64029
0.333734
0.0277721
5.47392
0.0219087
1.64287
0.0220957
0.0218875
0.0222229
0.0219482
2.22665
0.0219006
0.0217502
0.0229353
0.0216218
0.0217947
0.0473109
0.0229356
0.0395509
0.0220351
0.0220393
4.13765
0.0773088
0.023803
1.57259
0.0252705
0.0222471
0.0219838
0.0217746
7.66195
0.0217395
0.0220694
6.94424
8.43222
0.0396809
0.0219269
0.022284
0.0222627
0.0222407
1.65279
0.0222358
2.31289
0.0251839
1.9327
0.0222618
15.4138
0.0223002
0.210595
0.0219173
0.116759
4.14216
0.0221042
6.74684
0.0219032
0.0222182
0.0216321
3.05684
1.64728
0.0219624
0.0292966
0.021735
1.67899
0.0218565
0.0461597
1.52712
0.0254453
0.0220269
0.0461568
0.0222451
0.0223356
0.0218102
0.12861
0.0219574
1.67854
0.0220529
0.0221295
0.0461184
0.0754783
6.51772
0.0217873
14.0352
0.0218855
0.187702
0.0219213
0.0224271
0.0219059
0.0220508
0.022268
0.199876
0.0499354
6.56414
0.112569
0.035774
0.0348187
5.06569
0.0242983
1.64613
2.86945
0.241276
11.8071
6.36485
0.168787
0.0223475
3.23614
0.0457991
0.0222963
0.32292
0.0222509
0.439932
0.0365317
0.287589
0.0279267
2.10791
3.4398
0.0430829
0.261324
0.0222159
0.573996
0.0229568
0.0219207
0.0220842
0.0242026
0.048892
1.39907
0.264996
3.96613
0.023921
0.0236161
1.36226
0.330864
0.0235505
0.0681245
0.0224321
4.78239
1.93945
0.0220601
0.0664274
0.247114
3.45616
0.0219591
0.0260909
4.3055
0.0312282
5.22932
0.119297
5.78119
0.0260186
0.024423
0.0219768
0.0219256
2.99385
0.0222841
4.3294
0.136747
0.080961
0.0222595
0.0222237
0.0243516
0.0222586
0.0218357
0.021911
0.103496
2.33675
2.34294
0.0222796
0.305682
0.0219524
3.43133
0.054294
0.0479985
0.0347466
0.288193
0.0217504
0.022063
0.0436752
0.0219098
0.0222047
0.0654174
1.52578
0.0216471
2.18518
1.36592
0.0253503
2.19865
1.3779
0.0218429
0.0577126
0.0295587
0.0220557
0.0216267
0.102459
1.38332
3.64111
0.021973
0.0220177
0.021673
0.025878
0.0229697
0.0240348
0.63096
0.0540044
0.0221517
8.8251
0.0321722
0.0339857
0.0221527
16.7645
0.0244262
0.0219198
0.0831118
2.12384
0.0215946
0.0220513
0.021949
0.0270104
0.0217459
0.0438875
2.55258
0.0222318
0.128029
0.0232777
0.0220863
6.5689
2.35924
4.07829
0.0220771
0.0216104
4.15051
0.0261267
4.9728
0.0215711
0.0219046
5.99697
2.18331
0.0314581
0.119962
0.0643902
0.0218887
0.0222717
0.0219944
2.3878
0.0220574
0.0222928
1.55901
0.027767
0.288493
0.0331939
0.0219376
2.13918
0.0222679
0.0219147
0.021981
0.0310277
3.4389
0.0221621
0.0219729
0.0219078
0.0218961
0.021944
0.021989
12.5302
0.0321181
0.0229088
0.022111
0.0321398
0.0647887
0.028415
0.0288127
0.0222839
0.0216661
0.0235814
2.01336
2.85739
0.0237686
3.61954
0.0222152
0.0255755
1.08025
2.09667
0.0218102
0.0221804
0.370464
0.0576423
0.0219089
0.0222484
1.65976
0.0222681
0.0711375
0.0220145
0.595178
0.0222473
0.0223325
0.0221274
0.032035
0.022197
0.0247469
0.0263211
0.162317
0.0218652
0.0220003
0.0222498
0.0218822
0.0223033
0.0220737
0.0326691
0.0221119
0.060734
2.37297
0.0459429
0.0681932
0.0222018
0.0218098
6.01631
3.2214
0.0216165
2.11949
6.70967
0.0216169
0.0219687
0.0218787
0.0957929
0.063188
2.15154
0.0218591
0.0256224
0.0218616
0.0223253
0.0223169
0.0854722
0.0222727
0.240289
0.0220949
0.057982
0.0218957
0.0232473
0.021916
0.0463792
0.0619332
5.86154
2.65728
1.99816
0.0530998
0.0219041
2.75256
3.40661
0.0725778
0.0221574
0.0220866
2.09362
0.0218712
3.1009
0.0216376
0.0327097
0.0223746
0.0222698
0.0218171
7.44551
2.26249
2.86545
0.0742575
4.79273
0.0219531
1.91888
6.99828
0.0222705
0.0221094
0.0217303
6.14194
0.021568
3.70585
0.0328252
0.156833
0.0223538
0.848285
6.6631
1.76732
0.0299298
0.0342174
0.0220412
17.0633
0.0215508
0.6724
0.24528
0.0688934
7.02857
2.14416
0.0245829
0.0236678
0.0219506
0.130617
4.0045
4.78908
0.021745
3.86001
0.0277274
0.150868
0.132564
1.55562
1.65623
0.0216749
0.0263163
0.0337304
0.0251572
0.0247107
3.04787
0.0221968
8.84228
0.021789
0.0216509
0.0795252
0.133494
6.0467
0.0228778
19.627
13.427
0.631318
0.0270744
0.022233
0.022879
0.0222269
0.0219188
0.775319
4.8667
0.0222794
0.0219219
0.0357418
1.68639
0.0264385
0.0219288
0.439889
0.021941
0.0222749
0.021561
0.0721674
0.0220312
0.0262447
4.35886
0.0643458
0.0223548
4.18061
0.132511
0.0219363
0.0234555
0.0364021
0.0222624
0.0219675
0.0217646
11.2153
4.29069
0.0222648
0.03846
0.0367763
0.570471
0.0219557
2.02157
0.0218637
0.021753
0.72365
0.409453
0.0724438
0.0220525
0.021896
4.8929
1.37772
0.263169
2.75435
0.022104
0.0244808
0.0220178
7.53086
0.0244239
5.42725
0.0227863
0.0219796
0.0242933
0.0216828
0.0218777
0.0645317
0.0217806
2.01674
0.0218291
0.0222181
0.0215821
0.0261936
2.08852
2.74045
0.0623617
4.90591
0.0219832
0.0365552
0.0238785
5.94498
0.0219009
0.0216597
2.09038
0.035187
0.0332199
0.0221127
0.739814
7.84956
1.58822
0.0221655
0.0349299
1.00891
0.0356304
1.08765
0.128487
0.0817531
0.0217962
0.0226324
0.0723457
0.0776237
0.0219903
0.129373
0.0217382
0.0221829
0.0223166
0.021777
0.021909
0.021991
0.831023
0.0263512
0.0232694
0.0470417
0.021752
0.0219301
0.0393613
1.80739
0.0858604
0.0632797
2.90095
0.0222339
6.79336
0.029862
4.89071
0.062039
0.0222018
0.0222243
0.0240281
6.79042
1.74703
0.0516902
0.148761
0.0216613
0.0219099
0.0222478
0.022201
6.88112
0.0266685
0.0220565
0.170906
0.32492
3.87462
0.0230074
2.00251
0.0570184
0.0444182
0.0364954
0.470134
0.228548
0.0223211
1.68756
0.866345
0.0394956
1.52194
0.0505586
0.0223856
0.0222638
0.0219157
0.0232713
0.0274451
19.4953
0.0576112
0.0218732
0.375055
0.0220057
3.70862
3.40508
0.021959
25.9151
0.0218259
0.0217756
0.0221482
1.76888
13.5307
0.0565205
0.031666
0.0217603
0.524522
0.0222313
0.0320292
0.0220922
0.0221694
0.0219841
3.45339
0.0228931
0.0426582
0.029552
0.0222114
0.356617
0.131023
0.0393855
0.0256958
0.024453
1.45732
1.88019
0.0219743
0.0217758
0.0219707
0.0226846
4.54818
11.3537
0.202685
0.0259613
0.0217852
5.73304
4.27357
0.022267
20.6196
0.021713
0.088029
11.8882
0.0217432
5.47941
5.7503
0.124044
5.60607
3.82171
0.0218492
0.0227572
2.37284
1.36669
0.022618
4.31069
0.0255866
0.021908
0.0222738
0.0236631
0.0441508
0.0260473
0.306504
5.71695
0.244209
0.0347133
0.0220791
0.0610006
2.27008
0.0217687
3.51545
0.0494128
0.0222197
0.0249049
0.0222414
0.0222269
0.0319629
2.28699
0.0227632
0.0217916
4.57369
1.48898
0.0832177
0.0222611
0.0590167
0.0219307
0.0219328
2.64353
9.78228
0.0219229
0.0214939
1.78863
4.0103
0.0501157
0.0222903
6.74057
0.0230362
0.0219297
0.0246014
0.0219338
0.0216551
0.0216226
6.93888
1.90705
0.0262644
1.74268
0.0516531
1.3609
5.04198
1.43665
0.191325
0.0219428
0.0222384
0.0225172
0.0219937
0.0746906
0.0218833
0.111665
0.0308896
6.41886
0.0220492
1.50537
0.0367853
4.07205
0.0219265
1.72123
0.0334183
0.208718
0.289921
0.0322095
0.0216194
5.1811
0.0603653
1.36417
0.0216118
3.60513
0.0220295
3.74736
0.44334
0.0437909
0.021924
0.022089
1.55591
5.92246
0.0356661
0.021589
5.55785
0.0851342
0.0493656
2.43721
0.0815925
0.0219306
2.69794
0.0219199
0.0375595
0.0216409
9.85838
0.0216484
0.024182
0.434476
3.97885
0.0222218
0.070002
0.0253558
0.0775095
0.0218815
0.309349
0.0235539
0.0643534
0.0219455
0.0219866
1.86586
0.0311112
3.73745
3.29499
5.46119
0.0228157
0.021665
0.0217762
0.0266717
0.040555
0.0337834
5.53533
0.0240096
4.6076
0.0425841
0.022281
0.021978
0.0826343
1.32845
8.03661
0.0219108
1.53273
0.0218647
3.37385
1.53684
0.0529549
0.0219972
0.0217507
0.0451336
1.94105
0.0247776
0.0222685
0.0245018
0.0491899
0.0232925
1.29103
1.77858
3.85446
0.0221563
0.0275375
8.11288
0.0221866
0.0634503
0.0218328
0.760332
0.0370242
0.0219511
0.0440141
0.184785
0.0220319
1.9474
0.0219172
0.154569
0.23684
1.55705
0.323777
0.0221664
0.022234
16.6693
0.0221928
0.0405458
0.097786
0.0240123
0.0215411
8.44086
0.0250507
0.405478
0.0239072
0.0666587
0.0226323
0.440376
0.0254999
0.0253586
1.87455
1.059
0.0220909
0.0222729
0.157801
1.48481
1.90637
0.699671
0.0326205
0.0219272
0.0218045
1.40469
0.0221386
3.66111
0.0981341
2.60743
0.022107
0.0217192
0.021795
0.0460053
0.0568951
3.6432
1.51271
0.896737
0.341264
0.0216048
2.38995
0.0232291
0.0776805
0.0232789
0.0430006
0.0618303
0.0219282
0.0215764
0.0771595
0.0216393
0.0404978
0.0713511
2.92195
2.69389
0.045133
1.37047
0.0217633
0.021658
0.0220748
0.198612
0.0617319
0.0488332
0.112063
6.80799
0.0400711
0.146462
0.02184
0.0221575
14.611
0.0219864
0.274316
0.0214739
0.0218612
2.62962
0.322803
0.0218625
0.0831835
0.522317
2.1945
2.26062
0.0255682
0.0830856
0.0580924
7.85277
0.0221061
3.18041
4.79839
0.0238619
0.0276866
0.0216166
0.479005
0.0217844
0.0219846
1.76793
0.0223008
0.0215727
0.197349
0.0727089
1.41239
1.43597
3.37993
1.88943
0.0216433
0.021911
0.0218664
0.022205
7.4641
0.0221357
1.67848
0.0232039
3.68688
0.0246763
0.0221469
0.0216815
0.0222697
0.0308302
0.0221461
0.0215302
0.902815
0.0218204
0.061982
0.0225305
6.36967
0.0246945
0.0220789
0.0220308
0.0579357
0.0219083
0.0217624
0.0220903
0.0222146
0.0254577
0.0218542
0.0236693
0.0320857
2.64632
4.13434
3.86828
2.26718
0.0217683
0.0220058
0.0219275
0.0214373
0.021934
0.0217359
1.08456
0.0218589
0.0222516
0.0220694
0.0220451
0.0219943
4.96404
0.0249873
0.0219739
18.5087
0.0501717
0.021712
6.39641
6.30164
0.0220215
0.410124
0.6318
0.0220876
0.0469297
0.0241285
0.0215595
0.0279475
0.0220758
0.0484801
0.0220133
0.0222471
0.0217469
20.6216
0.0314444
0.0460643
0.022033
0.0222651
3.47434
0.0260171
0.0220376
0.0242353
0.0247221
0.0222518
0.246862
11.6357
1.24315
1.79728
0.22694
0.0381149
0.0222597
11.9399
0.157952
0.022914
0.0650574
0.0222931
0.0218995
0.0222461
3.09412
0.0470533
0.0220008
0.0220442
0.205647
0.0217308
0.406415
0.0219639
1.77038
0.253944
5.85512
0.02208
0.0233322
0.0323143
0.0362143
0.0223554
0.0397162
0.0868561
6.31899
0.0220236
0.540051
6.10634
0.0215773
1.39501
0.0441959
0.3796
0.106395
0.0219211
0.0284197
0.0455753
0.0216848
0.0259306
0.0215464
4.53978
1.77143
0.0331093
0.0218291
0.14826
0.0773534
2.78108
0.264845
0.0236205
0.0306207
0.0219496
0.0219312
0.0456834
0.0529341
18.7981
0.0218164
0.500119
0.022669
7.65804
0.176999
1.69079
0.021601
0.0230462
1.99033
1.74453
0.0436683
2.22383
0.0232795
0.217468
0.0219151
0.0218549
2.54808
4.24571
0.0259412
0.0220951
0.0754197
2.14361
0.191201
0.0664444
0.0217732
0.0220164
0.0217167
2.34877
4.0047
0.0217669
0.0515849
2.02502
0.0780041
0.25907
1.57959
5.31321
1.86385
0.0217869
0.0231265
1.41418
0.0218916
0.0498127
1.51379
7.85387
0.0235252
0.0306999
5.03727
0.652972
1.97138
3.39998
1.34601
1.41699
0.0221117
0.0216212
0.0219916
0.0228661
20.2539
0.0558021
0.374683
0.443001
0.0567801
0.022018
3.37209
0.0217303
0.0338089
0.0219234
0.0413601
7.34268
3.05136
0.0220715
0.0216086
0.0464314
4.04987
0.179311
5.65185
0.045619
0.0221057
0.0834845
0.0214721
0.097656
0.032471
0.0219137
4.0063
0.175637
0.484357
0.0588404
0.0223271
0.0215948
6.83892
0.0254961
0.0216249
0.0221453
0.0222558
0.0216828
5.12036
8.79433
1.74092
1.37903
5.1199
0.0247732
0.0219453
3.09947
0.0252744
0.115687
4.66825
0.0218682
3.68829
2.52299
0.0625709
0.034275
0.87898
0.023299
1.81809
0.0387697
2.00314
0.0218219
0.0230294
0.0415742
3.33933
0.117699
0.0691559
4.3334
1.93305
0.0728558
0.180936
3.23647
0.0247825
0.395406
13.0657
0.0367432
0.0626225
1.991
0.0365401
0.0374298
0.0221045
0.0406988
0.0443142
0.0576445
0.0220901
6.17376
0.164023
1.84342
4.65787
1.91314
0.0403695
1.56199
6.01189
0.0218481
3.71223
2.50365
7.85903
0.0284125
0.0243954
1.98788
9.46419
0.0216198
0.234164
0.0217533
0.0219107
4.27647
0.0256219
2.1938
1.61165
1.52235
6.94371
0.0216211
0.0392565
0.0220067
0.0218453
0.118453
0.0627318
0.0280397
2.71744
1.74208
0.0222729
0.0276695
1.324
0.024036
0.365367
0.0486151
1.32396
1.31586
0.611356
6.10225
6.41229
1.75867
1.33206
1.49854
0.0352894
0.0254448
0.115044
0.115975
2.00482
6.98593
0.0221323
0.0227297
4.51283
2.27508
0.0258725
4.25106
0.0219333
0.852111
3.00425
3.4401
0.0219246
1.68078
1.44114
0.0273451
0.0352989
3.93017
3.46755
4.09066
2.62607
0.0220234
8.67916
1.51582
0.0411545
0.209415
0.108516
0.0217351
0.0278221
3.47458
1.56238
0.0252414
0.0221715
1.81595
0.0901747
1.58354
0.0760027
1.93771
1.36507
0.0219924
8.89466
0.0222852
0.034186
0.0220847
0.0218558
0.0217042
0.0384463
0.26708
0.021498
12.5368
0.08968
8.66862
5.90029
1.92401
0.0219107
2.88636
1.56406
1.90033
0.0350757
0.0219279
4.03166
0.358176
1.47337
0.0563446
0.023576
0.0216871
6.38998
4.91672
0.0339888
11.882
0.0313968
0.0222272
1.42572
0.0551587
17.4754
0.0219654
0.0328577
1.60667
4.00621
1.33578
0.57987
1.31363
1.59584
8.80711
0.0220502
7.48925
0.0483295
0.0218381
0.0215631
0.0219281
4.69867
0.0503078
1.31865
1.38654
0.043467
0.160855
0.103206
2.34539
0.293716
4.22225
4.29279
1.31604
0.0853046
0.0216619
4.88843
0.0567293
0.134971
1.38625
1.72695
1.6647
0.0220948
0.0246851
0.0487414
0.0220608
0.022031
0.0287718
1.34322
0.0315731
0.0265074
1.39899
0.0916038
0.724869
3.58831
1.4113
0.399364
1.42898
4.2236
2.03286
0.063616
0.0337367
0.0221277
1.31905
0.106918
0.245153
0.0641892
0.0614748
0.0214566
0.190886
4.39579
0.0285029
0.0215861
0.0235396
7.95842
0.0218762
0.0220277
0.0644206
1.43965
0.0314239
0.0552451
0.168929
0.0308426
0.069519
0.0218666
0.0219848
0.042728
0.283227
0.0222777
0.0322699
0.283125
5.00636
0.0221446
8.65078
0.0218998
1.38042
0.0233487
0.0235394
0.021555
0.177021
0.0400459
5.22371
9.9042
0.0685009
0.0221621
0.0220428
3.47416
6.68929
0.021872
0.227134
1.42886
0.054849
0.0783956
0.0214358
0.0227862
0.0219254
1.44557
0.0445125
0.0220522
4.6232
0.0224252
0.058787
0.369841
0.0217366
0.0973339
0.0624543
16.7393
0.0224588
0.0264744
0.0235222
0.0565333
0.0214122
0.0219059
4.12157
0.297272
0.0783375
0.0219246
1.39425
0.0224176
0.0224277
0.0219589
0.447414
4.54627
0.0242033
6.55953
3.01844
0.0657641
2.93119
8.6365
4.28453
8.78917
0.0625765
0.0773077
0.210873
0.0501503
0.021952
0.0304922
0.0325728
5.42042
0.0220809
2.05715
0.0219797
0.415212
0.091922
0.0229923
0.023123
10.3499
12.3329
5.4795
1.53199
0.021813
0.0841994
3.80342
0.0274105
8.83118
0.041457
0.112093
1.33659
0.0394886
0.0219949
0.123002
0.145937
0.0219197
1.40031
0.795192
0.0217094
0.0222391
0.0221213
0.0220115
5.09631
0.0220907
0.049836
0.0220269
0.0225607
0.0327475
0.0219422
1.50483
0.0878483
0.022201
0.0216309
0.112921
0.0237873
0.0568215
6.21227
4.21404
0.0539997
0.284948
0.0409894
0.0215954
0.145255
7.84366
0.0387155
1.3508
5.03297
0.0764573
0.0398567
0.0305524
0.0696442
0.0385397
4.11595
0.0221144
0.0222265
0.0218661
1.59316
9.62953
0.0363614
0.125221
0.0219252
0.0285576
0.139284
0.313564
0.0219182
0.0607601
1.37715
0.0886023
0.0219924
0.0219335
18.0695
5.02769
0.021936
0.549898
0.0343255
0.215851
2.53723
0.0218618
2.94772
0.0319181
0.0220256
3.04124
0.212294
0.0219228
0.0221624
0.323989
0.0217802
0.0220438
0.186081
0.0425429
0.0465108
5.33956
0.0260542
0.0504545
1.35698
0.0218593
7.20872
3.82163
0.0259199
0.0727056
0.202942
0.0219833
0.172642
0.0214734
2.20872
1.48184
0.0220061
7.37072
4.69906
0.0219452
0.0219456
0.558647
0.0452613
1.63515
1.53711
0.0220957
0.0450581
4.42377
0.0229508
0.0556597
0.0831588
0.0342407
3.34362
0.249285
0.0238467
0.235202
8.56192
0.0463117
2.87718
0.0219136
0.0215524
0.0222673
0.0429342
3.27178
0.0220661
0.038445
12.3524
2.31959
0.0222175
0.0306215
1.88552
1.47819
0.0222245
6.99705
0.0361677
0.0882666
0.0376497
0.0232675
0.0268784
0.0219671
0.0219637
4.50625
0.0219351
0.0526773
0.0219847
2.87583
0.0238336
0.024613
0.0215922
0.0243204
0.0219854
0.0436299
4.77648
4.95676
0.0391459
0.0430731
0.0219688
0.0319021
0.0549052
1.89101
4.42558
0.0218325
1.03175
0.0220251
2.50906
1.40158
4.5285
0.0218292
0.104817
0.0806085
4.36199
0.229717
0.0218488
1.92651
0.331927
0.0381933
4.63479
0.0223337
0.022011
0.0399302
2.18935
0.0219288
5.46662
0.0344826
2.40994
0.090613
0.0224777
2.07209
0.0286387
0.0221222
0.488431
0.0219722
2.73056
8.19377
0.188162
0.0277901
0.158244
0.0219376
0.102157
0.0459854
8.28445
0.022031
0.0216369
0.027337
0.030418
0.0485503
1.73039
3.41337
0.0362593
0.243398
0.0218091
3.14491
7.67281
0.172367
0.0219243
0.02226
0.0235883
2.86154
0.0220754
0.0277022
2.41294
0.0971395
0.0219944
0.262735
0.0891506
0.0219903
0.0255639
0.117527
1.53065
0.0694605
0.0444814
1.42852
1.52975
4.55026
0.0270639
0.0221338
0.0247564
0.0247985
0.136379
0.0604005
0.0294571
0.0879815
3.25951
0.0241924
0.0219972
4.29415
0.28334
1.81914
0.214669
0.026113
0.0238168
0.0237988
0.0217713
0.021889
0.0485867
0.0215578
0.0229926
0.0220606
0.0230742
0.0237308
0.0219497
0.0389503
0.0425037
0.0221922
0.0219373
0.0221196
0.0227882
0.0223676
0.277393
0.0220579
0.0235137
1.33805
0.0217156
0.0233838
0.0222751
0.0288723
4.31184
7.52918
2.48383
1.91605
2.14414
0.244711
0.0218736
0.0605415
0.0220347
2.55637
0.0235462
0.0297353
0.0221964
0.0578265
0.0219615
0.0331962
0.0217851
2.78355
0.161286
0.0220799
2.58846
2.0115
0.0222879
0.115393
0.0219525
0.0216007
6.58337
0.0222362
0.0669949
0.189648
0.0221055
0.0215611
0.0746379
1.45135
0.0251733
0.0239132
1.51141
0.0219452
3.39296
0.0531377
10.5401
0.0216725
1.4702
0.0219227
0.0222031
0.310648
0.0628038
1.85229
1.59819
6.06298
3.0554
0.235347
0.133099
0.0220471
0.168001
0.0221231
0.0218225
0.0974576
0.0219096
0.0219853
0.0216081
0.0216128
0.0669399
3.67137
1.4409
0.351665
1.7238
0.0240396
0.0306115
0.0231545
0.0228335
0.0831415
0.0220598
0.0217741
0.0218135
0.0241997
0.0232342
0.188961
0.102593
0.048084
0.0221099
0.0550001
0.0566902
1.60055
4.48919
0.0253524
0.043047
0.022089
10.348
1.97138
0.0219214
0.0219355
0.0248456
0.0222129
4.61082
0.435009
3.84962
0.0221345
3.12451
0.0221282
2.56881
0.0533934
0.0218127
0.0288194
5.04194
0.0271295
0.0286572
0.0327187
0.083857
2.87121
0.0218136
0.0219172
0.0282734
0.439983
0.0218656
1.78425
3.40545
0.0219661
0.0214303
5.59052
0.0783425
0.0219253
3.77168
12.4674
2.21886
3.67358
0.0298339
1.90437
0.0220727
4.016
3.34361
0.7245
0.0782904
0.0241803
4.54157
0.0253283
0.0218689
0.0214551
1.63411
0.0216363
7.94738
0.0229246
0.0221805
0.0251959
1.37715
0.0242005
0.022941
0.022074
7.23512
4.03
9.92385
1.43003
0.0490142
0.0219303
0.0242357
2.00475
0.113041
0.0219898
0.05755
0.909049
4.35797
0.0220116
4.47466
4.0545
0.0441199
0.0220636
0.0241733
0.021954
0.0217641
0.0219415
0.0220345
0.0222985
0.100249
0.0220971
0.151834
0.0226244
0.0227888
4.55926
0.0832529
0.0238803
0.0229082
2.07108
0.0215664
0.0228843
0.0265009
0.0218171
5.33602
0.0343631
0.0228664
0.0448412
0.0219902
0.0285661
0.021874
0.165677
0.0218222
0.0219103
4.81221
0.0240897
0.225929
0.0355427
0.0238396
0.0995918
0.0214157
0.0220898
0.0227259
3.88322
0.0244637
0.0219233
2.00991
0.0220092
0.0216254
0.021886
0.644208
0.0324053
0.163498
0.0338692
0.0309926
0.0504568
0.0241707
0.0275867
0.048048
2.10691
0.0222729
0.028948
0.02182
0.233714
0.230143
0.0219066
0.0315697
3.29742
0.0300869
0.0215546
5.05557
0.0262574
0.080425
2.32959
0.03057
0.0219003
0.0301969
0.0219232
0.024968
0.0219069
0.0234938
0.0263213
0.0219714
0.0220685
0.0321417
0.0221659
0.0944954
0.0219603
0.0238133
0.021939
0.0324726
1.48644
0.0221221
0.0220693
0.0994367
0.0235577
0.0219757
2.64084
3.65329
2.97384
0.0220726
0.024829
0.0400734
0.0222446
0.0221261
0.0366746
0.176893
0.0215367
0.0532114
0.0219814
0.0218907
0.0217866
0.0215294
0.0231578
0.044628
0.0368124
0.0284231
1.42214
0.0246681
0.0284275
0.0217396
2.60822
4.14396
2.61637
0.0220475
0.0493006
0.0289174
0.0220209
0.022121
0.0416978
1.34656
2.31782
0.0220198
0.0294685
4.56862
0.0228122
0.189866
6.09315
1.38887
0.0318282
0.0220011
0.0404153
0.0498264
0.309911
9.49577
6.50499
1.36392
0.0229466
0.0221738
0.0219334
0.106885
0.0219699
0.0216886
0.0417263
0.0219144
0.0219277
0.0218796
0.052543
0.0220268
0.0217786
0.0219747
2.28168
0.0215541
0.022039
0.022108
0.0228753
0.0219405
0.0726761
0.0826137
6.97849
0.0216019
0.0287272
0.140477
4.84074
2.09059
0.022262
0.0222752
0.0526706
0.0914978
0.0261664
0.407872
0.0219335
3.94833
0.022278
1.3384
0.0229514
0.0219242
0.0526355
0.0219522
0.0220901
0.022856
0.613217
0.0247907
0.0224874
0.0221782
0.0219716
0.044322
0.0220478
0.0219188
0.0268635
0.0997114
0.0247997
0.0219333
1.32924
4.26545
0.02201
5.01053
0.0221437
0.0330429
0.0758468
0.240074
0.0236848
0.02311
0.0220844
0.26143
0.0290946
0.0223299
0.0219052
0.0233887
0.666614
0.0222022
0.0395743
0.0242306
0.0352176
0.0510851
0.0417284
0.0869292
3.65487
0.0253119
0.022041
6.12266
0.599958
0.021933
0.0214935
0.0220637
0.0219815
0.021918
0.0242122
0.0216751
0.0220789
6.85501
1.43174
0.0361608
0.021948
1.9215
0.024246
0.0217003
5.39478
0.0244186
0.0216596
0.0220945
0.0220391
0.0425517
0.0220886
0.0548545
0.0219261
0.0217827
0.0219617
0.034876
0.0391947
0.0218949
0.0672404
1.41095
0.0232324
0.0218931
0.0619368
0.0217291
0.0220369
0.0218625
0.0334921
0.022054
3.92259
0.0223562
0.26069
3.10029
0.0568312
0.023853
0.022426
0.0220657
0.0219407
0.030196
0.179402
0.119456
0.0218111
0.0239184
4.17489
0.0216039
0.161167
0.0219675
0.0236054
0.0319024
0.0612976
0.0219587
0.0384305
0.0284084
0.0585035
1.45687
4.1307
0.0219522
0.0219288
0.0328816
0.0231143
0.0227304
0.0518727
0.0230382
0.125962
0.0217836
0.07124
0.0221062
0.0804791
0.0575859
1.35943
4.65254
0.0219234
0.0420548
0.789928
0.215419
0.0216026
0.0218347
0.134851
0.0219449
0.0220051
0.0217451
0.0215196
0.0702549
0.0900758
18.239
0.0220219
0.0527026
0.0222549
0.0215931
0.0232617
1.72645
0.240064
0.0219237
0.0221383
0.0218412
6.2358
0.0220285
0.0219471
0.0224979
0.0219626
0.0433794
0.0218359
1.64889
0.0219885
0.0228817
0.0225321
0.0219096
0.0217555
0.0220101
9.19679
0.0217835
0.021955
0.24269
0.021947
0.0220435
0.0221128
0.0221561
0.0564209
0.0219124
0.0219772
2.40775
0.024197
0.0220392
0.0222824
0.0215396
1.30706
0.0230352
0.0222314
0.0219085
0.0273675
0.0219711
8.13099
0.0217965
0.0220137
3.98352
0.0219781
0.063113
0.0222036
0.0214199
0.0215207
0.0308542
0.0380068
0.0218537
0.022286
0.0248375
0.021909
0.0221107
0.0221093
0.0219572
0.0218042
0.0218844
5.08425
0.0219607
0.0218396
1.47388
0.0219525
0.0281303
0.12648
1.49943
0.0218187
0.0220787
0.0219612
0.0216393
0.0230086
0.0407825
0.0240464
0.0433959
0.0217785
0.0269455
0.0220235
0.0214802
0.0304927
0.0589259
0.0236918
0.0317589
0.0220278
0.0219606
0.0221202
1.52186
0.0241087
0.0220144
2.89696
0.0233341
2.30228
0.0220639
0.0219338
0.0217472
1.64047
0.0219779
0.0253864
0.0233647
0.0220726
0.0219682
0.0220883
0.0221051
0.0251565
0.0219075
0.0390215
0.0222476
0.0430892
0.0215153
0.0216347
0.0246869
5.47205
0.0221488
0.0220494
0.0226371
0.0219354
0.0249322
2.67155
0.0227959
0.027385
1.93987
5.28084
0.0227491
0.0230591
0.203797
0.112283
0.0236563
0.0221158
0.0219675
3.71503
0.0229314
4.42188
0.0217218
0.021542
0.0221046
0.0219929
0.0232643
0.0215867
0.0219887
0.0222649
0.0730752
0.0238706
0.0228252
0.0216361
0.356118
0.0782215
0.0215197
0.0221041
0.0235277
0.022239
0.0220594
0.0215984
1.56886
0.0216137
0.0219438
0.0671363
0.0215865
1.4757
0.021824
0.0526048
0.0294408
0.0219708
0.0215492
0.0219247
0.0223048
0.0220437
0.0218297
0.0216247
6.31844
1.63541
1.69445
0.0216162
8.20774
0.0219956
0.0678115
0.0219236
0.0219267
0.02211
4.21398
0.0219498
0.0219093
0.0221267
0.0219927
4.61231
0.0219399
1.4656
0.0214558
0.0227546
1.63345
4.0959
0.0219837
0.0219593
0.028331
0.0220194
0.137879
0.0217535
1.36814
0.0217751
0.0364897
0.0221395
0.0218183
0.021945
0.0219816
0.0232487
0.0218852
0.0344829
0.0408386
0.115797
0.0217859
6.49793
0.0218961
10.7697
0.0219133
5.54171
1.74192
0.0217505
0.0219114
0.0216085
0.0218857
0.0220442
0.0221333
0.0215947
0.0227606
0.0214491
0.0881792
0.0221105
1.45714
0.0215849
0.0215448
0.0219284
0.0219262
0.0229933
7.8442
0.0234682
2.62703
0.0215653
0.0221197
0.040846
0.0215858
0.161857
0.0236639
0.0219322
0.0414788
0.0215106
0.0219729
0.0225727
0.0217511
0.0290923
0.0417116
0.0216448
0.0221125
0.0220462
4.27382
0.0235249
0.021608
3.99477
0.0629147
0.0216328
0.0219186
0.161554
0.0232016
0.0214482
3.92933
0.228501
0.0232142
0.0214549
0.0222396
0.0364717
0.0215712
0.189104
0.0216233
0.0217074
0.0470544
0.0548984
0.0216161
0.021628
0.0215258
0.0217524
0.0217641
0.0415398
0.0219721
0.0217766
0.0221113
0.0218574
1.83705
0.0222722
7.13936
0.0279532
0.0299264
0.0221421
1.40684
0.0219722
2.18849
0.0215524
0.0219611
0.469475
0.0219744
0.0230219
0.0216596
0.0251445
0.021733
0.0289543
0.0215913
2.22742
0.0222032
0.0215972
0.0215455
0.0215774
0.101954
0.0217887
2.41414
0.0219171
0.025189
0.0215049
0.0220198
0.826172
0.0220019
0.105991
0.0218182
0.0232787
0.0221698
0.0221335
0.022579
0.0219279
0.0219849
0.245339
0.021575
0.0219483
0.0225977
0.0220589
0.0220558
0.0356039
0.0219405
0.0219177
0.0218531
0.0216338
0.0217645
0.021999
10.9459
0.178765
5.80503
0.0214444
0.0242911
0.0221266
0.0278753
0.116657
0.248836
0.0349126
0.0215766
0.0219802
0.0220531
0.0221443
0.0221155
0.021912
6.1327
0.0519525
0.0219303
1.28761
0.0221375
5.1997
0.0219644
0.021892
0.0218059
0.0215872
0.0214886
0.0219137
0.0216631
0.0218101
0.04247
0.0230351
0.0219233
1.41118
0.0215688
0.0230686
0.0219893
0.0216269
0.0219373
0.274936
0.0218006
4.51671
0.021919
0.0216123
0.0363012
0.0218943
0.0294952
0.0952209
0.0216984
1.56136
0.0877457
0.0216099
0.0229168
0.0215393
0.217985
0.0216138
0.0300593
0.0233472
0.0217968
0.0217445
0.0218442
0.021963
0.022716
0.021762
0.022606
4.23957
2.17563
0.0232797
0.0219655
0.236827
0.0362216
4.95386
0.0218042
0.0218848
0.0219661
0.0223817
0.0219337
0.0216252
0.0216128
0.0219769
0.0427268
0.0216619
0.0220248
0.0262038
0.0219904
0.0299986
0.0220446
1.73664
0.0218692
0.0219281
0.0232282
0.0430342
4.74758
0.0219118
0.0221557
0.0218809
0.0221345
1.58525
0.0225682
0.021948
1.32919
0.0218782
0.0219991
3.40574
0.0221897
0.0218581
0.0214763
0.021918
0.021812
0.0220042
0.0362188
0.0217936
3.91632
0.0220996
0.0238613
4.84324
0.021984
0.0216489
0.0220637
0.0214488
0.0216198
1.88905
0.0219736
0.0220136
0.0225884
0.0218859
4.66865
0.0218101
0.141374
0.0217328
0.0842575
0.367732
0.0922975
1.99986
0.0284118
0.0358596
0.0312589
0.0218808
0.021994
0.0236237
0.183915
0.0604406
0.0215343
0.0220105
0.0219736
0.0217616
0.0216057
0.134656
1.30833
0.184232
0.022278
0.0221625
0.0310817
0.022041
0.0220781
0.0220014
0.0220495
0.0219481
2.77722
0.0234535
0.0225534
0.0215089
0.0667336
0.0216389
0.0220733
0.0217257
0.021559
0.0219045
0.02205
0.0586327
0.0217885
0.0257729
7.56519
0.0216711
0.022105
0.0216719
3.70842
0.0215287
0.0217793
0.0481657
0.0219845
0.0744776
0.0217735
0.02155
0.0226304
2.42333
0.0222524
0.0220945
0.0216841
0.0217798
2.76014
0.0235758
0.021751
0.163561
0.0219128
0.0217664
1.46453
0.0222935
0.0222941
0.022293
0.0222925
0.0222918
0.0217533
0.0237399
0.0233129
0.0734029
0.0215851
1.73915
4.72326
0.031829
0.0219876
0.021806
0.0219054
0.0221187
0.0217803
0.0221339
0.0217635
0.163402
0.0219373
0.0217924
0.0217751
7.31263
0.0220462
0.022135
0.0221474
0.0219595
0.0218973
0.0218139
0.0227835
0.0235772
0.0221975
0.0229596
0.0232698
0.0223137
0.022466
0.0226032
0.0219788
0.0222858
0.0215527
0.0218093
0.021705
0.0226718
0.0217928
4.83496
0.0218698
0.021852
0.021971
0.0214303
0.0233718
0.0219763
0.0220302
0.0219299
4.36337
2.02449
0.0215832
0.0217994
0.171126
0.0353048
5.0416
0.0218373
0.0251131
0.0359375
0.0215556
0.0221956
0.0219641
0.0222211
0.0219261
0.159822
0.030314
0.0345898
0.0219582
1.70806
0.0221254
0.0222174
1.33281
2.40744
0.0217489
0.0218683
0.0222614
0.0229802
0.0219198
0.0219991
0.0218609
0.0244361
0.0215693
0.160395
0.0217953
2.08902
0.0217932
0.022016
1.76473
0.0231534
0.0218215
0.0224815
0.0218898
0.0220275
0.0304096
0.0221682
0.346231
2.29995
5.05833
0.0217685
0.148443
0.0218787
0.0221811
0.0219826
0.0218467
0.0217461
0.0219989
1.86714
0.0218149
0.0219344
0.0215998
0.0218969
0.0218919
0.0215738
0.0228331
0.0219859
0.0217414
0.0219436
0.0220302
2.21493
0.021934
2.3531
0.0222944
0.0219984
0.0217849
3.81557
1.42688
0.021601
0.0216484
5.25338
0.0463227
0.0219379
0.0220296
0.0325598
0.0217801
0.0219239
0.0217857
1.91739
0.0220919
0.0220552
0.0222838
0.0218943
0.0219621
2.93719
0.0217964
0.0217124
0.0218091
0.0220783
0.0219213
0.0218954
0.0219531
0.0219385
10.3911
0.0221029
0.0220089
0.0216799
0.0314974
0.0217162
0.033173
0.0220402
0.0216813
0.0219536
0.0217851
0.0219498
0.0220567
0.0221219
0.0216313
0.0217938
9.88722
0.02197
0.0340117
0.0219733
0.0219052
0.0216457
0.0219293
0.0312655
0.0220216
0.0215385
0.0219442
0.0219163
0.0243105
0.641805
0.0217402
0.0214919
0.0220347
0.0220593
0.0219985
0.192959
0.0218012
0.0220066
0.0323914
0.0217556
0.054808
0.0218389
2.49311
0.0219385
0.0217838
0.0220876
0.0219306
0.021951
0.0270621
0.021874
0.0220263
0.0219091
0.0219853
0.0221256
0.0217581
0.0218911
0.021657
5.56433
0.0219764
0.0222321
0.100074
0.024691
0.0217978
0.0215745
1.11804
0.022964
4.43485
0.0217983
0.0926615
0.0222839
0.0248198
0.02154
0.0220319
0.0219173
0.0217652
0.0219224
0.0219178
0.0219543
4.28048
0.0214271
0.022042
4.94004
0.0221212
0.021629
0.0224361
0.0219244
0.0331409
0.0217019
0.031025
0.0218646
0.0221219
0.022126
0.022129
0.02184
0.0219641
0.0253525
2.43645
0.0222122
0.0221311
0.0218482
0.0220074
0.0216242
8.77963
0.0233801
0.0220448
0.0218975
0.0215927
0.0216987
0.0270504
0.0217944
0.0214755
0.0220668
0.0219744
0.0215102
0.0227958
1.19879
0.0221229
0.0218141
0.0222805
0.0220091
0.0220432
0.0214619
0.0220732
0.0220285
0.0220749
0.0221394
0.0215173
0.0219136
0.022023
0.0219372
0.0221565
6.00384
4.00643
0.0220578
0.0237768
0.0218537
0.0259965
0.140334
0.0216064
0.0217978
0.0294474
0.0228296
0.0355402
0.0220259
0.0219565
0.0219434
0.0219877
0.0216004
0.0219129
1.70794
0.03383
0.0215783
0.0247636
0.0226456
0.26884
0.0216654
0.0216313
0.0215253
0.021737
0.0219091
0.0839107
0.0218444
0.103109
0.0514552
0.0247434
0.0219188
0.0220832
0.0218474
0.0219127
0.0224587
0.0218971
0.0219311
0.0305596
0.0220475
0.0218268
0.0221605
0.0220348
0.021978
0.0220109
0.0219905
0.0217333
0.0220115
0.0218986
0.0220294
0.0220185
0.0374844
5.9388
0.0377697
0.0217221
2.86571
0.0220469
0.0216841
0.0724723
0.0223649
0.0218813
0.0219347
0.0219007
0.0219415
0.0216943
0.022034
0.0225024
0.0219246
0.0219402
0.0217981
6.55017
0.0217797
0.0219025
0.0305143
0.0217682
0.0217586
0.0219857
0.022293
0.0221489
21.014
0.0218846
0.0425534
0.0219747
0.0517996
0.151982
0.021462
2.90648
0.021951
0.0219657
0.0217142
7.27531
1.99545
0.0216073
0.028045
0.022157
0.0231339
3.49875
0.0246831
0.0219541
0.0216013
1.06345
0.0219738
0.0229934
0.0220246
3.7958
0.0219374
0.0215487
0.0217708
8.55721
0.0217991
0.0219812
0.022005
0.0217036
0.0220147
0.0220898
0.0219995
2.83073
10.2179
0.0219984
0.0237579
0.0248587
0.0904316
0.0217209
0.246962
6.52418
0.0215684
0.0216502
10.4642
0.0275128
0.0220163
0.0218018
0.0222928
2.45643
2.85242
0.0221632
0.0221374
0.022906
0.0220705
0.021979
0.0224918
0.0222559
0.0220499
0.0219202
0.0337247
0.0215371
0.0237387
0.0226041
12.5353
0.0215625
0.022061
0.0219085
0.0226577
14.6588
0.0221299
0.056307
0.0227838
0.0219963
7.81516
0.0220793
3.2247
9.88082
0.0218388
0.0221217
0.0219307
0.022546
0.0219998
0.0218378
0.0275939
0.021442
0.776799
1.85982
1.32873
0.0220029
0.0258853
0.0219495
0.0215762
0.0219988
0.0221435
1.5268
0.0220847
0.0220805
0.0218188
0.0221386
0.0221821
0.022164
0.0220028
0.0219973
0.0221058
0.0215225
0.125291
0.0226899
0.0828274
0.0221259
0.0219109
0.021964
0.0220312
0.0216982
0.0220495
0.0226271
0.0252573
0.0216856
1.31532
0.0220979
0.117365
0.0219222
0.0219316
0.0763976
0.0293662
0.021936
0.0219843
0.0220335
0.0219397
0.0216112
15.9677
0.048296
0.0219354
0.0215445
0.0221154
0.0219986
0.0944223
0.021995
0.0215059
0.0220462
1.32347
9.55272
0.021694
0.0218303
0.0219759
0.0219536
0.0237828
5.43082
0.0331141
0.0762619
0.0216123
0.0485015
0.123029
0.0221015
0.0222376
0.144164
0.0227654
0.0216603
0.178756
0.0241565
0.0233153
0.0217881
0.0520133
0.0220367
0.0219979
0.0675488
0.0219697
0.0242098
0.0220112
0.0733571
0.0215201
0.0220203
3.84634
0.0262563
0.0221271
0.034786
0.0216216
0.0289881
0.0264408
1.946
3.70499
0.0222759
0.0217153
0.0328623
0.0220231
6.86029
1.36521
0.0220833
0.0220573
2.93402
0.0216455
0.0221842
0.0509137
3.14326
0.0709341
0.0216479
0.0219389
0.021905
0.0217993
0.0217359
0.0220321
0.045318
0.0220293
0.0215039
0.0218909
0.0219608
7.58782
0.0327166
0.0221831
0.0237518
0.0215376
0.0222151
0.0318429
0.0220912
0.0371075
0.0218949
6.79513
0.0215027
0.0218032
0.0380567
0.0221801
0.0220993
0.0221924
0.0254837
0.0215392
0.022632
0.0215672
0.0218822
0.0216888
0.0233477
0.0219914
0.0219138
0.0220667
1.47064
0.044243
0.0215874
0.0219246
0.0219267
0.0215308
0.0651254
0.070997
0.0218614
0.0220446
0.0218149
7.53062
11.4623
0.022065
0.0215931
0.0215515
0.0216306
0.0222177
0.0218746
0.0217958
0.0218621
0.0470389
0.0219273
1.32362
0.0220286
0.0218303
0.0220182
0.0729311
0.0217222
0.0426996
0.021833
0.0219529
0.021924
0.0347784
0.0220121
2.17446
0.0219893
0.0222926
0.0220129
0.0217469
0.0318886
0.0227676
0.0218518
0.0215834
0.0220967
0.0220322
1.58163
0.0489257
0.0220747
0.109682
0.0218861
0.0221412
0.0271024
3.02664
0.0220191
0.0224346
0.0300831
0.0266041
2.87193
0.0216311
0.0218775
0.0658287
0.0542126
0.0214334
0.0221147
0.0221746
0.0217873
0.0240522
0.0219311
0.021909
0.0274969
0.0215252
0.0506309
0.0218114
0.0218201
0.0219511
0.0218441
0.0216554
0.0220501
0.216888
0.0222521
0.0218458
0.0217545
0.021687
0.0218142
0.0220184
0.0366973
0.0601851
0.0217278
0.0222423
14.8802
0.0570255
0.0778759
6.06663
0.0219169
0.0217551
0.0217414
0.0217249
0.057796
0.0221236
0.107003
3.07635
1.4149
0.0220477
0.0224146
0.0215814
0.022238
0.021977
0.0278326
0.022263
0.026296
16.2058
0.0218111
1.1555
0.0257042
2.21908
0.0220653
0.021765
0.021706
4.02121
0.0217976
0.0222588
2.02225
1.31469
0.0219201
0.0218527
0.0223652
0.0216515
0.0217835
0.0675107
0.0217866
0.0218395
0.0278999
0.0221142
0.0218108
0.0216084
0.976411
0.0219298
0.0221306
0.0219576
0.0563946
0.0217693
0.022014
0.030354
0.0236235
0.0218705
0.0632697
0.040325
0.0241854
0.0557071
0.0235634
0.0219994
0.0218733
0.0217556
0.021708
0.0218485
0.0221585
0.0221298
0.0278307
0.0221856
0.0219848
0.062489
0.0571238
0.0219271
0.0215956
0.0220208
0.0220291
0.714965
0.0217448
0.0236531
0.0390016
0.35442
0.311058
0.0218587
0.0356467
0.0541404
2.42039
0.0218852
0.0219862
0.0226293
0.0218629
0.0222724
0.0218973
0.0420591
0.0214431
3.08401
0.021919
0.021981
0.0217423
0.021943
0.0220365
0.0222654
0.0220285
0.0221266
0.0222453
0.0219407
2.74479
0.0217847
0.0219394
0.46882
0.0220213
0.0220135
0.0516435
0.0219984
0.022074
0.028935
0.0221462
0.0218332
0.0222716
0.021949
0.0218225
0.0219206
2.80218
0.0270222
0.0227097
0.0218845
0.0219041
0.0218789
4.20856
4.31569
0.0227739
0.0220033
0.0219261
0.0243608
0.0219592
0.0301915
0.0219441
0.0221955
0.0220437
0.580569
0.0404295
0.0217546
0.0414607
0.0219479
0.033966
0.0221208
0.0217182
0.0221056
0.0221455
0.0218022
0.0217761
0.021889
0.0221696
0.207328
0.0238719
0.0218616
0.0286494
0.02441
0.0490744
0.0227268
0.0222524
0.0219724
0.0231512
0.0218879
0.022425
0.0217086
2.55233
0.334966
0.0227274
0.0380678
0.0215492
0.0219581
0.0219289
0.021702
0.0219098
0.0223735
0.0220944
0.0219953
0.0222108
0.261026
0.0248081
0.0217157
0.0219227
0.118379
0.0220187
0.0218718
0.0481491
3.64772
0.021976
0.0218558
0.0219444
0.0218238
0.0219605
0.195989
0.0218263
0.0217238
0.0219979
0.0220078
0.0222114
0.0221689
0.0216878
0.0263423
0.0219594
0.132884
0.0221777
0.0236704
0.0440423
0.0219916
0.0220944
0.0219246
0.0222941
0.0221004
0.0221364
0.0226445
1.73152
0.022035
0.0217293
0.0500941
0.0220075
1.07033
0.12528
0.02197
0.0220235
0.0221193
0.0217719
0.022057
0.0217507
0.0219886
0.0414284
0.0222926
0.0215981
2.42481
0.0222045
0.0220974
0.0222075
0.0217956
0.0681387
0.0295789
0.022077
0.0219497
0.021662
0.0220396
0.0219336
0.0221077
0.0292213
0.0300458
0.0219817
0.0221536
0.0214613
0.021981
0.0216896
0.0219292
0.0219928
3.11159
0.0233641
0.0219437
5.52495
0.0221481
0.0220909
0.0222931
0.0221097
0.0219797
0.0219372
0.0221235
0.0221644
0.0220241
0.0218343
0.0222849
0.0221412
0.0219023
0.0222937
0.0221338
0.0221748
0.021891
0.0221745
0.021703
0.0222865
0.021845
0.0221242
0.0221204
4.75116
0.0220424
0.0220274
0.0218217
0.0415983
0.0220457
0.0219015
0.0218038
0.0219261
0.0235841
0.022293
0.0221445
0.0217323
0.0222935
0.0221734
0.0221311
0.022799
0.0222917
0.0222277
0.0219015
0.022293
0.0221051
0.139461
0.0218654
4.47678
0.0222449
0.0220587
0.0305914
4.88957
0.0230303
0.0219448
0.0220419
0.0215869
0.0221139
0.0220287
0.0217163
0.0270428
0.0217857
0.0219805
0.022102
0.0468053
0.0240681
0.0218079
1.32311
0.0583373
0.0218961
0.0218315
0.0220572
0.0233138
0.0219061
0.0238625
0.0247451
0.0217719
0.0215258
0.0221353
0.0220255
0.022087
0.0220761
0.0221867
0.0222497
2.53495
0.0219921
0.0220448
0.0221187
0.0217019
0.0465816
0.021768
0.0221569
0.0221748
0.0221287
0.0220662
4.75846
0.0401231
0.021854
0.0218054
1.42373
0.0217529
0.0221236
4.69775
0.276949
5.6679
0.0221731
0.0221684
0.0469942
0.0227716
0.0219833
0.0218351
0.0217337
0.0219498
0.0218106
0.0219973
0.0356263
0.0221059
0.0221271
0.0218502
0.0215281
0.0219964
0.0217188
0.0218698
0.0221421
0.0215725
8.90742
0.0221786
0.0220196
0.0377365
0.0220388
0.0218514
0.0220637
0.222581
0.0218038
4.23958
0.0219783
0.0218254
0.0233541
6.09136
0.022047
0.0220346
1.52479
0.0221982
0.0232174
0.0220397
0.0219123
0.0359695
0.0216742
0.0312162
8.01573
0.0219352
2.5746
0.0222419
5.15699
1.03833
0.112282
0.0222428
0.0218928
0.0214099
0.0221275
0.0218404
1.49727
2.09433
0.0216854
0.0221752
0.0723938
0.0218845
0.0222357
0.963186
0.0218818
0.0222755
0.0219676
0.0450985
0.0992048
0.0218477
0.0231417
0.022128
0.0219921
0.021741
0.0954725
1.83909
0.0240352
0.0259197
0.0219621
3.03216
5.5531
0.0220599
0.0219149
0.0221995
0.0217058
0.0220235
0.0220365
0.0221967
0.0228202
0.0214249
0.034175
3.12513
1.77812
0.0221432
0.0221822
3.09515
0.0221618
0.0225028
5.20317
0.0221556
3.65623
0.0260731
0.022181
0.0219519
0.0293909
0.0217558
0.193299
0.0221994
4.96895
4.36208
0.0220052
0.0222002
0.0221209
4.02877
2.68649
0.0215008
4.75729
0.0219699
0.0222301
0.0217974
0.0217202
1.87468
0.0274619
0.021835
0.022161
0.0246977
0.0218094
0.0220107
0.022223
0.0221417
0.0218564
0.021686
0.079265
0.0222254
0.0214896
0.0635271
0.0221786
0.0222029
0.0221385
0.0221267
0.0214589
1.33953
0.0227027
0.026973
0.170736
0.0221905
0.0220923
0.0215849
0.0221719
0.0221901
0.0565184
0.0268748
0.0216809
0.0217293
0.0222029
0.0217403
0.0222288
0.0274571
0.0219768
0.0222081
0.0221172
0.0222072
1.35668
6.42137
0.0216335
0.0229554
0.02188
0.0215707
0.0863386
0.0313357
0.0221524
0.0221865
0.0217396
0.0219627
0.022071
0.0219533
0.0214569
0.0243104
0.0222434
0.0222153
0.0222085
0.0221615
0.0219937
0.0216833
0.0221523
0.0217842
0.0220443
0.0216654
0.0221513
0.0222193
0.0574409
0.0215354
0.0221155
0.0217963
0.0221542
0.0221293
0.0221432
0.0230041
0.732459
6.90365
0.0221587
0.0227202
0.0220491
0.0218464
0.0222453
0.021672
0.0217005
0.0219366
0.0219853
0.023911
0.0222459
0.0221992
0.0219155
0.0219319
1.38043
0.0222323
0.0219561
0.0216388
0.0218423
0.021797
0.0215525
0.0269129
1.97897
0.0220997
4.48526
0.022082
0.0226119
0.0221115
0.0217494
0.0545842
0.0222232
0.0220592
0.0219316
0.0253328
0.0216601
0.0220428
0.0221842
0.021899
0.0216853
0.12126
0.0220531
0.0217261
0.0219553
0.0217599
0.021819
0.139577
0.0218802
0.02425
0.0221081
0.0220812
0.18881
0.0227892
0.0215984
0.0219349
0.0217696
0.0217912
0.0221721
0.0221183
0.0216726
0.0248802
1.45481
0.0221932
0.0218321
0.0215561
0.0218827
0.0222269
0.0221401
0.0220747
0.0222131
0.0973435
0.0214875
0.0218922
0.021472
0.0422287
0.0222192
0.0221787
0.0218842
0.0221089
0.0222718
0.0216216
0.0216669
0.0218664
0.0216048
0.0218684
0.0220286
0.021625
0.0215877
0.022165
0.0222272
7.11478
3.86713
0.0220657
3.33521
0.0220328
2.13387
0.0222846
0.0219758
0.0513863
0.0220352
0.0219105
4.17782
0.0218072
0.0217811
0.193265
0.021772
15.4364
0.0226395
0.0221316
0.0221857
0.0217917
0.0217027
0.0226488
0.0218054
0.0221572
0.0218457
0.0221554
0.0221363
0.0218023
0.0217781
0.0225086
0.0223775
0.0221579
0.0219057
4.01606
0.0220135
0.0502308
0.0221506
0.0223662
0.0215661
0.0217645
0.0492735
0.0221081
0.234021
0.0217404
0.0221293
0.0219308
0.0217822
0.0219944
0.0221952
0.0293414
2.37847
0.0219449
0.10697
0.0220706
0.0215521
0.0220592
1.41281
0.021917
0.021751
0.022514
0.0219375
0.0653909
0.0313733
0.0220594
0.0219531
0.0218655
0.0219555
0.0217917
0.0219282
0.022165
0.0218564
0.0259233
0.0220596
0.021963
0.0220143
0.0220843
0.0221508
0.0220892
0.022131
0.0219421
0.0219041
0.0218387
0.0219532
0.0221305
0.0219715
0.206224
0.0219909
9.81782
0.0217246
0.558602
0.0219873
0.0218573
1.51957
3.85738
0.021876
0.0217421
1.47968
0.0219047
0.0220597
0.0513449
0.0258739
0.0220872
0.0254988
4.30469
0.0220184
0.0331078
0.0222001
0.0220029
0.0221726
0.0220895
0.0220341
0.0222715
0.0222424
0.0220012
6.26529
0.0215113
0.0226871
0.0220747
0.0397424
0.0218599
0.0222118
4.65107
1.66323
0.022137
0.0222072
0.0247006
0.0215289
0.0216931
0.0219271
0.0220599
0.0280034
0.0219178
0.0215097
0.0221161
1.73135
0.0220951
0.0220431
0.0317777
0.0220786
0.0222227
2.90076
4.77087
0.0214949
0.0221878
0.0218892
0.160538
0.02215
0.021496
0.0216768
0.0218002
0.022029
0.0220818
0.02205
0.0222856
0.0218569
0.0218871
0.0215899
0.0215099
0.0218693
0.0220719
0.0214703
0.0289809
0.0217372
0.0222847
0.0220238
4.83907
0.0216839
0.0218159
0.0217935
0.0220816
0.0220245
0.0217966
0.0220925
0.0221996
0.022061
0.0221439
0.0216785
0.0220533
0.0221605
0.0222178
0.0216285
0.0221847
0.021474
0.0217103
0.0218053
0.0219313
0.0221597
0.0221634
0.0221035
0.0218731
0.0219691
2.57851
0.0219314
0.0219652
0.022002
0.0221257
0.0218747
0.0277707
0.0264112
0.0354853
1.41505
0.0669519
0.0219822
0.0215065
0.0217161
0.0221764
0.022196
0.0227999
0.0216966
0.0220896
1.37868
0.0220602
8.13335
0.0215339
2.6433
0.0220751
0.0223817
0.0216832
0.0216233
0.022182
0.0215624
0.0219608
0.0219731
0.0217925
0.0296416
0.314578
0.0221482
0.0219536
0.0217242
0.0221815
0.0392856
0.0220218
0.0219407
0.0221672
0.0219853
0.14015
0.0214514
0.0221846
0.0220323
0.0220414
0.0221666
0.0221874
0.0220612
0.0217673
2.73918
0.0220966
1.63221
0.0299694
0.0219356
0.0218756
0.0218954
0.0219867
0.0238618
0.0222184
0.0222456
0.0469248
0.0220113
0.0221686
0.0218887
0.0480891
0.147562
0.022225
0.0220025
0.0216823
0.0218613
0.0219837
0.0221809
0.0272954
0.022069
0.0241375
0.0360164
1.86167
0.021964
0.0219427
0.0219509
0.0330371
0.0394166
0.0221605
3.11814
3.37656
0.0219584
7.87219
0.0219317
2.56474
0.0218922
0.0219449
0.0220586
0.0217214
0.0220589
0.0221684
0.0219469
0.0221529
0.0222027
0.0237533
0.0219485
0.0221107
0.0214443
1.39556
0.021593
0.0218448
0.0270685
0.0345512
0.0216863
0.0224964
0.0220374
0.0218002
0.0221504
0.0216424
1.51093
0.0220497
4.07882
0.0219705
0.0221334
0.0224866
0.0219057
0.0216491
0.0226178
0.0219308
0.0219164
0.0215944
0.0217505
0.0220293
0.022049
0.0237165
0.0222047
0.0239541
0.022018
0.0221164
0.0220048
0.0220968
0.0298404
2.24528
0.0220049
0.021524
0.0219658
0.0221389
0.0218394
0.0218589
7.27934
0.021795
0.0220105
0.0262164
0.0912143
0.150967
0.0219387
0.0215274
2.19037
0.0220438
0.0215557
0.0359854
1.6013
0.0218466
0.0219209
0.0219537
0.0217589
0.0220044
4.95147
0.052199
1.98298
0.0217351
0.0251817
0.0221449
0.0218574
0.021584
0.0214667
0.0217002
0.021865
1.44656
0.0220122
0.170199
0.0218571
0.0216997
0.0220037
0.0219521
0.0218155
0.0222673
0.0217061
4.32708
0.022206
4.06626
0.0221191
0.0218685
0.0219756
0.0365077
0.0216919
0.0218518
0.0217186
0.0215611
0.0455622
0.0237372
1.42648
0.0218972
0.0218887
0.0214117
3.80776
1.85688
0.0218892
0.0218434
0.0224023
4.34638
0.0218613
0.0217129
0.0222239
0.0216926
0.225534
0.0217768
0.0218237
2.69479
0.0219308
0.0219972
0.0219493
6.04646
0.0373556
0.0218184
0.0216856
0.0218933
0.021956
2.17542
0.0218466
0.0221177
0.0218113
0.0219912
0.0277867
0.0218347
0.021968
0.0217407
0.0218246
0.0222051
0.0241588
0.0330787
0.0219625
0.0218996
0.0220968
0.0221392
0.0219394
0.0220648
0.0219723
0.0222259
0.0218447
0.0219059
0.0246423
0.0225028
0.0219446
0.0225548
0.0221075
0.0221571
9.51836
0.0220776
0.0226137
8.55496
0.0219866
0.0221571
0.0220001
1.26104
0.021561
0.0234072
0.0429007
0.0216691
0.0222537
0.0221879
0.209706
0.0220593
0.0219471
0.0218878
0.0221106
0.0220092
0.0807963
0.0270539
0.0245799
0.0218739
0.0217336
0.0221926
0.0218502
0.0219997
0.0216273
0.0226511
0.960118
0.0219167
0.022114
1.41756
4.52511
0.0219536
0.0219781
0.0221025
0.0644123
0.101274
0.021901
0.0219226
5.08113
0.0219408
0.0219465
0.0220944
0.0217329
0.0220872
0.022228
1.3476
0.0221612
0.0221064
0.021915
0.021834
0.0221288
4.01764
0.0218907
0.0218976
0.0218971
0.03884
0.0221976
0.0218596
0.0219702
1.99461
0.0216516
0.0221441
0.0218219
0.0222056
0.0217391
0.0237033
0.0219646
0.021861
0.0219068
0.0660396
0.0221489
0.0222076
0.0221441
0.0220646
0.022227
0.0220685
1.76711
0.0220507
0.0637395
0.0222342
0.0217352
0.0222135
0.0222048
0.0216352
0.0217178
0.0216727
0.0218182
0.400818
0.028593
0.021832
0.0529066
0.0214719
0.186742
0.0221367
0.0217275
0.0216902
3.04335
0.0217297
0.021831
0.0215396
0.0218311
0.0273435
0.0220654
0.0218748
0.0217117
0.0215847
0.0220178
0.0217206
0.0214899
4.52283
0.113522
0.0218203
0.0220654
0.0220634
0.0218279
0.0273953
0.0216172
0.0220755
0.0218314
0.0219459
0.0222464
0.0219115
0.0216728
0.0266565
0.0313908
0.0221676
0.021823
0.0217961
0.0216018
0.0227491
0.0219363
0.0221134
0.021964
1.06466
0.0219721
0.0221137
0.0217649
0.0219288
0.0230655
0.0217893
0.0217708
0.0218752
0.0216841
0.0214591
0.0320658
0.0218246
0.0219605
0.0215983
0.0220072
0.0216931
0.0220577
0.0898016
0.0221865
0.0215796
0.0226409
0.0219418
0.0219247
6.7876
0.021772
0.0218361
0.0216886
2.10862
0.0217475
0.0219312
0.0413012
0.040401
0.0214745
0.022246
0.0222188
0.0217611
0.0219627
0.0219317
0.0218583
0.0407563
0.0226806
0.022109
0.0221205
0.021989
0.0221818
0.0218344
0.0217266
0.0242779
2.06771
0.0219571
0.0219424
0.0219487
0.0216823
10.7169
0.0218975
0.0219452
0.0219868
0.0220961
0.0225213
0.0215155
0.0218367
0.0220054
0.0224754
0.0219599
0.0219396
0.0439134
0.0268254
0.0220807
0.10156
0.0218253
0.0217571
4.63841
0.0218639
0.0220384
0.0219266
0.0221992
0.0219585
0.0217582
0.022207
0.0217956
0.0218103
26.109
27.2733
26.4473
2.40887
0.0216384
0.0218961
0.0217546
0.0219123
0.0231099
0.0217775
0.021723
0.0221441
0.0220762
0.0220658
0.0215285
0.12522
0.0221285
24.5447
0.0221497
0.0221121
0.0221803
0.0823763
0.021756
0.0218406
0.0221282
0.0217577
0.0218805
26.0793
0.0218071
9.13145
0.273229
0.0219315
7.8318
0.021838
0.0652412
0.0217514
0.0221801
0.0659115
0.0245595
0.0220649
0.0221443
0.021866
0.022064
0.0218989
0.0218518
0.021756
16.0163
30.6591
25.3285
19.1764
21.5864
24.4244
25.0759
14.5644
22.9208
11.5893
27.5078
25.279
12.7983
32.6691
23.0369
21.382
12.8623
20.7073
7.49654
22.7234
0.0221574
0.0217813
0.0215451
0.0760622
0.0217532
0.0216864
0.0218977
0.0222398
0.0222262
0.0219245
0.022023
0.0218341
0.0218303
0.0218604
1.23429
0.0220061
0.0718084
0.0219263
0.022139
0.0216673
0.0218917
0.0218369
0.0220278
0.0214453
0.0218457
0.0219288
0.0219227
0.0219363
0.0221817
0.0218655
8.40434
8.67426
8.64087
7.44466
7.52254
0.021931
0.0222189
0.0829433
0.0221799
0.0218294
0.0219165
0.021788
0.0221236
0.021878
0.0715909
0.0220802
0.0218373
0.0218255
0.0219491
7.25656
0.0218261
0.0219284
0.0219106
0.021551
1.51137
0.0218921
1.95479
0.0465433
6.01462
0.0267751
0.0440518
4.88187
0.0220118
0.021728
6.71309
0.176967
1.54314
1.6827
0.0380077
0.0214929
0.023207
0.0216049
0.0218481
0.0215207
0.02173
0.0217907
0.0221992
0.0222168
0.0652602
0.0271623
0.0218854
0.0217221
0.0220783
0.0222397
0.023184
0.0219165
0.0218235
0.0266022
0.0217003
0.0218829
0.0217344
0.0218756
1.91496
0.021766
0.0222391
0.0221792
0.0220896
0.0216377
0.0220449
0.0221617
0.0216756
0.0221991
0.0219114
0.0216787
0.0219363
3.22011
0.0215043
0.021963
0.0216054
0.059971
0.0219306
0.0219503
0.0222113
0.0218498
2.14966
0.14695
2.11763
0.0216299
0.0218407
0.0218662
0.0219347
0.0221311
0.0221379
0.0219699
0.0218416
0.0219076
0.0218501
0.0218978
0.0263035
0.0915932
0.0216648
0.021959
0.0219351
1.4677
0.0218313
4.56912
0.0227262
0.0218392
0.021831
10.7097
0.0216637
0.0219332
0.0220974
0.022023
0.0214401
5.02772
0.021544
0.0223652
0.0535098
0.0220706
0.0219678
0.0306526
0.0427172
0.0216641
0.0218256
0.0226894
0.021887
0.0216927
0.0555601
0.0220988
0.0218602
0.0224804
0.021605
0.852327
0.0227106
0.021974
0.0222356
0.0219316
0.0219927
5.25759
4.73733
0.0218572
0.0219505
0.0220929
3.8714
0.0216669
0.0364419
0.0216453
0.0220332
0.0216186
0.0218285
0.021962
0.0219555
0.021668
0.0216012
0.0216729
0.022218
0.0287305
0.022075
0.0217053
0.0215349
0.0217102
0.0224418
0.0249177
0.0218238
0.0217963
1.83496
0.0218223
0.0214264
0.021685
0.036111
0.021774
0.0214876
0.0214074
0.0515695
0.0220485
0.0217699
0.0220666
0.0216708
3.97226
5.29643
0.0245607
0.0214085
0.0222296
0.021765
0.0220853
0.0219706
0.0219497
0.0215033
0.0218589
0.0222937
0.0227344
0.0216804
0.0266758
0.0498441
0.0220438
5.52104
0.0220102
0.0222523
0.0217756
0.0221321
0.0216543
0.021728
5.36813
0.0228155
0.0215373
0.0217356
3.45251
0.0221434
0.0221819
0.0568763
10.1862
0.0219373
0.0214905
0.0292979
0.174602
0.021713
0.0219629
0.0482001
0.0216266
0.0220043
0.0221617
0.0215383
0.0221693
0.0216722
0.0217265
0.0220095
0.0215474
0.114313
0.0224775
0.0358565
0.0436049
0.0221722
0.0220654
0.192922
0.0214555
0.0220978
0.0216807
0.0221738
0.0214914
0.0218899
0.0263244
0.0220511
0.0221748
0.0220101
0.0219568
5.80921
0.0219193
0.0218915
0.0219667
0.243509
0.0217214
0.022115
0.0222597
0.0219255
0.0465439
27.1948
27.6127
0.0219069
0.0220371
0.0221942
0.0222483
0.0218046
0.0612433
0.0218767
3.59689
1.79752
0.0451753
0.0215357
12.5584
0.0220806
0.0222601
0.0215391
0.0221935
0.0217653
21.0018
0.0222347
0.0413999
0.0459089
0.0214884
1.64431
0.021728
2.60097
0.0215691
0.0217403
0.0217585
2.16404
0.0305518
0.0221017
26.7992
0.0284011
0.0220087
0.0216918
0.0220468
0.0237339
0.0217165
0.022075
0.0219571
0.0220977
0.0218442
0.0218916
0.0217755
0.0214971
0.0222387
26.2878
25.8297
0.0219234
0.0222164
0.0226534
0.0221876
0.0233527
0.0217359
0.0218717
0.0219326
0.0218402
0.0221259
0.021507
0.138315
4.42234
0.0218272
0.0215713
0.0220085
0.0215054
6.31645
13.8507
0.021679
0.0241916
0.0222558
0.0218836
0.782623
0.0218813
0.0217205
0.022091
0.0235753
0.0221254
0.0216583
0.0215459
0.0219298
6.68005
0.0219228
0.0260687
1.33027
0.0291147
0.0219726
0.021716
0.0218786
3.34808
0.0221636
2.05382
0.166881
0.0237915
0.0221092
0.0218763
0.0325929
0.0221379
0.021638
0.0342085
0.0221874
0.0234821
0.0220469
0.159646
0.0219255
22.4594
24.7154
0.0220911
0.0218268
0.0335052
0.0222332
0.0218645
0.0220144
0.0221077
0.0219055
0.0219754
0.0216537
2.3578
0.0218421
0.0215715
0.0230288
0.0219562
0.0302826
0.0216877
0.0218802
0.0215378
0.0219384
0.0220748
0.0218472
0.0218593
0.0218997
0.0218605
0.0220285
0.021984
0.18668
0.0215387
0.0226836
0.0221288
16.6194
0.0363305
0.0217046
0.0253237
0.0219004
0.0416127
1.55841
0.0230396
0.0219395
0.0863146
0.0218441
0.0221615
0.0229954
0.0218845
0.0956636
0.0219258
0.0229545
0.0220176
0.0218519
0.0220903
0.0216687
0.0216796
0.0214951
0.0216998
6.93981
10.9119
0.0301773
0.0216933
0.0221793
0.0509977
0.0216391
0.0220048
0.0218697
0.111364
4.28358
0.0221977
26.8881
0.184423
0.0219265
0.0218802
0.0214859
0.0718642
0.0218379
0.0218329
0.0220961
26.4944
0.0591545
0.0218979
0.022146
0.0217801
0.0217804
0.0468695
0.021838
0.0217483
0.0231608
0.0214952
0.0220466
0.0252236
0.0222439
1.16556
2.0577
0.153858
0.0220553
0.0219494
0.0218241
0.0217235
0.0218673
0.106082
0.0218263
19.7355
0.0275894
0.0220016
0.0218195
1.90499
0.0218478
25.9761
0.0783142
0.0234703
7.58589
0.0215667
0.0221378
0.0220604
0.0218983
0.0221938
0.0423667
0.0249845
0.0760699
26.2612
26.9142
0.022106
0.0221221
0.0336481
0.0245269
0.0219177
0.0220234
0.0228838
0.021756
0.0219354
0.120067
0.0219979
0.0220745
8.83572
4.65218
0.0219517
0.0255
0.144821
0.0223616
3.3471
0.0228114
0.0464152
0.0219146
12.7336
0.021815
2.1154
1.57118
0.0215364
3.99173
1.55843
0.162211
0.022208
0.0215703
0.0342561
0.137166
32.1544
0.0218441
27.0053
0.0220968
0.0221824
0.146837
1.23298
0.0219416
23.4782
4.4543
0.0215819
23.27
0.021832
2.64667
0.0219314
0.0222957
16.2164
0.0220143
0.0218788
12.1366
3.66329
0.0218835
0.0250748
0.0220165
10.1038
0.0324189
0.0218478
0.0219099
0.0215365
0.0217237
0.0214417
0.0216747
25.9712
0.0215193
1.30961
0.0220749
0.0218173
0.0218462
0.0220609
0.0218635
0.0221549
0.0220463
0.0228069
0.0825986
0.155498
0.0268499
0.0215985
6.34761
7.19666
0.0218899
0.0221321
0.0274175
10.6475
0.0222285
0.0305844
0.737181
5.65509
0.0398707
0.0359378
0.0221744
2.12975
3.95627
1.01564
0.025931
0.0890089
0.0221582
2.78613
0.0221858
0.0219524
0.0351193
0.0355641
0.0214864
0.0218804
0.0218896
0.022032
6.27669
0.0220922
0.0219439
0.21012
0.0216483
1.74473
0.0218765
0.0263254
0.0217494
0.0356832
0.0221804
0.0221321
0.0221363
0.0266079
0.0218216
0.0219024
12.2153
0.022054
3.30649
0.0218895
0.0219382
0.0220057
0.0217414
0.0356052
0.0218823
0.0219706
0.02219
0.0218558
0.124005
0.0219446
12.4924
0.0288767
0.0218772
0.0217751
0.0218576
0.0220181
0.0219281
1.66104
0.0271802
0.022419
0.17918
0.02249
0.0220839
0.0220333
27.4097
6.95217
0.0462185
0.710217
2.24926
0.0247798
0.440033
0.022139
0.0218674
0.0222513
0.0683444
0.0219488
0.0216953
0.0942596
0.0265984
2.81857
0.0221562
0.0680486
0.0222099
0.0217597
17.6673
3.38148
0.535713
0.0219532
0.0218487
0.0219863
0.0216578
0.0375783
0.0250475
14.5383
0.0218627
0.0225632
0.0215216
0.0222473
0.0215457
0.0217143
3.37802
0.0219823
0.0224086
0.0220878
0.0337966
0.0219049
0.0468518
0.288119
1.82997
0.0218576
0.170602
0.0274755
0.0223912
0.027055
0.0219384
0.0219777
0.0264823
0.0221727
23.3104
0.0219239
0.0257814
0.236704
0.0220735
0.123107
0.0217502
0.182071
0.0225491
0.0218447
2.43258
0.0997131
0.0221164
0.0215684
0.0298684
0.0218353
0.0389179
0.0345919
0.0397794
0.0227502
0.0218374
0.0218902
0.0217132
15.6137
0.022191
0.0214232
0.0219279
0.0425338
0.0305422
0.0217631
0.0222786
0.0223716
0.0217776
0.0221025
0.022015
0.0220143
10.7317
6.45047
0.0237802
0.022285
0.0222837
0.112772
0.0217733
0.0221777
0.092335
0.0222024
0.0231583
0.0216703
0.0220449
0.0217855
0.0215613
0.0219941
1.82558
0.084855
5.83957
0.0394893
0.0220043
5.18973
0.0220289
0.0218058
0.0219178
0.0710751
2.19065
0.0217679
0.0334579
0.0221871
0.0244426
1.38381
0.0217846
0.0221956
0.0223135
3.80803
27.2224
0.0247225
0.0463099
5.74263
0.021687
0.0219406
0.0218844
0.0217372
0.0217232
0.021721
1.92619
3.12622
3.89753
0.0219636
0.0217369
0.0237107
0.0230168
0.0224704
7.9663
7.71225
1.76563
0.0215281
0.0217097
0.0280355
0.0217789
0.021977
0.0227474
0.0233055
2.83416
0.0221436
0.0217742
0.0218965
1.55871
0.291193
0.0216012
1.71073
1.33641
5.49128
0.0219225
4.4636
0.0507005
0.0222744
0.021762
12.3705
0.0298731
1.3423
0.0218459
1.61937
0.0217609
0.0218192
0.024089
0.0220095
8.42469
0.0911451
0.0238231
0.0245949
0.0220803
3.09661
4.07292
2.09831
0.455651
0.0217095
0.0555936
0.0230417
2.42876
1.24484
0.0218573
3.30909
0.0217248
1.75475
0.022203
0.0251281
0.0217036
2.91336
23.8122
0.0891778
1.80322
0.0217753
0.0217287
0.0222865
0.0214616
0.0219452
0.0223794
0.0218724
22.9757
0.0277416
0.0221714
27.2569
0.0219962
0.022106
0.0217912
1.73319
0.0231607
0.0217619
0.0217302
2.66643
0.0233229
0.0903796
20.2766
0.110913
0.0216962
0.0224788
1.42767
0.0299971
31.3468
0.0269401
0.0285253
0.0215222
25.7978
0.0391819
0.0490811
0.022124
0.0222741
0.0220856
0.0233517
0.0224997
0.0362606
0.0950604
0.0215722
0.021513
0.0215055
0.0216867
0.0217002
17.205
2.36537
0.119892
2.81652
0.1509
1.42635
0.0220748
0.0221902
0.021618
0.0216948
0.0221989
0.026339
0.0219062
0.0233491
0.0215201
0.0223019
0.423798
0.0372996
0.0221162
0.0215511
0.0231155
0.0221383
0.0223248
0.122507
0.0256519
0.022052
0.0216337
1.66211
0.022093
0.0235404
17.4124
0.0216212
0.0218048
0.077612
0.0219638
0.0222441
0.022461
27.2113
0.0216819
0.0223727
0.0228074
0.0229918
0.0232735
0.0229785
0.0217957
0.0282487
0.307952
0.0221927
0.0224865
0.0316178
0.0433514
0.0217702
0.0223016
0.0217405
0.0221752
0.906944
0.0214855
16.2861
0.0215188
0.0227496
0.126595
0.0826967
0.0268057
0.0300403
1.02595
0.0218408
3.92934
0.0220843
0.100456
0.0224293
0.0284266
0.0218949
0.0224243
0.022483
1.98911
0.145679
0.0225787
0.289494
0.0222423
0.0226689
0.0220514
0.455076
1.55653
0.0286301
0.098522
1.31983
0.0241336
0.022107
0.247634
0.0226073
0.0221718
0.038902
16.9131
0.338489
0.0288053
0.0222091
0.0897964
1.59308
0.541255
0.0222771
0.0222903
0.0360842
0.0229988
0.0215211
0.402714
25.8106
0.0273844
0.147826
0.0266013
0.022039
0.0217135
0.0218342
0.0252523
0.0219297
0.0220779
0.0662095
0.0214711
0.0218491
0.0227631
0.0221914
0.0221527
0.0218524
0.0222395
0.132616
0.0220631
7.46379
0.0227325
0.0218677
6.12817
0.0288714
0.0227111
0.652627
0.0215328
0.0219538
0.0236743
0.0316215
0.0594653
0.0220047
0.0219975
0.0235809
0.0218923
0.0221498
0.0437744
0.0838209
0.0229161
0.226103
0.0221601
0.0221903
0.0214713
0.0234739
0.071912
5.65564
0.219023
0.0219226
0.0296085
0.0288629
0.0770459
0.0275427
0.0260155
0.0247474
11.7641
0.0337825
0.0218923
0.0254816
0.0263086
0.0220433
0.0218859
0.0251181
0.0531273
0.119219
2.77966
0.0216489
21.4672
21.7464
0.0232257
0.0225273
0.0217458
0.0224327
4.18066
0.0230135
0.0252372
16.0288
0.0884124
0.0214736
15.4143
8.67711
0.0228372
0.0223627
0.0233775
0.0244348
4.72236
0.0621788
0.0238337
1.59927
2.16586
2.86674
0.0633837
0.0286483
1.04833
17.0198
0.0304373
3.21479
0.022031
14.8578
16.321
0.022417
0.0220044
0.022022
0.0217046
0.0521889
0.0222111
0.922467
1.85633
0.0226797
0.197113
0.0948113
0.0232015
0.0235977
0.0218055
0.0350935
0.170358
0.0247469
0.0222735
3.37176
0.0237363
0.0219885
0.0220802
0.0215547
0.0220631
0.0318362
0.0241457
1.58852
0.0221614
0.0233573
0.0219376
0.0492893
11.5156
0.0217591
0.0254558
0.0217497
2.20338
0.0218366
0.0214574
0.0367631
0.0219192
8.75257
0.0221593
0.0219284
0.0222609
0.0219271
0.0215156
2.86117
0.0387393
0.0531493
0.0714304
0.0219879
19.948
0.0221556
0.023103
1.32695
1.0828
6.31942
0.0300874
0.0226697
4.0088
0.0244368
17.1494
17.9027
0.0248268
0.0220557
1.57826
0.0224017
0.0222187
3.12149
0.143363
0.0261096
0.186955
1.63606
0.0241517
0.0218832
0.0220475
2.12725
6.13775
0.0367706
2.47092
0.0669879
0.175947
0.0253366
0.0220117
0.0248234
3.95648
0.0275159
0.0242865
3.77968
12.8175
0.0217173
0.135057
7.54376
0.0291087
2.25404
0.0250888
0.021504
0.0297387
0.0218882
0.0491756
0.0219571
0.157216
0.0215039
0.0219672
0.0214402
0.0220511
0.0220039
16.8884
0.0221672
0.106466
0.022477
0.0219186
0.0216422
0.0218691
0.0537335
0.0224765
6.75047
16.6019
0.0240892
0.0256574
0.0223577
0.0276461
0.0229772
0.0219988
0.0241384
0.0222288
0.0216335
0.0219387
0.0217171
0.0216972
0.371605
0.0225633
0.0218729
0.0220899
0.0220249
10.1399
14.2594
0.0480346
0.0234664
0.0230366
0.223785
0.0219269
0.0222387
0.0222709
0.0345484
0.0217637
0.0218345
0.027263
0.0294787
1.60702
15.1929
0.0218876
0.0219358
0.021685
0.02337
0.021712
0.0217506
0.021488
0.0231177
1.95073
16.5577
0.0249049
0.0221466
0.0285098
0.0219522
0.0224006
0.0301274
1.98678
20.09
0.0220361
5.06506
0.0254611
0.0217748
0.0222478
0.0256006
0.0220176
0.0233683
0.960955
0.0218715
0.0218201
0.0215481
0.0232226
4.4156
0.0220901
0.0303377
1.7736
4.82716
0.0251569
10.6439
0.0265717
0.0308919
0.0220483
3.29524
0.0221019
1.79056
0.0218849
0.0221118
0.0381334
0.0320724
0.0223398
3.34745
0.0221441
0.0221719
0.0218092
0.0221631
0.0217394
0.0241037
0.0252668
0.0225351
0.0302679
13.7977
0.0235857
0.948147
0.0222006
0.0266654
13.1996
0.0271802
0.0228761
10.3024
0.0218286
0.0221553
0.0220748
0.0226484
0.0341919
0.0222735
5.46482
0.0245944
0.0218551
0.0284357
3.49055
0.022168
0.0223967
0.0223732
2.58693
1.46577
3.06482
0.238241
3.07418
0.0269292
0.124395
0.0260376
0.0279242
0.0217051
0.0222595
0.0240121
0.0222055
0.022259
0.0216515
4.47734
0.0242926
0.021904
0.124512
0.0223301
1.82611
0.0728204
0.0230352
0.0218916
0.022344
0.023511
0.0225699
0.0257934
0.0245064
0.0219127
0.0219384
0.0217728
0.0237795
0.0519429
4.70808
0.0279716
5.25562
5.52608
5.2727
11.3894
0.0227852
1.85776
0.0701793
1.43435
0.0338427
0.0239025
0.0223496
0.0219954
31.8786
0.0265371
2.51716
0.0291368
0.0227677
0.0245947
0.0294453
0.0221779
0.0223936
5.52239
0.0217135
0.0252106
22.4996
0.0228755
0.0219539
0.0293768
0.0216998
0.0218734
0.0345693
0.0225558
1.93781
0.0222391
0.136214
0.0225891
1.72782
0.0234731
0.0223943
3.9756
0.0229873
0.208968
0.021655
0.0225413
3.55629
22.0199
0.0215192
2.80877
1.4351
1.92622
0.134973
0.0258186
0.0218291
0.0264637
7.35763
7.85861
0.0229958
0.0221417
30.9162
0.021917
0.0655713
0.0227546
0.0221221
0.0856122
0.0686748
0.0220117
0.0218735
0.0227941
0.0215532
0.0216795
0.0464365
0.0265282
0.0313878
0.0427779
0.027523
2.4112
0.0363668
0.0316032
6.54926
0.0298482
0.0221451
0.17179
0.0288599
0.0244433
2.27394
0.0216707
0.0621703
0.0228286
0.0217041
0.0223782
0.146671
0.0218099
8.18217
8.66463
1.58058
0.0217824
0.0214944
0.0305302
0.0220435
0.0868331
21.8518
22.0351
0.0228015
0.0218968
0.0264469
0.0324653
0.0281105
3.96438
0.0278795
0.0267583
0.0423669
0.0222023
0.02964
0.0257309
1.82768
0.0286939
0.0216474
1.65428
1.48468
0.0219316
0.0221994
16.1077
0.0319093
1.62603
18.1102
0.0231359
0.0247414
0.0240507
0.0235299
0.0219843
0.0226601
0.0274598
0.0230634
0.0460614
9.32333
0.0220889
0.021927
0.213803
1.50362
0.0221975
0.0222358
0.0218645
0.0301468
0.148825
0.0218863
0.0220549
1.75663
0.0233898
0.0222243
0.0219281
1.79505
0.0216447
1.35001
18.2703
0.0217856
0.102216
0.0342384
1.76692
0.0234621
0.0896003
5.69151
6.77463
0.0316872
0.0249332
0.022279
0.0330471
0.0507894
32.6145
0.0217858
0.0214907
0.021975
1.37641
0.0279388
1.92769
0.0219818
0.0770044
0.0355487
0.0320964
0.0221059
0.0645146
0.0219215
0.0747608
8.34842
0.0349523
0.02174
0.0221054
1.58202
0.0222275
0.0222929
15.0381
0.021666
0.0254322
12.2781
7.06055
0.0216429
0.0230275
0.0220651
0.0288344
2.98743
0.0238841
0.0495104
0.0214749
5.67706
0.0216354
0.156319
15.5615
0.0219046
0.0221987
1.54157
0.0222225
0.0216916
0.0216583
2.04275
2.48634
0.0222874
0.0219274
0.0218667
0.0218198
0.021739
5.76908
0.0218871
18.6155
0.0217332
0.0217056
0.021859
0.0218237
0.0222801
0.0312339
0.0222496
15.4014
14.9388
0.0245205
2.25059
0.141189
0.164932
0.0259235
0.0218882
0.0332162
0.151784
0.0221026
0.133591
0.0216674
1.93042
0.0223325
0.0218839
0.0265219
0.0267343
0.0240403
0.0216396
1.76959
0.0230642
11.3794
0.0974521
10.8089
0.0220426
1.80517
0.121464
0.022415
0.0838568
0.114831
0.0253156
0.0314447
0.0214902
0.0698535
1.80767
0.0218996
2.5831
0.0221123
0.155963
0.0219254
0.306195
1.90287
0.0230564
2.04479
0.0215541
0.0232365
0.0920416
0.0347293
4.46039
0.0218904
0.0233548
0.0342784
0.0896118
1.3945
0.0218826
0.0218826
0.0219657
2.75533
0.0246039
0.0294043
1.76943
0.0229638
0.0232931
0.0214423
0.0389797
2.25355
0.0628803
0.0316103
0.0221447
3.94468
2.30574
0.0223104
0.0288813
0.0219066
0.0218368
0.0222069
11.9293
0.0724691
0.062002
0.0417353
0.0216099
16.7329
17.3146
0.0223985
0.023731
3.76428
0.0243287
0.023294
0.0217227
0.0271504
0.0217676
0.022248
0.030855
0.0250848
0.0225422
1.13292
0.0219937
6.41489
0.0830169
1.44235
0.067465
0.0411275
0.0215214
0.333811
0.0331327
0.0222395
0.0218896
7.15983
0.021508
1.3127
1.86521
3.35931
0.0383452
0.0258472
0.0262281
0.0223682
0.022151
4.44062
0.0217927
0.0801827
0.0218951
11.0883
0.0218868
0.0217779
0.024084
0.0223825
1.69055
0.0266987
0.0467214
23.6413
0.0524897
0.0267062
7.06776
0.0219223
0.0233413
0.224204
4.48182
1.23319
0.28969
0.0219046
0.0223175
2.2166
0.0277214
5.28881
0.106739
0.611013
1.67658
0.0220209
1.50092
0.0880832
0.0216665
0.200704
0.0220828
0.0328586
3.35457
0.0220716
0.0292932
0.0221454
6.93857
0.0232068
0.0221387
0.021871
0.022016
2.36911
2.04688
0.787937
1.78953
1.91616
8.29613
0.0286881
0.0219178
0.0272441
0.0216404
0.0214813
2.65651
0.0219666
19.9023
0.0303958
14.8062
0.0256529
0.135471
0.0655546
0.0220314
0.0216427
0.0217009
0.0295493
0.02253
0.0332603
6.51856
13.4505
0.0225958
4.07286
0.0218343
2.78673
0.0222391
0.0957169
17.5433
0.113199
17.1409
0.0221012
0.0219827
0.0429845
0.021921
0.0284912
4.09625
0.13585
3.91283
0.0388918
4.45047
0.0369043
4.64306
0.0214264
1.50235
0.0339335
0.0220221
0.0221962
0.0233814
1.56046
0.0301581
0.021629
0.975419
1.61599
0.0224643
15.3394
0.0222298
0.0322441
0.0220059
0.0415475
3.08944
0.0391462
16.7475
6.0259
0.0223549
0.0219736
0.0380577
0.0991758
0.0634654
1.77054
1.34917
0.0222969
4.62041
0.021941
0.0216953
1.76931
0.157242
3.1509
0.0300995
0.0218951
0.0552799
1.57666
1.33006
4.86075
0.606943
19.6403
1.34997
0.138473
0.0970818
28.7922
19.1312
4.60551
7.69941
23.5311
11.7683
13.1506
0.0216506
2.17182
0.0215096
0.0307855
8.7944
0.0263683
0.0279254
1.81788
0.0354832
0.0280207
0.0222703
0.0412845
0.121932
0.0368879
0.0220029
0.0222575
0.0228958
1.16888
0.0221258
0.155839
0.022059
0.0222761
0.0214784
0.022531
1.69233
2.64502
0.0298183
9.16671
0.0221924
11.4076
0.0216639
0.0219317
0.144441
0.0220046
0.0221391
0.0221741
0.0617191
0.0262737
0.0468214
0.0219292
0.0220845
0.0396878
1.53986
1.42356
0.0668416
2.88132
0.6802
0.0219403
1.37187
1.50671
13.4874
0.022062
0.0222381
0.0231057
0.207715
0.0219789
1.30585
0.021932
0.117071
0.0220203
7.16363
0.0225148
0.0856899
0.0255122
0.0221912
0.0223879
0.119137
0.023643
1.91613
1.3589
0.0218916
0.0217009
1.60083
0.130966
1.99826
0.0222261
0.182241
0.0223676
0.0215979
0.079072
8.52596
0.124497
0.0415154
0.0226583
0.0278079
0.0396155
0.0221262
0.288786
0.0232959
0.0391543
0.0982706
2.43544
0.0374537
0.0222016
0.0217695
10.4963
0.0227883
0.0367297
0.0217878
6.11086
5.55996
0.0220305
0.0217038
0.189223
4.86398
6.12245
1.44964
0.0233658
0.117664
0.0498279
1.41317
6.90631
0.0275629
0.0240508
0.0277461
0.108817
0.0222267
0.0983821
0.0297915
0.141326
0.378882
0.0216526
0.0225291
0.036381
0.0219328
5.51534
0.0218337
0.0220623
0.569756
0.097526
6.50263
0.02642
0.127
0.0390055
0.0219163
0.0326005
0.0243027
0.0559378
1.66453
2.02818
0.0230192
0.0215213
0.0599841
0.0872315
0.0246899
0.0258963
0.0226506
0.0214068
0.0534865
0.0748557
0.0219836
12.7267
0.0220592
2.92504
2.04599
0.0222939
0.0373639
0.022634
0.0247049
0.047134
0.0596631
0.0232699
0.0222882
0.0931855
0.0218192
0.203
0.0216643
1.40783
0.0374172
1.49006
2.59354
1.34561
0.0708591
0.0214657
1.42175
0.0214325
0.0232238
0.0221845
0.0224247
0.0333376
0.0232071
0.0370121
0.022288
1.00695
0.0542988
0.0849036
0.0615605
1.72184
0.0218653
0.037135
0.0218112
0.0221815
0.0217963
0.0218775
2.67897
0.0225534
0.0222299
0.0352076
1.80273
0.0486286
0.0219386
0.11118
0.360941
4.88945
0.0256723
2.62452
1.85572
0.0220112
0.0236491
0.0757335
0.0651465
12.3606
0.129115
0.0220862
0.0486939
0.0215031
0.16793
0.730036
12.6883
2.72146
0.0218541
27.534
0.0218445
0.021807
0.0267662
0.0582442
0.0412679
0.123922
0.0378526
0.0214949
14.574
0.0660243
5.90234
1.97107
1.53957
0.0292248
0.0236562
0.0229863
0.0233755
0.0219911
0.0262818
29.4619
13.7798
3.48873
0.242906
0.313345
0.0219938
0.0220268
0.0233446
0.0256132
3.94206
0.0233372
0.0222379
0.0217389
0.0217443
0.0215836
0.0390041
0.0341578
0.0219337
0.0284972
2.43812
7.28194
0.0379721
5.78071
0.0218666
4.75187
2.64109
0.121286
0.0217928
0.0218681
0.0221967
2.50873
0.0273591
0.0295038
0.0465091
0.397229
0.0413249
0.0222868
0.0221478
0.0687658
0.0219846
0.113737
0.026131
0.0321312
0.0217743
1.36702
0.0339205
0.0219523
3.34625
0.022286
0.11032
0.0226004
0.022036
1.43254
0.0569174
0.0443668
0.0218858
0.021772
0.0217115
0.0216082
0.0222541
0.096801
3.86358
2.94346
0.0468353
0.0831052
0.0217929
0.106523
0.0222784
7.14419
1.75842
0.0265873
0.0218884
0.0218351
2.10541
2.06057
0.0248942
0.135371
0.0336306
0.0222265
1.54468
0.0221915
0.0939993
10.1685
0.022631
9.98625
0.0214103
0.0227663
0.0440037
28.1111
0.0218366
0.0247012
9.98904
4.28733
1.35888
0.0217456
0.0222207
2.45222
6.99789
4.78831
14.1219
0.0590306
0.0221964
0.0218198
0.022808
0.0216978
0.0221561
2.62663
1.67742
3.67029
1.93295
0.0215141
0.0216797
1.94363
0.0294461
0.0225371
0.0217237
0.0221298
1.32463
0.0467536
1.72329
0.0222321
0.0219952
0.022219
0.0388885
0.0260948
0.0232116
0.0259121
5.16386
1.71884
0.0235466
4.40145
0.0220473
0.0221308
0.127357
0.836759
0.0214608
0.113396
0.0219462
17.6702
0.0220473
0.69419
0.0222953
0.0380413
0.0218038
0.0225367
0.0236116
0.113973
0.0708709
1.54931
0.0219938
0.022198
0.0215266
20.8015
5.24273
0.0247226
0.128253
0.0785831
0.0236917
0.0284701
4.1675
0.0465968
0.0215617
1.45673
3.49692
0.131363
0.022274
0.0217069
0.0222134
0.0220211
0.0487918
0.0222714
0.0221663
0.0284074
2.34761
0.0222491
17.3908
6.48716
3.01057
0.0798104
6.64738
7.09345
2.28551
1.29494
1.45463
1.14591
0.0700062
0.125678
0.0218147
0.694003
0.021978
13.1644
4.20566
0.0214754
6.8209
0.0466011
0.0217099
0.159192
1.57714
0.0217915
0.0667821
0.0218204
1.46751
5.11836
4.90266
0.0220612
3.61285
4.7395
9.35074
0.0567372
0.0440316
2.19559
0.0215113
1.48182
3.07705
2.43813
0.0220888
0.0262621
0.021626
20.0272
0.0220243
0.805332
0.0389633
0.0296504
1.83577
0.0250549
0.0221816
0.0219679
0.0220442
0.0225153
10.7206
0.0218968
0.0280992
20.7574
6.17361
0.161232
0.0230136
0.0371132
1.90489
0.0216169
0.0224722
0.0243331
5.57775
0.0255647
0.64732
0.0222539
0.0216176
0.0745107
0.0464773
0.0403874
21.7916
0.0217393
0.794761
0.0263635
0.02203
0.0527487
0.913366
0.0221978
8.15498
0.0309208
0.742027
2.17597
0.190114
0.0218889
12.9311
7.19971
0.0340161
0.0272676
2.62399
0.265604
0.0219184
0.0218444
2.67919
0.0217096
0.0215911
0.0233362
0.11085
1.52177
0.0215724
0.0394499
0.0774217
0.0814976
2.08384
0.0219305
0.0224253
0.021921
0.0222659
7.27478
1.41228
0.0522879
0.0219616
0.02144
0.12775
0.0220964
0.025571
2.50911
0.0225443
0.0254685
2.18302
0.0218241
0.0220377
0.0287664
0.0221714
0.0219106
5.18887
0.0748565
0.102834
0.0222109
0.0229894
0.0468845
0.0557909
0.0222275
0.0494016
0.0215115
0.0256026
2.21676
0.022591
9.43964
0.0214694
25.0378
1.81089
0.0217924
0.0290165
2.26674
0.0267845
1.06192
5.40828
0.0222951
0.0395566
0.021819
2.87663
0.987014
0.0220764
11.8064
0.0222977
0.0218052
5.0762
0.108154
0.534681
3.53607
0.146338
0.0216977
1.67308
0.0218442
15.3949
0.0225236
0.115462
20.2353
0.0222454
0.0217337
0.0395966
0.0215419
0.437708
4.40375
0.0218312
0.0216686
0.0218057
0.0216875
1.65487
3.37177
0.040283
0.7849
0.0288203
0.0272305
0.0243584
0.0363001
0.0299287
0.0215379
0.0223451
0.0216666
0.0218259
0.0253125
0.0921589
0.0222521
0.302343
8.26218
0.0216791
2.52171
0.0216089
0.843707
0.0229621
1.31865
2.4239
0.0221616
0.214973
0.0222863
1.90437
0.775144
0.0222167
0.0222689
0.0974598
0.0319606
0.0222247
0.0453761
12.5936
0.0222833
38.1874
0.0237341
0.0218679
0.182026
1.67052
0.0234133
0.0218882
0.0301178
0.0220835
0.0425028
0.0217828
0.0218897
0.0215032
0.0222388
1.77174
0.0279973
0.0222285
0.0217499
0.0294972
1.62479
3.11859
0.130228
0.0216939
0.251923
0.0446316
0.021439
0.0219946
1.69975
0.0222508
0.0217637
26.7412
0.0316293
6.51057
0.0229171
0.047118
5.79439
2.1906
0.888681
0.0218311
0.0748578
0.0221623
0.0234406
0.0216548
24.0138
0.059869
0.0217893
2.56469
2.41382
1.39314
0.0219954
3.75312
0.022693
0.0224717
0.182459
7.28448
0.0271297
3.4672
0.0810088
5.22223
0.0216671
0.0312988
0.0744562
0.0220674
0.0222064
0.508093
0.0387347
10.7058
13.0869
0.0218332
16.1074
0.0268438
5.72192
0.0221794
1.2248
1.34713
0.0821222
0.0222194
0.0219308
5.54356
0.0220737
0.0216588
0.183121
0.0320825
0.0219245
9.56503
0.0219629
0.0217636
0.0221808
0.0221906
0.0216681
0.0219871
0.0216363
4.0014
4.48756
0.0225657
0.0215861
0.0219868
0.0218782
0.0288903
0.0217685
2.96997
0.0337452
0.936835
0.0308437
0.0297494
2.11518
0.021838
0.0875723
2.39612
0.0259524
0.511051
9.37913
2.0777
0.0214252
0.0220458
0.0218581
6.812
0.591556
1.79888
9.82104
0.0334125
0.0218458
15.6027
0.030979
0.0223752
0.0219023
0.0223722
3.24682
0.0363867
2.73338
0.0218859
0.0221816
3.00986
0.0217127
0.0232262
0.0218144
5.30453
0.0216137
0.0218275
0.0802301
0.0222162
0.0221713
0.02545
0.0922035
0.0386132
0.465327
0.0834342
0.0222464
4.06662
0.0335866
0.0217899
0.022005
7.15264
0.0219847
11.7412
1.79995
0.0216456
3.65929
0.0218101
1.37887
0.464213
1.64
0.0542077
0.176622
9.96306
0.0382591
7.76335
0.693189
0.0219282
0.0217774
0.0633082
0.070831
6.60171
0.0287608
0.0294294
0.0219738
0.0230492
0.0219116
0.0332354
0.0464049
4.92623
0.0522052
0.022192
2.55812
0.0415136
0.0220789
0.0219273
0.0218737
0.0215514
0.0233822
0.0222313
0.0469129
0.0340498
3.21426
4.56728
2.35488
0.021764
0.0218673
0.0396648
0.0273677
0.0217504
0.0264442
0.0216585
1.4491
0.0219567
0.0824693
6.58114
0.0222121
0.0220166
0.0218805
3.9608
0.0806051
0.059831
1.33604
0.0219609
0.0235299
1.43992
6.07099
0.0222308
17.0252
0.0230485
0.0556381
1.71946
0.0218566
0.0221474
0.0221385
1.3472
2.80365
5.08321
18.1699
0.0222513
0.0220648
0.0219758
0.119697
0.0221499
0.0217591
0.0224221
0.021804
10.8256
0.0222927
0.0222917
1.75697
0.472673
9.33806
0.0271828
0.0303155
0.0345906
0.181302
0.115336
1.51599
1.48337
0.410299
0.021843
1.4975
0.0218
0.0249745
0.0221075
4.70135
0.0215772
0.0218083
0.022107
0.0222653
6.75954
0.0227735
0.022294
3.84543
22.7914
0.0218704
0.021768
0.0726599
0.0217104
0.0221245
0.0218171
0.0218972
0.03651
0.13576
0.0286271
0.244982
5.3932
0.0260958
2.87841
0.130193
0.031123
1.63783
0.0216752
1.62133
3.00083
23.8766
4.56415
1.3166
4.80944
0.03569
0.0219243
0.0232951
0.0218717
1.54574
0.0219277
1.30987
6.5185
0.0221804
6.36799
0.0734711
0.0217443
26.0321
0.123643
0.0214776
14.2156
0.0226001
0.0339443
4.54376
0.0239033
0.188381
15.3796
0.0216022
1.32868
1.93649
0.0220807
12.0307
0.0217165
0.0504522
0.0220037
0.0218809
1.32909
0.0218054
0.0220335
1.0705
19.3888
3.00392
0.0219329
2.31647
1.34693
0.124853
1.52743
0.0217095
0.0218489
1.47121
0.021761
0.0217499
0.0222104
0.0223399
1.32396
18.4508
0.0448141
0.0216524
0.029269
0.0219569
10.5088
0.0221631
0.0261057
5.04114
6.86624
7.34371
3.8809
0.241184
0.0219105
6.39057
0.0218478
9.66305
4.60356
0.159802
0.0223712
0.0221329
0.341307
0.021828
2.00484
0.0217814
0.021549
0.0216049
7.34278
1.82755
0.0218532
0.0214242
0.162256
8.90449
6.068
11.651
0.0218895
6.01297
0.0256847
0.0220787
0.0319774
5.35896
0.021934
0.0227977
0.0219323
5.73157
1.89578
0.0219736
0.0220796
6.01746
0.0759182
4.12518
9.83094
3.56643
0.292516
0.0583777
0.0219222
13.2039
0.0218086
4.9566
0.0221409
3.8742
0.0218441
0.0485803
1.47385
3.33974
7.9199
0.021905
0.0996594
0.0255848
0.0219592
0.0665552
0.0219277
0.0437011
0.0221397
0.0218797
0.0220768
0.0497727
0.0291992
0.0214433
0.0220311
0.021723
0.0994019
0.0221323
0.0564438
0.0217043
0.0225537
1.43155
0.0236785
0.0710341
0.105714
0.0217546
0.0218127
31.4957
0.0996395
0.0216699
3.97753
0.0216547
0.0219358
4.71026
0.0214191
0.0222001
0.0411092
0.0224337
0.156061
0.715358
0.680584
0.0902657
0.0221424
12.5505
0.0222944
0.022268
0.132807
0.0244587
27.1071
0.0219071
0.0215519
0.0221359
20.8129
25.2297
0.0218066
0.0285404
0.0222485
0.0592221
0.0217013
0.0218864
6.79386
0.02225
0.021858
1.83432
0.0224444
1.4699
0.021941
2.40152
0.021953
2.79478
0.100375
0.0222185
0.021962
0.0222507
0.0225938
3.1999
0.0361913
0.0533096
4.81278
8.39495
0.0219793
0.0224831
3.87691
0.0966499
0.0224319
0.0222587
0.0219433
0.0554129
0.0386562
0.0984044
0.0322977
0.0216785
0.0219791
11.3504
0.0222691
0.0218559
0.0256596
0.0355948
0.0219804
0.0219914
0.0242631
0.0426753
0.0216695
2.31936
0.0217485
0.206348
0.0214235
2.00834
0.0216102
0.0238548
5.18697
3.92911
4.32681
0.690541
3.28152
0.0219488
6.05739
0.0217093
0.0216759
0.0393532
2.21428
5.7706
0.021597
1.48713
13.6
1.3261
0.0222639
0.0218402
0.0217672
0.0224185
1.59961
0.109574
0.0704036
4.52763
0.0224702
0.0214382
0.0216637
0.0218156
0.351823
7.35292
0.0220863
18.3765
0.136494
0.204536
0.0589128
4.40732
2.76433
0.0217399
0.0219964
21.7746
14.6799
2.74838
0.0221794
0.176338
10.0175
0.0215485
0.022192
19.7394
0.0216964
0.126309
0.118738
0.0231875
19.5625
0.0219377
0.0735067
14.8853
0.0278114
3.27904
0.0219387
2.6372
3.02033
0.0218616
21.3802
0.021697
0.0308713
0.0219105
6.07513
2.8485
0.0284512
0.0215329
14.7579
0.0222874
0.0214718
0.021884
0.0284085
2.6113
0.0215025
0.0231779
0.0217668
5.7514
4.55031
0.023741
0.174439
0.538201
0.12739
0.1201
0.0221869
0.0566836
0.0283021
18.0307
0.0242378
0.0239165
13.4204
0.0339917
0.122396
0.0284321
0.0220456
5.74027
0.0219429
0.02199
0.0217559
2.00795
0.021938
2.39287
0.0221266
1.38007
0.0220544
0.033948
3.00561
1.96491
0.0217082
0.0222619
0.0221413
6.07181
0.0216531
1.47451
0.175285
0.879912
0.0219574
0.0215118
2.22282
0.0920502
20.3384
0.032444
12.9756
0.0306242
0.0220277
0.0219531
0.0728845
1.3901
0.021896
0.0373964
0.0219032
1.88964
0.0218546
0.117815
4.42979
0.0217156
0.0214606
0.0770167
0.0217812
0.319811
19.4993
0.0222243
0.341623
0.209465
0.0476507
0.0215892
0.0218017
0.0423575
0.0400449
0.0263008
0.0524613
0.23269
0.022146
0.0327663
0.0489312
0.0217962
0.490174
0.0226871
2.6092
13.9162
0.0221081
0.0230193
1.91514
18.2533
5.9199
4.62888
0.021741
1.36504
0.600812
0.0216906
0.0274591
0.0218866
0.0219655
0.0216613
0.0220042
0.0224855
0.0440519
0.0215823
0.0229459
0.0287489
1.82453
0.0224408
4.31763
4.76318
0.0216379
0.0220919
0.0220644
0.0220971
3.51439
0.631486
0.022234
0.0218659
0.0219635
0.022269
0.0219712
0.0248867
0.0217411
0.34252
0.587259
8.37061
0.0284214
0.0223259
0.0275876
0.0244994
0.0220041
0.12171
0.0222457
9.92223
0.0314265
0.279438
0.0222876
0.0221694
6.39161
0.0219217
0.0594582
0.0220601
0.138491
0.081772
0.0913373
0.0221734
0.0247273
0.677958
0.021911
0.0222153
0.0241452
0.022068
0.0217364
3.05881
0.533347
0.0217499
0.021804
2.83534
0.12667
0.0218597
0.0219709
0.0566903
0.0227881
0.0283841
2.19329
2.74609
0.0233042
0.054871
2.99128
0.0219308
0.0221934
0.0219535
0.0217881
0.0218506
1.5248
5.80823
4.1654
0.0249517
0.0397098
0.0219076
0.0222593
0.0273972
3.53468
0.0530184
0.0273099
0.0596752
0.0772352
7.19813
0.0219998
0.599973
0.044052
4.00552
0.0374601
0.0218091
0.448599
3.32411
0.0352097
8.7724
1.0521
0.0217156
0.0637538
1.5881
0.0215647
0.0222329
10.17
4.31826
0.0214879
0.0218303
0.126005
0.0215876
3.71074
0.0216596
0.0218751
0.0220979
1.35858
0.0306677
0.078397
6.94278
0.0839296
0.0302629
5.16026
0.0216717
0.0216855
0.0218948
0.193393
0.725631
0.050955
0.0248512
0.0218353
0.0218783
3.72851
0.0219306
0.0220066
27.5646
13.7321
0.376567
0.0220097
2.02544
0.0219349
0.0220477
0.297129
0.451555
0.0219664
0.755384
0.0219245
0.023059
0.0282354
0.0238156
0.0218418
0.0215945
4.36163
4.48413
0.0217233
0.0216531
0.140333
0.0316567
0.0220567
0.0271765
0.0223315
0.0218101
0.0413419
0.0216805
0.0222455
2.64016
9.94338
0.0267741
0.0219368
6.028
0.0214087
0.0217272
4.87533
0.0220234
2.8565
0.161756
0.0272477
6.55632
0.0219145
0.0218387
0.0218996
0.0218014
0.185051
0.0289107
0.021933
0.0219929
2.56512
1.39254
0.0217543
3.19138
4.27718
0.0219682
16.0159
4.78495
0.0299758
0.0220141
15.4908
0.0220214
0.0218737
0.0218591
0.0218241
0.022067
0.0862259
0.0957826
4.64462
0.0223813
6.16279
4.01493
3.86669
0.0220453
0.264137
0.0217269
0.0302612
10.0663
0.0219304
0.0746819
5.80877
0.0265401
0.0406644
0.108072
0.0214698
0.0218654
0.0593023
0.0219998
4.09435
0.582624
0.0221557
0.0219453
0.0281878
0.0221485
0.0535009
0.0221237
0.247719
0.0218737
0.02181
0.0641599
0.0329035
4.06406
0.128621
0.0235769
1.89905
0.0833563
0.202981
0.0222134
0.813002
0.467626
0.0221114
1.37289
25.783
0.0218012
0.0222945
0.12099
0.114004
0.0218113
0.0440229
5.72765
0.0214759
0.0221406
0.0447527
0.0222183
0.0582066
0.0222299
2.87433
1.07502
0.0425708
4.66897
0.0215189
0.536163
3.66757
2.38246
0.0328985
0.0218078
0.0230269
0.0993445
0.022085
0.0216407
0.0222491
0.243511
0.0219177
0.0216953
0.0222665
0.021479
0.0227604
2.87071
4.96968
0.0221994
0.0218152
0.0218496
0.0220263
0.248214
0.256861
4.40864
0.0731351
3.94433
0.0220172
10.7
0.571853
0.0310968
0.0220526
0.0391133
0.0220208
0.0219181
0.0214875
0.0787439
3.38217
0.0218522
0.129087
0.0948701
0.0342275
0.0221471
7.99901
0.0221592
0.0241975
0.109579
0.277328
0.0223931
0.0220787
0.0216383
0.023506
1.6673
0.0224754
2.34395
0.0221879
0.0218975
1.41615
0.0233096
0.0219518
0.0222358
7.12993
0.0222172
0.108753
0.0320673
12.1007
0.0989577
2.98758
0.0218814
0.0225988
0.0217005
0.0218222
0.02795
0.0220988
0.0219282
4.67476
0.0222855
0.0226232
6.61607
3.04765
0.0218477
0.0609108
0.0217649
0.0214781
0.0232402
0.0216505
4.81496
7.1123
0.021452
0.0221618
0.0724653
2.06757
0.0220261
0.0535833
12.4267
0.0220741
35.9409
0.0227813
1.50326
0.022223
1.10804
5.08218
0.0218667
1.3328
0.0239981
0.0216506
0.0220402
1.09211
3.4637
0.0648737
0.022172
3.19854
0.0219973
0.0231046
0.021942
11.6907
0.101367
0.0441844
8.64793
0.021813
1.23038
14.4438
9.33735
4.09281
0.0369217
0.0362765
6.71904
0.0219891
0.0230443
0.0739028
1.6877
0.0214617
0.0222852
0.0219024
0.0219593
0.0219852
0.0375271
0.316967
0.0218493
26.0529
0.0219087
0.0232426
0.0220381
0.0600474
1.88234
0.0221654
0.0217276
0.0533082
13.8691
1.04335
9.02535
0.677738
0.021878
0.0218587
0.0215028
2.89431
0.0228083
0.0221265
17.26
0.0219897
0.10749
12.0498
0.021961
4.24494
3.26897
0.859958
0.0581627
0.120658
16.9094
0.253252
0.0219179
0.0216531
0.0359863
0.0223749
0.0562538
33.5899
12.1321
0.0306626
5.18477
0.926435
5.94017
0.0214535
0.0221797
0.0219485
0.0217082
0.0220721
1.54706
1.42857
0.0221151
3.36566
0.0221013
0.021915
0.334998
0.0217883
0.591404
1.3424
8.60036
0.021739
0.0218723
0.0222469
0.0222439
10.0604
0.0219735
0.0266629
0.0224662
0.106096
0.0242583
0.0222006
0.021947
3.99461
0.0216748
0.475123
0.0218626
2.28069
0.022031
0.0219581
0.02357
0.452738
0.0216871
0.0222272
7.53645
0.021915
0.0391253
0.216821
0.618749
0.0380287
0.0217641
0.0219284
0.719099
0.0291892
0.0216964
0.0926662
0.147338
2.10228
0.0219717
0.0220117
0.0219384
0.0217553
0.0220401
0.0224644
6.37759
0.0228813
13.2686
1.27661
0.0416806
0.0233189
0.021864
0.39338
4.64929
0.0217235
0.0220521
0.0948015
0.0222744
0.0230338
7.07721
1.82874
0.0218896
3.97304
0.0230691
3.51681
0.0217382
0.0220177
0.0218992
4.42225
0.0216482
0.0219012
1.52869
0.0218586
0.0353105
0.068128
0.021913
15.3794
0.0274756
1.74264
1.31319
0.0219439
0.0222535
3.27392
0.0218429
0.0220949
0.0219755
0.0296363
0.0220745
12.3726
17.0716
2.39944
2.17965
0.0217433
5.2907
0.0218667
1.67702
0.0270534
0.0314776
0.0221636
5.74212
0.0220581
0.0229396
4.28922
0.0217364
0.0410357
0.0357195
0.0222791
11.6886
0.0217411
3.10936
0.0280969
0.021981
0.0218557
0.0214699
1.35057
0.0217511
1.30972
0.0222667
0.0253411
0.023934
0.0261227
8.1162
0.0220927
0.0244395
0.164664
0.052593
0.148537
0.0220531
0.0218698
12.3833
0.0214519
6.9211
0.0335528
0.0218642
0.0219035
9.2831
0.283073
0.0223683
8.06263
0.0218288
0.0230579
0.0218212
0.0577508
0.0235835
0.0601119
3.22402
0.0218938
0.0217205
0.021933
6.01878
0.0218853
0.0226242
1.32053
0.0218772
0.12408
0.0221622
0.0277387
0.0220428
0.0222438
0.0223221
0.165033
0.0362392
0.0218081
0.132501
0.022105
2.63897
0.0219657
0.145
0.0219365
0.0219092
0.0219354
35.4784
0.0273501
0.0224282
0.293609
0.0224364
0.0317006
0.0227723
0.0255747
0.0222729
0.0218981
0.0224004
4.58861
0.0219777
0.0218253
1.51841
0.0220037
0.0217702
0.0219664
1.24394
0.0222055
0.0520771
0.028954
0.362352
0.0222109
0.045244
0.0217316
0.0222966
0.0281087
6.18114
0.0222927
0.021687
0.0219271
0.183342
1.39242
0.0225725
0.0218538
0.0219
4.40171
0.0216206
0.0351899
0.0420517
5.12775
0.0222948
0.0217159
7.43977
0.0225703
0.0500148
0.0301916
0.0214636
0.0404188
0.021985
0.0283597
0.0215157
0.0217589
0.0219345
9.11561
0.0220131
1.68753
0.0216876
7.67115
3.75227
0.531624
0.02201
5.59978
0.391759
0.0337835
0.0219849
0.0330461
27.8019
0.0220737
4.10816
0.0222558
0.155313
0.0253409
0.0222149
0.138522
3.18266
0.0218283
0.0251508
0.0219241
0.0337982
0.0218562
0.0217203
0.0220411
2.36879
13.2061
0.0222912
0.0219379
0.0220939
1.41825
0.0219173
0.128509
0.0221205
2.47557
5.71441
4.89414
0.0429646
0.0222519
0.0220893
6.20498
0.0220991
0.0372211
0.0222661
0.0351936
17.4967
3.05381
0.0222869
0.0216767
0.0316136
3.64112
0.0644528
0.0218137
3.92093
27.7134
0.0216294
0.715499
0.0215163
0.0444756
0.0219148
0.0227542
0.0222856
0.035308
0.0219652
0.0215073
4.56701
0.024283
0.0227716
1.33839
2.83786
0.0220324
4.54945
0.0220992
4.79072
0.025045
0.0215233
0.0215856
0.0220158
0.0262566
0.350551
0.969145
0.0220073
0.0226512
3.93673
0.0220421
0.0216243
0.0218627
0.0219829
0.306358
0.0219331
0.0216209
0.0216377
4.29109
0.0222667
0.0219274
0.0216533
1.93065
0.0221628
5.66222
10.0316
0.02191
7.45501
30.6681
0.0221651
0.0563745
0.106213
0.0215918
0.0216964
0.0234346
0.0220113
5.94434
0.0267942
0.0221083
0.0216479
0.0218909
0.0220289
0.0219607
0.0222292
2.52327
0.0216517
0.021857
0.0273952
0.0219093
1.34871
0.0218788
0.0220558
0.0221127
0.0221431
1.99767
5.32297
1.41794
2.53375
0.0224452
7.6477
0.0218521
0.021616
3.37869
4.5555
0.0222141
0.021984
0.0821667
0.146223
4.16555
7.95023
0.044494
2.47558
0.0228522
6.38381
0.0219049
0.0265668
0.0218668
3.10262
0.0219406
13.4818
0.0222537
0.0242703
0.0221462
0.0228551
0.455004
0.0216159
0.0214915
2.68605
0.0558264
0.0222464
0.0216711
0.0216106
0.0231327
0.0222551
0.0222385
0.0218779
20.8926
0.0218259
0.0228467
0.022255
0.0216103
0.021728
0.037529
0.0222971
0.0389536
0.0221642
4.4746
0.0217246
0.109353
0.069626
0.0218024
0.93937
0.0214793
1.91854
0.0220455
0.0220203
0.0219059
0.0215942
0.0944942
0.021862
0.022602
0.0215843
1.59374
0.209719
0.0220256
0.022271
0.809044
2.20507
39.7533
0.422113
3.28909
0.0218443
0.021867
0.0375227
0.0222848
31.9929
0.022258
0.0989032
0.0218924
0.0222473
0.0291201
0.0215363
0.0222506
0.0418649
0.965768
0.0216661
0.0215818
0.0222091
0.0219689
0.0221057
0.0216677
0.0219443
0.021869
0.0303949
0.0563607
5.60247
4.80509
36.2048
0.0215912
1.72417
0.0218923
0.118479
1.06349
0.0220336
2.48924
0.0218722
1.49994
6.29862
0.0704751
0.0220676
18.8767
0.0241989
0.16747
0.0226716
0.030305
7.4035
3.09623
0.359767
0.0245209
25.3999
0.206418
41.894
0.0275308
18.1098
41.0826
12.7904
0.0216522
0.0222741
1.31881
0.0214882
0.0219511
0.442345
0.0219857
0.0220964
0.0376677
7.23904
1.3248
4.18361
0.0218765
0.0218338
0.0222074
7.39962
1.65575
1.48531
0.0257294
6.9119
0.0218922
0.0328074
2.43605
0.0255604
3.45604
0.0224654
0.022234
1.30664
0.0218116
0.910836
0.0219403
0.0225937
0.0439114
0.0217949
0.0240125
0.0766157
0.0222667
5.59082
0.0218798
0.0214822
2.69482
0.0225835
0.0219122
2.01812
0.0843881
4.05339
2.62706
11.8443
0.0225531
0.102068
6.33599
0.0917964
0.0298997
0.0225589
3.97657
0.0217698
0.0220576
0.145101
0.0858971
0.0423969
0.0223943
0.022231
0.0218263
1.31243
0.0497119
2.00022
0.0222712
13.0923
0.0218738
0.0437278
0.0241933
0.0217879
0.876981
0.418902
0.033708
0.155235
3.80003
0.0222725
0.0238724
0.0274889
0.0321934
0.0226939
0.0278368
0.0275101
0.107278
0.0215555
6.18151
4.53262
0.022697
1.82935
6.42255
1.82106
0.022271
0.0216084
1.60465
0.0219416
4.4681
0.0222308
0.0222723
1.83465
0.0238558
0.0220406
27.1427
0.0264252
0.0738798
0.0219068
4.59249
0.0652385
0.0944808
0.038181
0.022565
0.117528
0.0225886
29.3086
0.026573
0.293327
0.564841
3.95495
0.167687
4.04678
0.0253601
0.0759295
0.0371825
0.696278
15.0871
0.0218131
0.352954
0.0220483
0.0218917
2.42584
0.0700336
0.0216552
0.0704467
1.51674
4.2114
3.83725
2.85683
0.0759171
0.0222635
0.0242802
0.0217023
4.11037
0.0220516
2.26384
0.538115
0.0246752
2.30676
7.06083
0.0216635
3.08647
7.22583
3.47144
0.0219765
0.0219137
0.0223248
0.043385
0.022273
1.68702
6.1948
0.0426191
2.35948
0.0228401
2.16643
1.30998
1.3416
0.0220763
0.557796
0.0273918
0.118877
0.0321547
0.206642
0.0391992
3.50565
0.0222481
0.0218477
0.0216341
0.522894
2.86268
0.0219284
3.91683
0.068244
0.103317
0.02187
0.110979
0.0221596
2.11443
1.80013
1.47748
0.15714
3.9988
0.0691658
1.64776
0.100007
0.0220878
0.499896
0.0218303
0.0440982
0.0219513
2.69557
0.0220335
0.025745
3.87469
0.0477821
0.0447656
0.0736089
6.75056
8.10129
2.63212
1.46848
0.0402032
0.0219106
0.021995
0.0426593
12.1573
5.486
0.0346027
0.0307804
0.0975904
0.0422535
0.146583
0.336438
0.0992732
0.0508662
0.0626724
1.10551
0.0216316
9.68953
0.0217531
0.0222806
0.153703
0.0330895
5.61502
26.4418
0.147497
0.70907
0.502831
0.021869
1.4506
1.53686
0.0406914
0.0284915
1.59406
0.0395973
0.0469051
2.38109
2.26178
0.0218994
3.63223
5.35893
0.0216953
1.59403
0.022665
0.0216472
0.021475
0.0315663
0.50181
1.69182
0.444876
0.0623809
0.0590143
0.0415299
2.31489
)
;

boundaryField
{
    frontback
    {
        type            empty;
    }
    topbottom
    {
        type            fixedValue;
        value           uniform 0.0223;
    }
    outlet
    {
        type            zeroGradient;
    }
    inlet
    {
        type            fixedValue;
        value           uniform 0.0223;
    }
    walls
    {
        blending        binomial2;
        n               2;
        beta1           0.075;
        type            omegaWallFunction;
        value           nonuniform List<scalar> 
120
(
19.1225
22.4633
29.4229
20.6216
26.109
27.2733
26.4473
24.5447
26.0793
16.0163
30.6591
25.3285
19.1764
21.5864
24.4244
25.0759
14.5644
22.9208
11.5893
27.5078
25.279
12.7983
32.6691
23.0369
21.382
12.8623
20.7073
7.49654
22.7234
8.40434
8.67426
8.64087
7.44466
7.52254
27.1948
27.6127
12.5584
21.0018
26.7992
26.2878
25.8297
13.8507
22.4594
24.7154
16.6194
26.8881
26.4944
19.7355
25.9761
26.2612
26.9142
12.7336
32.1544
27.0053
23.4782
23.27
16.2164
12.1366
25.9712
6.34761
7.19666
27.4097
17.6673
23.3104
27.2224
7.9663
7.71225
8.42469
23.8122
22.9757
27.2569
20.2766
31.3468
25.7978
17.205
17.4124
27.2113
16.9131
25.8106
7.46379
8.75257
19.948
6.75047
20.09
31.8786
22.4996
7.85861
30.9162
8.66463
18.1102
32.6145
10.8089
11.9293
8.7944
9.16671
9.43964
25.0378
26.7412
24.0138
23.8766
26.0321
14.2156
19.3888
27.1071
20.3384
27.5646
35.9409
26.0529
12.0498
33.5899
12.1321
20.8926
39.7533
31.9929
36.2048
18.8767
25.3999
41.894
41.0826
12.7904
)
;
    }
    procBoundary0to1
    {
        type            processor;
        value           nonuniform List<scalar> 
80
(
2.02617
0.0387403
0.0220338
2.03116
0.0220637
0.0264564
2.66592
0.0242615
0.0242615
0.0250614
0.0215874
0.0254393
0.0364475
0.0337578
0.0563646
0.021402
3.15045
2.2759
3.67124
0.0236285
0.0337578
0.0219166
0.0214172
0.0317566
0.0496671
0.0218179
0.0215144
0.0215461
0.706201
2.26341
0.0236285
0.0213974
2.31716
0.0214617
0.0222172
0.0214922
0.0214328
0.0214328
0.0217381
0.029488
0.0214521
0.021397
0.0496671
0.0214423
0.0911742
0.0911742
0.0437458
0.706201
0.0214335
0.0213932
0.0216247
0.0216744
0.0214423
0.109375
0.212284
0.0231497
2.74031
0.0437458
0.0214753
0.212284
0.0767909
0.0278399
0.0660963
0.130809
0.0213914
0.0214245
0.0214172
0.0237511
0.0225949
0.130809
0.0214245
3.92978
0.109375
2.99363
3.59501
0.0591588
2.17878
2.26341
0.0223911
0.0228464
)
;
    }
    procBoundary0to2
    {
        type            processor;
        value           nonuniform List<scalar> 
165
(
8.26869
15.4132
21.0829
0.163391
0.022029
6.4265
4.06932
8.19382
13.9341
13.5105
15.4132
0.0280979
0.0294065
0.0219723
0.0219957
21.0829
0.0219787
4.84932
2.1002
0.0260444
0.0229762
0.0227812
0.127069
2.77471
9.21599
0.0227812
0.119962
8.74918
3.43053
0.0231805
5.90286
0.022079
2.96309
3.20822
2.96309
0.0220082
10.1615
0.0219455
0.0742698
0.0742698
9.00668
8.90723
3.09573
0.0221105
0.738552
0.391934
0.0219461
1.92017
0.0460942
2.32521
0.738552
0.022088
2.06793
0.0252759
3.64316
3.67031
3.64935
0.0246453
0.0242292
0.0221202
7.67733
0.391934
2.23273
0.0219883
0.0220492
0.0220579
6.00045
7.81099
0.0219606
0.0572671
0.0223597
0.0237886
0.0219372
0.0219496
3.64213
0.0222937
0.0427056
0.0219623
0.0221439
0.0226054
0.0219623
0.0222758
0.0513961
0.0644041
0.0219606
0.0277676
0.259744
8.18352
0.0219308
0.0219334
3.12269
0.0220037
2.23273
0.0224823
0.0317291
0.0221785
0.0265312
0.0910879
0.0513961
0.0219361
0.033064
0.0222142
1.87421
3.62281
0.0220854
0.0396647
0.0220464
2.81704
3.51797
3.53517
0.0222662
0.0221545
0.0219281
3.56022
9.83607
9.22865
8.25723
3.63986
2.51921
0.0234932
10.3791
0.036959
0.0396647
3.56349
0.0219279
8.7234
9.70525
9.26717
0.0221946
0.0350327
0.0219273
2.53657
0.0222526
9.14789
0.0294065
9.64767
0.216259
0.0910879
0.0221376
0.0220205
1.95779
0.0221895
2.9469
9.23848
12.4134
6.48476
3.29172
10.5744
9.07394
6.87274
8.65728
16.6657
9.08681
6.53834
1.87618
11.7091
2.32755
0.0304824
9.37272
29.4284
0.0222257
1.85472
1.42219
9.48661
11.4033
)
;
    }
}


// ************************************************************************* //
