/*--------------------------------*- C++ -*----------------------------------*\
| =========                 |                                                 |
| \\      /  F ield         | OpenFOAM: The Open Source CFD Toolbox           |
|  \\    /   O peration     | Version:  v2012                                 |
|   \\  /    A nd           | Website:  www.openfoam.com                      |
|    \\/     M anipulation  |                                                 |
\*---------------------------------------------------------------------------*/
FoamFile
{
    version     2.0;
    format      ascii;
    class       volScalarField;
    location    "850";
    object      omega;
}
// * * * * * * * * * * * * * * * * * * * * * * * * * * * * * * * * * * * * * //

dimensions      [0 0 -1 0 0 0 0];


internalField   nonuniform List<scalar> 
9793
(
0.022439
19.4049
0.0219386
2.56173
0.0222596
0.224381
0.0829835
4.02163
0.022249
19.0924
0.0221966
0.0221873
0.0219191
2.02468
0.0218184
0.0285311
0.0566917
0.021933
1.83047
0.021564
0.0216432
0.0222916
2.6374
4.09498
2.23037
0.0269199
0.0221006
0.022262
0.0215742
0.0828946
7.03984
0.557579
0.0220142
0.0219471
0.0218723
0.0307699
0.0256863
0.0251617
1.31287
0.0326741
0.0714405
8.17155
2.86532
0.0222716
0.0219633
0.0220436
4.85834
0.0222842
0.021766
0.0219404
0.0304878
0.0218543
0.0411797
0.0222684
0.0336377
2.12047
0.0219284
0.10709
0.0217731
0.0222914
0.0273103
0.0952498
0.0219536
0.0405824
0.0219641
0.0221614
22.4502
0.0249294
0.0263727
2.06327
0.0219894
0.106126
3.80086
3.55282
2.64735
0.0222623
0.0464966
8.66831
0.0219843
0.0222704
0.0500401
1.73843
0.0550953
0.0242178
0.0264086
0.234339
0.022261
0.0829656
1.32202
0.0913988
1.80739
1.70071
1.8061
0.0428486
2.68187
0.0219059
2.94342
0.0530807
0.0253678
0.0222684
1.36431
0.038764
1.9792
0.0219684
2.15811
7.21146
3.78781
0.0218801
0.0219884
0.0222834
0.0222334
2.15681
3.14641
6.77259
0.0219659
0.0221136
0.0253232
0.022052
1.78107
0.0220293
1.88624
0.0882347
4.10792
0.0470582
0.0257317
0.0220348
0.0642731
5.47189
0.583957
0.838901
0.0245919
0.0218057
0.0223307
0.0239122
0.0292101
0.155409
3.47861
0.0253905
0.0222735
0.0657416
1.74792
0.029594
0.0219473
0.0668493
4.7903
0.539287
0.0220352
2.80832
0.021802
0.0220294
0.0220722
13.9362
0.0248288
0.0220935
0.0219264
1.4829
0.0606725
0.0219485
1.12114
0.0219227
0.0771809
0.0247338
0.0216499
0.340355
0.0222291
9.24383
2.00997
0.0224892
0.0218813
0.0222171
0.0219656
5.59836
25.0521
1.54668
0.0219125
0.20778
0.132645
0.708605
0.0219697
0.0248764
2.41074
5.86698
0.0996958
0.0220365
0.022074
0.0218747
4.62199
3.78042
18.3161
2.03494
0.022066
23.9075
0.436751
0.0256238
0.0218199
0.023502
2.01761
0.0215994
0.021931
0.0222039
0.022015
0.0216481
0.0320469
0.0264856
1.57965
0.0219374
0.0295777
0.0224872
0.0224061
0.463221
0.0623084
1.81886
0.0216361
1.85602
0.0242253
0.0529253
0.0218289
0.151906
0.0221223
0.0514895
0.0568662
0.0216504
1.54151
1.69495
0.0408635
0.0218919
0.0576809
1.93463
0.0506415
0.0514122
1.46487
0.179948
0.0496762
0.0414951
0.375568
0.0216198
4.71051
5.76895
0.0216049
0.0222222
8.1483
0.021908
0.0222312
0.137265
0.150773
0.0221464
0.0249426
0.0308857
0.0388083
0.0250929
0.0219754
0.0453713
2.82185
0.0216467
1.60725
0.0222618
0.0221702
0.0216638
2.04862
0.0219795
3.43203
1.80047
0.0221041
0.0221318
5.66908
0.0218704
0.0222395
0.0218291
1.68176
0.267747
0.0251962
0.413574
0.0984382
1.96252
3.94572
0.0225151
13.6522
0.0222641
2.04524
8.61932
1.38541
1.93664
0.170601
0.024643
0.0505801
0.0259188
0.0218616
0.0226317
0.446612
0.0270977
0.0221401
0.0222838
0.0216336
0.021685
0.0216492
2.49477
0.0218707
0.0218027
0.0218958
0.0219211
4.79049
0.519461
0.0665284
0.0229775
0.0669124
0.0220185
4.22054
10.0925
0.0219738
2.03473
0.0379978
0.021958
29.43
4.14654
0.0220223
0.0475559
14.5617
0.0221754
0.034429
0.0218048
0.0222727
2.37933
0.0418663
0.0219566
0.0220235
0.0228363
0.163948
3.17569
0.0219428
0.021874
0.0217917
6.23616
4.45156
6.06806
0.0216125
0.0442236
0.0351674
1.87778
0.0772668
0.021618
0.0216824
0.0217921
0.0494079
0.0221059
5.11156
0.0220896
0.0217826
1.90896
2.41094
1.67664
0.0217628
1.34365
0.0250397
4.15855
4.63657
1.53812
0.0238824
0.0337066
3.59572
1.68527
2.07394
0.0267434
0.0222633
0.0256315
0.0217274
0.021855
0.0220781
0.0220832
0.022292
5.85565
0.0222064
0.0643328
0.0324424
5.81004
0.0216119
0.0243264
5.52524
0.512697
2.14928
0.0746827
0.0217857
0.0239824
0.0219424
0.40024
0.0215685
1.62876
0.15004
0.0832272
5.02643
2.38943
0.0221377
0.0218912
5.09737
0.373709
0.0219354
4.2401
0.0221317
0.0221758
6.45121
0.0216344
0.108312
0.0216304
2.11559
0.0220948
0.0222464
1.87879
0.100171
0.0670707
0.0256489
0.0220757
0.0218383
3.70643
0.0528597
0.0215868
0.0221946
0.0350787
0.0351467
0.0667139
5.74639
0.0221955
0.0219437
0.370285
0.0220821
2.43886
0.676924
0.0220659
0.0220193
0.0225879
0.0221169
0.0217757
1.37549
0.0519473
9.21805
0.0292928
0.0239932
0.0472492
0.0248606
1.65331
0.0265174
0.0222677
0.0249664
0.453022
0.0219548
0.0219272
0.021993
0.0215713
0.0219894
0.0218207
0.0220455
0.0221578
0.0229942
0.0258594
0.136625
0.0219805
1.5614
0.0259288
0.199486
4.78816
0.0218715
1.99815
0.0815917
0.0218313
0.0215722
0.021955
2.23578
0.099363
0.0215685
0.0221211
0.0221972
0.0686372
0.146334
8.02758
0.0219774
0.0219277
0.0320236
5.495
1.36879
0.0238598
0.0238897
1.62972
9.10965
1.06752
0.0222223
0.0217942
1.46871
0.0219104
0.130748
6.02442
0.021575
0.233312
0.0282537
1.35866
0.021839
1.64079
0.334889
0.0277704
5.43806
0.0219088
1.6409
0.0220957
0.0218875
0.0222229
0.0219482
2.23014
0.0219006
0.0217503
0.0229351
0.0216219
0.0217947
0.0472969
0.0229348
0.0395323
0.0220351
0.0220393
4.13841
0.0774396
0.0238026
1.57225
0.0252689
0.0222468
0.0219838
0.0217747
7.67509
0.0217397
0.0220694
6.9413
8.43406
0.039671
0.0219269
0.022284
0.0222625
0.0222407
1.6519
0.0222357
2.3109
0.0251834
1.93249
0.0222618
15.4082
0.0223001
0.210417
0.0219174
0.116696
4.14504
0.0221042
6.75016
0.0219032
0.0222182
0.0216321
3.05959
1.64718
0.0219624
0.0292893
0.0217352
1.6783
0.0218566
0.0461437
1.52785
0.0254455
0.0220269
0.0461721
0.0222451
0.0223354
0.0218102
0.128463
0.0219574
1.67825
0.0220529
0.0221293
0.0460929
0.0754229
6.51363
0.0217872
14.0366
0.0218856
0.187472
0.0219213
0.0224272
0.0219059
0.0220508
0.022268
0.19964
0.0499188
6.56798
0.112452
0.0357728
0.0348166
5.06883
0.0242967
1.64512
2.86746
0.24089
11.8004
6.36389
0.168787
0.0223474
3.23634
0.0457741
0.0222964
0.322233
0.0222509
0.442259
0.0365263
0.285593
0.0279274
2.10571
3.43279
0.0430608
0.260351
0.0222159
0.572552
0.022957
0.0219208
0.022084
0.0242043
0.0488687
1.3988
0.264393
3.95738
0.0239198
0.0236153
1.36125
0.330864
0.0235504
0.0680619
0.0224319
4.78383
1.93946
0.0220601
0.0664705
0.249668
3.44842
0.0219591
0.0260898
4.3087
0.0312194
5.23234
0.1192
5.78022
0.0260172
0.0244213
0.0219767
0.0219256
2.99936
0.0222841
4.33237
0.136519
0.0808634
0.0222596
0.0222237
0.0243524
0.0222593
0.0218357
0.021911
0.103405
2.33856
2.34048
0.0222796
0.306713
0.0219524
3.42705
0.0542557
0.0480423
0.0347494
0.29748
0.0217504
0.022063
0.0436713
0.0219098
0.0222047
0.0653623
1.52399
0.0216472
2.18626
1.36588
0.0253479
2.1983
1.3781
0.0218428
0.0576744
0.0295558
0.0220555
0.0216267
0.102456
1.3831
3.63647
0.021973
0.0220177
0.021673
0.0258797
0.0229689
0.0240337
0.63043
0.053967
0.0221517
8.81891
0.0321618
0.0339842
0.0221526
16.7535
0.0244255
0.0219198
0.0831449
2.12371
0.0215947
0.0220513
0.0219491
0.0270095
0.0217459
0.0438639
2.532
0.0222315
0.127883
0.0232776
0.0220862
6.56366
2.35993
4.07217
0.0220771
0.0216104
4.14862
0.0261266
4.96941
0.0215712
0.0219047
5.99317
2.18143
0.0314481
0.119808
0.0643898
0.0218888
0.0222717
0.0219942
2.38862
0.0220574
0.0222928
1.55822
0.0277674
0.287236
0.0331938
0.0219376
2.13992
0.0222679
0.0219147
0.0219808
0.0310239
3.43928
0.0221621
0.0219729
0.0219079
0.0218961
0.021944
0.0219889
12.5294
0.0321181
0.0229083
0.022111
0.0321368
0.0647389
0.028414
0.0288133
0.0222839
0.0216661
0.0235802
2.01343
2.85652
0.0237694
3.61389
0.0222152
0.0255739
1.03637
2.09645
0.0218101
0.0221804
0.370526
0.0575966
0.0219089
0.0222484
1.65968
0.0222681
0.0710908
0.0220145
0.595484
0.0222473
0.0223325
0.0221274
0.03203
0.0221977
0.0247461
0.0263216
0.16242
0.0218652
0.0220003
0.0222498
0.0218823
0.0223032
0.022074
0.0326577
0.0221119
0.0606848
2.37083
0.0459201
0.0681375
0.0222018
0.0218098
6.0132
3.21952
0.0216165
2.11871
6.70562
0.021617
0.0219687
0.0218788
0.0957549
0.0631352
2.15162
0.0218591
0.0256194
0.0218616
0.0223251
0.0223169
0.0854258
0.0222726
0.24007
0.0220948
0.0579223
0.0218958
0.0232466
0.021916
0.0463637
0.0619344
5.85866
2.65285
1.99739
0.0530615
0.0219041
2.75267
3.40737
0.0725102
0.0221573
0.0220866
2.09352
0.0218713
3.10087
0.0216378
0.0327012
0.0223746
0.0222698
0.021817
7.44764
2.26424
2.86533
0.0742449
4.79032
0.0219532
1.92036
7.0068
0.0222705
0.0221092
0.0217303
6.13944
0.0215681
3.70325
0.0328242
0.156573
0.0223534
0.836476
6.65443
1.76707
0.029928
0.034204
0.0220412
17.0754
0.0215509
0.672413
0.244675
0.068854
7.0337
2.14779
0.0245814
0.0236666
0.0219506
0.130585
4.002
4.78888
0.0217451
3.86009
0.0277269
0.150698
0.132581
1.55377
1.65413
0.0216751
0.0263155
0.0337183
0.0251566
0.0247118
3.0473
0.0221968
8.85359
0.021789
0.0216511
0.0794848
0.133312
6.04377
0.0228774
19.6162
13.4194
0.623814
0.0270748
0.022233
0.0228785
0.0222269
0.0219189
0.785176
4.86379
0.0222791
0.021922
0.0357276
1.68629
0.0264349
0.0219288
0.439879
0.021941
0.0222749
0.021561
0.0721039
0.0220312
0.0262434
4.35782
0.0642988
0.0223547
4.18055
0.132718
0.0219364
0.0234561
0.0363863
0.0222624
0.0219675
0.0217646
11.2185
4.28908
0.0222644
0.0384421
0.0367779
0.569042
0.0219557
2.02378
0.0218637
0.021753
0.72374
0.405011
0.0723731
0.0220524
0.021896
4.88495
1.37683
0.262913
2.75474
0.022104
0.0244823
0.0220178
7.5264
0.024423
5.42434
0.0227862
0.0219794
0.024294
0.0216829
0.0218777
0.0643392
0.0217806
2.01857
0.0218292
0.022218
0.0215822
0.0261925
2.08624
2.74008
0.0623142
4.90268
0.0219832
0.0365497
0.0238783
5.94743
0.0219014
0.0216598
2.08933
0.0351826
0.0332181
0.0221127
0.736609
7.85197
1.59053
0.0221653
0.0349287
1.00877
0.0356183
1.04172
0.128311
0.0817061
0.0217962
0.0226324
0.07228
0.07767
0.0219903
0.129298
0.0217382
0.0221829
0.0223163
0.021777
0.0219091
0.021991
0.827496
0.0263476
0.0232685
0.0470258
0.021752
0.0219301
0.0393534
1.81029
0.0858616
0.0632462
2.89947
0.0222339
6.80611
0.0298579
4.89152
0.0620155
0.0222018
0.0222243
0.0240271
6.80242
1.74716
0.0516705
0.148781
0.0216613
0.0219099
0.0222478
0.022201
6.87738
0.0266644
0.0220565
0.170639
0.324945
3.87687
0.0230067
2.00166
0.0570175
0.0443929
0.0364816
0.470207
0.228304
0.0223208
1.68545
0.860103
0.0394947
1.5239
0.0505243
0.0223856
0.0222638
0.0219157
0.0232708
0.0274448
19.5325
0.0575687
0.0218732
0.368843
0.0220057
3.70896
3.40508
0.021959
25.9211
0.021826
0.0217756
0.0221486
1.76662
13.5278
0.0564775
0.0316655
0.0217605
0.509307
0.0222313
0.0320232
0.0220922
0.0221694
0.021984
3.45516
0.0228927
0.0426584
0.0295485
0.0222114
0.354788
0.130879
0.0393687
0.0256936
0.0244517
1.45804
1.88002
0.0219747
0.0217757
0.0219711
0.0226841
4.53451
11.3588
0.202735
0.0259591
0.0217852
5.73692
4.27134
0.0222667
20.6271
0.021713
0.0879513
11.9034
0.0217432
5.46805
5.75943
0.123919
5.60281
3.82336
0.0218492
0.0227568
2.373
1.36636
0.0226176
4.30863
0.0255836
0.0219081
0.0222738
0.0236627
0.0441256
0.0260438
0.306541
5.7137
0.24437
0.0347122
0.0220791
0.060993
2.26941
0.0217687
3.51573
0.0493946
0.0222197
0.0249031
0.0222414
0.0222267
0.0319618
2.28705
0.0227635
0.0217916
4.57432
1.48752
0.0831333
0.0222611
0.058979
0.0219307
0.0219328
2.64525
9.78234
0.0219229
0.0214939
1.78981
4.01444
0.0500968
0.0222902
6.74648
0.023036
0.0219297
0.0246036
0.0219338
0.0216552
0.0216226
6.94362
1.91648
0.0262621
1.74259
0.0516182
1.36
5.04633
1.43781
0.19101
0.0219429
0.0222384
0.0225171
0.0219937
0.0747121
0.0218833
0.111666
0.0308803
6.41609
0.0220492
1.50446
0.0367763
4.07167
0.0219265
1.72134
0.033408
0.208305
0.29253
0.0322036
0.0216194
5.18498
0.0603169
1.38808
0.0216118
3.60642
0.0220295
3.74311
0.443525
0.0437655
0.021924
0.022089
1.55529
5.91585
0.0356518
0.0215892
5.55471
0.0850932
0.049333
2.43358
0.0815023
0.0219306
2.69645
0.0219199
0.037543
0.021641
9.85531
0.0216485
0.0241836
0.442535
3.97877
0.0222218
0.0699524
0.0253549
0.0774963
0.0218815
0.308598
0.023554
0.0642491
0.0219455
0.0219866
1.86586
0.0311027
3.73336
3.29268
5.46489
0.0228155
0.0216651
0.0217762
0.0266676
0.0405347
0.0337701
5.53392
0.0240083
4.60751
0.0425819
0.022281
0.0219778
0.0825524
1.31339
8.03097
0.0219109
1.53227
0.0218647
3.37658
1.53656
0.0529176
0.0219972
0.0217507
0.0451136
1.90658
0.0247753
0.0222685
0.0245032
0.0491575
0.0232933
1.28834
1.77903
3.85456
0.0221563
0.0275324
8.12397
0.0221866
0.0634156
0.0218328
0.747583
0.0370187
0.0219511
0.0440248
0.184888
0.0220323
1.94738
0.0219172
0.154296
0.236844
1.54466
0.32198
0.0221664
0.0222339
16.6425
0.0221926
0.0405399
0.0976728
0.0240109
0.0215412
8.45064
0.025051
0.405489
0.023909
0.0667419
0.0226318
0.440804
0.025499
0.0253559
1.8743
1.06086
0.0220909
0.0222729
0.157718
1.48612
1.9063
0.700852
0.0326119
0.0219272
0.0218045
1.40494
0.0221386
3.66311
0.0980683
2.60784
0.022107
0.0217192
0.021795
0.0459827
0.0568722
3.6434
1.51127
0.93442
0.338512
0.0216048
2.38981
0.0232281
0.0776119
0.0232788
0.0429809
0.0618288
0.0219283
0.0215764
0.0770852
0.0216393
0.040489
0.0713471
2.92163
2.69678
0.0451135
1.37084
0.0217633
0.0216581
0.0220748
0.198629
0.0616217
0.04881
0.111986
6.7842
0.0400603
0.146469
0.0218399
0.0221574
14.6348
0.0219863
0.27187
0.0214739
0.0218612
2.62771
0.322794
0.0218624
0.0831123
0.522241
2.19812
2.26299
0.0255655
0.0830137
0.0580485
7.83247
0.0221058
3.18284
4.80075
0.0238621
0.0276861
0.0216166
0.478878
0.0217847
0.0219846
1.76567
0.0223005
0.0215728
0.197075
0.0726505
1.41133
1.43471
3.38009
1.88753
0.0216435
0.021911
0.0218664
0.0222049
7.46539
0.0221354
1.67804
0.0232029
3.68191
0.0246764
0.0221469
0.0216815
0.0222696
0.0308256
0.0221461
0.0215303
0.890085
0.0218205
0.0619347
0.0225302
6.36542
0.0246949
0.0220789
0.0220313
0.0578907
0.0219083
0.0217624
0.0220903
0.0222146
0.0254599
0.0218542
0.023668
0.0320854
2.6451
4.1344
3.86144
2.26715
0.0217683
0.0220058
0.0219275
0.0214373
0.021934
0.0217359
1.08982
0.021859
0.0222516
0.0220694
0.0220451
0.0219941
4.96869
0.0249891
0.0219739
18.5236
0.050139
0.021712
6.40637
6.3002
0.0220215
0.409057
0.631815
0.0220873
0.0469291
0.0241284
0.0215595
0.0279447
0.0220759
0.04846
0.0220133
0.0222471
0.0217469
20.654
0.031441
0.0460575
0.022033
0.0222651
3.47012
0.0260169
0.0220376
0.0242334
0.0247199
0.0222518
0.25015
11.6623
1.22923
1.795
0.22699
0.0381121
0.0222597
11.9377
0.157835
0.0229131
0.0650034
0.0222931
0.0218995
0.0222461
3.09467
0.0470314
0.0220008
0.0220442
0.205436
0.0217308
0.408204
0.0219639
1.77044
0.254333
5.85293
0.02208
0.023332
0.0323139
0.0362087
0.022355
0.0397117
0.0868198
6.31794
0.0220237
0.542727
6.11077
0.0215773
1.39564
0.0442022
0.379882
0.106303
0.0219212
0.0284164
0.045548
0.0216849
0.0259273
0.0215463
4.53651
1.76179
0.0331073
0.0218291
0.148128
0.0774845
2.78122
0.262854
0.0236192
0.0306135
0.0219496
0.0219312
0.0456558
0.052984
18.8146
0.0218164
0.500356
0.0226693
7.66245
0.176827
1.69096
0.021601
0.023046
1.99041
1.74451
0.0436652
2.22149
0.0232803
0.218991
0.0219152
0.021855
2.5481
4.24243
0.0259425
0.0220951
0.0754686
2.14379
0.191139
0.0664217
0.0217733
0.0220163
0.0217168
2.3488
3.99427
0.0217669
0.0515503
2.02306
0.0779415
0.258592
1.57906
5.31633
1.86358
0.0217869
0.0231274
1.41415
0.0218916
0.0497654
1.51387
7.86817
0.0235252
0.0307001
5.03793
0.652821
1.97155
3.39986
1.3463
1.41574
0.0221117
0.0216213
0.0219916
0.0228664
20.2273
0.0558011
0.374636
0.445923
0.0568633
0.0220179
3.37727
0.0217304
0.0337966
0.0219234
0.041354
7.35946
3.11552
0.0220715
0.0216086
0.0464158
4.04686
0.179063
5.65964
0.0455899
0.0221055
0.083488
0.0214721
0.0976499
0.032472
0.0219137
4.00279
0.175507
0.471458
0.058824
0.0223267
0.0215948
6.81432
0.0254964
0.0216249
0.0221453
0.0222558
0.0216829
5.12056
8.79759
1.74096
1.37893
5.12399
0.0247746
0.0219453
3.10028
0.0252729
0.115655
4.66927
0.0218682
3.68659
2.52267
0.0625336
0.0342737
0.878965
0.0232979
1.8178
0.0387589
2.00174
0.021822
0.0230286
0.0415668
3.33896
0.117552
0.0692494
4.33194
1.93288
0.0727871
0.180683
3.23631
0.0247803
0.395279
13.0868
0.036739
0.0626174
1.99239
0.036526
0.0374266
0.0221045
0.0406783
0.0442883
0.0576207
0.0220901
6.17765
0.163987
1.84203
4.65513
1.9131
0.0403621
1.56195
6.01629
0.0218481
3.71841
2.50096
7.85976
0.0284094
0.0243958
1.98547
9.46769
0.0216198
0.234181
0.0217533
0.0219107
4.27654
0.0256223
2.1937
1.60976
1.5234
6.94611
0.0216211
0.0392368
0.0220067
0.0218453
0.118428
0.0626792
0.0280343
2.71708
1.74181
0.0222729
0.027665
1.32402
0.0240355
0.366179
0.0486148
1.32356
1.31538
0.598901
6.10647
6.40751
1.75814
1.33147
1.49875
0.0352879
0.0254444
0.115026
0.115932
2.00272
6.98747
0.0221323
0.02273
4.51442
2.27468
0.0258714
4.24956
0.0219333
0.851911
3.00631
3.4382
0.0219246
1.67955
1.4413
0.0273417
0.0352943
3.92815
3.46569
4.08209
2.62598
0.0220233
8.65378
1.51541
0.041152
0.20924
0.108513
0.0217351
0.0278169
3.47512
1.5641
0.0252388
0.0221715
1.81363
0.090173
1.58371
0.0759616
1.93442
1.36435
0.0219924
8.90453
0.0222852
0.0341763
0.0220846
0.0218558
0.0217042
0.0384361
0.266289
0.021498
12.5052
0.0896083
8.6677
5.90931
1.92355
0.0219107
2.88879
1.56382
1.90013
0.0350715
0.0219279
4.01966
0.358387
1.47441
0.0563445
0.0235761
0.0216872
6.38983
4.91766
0.0339859
11.8576
0.0313971
0.022227
1.42432
0.0551606
17.4883
0.0219653
0.0328563
1.60607
3.99998
1.33546
0.578235
1.31326
1.59551
8.80351
0.0220502
7.49995
0.0483029
0.0218381
0.0215631
0.0219281
4.69781
0.0503077
1.31818
1.38636
0.043453
0.160785
0.103156
2.34537
0.29372
4.2205
4.29159
1.31614
0.0852826
0.0216619
4.88439
0.056822
0.134736
1.38503
1.72949
1.66466
0.0220948
0.024683
0.0488629
0.0220608
0.0220309
0.0287653
1.34264
0.0315725
0.0265093
1.39769
0.0915299
0.726379
3.55595
1.41045
0.400699
1.4295
4.22146
2.03282
0.0635185
0.0337233
0.0221277
1.31904
0.106832
0.244686
0.0641989
0.061464
0.0214566
0.190682
4.39657
0.0285027
0.0215861
0.0235395
7.9383
0.0218762
0.0220277
0.0643874
1.4392
0.0314207
0.0552329
0.168803
0.0308417
0.069457
0.0218666
0.0219848
0.0427146
0.283689
0.0222775
0.0322642
0.283616
5.00717
0.0221446
8.66274
0.0218998
1.37973
0.0233486
0.0235391
0.021555
0.176827
0.0400314
5.22544
9.92247
0.0685162
0.0221621
0.022043
3.47715
6.65833
0.0218723
0.227137
1.42872
0.0548241
0.0783936
0.0214358
0.0227855
0.0219254
1.44414
0.0444927
0.0220522
4.62441
0.0224247
0.0587876
0.365531
0.0217366
0.0972177
0.0624174
16.7485
0.0224587
0.0264743
0.0235223
0.0565109
0.0214122
0.0219059
4.12208
0.294901
0.0782746
0.0219246
1.39508
0.0224173
0.0224273
0.0219589
0.461642
4.54642
0.0242016
6.56587
2.9935
0.0657267
2.93133
8.62448
4.28449
8.78853
0.0625248
0.0772395
0.210587
0.0501291
0.021952
0.030493
0.0325623
5.42724
0.0220809
2.06046
0.0219797
0.415244
0.0918723
0.0229914
0.0231231
10.3309
12.3672
5.47866
1.53129
0.021813
0.0841354
3.80026
0.0274066
8.83534
0.0414495
0.112081
1.33667
0.0394853
0.0219949
0.122885
0.1458
0.0219198
1.39978
0.850323
0.0217095
0.0222391
0.0221213
0.0220115
5.10132
0.0220911
0.0498145
0.0220269
0.0225611
0.0327481
0.0219422
1.50318
0.087772
0.0222007
0.0216309
0.112804
0.0237863
0.0568215
6.2221
4.21229
0.0539761
0.284939
0.040983
0.0215954
0.14506
7.85827
0.038709
1.35032
5.03227
0.0764522
0.0398453
0.0305529
0.0695944
0.0385352
4.11395
0.0221144
0.0222261
0.0218664
1.59521
9.63342
0.0363563
0.125117
0.0219251
0.0285572
0.139141
0.308062
0.0219182
0.0607289
1.37817
0.0885611
0.0219924
0.0219335
18.0742
5.0241
0.0219361
0.527756
0.0343158
0.215454
2.53124
0.0218618
2.94689
0.0319093
0.0220256
3.04101
0.212082
0.0219228
0.0221624
0.321671
0.0217802
0.0220437
0.185749
0.0425403
0.046504
5.33753
0.0260507
0.0504287
1.35779
0.0218594
7.2118
3.81843
0.0259165
0.0726473
0.202719
0.0219833
0.172402
0.0214734
2.20886
1.48185
0.0220061
7.37034
4.702
0.0219452
0.0219456
0.558618
0.0452422
1.63374
1.53607
0.0220957
0.0450397
4.42122
0.0229509
0.0556174
0.0830814
0.0342359
3.3441
0.248525
0.0238479
0.233319
8.54952
0.046311
2.87259
0.0219136
0.0215524
0.0222673
0.042934
3.27317
0.0220661
0.0384334
12.3308
2.3196
0.0222175
0.030616
1.88555
1.47695
0.0222245
7.00066
0.0361526
0.0882017
0.0376324
0.0232665
0.026874
0.0219672
0.0219637
4.5064
0.0219351
0.052676
0.0219847
2.87861
0.0238348
0.0246151
0.0215922
0.024319
0.0219854
0.0436105
4.77652
4.95476
0.0391359
0.0430727
0.0219688
0.031901
0.054867
1.89092
4.42622
0.0218325
1.0046
0.0220251
2.50886
1.40025
4.52793
0.0218292
0.104644
0.0805235
4.3618
0.229702
0.0218488
1.92613
0.332281
0.0381934
4.63167
0.0223338
0.022011
0.0399218
2.19091
0.0219288
5.46678
0.0344829
2.43126
0.0906125
0.0224779
2.07241
0.0286347
0.0221221
0.495369
0.0219721
2.73054
8.20063
0.187907
0.0277896
0.158163
0.0219376
0.102064
0.045966
8.28905
0.022031
0.021637
0.0273336
0.0304123
0.0485188
1.72934
3.40813
0.0362593
0.243378
0.0218091
3.13953
7.67145
0.172152
0.0219243
0.02226
0.0235898
2.86265
0.0220754
0.0276976
2.41373
0.0970291
0.0219944
0.262752
0.0890513
0.0219903
0.0255611
0.117424
1.53077
0.0694519
0.0444671
1.42924
1.52809
4.54813
0.0270606
0.0221338
0.0247541
0.0247988
0.136248
0.0603525
0.0294512
0.0878837
3.26139
0.0241929
0.0219972
4.29241
0.279671
1.81717
0.214274
0.0261103
0.0238171
0.0237979
0.0217713
0.021889
0.0485553
0.0215578
0.0229927
0.0220603
0.0230733
0.0237296
0.0219497
0.0389467
0.0424873
0.0221922
0.0219374
0.0221196
0.0227883
0.0223677
0.277434
0.0220579
0.0235139
1.33811
0.0217157
0.0233827
0.0222751
0.0288664
4.30959
7.54319
2.48403
1.91715
2.14343
0.244873
0.0218737
0.060504
0.0220345
2.53751
0.0235472
0.0297316
0.0221964
0.0577819
0.0219616
0.0331837
0.0217851
2.783
0.161131
0.0220799
2.59194
2.01108
0.022288
0.115338
0.0219525
0.0216007
6.58118
0.0222361
0.0669468
0.189349
0.0221055
0.0215611
0.0745777
1.45145
0.0251736
0.0239124
1.51021
0.0219452
3.3929
0.0531006
10.5274
0.0216725
1.46966
0.0219227
0.0222029
0.30856
0.0627518
1.85334
1.59806
6.0588
3.05541
0.235994
0.132991
0.0220471
0.167804
0.0221234
0.0218225
0.0973271
0.0219097
0.0219853
0.0216081
0.0216128
0.0668869
3.66817
1.44021
0.351154
1.72655
0.0240385
0.0306109
0.0231545
0.0228327
0.0830523
0.0220597
0.0217743
0.0218135
0.0241985
0.0232343
0.188953
0.102526
0.0480597
0.0221099
0.0549999
0.056696
1.60168
4.48677
0.0253497
0.0430228
0.022089
10.3558
1.96907
0.0219215
0.0219355
0.0248432
0.0222129
4.61032
0.431723
3.84684
0.0221345
3.12006
0.022128
2.56918
0.0533565
0.0218127
0.0288148
5.03872
0.027129
0.0286514
0.0327082
0.083778
2.87295
0.021814
0.0219172
0.028271
0.443799
0.0218656
1.78417
3.39988
0.0219661
0.0214303
5.58875
0.0782802
0.0219253
3.77152
12.4557
2.2192
3.66791
0.0298271
1.90442
0.0220727
4.01246
3.34416
0.726467
0.0782279
0.0241786
4.54215
0.0253254
0.0218689
0.0214551
1.65066
0.0216363
7.94583
0.0229254
0.0221803
0.0251947
1.37674
0.0241988
0.0229402
0.022074
7.23898
4.0299
9.92825
1.42921
0.0489868
0.0219304
0.0242359
2.01095
0.113075
0.0219898
0.057508
0.917397
4.35365
0.0220115
4.47764
4.05203
0.0440989
0.0220636
0.0241716
0.0219541
0.0217641
0.0219416
0.0220345
0.0222993
0.0997181
0.0220971
0.151676
0.0226244
0.0227882
4.55749
0.0831873
0.0238823
0.0229073
2.07103
0.0215664
0.0228846
0.0264967
0.0218171
5.33275
0.0343511
0.0228657
0.0448413
0.02199
0.0285599
0.0218745
0.165416
0.0218222
0.0219103
4.81251
0.0240907
0.22545
0.0355272
0.0238396
0.0994933
0.0214157
0.0220898
0.0227254
3.88054
0.0244631
0.0219233
2.00979
0.022009
0.0216254
0.021886
0.656775
0.0324034
0.163326
0.033869
0.0309918
0.0504579
0.0241689
0.0275833
0.048048
2.10692
0.0222727
0.028944
0.0218199
0.23373
0.229462
0.0219066
0.0315683
3.29742
0.0300861
0.0215546
5.06022
0.0262546
0.0804901
2.32907
0.030563
0.0219003
0.0301896
0.0219233
0.0249699
0.0219069
0.0234926
0.0263177
0.0219714
0.0220685
0.0321413
0.0221658
0.0943999
0.0219602
0.0238132
0.021939
0.0324703
1.48584
0.0221218
0.0220692
0.0994283
0.0235587
0.0219755
2.63728
3.65421
2.97363
0.0220726
0.0248266
0.0400585
0.0222446
0.0221261
0.0366581
0.17739
0.0215366
0.0531862
0.0219814
0.0218907
0.0217866
0.0215294
0.0231577
0.0446035
0.0367958
0.0284181
1.42246
0.024666
0.0284232
0.0217396
2.60644
4.14197
2.61704
0.0220475
0.0492719
0.0289119
0.0220209
0.022121
0.0416874
1.34642
2.31776
0.0220201
0.0294625
4.57228
0.0228122
0.189609
6.05365
1.38904
0.0318194
0.0220011
0.0403986
0.0497941
0.312513
9.50443
6.50657
1.36394
0.022946
0.0221738
0.0219334
0.106757
0.0219698
0.0216886
0.0417034
0.0219144
0.0219276
0.0218796
0.0525441
0.0220267
0.0217786
0.0219747
2.28178
0.0215541
0.022039
0.022108
0.0228759
0.0219405
0.0726206
0.082542
6.97865
0.021602
0.0287231
0.140328
4.84188
2.09049
0.0222617
0.0222752
0.0527013
0.0915375
0.0261635
0.408009
0.0219335
3.94364
0.022278
1.33766
0.0229505
0.0219242
0.0526054
0.0219523
0.0220905
0.0228552
0.612657
0.0247885
0.0224874
0.0221782
0.0219716
0.0442963
0.0220484
0.0219189
0.0268592
0.0996074
0.0247975
0.0219339
1.32875
4.26747
0.0220098
5.00796
0.0221437
0.0330423
0.0758048
0.239356
0.0236835
0.023109
0.0220844
0.261462
0.0290894
0.02233
0.0219052
0.0233876
0.673393
0.0222029
0.0395578
0.0242288
0.0352181
0.0510861
0.0417056
0.0869162
3.65485
0.0253092
0.022041
6.12076
0.590947
0.021933
0.0214934
0.0220637
0.0219815
0.021918
0.0242103
0.0216751
0.0220788
6.82939
1.43069
0.0361502
0.021948
1.92335
0.0242443
0.0217003
5.39908
0.0244187
0.0216596
0.0220945
0.0220391
0.042535
0.0220884
0.0548512
0.0219262
0.0217827
0.0219617
0.0348615
0.0391748
0.0218949
0.0671876
1.41036
0.0232324
0.0218932
0.0619511
0.0217291
0.0220367
0.0218626
0.0334819
0.022054
3.9193
0.022356
0.260671
3.10028
0.056807
0.0238532
0.0224259
0.0220655
0.0219407
0.0301913
0.179146
0.11931
0.0218111
0.0239187
4.1742
0.021604
0.161094
0.0219675
0.0236069
0.0318935
0.0612679
0.0219587
0.0384197
0.0284061
0.0584859
1.45531
4.13417
0.0219525
0.0219288
0.0328821
0.0231152
0.0227298
0.0518452
0.0230382
0.125832
0.0217836
0.0712258
0.0221062
0.0804808
0.0575602
1.35887
4.65237
0.0219234
0.0420333
0.793127
0.21469
0.0216026
0.0218351
0.134658
0.0219449
0.022005
0.0217451
0.0215196
0.0703743
0.0900189
18.2435
0.0220219
0.052673
0.0222549
0.0215931
0.0232606
1.72559
0.23967
0.0219237
0.0221383
0.0218412
6.24204
0.0220283
0.0219471
0.0224979
0.0219626
0.0433901
0.021836
1.64885
0.0219885
0.0228822
0.0225319
0.0219096
0.0217555
0.0220101
9.19227
0.0217836
0.021955
0.243505
0.0219469
0.0220435
0.0221128
0.0221561
0.0563845
0.0219124
0.0219772
2.40778
0.0241973
0.0220392
0.0222824
0.0215397
1.30697
0.0230352
0.0222314
0.0219086
0.0273637
0.0219711
8.1281
0.0217966
0.0220137
3.9833
0.0219781
0.063082
0.0222036
0.0214199
0.0215207
0.0308544
0.0380024
0.0218537
0.022286
0.0248374
0.021909
0.0221107
0.0221093
0.0219575
0.0218045
0.0218849
5.08306
0.0219607
0.0218397
1.47522
0.0219525
0.0281246
0.126315
1.49822
0.0218188
0.0220787
0.0219613
0.0216393
0.0230087
0.0407681
0.0240458
0.0433825
0.0217785
0.0269448
0.0220233
0.0214802
0.0304934
0.0589078
0.023691
0.0317601
0.0220278
0.0219606
0.0221202
1.52305
0.0241097
0.0220144
2.89456
0.0233353
2.30209
0.0220639
0.0219339
0.0217471
1.63858
0.0219778
0.025384
0.0233649
0.0220726
0.0219682
0.0220883
0.0221049
0.0251554
0.0219076
0.0390243
0.0222476
0.0430651
0.0215153
0.0216347
0.0246865
5.47601
0.0221488
0.0220494
0.0226372
0.0219354
0.0249314
2.66956
0.022796
0.0273836
1.939
5.27732
0.022749
0.0230598
0.203885
0.112157
0.0236568
0.0221158
0.0219678
3.70959
0.0229322
4.42111
0.0217218
0.021542
0.0221046
0.0219935
0.0232644
0.0215867
0.0219886
0.0222649
0.0730237
0.0238709
0.0228252
0.0216361
0.356137
0.0781676
0.0215197
0.0221041
0.0235279
0.022239
0.0220594
0.0215984
1.56693
0.0216137
0.0219438
0.0670567
0.0215865
1.47771
0.021824
0.0525897
0.0294406
0.0219708
0.0215492
0.0219247
0.0223057
0.0220437
0.0218302
0.0216247
6.31542
1.63441
1.69433
0.0216162
8.20118
0.0219955
0.0677635
0.0219236
0.0219268
0.02211
4.21391
0.0219498
0.0219093
0.0221267
0.0219926
4.61108
0.0219399
1.4661
0.0214558
0.0227553
1.63535
4.09491
0.0219837
0.0219594
0.0283254
0.0220194
0.137784
0.0217535
1.35735
0.0217751
0.0364799
0.0221395
0.0218183
0.021945
0.0219815
0.0232489
0.0218852
0.0344707
0.0408257
0.115751
0.0217863
6.44822
0.0218962
10.779
0.0219134
5.54682
1.74859
0.0217505
0.0219115
0.0216085
0.0218857
0.0220442
0.0221341
0.0215947
0.0227612
0.0214491
0.0881084
0.0221105
1.45638
0.0215849
0.0215448
0.0219284
0.0219263
0.0229937
7.83126
0.0234688
2.62355
0.0215654
0.0221197
0.0408344
0.0215858
0.161637
0.023663
0.0219323
0.0414629
0.0215106
0.0219729
0.0225721
0.0217514
0.0290884
0.0416961
0.0216448
0.0221125
0.0220462
4.27318
0.0235248
0.0216082
3.99018
0.0628705
0.0216328
0.0219187
0.161343
0.0232021
0.0214482
3.92503
0.228455
0.0232146
0.0214549
0.0222396
0.03646
0.0215712
0.189065
0.0216233
0.0217074
0.0470255
0.0548717
0.0216161
0.0216281
0.0215259
0.0217523
0.021764
0.0415421
0.0219722
0.0217766
0.0221113
0.0218574
1.83977
0.0222722
7.11759
0.027949
0.0299193
0.0221421
1.40668
0.0219721
2.18656
0.0215526
0.0219611
0.469395
0.0219744
0.023021
0.0216596
0.0251421
0.0217331
0.0289492
0.0215914
2.22511
0.0222032
0.0215973
0.0215455
0.0215774
0.101861
0.0217887
2.41633
0.0219172
0.0251862
0.0215049
0.0220198
0.823908
0.0220019
0.105768
0.0218182
0.0232776
0.0221697
0.0221335
0.0225785
0.0219279
0.0219849
0.245346
0.021575
0.0219483
0.0225977
0.0220589
0.0220558
0.0355886
0.021941
0.0219178
0.0218531
0.0216338
0.0217645
0.021999
10.9457
0.178584
5.80251
0.0214444
0.0242907
0.0221266
0.0278703
0.116556
0.248735
0.0348981
0.0215766
0.0219802
0.0220537
0.0221443
0.0221155
0.0219121
6.11141
0.0519323
0.0219303
1.30436
0.0221375
5.19824
0.0219644
0.0218921
0.0218059
0.0215873
0.0214886
0.021914
0.0216631
0.0218101
0.0424706
0.0230353
0.0219233
1.41212
0.0215687
0.0230693
0.0219893
0.0216271
0.0219372
0.274569
0.0218006
4.51609
0.0219191
0.0216123
0.0362911
0.0218943
0.029495
0.095129
0.0216984
1.55996
0.0876639
0.0216099
0.0229167
0.0215393
0.217989
0.0216138
0.0300533
0.0233484
0.0217968
0.0217445
0.0218442
0.021963
0.0227165
0.021762
0.0226065
4.24197
2.17332
0.0232789
0.0219656
0.236849
0.0362108
4.91913
0.0218042
0.0218849
0.0219661
0.0223818
0.0219337
0.0216252
0.0216128
0.0219769
0.0427254
0.0216619
0.0220247
0.0262027
0.0219904
0.0299977
0.0220446
1.7368
0.0218692
0.0219281
0.0232282
0.0430148
4.74668
0.0219118
0.0221557
0.0218809
0.0221345
1.58714
0.0225684
0.021948
1.32851
0.0218782
0.0219991
3.40662
0.0221898
0.0218582
0.0214763
0.021918
0.021812
0.0220042
0.0362074
0.0217936
3.90868
0.0220996
0.0238611
4.84632
0.021984
0.0216489
0.0220637
0.0214488
0.0216198
1.8887
0.0219736
0.0220136
0.0225887
0.0218859
4.66841
0.0218101
0.141163
0.0217328
0.0842038
0.368641
0.0922385
1.99919
0.0284068
0.0358513
0.0312517
0.0218808
0.0219941
0.0236226
0.182273
0.0604023
0.0215344
0.0220105
0.0219736
0.0217616
0.0216057
0.134524
1.30811
0.184018
0.022278
0.0221625
0.0310819
0.0220408
0.0220781
0.0220016
0.0220495
0.0219481
2.73952
0.0234526
0.0225537
0.0215089
0.0666852
0.0216389
0.0220732
0.0217257
0.021559
0.0219045
0.0220499
0.0585924
0.0217885
0.0257728
7.56292
0.0216711
0.022105
0.021672
3.70848
0.0215287
0.0217793
0.0481425
0.0219845
0.0744182
0.0217735
0.0215501
0.0226304
2.42459
0.0222524
0.0220945
0.0216841
0.0217798
2.7615
0.0235752
0.021751
0.163273
0.0219128
0.0217664
1.46513
0.0222935
0.0222941
0.022293
0.0222925
0.0222918
0.0217533
0.0237388
0.023313
0.0733562
0.0215851
1.73821
4.72175
0.031827
0.0219883
0.021806
0.0219054
0.0221185
0.0217804
0.0221339
0.0217634
0.163278
0.0219373
0.0217924
0.0217751
7.31146
0.0220469
0.022135
0.0221475
0.0219596
0.0218974
0.0218139
0.0227837
0.0235773
0.0221974
0.0229599
0.0232701
0.0223135
0.022466
0.0226033
0.0219789
0.0222858
0.0215527
0.0218092
0.021705
0.022672
0.0217928
4.83563
0.0218698
0.0218521
0.0219709
0.0214303
0.0233733
0.0219763
0.0220303
0.0219299
4.36228
2.02566
0.0215833
0.0217994
0.170911
0.0352959
5.03844
0.0218373
0.0251117
0.0359265
0.0215556
0.0221956
0.0219642
0.022221
0.0219261
0.159688
0.030307
0.034582
0.0219582
1.70631
0.0221254
0.0222174
1.33204
2.4053
0.0217489
0.0218683
0.0222614
0.0229803
0.0219198
0.0219991
0.0218608
0.0244362
0.0215693
0.160195
0.0217952
2.08962
0.0217932
0.022016
1.77342
0.0231547
0.0218215
0.0224816
0.0218898
0.0220274
0.0304076
0.0221682
0.346255
2.30134
5.06051
0.0217685
0.148348
0.0218787
0.0221809
0.0219826
0.0218467
0.0217462
0.0219989
1.86701
0.0218149
0.0219345
0.0215998
0.0218968
0.021892
0.0215738
0.0228332
0.0219859
0.0217414
0.0219436
0.0220302
2.21826
0.021934
2.353
0.0222944
0.0219984
0.0217849
3.81273
1.4265
0.021601
0.0216484
5.25736
0.046324
0.021938
0.0220296
0.0325483
0.0217801
0.0219239
0.0217857
1.9174
0.0220919
0.0220552
0.0222838
0.0218943
0.021962
2.93728
0.0217968
0.0217124
0.0218091
0.0220783
0.0219214
0.0218954
0.0219531
0.0219385
10.4233
0.0221029
0.0220089
0.0216799
0.0314959
0.0217163
0.0331719
0.0220402
0.0216813
0.0219537
0.0217851
0.0219497
0.0220567
0.0221219
0.0216313
0.0217938
9.88313
0.02197
0.0340121
0.0219733
0.0219052
0.0216457
0.0219294
0.0312634
0.0220216
0.0215386
0.0219442
0.0219163
0.0243106
0.641486
0.0217402
0.0214918
0.0220347
0.0220593
0.0219985
0.192694
0.0218012
0.0220066
0.0323908
0.0217557
0.0547716
0.0218389
2.49561
0.0219385
0.0217839
0.0220876
0.0219312
0.021951
0.0270588
0.0218741
0.0220263
0.0219091
0.0219853
0.0221256
0.0217581
0.0218911
0.021657
5.57101
0.0219764
0.0222321
0.0999598
0.0246906
0.0217978
0.0215746
1.07889
0.0229651
4.43421
0.0217983
0.0927349
0.0222839
0.024819
0.02154
0.0220319
0.0219174
0.0217653
0.0219224
0.0219179
0.0219543
4.27815
0.0214271
0.022042
4.93772
0.0221212
0.021629
0.0224364
0.0219244
0.0331284
0.0217019
0.0310246
0.0218646
0.0221219
0.022126
0.022129
0.02184
0.0219641
0.0253525
2.43646
0.0222119
0.0221311
0.0218482
0.0220074
0.0216243
8.79706
0.0233804
0.0220446
0.0218975
0.0215927
0.0216987
0.0270506
0.0217944
0.0214755
0.0220668
0.0219745
0.0215102
0.0227967
1.19882
0.0221229
0.0218141
0.0222806
0.0220091
0.0220432
0.0214619
0.0220732
0.0220285
0.0220749
0.0221394
0.0215174
0.0219136
0.022023
0.0219372
0.0221565
6.01291
4.00408
0.0220578
0.0237754
0.0218537
0.0259939
0.1402
0.0216064
0.0217978
0.0294457
0.0228296
0.035533
0.0220258
0.0219565
0.0219434
0.0219877
0.0216004
0.0219128
1.70773
0.0338295
0.0215783
0.0247613
0.0226463
0.268988
0.0216654
0.0216313
0.0215253
0.021737
0.0219091
0.0838334
0.0218444
0.103064
0.051422
0.0247411
0.0219187
0.0220832
0.0218474
0.0219127
0.0224585
0.0218971
0.0219309
0.0305536
0.0220475
0.0218269
0.0221605
0.0220348
0.021978
0.0220109
0.0219905
0.0217333
0.0220115
0.0218986
0.0220294
0.0220185
0.0374672
5.94304
0.0377562
0.0217221
2.86727
0.0220468
0.0216842
0.0724101
0.0223645
0.0218814
0.0219345
0.0219008
0.0219415
0.0216943
0.022034
0.0225025
0.0219246
0.0219401
0.0217982
6.56171
0.0217797
0.0219026
0.0305068
0.0217683
0.0217586
0.0219857
0.022293
0.0221489
21.0179
0.0218846
0.0425532
0.0219747
0.0517775
0.151757
0.021462
2.90991
0.021951
0.0219657
0.0217143
7.28943
1.99649
0.0216073
0.0280422
0.0221568
0.0231342
3.49848
0.0246811
0.0219541
0.0216013
1.06345
0.0219738
0.0229935
0.0220245
3.79487
0.0219374
0.0215488
0.0217708
8.57366
0.0217991
0.0219812
0.022005
0.0217037
0.0220147
0.0220898
0.0219995
2.83095
10.2222
0.0219984
0.0237565
0.0248575
0.0903348
0.0217209
0.246518
6.53532
0.0215684
0.0216502
10.485
0.027508
0.0220163
0.0218018
0.0222928
2.4613
2.85569
0.0221632
0.0221374
0.0229059
0.0220705
0.0219791
0.0224918
0.0222559
0.0220499
0.0219202
0.0337209
0.0215371
0.0237373
0.0226036
12.5556
0.0215625
0.022061
0.0219088
0.0226571
14.6721
0.0221298
0.0562801
0.022783
0.0219963
7.81327
0.0220793
3.22744
9.89813
0.0218388
0.0221217
0.0219307
0.0225455
0.0219997
0.0218378
0.0275914
0.0214419
0.760465
1.85991
1.32852
0.0220029
0.0258854
0.0219495
0.0215762
0.0219988
0.0221435
1.52906
0.0220847
0.0220805
0.0218188
0.0221386
0.0221821
0.022164
0.0220028
0.0219973
0.0221058
0.0215225
0.125165
0.0226892
0.0827415
0.0221259
0.0219109
0.0219643
0.0220312
0.0216983
0.0220495
0.0226272
0.0252546
0.0216856
1.31499
0.0220979
0.117218
0.0219222
0.0219314
0.0763914
0.0293659
0.021936
0.0219843
0.0220335
0.0219397
0.0216112
15.9742
0.0482661
0.0219353
0.0215445
0.0221154
0.0219986
0.0943273
0.021995
0.0215059
0.0220461
1.32345
9.53617
0.0216941
0.0218303
0.0219759
0.0219536
0.0237818
5.4297
0.0331066
0.0761864
0.0216123
0.0484801
0.123057
0.0221015
0.0222376
0.144186
0.0227657
0.0216603
0.178165
0.0241549
0.0233141
0.0217882
0.0519853
0.0220366
0.0219979
0.0674867
0.0219697
0.0242085
0.0220111
0.0733085
0.0215201
0.0220203
3.84384
0.0262559
0.0221271
0.0347834
0.0216216
0.0289856
0.026441
1.94556
3.70783
0.0222759
0.0217154
0.0328599
0.0220231
6.81981
1.36505
0.0220833
0.0220573
2.93439
0.0216455
0.022184
0.0509142
3.1388
0.0708667
0.0216479
0.0219389
0.021905
0.0217994
0.0217358
0.0220321
0.0452919
0.0220293
0.0215039
0.0218909
0.0219608
7.59093
0.0327173
0.0221831
0.0237504
0.0215376
0.022216
0.0318361
0.0220911
0.037109
0.021895
6.79124
0.0215028
0.0218032
0.0380484
0.0221801
0.0220993
0.0221924
0.0254815
0.0215392
0.0226319
0.0215672
0.0218822
0.0216888
0.0233478
0.0219913
0.0219138
0.0220667
1.46964
0.044222
0.0215874
0.0219246
0.0219267
0.0215308
0.0650673
0.0709302
0.0218615
0.0220446
0.0218149
7.40865
11.4433
0.022065
0.0215931
0.0215515
0.0216306
0.0222177
0.0218747
0.0217957
0.0218621
0.0470101
0.0219273
1.32336
0.0220286
0.0218304
0.0220182
0.0728811
0.0217222
0.0426762
0.0218331
0.0219529
0.021924
0.0347696
0.0220121
2.1735
0.0219893
0.0222926
0.0220129
0.021747
0.0318782
0.0227669
0.0218519
0.0215834
0.0220967
0.0220322
1.57997
0.048872
0.0220747
0.109562
0.0218862
0.0221412
0.0271028
3.02604
0.0220191
0.0224348
0.0300788
0.0266027
2.86766
0.0216311
0.0218776
0.0657899
0.0541847
0.0214334
0.0221147
0.0221746
0.0217873
0.0240522
0.0219311
0.0219091
0.027492
0.0215253
0.0505964
0.0218114
0.0218201
0.0219511
0.0218441
0.0216554
0.0220501
0.216664
0.0222521
0.0218458
0.0217545
0.021687
0.0218143
0.0220188
0.0366879
0.0601361
0.0217278
0.0222421
14.8749
0.0570197
0.0778225
6.06519
0.0219169
0.0217551
0.0217414
0.0217249
0.0577696
0.0221235
0.106879
3.07596
1.41429
0.0220477
0.0224141
0.0215814
0.022238
0.021977
0.0278309
0.022263
0.0262954
16.1979
0.0218111
1.15553
0.0257029
2.21923
0.0220653
0.021765
0.021706
4.01935
0.0217976
0.0222588
2.02223
1.31496
0.0219201
0.0218528
0.0223653
0.0216515
0.0217836
0.067463
0.0217866
0.0218395
0.0278958
0.0221141
0.0218109
0.0216084
0.97642
0.0219299
0.0221306
0.0219576
0.0563942
0.0217693
0.022014
0.0303522
0.0236234
0.0218706
0.0632907
0.0403039
0.0241845
0.0556652
0.0235636
0.0219994
0.0218734
0.0217556
0.021708
0.0218485
0.0221585
0.0221296
0.0278314
0.0221856
0.0219848
0.0624455
0.0571008
0.0219271
0.0215956
0.0220208
0.0220291
0.734561
0.0217448
0.0236535
0.0389922
0.356591
0.307295
0.0218587
0.0356293
0.0541119
2.42056
0.0218852
0.0219863
0.0226293
0.0218629
0.0222724
0.0218973
0.0420534
0.0214431
3.08478
0.021919
0.021981
0.0217423
0.0219429
0.0220365
0.0222654
0.0220285
0.0221266
0.0222453
0.0219407
2.74686
0.0217847
0.0219394
0.46147
0.0220213
0.0220135
0.0516081
0.0219984
0.0220739
0.0289298
0.0221462
0.0218332
0.0222716
0.0219491
0.0218225
0.0219206
2.80222
0.027019
0.0227092
0.0218846
0.0219041
0.0218789
4.20622
4.31636
0.022774
0.0220033
0.0219262
0.0243611
0.0219593
0.0301904
0.0219441
0.0221955
0.0220437
0.580358
0.0404132
0.0217546
0.0414511
0.0219479
0.0339635
0.0221208
0.0217183
0.0221056
0.0221455
0.0218022
0.0217761
0.021889
0.0221696
0.20697
0.023871
0.0218616
0.0286506
0.024409
0.0490764
0.0227264
0.0222524
0.0219724
0.023151
0.0218879
0.022425
0.0217087
2.55297
0.334543
0.0227267
0.0380495
0.0215493
0.0219581
0.0219287
0.021702
0.0219099
0.0223735
0.0220944
0.0219953
0.0222107
0.26144
0.024808
0.0217157
0.0219228
0.118241
0.0220187
0.0218718
0.0481212
3.64951
0.021976
0.0218558
0.0219444
0.0218239
0.0219605
0.195714
0.0218263
0.0217238
0.0219982
0.0220078
0.0222113
0.0221688
0.0216878
0.0263406
0.0219594
0.132689
0.0221777
0.0236695
0.0440327
0.0219916
0.0220944
0.0219246
0.0222941
0.0221003
0.0221364
0.0226446
1.73461
0.022035
0.0217293
0.0500977
0.0220075
1.07026
0.125286
0.02197
0.0220235
0.022119
0.0217719
0.0220569
0.0217511
0.0219886
0.041417
0.0222926
0.0215981
2.42163
0.0222045
0.0220973
0.0222075
0.0217957
0.0680898
0.0295805
0.022077
0.0219497
0.021662
0.0220396
0.0219336
0.0221077
0.0292204
0.0300399
0.0219818
0.0221536
0.0214613
0.021981
0.0216897
0.0219292
0.0219928
3.1111
0.0233632
0.0219437
5.52307
0.0221481
0.0220909
0.0222931
0.0221097
0.0219797
0.0219372
0.0221235
0.0221644
0.0220241
0.0218343
0.0222849
0.0221412
0.0219023
0.0222937
0.0221338
0.0221748
0.0218911
0.0221745
0.0217031
0.0222865
0.0218454
0.0221242
0.0221204
4.75339
0.0220423
0.0220274
0.0218217
0.04158
0.0220457
0.0219015
0.0218038
0.0219261
0.0235834
0.022293
0.0221445
0.0217323
0.0222935
0.0221734
0.0221311
0.022799
0.0222917
0.0222277
0.0219015
0.022293
0.0221051
0.139525
0.0218654
4.47302
0.0222445
0.0220587
0.0305909
4.89381
0.0230301
0.0219448
0.0220419
0.0215869
0.0221139
0.0220287
0.0217163
0.0270406
0.0217857
0.0219805
0.022102
0.0467938
0.0240681
0.0218079
1.32368
0.0582978
0.0218962
0.0218315
0.0220572
0.0233138
0.0219061
0.0238617
0.0247446
0.0217719
0.0215259
0.0221353
0.0220255
0.022087
0.0220761
0.0221867
0.0222497
2.53329
0.0219921
0.0220448
0.0221187
0.021702
0.0465865
0.0217683
0.0221569
0.0221748
0.0221287
0.0220662
4.75549
0.0401152
0.021854
0.0218054
1.42368
0.0217529
0.0221236
4.6969
0.276739
5.67148
0.0221731
0.0221684
0.0469709
0.0227711
0.0219833
0.0218351
0.0217337
0.0219498
0.0218106
0.0219973
0.0356242
0.0221059
0.0221271
0.0218502
0.0215281
0.0219964
0.0217187
0.0218698
0.0221421
0.0215726
8.91687
0.0221786
0.0220196
0.037723
0.0220388
0.0218514
0.0220637
0.22244
0.0218038
4.2375
0.0219783
0.0218254
0.0233557
6.06495
0.022047
0.0220346
1.52465
0.0221982
0.0232164
0.0220398
0.0219124
0.035954
0.0216742
0.0312091
8.0128
0.0219353
2.57414
0.0222419
5.16045
1.0575
0.112238
0.0222428
0.0218928
0.0214099
0.0221275
0.0218405
1.49711
2.09255
0.0216854
0.0221752
0.0723883
0.0218846
0.0222357
0.963263
0.0218819
0.0222755
0.0219675
0.0450751
0.0991098
0.0218477
0.0231431
0.022128
0.0219921
0.0217413
0.0954382
1.83882
0.0240348
0.0259198
0.021962
3.02973
5.55839
0.0220599
0.0219149
0.0221995
0.0217059
0.0220234
0.0220364
0.0221967
0.02282
0.0214249
0.0341616
3.12132
1.78069
0.0221432
0.0221822
3.10954
0.0221618
0.0225026
5.2025
0.0221556
3.65281
0.0260725
0.022181
0.0219518
0.0293895
0.0217558
0.193186
0.0221994
4.97106
4.36137
0.0220052
0.0222002
0.0221209
4.02746
2.6863
0.0215008
4.75461
0.0219699
0.0222301
0.0217974
0.0217204
1.88608
0.0274582
0.021835
0.0221609
0.0246973
0.0218094
0.0220107
0.022223
0.0221417
0.0218564
0.021686
0.0792295
0.0222254
0.0214896
0.0635277
0.0221786
0.0222029
0.0221385
0.0221267
0.0214589
1.33949
0.0227027
0.0269723
0.170605
0.0221905
0.0220923
0.0215849
0.0221719
0.0221901
0.0564941
0.026875
0.021681
0.0217293
0.0222029
0.0217403
0.0222288
0.0274546
0.0219768
0.0222081
0.0221172
0.0222072
1.35681
6.426
0.0216335
0.0229565
0.02188
0.0215707
0.0862434
0.0313344
0.0221524
0.0221865
0.0217397
0.0219627
0.022071
0.0219533
0.0214569
0.0243093
0.0222434
0.0222153
0.0222085
0.0221615
0.0219937
0.0216833
0.0221523
0.0217843
0.0220442
0.0216654
0.0221513
0.0222193
0.0574149
0.0215354
0.0221155
0.0217963
0.0221542
0.0221301
0.0221432
0.0230045
0.740264
6.88983
0.0221585
0.0227206
0.0220491
0.0218464
0.0222453
0.021672
0.0217005
0.0219366
0.0219853
0.023911
0.0222459
0.0221992
0.0219155
0.0219319
1.38072
0.0222323
0.0219561
0.0216389
0.0218423
0.021797
0.0215525
0.0269117
1.97907
0.0220997
4.4828
0.0220819
0.0226124
0.0221115
0.0217494
0.0545485
0.0222229
0.0220592
0.0219316
0.0253328
0.0216601
0.0220427
0.0221842
0.021899
0.0216854
0.121084
0.022053
0.0217261
0.0219553
0.0217598
0.021819
0.139376
0.0218802
0.0242487
0.0221081
0.0220812
0.18865
0.02279
0.0215983
0.0219349
0.0217695
0.0217912
0.0221721
0.0221183
0.0216726
0.0248799
1.37522
0.0221932
0.0218321
0.0215561
0.0218827
0.0222269
0.0221402
0.0220747
0.0222131
0.097235
0.0214875
0.0218922
0.021472
0.0422093
0.0222192
0.0221787
0.0218842
0.0221089
0.0222718
0.0216216
0.0216669
0.0218664
0.0216048
0.0218684
0.0220286
0.021625
0.0215877
0.022165
0.0222272
7.12528
3.86726
0.0220657
3.33388
0.0220328
2.21838
0.0222847
0.0219758
0.0513656
0.0220352
0.0219106
4.17761
0.0218072
0.0217811
0.193083
0.021772
15.4555
0.0226402
0.0221316
0.0221857
0.0217917
0.0217028
0.0226489
0.0218054
0.0221572
0.0218457
0.0221554
0.0221363
0.0218023
0.0217781
0.0225092
0.0223775
0.0221579
0.0219057
4.0169
0.0220135
0.050206
0.0221506
0.0223671
0.0215661
0.0217645
0.0492572
0.022108
0.233954
0.0217404
0.0221293
0.0219308
0.0217822
0.0219944
0.0221952
0.0293414
2.37649
0.0219449
0.106841
0.0220706
0.0215521
0.0220592
1.41329
0.021917
0.0217511
0.0225146
0.0219375
0.0653898
0.0313727
0.0220594
0.0219532
0.0218655
0.0219555
0.0217919
0.0219282
0.022165
0.0218564
0.0259213
0.0220596
0.021963
0.0220143
0.0220843
0.0221508
0.0220892
0.022131
0.0219423
0.0219043
0.0218387
0.0219532
0.0221305
0.0219715
0.206218
0.0219909
9.83678
0.0217246
0.556711
0.0219873
0.0218573
1.51965
3.85205
0.021876
0.0217421
1.47935
0.0219047
0.0220597
0.0513122
0.025874
0.0220872
0.0254958
4.29401
0.0220184
0.033103
0.0222001
0.0220029
0.0221726
0.0220895
0.0220341
0.0222715
0.0222424
0.0220012
6.25423
0.0215113
0.0226865
0.0220747
0.0397257
0.0218599
0.0222118
4.65127
1.66113
0.022137
0.0222072
0.0246985
0.0215289
0.0216931
0.0219272
0.0220599
0.0280004
0.0219178
0.0215097
0.0221161
1.73138
0.0220951
0.0220431
0.031771
0.0220786
0.0222227
2.90049
4.77367
0.0214949
0.0221878
0.0218891
0.160332
0.0221499
0.0214961
0.0216768
0.0218002
0.0220289
0.0220818
0.02205
0.0222856
0.021857
0.0218871
0.0215899
0.0215099
0.0218695
0.0220719
0.0214702
0.0289765
0.0217373
0.0222847
0.0220238
4.83556
0.021684
0.0218159
0.0217935
0.0220816
0.0220245
0.0217966
0.0220925
0.0221996
0.022061
0.0221439
0.0216785
0.0220533
0.0221604
0.0222178
0.0216285
0.0221847
0.0214739
0.0217103
0.0218053
0.0219313
0.0221597
0.0221634
0.0221035
0.0218731
0.0219691
2.57686
0.0219314
0.0219652
0.022002
0.0221257
0.0218747
0.0277708
0.0264115
0.0354734
1.41513
0.0669452
0.0219822
0.0215065
0.0217161
0.0221764
0.022196
0.0228
0.0216966
0.0220896
1.37749
0.0220602
8.1286
0.0215339
2.6451
0.0220751
0.0223817
0.0216833
0.0216233
0.022182
0.0215624
0.0219608
0.0219731
0.0217924
0.0296342
0.316368
0.0221482
0.0219535
0.0217243
0.0221815
0.0392769
0.0220217
0.0219407
0.0221671
0.0219853
0.139996
0.0214514
0.0221846
0.0220322
0.0220414
0.0221666
0.0221874
0.0220612
0.0217673
2.73516
0.0220966
1.62989
0.02997
0.0219356
0.0218756
0.0218954
0.0219867
0.0238621
0.0222184
0.0222456
0.0469024
0.0220113
0.0221686
0.0218887
0.0480598
0.147377
0.022225
0.0220025
0.0216823
0.0218613
0.0219837
0.0221809
0.0272949
0.022069
0.0241359
0.0360091
1.85971
0.021964
0.0219427
0.021951
0.0330299
0.0394134
0.0221605
3.11921
3.37773
0.0219584
7.86037
0.0219318
2.56602
0.0218922
0.0219449
0.0220586
0.0217214
0.0220589
0.0221684
0.0219469
0.0221529
0.0222027
0.0237541
0.0219485
0.0221107
0.0214443
1.39481
0.021593
0.0218449
0.0270689
0.034543
0.0216863
0.0224964
0.0220374
0.0218002
0.0221504
0.0216424
1.51185
0.0220497
4.07815
0.0219704
0.0221333
0.0224861
0.0219057
0.0216491
0.0226179
0.0219308
0.0219168
0.0215944
0.0217505
0.0220293
0.022049
0.0237151
0.0222047
0.0239547
0.022018
0.0221164
0.0220048
0.0220968
0.0298408
2.24642
0.0220049
0.021524
0.0219658
0.0221389
0.0218394
0.0218589
7.25749
0.0217951
0.0220105
0.0262166
0.0911134
0.150746
0.0219387
0.0215275
2.18856
0.0220438
0.0215557
0.0359745
1.60288
0.0218466
0.0219209
0.0219537
0.0217592
0.0220044
4.94807
0.0521769
1.98337
0.0217351
0.025182
0.0221449
0.0218574
0.021584
0.0214667
0.0217002
0.021865
1.44559
0.0220122
0.170006
0.021857
0.0216997
0.0220037
0.0219521
0.0218155
0.0222673
0.0217061
4.32229
0.022206
4.06815
0.0221191
0.0218685
0.0219756
0.0364981
0.021692
0.0218518
0.0217186
0.0215611
0.0455351
0.0237359
1.42773
0.0218973
0.0218888
0.0214117
3.80706
1.85663
0.0218891
0.0218435
0.0224018
4.34654
0.0218613
0.021713
0.0222239
0.0216926
0.226491
0.0217768
0.0218237
2.69294
0.0219308
0.0219972
0.0219493
6.01543
0.0373535
0.0218184
0.0216856
0.0218933
0.0219561
2.17658
0.0218467
0.0221177
0.0218113
0.0219912
0.0277875
0.0218347
0.021968
0.0217407
0.0218246
0.0222051
0.0241581
0.0330789
0.0219625
0.0218997
0.0220968
0.0221392
0.0219394
0.0220647
0.0219723
0.0222259
0.0218447
0.0219059
0.0246402
0.0225023
0.0219446
0.0225543
0.0221075
0.0221569
9.52765
0.0220776
0.0226131
8.55518
0.0219866
0.0221571
0.0220001
1.2506
0.0215611
0.0234074
0.0428772
0.0216691
0.0222537
0.0221879
0.20969
0.0220593
0.0219471
0.0218882
0.0221106
0.0220092
0.0807788
0.0270495
0.0245779
0.0218739
0.0217336
0.0221926
0.0218502
0.0219997
0.0216273
0.0226505
0.958195
0.0219167
0.022114
1.40694
4.48336
0.0219536
0.0219781
0.0221025
0.0643795
0.101235
0.021901
0.0219226
5.08434
0.0219408
0.0219465
0.0220944
0.0217332
0.0220872
0.022228
1.34752
0.0221612
0.0221064
0.021915
0.021834
0.0221288
3.99745
0.0218907
0.0218976
0.0218971
0.0388309
0.0221976
0.0218596
0.0219703
1.99711
0.0216516
0.0221441
0.0218219
0.0222056
0.0217391
0.0237019
0.0219646
0.021861
0.0219069
0.0660404
0.0221489
0.0222076
0.0221441
0.0220646
0.022227
0.0220685
1.76948
0.0220507
0.0636852
0.0222342
0.0217353
0.0222135
0.0222048
0.0216352
0.0217178
0.0216728
0.0218183
0.405062
0.0285943
0.021832
0.0528699
0.0214718
0.186506
0.0221367
0.0217275
0.0216902
3.04924
0.0217297
0.021831
0.0215396
0.0218311
0.0273387
0.0220654
0.0218749
0.0217119
0.0215847
0.0220178
0.0217206
0.0214899
4.52324
0.113412
0.0218203
0.0220654
0.0220634
0.021828
0.0273906
0.0216172
0.0220755
0.0218314
0.0219459
0.0222464
0.0219115
0.0216728
0.0266563
0.0313819
0.0221676
0.021823
0.0217961
0.0216018
0.022749
0.0219364
0.0221134
0.021964
1.06195
0.0219721
0.0221137
0.0217649
0.0219288
0.0230655
0.0217893
0.0217708
0.0218752
0.0216842
0.0214591
0.0320545
0.0218246
0.0219605
0.0215983
0.0220071
0.0216933
0.0220577
0.0897081
0.0221865
0.0215796
0.0226406
0.0219418
0.0219246
6.80637
0.021772
0.0218362
0.0216886
2.06759
0.0217475
0.0219312
0.0412923
0.0403801
0.0214745
0.022246
0.0222188
0.0217611
0.0219627
0.0219317
0.0218583
0.0407423
0.0226799
0.022109
0.0221205
0.021989
0.0221818
0.0218344
0.0217266
0.0242776
2.07082
0.0219571
0.0219424
0.0219487
0.0216823
10.7219
0.0218975
0.0219452
0.0219868
0.0220961
0.0225211
0.0215155
0.0218367
0.0220054
0.0224755
0.0219599
0.0219396
0.043906
0.0268219
0.0220807
0.101546
0.0218253
0.0217572
4.63847
0.0218639
0.0220384
0.0219266
0.0221992
0.0219585
0.0217582
0.022207
0.0217957
0.0218103
26.1062
27.2665
26.4419
2.40932
0.0216384
0.0218961
0.0217546
0.0219123
0.0231102
0.0217775
0.021723
0.0221441
0.0220761
0.0220658
0.0215285
0.125159
0.0221285
24.5441
0.0221496
0.0221121
0.0221803
0.0822917
0.0217561
0.0218405
0.0221282
0.0217577
0.0218806
26.087
0.0218071
9.14839
0.272702
0.0219314
7.84436
0.021838
0.0653095
0.0217514
0.0221801
0.0658899
0.0245599
0.0220649
0.0221443
0.0218661
0.022064
0.021899
0.0218518
0.0217561
16.014
30.6839
25.3118
19.175
21.5832
24.4069
25.0258
14.5623
22.9193
11.5805
27.5253
25.2838
12.7973
32.6817
23.0273
21.3916
12.8603
20.8054
7.50386
22.7207
0.0221574
0.0217813
0.0215451
0.0759876
0.0217533
0.0216864
0.0218977
0.0222398
0.0222262
0.0219243
0.022023
0.0218341
0.0218303
0.0218605
1.24281
0.0220061
0.071776
0.0219261
0.022139
0.0216674
0.0218917
0.021837
0.0220278
0.0214453
0.0218457
0.0219287
0.0219228
0.0219363
0.0221817
0.0218655
8.40516
8.67399
8.64159
7.44488
7.52322
0.021931
0.0222189
0.0828854
0.0221799
0.0218294
0.0219164
0.0217879
0.0221236
0.0218781
0.0715228
0.0220802
0.0218373
0.0218255
0.0219491
7.25309
0.0218261
0.0219285
0.0219105
0.021551
1.51312
0.0218921
1.95241
0.0465349
6.01623
0.0267733
0.0440366
4.88231
0.0220118
0.0217281
6.71038
0.177174
1.54076
1.68248
0.0379898
0.0214928
0.0232071
0.0216049
0.0218481
0.0215207
0.02173
0.0217908
0.0221992
0.0222168
0.0652024
0.02716
0.0218853
0.0217221
0.0220783
0.0222397
0.0231833
0.0219166
0.0218236
0.0265992
0.0217004
0.0218829
0.0217344
0.0218756
1.91466
0.021766
0.0222391
0.0221792
0.0220896
0.0216377
0.0220448
0.0221617
0.0216757
0.0221991
0.0219114
0.0216787
0.0219364
3.22012
0.0215042
0.021963
0.0216054
0.0599226
0.0219307
0.0219504
0.0222113
0.0218498
2.15011
0.146801
2.12081
0.0216299
0.0218407
0.0218661
0.0219348
0.0221311
0.0221379
0.0219699
0.0218416
0.0219076
0.0218501
0.021898
0.0263009
0.0914898
0.0216649
0.021959
0.0219352
1.46645
0.0218313
4.56691
0.0227257
0.0218392
0.021831
10.6985
0.0216637
0.0219332
0.0220974
0.022023
0.02144
5.02888
0.021544
0.0223655
0.0534971
0.0220706
0.0219678
0.0306497
0.042703
0.0216641
0.0218256
0.022689
0.021887
0.0216927
0.0555187
0.0220988
0.0218602
0.0224804
0.021605
0.846975
0.0227105
0.021974
0.0222356
0.0219316
0.0219927
5.24753
4.7356
0.0218572
0.0219505
0.0220929
3.86727
0.0216669
0.0364386
0.0216453
0.0220332
0.0216186
0.0218285
0.0219621
0.0219555
0.0216681
0.0216012
0.0216729
0.022218
0.0287244
0.022075
0.0217053
0.0215349
0.0217102
0.0224416
0.0249161
0.0218238
0.0217963
1.83262
0.0218224
0.0214264
0.021685
0.0361001
0.021774
0.0214876
0.0214074
0.051534
0.0220485
0.0217699
0.0220665
0.0216708
3.92142
5.29915
0.0245588
0.0214085
0.0222296
0.021765
0.0220852
0.0219706
0.0219497
0.0215033
0.021859
0.0222937
0.0227342
0.0216804
0.0266758
0.0498219
0.0220438
5.5256
0.0220102
0.0222526
0.0217756
0.0221321
0.0216543
0.021728
5.36759
0.0228155
0.0215372
0.0217356
3.45151
0.0221434
0.0221819
0.0568541
10.1993
0.0219373
0.0214905
0.0292971
0.17434
0.021713
0.0219629
0.0481715
0.0216266
0.0220043
0.0221617
0.0215383
0.0221693
0.0216722
0.0217268
0.0220095
0.0215474
0.114241
0.022478
0.0358413
0.0435854
0.0221722
0.0220654
0.192833
0.0214554
0.0220979
0.0216808
0.022174
0.0214914
0.0218899
0.0263227
0.0220511
0.0221748
0.0220101
0.0219568
5.81634
0.0219196
0.0218915
0.0219667
0.243222
0.0217214
0.022115
0.0222597
0.0219255
0.0465442
27.2035
27.6274
0.0219071
0.0220371
0.0221942
0.0222483
0.0218046
0.0610474
0.0218768
3.6034
1.7979
0.0451515
0.0215356
12.5588
0.0220806
0.0222601
0.0215391
0.0221932
0.0217653
20.9992
0.0222347
0.0413836
0.0458907
0.0214884
1.64707
0.021728
2.60428
0.0215691
0.0217403
0.0217585
2.16682
0.030546
0.0221017
26.796
0.0283984
0.0220087
0.0216918
0.022047
0.0237324
0.0217165
0.022075
0.0219571
0.0220977
0.0218442
0.0218917
0.0217755
0.0214971
0.0222387
26.281
25.8272
0.0219234
0.0222164
0.0226534
0.0221876
0.023352
0.0217359
0.021872
0.0219326
0.0218402
0.0221259
0.021507
0.138113
4.42195
0.0218272
0.0215713
0.0220085
0.0215054
6.32684
13.8484
0.021679
0.024192
0.0222558
0.0218836
0.788176
0.0218814
0.0217206
0.022091
0.023575
0.0221253
0.0216584
0.0215459
0.0219298
6.6774
0.0219227
0.0260672
1.32955
0.0291144
0.0219726
0.0217164
0.0218787
3.35118
0.0221636
2.05301
0.166633
0.023791
0.0221092
0.0218763
0.0325814
0.0221379
0.021638
0.0341952
0.0221874
0.0234816
0.0220469
0.159332
0.0219254
22.4489
24.7005
0.0220911
0.0218269
0.0334965
0.0222338
0.0218645
0.0220144
0.0221077
0.0219054
0.0219754
0.0216537
2.3564
0.0218421
0.0215717
0.0230286
0.0219561
0.0302789
0.0216877
0.0218802
0.0215378
0.0219384
0.0220748
0.0218472
0.0218593
0.0218997
0.0218605
0.0220285
0.021984
0.186397
0.0215386
0.0226834
0.0221288
16.6172
0.0363207
0.0217049
0.0253236
0.0219004
0.0415993
1.55732
0.0230388
0.0219395
0.0863235
0.0218441
0.0221615
0.0229954
0.0218845
0.095673
0.0219258
0.0229542
0.0220176
0.0218519
0.0220903
0.0216688
0.0216796
0.0214951
0.0216998
6.9527
10.9088
0.0301762
0.0216933
0.0221793
0.0509955
0.0216391
0.0220048
0.0218697
0.111213
4.2858
0.0221977
26.888
0.184126
0.0219265
0.0218803
0.0214859
0.0718695
0.021838
0.0218329
0.0220961
26.4986
0.0591171
0.0218979
0.022146
0.0217801
0.0217804
0.0468471
0.021838
0.0217483
0.023161
0.0214953
0.0220466
0.0252235
0.0222442
1.16555
2.05753
0.153558
0.0220553
0.0219494
0.021824
0.0217235
0.0218673
0.106008
0.0218262
19.7339
0.027586
0.0220016
0.0218195
1.90491
0.0218478
25.9554
0.0782352
0.0234691
7.60059
0.0215667
0.0221378
0.0220604
0.0218984
0.0221938
0.0423455
0.024985
0.0759955
26.2939
26.9009
0.022106
0.0221221
0.0336423
0.0245274
0.0219176
0.0220234
0.0228836
0.021756
0.0219354
0.120159
0.0219979
0.0220745
8.85238
4.6561
0.0219517
0.0254971
0.144766
0.022362
3.34405
0.0228126
0.0464215
0.0219146
12.7319
0.0218151
2.11842
1.57353
0.0215364
3.98749
1.55702
0.16
0.022208
0.0215703
0.034262
0.1371
32.1815
0.0218441
27.0167
0.022097
0.0221826
0.146712
1.2329
0.0219416
23.4769
4.4548
0.0215819
23.264
0.0218321
2.6502
0.0219314
0.0222962
16.2148
0.0220142
0.0218788
12.1344
3.66326
0.0218835
0.0250729
0.0220164
10.1205
0.0324161
0.0218478
0.0219099
0.0215365
0.0217237
0.0214417
0.0216747
25.9683
0.0215193
1.30937
0.0220749
0.0218173
0.0218462
0.0220609
0.0218635
0.0221549
0.0220463
0.0228073
0.0827188
0.155349
0.0268463
0.0215987
6.34806
7.19716
0.0218898
0.0221319
0.0274132
10.6675
0.0222285
0.0305786
0.731916
5.64802
0.0398535
0.0359278
0.0221744
2.13201
3.95428
1.01698
0.0259318
0.0891051
0.0221579
2.7838
0.0221858
0.0219523
0.0351131
0.0355566
0.0214864
0.0218805
0.0218896
0.022032
6.26587
0.0220922
0.0219439
0.209861
0.0216483
1.74261
0.0218765
0.0263227
0.0217494
0.0356753
0.0221804
0.0221321
0.022136
0.0266047
0.0218216
0.0219024
12.2511
0.022054
3.30214
0.0218894
0.0219382
0.0220058
0.0217415
0.0356028
0.0218823
0.0219706
0.02219
0.0218559
0.124027
0.0219448
12.5126
0.0288733
0.0218773
0.0217751
0.0218576
0.0220181
0.0219281
1.66341
0.0271818
0.0224196
0.179265
0.0224899
0.0220839
0.0220333
27.4031
6.95207
0.0461913
0.714738
2.24772
0.0247794
0.438365
0.022139
0.0218675
0.022251
0.0683011
0.0219487
0.0216956
0.0942311
0.0265945
2.81857
0.0221562
0.068007
0.0222099
0.0217597
17.6652
3.36365
0.536655
0.0219533
0.0218487
0.0219863
0.0216578
0.0375645
0.0250457
14.5512
0.0218627
0.0225628
0.0215216
0.0222473
0.0215457
0.0217143
3.38061
0.0219823
0.0224083
0.0220878
0.0337905
0.021905
0.0468372
0.288145
1.82795
0.0218577
0.170423
0.0274734
0.0223908
0.0270508
0.0219384
0.0219779
0.0264784
0.0221727
23.298
0.0219239
0.0257785
0.236424
0.0220737
0.122926
0.0217502
0.18186
0.0225485
0.0218448
2.43265
0.0997406
0.0221162
0.0215684
0.0298686
0.0218355
0.0389158
0.0345794
0.0397785
0.0227495
0.0218373
0.0218901
0.0217132
15.6218
0.022191
0.0214231
0.0219279
0.0425403
0.0305334
0.0217631
0.0222786
0.0223715
0.0217776
0.0221023
0.022015
0.0220143
10.7356
6.45284
0.0237797
0.022285
0.0222837
0.112704
0.0217733
0.0221777
0.0922996
0.0222022
0.0231579
0.0216705
0.0220449
0.0217855
0.0215613
0.0219941
1.82454
0.0847842
5.83436
0.039483
0.0220043
5.19315
0.0220288
0.021806
0.0219179
0.0710172
2.1917
0.0217679
0.0334572
0.0221871
0.0244409
1.38313
0.0217846
0.0221956
0.022314
3.79355
27.2318
0.0247211
0.0463136
5.73885
0.021687
0.0219406
0.0218843
0.0217372
0.0217232
0.0217211
1.92485
3.12816
3.82587
0.0219636
0.0217369
0.0237094
0.023016
0.0224709
7.96619
7.71192
1.76621
0.0215281
0.0217097
0.0280324
0.0217791
0.021977
0.0227472
0.0233044
2.83914
0.0221436
0.0217742
0.0218966
1.55904
0.293149
0.0216012
1.70935
1.33571
5.49343
0.0219225
4.4602
0.0506724
0.0222744
0.021762
12.3894
0.0298688
1.34273
0.0218458
1.6181
0.0217609
0.0218192
0.0240875
0.0220095
8.42544
0.0910674
0.0238224
0.024593
0.0220802
3.10053
4.07531
2.10459
0.458527
0.0217095
0.055559
0.0230411
2.42811
1.24476
0.0218572
3.31377
0.0217248
1.75403
0.0222031
0.0251255
0.0217036
2.91158
23.8991
0.0890761
1.80296
0.0217753
0.0217287
0.0222865
0.0214616
0.0219452
0.022379
0.0218725
22.9711
0.0277417
0.0221714
27.2583
0.0219962
0.022106
0.0217912
1.7328
0.0231623
0.0217618
0.0217303
2.67221
0.0233218
0.0903522
20.2748
0.110813
0.0216962
0.0224788
1.42734
0.0299922
31.3734
0.0269387
0.0285247
0.0215221
25.7771
0.0391764
0.0490509
0.022124
0.0222741
0.0220856
0.023351
0.0224994
0.0362518
0.0949478
0.0215722
0.021513
0.0215055
0.021687
0.0217003
17.2041
2.36367
0.119892
2.81521
0.150738
1.42546
0.0220748
0.0221902
0.021618
0.0216948
0.0221988
0.0263354
0.0219062
0.0233487
0.0215201
0.0223018
0.422027
0.0372986
0.0221161
0.0215511
0.0231152
0.0221383
0.0223246
0.122489
0.0256496
0.022052
0.0216337
1.66192
0.022093
0.0235403
17.4053
0.0216212
0.0218049
0.0775653
0.0219638
0.0222439
0.0224608
27.2084
0.0216819
0.0223724
0.0228073
0.0229909
0.0232725
0.0229783
0.0217956
0.0282458
0.309267
0.0221927
0.0224862
0.0316157
0.0433278
0.0217702
0.0223015
0.0217405
0.0221752
0.906851
0.0214855
16.2848
0.0215188
0.0227493
0.126473
0.0826577
0.0268057
0.0300333
1.02577
0.0218408
3.92702
0.0220843
0.100399
0.0224292
0.0284203
0.021895
0.0224242
0.0224827
1.98934
0.145481
0.0225789
0.292907
0.0222423
0.0226686
0.0220514
0.451741
1.57052
0.0286238
0.0985291
1.31977
0.0241319
0.022107
0.246968
0.0226072
0.0221724
0.038883
16.912
0.330543
0.0288056
0.0222091
0.089702
1.59287
0.52601
0.0222768
0.0222905
0.0360753
0.022998
0.0215211
0.417283
25.8023
0.0273795
0.147676
0.0266004
0.022039
0.0217135
0.0218342
0.0252509
0.0219297
0.0220779
0.0662089
0.0214712
0.0218491
0.0227626
0.0221914
0.0221525
0.0218525
0.0222391
0.132418
0.022063
7.46447
0.0227318
0.0218677
6.24311
0.0288654
0.0227106
0.64004
0.0215328
0.0219537
0.023674
0.0316134
0.059442
0.0220047
0.0219974
0.0235799
0.0218923
0.0221498
0.0437518
0.0837854
0.0229157
0.22613
0.0221601
0.0221903
0.0214713
0.0234734
0.0718764
5.62902
0.218758
0.0219225
0.0296008
0.0288598
0.0770128
0.0275404
0.0260157
0.0247472
11.6777
0.0337731
0.0218924
0.0254796
0.0263064
0.0220433
0.0218859
0.0251172
0.0531273
0.1192
2.77874
0.021649
21.4796
21.7643
0.0232251
0.022527
0.0217458
0.0224327
4.18268
0.0230128
0.0252353
16.0371
0.0883232
0.0214736
15.4033
8.67595
0.022837
0.0223626
0.0233766
0.0244334
4.72562
0.0621257
0.0238331
1.59839
2.16664
2.86631
0.0633585
0.0286483
1.04833
17.0211
0.0304329
3.21794
0.0220309
14.8774
16.3315
0.0224166
0.0220044
0.022022
0.0217048
0.0521684
0.0222111
0.922434
1.85669
0.0226795
0.197116
0.0947603
0.0232011
0.023597
0.0218055
0.0350791
0.170194
0.0247457
0.0222735
3.37327
0.023735
0.0219885
0.0220801
0.0215547
0.0220631
0.0318257
0.024145
1.58919
0.0221614
0.0233561
0.0219375
0.0492618
11.5134
0.0217591
0.0254554
0.0217497
2.20113
0.0218366
0.0214574
0.0367487
0.0219191
8.75237
0.0221593
0.0219285
0.0222607
0.0219272
0.0215156
2.86467
0.0387296
0.053111
0.0713626
0.0219878
19.946
0.0221556
0.0231024
1.32736
1.08265
6.31991
0.0300867
0.0226706
4.00756
0.0244351
17.1377
17.8884
0.0248257
0.0220557
1.57797
0.0224012
0.0222187
3.12399
0.143351
0.0261069
0.186817
1.63485
0.0241507
0.0218832
0.0220475
2.12762
6.14674
0.0367701
2.47134
0.0669689
0.175873
0.0253365
0.0220117
0.024821
3.95178
0.0275159
0.0242865
3.77925
12.814
0.0217173
0.134906
7.55019
0.0291017
2.25555
0.0250887
0.021504
0.0297392
0.0218882
0.0491612
0.0219571
0.157259
0.0215039
0.0219672
0.0214402
0.0220511
0.0220039
16.8948
0.022167
0.10633
0.0224765
0.0219186
0.0216422
0.0218691
0.0536535
0.0224775
6.7503
16.6062
0.0240876
0.025656
0.0223575
0.0276413
0.0229786
0.0219988
0.0241366
0.0222288
0.0216337
0.0219387
0.0217171
0.0216972
0.372313
0.0225627
0.0218729
0.0220899
0.0220249
10.1411
14.2827
0.0480213
0.0234667
0.0230357
0.224088
0.0219269
0.0222393
0.0222709
0.0345434
0.0217637
0.0218345
0.0272583
0.029478
1.60539
15.1894
0.0218876
0.0219358
0.021685
0.0233689
0.021712
0.0217506
0.021488
0.0231174
1.95122
16.5489
0.0249033
0.0221466
0.0285035
0.0219522
0.0224002
0.0301193
1.98437
20.1593
0.0220361
5.03563
0.0254617
0.0217748
0.0222478
0.025598
0.0220177
0.0233673
0.908982
0.0218715
0.0218201
0.021548
0.0232228
4.41805
0.0220901
0.0303358
1.77364
4.80882
0.0251544
10.6405
0.0265716
0.0308903
0.0220483
3.30102
0.0221019
1.79014
0.0218849
0.0221118
0.0381188
0.0320613
0.0223396
3.35099
0.0221441
0.0221719
0.0218092
0.0221631
0.0217394
0.0241022
0.0252662
0.0225359
0.0302685
13.8077
0.0235853
0.948257
0.0222006
0.0266635
13.1975
0.0271751
0.0228759
10.3044
0.0218286
0.0221553
0.0220747
0.0226484
0.0341789
0.0222734
5.46959
0.0245938
0.0218551
0.028435
3.49041
0.022168
0.0223964
0.0223732
2.58663
1.46617
3.06787
0.238273
3.07882
0.0269284
0.124218
0.0260368
0.0279219
0.0217051
0.0222592
0.0240116
0.0222055
0.0222587
0.0216515
4.47833
0.0242916
0.0219041
0.124431
0.0223308
1.82839
0.0727747
0.0230343
0.0218917
0.022344
0.0235107
0.0225694
0.0257905
0.0245048
0.0219127
0.0219384
0.0217728
0.023779
0.0519208
4.70009
0.0279708
5.25586
5.52548
5.26283
11.4061
0.0227846
1.85544
0.0701781
1.43377
0.0338406
0.0239018
0.0223494
0.0219954
31.8789
0.0265383
2.51702
0.0291363
0.022767
0.0245928
0.0294404
0.0221779
0.0223934
5.52017
0.0217135
0.0252107
22.4974
0.0228753
0.0219539
0.0293755
0.0216998
0.0218734
0.0345566
0.0225555
1.9375
0.0222391
0.136018
0.0225887
1.7258
0.0234728
0.0223948
3.97344
0.0229872
0.208677
0.021655
0.0225411
3.55569
22.0329
0.0215192
2.80622
1.43398
1.92528
0.134836
0.0258187
0.0218292
0.0264599
7.35074
7.8583
0.0229951
0.0221417
30.9221
0.0219169
0.0655661
0.0227543
0.0221221
0.0855175
0.0687849
0.0220117
0.0218735
0.0227937
0.0215532
0.0216795
0.046437
0.0265244
0.0313885
0.042785
0.0275179
2.411
0.0363582
0.0315929
6.54956
0.0298405
0.0221448
0.171597
0.0288534
0.024442
2.27491
0.0216707
0.0621478
0.022828
0.0217041
0.0223778
0.146474
0.0218099
8.17733
8.66528
1.57921
0.0217824
0.0214944
0.0305213
0.0220435
0.0867531
21.8656
22.0511
0.0228026
0.0218968
0.026443
0.0324538
0.0281087
3.96401
0.0278816
0.0267561
0.042372
0.0222024
0.0296367
0.0257286
1.82677
0.0286874
0.0216474
1.65271
1.48323
0.0219316
0.0221994
16.1144
0.0319037
1.62586
18.109
0.0231353
0.02474
0.0240494
0.0235287
0.0219843
0.022661
0.0274547
0.023063
0.0460623
9.325
0.0220889
0.021927
0.21337
1.50391
0.0221975
0.0222358
0.0218646
0.0301388
0.148699
0.0218862
0.0220549
1.75633
0.0233891
0.0222243
0.0219281
1.79491
0.0216447
1.34962
18.2691
0.0217856
0.10209
0.034229
1.76632
0.0234612
0.0896174
5.69169
6.77471
0.031688
0.0249337
0.022279
0.0330482
0.0507698
32.6651
0.0217858
0.0214908
0.021975
1.37728
0.027938
1.92648
0.0219819
0.0769582
0.0355462
0.0320873
0.0221059
0.0644589
0.0219215
0.0746883
8.3486
0.0349539
0.0217401
0.0221054
1.582
0.0222275
0.0222933
15.0964
0.021666
0.0254328
12.268
7.05828
0.021643
0.0230272
0.0220651
0.0288336
2.98659
0.0238833
0.0494794
0.0214749
5.67026
0.0216354
0.156286
15.5598
0.0219047
0.0221987
1.54171
0.0222225
0.0216916
0.0216583
2.04155
2.48507
0.0222874
0.0219273
0.0218669
0.0218197
0.021739
5.76465
0.021887
18.6164
0.0217332
0.0217056
0.021859
0.0218237
0.0222801
0.0312325
0.0222495
15.4121
14.9534
0.0245195
2.24821
0.141118
0.165059
0.0259243
0.0218883
0.0332174
0.151623
0.0221032
0.1334
0.0216674
1.93347
0.0223323
0.0218838
0.0265232
0.0267316
0.0240387
0.0216396
1.76787
0.0230634
11.3754
0.0973732
10.7813
0.0220426
1.80509
0.121293
0.0224156
0.0837659
0.114676
0.0253143
0.0314357
0.0214902
0.0698244
1.80732
0.0218997
2.5831
0.0221123
0.1558
0.0219254
0.305335
1.90111
0.0230555
2.04313
0.0215541
0.0232364
0.0919617
0.034727
4.44595
0.0218903
0.0233542
0.0342694
0.0895093
1.39594
0.0218825
0.0218827
0.0219657
2.7541
0.0246023
0.0293995
1.76735
0.0229652
0.0232925
0.0214423
0.0389628
2.25412
0.0628269
0.0316
0.0221447
3.93725
2.30239
0.0223104
0.0288777
0.0219066
0.0218369
0.0222069
11.9207
0.0724296
0.0620166
0.0417288
0.0216099
16.7203
17.301
0.022399
0.0237305
3.76201
0.024328
0.0232931
0.0217227
0.0271523
0.0217676
0.022248
0.030851
0.0250841
0.0225418
1.12043
0.0219937
6.3947
0.0829325
1.44248
0.0674266
0.0411062
0.0215214
0.333962
0.033131
0.0222395
0.0218897
7.14994
0.021508
1.31253
1.86771
3.36292
0.0383336
0.0258464
0.0262265
0.0223681
0.0221507
4.42398
0.0217927
0.0802277
0.0218951
11.0833
0.0218867
0.021778
0.024083
0.0223822
1.69184
0.0266978
0.0467062
23.6594
0.0524692
0.0267034
7.06425
0.0219223
0.0233403
0.224139
4.48396
1.1967
0.288778
0.0219046
0.0223181
2.21596
0.0277205
5.29482
0.106657
0.606779
1.67506
0.0220209
1.50301
0.0880162
0.0216665
0.200501
0.0220828
0.0328499
3.35729
0.0220716
0.0292913
0.0221454
6.93595
0.0232064
0.0221387
0.021871
0.022016
2.37256
2.04537
0.787866
1.7879
1.91454
8.29658
0.0286862
0.0219178
0.0272423
0.0216404
0.0214814
2.64431
0.0219666
19.9336
0.0303912
14.8031
0.0256513
0.135396
0.065505
0.0220314
0.0216427
0.0217009
0.0295472
0.0225308
0.0332569
6.51151
13.4509
0.0225953
4.0755
0.0218343
2.78988
0.0222391
0.0956027
17.5483
0.113132
17.1452
0.0221012
0.0219827
0.0429621
0.021921
0.028485
4.09361
0.135702
3.91121
0.0388821
4.45224
0.0369005
4.63016
0.0214264
1.50284
0.033927
0.0220222
0.0221963
0.0233803
1.56151
0.0301567
0.0216291
0.975406
1.61605
0.0224641
15.3355
0.0222298
0.0322361
0.0220059
0.0415295
3.09272
0.0391406
16.7368
6.03285
0.0223548
0.0219736
0.0380448
0.0990568
0.0634369
1.772
1.35012
0.0222967
4.62197
0.021941
0.0216953
1.76919
0.157056
3.15096
0.0300916
0.0218952
0.0552783
1.57686
1.33025
4.86486
0.603455
19.6408
1.35095
0.138561
0.0969953
28.7948
19.1336
4.60516
7.70514
23.5634
11.8255
13.1898
0.0216506
2.1714
0.0215096
0.0307839
8.79522
0.0263646
0.0279258
1.8166
0.0354707
0.0280175
0.0222699
0.0412806
0.121859
0.0368712
0.0220029
0.0222572
0.0228954
1.1686
0.022126
0.156058
0.022059
0.0222761
0.0214784
0.0225306
1.69048
2.64734
0.0298109
9.1666
0.0221924
11.4232
0.0216639
0.0219317
0.144196
0.0220046
0.0221391
0.0221741
0.0616905
0.0262704
0.046805
0.0219292
0.0220844
0.0396866
1.54022
1.42221
0.0667805
2.88421
0.680151
0.0219403
1.37251
1.50889
13.4857
0.0220621
0.0222381
0.0231054
0.207362
0.0219789
1.30585
0.021932
0.117076
0.0220203
7.16296
0.0225146
0.0855197
0.0255092
0.0221912
0.0223874
0.118966
0.0236424
1.91557
1.35786
0.0218917
0.0217009
1.60175
0.130746
1.99885
0.0222261
0.181686
0.0223676
0.0215979
0.0790001
8.54145
0.124643
0.0414945
0.022658
0.0278027
0.0396141
0.0221262
0.287312
0.0232953
0.0391356
0.0982057
2.43584
0.03744
0.0222019
0.0217695
10.5133
0.0227876
0.036715
0.0217878
6.11106
5.55993
0.0220304
0.0217038
0.189169
4.8655
6.12853
1.44936
0.0233656
0.117646
0.049797
1.412
6.9175
0.0275597
0.0240501
0.0277441
0.108845
0.0222267
0.0984104
0.0297904
0.141649
0.383312
0.0216526
0.0225287
0.0363719
0.0219328
5.51812
0.0218337
0.0220624
0.566161
0.097535
6.49513
0.0264163
0.126876
0.0390046
0.0219163
0.0325988
0.0243017
0.0560207
1.66481
2.02835
0.0230191
0.0215213
0.0600152
0.0873226
0.0246899
0.0258937
0.0226505
0.0214068
0.0534925
0.0747823
0.0219836
12.7414
0.0220591
2.92618
2.04489
0.0222939
0.0373612
0.0226339
0.0247052
0.0471213
0.0596351
0.0232697
0.0222882
0.093168
0.0218192
0.202745
0.0216643
1.408
0.0374148
1.4891
2.57565
1.3447
0.0708006
0.0214657
1.42324
0.0214325
0.0232227
0.0221845
0.0224244
0.0333255
0.0232067
0.0369956
0.022288
1.01544
0.0542814
0.0848294
0.0615079
1.72056
0.0218653
0.0371349
0.0218112
0.0221815
0.0217963
0.0218775
2.67991
0.0225528
0.0222299
0.0351931
1.81861
0.048608
0.0219387
0.111043
0.360917
4.88942
0.02567
2.62869
1.85534
0.0220112
0.0236481
0.0757164
0.0651074
12.3503
0.128941
0.0220862
0.0486609
0.0215031
0.16762
0.752811
12.7028
2.74315
0.0218541
27.5279
0.0218446
0.021807
0.0267635
0.0582473
0.0412484
0.123825
0.0378526
0.0214949
14.5927
0.0659636
5.89982
1.97462
1.53843
0.0292234
0.0236551
0.0229866
0.0233752
0.0219911
0.0262785
29.4592
13.7776
3.49223
0.24635
0.313388
0.0219938
0.0220268
0.0233435
0.0256106
3.94065
0.0233361
0.0222379
0.0217389
0.0217443
0.0215836
0.0389953
0.0341503
0.0219337
0.0284955
2.44025
7.27817
0.0379711
5.78227
0.0218666
4.7505
2.64463
0.121174
0.0217928
0.0218681
0.0221967
2.50832
0.0273541
0.0295039
0.0464907
0.395033
0.0413051
0.0222868
0.0221478
0.0687073
0.0219844
0.113731
0.0261282
0.0321204
0.0217744
1.36808
0.0339129
0.0219523
3.3428
0.022286
0.11022
0.0226017
0.022036
1.43422
0.0569069
0.0443651
0.0218857
0.021772
0.0217115
0.0216082
0.0222538
0.0967161
3.86156
2.95281
0.0468075
0.0831145
0.0217929
0.10645
0.0222784
7.14071
1.86116
0.026585
0.0218884
0.0218351
2.10662
2.06095
0.0248918
0.135273
0.0336179
0.0222265
1.54304
0.0221915
0.0939561
10.1786
0.0226309
9.99254
0.0214103
0.0227657
0.0439796
28.1095
0.0218368
0.0247012
9.98328
4.28762
1.36
0.0217456
0.0222207
2.4556
6.99473
4.79035
14.1192
0.0590379
0.0221964
0.0218198
0.0228084
0.0216978
0.0221561
2.62709
1.68008
3.66581
1.93289
0.0215141
0.0216797
1.94376
0.0294456
0.0225365
0.0217237
0.0221298
1.32404
0.0467257
1.72441
0.0222321
0.0219952
0.022219
0.0388793
0.0260953
0.0232115
0.0259095
5.1681
1.71703
0.0235462
4.39879
0.0220471
0.0221308
0.127748
0.836746
0.0214608
0.113295
0.0219462
17.6562
0.0220473
0.706441
0.0222953
0.0380413
0.0218038
0.0225365
0.0236104
0.113818
0.0708714
1.55011
0.0219937
0.022198
0.0215266
20.8275
5.24181
0.0247218
0.128156
0.0785116
0.0236904
0.0284659
4.16746
0.0465966
0.0215617
1.53028
3.51699
0.131957
0.022274
0.0217069
0.0222134
0.0220211
0.0487774
0.0222714
0.0221663
0.0284032
2.34605
0.0222491
17.3991
6.48712
3.00991
0.0798096
6.64761
7.09389
2.28784
1.29452
1.45458
1.1459
0.0699932
0.125551
0.0218147
0.69405
0.021978
13.2159
4.20153
0.0214754
6.8191
0.0466026
0.0217099
0.159252
1.57551
0.0217915
0.0667589
0.0218204
1.46676
5.1216
4.9006
0.0220612
3.60901
4.73916
9.3511
0.0568435
0.044022
2.19577
0.0215113
1.48184
3.07387
2.44094
0.0220888
0.0262582
0.021626
20.0325
0.0220243
0.805374
0.0389461
0.0296491
1.84092
0.0250536
0.0221816
0.0219679
0.0220442
0.0225148
10.7194
0.0218969
0.0280977
20.7653
6.18099
0.161222
0.0230133
0.0371095
1.89909
0.0216169
0.0224717
0.0243315
5.57537
0.0255619
0.654114
0.0222536
0.0216176
0.0744381
0.0464501
0.0403869
21.773
0.0217393
0.810532
0.0263599
0.02203
0.0527535
0.91334
0.0221981
8.12825
0.0309161
0.741957
2.17466
0.190165
0.0218888
12.9359
7.19067
0.0340078
0.0272627
2.63592
0.266647
0.0219184
0.0218443
2.6793
0.0217096
0.0215911
0.0233352
0.110712
1.52002
0.0215724
0.0394481
0.077345
0.08141
2.08385
0.0219305
0.0224256
0.0219211
0.0222659
7.26865
1.41387
0.0522559
0.0219616
0.02144
0.127582
0.0220964
0.0255681
2.50994
0.0225444
0.0254664
2.18151
0.0218242
0.0220377
0.0287655
0.0221714
0.0219107
5.18676
0.0748387
0.102707
0.0222109
0.0229896
0.0468605
0.0556458
0.0222274
0.0493717
0.0215115
0.0256007
2.21988
0.022591
9.43923
0.0214694
25.0384
1.80948
0.0217924
0.029017
2.26343
0.0267818
1.07858
5.40452
0.0222951
0.0395594
0.0218191
2.8771
0.985262
0.0220764
11.8048
0.0222977
0.0218052
5.07312
0.108026
0.533436
3.53894
0.146318
0.0216977
1.67483
0.0218443
15.4012
0.022523
0.115347
20.2142
0.0222454
0.0217337
0.0395886
0.0215419
0.436408
4.40266
0.0218311
0.0216686
0.0218059
0.0216875
1.64553
3.36333
0.0402723
0.780171
0.0288188
0.0272298
0.0243577
0.0362962
0.0299245
0.0215379
0.0223451
0.0216666
0.0218259
0.025312
0.0920563
0.0222521
0.302133
8.26801
0.0216791
2.52031
0.0216089
0.843776
0.0229618
1.31866
2.42391
0.0221616
0.213982
0.0222863
1.89649
0.774615
0.0222166
0.0222689
0.0973091
0.0319562
0.0222247
0.045376
12.6013
0.0222833
38.1907
0.0237341
0.021868
0.18204
1.6686
0.0234128
0.0218882
0.0301148
0.0220835
0.0425039
0.0217829
0.0218897
0.0215032
0.0222388
1.77161
0.0279959
0.0222285
0.0217499
0.029494
1.62633
3.11812
0.130129
0.0216939
0.251489
0.0446326
0.021439
0.0219944
1.70009
0.0222508
0.0217637
26.7219
0.0316251
6.51902
0.0229167
0.047099
5.79864
2.19043
0.889502
0.021831
0.0748618
0.0221623
0.0234406
0.0216548
24.0058
0.0598713
0.0217892
2.55399
2.41264
1.3945
0.0219954
3.75181
0.0226927
0.0224719
0.182254
7.29957
0.0271301
3.46116
0.0809211
5.22412
0.0216671
0.0312945
0.0741878
0.0220671
0.0222064
0.508018
0.0387248
10.7115
13.0853
0.0218332
16.1017
0.0268417
5.727
0.0221794
1.21686
1.34752
0.0820384
0.0222194
0.0219308
5.5449
0.0220737
0.021659
0.183112
0.0320759
0.0219246
9.51162
0.0219629
0.0217636
0.0221808
0.0221906
0.0216683
0.0219872
0.0216363
3.99981
4.48938
0.0225656
0.0215861
0.0219866
0.0218781
0.0288838
0.0217686
2.96906
0.0337393
0.916171
0.0308398
0.0297417
2.11301
0.021838
0.0874836
2.39433
0.0259504
0.506036
9.39455
2.08056
0.0214252
0.0220458
0.0218581
6.8094
0.598959
1.80106
9.83762
0.0334076
0.0218458
15.6065
0.0309699
0.0223749
0.0219023
0.0223719
3.24736
0.0363835
2.74608
0.0218858
0.0221816
3.00773
0.0217128
0.0232256
0.0218144
5.30368
0.0216137
0.0218276
0.0802046
0.0222162
0.0221713
0.0254472
0.0921598
0.0386036
0.445139
0.0834358
0.0222464
4.06898
0.0335806
0.02179
0.022005
7.15118
0.0219847
11.7534
1.80079
0.0216456
3.65914
0.0218101
1.37801
0.451383
1.64142
0.0541809
0.176391
9.96435
0.0382484
7.77758
0.691641
0.0219282
0.0217774
0.0632715
0.0707647
6.60245
0.0287591
0.0294223
0.0219737
0.0230487
0.0219116
0.0332329
0.046391
4.92661
0.0521731
0.022192
2.56123
0.0415021
0.0220789
0.0219273
0.0218738
0.0215514
0.0233817
0.0222313
0.0468941
0.0340369
3.21727
4.55325
2.35475
0.021764
0.0218673
0.039658
0.0273683
0.0217504
0.0264404
0.0216585
1.45049
0.0219567
0.08244
6.57872
0.0222121
0.0220166
0.0218805
3.95886
0.0806066
0.0597833
1.33676
0.021961
0.0235288
1.4384
6.07834
0.0222308
17.0324
0.0230481
0.0556038
1.72104
0.0218565
0.0221474
0.0221383
1.35041
2.80336
5.08487
18.1564
0.0222513
0.0220648
0.0219758
0.119822
0.0221499
0.0217592
0.0224216
0.0218041
10.8292
0.0222927
0.0222917
1.75473
0.472681
9.35294
0.0271779
0.0303094
0.0345877
0.181163
0.115228
1.51803
1.48423
0.418358
0.0218429
1.49703
0.0218003
0.0249732
0.0221075
4.69929
0.0215773
0.0218083
0.022107
0.0222652
6.75762
0.0227732
0.022294
3.85149
22.7951
0.0218705
0.021768
0.0726625
0.0217104
0.0221245
0.0218171
0.0218973
0.0365091
0.13576
0.0286245
0.244685
5.36638
0.0260934
2.87814
0.130163
0.0311134
1.63861
0.0216752
1.62181
3.00149
23.8707
4.56711
1.31672
4.80779
0.03569
0.0219243
0.023295
0.0218717
1.54553
0.0219277
1.3098
6.51849
0.0221804
6.36667
0.0734584
0.0217443
26.0351
0.123804
0.0214776
14.2134
0.0226
0.0339317
4.5463
0.0239033
0.188374
15.3749
0.0216022
1.329
1.92104
0.0220807
12.0392
0.0217165
0.0504327
0.0220037
0.021881
1.32982
0.0218054
0.0220334
1.06711
19.3865
2.98294
0.0219329
2.31522
1.34749
0.125671
1.52655
0.0217095
0.0218489
1.46972
0.0217611
0.0217499
0.0222104
0.0223396
1.32365
18.4437
0.0448047
0.0216525
0.0292619
0.0219569
10.5232
0.0221631
0.0261034
4.97164
6.87528
7.35497
3.87891
0.2398
0.0219105
6.39759
0.0218478
9.67767
4.60676
0.15963
0.0223708
0.0221326
0.340411
0.0218281
1.99947
0.0217814
0.021549
0.0216049
7.34315
1.82826
0.0218531
0.0214242
0.162158
8.91954
6.07332
11.663
0.0218895
6.00672
0.0256833
0.0220786
0.0319731
5.36139
0.021934
0.022797
0.0219324
5.73523
1.82993
0.0219736
0.0220796
6.01877
0.0758382
4.12587
9.83425
3.559
0.292455
0.0583734
0.0219222
13.1596
0.0218086
4.95862
0.0221406
3.83876
0.0218441
0.0485509
1.46989
3.35363
7.93349
0.021905
0.0995476
0.0255818
0.0219592
0.0665342
0.0219277
0.0436787
0.0221397
0.0218798
0.0220765
0.0497399
0.0291958
0.0214433
0.0220311
0.021723
0.0993886
0.0221323
0.0564196
0.0217043
0.0225534
1.43022
0.0236772
0.0709673
0.105582
0.0217546
0.0218126
31.4893
0.0995293
0.0216699
3.9758
0.0216548
0.0219358
4.70759
0.0214191
0.0222001
0.0411013
0.0224333
0.155966
0.709086
0.684529
0.0902614
0.0221424
12.5558
0.0222944
0.022268
0.132723
0.0244586
27.0862
0.0219071
0.0215519
0.0221359
20.82
25.2516
0.0218066
0.0285407
0.0222485
0.0592189
0.0217013
0.0218864
6.94707
0.02225
0.0218579
1.83375
0.0224439
1.47178
0.021941
2.40144
0.0219531
2.79533
0.0999044
0.0222182
0.021962
0.0222507
0.0225932
3.19585
0.0361891
0.0533077
4.72737
8.40017
0.0219791
0.0224827
3.87474
0.0971705
0.022432
0.0222594
0.0219433
0.0553387
0.0386498
0.0982888
0.0322946
0.0216785
0.0219791
11.347
0.0222688
0.0218559
0.0256583
0.0355875
0.0219804
0.0219914
0.0242627
0.042663
0.0216696
2.32269
0.0217485
0.2072
0.0214234
2.00905
0.0216102
0.0238535
5.1846
3.92941
4.33026
0.690321
3.28212
0.0219488
6.05391
0.0217094
0.0216759
0.0393441
2.21119
5.76754
0.021597
1.48643
13.6161
1.3259
0.0222639
0.0218404
0.0217672
0.0224181
1.60209
0.109636
0.0703901
4.52805
0.0224713
0.0214382
0.0216637
0.0218156
0.351155
7.34785
0.0220863
18.3708
0.13635
0.20433
0.0588768
4.40907
2.76367
0.0217399
0.0219964
21.792
14.6778
2.74776
0.0221794
0.176434
9.99477
0.0215485
0.022192
19.7389
0.0216965
0.126121
0.118582
0.0231868
19.5307
0.0219377
0.0735017
14.8841
0.0278095
3.27903
0.0219387
2.63702
3.02264
0.0218617
21.3895
0.021697
0.0308665
0.0219106
6.07569
2.84833
0.0284502
0.0215329
14.7417
0.0222874
0.0214717
0.021884
0.0284074
2.61117
0.0215025
0.0231775
0.0217668
5.65487
4.54809
0.023741
0.174227
0.538247
0.128034
0.119651
0.0221869
0.0566575
0.0283026
18.0176
0.024238
0.0239166
13.4177
0.0339854
0.122675
0.0284257
0.0220456
5.73675
0.0219429
0.02199
0.021756
2.00556
0.0219381
2.39499
0.0221266
1.37894
0.0220542
0.03394
2.81086
1.96818
0.0217082
0.0222619
0.0221411
6.06916
0.0216531
1.47404
0.175359
0.879856
0.0219575
0.0215118
2.22624
0.0920144
20.3361
0.0324397
12.9266
0.030625
0.0220277
0.0219531
0.0728648
1.38903
0.021896
0.03739
0.0219033
1.8726
0.0218545
0.11766
4.43169
0.0217156
0.0214606
0.0769373
0.0217813
0.319636
19.4946
0.0222243
0.328816
0.209248
0.047636
0.0215892
0.0218017
0.0423458
0.0400441
0.026301
0.0524407
0.230591
0.0221464
0.0327611
0.0489253
0.0217962
0.499341
0.0226868
2.60676
13.9135
0.022108
0.0230186
1.91433
18.2532
5.91899
4.63056
0.021741
1.36574
0.600721
0.0216906
0.0274587
0.0218867
0.0219654
0.0216613
0.0220042
0.022485
0.0440611
0.0215823
0.0229452
0.0287493
1.82765
0.0224416
4.3219
4.76011
0.0216379
0.0220919
0.0220644
0.0220971
3.51303
0.631362
0.0222337
0.0218659
0.0219635
0.022269
0.0219713
0.0248865
0.0217411
0.34255
0.587151
8.37487
0.0284211
0.0223265
0.0275867
0.0244992
0.0220041
0.12157
0.0222457
9.9227
0.0314215
0.27872
0.0222876
0.02217
6.38142
0.0219217
0.0594214
0.0220601
0.138555
0.0817616
0.0911736
0.0221735
0.0247262
0.677895
0.021911
0.0222153
0.0241435
0.022068
0.0217364
3.05921
0.532887
0.0217499
0.021804
2.84094
0.126524
0.0218597
0.0219709
0.0566952
0.0227874
0.0283778
2.18141
2.72633
0.0233032
0.0548649
2.99074
0.0219309
0.0221934
0.0219536
0.0217882
0.0218505
1.52663
5.806
4.16302
0.02495
0.0397086
0.0219076
0.0222593
0.027392
3.50675
0.0530296
0.0273089
0.0596264
0.0771555
7.20942
0.0219998
0.599865
0.0440409
4.00765
0.0374589
0.0218092
0.432891
3.32655
0.035209
8.78201
1.0521
0.0217156
0.0637148
1.58617
0.0215647
0.0222329
10.1354
4.31737
0.0214879
0.0218304
0.125986
0.0215876
3.7096
0.0216597
0.021875
0.0220978
1.35787
0.030662
0.0784522
6.92869
0.0839115
0.0302638
5.15688
0.0216717
0.0216856
0.0218948
0.192916
0.72555
0.050936
0.0248496
0.0218353
0.0218782
3.73211
0.0219306
0.0220066
27.5615
13.7392
0.377295
0.0220097
2.02414
0.021935
0.0220477
0.297117
0.451556
0.0219664
0.749735
0.0219246
0.0230581
0.0282295
0.0238153
0.0218418
0.0215945
4.36329
4.48181
0.0217233
0.0216531
0.14017
0.0316525
0.0220565
0.0271756
0.0223312
0.0218102
0.0413356
0.0216805
0.0222455
2.64214
9.9385
0.0267715
0.0219367
6.02515
0.0214087
0.0217273
4.87444
0.0220234
2.85912
0.161623
0.0272449
6.53589
0.0219146
0.0218388
0.0218997
0.0218014
0.184851
0.0289072
0.0219331
0.0219934
2.5684
1.3916
0.0217544
3.1536
4.27809
0.0219682
16.0431
4.78238
0.0299727
0.0220141
15.4475
0.0220214
0.0218736
0.0218591
0.0218241
0.022067
0.0861572
0.0957012
4.64171
0.0223815
6.16229
4.01568
3.86444
0.0220451
0.263651
0.021727
0.030253
10.0782
0.0219304
0.0747145
5.80711
0.0265361
0.0406559
0.108
0.0214698
0.0218654
0.059266
0.0219998
4.09315
0.582721
0.0221554
0.0219453
0.0281879
0.0221485
0.0534743
0.0221237
0.247587
0.0218738
0.0218101
0.0641647
0.0328897
4.06704
0.128473
0.0235759
1.89922
0.0832847
0.202967
0.0222134
0.810674
0.467498
0.0221113
1.37405
25.7431
0.0218013
0.0222945
0.120879
0.113897
0.0218113
0.0440133
5.70078
0.0214759
0.0221403
0.0447438
0.0222183
0.0582003
0.0222304
2.87301
1.05872
0.042571
4.66556
0.0215189
0.549016
3.6698
2.38196
0.0328965
0.0218079
0.0230261
0.0992828
0.022085
0.0216407
0.0222491
0.243084
0.0219177
0.0216953
0.0222665
0.021479
0.0227607
2.87349
4.963
0.0221994
0.0218152
0.0218495
0.0220263
0.247559
0.249236
4.37311
0.0730634
3.94302
0.0220172
10.7094
0.571697
0.0310922
0.0220523
0.0391145
0.0220208
0.0219181
0.0214875
0.0786651
3.38324
0.0218523
0.129093
0.0948726
0.03422
0.0221471
7.99675
0.0221592
0.0241974
0.109511
0.280956
0.0223929
0.0220787
0.0216384
0.0235061
1.66787
0.0224749
2.34721
0.0221877
0.0218975
1.42173
0.0233097
0.0219518
0.0222358
7.12782
0.0222172
0.108614
0.0320612
12.0777
0.0988607
3.19538
0.0218814
0.0225987
0.0217005
0.0218222
0.0279489
0.0220988
0.0219282
4.67223
0.0222855
0.0226236
6.62044
3.0491
0.0218477
0.0610063
0.021765
0.0214781
0.0232401
0.0216505
4.81202
7.10881
0.021452
0.0221618
0.0724674
2.06958
0.0220261
0.0535517
12.4485
0.0220741
35.9612
0.0227809
1.50308
0.022223
1.11154
5.0816
0.0218667
1.3334
0.0239967
0.0216506
0.02204
1.09321
3.46343
0.0649213
0.022172
3.19879
0.0219973
0.023104
0.0219421
11.6642
0.101273
0.0441967
8.59993
0.0218131
1.22708
14.4511
9.34868
4.09232
0.0369179
0.0362641
6.72587
0.0219891
0.0230435
0.0739549
1.68558
0.0214617
0.0222852
0.0219024
0.0219593
0.0219852
0.0375237
0.313203
0.0218493
26.0482
0.0219087
0.0232418
0.0220381
0.0600181
1.88008
0.0221654
0.0217276
0.0533242
13.8792
1.04441
8.97949
0.677726
0.0218781
0.0218588
0.0215028
2.8743
0.0228077
0.0221263
17.2482
0.0219897
0.107355
12.0508
0.021961
4.24223
3.27024
0.860264
0.0581366
0.120696
16.9076
0.253208
0.021918
0.0216532
0.0359749
0.0223745
0.0562229
33.6165
12.1326
0.0306538
5.18482
0.928059
5.93803
0.0214535
0.0221797
0.0219485
0.0217082
0.0220719
1.54623
1.42711
0.022115
3.36545
0.0221011
0.0219151
0.33858
0.0217883
0.593515
1.34217
8.60039
0.021739
0.0218724
0.0222469
0.0222439
10.0705
0.0219735
0.0266615
0.0224661
0.106277
0.024258
0.0222003
0.021947
3.99198
0.0216748
0.472108
0.0218626
2.27989
0.022031
0.0219581
0.0235702
0.459307
0.0216871
0.0222276
7.50863
0.021915
0.0391257
0.216314
0.633828
0.0380212
0.0217641
0.0219284
0.720795
0.0291852
0.0216964
0.0925603
0.147166
2.1048
0.0219717
0.0220117
0.0219385
0.0217553
0.0220401
0.0224643
6.36456
0.022881
13.2739
1.27679
0.0416713
0.0233191
0.021864
0.404232
4.64743
0.0217235
0.0220519
0.0947158
0.0222744
0.0230334
7.07437
1.82809
0.0218896
3.97178
0.0230692
3.51905
0.0217383
0.0220177
0.0218992
4.42018
0.0216483
0.0219013
1.52807
0.0218586
0.0352972
0.0680816
0.021913
15.3982
0.0274752
1.74348
1.31359
0.0219439
0.0222535
3.27381
0.0218429
0.022095
0.0219755
0.0296361
0.0220744
12.3964
17.0679
2.39877
2.17862
0.0217434
5.27283
0.0218667
1.67489
0.0270503
0.0314747
0.0221641
5.74287
0.0220581
0.022939
4.29017
0.0217364
0.0410154
0.0357193
0.0222791
11.6911
0.0217411
3.10514
0.0280958
0.021981
0.0218557
0.0214699
1.34976
0.0217511
1.30998
0.0222667
0.0253388
0.0239337
0.0261214
8.11999
0.0220926
0.0244377
0.164692
0.0525954
0.148564
0.0220531
0.0218698
12.3907
0.0214519
6.9163
0.0335494
0.0218642
0.0219035
9.29632
0.282032
0.0223692
8.07346
0.0218288
0.0230575
0.0218212
0.0577065
0.0235823
0.0600808
3.22666
0.0218938
0.0217205
0.021933
6.01623
0.0218853
0.0226239
1.31994
0.0218772
0.123979
0.0221627
0.0277348
0.0220428
0.0222435
0.0223218
0.164908
0.0362341
0.0218081
0.132658
0.022105
2.63561
0.0219657
0.144996
0.0219366
0.0219092
0.0219354
35.4865
0.0273452
0.0224282
0.293741
0.0224373
0.0316961
0.0227725
0.0255724
0.0222729
0.0218981
0.0224014
4.58611
0.0219777
0.0218253
1.51671
0.0220037
0.0217702
0.0219664
1.24307
0.0222055
0.0520567
0.0289494
0.357181
0.0222109
0.0452299
0.0217316
0.0222966
0.0281081
6.18529
0.0222927
0.021687
0.0219271
0.183078
1.38038
0.0225723
0.0218538
0.0219
4.40004
0.0216206
0.0351899
0.0420426
5.12899
0.0222948
0.021716
7.42985
0.0225698
0.0499943
0.0301862
0.0214635
0.0404114
0.021985
0.0283593
0.0215157
0.0217589
0.0219345
9.12551
0.0220131
1.68274
0.0216876
7.68293
3.7523
0.534067
0.02201
5.60019
0.391599
0.0337772
0.0219849
0.0330426
27.8114
0.0220739
4.10806
0.0222558
0.155163
0.0253386
0.0222149
0.138544
3.1818
0.0218283
0.0251499
0.0219241
0.033796
0.0218563
0.0217204
0.022041
2.36847
13.199
0.0222912
0.0219379
0.0220944
1.41954
0.0219173
0.128581
0.0221203
2.47327
5.72288
4.89188
0.0429532
0.0222519
0.0220893
6.20169
0.0220996
0.03722
0.0222661
0.0351904
17.488
3.05341
0.0222869
0.0216767
0.031609
3.64433
0.0643955
0.0218137
3.91774
27.7365
0.0216294
0.700181
0.0215163
0.0444559
0.0219147
0.0227539
0.0222856
0.035305
0.0219652
0.0215073
4.56468
0.0242826
0.0227709
1.33795
2.83418
0.0220324
4.54879
0.0220992
4.79224
0.0250464
0.0215233
0.0215856
0.0220158
0.0262527
0.350901
0.96475
0.0220073
0.0226509
3.93914
0.0220421
0.0216243
0.0218627
0.0219829
0.303832
0.0219331
0.0216209
0.0216377
4.28893
0.0222667
0.0219274
0.0216534
1.93143
0.0221628
5.6591
10.0427
0.02191
7.46674
30.6632
0.0221651
0.0563318
0.106115
0.0215919
0.0216964
0.0234346
0.0220113
5.93005
0.026795
0.0221084
0.0216479
0.0218909
0.0220289
0.0219612
0.0222292
2.52697
0.0216517
0.0218571
0.0273925
0.0219093
1.34806
0.0218789
0.0220558
0.0221127
0.0221431
1.99804
5.32335
1.41942
2.53288
0.0224447
7.6576
0.0218522
0.021616
3.39314
4.55879
0.0222141
0.021984
0.0817911
0.146083
4.16333
7.93864
0.044481
2.4743
0.0228516
6.38484
0.0219049
0.0265646
0.0218668
3.09985
0.0219406
13.4835
0.0222537
0.0242699
0.0221462
0.0228547
0.454872
0.0216159
0.0214915
2.68492
0.0557032
0.0222464
0.0216712
0.0216106
0.0231329
0.0222551
0.0222385
0.0218779
20.8901
0.0218259
0.0228481
0.022255
0.0216103
0.0217281
0.0375299
0.0222971
0.0389455
0.0221641
4.47647
0.0217246
0.109266
0.0695629
0.0218024
0.938915
0.0214793
1.91634
0.0220455
0.0220203
0.0219059
0.0215942
0.0944133
0.021862
0.0226017
0.0215843
1.59275
0.209301
0.0220256
0.022271
0.812449
2.2042
39.7819
0.422098
3.28781
0.0218443
0.021867
0.0375159
0.0222851
31.9737
0.022258
0.0988986
0.0218924
0.0222473
0.0291159
0.0215363
0.0222506
0.041861
0.961371
0.0216661
0.0215818
0.0222091
0.0219689
0.0221063
0.0216677
0.0219444
0.021869
0.03039
0.0563293
5.6015
4.80252
36.2335
0.0215912
1.72201
0.0218923
0.118367
1.06324
0.0220336
2.48821
0.0218723
1.50027
6.29813
0.0704147
0.0220674
18.8747
0.0241984
0.167436
0.0226711
0.0303009
7.39962
3.10288
0.362884
0.0245198
25.3983
0.206405
41.8954
0.027527
18.1515
41.0606
12.7893
0.0216522
0.0222741
1.31923
0.0214882
0.0219511
0.442313
0.0219857
0.0220964
0.0376673
7.23642
1.32541
4.1833
0.0218765
0.0218338
0.0222074
7.40985
1.65605
1.47668
0.0257296
6.91005
0.0218922
0.0328018
2.43984
0.0255578
3.44603
0.0224652
0.022234
1.30678
0.0218116
0.91088
0.0219402
0.0225933
0.0439055
0.0217949
0.0240109
0.0765447
0.0222667
5.59396
0.0218798
0.0214822
2.69753
0.022583
0.0219122
2.01953
0.084296
4.05594
2.62597
11.8467
0.0225541
0.101968
6.33923
0.09172
0.0298955
0.0225599
3.97506
0.0217698
0.0220576
0.145022
0.0857638
0.0423852
0.0223939
0.022231
0.0218263
1.31276
0.0497726
2.00182
0.0222712
13.0975
0.0218739
0.0437196
0.0241921
0.021788
0.878
0.418849
0.0337106
0.15522
3.80266
0.0222725
0.023872
0.0274845
0.0321889
0.0226951
0.0278328
0.0275071
0.107173
0.0215555
6.1672
4.53509
0.0226982
1.82912
6.39933
1.82165
0.022271
0.0216084
1.60276
0.0219416
4.46654
0.0222308
0.0222723
1.83486
0.023855
0.0220411
27.1476
0.0264215
0.0738125
0.0219068
4.59335
0.0652032
0.0943981
0.0381761
0.0225648
0.117478
0.022588
29.2966
0.0265688
0.290564
0.553587
3.95513
0.167694
4.04531
0.0253609
0.0758598
0.0371817
0.696805
15.1067
0.0218131
0.351966
0.0220483
0.0218917
2.42514
0.0700481
0.0216553
0.0703857
1.43537
4.21004
3.81773
2.85347
0.0759285
0.0222635
0.0242801
0.0217023
4.11009
0.0220515
2.2666
0.537996
0.0246763
2.30553
7.06116
0.0216635
3.08285
6.99068
3.47078
0.0219765
0.0219138
0.0223244
0.0433626
0.022273
1.68466
6.26092
0.042619
2.36343
0.0228398
2.16624
1.31017
1.34079
0.022076
0.561801
0.0273892
0.118781
0.0321508
0.206561
0.0392031
3.50811
0.0222481
0.0218478
0.0216341
0.545833
2.85907
0.0219284
3.91524
0.0681871
0.103219
0.02187
0.110935
0.0221596
2.11414
1.80065
1.47582
0.156974
3.99756
0.0691069
1.64758
0.100061
0.0220878
0.499908
0.0218303
0.0440846
0.0219513
2.69897
0.0220339
0.0257452
3.87262
0.0477719
0.044756
0.0735421
6.72606
8.09585
2.62933
1.46687
0.0401939
0.0219106
0.0219955
0.0426496
12.1406
5.4873
0.0345982
0.0307765
0.0975386
0.0422415
0.146435
0.33821
0.0991667
0.0508236
0.0626716
1.10218
0.0216317
9.70606
0.0217531
0.0222806
0.153694
0.0330853
5.61485
26.4584
0.1475
0.704057
0.5026
0.021869
1.4522
1.53503
0.0406831
0.0284872
1.5921
0.0395969
0.0468979
2.38032
2.26125
0.0218994
3.63228
5.35974
0.0216953
1.59214
0.0226647
0.0216473
0.021475
0.0315619
0.506023
1.68969
0.444871
0.0623628
0.0589944
0.0415299
2.31375
)
;

boundaryField
{
    frontback
    {
        type            empty;
    }
    topbottom
    {
        type            fixedValue;
        value           uniform 0.0223;
    }
    outlet
    {
        type            zeroGradient;
    }
    inlet
    {
        type            fixedValue;
        value           uniform 0.0223;
    }
    walls
    {
        blending        binomial2;
        n               2;
        beta1           0.075;
        type            omegaWallFunction;
        value           nonuniform List<scalar> 
120
(
19.0924
22.4502
29.43
20.654
26.1062
27.2665
26.4419
24.5441
26.087
16.014
30.6839
25.3118
19.175
21.5832
24.4069
25.0258
14.5623
22.9193
11.5805
27.5253
25.2838
12.7973
32.6817
23.0273
21.3916
12.8603
20.8054
7.50386
22.7207
8.40516
8.67399
8.64159
7.44488
7.52322
27.2035
27.6274
12.5588
20.9992
26.796
26.281
25.8272
13.8484
22.4489
24.7005
16.6172
26.888
26.4986
19.7339
25.9554
26.2939
26.9009
12.7319
32.1815
27.0167
23.4769
23.264
16.2148
12.1344
25.9683
6.34806
7.19716
27.4031
17.6652
23.298
27.2318
7.96619
7.71192
8.42544
23.8991
22.9711
27.2583
20.2748
31.3734
25.7771
17.2041
17.4053
27.2084
16.912
25.8023
7.46447
8.75237
19.946
6.7503
20.1593
31.8789
22.4974
7.8583
30.9221
8.66528
18.109
32.6651
10.7813
11.9207
8.79522
9.1666
9.43923
25.0384
26.7219
24.0058
23.8707
26.0351
14.2134
19.3865
27.0862
20.3361
27.5615
35.9612
26.0482
12.0508
33.6165
12.1326
20.8901
39.7819
31.9737
36.2335
18.8747
25.3983
41.8954
41.0606
12.7893
)
;
    }
    procBoundary0to1
    {
        type            processor;
        value           nonuniform List<scalar> 
80
(
2.02772
0.0387383
0.0220338
2.02984
0.0220645
0.0264586
2.66105
0.0242636
0.0242636
0.0250641
0.0215875
0.0254416
0.0364458
0.0337572
0.05635
0.021402
3.14469
2.27229
3.66512
0.0236303
0.0337572
0.0219172
0.0214172
0.0317582
0.0496559
0.0218184
0.0215145
0.0215462
0.71585
2.28188
0.0236303
0.0213974
2.32169
0.0214617
0.0222182
0.0214923
0.0214328
0.0214328
0.0217385
0.02949
0.0214521
0.021397
0.0496559
0.0214423
0.0911731
0.0911731
0.0437402
0.71585
0.0214335
0.0213932
0.0216249
0.0216747
0.0214423
0.109399
0.212986
0.0231515
2.7472
0.0437402
0.0214753
0.212986
0.0767548
0.0278422
0.0660791
0.130786
0.0213914
0.0214245
0.0214172
0.0237513
0.0225962
0.130786
0.0214245
3.92894
0.109399
3.00101
3.60401
0.0591389
2.18222
2.28188
0.0223922
0.0228479
)
;
    }
    procBoundary0to2
    {
        type            processor;
        value           nonuniform List<scalar> 
165
(
8.28155
15.4244
21.0959
0.163819
0.0220289
6.42808
4.07118
8.19912
13.9567
13.5105
15.4244
0.0280988
0.0294073
0.0219723
0.0219957
21.0959
0.0219787
4.84778
2.09755
0.0260449
0.0229764
0.0227813
0.127083
2.77256
9.22268
0.0227813
0.119937
8.75169
3.43053
0.0231808
5.90213
0.022079
2.96157
3.20729
2.96157
0.0220082
10.1642
0.0219455
0.0742847
0.0742847
9.00903
8.91027
3.09416
0.0221105
0.738195
0.392326
0.0219461
1.91766
0.0461018
2.32275
0.738195
0.022088
2.06542
0.0252762
3.64401
3.67106
3.6504
0.0246456
0.0242296
0.0221202
7.67909
0.392326
2.23042
0.0219883
0.0220492
0.0220579
6.00152
7.81306
0.0219606
0.0572629
0.0223598
0.0237888
0.0219372
0.0219496
3.64325
0.0222937
0.0427109
0.0219623
0.0221439
0.0226056
0.0219623
0.0222758
0.0513944
0.0644083
0.0219606
0.0277684
0.259701
8.18597
0.0219308
0.0219334
3.12173
0.0220037
2.23042
0.0224824
0.03173
0.0221785
0.0265317
0.0911269
0.0513944
0.0219361
0.0330653
0.0222142
1.87168
3.62485
0.0220854
0.0396645
0.0220464
2.81517
3.52305
3.53891
0.0222662
0.0221545
0.0219281
3.56045
9.84361
9.23499
8.26121
3.64162
2.51702
0.0234935
10.3838
0.0369622
0.0396645
3.56666
0.0219279
8.72778
9.71252
9.27396
0.0221946
0.0350344
0.0219273
2.53426
0.0222526
9.15074
0.0294073
9.6536
0.216119
0.0911269
0.0221376
0.0220205
1.95508
0.0221895
2.94599
9.24454
12.421
6.48571
3.29123
10.5764
9.0793
6.87088
8.65984
16.6549
9.09329
6.53567
1.87368
11.7341
2.32545
0.0304832
9.37403
29.4047
0.0222257
1.85232
1.4252
9.51105
11.4047
)
;
    }
}


// ************************************************************************* //
