/*--------------------------------*- C++ -*----------------------------------*\
| =========                 |                                                 |
| \\      /  F ield         | OpenFOAM: The Open Source CFD Toolbox           |
|  \\    /   O peration     | Version:  v2012                                 |
|   \\  /    A nd           | Website:  www.openfoam.com                      |
|    \\/     M anipulation  |                                                 |
\*---------------------------------------------------------------------------*/
FoamFile
{
    version     2.0;
    format      ascii;
    class       volScalarField;
    location    "350";
    object      omega_0;
}
// * * * * * * * * * * * * * * * * * * * * * * * * * * * * * * * * * * * * * //

dimensions      [0 0 -1 0 0 0 0];


internalField   nonuniform List<scalar> 
9793
(
0.0224397
11.0569
0.0219382
2.50242
0.0222599
0.197607
0.0833226
6.59238
0.0221317
15.4179
0.022197
0.0221878
0.0219165
1.4884
0.0217917
0.0257677
0.0525531
0.0219323
2.21243
0.0215653
0.0216339
0.0222917
2.52851
6.77274
1.53285
0.026746
0.0220992
0.0222621
0.021576
0.0786937
8.23725
0.345533
0.0220103
0.0219438
0.021868
0.0280242
0.0241603
0.0251432
1.4629
0.0304654
0.0681123
6.90588
5.67691
0.0222717
0.021963
0.0220431
6.35391
0.0222844
0.0217225
0.0219392
0.0277211
0.0218511
0.0368894
0.0222688
0.0333166
2.10796
0.021925
0.086904
0.0217277
0.0222915
0.0272922
0.0990295
0.0219513
0.0339078
0.0219628
0.0220626
26.9715
0.0240512
0.0245314
4.42135
0.0220047
0.1044
5.94387
3.20037
5.69914
0.0222626
0.0466097
10.8792
0.0219813
0.0222707
0.0494342
2.18676
0.0508235
0.0240028
0.0245678
0.239701
0.0222614
0.0662178
1.47491
0.0942085
1.75771
1.14817
1.20969
0.0407612
5.31074
0.0219093
6.52408
0.0495929
0.0246175
0.0222687
1.3187
0.0351511
2.69507
0.021968
3.96852
11.359
2.2213
0.0218782
0.0219854
0.0222835
0.0222337
2.07674
3.34383
7.76979
0.0219795
0.0221125
0.0239342
0.0220506
1.77972
0.022029
3.19562
0.0707694
8.41126
0.0415886
0.0241892
0.022035
0.0599298
6.57596
0.159577
0.163846
0.0236076
0.0218117
0.0223354
0.023296
0.026994
0.158683
0.43127
0.0239693
0.0222737
0.0602604
2.4514
0.0272296
0.0219654
0.0541944
6.07994
0.624479
0.022036
6.35097
0.0218094
0.0220298
0.022069
16.7858
0.0241718
0.0220919
0.0219289
1.01448
0.0560672
0.0219466
0.45264
0.0219333
0.0626342
0.0237093
0.0216403
0.363098
0.0220526
8.37889
2.28261
0.0222299
0.0218792
0.0222177
0.0219805
6.3785
27.8797
1.8681
0.0219103
0.178771
0.138673
0.760545
0.0219662
0.0239893
4.58311
7.46676
0.0760524
0.0220358
0.0220732
0.0218728
8.43201
5.61243
21.2986
2.92137
0.021997
19.1613
0.426335
0.0256012
0.021769
0.0233851
1.99955
0.021603
0.0219302
0.0222044
0.0220271
0.0216342
0.0287322
0.0247743
1.64803
0.0219378
0.027866
0.0222281
0.0223948
0.485994
0.057801
2.70688
0.0216411
3.6878
0.0240373
0.0407271
0.0218039
0.153922
0.0221215
0.0513895
0.0531036
0.021637
1.40301
2.02219
0.0390794
0.0218992
0.0503932
2.01232
0.050565
0.0512308
1.50043
0.122534
0.038461
0.034574
0.381915
0.0216087
4.20429
6.66671
0.0216089
0.0222227
5.34173
0.0219204
0.0222314
0.102543
0.114337
0.0220578
0.0240092
0.028909
0.0383011
0.0240472
0.0219724
0.0439604
2.90312
0.0216347
1.89675
0.0222623
0.0221704
0.0216689
2.01943
0.0219796
2.23375
3.36536
0.0221035
0.0221312
2.13618
0.0218539
0.02224
0.0218312
2.93382
0.279179
0.0250914
0.451633
0.0819147
2.47347
3.71628
0.0222485
21.7993
0.0222644
1.93307
8.0273
1.51117
3.38063
0.118831
0.0236214
0.0469143
0.0244366
0.0218039
0.0223184
0.478901
0.0269181
0.0221398
0.0222838
0.0216388
0.0216996
0.0216373
2.32481
0.0218693
0.0217846
0.0219157
0.0219183
5.40442
0.602312
0.065381
0.022965
0.0547671
0.0220381
0.694412
12.6428
0.0219732
4.08325
0.0322193
0.0219571
17.48
1.07237
0.0220181
0.0462341
13.1744
0.0221875
0.0344711
0.0217841
0.0222768
1.82817
0.0413174
0.0219524
0.0220221
0.0228315
0.174524
3.37962
0.0219418
0.0218723
0.0217466
7.01855
4.94506
8.50722
0.0216008
0.0437298
0.0353544
2.20828
0.0674093
0.0216105
0.0216618
0.0217473
0.0454792
0.0221029
8.61437
0.0220879
0.0217883
2.85457
2.21142
2.94297
0.0217813
1.31891
0.0247376
4.17301
7.98605
1.57223
0.0236409
0.0317192
0.476886
1.61446
1.99939
0.0267619
0.0222635
0.0254855
0.0216936
0.0218541
0.0220848
0.0220813
0.022292
10.0353
0.0222069
0.0602292
0.0300484
3.29054
0.0216075
0.0240823
5.20219
0.50838
1.56066
0.0656762
0.0217907
0.0237159
0.0219413
0.44882
0.0215721
2.74697
0.1613
0.0836595
6.70457
1.85767
0.0221376
0.0218975
0.548081
0.396182
0.0219365
6.80595
0.0221316
0.022176
6.89383
0.0216394
0.0885236
0.0216171
2.12435
0.0220934
0.0220631
2.8505
0.0981429
0.0509697
0.0255991
0.0220746
0.0218516
8.01107
0.0494762
0.0215804
0.0221949
0.0345451
0.035318
0.050408
7.11156
0.022196
0.0219407
0.412409
0.0220812
2.45955
0.738853
0.0220651
0.0220151
0.0222893
0.0221166
0.0217335
1.33318
0.0518376
3.84638
0.0293378
0.0231496
0.0418056
0.0248513
1.6474
0.026501
0.0222679
0.0240605
0.512001
0.0219666
0.0219377
0.0220018
0.0215751
0.0219843
0.0218072
0.0220444
0.0221579
0.0229332
0.0244054
0.101893
0.0220129
1.48157
0.0258123
0.216879
4.6754
0.021808
3.09311
0.0812043
0.0217752
0.0215754
0.0219748
3.92226
0.0836226
0.0215718
0.0221205
0.0221976
0.0689936
0.155446
10.8828
0.0219762
0.0219298
0.0319937
6.89743
1.46664
0.0238192
0.0231316
1.99493
7.24374
0.211948
0.0222345
0.0218001
1.55411
0.0219139
0.136346
4.12845
0.0215696
0.241029
0.0267952
1.31895
0.0218515
1.89
0.281903
0.0253697
1.75809
0.0219117
1.95975
0.0220946
0.0218934
0.0222234
0.0219458
4.57821
0.021905
0.0217103
0.0229197
0.0216092
0.0218007
0.0461061
0.0228347
0.0333448
0.0220337
0.022038
4.11367
0.0763521
0.0237659
1.94708
0.0240406
0.0222273
0.0219842
0.0217322
10.8214
0.021702
0.0220693
8.79192
5.98069
0.0391316
0.0219239
0.0222842
0.0221026
0.0222413
1.77985
0.0222339
3.4916
0.0238904
1.83447
0.0222622
20.4615
0.0222332
0.226219
0.0219197
0.0817283
4.33289
0.0221032
8.88868
0.0219129
0.0222182
0.021624
5.98728
1.68998
0.0219818
0.0275455
0.0216992
1.93571
0.0218829
0.0446114
1.80806
0.0254663
0.0220266
0.0461876
0.0222452
0.0221442
0.0217631
0.0951469
0.0219554
2.18091
0.0220518
0.0221168
0.0376499
0.0765645
0.571262
0.0217749
19.6107
0.0218936
0.20257
0.0219261
0.0221878
0.0219099
0.0220496
0.0222684
0.217102
0.0387496
9.13239
0.108902
0.0356445
0.0344299
5.4605
0.0235709
1.71053
4.30299
0.260971
9.95411
2.20069
0.179708
0.0221503
3.4716
0.0372445
0.022101
0.355611
0.022251
0.467381
0.0359238
0.201848
0.0279644
1.89343
6.18758
0.0354456
0.18275
0.0222164
0.660565
0.0229608
0.021922
0.0220918
0.0233096
0.0457589
1.44556
0.292466
5.58216
0.0233028
0.0235069
1.30524
0.360467
0.022924
0.0605898
0.0224204
4.98282
3.00104
0.0220589
0.0656932
0.259877
6.65465
0.0219577
0.0259648
9.92404
0.0280593
8.51165
0.0842738
2.54152
0.0257972
0.0236797
0.0219149
0.0219282
0.195747
0.0222843
0.200044
0.129132
0.0816135
0.0222596
0.022224
0.0233689
0.0220966
0.0218334
0.0219215
0.0992892
4.07607
1.55034
0.0222797
0.334325
0.0219485
4.56019
0.0451737
0.047878
0.0346663
0.261229
0.0217522
0.0220597
0.0437395
0.0219136
0.0220534
0.0593848
1.31993
0.0216335
0.187483
1.57087
0.0242586
1.84424
1.64677
0.0218212
0.0537176
0.0263708
0.0219922
0.021621
0.103915
1.56562
5.95553
0.021987
0.0220167
0.0216686
0.0242373
0.0228662
0.0238671
0.579265
0.0448348
0.0221517
4.15326
0.0288439
0.0339285
0.0220136
19.6809
0.0234744
0.0219176
0.0827856
2.11176
0.021587
0.0220505
0.0219473
0.0249063
0.021748
0.0362684
0.459515
0.0222
0.094617
0.0227543
0.0219686
0.730029
3.10469
0.255097
0.0220745
0.0215995
4.20735
0.0261061
0.606982
0.0215656
0.0219161
6.98224
3.22284
0.0295295
0.09475
0.0641909
0.0218961
0.0222717
0.0219536
4.20195
0.0220573
0.0222928
1.49236
0.0277605
0.282008
0.0333251
0.0219342
2.74127
0.0222682
0.0219203
0.0219447
0.0306868
3.18173
0.0221623
0.0219729
0.0219123
0.0219021
0.0219403
0.0219296
12.5624
0.0317428
0.0228625
0.02211
0.0318584
0.0602253
0.0257039
0.0288283
0.0222839
0.0216619
0.0233062
2.04699
1.86074
0.023014
5.71773
0.0222156
0.0253423
1.05553
2.21523
0.0217798
0.0221808
0.352654
0.0502975
0.0219067
0.0222489
2.25525
0.0222682
0.0680374
0.0220098
0.64108
0.0222478
0.0222842
0.0221269
0.030638
0.0220548
0.0246374
0.0263827
0.167328
0.021864
0.0219952
0.0222498
0.0218888
0.0221141
0.0219424
0.0303708
0.0221112
0.0504609
1.61807
0.0423371
0.0623933
0.0222022
0.0217623
6.94823
4.74929
0.0216115
1.80616
7.90496
0.0216052
0.0219685
0.0218813
0.0957724
0.05238
2.45101
0.0218582
0.0250187
0.0218599
0.0223251
0.0222702
0.0860994
0.0220923
0.243115
0.022093
0.0585059
0.0218935
0.0231845
0.0219232
0.0363577
0.0616582
7.55441
3.53907
1.86176
0.0470214
0.0219178
3.02834
3.80735
0.0599281
0.022012
0.0220848
1.98586
0.0218745
2.96862
0.0216247
0.0285445
0.0221566
0.0222699
0.0217873
6.69291
4.26205
2.73513
0.0739288
5.57656
0.0219507
3.15694
11.5407
0.0222705
0.0221029
0.0217336
1.07739
0.0215635
6.73034
0.0327677
0.137381
0.0222677
0.8969
8.06552
1.70072
0.0295826
0.0314653
0.0220409
19.8292
0.0215464
0.616564
0.211569
0.069479
10.5825
4.6252
0.023697
0.0233685
0.0219485
0.0877748
6.82718
5.50976
0.0217476
3.88919
0.0252826
0.111868
0.125713
1.33762
1.36285
0.021658
0.0261779
0.029708
0.023869
0.0235953
1.94137
0.0221973
12.1865
0.0218098
0.0216376
0.0780645
0.103969
0.81639
0.02254
22.6827
13.1641
0.634084
0.0271645
0.022233
0.0225443
0.022227
0.0219283
0.764128
0.505174
0.0221533
0.0219279
0.030846
1.72139
0.0258124
0.0219284
0.446981
0.0219401
0.022275
0.021556
0.058033
0.0220299
0.0245349
4.10647
0.0601742
0.0222902
4.16979
0.132736
0.0219361
0.0228179
0.0332795
0.0222624
0.0219633
0.0217555
12.8343
0.321527
0.0222281
0.0348214
0.0367637
0.658681
0.0219656
3.52973
0.0218624
0.0217552
0.691296
0.2331
0.0640755
0.022062
0.0218962
6.13808
1.37394
0.285423
2.87602
0.0221028
0.0234738
0.0220145
8.64947
0.0243365
0.667824
0.0227729
0.021929
0.0233409
0.021693
0.0218756
0.0645877
0.0217857
3.4123
0.021832
0.0222268
0.0215756
0.0244844
1.53476
2.64754
0.0505838
5.93353
0.0219789
0.0360485
0.0231276
7.3161
0.0218343
0.021644
3.14027
0.0348623
0.0331071
0.0221117
0.19478
6.57424
2.50624
0.0221678
0.0348308
0.925255
0.03032
0.835191
0.120662
0.0810314
0.0217658
0.0226334
0.0597535
0.0781161
0.0219862
0.0900574
0.0217412
0.0221833
0.0222894
0.0217734
0.0219187
0.0219915
0.756932
0.0256242
0.0228541
0.0458573
0.0217562
0.0219312
0.0379252
3.2838
0.0868242
0.0606472
1.80538
0.0222341
11.0996
0.0292848
5.65015
0.0619797
0.0222021
0.022057
0.0233106
10.1728
1.73695
0.0505076
0.158213
0.0216595
0.0219273
0.0222483
0.0222014
8.26241
0.0253848
0.0219447
0.150916
0.29586
7.1499
0.022667
2.90932
0.0568153
0.0396147
0.0309826
0.437707
0.246035
0.0222524
1.38426
0.244175
0.0392614
2.25372
0.0442494
0.0221645
0.0222638
0.0219221
0.0232003
0.0274195
20.5493
0.0492537
0.0218704
0.284933
0.0220029
4.3338
3.32014
0.021955
28.8808
0.0218215
0.021753
0.0219971
1.36591
14.3791
0.0473129
0.0316054
0.0217196
0.536263
0.0222313
0.030678
0.0220905
0.0221743
0.021896
6.29613
0.0228481
0.0427526
0.0289485
0.0222117
0.383729
0.132187
0.0328605
0.0253718
0.0235775
1.69968
2.80619
0.0218855
0.0217691
0.021884
0.0225971
6.51258
12.7461
0.204088
0.0256604
0.0217911
10.7248
3.73762
0.0222178
23.4107
0.0217167
0.0830383
12.7228
0.0217475
6.83139
9.55812
0.124788
6.79135
6.65714
0.0218641
0.022721
2.51522
1.40738
0.0225941
5.37764
0.024795
0.021919
0.022274
0.0230084
0.039296
0.0250321
0.326263
7.01418
0.235224
0.034631
0.0220791
0.0600902
2.17567
0.0217664
3.66403
0.0472543
0.02222
0.0246372
0.0222417
0.0222339
0.0317766
2.31507
0.0223907
0.0217941
5.68575
1.36819
0.0680844
0.0222616
0.0551247
0.0219321
0.021931
4.70268
5.91946
0.0219206
0.0214921
2.8354
4.49103
0.0479421
0.0222969
11.0855
0.0226
0.0219266
0.0235725
0.0219315
0.0216531
0.0216273
10.4936
0.17827
0.0259375
1.5935
0.044051
1.3509
9.78254
1.9142
0.148182
0.0219544
0.0222389
0.0222509
0.0219922
0.0762522
0.0218815
0.115272
0.028864
0.892384
0.0220459
1.42028
0.0369251
6.16298
0.0219245
1.76264
0.0291073
0.164857
0.246289
0.0307836
0.0216241
10.6161
0.0553711
1.42046
0.0216086
6.28152
0.0220251
5.65297
0.497674
0.0439694
0.0219262
0.022089
1.77124
7.20845
0.030916
0.0215869
0.424012
0.0855947
0.044203
3.37852
0.0818153
0.0219477
4.21868
0.0219244
0.032133
0.0216261
7.2298
0.0216315
0.023298
0.301583
3.59325
0.0222221
0.0664863
0.0240101
0.0791975
0.0218797
0.337912
0.0235454
0.0642373
0.0219641
0.0219849
1.88995
0.0279885
5.97099
4.65303
5.59799
0.0227916
0.0216471
0.0217649
0.0254079
0.0360863
0.030812
5.28798
0.02339
0.227758
0.0421597
0.0222811
0.0219496
0.0671628
0.339208
9.40636
0.0219187
1.53072
0.0218629
6.56637
1.47746
0.0457669
0.0219967
0.0217335
0.0424212
1.3405
0.0242327
0.0222688
0.0234764
0.0441041
0.0227267
1.55436
2.06729
3.84223
0.0221562
0.0260315
12.0373
0.022187
0.0632093
0.0218099
0.77116
0.0365725
0.0219509
0.0435331
0.189051
0.0219208
2.19955
0.0219215
0.133618
0.258288
0.374637
0.351977
0.0221666
0.0222406
19.0794
0.0221851
0.0400452
0.0797359
0.023402
0.0215374
11.2794
0.025095
0.409872
0.0231445
0.0673622
0.0225657
0.417508
0.0253934
0.0244879
2.59335
1.19152
0.0220886
0.0222731
0.167554
2.05931
1.94529
0.797509
0.0284988
0.0219266
0.021814
1.72195
0.0221382
6.72375
0.0988773
1.86831
0.0221071
0.0217231
0.0217975
0.0424784
0.0437465
3.6679
1.39225
0.905209
0.211171
0.0216094
2.54601
0.0230245
0.0611831
0.0227542
0.0398109
0.0622128
0.0219298
0.0215782
0.0626053
0.0216409
0.0389476
0.072293
3.34696
5.25931
0.0358998
1.6567
0.0217427
0.0216409
0.0220739
0.202293
0.0624042
0.0458151
0.112323
2.65804
0.039734
0.157012
0.021814
0.0221869
17.3524
0.0218983
0.297361
0.0214713
0.0218762
1.68562
0.348549
0.0218733
0.0788389
0.511479
4.59197
2.01481
0.0250202
0.0646951
0.0478598
2.90201
0.0220727
6.06647
6.41328
0.0238462
0.0252561
0.0216152
0.515694
0.0217407
0.0219844
1.38054
0.0222466
0.0215691
0.198793
0.0571513
1.37724
1.35901
3.29983
1.68609
0.0216334
0.0219192
0.0218805
0.0222055
5.99209
0.022085
1.67136
0.0230065
5.6624
0.0246521
0.022157
0.0216861
0.0222739
0.0304671
0.0220037
0.0215271
0.294819
0.0218296
0.0498921
0.0225151
7.52967
0.0247133
0.022079
0.0219201
0.0525159
0.0219057
0.0217638
0.0220881
0.0222149
0.0240535
0.0218693
0.0233726
0.0319599
4.21596
6.34891
5.38532
2.43758
0.0217731
0.0220045
0.0219293
0.0214338
0.0219348
0.0217398
0.158483
0.0218737
0.0222518
0.0220684
0.0220415
0.0219398
8.35455
0.0237721
0.0219696
21.2155
0.0422782
0.0217155
9.25546
8.1519
0.0220186
0.457747
0.723875
0.0220636
0.0467609
0.024113
0.0215617
0.0274502
0.0221111
0.038099
0.0220122
0.0222476
0.0217512
29.6343
0.0274307
0.0462763
0.0220322
0.0222654
5.95116
0.0259883
0.022035
0.023785
0.0241047
0.022252
0.243545
13.6438
1.09122
1.34971
0.229743
0.0377141
0.0222598
10.7525
0.160208
0.0227626
0.0591416
0.0222932
0.0219104
0.0222466
2.01699
0.046745
0.0219967
0.0220403
0.177911
0.021735
0.444094
0.0219814
1.91259
0.222093
1.23037
0.0220796
0.0233057
0.0322171
0.0357699
0.0222731
0.0391424
0.0888388
1.51424
0.0220381
0.514771
10.9694
0.0215725
1.75309
0.0438683
0.343092
0.10575
0.0219245
0.0278153
0.0397987
0.0216893
0.0248586
0.0215475
2.04715
1.51571
0.032825
0.0218281
0.149743
0.0763735
2.79768
0.287812
0.0233438
0.027518
0.0219491
0.0219497
0.0398422
0.0525853
21.492
0.021825
0.462335
0.0226826
9.76439
0.175925
2.42918
0.0216054
0.0230264
2.00101
1.81031
0.0434245
1.89075
0.0227173
0.226496
0.0219125
0.0218702
2.52467
0.277522
0.0242775
0.0220935
0.0760439
2.18194
0.196722
0.0674407
0.0217782
0.0220124
0.0217201
2.3633
5.9276
0.0217612
0.0439578
1.56709
0.0736169
0.280806
1.55657
6.10695
2.27056
0.021777
0.0226377
1.49333
0.0218928
0.049872
1.59202
11.1937
0.023507
0.0306087
4.7043
0.635435
2.04675
6.98281
1.58464
1.33806
0.0221109
0.0216284
0.0219914
0.0224652
24.6737
0.0558466
0.385831
0.465888
0.0574299
0.0219304
0.207035
0.0217043
0.0297994
0.0219205
0.0411639
8.35752
1.80147
0.0220712
0.0216074
0.0364439
3.19266
0.185662
8.4414
0.0452569
0.0220755
0.0849213
0.0214693
0.0972955
0.0324504
0.0219216
3.29053
0.183555
0.545053
0.057526
0.0222568
0.0215865
5.04224
0.025422
0.0216265
0.0221451
0.0222561
0.0216874
5.7317
7.68343
1.87062
1.4119
7.17279
0.0236364
0.0219451
2.03372
0.0240511
0.0798107
6.804
0.0218662
7.1907
2.81046
0.0594536
0.0340499
0.81156
0.0231436
1.77081
0.0374355
1.87594
0.0218316
0.0228951
0.0411502
3.24579
0.113723
0.0694735
5.38321
2.14657
0.073125
0.154949
3.31004
0.0240912
0.366687
19.5462
0.0359326
0.0638441
3.30061
0.0310796
0.0370499
0.0221034
0.0361293
0.0382039
0.0560724
0.0220879
8.83524
0.169143
1.68036
5.57207
2.07502
0.0399486
1.59741
9.00509
0.0218468
0.254466
3.74548
5.61441
0.0278431
0.0244077
1.39207
7.08828
0.0216165
0.247486
0.0217551
0.0219083
4.13151
0.025632
2.17411
1.37888
1.88924
6.94899
0.0216261
0.0344772
0.022004
0.0218439
0.112851
0.0563974
0.0261748
2.76469
1.74555
0.0222732
0.0257914
1.36221
0.0232355
0.404744
0.0487249
1.36853
1.36198
0.361295
10.0175
7.56917
1.725
1.37356
1.62575
0.0294699
0.0253483
0.118918
0.122223
1.54381
6.4487
0.0221321
0.0227484
6.32306
2.21782
0.0243061
5.40656
0.0219432
0.825325
5.57933
4.85245
0.0219217
1.52932
1.57359
0.0268003
0.0348262
7.33281
6.59205
5.47723
4.69572
0.0220088
4.75538
1.52014
0.0412419
0.223954
0.11003
0.0217377
0.0263641
3.28006
2.32624
0.0243783
0.0221717
1.34525
0.084217
1.72574
0.0736737
2.26085
1.39938
0.0219918
11.2824
0.0222852
0.0293109
0.0220933
0.021879
0.0217077
0.0369813
0.29359
0.0214964
14.5548
0.0688538
3.66304
9.2149
1.9119
0.0219081
5.46536
1.53811
1.90586
0.0344717
0.0219294
2.93725
0.393991
2.00421
0.0564158
0.0235743
0.0216912
3.50343
5.68992
0.033553
14.8232
0.0314677
0.0222118
1.31164
0.0552167
19.8148
0.021895
0.0281143
1.57312
5.3535
1.38674
0.194818
1.36912
1.60709
3.10811
0.0220466
8.75854
0.0480898
0.0218513
0.0215601
0.0219475
5.4646
0.050233
1.37519
1.44656
0.0345899
0.162639
0.0741698
2.54253
0.270904
7.46965
5.43669
1.30582
0.0897886
0.0216536
0.319814
0.0571759
0.0959787
1.30755
2.95952
1.68653
0.0220947
0.0239615
0.048968
0.0220588
0.0219464
0.0275958
1.3968
0.0274101
0.0246126
1.29219
0.0696145
0.270756
3.52007
1.4332
0.421885
1.82809
5.3532
2.1434
0.0639825
0.0307277
0.0221391
1.31277
0.106498
0.219389
0.0641867
0.0618754
0.021453
0.173179
6.56459
0.025699
0.021591
0.0229187
2.18449
0.0218761
0.0220246
0.0621124
1.44919
0.0274068
0.0548901
0.180504
0.0307864
0.0579094
0.0218797
0.0219794
0.040757
0.20809
0.022275
0.0310126
0.277926
6.69137
0.0221551
12.3819
0.0218845
1.43121
0.0233426
0.0235042
0.0215565
0.17705
0.0327743
5.91644
13.6023
0.0696385
0.0221621
0.0219211
7.45405
1.93392
0.0218053
0.244442
1.49474
0.0520144
0.0796818
0.0214325
0.0226788
0.0219272
1.32751
0.0416984
0.0220496
8.21669
0.0223857
0.0589554
0.241788
0.0217391
0.0998341
0.0595059
19.3911
0.0224569
0.0264087
0.0235078
0.0538984
0.0214084
0.0219082
6.34452
0.321169
0.0740328
0.0219542
1.77072
0.0224056
0.0223877
0.0219572
0.464239
8.07115
0.0236363
11.2292
1.25637
0.0636566
2.80288
2.61909
5.77257
4.46296
0.0513856
0.0611474
0.212249
0.0475289
0.0219501
0.0304297
0.0288493
9.66703
0.0220785
4.02
0.0219792
0.415812
0.0904912
0.0227769
0.0231721
6.29372
13.9077
5.17859
1.48063
0.0218139
0.0645711
5.46289
0.0255417
8.84845
0.0410489
0.109913
1.52709
0.0318226
0.0219919
0.123523
0.147099
0.0219263
1.40228
0.647685
0.0217135
0.0222397
0.0221214
0.0220084
7.74245
0.0219586
0.0469755
0.0220241
0.0222767
0.0327793
0.0219418
1.33965
0.0825703
0.0221599
0.0216317
0.108964
0.0231792
0.0563531
6.93427
5.35054
0.0531062
0.250172
0.0410366
0.021598
0.133165
12.1676
0.0377815
1.3714
3.92589
0.0763253
0.0384532
0.0268291
0.0660798
0.0380565
7.43142
0.0221133
0.0221588
0.0218028
2.46407
7.93877
0.0360536
0.0882332
0.0218575
0.0257321
0.0985791
0.254386
0.0219373
0.0600241
1.74209
0.089544
0.0219911
0.0219468
20.6856
5.99584
0.0219365
0.537463
0.0294015
0.193214
0.221992
0.0218646
2.81086
0.0282805
0.0220247
1.96167
0.19741
0.0219252
0.0221624
0.250241
0.0217831
0.0220398
0.129879
0.042377
0.0463279
6.95888
0.0250167
0.039764
1.67158
0.0218465
9.01497
5.76524
0.0248702
0.0566784
0.167523
0.021981
0.153415
0.0214707
1.91309
1.50906
0.022002
3.22054
9.19948
0.0219588
0.0219472
0.584426
0.0360344
1.44271
1.42679
0.0220953
0.0424604
5.50463
0.0225149
0.0468844
0.0665012
0.0338533
2.12895
0.184121
0.0230716
0.217914
3.60285
0.0461502
3.66548
0.0219109
0.0215542
0.0222676
0.0427841
5.83025
0.0220657
0.0316269
14.4819
2.68922
0.0222181
0.0295796
1.98035
1.41024
0.022225
9.36719
0.0330363
0.0859164
0.0337853
0.0230631
0.0256575
0.0219784
0.0219625
6.39968
0.021933
0.0529152
0.0219813
7.0105
0.0230561
0.0235787
0.0215946
0.0235724
0.0219804
0.0407009
5.53907
0.345359
0.037505
0.0429528
0.0219669
0.0318464
0.0505598
2.3912
5.93648
0.0218315
0.800285
0.0220223
2.27551
1.29399
5.4872
0.0218292
0.107713
0.0688651
7.47087
0.239305
0.021864
2.84519
0.330618
0.0382598
0.74245
0.0221298
0.0220064
0.0395142
3.73459
0.021934
5.41618
0.0343458
1.94968
0.0925448
0.0224448
2.06013
0.0279597
0.0221397
0.237687
0.0219296
2.73932
10.6994
0.145878
0.0277516
0.155953
0.021943
0.100536
0.0434191
8.90158
0.0220342
0.0216235
0.0267669
0.0292659
0.0418605
1.75364
2.98796
0.0362419
0.231785
0.0218189
3.3796
2.88021
0.180859
0.021929
0.0222605
0.0229289
1.94015
0.0220791
0.0258415
1.89814
0.0787674
0.0219973
0.271006
0.0748424
0.0219867
0.0249803
0.11719
1.56391
0.0685706
0.0425468
1.851
1.35969
0.254835
0.0265677
0.0221355
0.0242665
0.0248195
0.136473
0.055333
0.026801
0.0734503
7.66342
0.0242048
0.0219963
5.36963
0.311556
1.5512
0.166376
0.025643
0.0238205
0.0236148
0.0217714
0.0219068
0.0419007
0.0215538
0.0229845
0.0220305
0.0229179
0.0235264
0.0219486
0.0388114
0.0342616
0.0220413
0.0219374
0.0221193
0.022782
0.0223633
0.251676
0.0220583
0.0235071
1.45511
0.0216931
0.0231927
0.0222719
0.0266128
5.35548
11.6573
2.44345
3.10292
3.36229
0.186821
0.0218799
0.0572402
0.0220102
0.486436
0.0228838
0.0293383
0.0221957
0.0524235
0.0219571
0.0301201
0.0217897
1.86093
0.159731
0.0220785
6.40252
3.0979
0.022094
0.0809538
0.0219495
0.0215993
7.41105
0.0220722
0.0632932
0.186606
0.0221051
0.0215592
0.0703718
1.54976
0.0251622
0.0232085
1.37108
0.021942
4.02262
0.0485891
7.58563
0.021676
1.45753
0.0219399
0.0221847
0.217137
0.0564707
2.43273
1.63702
7.05936
1.98441
0.137382
0.134495
0.0220461
0.115342
0.021978
0.021823
0.0947683
0.0219112
0.021984
0.0216077
0.0216175
0.0530795
3.74294
1.40406
0.386248
3.01367
0.0233205
0.0305291
0.0226608
0.0227473
0.0712566
0.0220527
0.0217352
0.0218207
0.0234502
0.0232271
0.199411
0.0748817
0.0448575
0.0221088
0.0551246
0.0563797
2.04919
5.86516
0.0245008
0.0379082
0.0220887
11.4595
1.40224
0.021924
0.0219329
0.0242711
0.0222132
0.246929
0.255822
5.36312
0.0221443
3.82325
0.0221134
2.63676
0.0487884
0.0218122
0.0278163
0.978536
0.02707
0.027551
0.0289289
0.0787779
5.16851
0.0217666
0.0219146
0.0279232
0.133926
0.0218822
1.8952
3.10278
0.0219716
0.0214267
6.37838
0.0608011
0.0219294
4.79248
15.0179
1.94776
1.98914
0.0271758
1.91556
0.022071
5.3543
2.14741
0.823598
0.0603578
0.023755
5.69271
0.0248794
0.0218695
0.0214514
0.164633
0.0216396
2.58301
0.0225114
0.0221791
0.0250819
1.40443
0.0236913
0.0227442
0.0220737
9.94814
3.74367
10.6876
1.46931
0.0393696
0.0219351
0.0242398
0.181887
0.111782
0.0219864
0.0470004
0.148071
1.66679
0.0219201
3.56732
5.44631
0.035682
0.0220631
0.0236313
0.0219527
0.0217337
0.0219412
0.0220309
0.0221382
0.0981189
0.0220954
0.105873
0.0226187
0.0226761
5.42033
0.064009
0.0231262
0.0227494
2.072
0.021561
0.0229194
0.0259078
0.0218165
0.469107
0.0298275
0.0227259
0.0447321
0.0219571
0.0267179
0.0218305
0.13129
0.0218263
0.0219288
6.51634
0.0232071
0.164936
0.0321578
0.0238436
0.0758198
0.0214117
0.0220878
0.0226336
6.80381
0.0234874
0.0219267
1.91817
0.0219994
0.0216277
0.0218837
0.6115
0.0322002
0.114742
0.0337315
0.0308558
0.0503049
0.0237141
0.0269411
0.0479969
2.19625
0.0222781
0.028183
0.0218076
0.255118
0.191632
0.0219044
0.0274076
2.08009
0.0300309
0.0215516
9.02012
0.0256984
0.0820245
2.26451
0.0274854
0.0219191
0.0288804
0.0219273
0.023769
0.0219044
0.0232914
0.0257859
0.0219699
0.0220682
0.0320709
0.0221804
0.088081
0.0218926
0.0237885
0.0219522
0.0279612
1.46317
0.0220815
0.0219581
0.103388
0.0228914
0.0219568
0.209337
8.10755
2.77898
0.022082
0.0243013
0.0328423
0.0222449
0.0221253
0.032475
0.185776
0.0215376
0.0532202
0.0219782
0.0218915
0.0217495
0.021529
0.0226569
0.0416624
0.032668
0.0261859
1.56727
0.0239659
0.0279158
0.0217251
1.71105
0.568269
1.88819
0.0220608
0.0454008
0.0278469
0.0220369
0.0221201
0.0414803
1.41852
2.27044
0.0219071
0.0268216
10.4693
0.0228054
0.173086
4.25597
1.50303
0.0282351
0.0220046
0.0376048
0.0419929
0.133634
10.8682
6.81901
1.45608
0.0226107
0.022174
0.0219459
0.099984
0.0219055
0.0216921
0.0362597
0.0219338
0.0218597
0.0218774
0.052758
0.0219359
0.0217805
0.0219697
2.30366
0.0215495
0.0220422
0.0221066
0.0224723
0.0219386
0.072626
0.0645139
3.61198
0.0215927
0.0280767
0.0990551
5.84177
2.3419
0.0222423
0.0222753
0.0532734
0.0969218
0.0257315
0.371403
0.0219339
1.31348
0.0222782
1.35221
0.0227714
0.0219371
0.0416599
0.0219573
0.0219578
0.0227223
0.703741
0.0243028
0.0224823
0.0221785
0.0219758
0.0381818
0.0219559
0.0219167
0.0256205
0.103702
0.0240919
0.0218696
1.358
7.52744
0.0220049
0.307016
0.0221433
0.0282109
0.0732534
0.197149
0.0233527
0.0229592
0.0220862
0.273438
0.0281355
0.022128
0.021914
0.0232129
0.146479
0.0220619
0.0328999
0.023741
0.0352856
0.0512505
0.0363014
0.0883611
3.53227
0.0248749
0.0220381
6.87487
0.295291
0.0219306
0.021492
0.0220644
0.02198
0.0219306
0.0238035
0.0216789
0.0220793
3.3108
1.40461
0.0303466
0.0219538
3.2478
0.0237098
0.0217043
6.53219
0.0234309
0.0216526
0.0220947
0.0220367
0.0343381
0.022071
0.0545638
0.0219281
0.0217849
0.0219595
0.0313112
0.0343946
0.0218946
0.0537407
1.40156
0.0232209
0.0218974
0.0614103
0.021718
0.0220152
0.0218702
0.0291488
0.0220516
5.33433
0.0223542
0.240595
3.11996
0.054619
0.0230827
0.0222002
0.0220593
0.0219405
0.0291875
0.15199
0.110699
0.0218159
0.0239298
5.61338
0.0215936
0.171167
0.0219628
0.0229415
0.0304123
0.0624977
0.021955
0.031564
0.0280773
0.0583651
1.30675
9.99331
0.0218598
0.021926
0.0328363
0.0226307
0.0226551
0.0482747
0.0225837
0.0910768
0.021785
0.0695737
0.0221063
0.0820315
0.055686
1.3666
5.55293
0.0219206
0.0375582
0.894868
0.197529
0.0215999
0.0217927
0.122215
0.021944
0.021916
0.0217492
0.0215181
0.0710228
0.0681836
20.7634
0.0220194
0.0417669
0.0222551
0.021592
0.0230058
1.63542
0.143722
0.0219409
0.0221384
0.0218505
7.53457
0.0220156
0.0219443
0.0224924
0.0219595
0.0433019
0.0218346
1.74156
0.0219832
0.0224754
0.022281
0.021926
0.021748
0.0220053
11.6862
0.0217853
0.0219587
0.22628
0.021878
0.0220436
0.0221117
0.022156
0.0522465
0.021931
0.0219738
2.48076
0.0232892
0.022038
0.0222784
0.021539
1.42534
0.0230308
0.0222384
0.0219257
0.0254955
0.0219661
2.39106
0.0217965
0.0220088
8.35051
0.0219768
0.0606671
0.0222014
0.0214162
0.0215179
0.0308703
0.0371327
0.0218683
0.0222862
0.0236685
0.021917
0.0221107
0.0221182
0.0218633
0.0217625
0.0218327
3.39273
0.0219565
0.0218501
1.89368
0.0219571
0.0263705
0.119075
1.44012
0.0218285
0.0220906
0.0219578
0.0216417
0.0230018
0.0381193
0.0239707
0.0345009
0.0217787
0.0248512
0.0220073
0.0214778
0.0267835
0.0574818
0.0235794
0.0275188
0.0220255
0.0219567
0.0221203
2.15592
0.0232229
0.0220098
4.73176
0.022772
2.62342
0.0220641
0.0219326
0.0217422
1.40081
0.0219628
0.0249019
0.0227678
0.0220732
0.0219664
0.0220887
0.0219872
0.0239225
0.0219231
0.0391427
0.0222481
0.0379371
0.0215156
0.0216373
0.023599
8.89334
0.0221487
0.0220493
0.0226312
0.0219379
0.0237656
1.67999
0.0227882
0.0272205
1.83913
0.321392
0.0227468
0.0225848
0.125004
0.084859
0.022949
0.0221148
0.0218734
2.30167
0.0225144
7.83182
0.0216941
0.0215434
0.0221047
0.0219166
0.0232594
0.0215896
0.0219877
0.0222653
0.0564293
0.0238825
0.02244
0.0216326
0.351854
0.0598784
0.0215178
0.0221045
0.0235341
0.0222393
0.0220586
0.0215942
1.31982
0.0216072
0.0219574
0.0668989
0.0215841
2.11168
0.0218241
0.0403682
0.0262087
0.0219691
0.0215454
0.0219277
0.0221466
0.0220443
0.0217945
0.0216233
0.659881
1.51867
1.76756
0.0216167
2.32056
0.0219999
0.0530064
0.0219272
0.0219288
0.0221091
6.19802
0.0219488
0.0219164
0.0221261
0.021995
0.45033
0.0219442
1.65907
0.0214527
0.0224026
2.55673
5.51216
0.0219828
0.0219579
0.0264511
0.0220146
0.139116
0.0217561
0.453015
0.0217785
0.0351148
0.0221394
0.0218224
0.0219445
0.02199
0.023244
0.0219046
0.0299118
0.0330034
0.119953
0.0217582
3.14954
0.021901
12.9171
0.0219194
5.87547
0.840333
0.0217531
0.0219172
0.0216034
0.0218874
0.0220439
0.0220195
0.021592
0.0224054
0.0214457
0.0854429
0.0221108
1.40793
0.0215837
0.0215406
0.0219298
0.021928
0.0225399
2.04182
0.0228284
3.76566
0.0215615
0.0221189
0.0329503
0.0215892
0.136121
0.0230682
0.0219328
0.0388662
0.0215101
0.0219717
0.0223972
0.0217137
0.0287624
0.0393969
0.0216408
0.0221126
0.022046
8.5206
0.0235093
0.0215994
5.36508
0.0498818
0.0216309
0.021919
0.149429
0.0226652
0.0214448
1.09873
0.217553
0.0226746
0.0214517
0.02224
0.0349477
0.0215734
0.196591
0.0216229
0.021683
0.0400862
0.0519301
0.0216171
0.0216178
0.0215262
0.0217382
0.0217509
0.0414369
0.0219676
0.0217565
0.0221112
0.0218486
3.28281
0.0222722
1.66803
0.0258016
0.0272548
0.0221422
1.62977
0.0219054
1.60191
0.0215509
0.0219585
0.477107
0.0219729
0.0227687
0.021663
0.0247532
0.0217081
0.0263893
0.0215841
3.20381
0.0222039
0.021588
0.021543
0.0215798
0.100258
0.0217938
4.36347
0.0219185
0.0248262
0.021504
0.0220152
0.184265
0.0219987
0.109261
0.0218229
0.0230429
0.0221767
0.0221333
0.0224116
0.0219404
0.02198
0.263129
0.0215778
0.0219454
0.0225938
0.0220567
0.0220538
0.032222
0.0218704
0.021919
0.0218672
0.021628
0.0217667
0.0219938
8.77875
0.189012
0.885688
0.0214408
0.0233701
0.0221259
0.0260738
0.116536
0.228363
0.0313511
0.0215761
0.0219787
0.0219561
0.022144
0.0221147
0.0219135
1.53117
0.0505234
0.0219277
0.158445
0.0221371
5.89615
0.0219604
0.0218961
0.021808
0.0215794
0.0214866
0.0218345
0.0216665
0.0218083
0.0422069
0.0230763
0.0219289
1.69045
0.0215714
0.0225903
0.0219841
0.021617
0.0219343
0.300368
0.0218047
8.67779
0.0219323
0.0216042
0.0350262
0.021911
0.0262468
0.0730179
0.0216776
1.37658
0.0685021
0.0216115
0.0225088
0.0215361
0.238551
0.0216186
0.0270341
0.0227783
0.0218041
0.0217358
0.0218539
0.0219613
0.022372
0.0217593
0.0223058
8.9508
1.54359
0.0228579
0.0219618
0.242488
0.0304223
1.2904
0.0218037
0.02189
0.0219626
0.0223777
0.0219312
0.0216302
0.0216028
0.0219722
0.0427082
0.0216658
0.0220204
0.0260704
0.0219852
0.0299838
0.0220414
2.54325
0.021876
0.021925
0.0232167
0.0398885
5.4749
0.0219268
0.0221556
0.0218787
0.022137
2.28064
0.0225454
0.0219464
1.33462
0.0218257
0.0219936
5.83265
0.0220275
0.0218661
0.0214739
0.0219179
0.0217975
0.0219991
0.0350065
0.0217988
1.13877
0.022099
0.023833
8.70054
0.0219912
0.0216516
0.022062
0.0214452
0.0216223
1.87124
0.0219692
0.0220085
0.0225798
0.0219043
8.78299
0.0218146
0.1223
0.0217235
0.0637905
0.141704
0.0689856
2.68976
0.0261869
0.0347528
0.0277343
0.0218862
0.0219891
0.0231198
0.194537
0.0570002
0.0215308
0.0220058
0.0219698
0.0217598
0.0216092
0.134722
1.40028
0.149717
0.0222783
0.0221625
0.0311241
0.0220206
0.0220812
0.0218933
0.0220673
0.0219441
1.04447
0.0229576
0.0222746
0.0215085
0.0629511
0.021644
0.0220734
0.0217298
0.0215603
0.0219037
0.0220473
0.0470503
0.0217955
0.0257472
2.04127
0.021675
0.0221049
0.0216768
3.87428
0.0215291
0.0217843
0.0448031
0.021979
0.0703353
0.0217746
0.0215474
0.0226243
1.9216
0.0222526
0.0220941
0.021688
0.0217812
4.81552
0.0229894
0.0217475
0.152758
0.0219178
0.0217707
1.93603
0.0222936
0.0222942
0.0222931
0.0222926
0.0222919
0.0217429
0.0235408
0.0233624
0.0703906
0.0215856
1.81876
5.49275
0.031567
0.0219197
0.0218105
0.0219127
0.022057
0.0217814
0.0221341
0.0217469
0.169022
0.0219433
0.0217943
0.0217603
2.26632
0.0219638
0.022135
0.0219948
0.0219576
0.0219007
0.0217964
0.0227814
0.0236184
0.0221787
0.0229883
0.0233094
0.0222528
0.0223969
0.0225653
0.021974
0.0222859
0.021551
0.0218069
0.0217089
0.0226443
0.0217972
9.03176
0.0218677
0.0218672
0.0219639
0.0214263
0.022824
0.021975
0.0220354
0.0219298
5.38682
2.26373
0.021576
0.0218014
0.131697
0.0345125
0.570627
0.0218373
0.0239195
0.034983
0.0215579
0.0221977
0.0219596
0.0222066
0.0219281
0.157587
0.0289049
0.0338988
0.0219581
1.45199
0.0221247
0.0220526
1.32983
1.60049
0.0217224
0.0218708
0.0222617
0.0229741
0.0219176
0.0219943
0.0218674
0.0234398
0.0215675
0.112196
0.0218002
2.08671
0.0217946
0.0220116
0.754343
0.0226788
0.0218226
0.022476
0.0218877
0.0220233
0.0267923
0.0221684
0.360418
3.90572
9.42315
0.0217707
0.101949
0.0218803
0.0221274
0.0219777
0.0218451
0.0217111
0.0219951
1.86822
0.0218218
0.0219345
0.0216034
0.0218441
0.0218897
0.021577
0.0224453
0.021982
0.0217305
0.0219428
0.0220261
4.39446
0.0219307
2.30903
0.0222945
0.0220065
0.0217903
5.5282
1.44509
0.0216014
0.0216536
9.7912
0.0459288
0.0219343
0.0220257
0.0294782
0.0217807
0.0219238
0.0217861
2.41003
0.0220908
0.0220548
0.022284
0.021892
0.02196
4.87769
0.0217614
0.021689
0.0218096
0.0220777
0.0219213
0.021893
0.0219488
0.0219362
10.8425
0.0221026
0.0220057
0.0216846
0.031206
0.0217196
0.0330461
0.0220382
0.0216859
0.0219524
0.0217858
0.021879
0.0219441
0.0221211
0.0216347
0.0218012
5.47453
0.021966
0.0339817
0.0219722
0.021907
0.0216491
0.0218447
0.0309737
0.0220177
0.0215365
0.0219578
0.021913
0.0242988
0.601086
0.021742
0.0214904
0.0220304
0.0220592
0.0219976
0.144856
0.0218103
0.0220041
0.0322556
0.0217579
0.0445508
0.0218386
4.66648
0.0219352
0.0217849
0.0220995
0.0218776
0.0219477
0.0252555
0.021887
0.0220219
0.0219073
0.0219812
0.0221248
0.0217544
0.0218915
0.0216611
10.2757
0.0219714
0.0222321
0.0790814
0.0236046
0.0218023
0.0215689
0.696813
0.0225512
5.42168
0.0217996
0.0946
0.0222841
0.0237078
0.0215415
0.0220283
0.0219214
0.0217671
0.0219253
0.0219188
0.0219507
5.62791
0.0214231
0.022038
5.71783
0.0221212
0.0216251
0.0221881
0.0219253
0.0300341
0.021706
0.030959
0.0218626
0.0221213
0.0221255
0.0221285
0.02184
0.021962
0.023954
2.39822
0.0221663
0.0221306
0.0218465
0.0220062
0.0216167
12.9465
0.0227799
0.0220449
0.0218951
0.0215925
0.0217026
0.0270981
0.0217954
0.0214749
0.0220662
0.0219705
0.0215074
0.0224393
1.27626
0.0221261
0.0218134
0.0222742
0.0220081
0.0220429
0.0214589
0.0220725
0.022024
0.0220734
0.0221391
0.0215159
0.0219111
0.0220207
0.0219339
0.0221565
10.8044
5.38977
0.0220561
0.0233426
0.0218519
0.0255981
0.0974528
0.0216
0.0217976
0.026257
0.0228263
0.0297131
0.0220325
0.0219712
0.02194
0.0219862
0.0216048
0.0218594
2.28154
0.0337176
0.0215759
0.0241881
0.0223384
0.258835
0.0216703
0.0216364
0.0215258
0.0217393
0.0219076
0.0786738
0.021844
0.103859
0.042356
0.0243075
0.0218703
0.0220826
0.021856
0.021919
0.0222313
0.0218948
0.0218867
0.0293573
0.0220455
0.0218274
0.0221606
0.0220342
0.0219735
0.0220084
0.021985
0.0217359
0.0220106
0.0218962
0.0220288
0.0220136
0.0335197
10.4327
0.0315216
0.0217249
1.95605
0.0220479
0.0216887
0.0578094
0.0222654
0.0218823
0.0218951
0.0218983
0.0219397
0.0216735
0.0220297
0.0224975
0.0219273
0.0219063
0.0218033
11.3439
0.021784
0.0219001
0.0292013
0.0217701
0.0217632
0.0219838
0.022293
0.0221488
23.8223
0.0218824
0.0423318
0.0219726
0.040347
0.120098
0.0214589
7.5743
0.021949
0.0219629
0.021718
12.0503
3.25113
0.0215998
0.0275962
0.022139
0.0231692
3.62499
0.0243049
0.0219523
0.0216025
1.1143
0.0219724
0.0229925
0.0220166
4.50816
0.0219354
0.0215454
0.0217723
13.0403
0.0217999
0.0219802
0.0220001
0.0216791
0.0220137
0.0220892
0.0219987
1.91119
10.66
0.0219935
0.0233639
0.0247368
0.073648
0.0217239
0.160501
10.5186
0.0215671
0.0216535
14.4866
0.0266007
0.0220154
0.0218016
0.0222929
1.97059
5.98347
0.0221633
0.0221375
0.022497
0.022073
0.0219746
0.0224854
0.0222562
0.0220469
0.0219243
0.03317
0.0215345
0.0233821
0.022513
16.1803
0.0215643
0.0220578
0.0218318
0.022551
17.6651
0.0221294
0.0538535
0.0225785
0.0219965
1.84317
0.0220788
8.05424
14.0321
0.0218524
0.0221216
0.0219349
0.0224747
0.0219977
0.0218363
0.0272175
0.0214381
0.342836
2.04868
1.39561
0.0219993
0.02424
0.0219493
0.021576
0.0219932
0.0221432
2.31521
0.0220842
0.0220797
0.0218147
0.0221386
0.0221824
0.0221642
0.0219974
0.0219957
0.0221054
0.0215224
0.0893222
0.0225593
0.0692381
0.022138
0.0219208
0.0218712
0.0220272
0.0217024
0.0220458
0.0226216
0.0243718
0.0216892
1.39852
0.0220976
0.0919095
0.0219193
0.0219122
0.0762267
0.0292912
0.0219381
0.0219794
0.0220297
0.0219447
0.0216137
18.4923
0.04021
0.021908
0.0215425
0.0221152
0.0219977
0.0872209
0.0219937
0.0215042
0.0220423
1.33317
7.67873
0.0216985
0.0218291
0.0219743
0.0219517
0.0231702
2.85212
0.0285779
0.0651598
0.0216024
0.0380272
0.125864
0.0221011
0.022238
0.146687
0.0227486
0.0216558
0.182966
0.0235665
0.0230368
0.0217883
0.0483258
0.0220331
0.0219969
0.0602703
0.0219651
0.023459
0.0220265
0.0701217
0.0215201
0.0220268
5.36047
0.0261863
0.0221273
0.0291958
0.0216247
0.0285572
0.0245504
2.85172
7.53296
0.0222753
0.0217192
0.0324562
0.022034
2.58137
1.46772
0.0220821
0.0220537
2.92314
0.0216456
0.022159
0.0506792
2.28058
0.0618795
0.0216519
0.0219352
0.0219224
0.0217999
0.02173
0.0220315
0.0382954
0.0220267
0.0215027
0.0219086
0.0219592
9.19407
0.0321818
0.0221832
0.0232949
0.0215384
0.0220879
0.0279091
0.0221038
0.0373793
0.0218943
8.0493
0.0215027
0.0217977
0.0369006
0.0221805
0.0220985
0.0221926
0.0250078
0.0215362
0.0226221
0.02157
0.0218834
0.0216931
0.0233914
0.0219901
0.0219109
0.0220652
1.4706
0.0357991
0.0215901
0.0219217
0.0219238
0.0215276
0.0573174
0.0637773
0.0218742
0.0220428
0.021815
8.75877
12.8846
0.0220642
0.021597
0.0215534
0.0216205
0.0222183
0.0218869
0.0217869
0.0218665
0.0401201
0.021929
1.20284
0.0220266
0.0218299
0.0220175
0.0557662
0.0217252
0.036457
0.0217825
0.0219511
0.0219215
0.0295016
0.0220115
3.37018
0.0219879
0.0222927
0.0220108
0.0217185
0.0301154
0.0225613
0.0218604
0.0215869
0.0220988
0.0220444
1.40532
0.0491264
0.0220761
0.0825617
0.021815
0.022141
0.0249194
3.44367
0.0220168
0.0221904
0.0293478
0.02643
3.7908
0.0216315
0.0218951
0.0638482
0.0509362
0.0214297
0.0221148
0.0221747
0.0217899
0.0232149
0.0219283
0.0219151
0.0265151
0.0215219
0.0443355
0.0217794
0.0218192
0.0219606
0.0218532
0.0216604
0.0220497
0.158612
0.0222521
0.0218449
0.0217585
0.0216912
0.0218147
0.0219053
0.0304981
0.0533882
0.0216998
0.0222138
16.4819
0.0568486
0.0593263
6.81239
0.0219207
0.0217553
0.0217101
0.0217183
0.0561439
0.0221229
0.100142
4.93522
1.51162
0.0220472
0.0222724
0.0215776
0.0222385
0.0219755
0.0254168
0.0222631
0.0262214
18.045
0.0218147
1.13316
0.0255576
2.24089
0.0220651
0.0217666
0.0217095
6.38756
0.0218015
0.022259
2.02813
1.49655
0.0219234
0.021866
0.0223588
0.0216474
0.0217874
0.0524084
0.0217935
0.0218537
0.0257689
0.0221095
0.0218201
0.0216121
0.994788
0.0219307
0.0221301
0.021954
0.0569422
0.0217732
0.0220092
0.0267311
0.0235932
0.021881
0.0646299
0.0347279
0.0240888
0.0498874
0.0229055
0.0219944
0.0218786
0.0217595
0.0216983
0.0218612
0.0221586
0.0221193
0.0253234
0.022186
0.0219796
0.0493143
0.043946
0.0219333
0.0215901
0.0220202
0.0220274
0.541601
0.0217436
0.0229413
0.031747
0.378507
0.333713
0.0218601
0.0348244
0.0507581
2.46878
0.0218889
0.0219813
0.0226237
0.021861
0.0222724
0.0218993
0.0416573
0.02144
6.65946
0.0219164
0.0219786
0.0217462
0.0219563
0.022036
0.0222655
0.0220237
0.022126
0.0222454
0.0219388
5.05847
0.0217812
0.0219386
0.441299
0.0220207
0.0220082
0.0466485
0.021993
0.0220846
0.0263646
0.0221462
0.0218447
0.0222717
0.0219477
0.0218276
0.0219181
2.66253
0.0252099
0.0226662
0.0218966
0.0219016
0.0218962
5.49494
6.03608
0.0227706
0.0219981
0.0219452
0.024377
0.0219576
0.0300636
0.0219537
0.0221958
0.0220396
0.545239
0.0376161
0.0217589
0.033163
0.0219441
0.0287157
0.0221207
0.0216978
0.0221055
0.0221456
0.0218108
0.0217816
0.0218932
0.0221697
0.171233
0.0237314
0.021868
0.0257822
0.024325
0.0490608
0.0224497
0.0222528
0.0219747
0.0231242
0.0218856
0.0224263
0.0217126
2.64198
0.316007
0.022566
0.0331409
0.0215453
0.0219563
0.0219174
0.0217061
0.0219103
0.0223702
0.0220949
0.0219905
0.0222189
0.277978
0.0236505
0.0217198
0.0219217
0.110124
0.0220145
0.0218696
0.0438402
8.62646
0.0219723
0.0218538
0.021941
0.0218272
0.021957
0.141253
0.0218332
0.0217275
0.0218909
0.022006
0.0222063
0.0221691
0.021692
0.026059
0.0219586
0.120698
0.0221778
0.0230794
0.0347475
0.0219879
0.0220935
0.0219263
0.0222941
0.0220999
0.0221365
0.0226387
3.20662
0.0220347
0.0217334
0.0502721
0.0220038
1.12878
0.129171
0.0219679
0.0220199
0.0220758
0.0217762
0.0220691
0.0217287
0.0219864
0.0395785
0.0222926
0.0216011
3.49003
0.0222046
0.0221008
0.0222077
0.0217962
0.066463
0.0263083
0.0220758
0.0219457
0.0216649
0.0220363
0.0219309
0.0221088
0.0291438
0.0270134
0.0219795
0.0221537
0.0214586
0.0219798
0.0216659
0.0219289
0.0219908
2.8731
0.0232847
0.0219419
1.50332
0.0221482
0.0220922
0.0222932
0.0221133
0.0219834
0.0219347
0.0221236
0.0221645
0.0220217
0.0218453
0.0222849
0.0221418
0.0219169
0.0222938
0.0221362
0.0221751
0.0218999
0.0221747
0.0216765
0.0222865
0.0217958
0.0221249
0.0221235
8.15364
0.0220556
0.0220266
0.0218206
0.0341043
0.0220451
0.0219183
0.0217627
0.0219242
0.0229965
0.022293
0.0221459
0.0217363
0.0222935
0.0221744
0.0221306
0.0227892
0.0222917
0.0222277
0.0219191
0.022293
0.0221049
0.139729
0.0218662
1.62388
0.0221692
0.0220572
0.0304689
8.52091
0.0225964
0.0219415
0.0220401
0.0215816
0.0221139
0.0220274
0.0217171
0.0267354
0.021785
0.0219758
0.0221059
0.0365122
0.0232233
0.0218089
1.55388
0.0466255
0.0218945
0.0218447
0.0220569
0.0233041
0.0219049
0.023796
0.0246753
0.0217727
0.0215249
0.0221354
0.0220235
0.0220866
0.0220759
0.0221868
0.0222497
3.94448
0.0219872
0.0220426
0.0221185
0.0216834
0.0465783
0.0217335
0.022157
0.0221749
0.0221284
0.0220637
5.60896
0.0391595
0.0218705
0.0218048
1.39464
0.0217572
0.0221235
4.30742
0.154837
8.7075
0.0221731
0.0221684
0.0375664
0.0224975
0.022002
0.0218475
0.0217118
0.0219457
0.0218107
0.0219939
0.0296117
0.0221059
0.0221272
0.0218576
0.0215266
0.0219953
0.0217179
0.0218815
0.0221422
0.0215666
10.6579
0.0221787
0.022018
0.0314703
0.0220384
0.021851
0.0220607
0.237173
0.0217994
5.43383
0.0219744
0.0218251
0.0228136
3.59765
0.0220435
0.0220305
1.92065
0.0221983
0.0230801
0.0220432
0.0219098
0.0317138
0.0216785
0.0277064
1.73865
0.0219321
1.81238
0.0222419
10.61
1.10426
0.0786245
0.0222428
0.0218926
0.0214057
0.0221275
0.0218397
1.8359
2.92212
0.0216688
0.0221755
0.0726723
0.0218959
0.0222361
1.0364
0.0218954
0.0222758
0.021958
0.0413026
0.0937559
0.0218457
0.0226742
0.022136
0.0219877
0.0217087
0.0950644
2.45579
0.0232302
0.0258957
0.0219593
4.41753
7.00022
0.0220614
0.02192
0.0221998
0.0217094
0.022023
0.0220365
0.0221968
0.02246
0.0214205
0.0305457
5.79299
3.05016
0.022143
0.0221824
0.181761
0.0221619
0.022273
5.96939
0.0221557
3.81784
0.0259625
0.0221811
0.021953
0.0262176
0.0217573
0.192825
0.0221999
6.13566
5.49521
0.0220013
0.0222002
0.0221211
5.47244
2.98929
0.0214985
5.5742
0.0219682
0.0222301
0.021806
0.0216899
0.165893
0.026764
0.0218357
0.0221611
0.0246168
0.0218084
0.0220083
0.022223
0.0221415
0.0218552
0.0216817
0.0775368
0.022226
0.0214878
0.0638661
0.0221788
0.0222031
0.0221382
0.0221268
0.0214557
1.42713
0.0223694
0.0268588
0.182375
0.0221906
0.0220909
0.0215859
0.0221721
0.0221905
0.0544689
0.026892
0.0216621
0.0217238
0.0222034
0.0217355
0.022229
0.0252624
0.0219754
0.0222081
0.0221173
0.0222072
1.46544
10.6259
0.0216373
0.0225469
0.0218283
0.0215649
0.0776791
0.0311666
0.0221525
0.0221865
0.0217417
0.0219622
0.0220708
0.0219531
0.0214533
0.0240994
0.0222438
0.0222154
0.0222089
0.0221615
0.0219927
0.0216881
0.0221524
0.021746
0.0220442
0.0216656
0.0221513
0.0222195
0.0556706
0.0215363
0.0221153
0.0217894
0.0221543
0.022025
0.0221429
0.0225472
0.1484
8.38296
0.0221357
0.0223739
0.0220453
0.0218365
0.0222457
0.0216766
0.021693
0.0219562
0.0219845
0.0238998
0.0222461
0.0221993
0.0219131
0.0219294
1.51617
0.0222328
0.0219545
0.0216438
0.0218404
0.0218054
0.0215512
0.0248865
2.44217
0.0220995
5.60229
0.0220798
0.0223089
0.0221109
0.0217492
0.0442218
0.0221598
0.0220573
0.0219293
0.023938
0.0216645
0.0219576
0.0221844
0.0218966
0.0216644
0.116319
0.0220527
0.0217286
0.021951
0.021761
0.0218223
0.120303
0.0218847
0.0241091
0.0221081
0.0220812
0.19918
0.0224362
0.0216026
0.0219414
0.0217723
0.0217991
0.0221722
0.0221182
0.0216776
0.0248277
1.64867
0.0221933
0.0218307
0.0215586
0.0218805
0.022227
0.0219921
0.0220719
0.0222133
0.0769788
0.0214853
0.021895
0.021469
0.0388902
0.0222192
0.0221788
0.0218987
0.0221081
0.0222672
0.0216264
0.0216656
0.0218643
0.0216093
0.021874
0.0220241
0.0216311
0.0215918
0.0221653
0.0222272
8.88457
6.07331
0.0220644
4.1957
0.0220305
2.1907
0.0222825
0.0219709
0.0500924
0.0220347
0.0219085
5.82086
0.0218158
0.0217874
0.194355
0.0217726
18.5842
0.0223351
0.0221317
0.0221859
0.0217953
0.0216752
0.0223351
0.0218087
0.0221572
0.0218603
0.0221555
0.0221363
0.0218016
0.0217819
0.0222457
0.0223721
0.0221581
0.0219036
8.90999
0.0220082
0.0397095
0.0221507
0.0221819
0.0215705
0.0217683
0.0498263
0.0221066
0.185679
0.0217422
0.0221294
0.0219292
0.0217825
0.022012
0.0221954
0.0292825
1.63921
0.0219445
0.0835958
0.0220686
0.0215542
0.0220558
1.58806
0.021915
0.0217549
0.0222488
0.0219357
0.0652413
0.0314189
0.0220562
0.0219359
0.0218762
0.021952
0.0217441
0.0219293
0.0221651
0.0218686
0.0255281
0.0220565
0.0219587
0.0220136
0.022084
0.0221508
0.0220872
0.0221294
0.0218525
0.0218253
0.021837
0.0219529
0.0221304
0.0219678
0.206033
0.021986
13.379
0.021728
0.169387
0.0219836
0.0218552
1.62675
5.32473
0.0218737
0.0217446
1.50038
0.0219061
0.0220569
0.0421458
0.0242286
0.022087
0.0248886
5.82817
0.0220148
0.0326862
0.0222003
0.0219991
0.0221728
0.0220894
0.0220308
0.0222635
0.0222425
0.0219966
0.609282
0.0215097
0.0226259
0.0220719
0.0367508
0.0218764
0.0222121
5.66003
1.33716
0.0221371
0.0222073
0.0242365
0.021528
0.0216976
0.0219288
0.0220597
0.025613
0.0219174
0.0215122
0.0221161
2.46888
0.0220951
0.0220394
0.0278653
0.0220764
0.0222228
2.79608
6.64087
0.0214928
0.0221883
0.0219089
0.133007
0.0221499
0.021495
0.0216586
0.0218004
0.0220328
0.0220983
0.022047
0.0222857
0.0218635
0.0218848
0.0215858
0.0215079
0.0218016
0.022069
0.0214685
0.028022
0.0217412
0.0222847
0.0220227
0.993834
0.0216607
0.021815
0.0217953
0.0220812
0.022024
0.0217985
0.0220924
0.0222002
0.0220585
0.0221436
0.0216833
0.0220528
0.0220278
0.0222182
0.0216349
0.0221849
0.0214715
0.0217143
0.0218104
0.021931
0.0221599
0.0221636
0.0221028
0.021891
0.0219643
1.71922
0.0219307
0.0219628
0.0220011
0.0221257
0.0218933
0.0278195
0.0245335
0.0301904
1.71001
0.0670318
0.0219777
0.0215037
0.0217193
0.0221765
0.0221963
0.0227957
0.0217008
0.0220894
1.29992
0.0220588
1.85242
0.0215337
1.9199
0.0220741
0.022379
0.0216875
0.0216289
0.0221823
0.0215577
0.0219579
0.0219696
0.0217919
0.0275596
0.342262
0.0221481
0.021958
0.0217283
0.0221817
0.0376766
0.0220204
0.0219376
0.0221674
0.0219834
0.133787
0.02145
0.0221849
0.0220306
0.0220404
0.0221668
0.0221879
0.0220605
0.0217683
3.35005
0.0220948
0.189362
0.0300934
0.0219323
0.0218914
0.0218919
0.0219821
0.0230876
0.022219
0.022246
0.0436353
0.0220078
0.0221688
0.0218878
0.0400231
0.13517
0.0222255
0.0220008
0.0216868
0.0218743
0.0219815
0.0221811
0.0272202
0.0220686
0.0235675
0.0344797
1.51689
0.0219625
0.0219397
0.0219471
0.0285119
0.0392403
0.0221606
5.40548
2.1818
0.0219553
1.46184
0.0219294
4.42608
0.0218903
0.0219421
0.0220649
0.0217024
0.0220557
0.0221686
0.0219443
0.022153
0.0222031
0.0230032
0.021946
0.0221106
0.0214406
1.36218
0.0215867
0.0218471
0.0248971
0.0293594
0.021691
0.0224923
0.022036
0.0217997
0.0221503
0.0216464
2.10216
0.0220501
5.67885
0.0219913
0.0221328
0.022433
0.0219046
0.0216541
0.0226112
0.0219306
0.0218419
0.0215959
0.0217521
0.0220282
0.0220482
0.0232828
0.0222052
0.0231378
0.022013
0.0221159
0.0220039
0.0220958
0.029845
1.98458
0.0220034
0.0215246
0.0219614
0.022139
0.0218378
0.0218568
1.29283
0.0217953
0.0220089
0.0262394
0.0826764
0.116457
0.0219362
0.0215253
1.62223
0.0220448
0.0215583
0.0339186
2.42514
0.0218446
0.0219187
0.0219512
0.0217298
0.0220041
5.86851
0.0404561
2.24079
0.0217375
0.0252107
0.022145
0.0218553
0.0215878
0.0214637
0.0217035
0.0218628
1.36431
0.0220078
0.12884
0.0218548
0.0217036
0.0220039
0.0219494
0.0218152
0.0222673
0.0216884
1.41191
0.0222066
7.02388
0.0221187
0.0218663
0.0219743
0.0303774
0.0216942
0.0218501
0.0217219
0.0215603
0.0383082
0.0233262
1.79057
0.021904
0.0218981
0.0214074
5.63793
2.58909
0.0218874
0.021848
0.0222579
9.12068
0.0218616
0.0217166
0.0222244
0.0216856
0.120018
0.021777
0.0218253
0.20884
0.0219288
0.0219926
0.0219465
1.1801
0.0372542
0.0218291
0.021686
0.021891
0.0219522
3.62603
0.0218455
0.0221177
0.0218111
0.0219893
0.0252974
0.0218427
0.0219683
0.0217426
0.0218322
0.0222053
0.023331
0.0332818
0.0219673
0.0219031
0.0220968
0.0221392
0.0219362
0.0220616
0.02197
0.0222265
0.0218507
0.0219035
0.0242499
0.0224447
0.021943
0.0224759
0.0221074
0.0221676
10.8169
0.022076
0.0225187
3.65939
0.021982
0.0221572
0.0219951
0.277185
0.0215562
0.02345
0.0363792
0.0216735
0.022254
0.0221885
0.21588
0.0220557
0.0219441
0.0218297
0.0221106
0.0220058
0.0803729
0.0255154
0.0242274
0.0218718
0.0217361
0.022193
0.0218483
0.0219954
0.0216314
0.0225396
0.190813
0.0219146
0.0221129
0.45685
1.02058
0.0219695
0.0219746
0.0221023
0.0620176
0.0730956
0.021914
0.0219197
8.68615
0.021937
0.0219466
0.0220932
0.0217048
0.0220856
0.0222285
1.52386
0.0221613
0.0221055
0.0219274
0.0218416
0.0221284
0.576013
0.0218892
0.0219147
0.0218965
0.0316155
0.0221978
0.0218605
0.0219657
3.66033
0.0216515
0.0221438
0.0218205
0.022206
0.0217375
0.0233378
0.0219616
0.0218589
0.0219045
0.0665918
0.0221489
0.0222082
0.0221439
0.0220615
0.0222274
0.0220662
3.01449
0.0220485
0.0631846
0.0222345
0.0217391
0.0222139
0.022205
0.0216403
0.0217115
0.021678
0.0218171
0.133008
0.0257504
0.0218349
0.0455204
0.021469
0.143041
0.0221365
0.0217306
0.0216738
0.901482
0.0217325
0.0218345
0.0215411
0.0218371
0.0257771
0.0220624
0.0218745
0.0216848
0.0215908
0.0220126
0.0217109
0.021488
0.267397
0.108236
0.0218191
0.0220625
0.0220608
0.0218264
0.0264702
0.0216222
0.0220736
0.0218358
0.0219426
0.0222469
0.0219089
0.0216578
0.0266074
0.0294713
0.0221678
0.0218218
0.0218042
0.0216065
0.0227338
0.0219335
0.0221129
0.0219619
1.27719
0.0219675
0.0221131
0.0217698
0.0219258
0.0230608
0.0217893
0.0217755
0.021873
0.0216631
0.0214559
0.0294736
0.021827
0.0219677
0.0216026
0.0220204
0.0216687
0.0220551
0.0728282
0.0221869
0.0215803
0.0226107
0.0219416
0.0219106
7.04592
0.0217776
0.021839
0.0216927
0.83441
0.0217488
0.021929
0.0330062
0.0346016
0.0214719
0.0222466
0.0222195
0.021766
0.0219581
0.0219324
0.0218607
0.0381546
0.0225362
0.0221075
0.0221205
0.0219846
0.0220242
0.0218379
0.0217122
0.0233616
3.92967
0.0219556
0.0219388
0.0219453
0.021687
10.2439
0.0218991
0.0219417
0.0219843
0.0220955
0.0225184
0.0215124
0.0218415
0.0220181
0.0224681
0.0219555
0.0219373
0.0345843
0.0252374
0.0220796
0.0732226
0.0218239
0.0217583
9.28612
0.0218726
0.0220361
0.0219236
0.0221998
0.0219582
0.0217592
0.0222076
0.0217986
0.0218118
26.6938
25.6311
26.1494
3.73655
0.0216249
0.0218941
0.0217582
0.0219097
0.0226092
0.0217802
0.0217257
0.0221441
0.0220737
0.0220635
0.0215262
0.086683
0.0221285
24.1584
0.0221495
0.0221117
0.0221807
0.068502
0.0217655
0.0218471
0.022128
0.0217587
0.0218796
26.321
0.0218063
13.3523
0.218408
0.0219023
10.5509
0.0218443
0.0650386
0.021753
0.0221805
0.0655783
0.0235039
0.0220629
0.0221444
0.0218813
0.0220613
0.0219141
0.0218533
0.0217573
17.4401
26.1747
26.9651
20.4241
23.283
28.4297
12.5392
12.9305
19.9275
12.0308
26.0587
24.0588
13.9249
22.7055
24.8221
28.8921
11.8742
30.1041
6.83909
20.8775
0.0221575
0.0217514
0.0215439
0.0647946
0.0217548
0.0216909
0.0218454
0.0222404
0.0222268
0.0219046
0.0220353
0.0218326
0.0218413
0.0218657
0.625924
0.0220014
0.0540088
0.0218922
0.022139
0.0216491
0.0218895
0.0218463
0.022023
0.0214416
0.0218531
0.0218838
0.0219212
0.0219449
0.0221818
0.0218657
8.15519
8.99817
8.41925
7.67182
6.7489
0.0219316
0.0222195
0.0631477
0.0221804
0.0218398
0.0218708
0.021767
0.0221236
0.0218881
0.062155
0.0220782
0.021844
0.0218372
0.0219487
9.09959
0.021838
0.0219342
0.0218598
0.0215529
2.0858
0.0218899
1.42826
0.0362365
7.16887
0.0248784
0.0419753
9.48861
0.0220105
0.0217319
7.54317
0.185423
1.85199
1.69813
0.0330051
0.0214927
0.0232039
0.0216093
0.0218601
0.0215193
0.02173
0.0217984
0.0221998
0.0222167
0.0570971
0.026862
0.0218813
0.0217233
0.0220759
0.02224
0.0227744
0.0219212
0.0217696
0.0250325
0.0217046
0.0218806
0.021732
0.0218841
2.63169
0.02177
0.0222397
0.0221791
0.0220882
0.0216426
0.0220414
0.0221618
0.0216549
0.0221997
0.0219199
0.0216749
0.0219333
3.27978
0.0215024
0.0219597
0.0216104
0.0531764
0.0219315
0.0219464
0.0222117
0.0218544
2.55887
0.142817
4.54695
0.0216342
0.0218461
0.0218134
0.0218539
0.0221309
0.022135
0.0219675
0.0218373
0.0218406
0.0217981
0.0218215
0.0247898
0.0775884
0.0216466
0.0218744
0.0219328
1.33023
0.0218411
0.343034
0.022454
0.0218472
0.0218303
6.25033
0.0216686
0.0219328
0.0220974
0.0219173
0.0214358
9.57908
0.0215485
0.0221427
0.0530884
0.0220683
0.0219651
0.0302063
0.0405925
0.0216692
0.0218365
0.0224119
0.0219048
0.0216953
0.0496831
0.0220989
0.0218601
0.0224814
0.0216109
0.588343
0.0223767
0.0219719
0.0222356
0.0219301
0.021991
0.404537
5.53945
0.0218552
0.0219511
0.0220929
5.32513
0.0216717
0.035972
0.0216497
0.0220287
0.0216227
0.0218387
0.0219586
0.0219532
0.0216729
0.0216069
0.0216775
0.0222186
0.0266596
0.0220723
0.0216988
0.0215358
0.0217132
0.022225
0.0238768
0.021835
0.0218041
1.42309
0.0218337
0.0214222
0.0216864
0.0339755
0.0217794
0.0214854
0.0214028
0.0465334
0.0220452
0.0217751
0.022064
0.0216755
1.73195
10.0047
0.0242164
0.0214039
0.02223
0.0217703
0.0220834
0.0219656
0.0219474
0.021502
0.0217942
0.0222937
0.0227195
0.0216856
0.026618
0.0468871
0.0220395
10.3385
0.0220085
0.0220683
0.0217722
0.0221315
0.0216589
0.0217313
3.74084
0.0228042
0.0215384
0.0217358
5.20804
0.0221431
0.022182
0.0437631
11.1696
0.0219367
0.0214886
0.0291878
0.170895
0.0217057
0.0219602
0.0437621
0.0216312
0.0220028
0.0221618
0.0215398
0.0221696
0.0216727
0.0217036
0.0220084
0.0215505
0.12085
0.0222205
0.0315754
0.0406127
0.0221721
0.0220638
0.184817
0.0214516
0.0219603
0.0216794
0.022013
0.0214904
0.0218876
0.0246446
0.0220493
0.0221751
0.0220095
0.0219535
10.7709
0.0218423
0.0218893
0.0219645
0.248187
0.0217235
0.0221139
0.0222601
0.0219236
0.0464769
25.9056
26.3394
0.0218273
0.0220352
0.0221946
0.0222486
0.0217642
0.0610068
0.0218942
0.191146
2.73443
0.041236
0.0215368
13.4129
0.0220782
0.0222606
0.021541
0.0221564
0.0217374
19.0109
0.022235
0.038907
0.043447
0.0214866
2.83721
0.0217294
5.33184
0.0215722
0.0217421
0.0217627
2.05453
0.0271903
0.0219708
27.1778
0.0257548
0.0220086
0.0216878
0.0219247
0.0234262
0.0217054
0.0220726
0.0218656
0.0220959
0.0218423
0.0219013
0.0217814
0.021495
0.0222393
26.5577
25.6833
0.0219217
0.0222165
0.0223327
0.0221878
0.0228698
0.0217159
0.0218028
0.0219325
0.0218384
0.022125
0.0215064
0.0982279
5.50682
0.0218255
0.0215722
0.0220091
0.0215037
11.2878
12.573
0.0216791
0.0232877
0.0222558
0.0218821
0.155207
0.0218925
0.0217331
0.0220891
0.0235429
0.0221245
0.0216405
0.0215453
0.021932
1.13671
0.0219159
0.0244731
1.34216
0.0290614
0.0219693
0.0216989
0.0218926
6.91798
0.0221637
3.11904
0.133905
0.0231087
0.0221081
0.0218741
0.0294316
0.0221379
0.0216379
0.030508
0.0221878
0.0229118
0.0220446
0.122689
0.0219218
24.0346
26.3623
0.022089
0.0218261
0.0316613
0.0220666
0.0218118
0.0220111
0.0221063
0.0218388
0.0219727
0.0216586
3.67455
0.021841
0.0215696
0.0230116
0.0218719
0.0300417
0.0216859
0.0218963
0.021537
0.0219368
0.0220721
0.0218492
0.0218541
0.021905
0.0218769
0.0220236
0.021992
0.140056
0.0215385
0.0223801
0.0221285
18.1147
0.0349479
0.0216822
0.0253037
0.0218981
0.0394152
1.5506
0.0229155
0.0219377
0.0860309
0.0218422
0.0221615
0.0229856
0.0218823
0.0964459
0.0219292
0.02257
0.0219132
0.0218527
0.0220894
0.0216538
0.0216664
0.0214931
0.0216953
11.9073
8.95026
0.0300189
0.0216975
0.0221792
0.0510813
0.0216436
0.0220001
0.021886
0.111716
7.93321
0.0221977
26.636
0.175636
0.0219262
0.0218892
0.0214837
0.0720531
0.02184
0.0218348
0.0220953
26.5591
0.0554035
0.0219171
0.0221458
0.0217866
0.0217491
0.0435519
0.0218398
0.0217254
0.0232074
0.0214931
0.0220455
0.0252014
0.0220636
1.18196
1.9916
0.158081
0.0220524
0.0219456
0.0218309
0.0217071
0.021867
0.107273
0.0218168
21.0673
0.0254839
0.0220059
0.0217782
1.96413
0.0218507
29.2442
0.0715857
0.0232423
12.3041
0.0215696
0.0221374
0.0220574
0.0219104
0.022194
0.0389853
0.0237463
0.0633016
24.8441
25.8833
0.0221055
0.0221218
0.0330309
0.0234909
0.0219239
0.0220215
0.0225127
0.0217587
0.0219349
0.120426
0.0219957
0.0220744
13.3458
10.2343
0.0219511
0.0248203
0.152188
0.0221391
4.06146
0.0224692
0.0465881
0.0219346
11.7938
0.0218251
4.37973
2.47126
0.0215346
2.33821
1.44679
0.172247
0.0222078
0.0215702
0.0335665
0.140214
28.9326
0.021847
25.7803
0.021959
0.0220171
0.101968
1.19578
0.0219413
21.9549
3.93509
0.0215855
29.4034
0.021773
6.81504
0.0219305
0.0220982
17.2919
0.022027
0.0218911
12.6822
3.34621
0.0218929
0.0240323
0.0220165
14.1581
0.0318953
0.021853
0.0219099
0.0215352
0.0217203
0.0214376
0.0216729
23.2296
0.0215191
1.3848
0.0220735
0.021826
0.0218478
0.0220593
0.0218613
0.0221549
0.0220446
0.0224251
0.0783948
0.161972
0.0252731
0.0215931
6.22254
6.93623
0.0219047
0.0221316
0.0265674
14.726
0.0222285
0.0272109
0.236622
0.434749
0.0368606
0.0347321
0.0221745
2.10887
5.3813
1.15364
0.0242597
0.087935
0.0220561
4.26332
0.0221862
0.0219712
0.0343016
0.0345312
0.0214841
0.0218971
0.0219065
0.0220302
0.494169
0.0220922
0.0219405
0.13061
0.0216461
1.42658
0.0218756
0.0248095
0.0217525
0.0345707
0.0221808
0.0221321
0.022067
0.0250407
0.0217681
0.0219206
18.7093
0.0220676
3.7451
0.0218816
0.0219378
0.0220036
0.0217452
0.0354685
0.02188
0.0219683
0.0221904
0.0218614
0.119688
0.0218542
16.1616
0.0260993
0.0218923
0.021781
0.0218562
0.0220164
0.021927
2.64949
0.0249752
0.0221908
0.119147
0.0224856
0.0220842
0.0220287
27.2911
2.56673
0.0418107
0.765599
3.42206
0.0247035
0.173777
0.0221388
0.0218816
0.0221187
0.0525176
0.02196
0.0216776
0.0949956
0.0259568
1.89239
0.0221562
0.0665881
0.0222099
0.021764
15.5635
0.328247
0.470061
0.0219525
0.0218547
0.0219811
0.0216625
0.0348954
0.0247228
17.3638
0.0218612
0.0223531
0.0215187
0.0222473
0.0215461
0.0217183
2.23399
0.0219797
0.0223723
0.0220995
0.0287963
0.0219056
0.0465619
0.300234
1.492
0.0217933
0.125291
0.0252591
0.0222611
0.0255167
0.021939
0.0218772
0.0252136
0.0221726
24.8856
0.0219264
0.0247021
0.152743
0.0219431
0.110557
0.0217537
0.147956
0.022395
0.0218513
2.36821
0.0722438
0.022122
0.0215713
0.0298585
0.0217751
0.0387481
0.0320847
0.0397208
0.0225588
0.0218403
0.0218704
0.0217118
18.283
0.0221909
0.0214185
0.0219274
0.0425087
0.0284416
0.0217678
0.0222788
0.0223739
0.0217774
0.0221065
0.0220103
0.0220101
10.4427
7.13043
0.0237207
0.022285
0.0222837
0.0800387
0.0217739
0.022178
0.0681705
0.0221995
0.0230509
0.0216509
0.0220396
0.0217925
0.0215611
0.0219917
1.78548
0.0812193
0.474672
0.0319167
0.0220199
6.76728
0.0220418
0.0217528
0.0219171
0.0666816
3.19451
0.0217687
0.0333725
0.0221875
0.0241465
1.36447
0.0217847
0.0221921
0.0221159
0.362283
27.9998
0.0244987
0.0463987
0.489204
0.0216915
0.0219602
0.0218529
0.0217203
0.0217271
0.0216912
1.6749
2.06363
2.9759
0.0219621
0.0217406
0.0232497
0.0227173
0.0222163
8.25917
8.00264
2.70215
0.0215261
0.0217138
0.0275646
0.0217321
0.0219944
0.0227355
0.0230191
2.02929
0.0221435
0.0217745
0.0218207
1.73084
0.132682
0.0216054
1.5938
1.33326
7.35483
0.0219419
0.771618
0.046997
0.0222745
0.021762
15.6064
0.0266951
1.59517
0.0218227
1.55023
0.0217644
0.0218289
0.0234969
0.0220121
8.18303
0.0927094
0.0237596
0.0238606
0.022078
2.10907
0.265482
0.173393
0.137603
0.0216941
0.0442081
0.0229703
2.1419
1.26437
0.0218204
2.29642
0.0217241
1.96049
0.0221984
0.024249
0.0216927
2.81408
27.2486
0.0776542
2.47549
0.0217755
0.0217261
0.0222867
0.0214588
0.0219546
0.0222667
0.0218864
24.7794
0.027762
0.0221717
27.314
0.0219952
0.0221048
0.0217909
2.19549
0.0227195
0.0217389
0.0217305
2.00308
0.0229417
0.067506
21.7282
0.10938
0.0217005
0.0224739
1.62243
0.0292698
27.5451
0.0249061
0.028462
0.0215224
28.2878
0.039084
0.0401607
0.0221234
0.0222741
0.0220843
0.0228632
0.0224688
0.0343097
0.083883
0.0215757
0.0215103
0.0215045
0.0216741
0.0217044
18.2929
1.66608
0.124601
1.80407
0.105754
1.36257
0.022073
0.0221903
0.0216236
0.0216805
0.0222074
0.0254498
0.021904
0.0233073
0.0215178
0.0223024
0.164623
0.0371875
0.0221281
0.0215559
0.0226632
0.0221382
0.0223189
0.12333
0.0243877
0.0220652
0.0216392
1.68144
0.0220912
0.0235184
18.2484
0.0216261
0.0218144
0.05881
0.0219608
0.0221091
0.0224499
25.8099
0.0216865
0.0222058
0.0224511
0.0227694
0.0228806
0.0229565
0.0217639
0.025707
0.136263
0.0221928
0.0222658
0.0311783
0.0363937
0.0217754
0.0223073
0.0217415
0.0221754
0.964264
0.0214851
18.3629
0.0215216
0.02243
0.0893482
0.0623922
0.0267952
0.0286017
1.08697
0.0218391
6.08032
0.0220843
0.0737681
0.0221995
0.0271343
0.0219064
0.0224311
0.0224703
2.40987
0.119256
0.0222852
0.30804
0.0222428
0.0226392
0.0220483
0.19913
0.160631
0.0274128
0.101252
0.180195
0.0237554
0.0219726
0.266896
0.0226066
0.0220257
0.0333711
18.0493
0.35205
0.0288526
0.022209
0.0717187
1.53213
0.474308
0.0221624
0.0220951
0.0343743
0.0226818
0.0215201
0.400617
26.4581
0.0263768
0.144876
0.0264664
0.0220367
0.0216995
0.0217928
0.0251108
0.0219287
0.0220778
0.0666821
0.0214698
0.0217972
0.0224976
0.0221917
0.0221516
0.0218505
0.0221599
0.107644
0.0220744
7.25977
0.0225647
0.0218825
6.66832
0.0266461
0.0226728
0.753479
0.0215323
0.0219723
0.0230167
0.029964
0.05932
0.0220172
0.0220142
0.0230681
0.0218944
0.0221499
0.0398365
0.062849
0.0228712
0.222686
0.0221602
0.0221901
0.0214682
0.022905
0.0543086
7.2433
0.232511
0.0219257
0.0279273
0.028482
0.0579952
0.0271805
0.0259916
0.0247307
12.7003
0.0320725
0.0219078
0.0242298
0.0259965
0.0220425
0.0218214
0.0250177
0.0527663
0.117528
4.45423
0.021634
18.6619
18.1259
0.0231634
0.0222984
0.0217473
0.0224344
0.226434
0.0229462
0.025011
14.0186
0.0819364
0.0214707
16.8713
9.63117
0.0228262
0.0223605
0.023269
0.0242449
7.14435
0.0543079
0.0236871
1.70686
3.54836
4.64567
0.0480961
0.0286478
1.04368
14.9228
0.0300719
0.203598
0.0220453
16.2561
14.9915
0.0223563
0.022001
0.022019
0.0216762
0.0505937
0.0222112
0.890138
2.86145
0.0223752
0.203236
0.099695
0.0227311
0.0235099
0.0218047
0.0309119
0.1267
0.0237258
0.0222782
2.19863
0.0232565
0.021985
0.0220788
0.0215542
0.0220604
0.0288939
0.0233299
2.29797
0.0221613
0.0230467
0.0219519
0.0396719
9.99357
0.02176
0.0253725
0.0217293
1.4726
0.0218349
0.0214538
0.0339023
0.0219198
9.06858
0.0221593
0.0219366
0.0222477
0.0218429
0.0215146
1.99826
0.0368011
0.0470981
0.0605312
0.0220018
17.6309
0.0221556
0.0226976
1.55021
1.03949
5.07393
0.0298267
0.0223687
5.59751
0.0237002
19.6158
21.0427
0.0246964
0.0220699
1.59141
0.0222777
0.0222194
2.0817
0.106407
0.024764
0.196332
1.59425
0.0240374
0.0218983
0.0220443
3.44119
6.62428
0.0366302
4.09165
0.0670256
0.120184
0.025315
0.0220067
0.0242145
2.37086
0.0275003
0.0242875
3.66199
14.4808
0.0217139
0.0967131
10.7434
0.0270632
2.00367
0.0250844
0.0215018
0.0297759
0.0219054
0.0483797
0.0219529
0.108146
0.021503
0.021963
0.021436
0.0220505
0.0219995
10.4071
0.0220617
0.0924567
0.022382
0.0219169
0.0216469
0.0218853
0.0535881
0.0222668
7.07189
12.8223
0.0237556
0.0254851
0.0221725
0.0268329
0.0225891
0.0219945
0.02376
0.0222289
0.0216275
0.0219383
0.0217203
0.0216986
0.410231
0.0224099
0.0218892
0.0220887
0.0220217
15.7975
16.2685
0.0475689
0.0234755
0.0227944
0.121854
0.0219302
0.0220693
0.0222712
0.0291163
0.0217671
0.0218333
0.0257662
0.0292242
1.43054
17.2104
0.0218229
0.0219356
0.0216722
0.0230097
0.021708
0.0217529
0.0214861
0.0230954
3.09042
21.4367
0.0238683
0.0221467
0.0267408
0.0219484
0.0222336
0.0280132
1.45018
30.422
0.0220331
0.562432
0.0240027
0.0217751
0.0222479
0.0245087
0.0219059
0.0229864
1.11594
0.0218876
0.021779
0.0215486
0.0232264
8.8148
0.0221017
0.02999
2.58808
11.1392
0.0242488
9.5698
0.0265245
0.0306912
0.0220444
2.33243
0.022102
2.19344
0.0218879
0.0221108
0.0356038
0.0295228
0.0223239
2.24888
0.0221441
0.0221812
0.0218112
0.0221632
0.0217436
0.0234944
0.0251831
0.0222737
0.030313
19.9022
0.0235377
0.950375
0.0222008
0.0264754
14.5417
0.0259867
0.0225073
11.1248
0.0218272
0.0221553
0.0220725
0.0226404
0.031449
0.0222774
10.0794
0.0245269
0.021853
0.0284003
3.67356
0.0221681
0.0223708
0.0223657
1.83245
1.9099
7.08514
0.250581
2.13012
0.0268122
0.111231
0.0259296
0.027714
0.0217014
0.022121
0.0239598
0.0222061
0.022169
0.0216563
7.75517
0.0234356
0.0219017
0.126007
0.0221373
3.01579
0.0554729
0.0227215
0.0218904
0.0223437
0.023468
0.0223523
0.0247004
0.0243072
0.02191
0.0219381
0.0217687
0.0231003
0.0506494
5.8678
0.027853
5.16346
4.24579
0.347399
15.0428
0.0225201
1.44285
0.0693583
1.55979
0.0336065
0.0232013
0.0223492
0.0219928
30.1929
0.0246051
2.56339
0.0290476
0.0225843
0.0238535
0.0265626
0.0221782
0.0223953
1.04305
0.0217175
0.0251776
20.8666
0.0228593
0.0219571
0.0291294
0.0216863
0.0218712
0.0319815
0.0225442
2.65695
0.0222396
0.10689
0.0225447
1.40138
0.0234414
0.0221668
5.40153
0.0229765
0.194352
0.0216598
0.0225363
5.51565
16.4979
0.0215191
4.19926
1.32885
1.81343
0.131693
0.025759
0.0217706
0.0256605
1.08554
8.14102
0.0226635
0.0221418
33.2849
0.0219231
0.0652021
0.0227433
0.0221217
0.0770289
0.0691296
0.0220089
0.0218891
0.0227562
0.021556
0.021682
0.0466923
0.0252129
0.0314379
0.0428207
0.0259921
2.27908
0.0345185
0.0289938
3.97563
0.0282134
0.0220815
0.127976
0.027094
0.0235649
3.77485
0.0216752
0.0617926
0.0227606
0.0217068
0.0222819
0.121212
0.0218088
9.53004
8.44423
1.4778
0.0217887
0.0214922
0.0284287
0.0220392
0.0680653
19.0414
18.9134
0.0224648
0.0218922
0.0255752
0.0299919
0.0276975
5.94998
0.0253874
0.0263854
0.0424957
0.0221947
0.0290849
0.025428
1.84746
0.0274118
0.0216524
1.48556
1.30985
0.0219316
0.0221999
13.1105
0.0315213
2.15014
19.2553
0.0230467
0.0245327
0.0238952
0.0234101
0.0219831
0.0223631
0.0264005
0.02301
0.0459987
10.3712
0.0220873
0.0219303
0.167215
1.99238
0.0221974
0.0222358
0.0217963
0.0286256
0.0995167
0.0218766
0.0220665
2.28872
0.0233178
0.0222248
0.0219264
1.81608
0.0216455
1.45687
16.2172
0.0217924
0.0914599
0.0324354
2.03913
0.0229639
0.0891248
5.72159
7.23193
0.0317449
0.0237203
0.022279
0.0330911
0.0500799
27.4061
0.0217858
0.0214893
0.0219731
1.63048
0.0278378
1.71726
0.0218803
0.0582236
0.0354812
0.030412
0.0221052
0.0542353
0.0219312
0.0676283
7.96512
0.0349726
0.0217437
0.0221041
2.10986
0.0222274
0.0220962
18.2426
0.0216709
0.0239846
11.7364
1.26342
0.0216551
0.0230056
0.0220642
0.0286776
4.74966
0.0238016
0.0492932
0.0214721
0.366468
0.0216401
0.111148
13.7181
0.0219228
0.0221991
2.06024
0.0222229
0.0216917
0.0216593
1.71052
3.94654
0.0222874
0.0219259
0.0217981
0.0218235
0.0217411
0.384026
0.0218703
16.4394
0.021736
0.021709
0.021857
0.0218223
0.0222802
0.0310693
0.0221864
14.9708
15.5369
0.0243983
1.51373
0.147959
0.164048
0.0242545
0.0219014
0.0332639
0.156318
0.0219828
0.109444
0.0216728
3.81905
0.0221444
0.0218617
0.0245943
0.0263491
0.0236889
0.0216446
1.52714
0.0227619
12.109
0.0983112
10.9711
0.02204
2.59214
0.0995553
0.0221883
0.0730713
0.101117
0.0251679
0.030881
0.0214878
0.0687808
2.27689
0.0219089
4.2282
0.0221118
0.114044
0.0219234
0.149578
1.57085
0.0227879
1.61751
0.0215563
0.0232174
0.0872046
0.0345479
0.333029
0.0218764
0.0233164
0.0329095
0.0783721
1.81607
0.0218534
0.021884
0.0219719
1.8037
0.0237247
0.0265352
1.44787
0.0225878
0.0228064
0.0214402
0.0357317
3.69758
0.0531261
0.0290204
0.0221447
0.286256
0.642462
0.0223173
0.0261234
0.0219042
0.0217761
0.0222075
13.108
0.054812
0.0618114
0.0332387
0.0216146
19.4409
20.2947
0.0221696
0.0236773
4.67211
0.0242814
0.0228851
0.0217253
0.0249637
0.0217711
0.0222485
0.0301301
0.025007
0.0223201
0.275426
0.0219902
0.937448
0.0762484
1.79213
0.0514888
0.0349113
0.0215216
0.335391
0.0329993
0.0222398
0.021902
0.989261
0.0215075
1.39357
3.27225
8.98818
0.035973
0.0257425
0.0260339
0.0223664
0.0220756
0.810907
0.0217997
0.0776737
0.0219084
13.8942
0.0218607
0.0217802
0.0239664
0.0222083
2.63932
0.0265769
0.0451958
18.2797
0.0507687
0.0263127
8.10002
0.0219234
0.0229762
0.222994
7.78894
0.561477
0.172897
0.021904
0.0221187
1.80464
0.0275749
8.3578
0.106107
0.450612
1.51756
0.0220214
2.20268
0.0882829
0.0216717
0.203728
0.0220821
0.0320546
7.64961
0.0220716
0.0289983
0.0221453
0.954782
0.0227355
0.0221386
0.0218688
0.0220167
5.69048
1.64734
0.828657
1.55958
1.60272
8.7664
0.0284598
0.0219282
0.0270142
0.0216386
0.0214801
0.27953
0.0219654
21.8651
0.0296356
16.6753
0.0242348
0.0920985
0.0609202
0.0220305
0.0216367
0.0217051
0.0292984
0.0222707
0.032347
0.511858
16.4003
0.0223824
9.68981
0.0218461
5.62599
0.0222397
0.0845828
11.08
0.113663
12.033
0.0221007
0.0219946
0.0383503
0.0219401
0.0271375
5.46542
0.0945973
5.53336
0.0368574
6.6907
0.0364002
0.383148
0.021422
2.02787
0.0328315
0.0219094
0.0221906
0.023038
2.26223
0.0299096
0.0216168
1.05225
2.21533
0.0224655
17.5345
0.0222303
0.0307133
0.0220213
0.0340169
8.34107
0.0316477
21.5759
7.84765
0.0223543
0.0219704
0.035563
0.0853477
0.0483616
2.85106
1.62602
0.0221303
6.19004
0.021941
0.0216997
2.48409
0.159481
5.17407
0.0279964
0.02191
0.0558203
2.16964
1.45737
7.62897
0.214095
16.8602
1.6603
0.136185
0.0940463
32.4
16.9275
4.23595
10.5646
15.5814
16.2561
16.1498
0.0216558
2.66781
0.0215101
0.0305623
8.52727
0.0255439
0.0279749
1.68136
0.0331015
0.0256349
0.0221642
0.0328724
0.0870797
0.0320304
0.0219975
0.0221475
0.0228746
1.11847
0.021978
0.107129
0.0220554
0.0222763
0.0214765
0.0223175
1.44708
1.93491
0.0282391
9.47081
0.0221925
14.9893
0.0216517
0.0219327
0.108659
0.0220182
0.0221392
0.0221742
0.0616367
0.0249628
0.0451294
0.0219467
0.0219751
0.039362
2.11082
1.5495
0.0578419
1.98526
0.756003
0.0219383
1.57523
2.22978
15.0808
0.0219383
0.0222383
0.0226565
0.199024
0.0219756
1.42568
0.0219421
0.11962
0.022017
6.32695
0.0222728
0.0880609
0.024689
0.0221915
0.0222783
0.0962657
0.0235707
1.96255
1.30406
0.0219063
0.0216992
2.36758
0.0950829
2.26426
0.0222262
0.167397
0.0223669
0.021606
0.0740843
13.0413
0.124538
0.0348924
0.0226474
0.0263396
0.0394518
0.0221264
0.295671
0.0228093
0.0333102
0.0997246
2.95032
0.0348035
0.0220332
0.0217702
14.0249
0.0225401
0.0338228
0.0217877
5.39532
5.05993
0.0220441
0.0217062
0.198047
10.1923
11.1446
1.68665
0.0228222
0.122007
0.0494247
1.30661
11.9003
0.0254491
0.0239839
0.0274556
0.106945
0.0222273
0.100018
0.0296055
0.106236
0.364452
0.0216577
0.0223013
0.0343447
0.0219304
10.5847
0.0218468
0.0219392
0.637934
0.100074
0.641921
0.0254869
0.125948
0.039018
0.0219139
0.0323616
0.0234487
0.0556001
1.86537
2.30439
0.0230094
0.0215216
0.0606486
0.0873308
0.0246726
0.0245944
0.0223494
0.0214021
0.0531625
0.0753711
0.0219968
15.8463
0.0220585
3.15598
1.74888
0.0222939
0.037068
0.0226271
0.0247023
0.0459838
0.05956
0.0232505
0.0222883
0.0951647
0.0218271
0.196478
0.0216693
1.49892
0.037467
1.50882
0.326688
1.31344
0.0664443
0.0214627
1.84896
0.0214297
0.0230103
0.0221846
0.0224166
0.0298248
0.0231745
0.0319833
0.0222881
0.15068
0.0534637
0.0809829
0.0534892
1.6401
0.0218821
0.0370311
0.0218181
0.0221816
0.0217952
0.0218752
4.54394
0.0224153
0.02223
0.0308886
0.165654
0.0481549
0.0219289
0.1013
0.3896
5.88042
0.0244076
1.96727
2.18042
0.0220061
0.0235057
0.0759886
0.0653618
9.90517
0.110667
0.0220862
0.0483542
0.0215008
0.158255
0.803759
15.6301
0.180349
0.0218542
31.3555
0.0217869
0.0218084
0.0249772
0.0582939
0.0377049
0.0871495
0.0375856
0.0214925
15.738
0.0568445
6.66232
3.974
1.50927
0.0290455
0.0234768
0.0229919
0.0228291
0.0219885
0.0249904
34.0691
15.321
9.35759
0.239926
0.233276
0.0219887
0.0220411
0.02302
0.024502
5.59317
0.0229955
0.0222381
0.0217412
0.0217471
0.021588
0.0382426
0.0325167
0.0218526
0.028247
1.94444
1.17275
0.0377369
5.79329
0.0218799
3.90197
1.95633
0.127068
0.0217923
0.0218658
0.0221965
4.04556
0.0262403
0.0294109
0.0462015
0.202445
0.0375773
0.0222869
0.0221478
0.063022
0.0219601
0.111866
0.0247918
0.0289929
0.0217316
1.66409
0.0323867
0.021951
4.09509
0.022286
0.108537
0.0223611
0.0220334
1.954
0.0560907
0.0440155
0.0218932
0.0217729
0.0217149
0.0216128
0.0221575
0.093533
4.43097
0.195462
0.0384861
0.084472
0.0217922
0.107881
0.0222785
0.902512
1.84841
0.026315
0.0218861
0.0217938
2.11718
2.20387
0.0240078
0.138594
0.0299297
0.0222265
1.31652
0.0221915
0.0946495
10.7923
0.0223368
11.0677
0.021406
0.0225128
0.0366698
32.7768
0.0217778
0.024685
5.95952
0.394649
1.68676
0.0217148
0.0222212
6.03034
8.01836
4.85628
15.8206
0.0591801
0.0221965
0.0218215
0.0224273
0.0217019
0.0221561
4.38002
2.83115
2.9679
1.96673
0.0215159
0.0216728
2.45895
0.0294327
0.0223948
0.0217272
0.0221293
1.34551
0.0386675
2.69501
0.0222322
0.021992
0.0222197
0.0371398
0.026034
0.0231927
0.0246079
9.50957
1.47208
0.0235023
0.596796
0.022017
0.0221304
0.128644
0.8364
0.0214593
0.115865
0.0219426
21.3948
0.0220471
0.768151
0.0222954
0.0377398
0.0218031
0.0225353
0.0231218
0.100568
0.0708879
2.20411
0.0220097
0.0221981
0.0215278
22.7103
5.98778
0.0246359
0.13334
0.0735403
0.0231973
0.0260111
4.14413
0.0464869
0.0215627
1.48362
4.2821
0.131617
0.022274
0.0217056
0.0222137
0.0220206
0.0479192
0.0222714
0.0221664
0.0259756
1.68162
0.0222493
14.7807
7.8709
2.82775
0.0805489
7.26679
7.61765
4.17747
1.18562
1.77596
1.20963
0.0701754
0.124904
0.0218153
0.745089
0.0219731
18.9564
1.28021
0.0214729
8.80915
0.046593
0.0217141
0.15763
1.34377
0.0217944
0.0668239
0.0218246
1.55583
6.56233
5.65885
0.0220598
4.27138
4.652
9.13074
0.0568123
0.042976
3.53979
0.0215094
1.8634
4.13865
1.95736
0.0220828
0.0252791
0.021631
17.5935
0.0220414
0.809353
0.0356102
0.029491
0.639494
0.0248132
0.0221901
0.0219659
0.0220427
0.0223951
9.48086
0.0218947
0.0279143
18.4814
8.37085
0.166705
0.0229915
0.0371945
0.334136
0.0216053
0.0223661
0.0240653
7.17439
0.0248069
0.688887
0.0221117
0.0216224
0.0674372
0.0420808
0.0400822
20.1926
0.0217428
0.511103
0.0256048
0.0220296
0.0523302
0.913066
0.0220312
11.7173
0.0272448
0.707685
1.69068
0.190027
0.0218985
14.9481
0.809149
0.0323661
0.0262009
2.99883
0.257915
0.0219172
0.0218057
2.72229
0.0217137
0.021595
0.0229412
0.101126
1.29469
0.0215757
0.0395508
0.0646857
0.0726739
3.31428
0.0219301
0.0221849
0.0219323
0.022266
0.871315
1.87359
0.0420305
0.0219571
0.0214358
0.109291
0.0220957
0.0248551
4.2157
0.0224983
0.02422
1.66622
0.0218317
0.0220343
0.0286075
0.0221757
0.0219103
1.79404
0.075196
0.0920885
0.0222112
0.0230095
0.037442
0.0553665
0.0221671
0.0401576
0.0215095
0.0253446
4.29032
0.0225205
9.86757
0.0214677
23.5182
1.63549
0.021792
0.0290649
3.08091
0.0250066
1.27141
6.45918
0.0222951
0.0396857
0.0218214
3.05366
1.18784
0.0220753
10.0576
0.0222977
0.021808
1.1585
0.0847529
0.615292
7.01872
0.141849
0.0216983
2.64976
0.021858
18.4882
0.0223992
0.0841106
25.2643
0.0222454
0.0217356
0.0388345
0.0215425
0.495198
4.65633
0.0218248
0.0216569
0.0217528
0.0216799
1.96585
0.281612
0.0396151
0.916561
0.0285602
0.0271024
0.0242803
0.0300174
0.0293056
0.0215414
0.0223455
0.021669
0.0218158
0.0252264
0.0836389
0.0222522
0.33024
8.68165
0.0216813
1.73182
0.0216121
0.788457
0.0225759
1.42218
3.95272
0.0221617
0.226287
0.0222864
0.25492
0.811011
0.0220676
0.0222689
0.0979351
0.0313067
0.0222253
0.0454207
14.9932
0.0222833
44.1741
0.0230226
0.0218836
0.193204
1.35628
0.0233612
0.0218991
0.026633
0.0220791
0.0427092
0.0217355
0.0218885
0.021501
0.0222389
1.79609
0.0277758
0.0222286
0.0217528
0.0263591
2.24868
2.9754
0.135314
0.0216923
0.274039
0.0446411
0.0214347
0.0219531
2.4978
0.0222509
0.0217663
28.6362
0.0308045
11.5009
0.0228758
0.0446295
10.8274
2.27599
0.817267
0.0218256
0.0750231
0.0221623
0.0228389
0.0216596
25.8615
0.0595158
0.0217707
0.264522
2.73931
1.77629
0.0219931
3.27297
0.0224122
0.0222146
0.196367
6.09377
0.0270632
5.77735
0.0722573
10.3922
0.0216719
0.0307181
0.0758681
0.0220141
0.0222065
0.47884
0.0364699
12.1282
11.5959
0.0217822
18.4744
0.0249359
9.73912
0.0221798
0.526556
1.50508
0.0753088
0.0222197
0.0219295
7.34073
0.0220735
0.0216499
0.184803
0.0314255
0.021926
20.1658
0.021958
0.0217666
0.0221811
0.0221907
0.0216548
0.0218889
0.021642
5.39901
9.95184
0.0225629
0.0215899
0.0219375
0.0218435
0.0271297
0.0217711
1.88744
0.032727
0.47684
0.0301145
0.0275758
2.85906
0.0218386
0.0809857
3.66728
0.025678
0.410517
13.4788
3.87048
0.021422
0.0220455
0.0218211
7.73209
0.443861
3.0381
12.911
0.032456
0.0217877
11.4155
0.0284487
0.0221943
0.0219103
0.0221951
5.45187
0.0361562
0.193666
0.0218981
0.0221843
4.51778
0.0216823
0.0231716
0.0218222
4.87328
0.0216167
0.0218371
0.0804067
0.0222164
0.0221715
0.0247282
0.0910755
0.0364405
0.365912
0.0848853
0.0222462
7.56522
0.0325602
0.0217897
0.022002
7.04891
0.0219823
14.5028
2.81947
0.0216386
5.80408
0.0218091
1.33399
0.409135
2.52403
0.0422093
0.1708
10.333
0.0359749
12.5435
0.739414
0.0219274
0.0217806
0.049032
0.0636098
5.81352
0.0285036
0.0272081
0.021983
0.022648
0.0218352
0.0328565
0.0446307
5.38457
0.0421305
0.0221949
5.09797
0.0400615
0.0220771
0.0219267
0.0218738
0.0215538
0.0233329
0.0222315
0.0446499
0.0321216
6.47862
6.86955
2.33192
0.0217285
0.0218718
0.0387589
0.0273645
0.0217544
0.025675
0.0216588
1.97115
0.0219545
0.0838491
7.44103
0.0222122
0.0220161
0.0218789
6.12833
0.0814998
0.0507271
1.55906
0.0218685
0.0234003
1.29651
8.03564
0.0222311
13.6561
0.0226483
0.0441809
2.75377
0.0218484
0.0221473
0.0220364
1.65223
3.03476
7.39116
21.8863
0.0222516
0.0220646
0.0219706
0.0856243
0.0221499
0.021718
0.0222669
0.0217543
10.3208
0.0222927
0.0222917
1.34886
0.50955
11.8339
0.0259877
0.0291475
0.0344309
0.187776
0.118193
2.18705
1.57989
0.376938
0.021803
1.73995
0.0217493
0.0247798
0.0221172
5.56354
0.0215728
0.021817
0.0221058
0.0222663
1.57118
0.0227536
0.022294
0.221626
14.2562
0.0218783
0.021771
0.0728936
0.0217112
0.0221343
0.0218274
0.0219063
0.0365035
0.146769
0.0281391
0.261231
12.3238
0.0246007
3.31102
0.129783
0.0285113
2.44056
0.0216781
2.35348
5.06411
25.6026
9.44532
1.44067
5.53804
0.0355411
0.0219223
0.0232618
0.0218646
1.58266
0.0219292
1.4101
3.06919
0.0221805
6.03131
0.0738953
0.0217478
24.5382
0.122278
0.0214755
12.7119
0.0225922
0.0319065
10.224
0.023902
0.174787
17.6325
0.0216046
1.48081
0.567876
0.0220783
13.0395
0.0217191
0.048149
0.022019
0.021887
1.57841
0.0218097
0.0219461
1.28905
16.8768
0.632648
0.0219299
2.16499
1.53892
0.125236
1.60091
0.0217133
0.021849
1.29607
0.0217656
0.0217492
0.0222105
0.0221667
1.42169
21.2512
0.0439806
0.0216545
0.027533
0.021968
13.8209
0.0221631
0.0246068
2.61903
11.6985
12.0697
5.42875
0.252816
0.0219152
11.374
0.0218486
13.3622
1.87506
0.114792
0.0223258
0.0220769
0.331001
0.0218388
2.40961
0.0217841
0.0215496
0.0216072
7.03285
1.67271
0.0218403
0.0214197
0.168113
13.0298
11.1237
14.3421
0.0219036
8.45568
0.0255228
0.0220768
0.0310324
10.6363
0.0219319
0.0225782
0.0219297
10.8636
2.31877
0.0219854
0.0220774
6.40723
0.0764304
3.94154
9.11784
0.265528
0.308322
0.0583841
0.0219198
13.6024
0.0218167
10.45
0.0221196
0.795295
0.0218547
0.0481442
0.209247
0.253441
12.5344
0.021905
0.0916067
0.0249301
0.0219567
0.0501631
0.0219268
0.0397015
0.0221342
0.0218831
0.0219979
0.0494469
0.0262228
0.0214402
0.0220271
0.0217268
0.0974284
0.0221285
0.0560313
0.0217047
0.0225286
1.29423
0.0231988
0.0600232
0.0916447
0.0217578
0.0218207
37.3174
0.091373
0.0216746
5.41599
0.02166
0.021936
6.00427
0.0214152
0.0222004
0.0400579
0.0223663
0.160445
0.314802
0.737522
0.0904088
0.0221422
14.7115
0.0222944
0.0222684
0.135269
0.0244476
29.3957
0.0219048
0.0215579
0.022129
18.2758
20.1949
0.021813
0.0285366
0.0222486
0.0589214
0.0217049
0.021901
7.17315
0.0222503
0.0218475
2.05385
0.0223631
2.04735
0.0219393
2.31722
0.0219486
2.78393
0.102719
0.0220845
0.0219591
0.0222507
0.0224072
5.88394
0.0359945
0.0532749
4.22875
9.34912
0.0219141
0.0224395
5.43601
0.0944163
0.0223909
0.0220911
0.0219438
0.0550096
0.037726
0.0839684
0.0278548
0.0216833
0.0219761
10.359
0.0221368
0.0218586
0.0242076
0.0297637
0.0219971
0.0218921
0.0242089
0.0409404
0.0216752
5.39177
0.0217527
0.216987
0.0214189
3.22848
0.0216203
0.0236228
1.29268
4.05177
10.2733
0.742144
3.11098
0.0219479
6.93317
0.021711
0.0216794
0.0381638
2.70884
7.12734
0.0216013
1.60648
13.653
1.45119
0.0222639
0.0217793
0.0217329
0.0222598
2.54358
0.113823
0.0706465
0.277419
0.0222688
0.021435
0.0216574
0.0218168
0.168912
8.55519
0.0220823
20.7643
0.0985137
0.210041
0.0588786
6.99613
1.84152
0.0217432
0.0219935
18.1936
16.6194
2.56222
0.0221794
0.18312
9.85751
0.0215486
0.0221921
16.6342
0.021672
0.131599
0.100715
0.0227776
10.2716
0.0219348
0.0741725
12.717
0.0275401
3.40592
0.0219353
2.74893
7.63535
0.0218798
16.4072
0.021701
0.0272495
0.0219095
4.5244
2.6188
0.0282893
0.021533
16.0057
0.0222875
0.0214688
0.0218861
0.028241
2.38567
0.0215004
0.0231484
0.0217683
6.00454
5.44385
0.0230263
0.126791
0.586479
0.127482
0.123427
0.022192
0.043927
0.0282471
21.9826
0.0242214
0.0239108
15.0994
0.0328078
0.125552
0.0270002
0.0220412
0.427764
0.0219726
0.0219871
0.0217605
1.49823
0.0219383
5.03174
0.0221267
1.29935
0.0219749
0.0325957
3.3349
4.14385
0.0217123
0.0222619
0.0220347
4.45485
0.021658
1.67457
0.185708
0.887881
0.021953
0.0215108
5.17044
0.0939948
21.8367
0.0313905
19.9406
0.0306686
0.0220359
0.0219491
0.0731412
1.3092
0.0219063
0.0306839
0.02191
0.327602
0.0218391
0.0995481
3.55115
0.0217184
0.0214586
0.0683066
0.0217845
0.352148
19.682
0.0222244
0.281773
0.204905
0.0457335
0.0215943
0.0218086
0.040956
0.0399352
0.0263588
0.0504268
0.231889
0.0219958
0.0282116
0.0483528
0.0217898
0.545945
0.022655
3.95823
15.4763
0.0221066
0.0226892
1.87144
15.4822
6.42862
4.2173
0.0217444
1.68278
0.590193
0.0216796
0.027406
0.0218156
0.0219805
0.0216517
0.0220022
0.0224286
0.0438594
0.021586
0.0228438
0.0288282
3.55733
0.02222
4.754
1.71679
0.021643
0.02209
0.0220643
0.0220954
5.12705
0.595147
0.022088
0.0218509
0.0219588
0.0222693
0.0219661
0.0248472
0.0217441
0.340537
0.543594
7.86839
0.0284022
0.0221365
0.0274542
0.0244644
0.0220032
0.127305
0.0222458
9.43209
0.0306917
0.172912
0.0222876
0.0220275
8.16058
0.0219196
0.0467192
0.0220591
0.13795
0.0840383
0.0927399
0.0221735
0.0245521
0.658047
0.0218345
0.0222151
0.0238435
0.022075
0.0217399
3.11001
0.608587
0.0217531
0.0218125
2.05842
0.130881
0.0218689
0.0219857
0.0566328
0.0225613
0.0270021
0.285759
0.578082
0.023151
0.0545409
1.92783
0.0219322
0.0221936
0.0219517
0.0217402
0.0218311
2.23202
6.64426
4.09855
0.0247123
0.0398555
0.0219054
0.0222596
0.0262162
0.588257
0.0525518
0.0271492
0.0511991
0.0682139
9.297
0.0219971
0.635894
0.043002
0.407435
0.0372035
0.0217557
0.351036
7.85766
0.0351473
8.93106
1.01375
0.0217186
0.0495562
1.30549
0.0215652
0.0222328
7.22508
7.38668
0.0214854
0.0218423
0.123165
0.0215918
5.32574
0.0216654
0.0218337
0.0220973
1.34331
0.0295381
0.0781125
0.802407
0.0836187
0.0296856
6.21607
0.021673
0.0216626
0.0218933
0.136973
0.723134
0.0503408
0.0247291
0.021833
0.0218415
9.72555
0.0219297
0.0220041
28.6878
16.2717
0.416005
0.022007
2.61372
0.0219118
0.0220462
0.292993
0.4875
0.021962
0.891007
0.0219225
0.0227758
0.0267705
0.0237832
0.0218556
0.0216034
7.20845
5.84143
0.021727
0.0216554
0.134826
0.0308009
0.0220154
0.0269626
0.0222982
0.021813
0.0404993
0.0216709
0.0222485
5.85038
7.12149
0.0263977
0.0219524
6.94705
0.021404
0.0217308
5.67939
0.0220218
6.74293
0.155996
0.0268285
0.804081
0.0219179
0.02184
0.0219069
0.0218103
0.176031
0.0280155
0.0219319
0.0219067
5.81844
1.33108
0.0217572
2.74699
6.4385
0.0219713
15.9275
6.12328
0.0266155
0.0220123
17.118
0.0220209
0.021835
0.0218633
0.0218252
0.022067
0.0878955
0.0722229
5.63504
0.022156
5.56578
0.327855
5.626
0.0220106
0.271389
0.0217307
0.027835
12.985
0.0219318
0.0772927
6.5819
0.0258248
0.0395187
0.111317
0.0214677
0.0218041
0.0464825
0.021999
6.58913
0.534605
0.022072
0.0219436
0.0281536
0.0221484
0.0418897
0.0221264
0.257455
0.0218811
0.0218197
0.063706
0.0320984
9.90105
0.0941531
0.0230639
2.94051
0.0786478
0.17832
0.0222136
0.989996
0.485149
0.0221103
1.74282
24.4725
0.0217506
0.0222945
0.118557
0.0822611
0.0218214
0.0432509
0.77725
0.0214758
0.0220657
0.0438799
0.0222185
0.0577114
0.0220559
4.50693
1.14256
0.0426172
0.988778
0.0215181
0.591376
8.65105
1.0706
0.0320567
0.0217542
0.0227593
0.100969
0.0220841
0.0216466
0.0222491
0.139006
0.0219154
0.0216853
0.0222665
0.0214764
0.0227618
7.45196
0.299122
0.0221996
0.0218134
0.0218315
0.0220216
0.148908
0.239858
0.733706
0.0737116
5.81784
0.0220122
12.9039
0.662644
0.0273367
0.0219893
0.0391594
0.0220206
0.0219159
0.0214853
0.0718652
3.41483
0.0218518
0.130994
0.0955227
0.033063
0.0221472
9.02743
0.0221594
0.0241669
0.112992
0.292118
0.0223226
0.0220757
0.0216234
0.0235525
2.47348
0.0224045
5.23412
0.022056
0.0218983
1.27413
0.0227488
0.0219504
0.022236
8.02663
0.0222173
0.0918359
0.0308889
10.7266
0.0929606
3.19278
0.0218819
0.0225923
0.0217046
0.0218152
0.0277781
0.0220973
0.0219291
5.92345
0.0222856
0.0223147
10.2787
3.24018
0.021861
0.0612705
0.0217229
0.0214757
0.0232216
0.0216556
0.412562
8.8113
0.0214494
0.0221619
0.0730243
3.60575
0.0220215
0.0531338
16.0096
0.022072
27.1758
0.0227572
1.55488
0.0222232
0.973609
5.78705
0.021805
1.58691
0.0237243
0.0216561
0.0219586
1.31598
3.42463
0.064023
0.0221722
6.4153
0.021995
0.0227027
0.0219398
10.8431
0.075633
0.0439153
4.87839
0.0218232
1.48781
16.6005
12.5196
6.36992
0.0361164
0.0339314
6.9402
0.0219859
0.0227542
0.075658
1.31975
0.021459
0.0222854
0.0219
0.0219559
0.0219836
0.0306714
0.314989
0.0218594
28.0367
0.0219065
0.0231275
0.0220349
0.0463135
1.47568
0.0221655
0.0217307
0.0530083
16.4284
1.24052
7.70339
0.621405
0.0218801
0.0218624
0.0215013
0.373456
0.0225706
0.0220137
20.0327
0.022005
0.0900042
11.7247
0.02196
5.59741
3.27175
0.897919
0.0447558
0.123294
14.2033
0.274103
0.021921
0.0216589
0.0337723
0.0223269
0.044044
30.7118
11.2733
0.0280286
5.75721
1.064
7.74961
0.0214517
0.02218
0.0219468
0.021712
0.0220084
1.6524
1.28995
0.0219999
3.42021
0.0219951
0.0219245
0.313359
0.0217861
0.686705
1.47817
4.53298
0.0217418
0.0218766
0.022247
0.0222439
12.6806
0.0219684
0.0264382
0.0222239
0.109948
0.0242116
0.0221468
0.0219432
4.77143
0.0216674
0.54091
0.021879
3.60983
0.0220265
0.0219538
0.0229098
0.273625
0.0216916
0.0220544
5.0417
0.0219242
0.0391079
0.20935
0.390436
0.0363519
0.0217653
0.0219283
0.860082
0.028654
0.0217001
0.0792971
0.105224
2.10311
0.0219668
0.0220108
0.0219365
0.0217569
0.0220392
0.022458
0.634029
0.0228633
15.2526
1.4309
0.0405881
0.0227521
0.0218731
0.339068
5.4698
0.0217272
0.0220088
0.0718632
0.0222746
0.0230029
8.07543
1.98217
0.0218872
0.70047
0.0225917
8.65878
0.0217035
0.022017
0.0218969
3.7154
0.0216423
0.021908
1.72031
0.0218597
0.0329753
0.0678924
0.0219109
18.5653
0.0274449
2.69414
1.50259
0.021948
0.0222536
2.06482
0.0218545
0.0221194
0.0219726
0.0291105
0.0220719
16.0801
10.5375
1.78722
1.73907
0.0217061
0.491854
0.0218699
1.32994
0.0265738
0.027409
0.0220125
6.20913
0.0220579
0.0226034
6.76659
0.0217397
0.0366887
0.0355487
0.0222792
12.4077
0.0217435
3.84605
0.0278709
0.0219783
0.0218606
0.0214676
1.32552
0.021753
1.48028
0.0222668
0.0242533
0.023899
0.0259182
9.31332
0.0220909
0.0241197
0.175531
0.0518874
0.155475
0.0220678
0.0218722
13.5711
0.0214496
8.13488
0.0285403
0.0218634
0.0219012
12.7886
0.279047
0.0221784
11.9652
0.0218371
0.0230219
0.0218317
0.0486269
0.0233402
0.046421
8.60964
0.0218915
0.0217238
0.0219332
6.91436
0.0218849
0.0223587
1.34885
0.0218751
0.124506
0.0220121
0.02702
0.0220408
0.0222167
0.0223001
0.157951
0.0300088
0.0218071
0.134376
0.0221036
3.84888
0.0219663
0.151376
0.0219486
0.0219189
0.0219357
40.0937
0.0262015
0.0223571
0.322045
0.0222184
0.0276452
0.0227988
0.0243984
0.022273
0.021896
0.0222258
5.75372
0.0219751
0.0218339
1.29531
0.0220031
0.0217714
0.0219813
1.40998
0.0222055
0.0502455
0.0280719
0.337234
0.0222111
0.0434538
0.0217332
0.0222966
0.0279959
10.8688
0.0222928
0.0216909
0.0219265
0.126776
0.443578
0.0225551
0.0218638
0.0219281
5.0075
0.0216255
0.0351685
0.0414852
7.36679
0.0222948
0.0216861
1.09614
0.0223819
0.0475278
0.0291523
0.0214605
0.039656
0.0219796
0.028295
0.0215185
0.0217607
0.0219349
9.03011
0.0220102
0.222215
0.0216908
10.2206
3.82533
0.152853
0.0220078
5.26176
0.410706
0.0287909
0.0220008
0.0283005
18.2341
0.0221047
3.51695
0.022256
0.112519
0.0250799
0.022215
0.139787
3.68412
0.0218363
0.0238935
0.0219219
0.0335452
0.0218604
0.0217244
0.0220368
3.83192
12.9959
0.0222912
0.0219358
0.0219661
1.87693
0.0219322
0.131899
0.0220149
1.59825
6.36008
2.09327
0.0423501
0.022252
0.0220894
7.80496
0.0219706
0.0370575
0.0222662
0.0348817
20.1211
2.61489
0.0222869
0.0216663
0.0307724
9.41041
0.0551555
0.0218124
4.69034
22.8896
0.0216176
0.410792
0.0215157
0.0442287
0.0219299
0.0224349
0.0222856
0.0348972
0.0219807
0.0215063
5.97257
0.0242398
0.0225353
1.42032
3.43368
0.0220277
5.46862
0.0220993
7.52521
0.0237828
0.0215231
0.0215896
0.0220139
0.025284
0.391335
0.221329
0.0220046
0.0226419
9.40094
0.0220378
0.0216293
0.0218623
0.0219881
0.248241
0.0219314
0.0216246
0.0216428
5.51042
0.0222667
0.0219274
0.0216585
3.08708
0.0221629
0.607944
12.8506
0.0219078
9.76568
36.0186
0.0221653
0.0480712
0.103413
0.0215836
0.0217006
0.0228345
0.0220125
0.514525
0.0267981
0.0221481
0.021653
0.0218887
0.0220272
0.021881
0.0222294
5.6372
0.0216636
0.0218681
0.0252778
0.021925
1.34619
0.0218784
0.0220521
0.0221159
0.0221432
3.17745
4.60988
1.89518
1.77936
0.022274
11.6986
0.0218634
0.02162
0.222496
4.5141
0.0222142
0.0219819
0.0839439
0.103915
5.42083
9.87468
0.0432348
1.73513
0.0227791
6.0717
0.0219026
0.0247952
0.0218705
3.77482
0.0219524
14.7127
0.0222536
0.0242084
0.0221464
0.0225154
0.457101
0.02162
0.0214893
2.22743
0.0555541
0.0222464
0.0216511
0.0216168
0.0226259
0.0222552
0.0222444
0.0218765
18.3416
0.0218167
0.0225125
0.0222554
0.021615
0.0216937
0.0376498
0.0222971
0.0381502
0.0221643
7.48248
0.0217274
0.0786884
0.0583748
0.0218102
0.863705
0.0214769
1.49659
0.0220415
0.0220175
0.0219172
0.021596
0.090188
0.021872
0.0223352
0.0215881
1.64518
0.140173
0.0220227
0.0222712
0.911048
1.76311
33.2698
0.353686
5.01104
0.0218596
0.0218768
0.0307944
0.0220911
19.4504
0.0222585
0.0980762
0.0219092
0.0222474
0.0282742
0.0215404
0.0222506
0.0419348
0.358759
0.021668
0.0215837
0.0222091
0.0219829
0.0219843
0.0216726
0.0219436
0.021868
0.0295134
0.0440395
6.23544
1.83643
33.8531
0.0215932
1.3308
0.0219045
0.11625
0.971531
0.0220309
1.75891
0.0218808
1.77226
5.66664
0.0653939
0.0219943
20.5997
0.0241429
0.166714
0.0226116
0.0296377
8.95597
2.20241
0.301091
0.0244299
22.2001
0.21322
34.0193
0.0268357
18.9552
39.8348
12.9373
0.0216578
0.0222741
1.49454
0.0214857
0.0219493
0.405078
0.0219874
0.0220947
0.0375073
9.22775
1.53724
6.77996
0.0218847
0.0218351
0.0222075
11.9034
2.3892
0.256415
0.0258149
7.7088
0.0218899
0.0282889
1.9673
0.0244087
0.272585
0.0224655
0.0222342
1.4487
0.02181
0.949465
0.0219546
0.0225505
0.0434664
0.0217943
0.0237066
0.0709838
0.0222668
10.7948
0.0218774
0.0214797
6.51576
0.0223793
0.0219102
2.23736
0.0728001
8.5228
1.78025
13.0402
0.0223076
0.0978975
6.43861
0.0873961
0.0266978
0.0223083
6.09793
0.0217692
0.0220539
0.148215
0.0885142
0.0410718
0.0222336
0.0222312
0.0218246
1.48156
0.0497046
3.07803
0.0222713
15.0058
0.0218748
0.0427221
0.0240993
0.0217406
0.168694
0.450705
0.0328366
0.129531
9.45992
0.0222725
0.0238368
0.0267233
0.0312907
0.022412
0.0270802
0.0270677
0.104053
0.0215558
7.9625
7.06457
0.0224056
2.56455
0.99893
2.82364
0.022271
0.021617
1.31249
0.0219415
4.24153
0.0222309
0.0222726
2.78905
0.0237928
0.0219318
30.7002
0.0254646
0.068114
0.021912
4.72016
0.0499018
0.0904764
0.0310891
0.0225528
0.11811
0.0223898
34.9181
0.0255618
0.277353
0.640514
4.09157
0.162515
4.97881
0.0239445
0.0704256
0.0371316
0.729122
15.4198
0.021823
0.364976
0.0220443
0.0218895
3.8782
0.0694453
0.0216389
0.0651634
1.79479
5.06857
0.389059
4.02676
0.0750841
0.0222638
0.024265
0.0217062
6.17553
0.0219763
2.01524
0.585491
0.0235778
1.71068
5.865
0.0216685
4.09322
7.04831
2.82155
0.0219712
0.0219222
0.0222931
0.0390255
0.0222731
2.03122
5.2041
0.0426497
1.97795
0.0225057
3.44416
1.45306
1.32217
0.0220159
0.291498
0.025252
0.0845255
0.0311115
0.213072
0.0393595
7.91698
0.0222483
0.0218597
0.0216397
0.365138
3.98079
0.021928
5.71691
0.063095
0.0769183
0.0218724
0.111273
0.0221597
3.34713
1.63005
1.29575
0.112154
6.12819
0.0637998
1.68441
0.104738
0.0220878
0.520306
0.0218282
0.0426005
0.02195
5.94259
0.0219265
0.0258106
5.64916
0.0471116
0.0442502
0.0678034
9.74583
9.45081
3.8965
1.29088
0.0390447
0.0219085
0.0219069
0.0420437
9.83523
4.66292
0.0291113
0.0271172
0.10248
0.0407135
0.105971
0.313475
0.103431
0.0504629
0.0625496
0.384757
0.0216175
12.6924
0.0217551
0.0222808
0.152054
0.0283314
6.31767
28.4326
0.130524
0.31853
0.529788
0.0218698
1.9979
1.3059
0.0396205
0.0276926
1.31046
0.039631
0.0462521
1.76774
3.60432
0.0218971
3.28685
4.43819
0.0216993
1.30514
0.022384
0.0216316
0.0214722
0.0307445
0.563316
1.31842
0.497962
0.0472533
0.0450791
0.0415485
1.72974
)
;

boundaryField
{
    frontback
    {
        type            empty;
    }
    topbottom
    {
        type            fixedValue;
        value           uniform 0.0223;
    }
    outlet
    {
        type            zeroGradient;
    }
    inlet
    {
        type            fixedValue;
        value           uniform 0.0223;
    }
    walls
    {
        blending        binomial2;
        n               2;
        beta1           0.075;
        type            omegaWallFunction;
        value           nonuniform List<scalar> 
120
(
15.4179
26.9715
17.48
29.6343
26.6938
25.6311
26.1494
24.1584
26.321
17.4401
26.1747
26.9651
20.4241
23.283
28.4297
12.5392
12.9305
19.9275
12.0308
26.0587
24.0588
13.9249
22.7055
24.8221
28.8921
11.8742
30.1041
6.83909
20.8775
8.15519
8.99817
8.41925
7.67182
6.7489
25.9056
26.3394
13.4129
19.0109
27.1778
26.5577
25.6833
12.573
24.0346
26.3623
18.1147
26.636
26.5591
21.0673
29.2442
24.8441
25.8833
11.7938
28.9326
25.7803
21.9549
29.4034
17.2919
12.6822
23.2296
6.22254
6.93623
27.2911
15.5635
24.8856
27.9998
8.25917
8.00264
8.18303
27.2486
24.7794
27.314
21.7282
27.5451
28.2878
18.2929
18.2484
25.8099
18.0493
26.4581
7.25977
9.06858
17.6309
7.07189
30.422
30.1929
20.8666
8.14102
33.2849
8.44423
19.2553
27.4061
10.9711
13.108
8.52727
9.47081
9.86757
23.5182
28.6362
25.8615
25.6026
24.5382
12.7119
16.8768
29.3957
21.8367
28.6878
27.1758
28.0367
11.7247
30.7118
11.2733
18.3416
33.2698
19.4504
33.8531
20.5997
22.2001
34.0193
39.8348
12.9373
)
;
    }
    procBoundary0to1
    {
        type            processor;
        value           nonuniform List<scalar> 
80
(
2.18447
0.0313473
0.0220529
2.52402
0.0219871
0.0245907
3.41905
0.0233887
0.0233887
0.0238741
0.0215873
0.0240515
0.0300205
0.0286299
0.0430542
0.0213982
3.42941
2.94877
2.16178
0.0229968
0.0286299
0.0218755
0.0214138
0.0275176
0.0383644
0.0217926
0.0215166
0.0215475
0.146308
0.19096
0.0229968
0.021393
1.98268
0.0214607
0.0220981
0.0214931
0.0214301
0.0214301
0.0217238
0.026276
0.0214513
0.0213929
0.0383644
0.0214409
0.0673202
0.0673202
0.0345324
0.146308
0.0214317
0.0213887
0.0216218
0.021668
0.0214409
0.0791153
0.119198
0.0227204
2.05462
0.0345324
0.0214754
0.119198
0.0577684
0.0253861
0.0497531
0.0961682
0.0213868
0.0214215
0.0214138
0.0237891
0.0223653
0.0961682
0.0214215
0.541368
0.0791153
2.19794
0.365758
0.0451918
2.03623
0.19096
0.0222271
0.0225272
)
;
    }
    procBoundary0to2
    {
        type            processor;
        value           nonuniform List<scalar> 
165
(
6.87005
11.9211
18.9837
0.159808
0.02203
5.47165
3.22823
7.12975
7.91099
12.1344
11.9211
0.0281442
0.0294602
0.0219729
0.0219966
18.9837
0.0219793
4.36593
1.70983
0.0260922
0.0229767
0.0227791
0.125177
1.65316
7.84888
0.0227791
0.117664
6.86678
2.10831
0.0231914
5.25009
0.0220798
1.80256
1.92822
1.80256
0.0220016
8.77119
0.0219452
0.0732275
0.0732275
7.72375
7.76075
1.80715
0.022111
0.705769
0.388882
0.0219414
1.5637
0.0460045
1.44809
0.705769
0.0220887
1.38734
0.0253176
2.29582
2.26481
2.32639
0.0246426
0.0242599
0.0221206
6.48707
0.388882
1.46084
0.0219803
0.0220502
0.0220588
5.09752
6.70212
0.0219565
0.0570351
0.0223512
0.0238046
0.0219333
0.0219495
2.34672
0.0222937
0.0426685
0.0219625
0.022144
0.0226009
0.0219625
0.0222671
0.0513988
0.0639092
0.0219565
0.0278057
0.262649
6.43777
0.0219276
0.0219326
1.91926
0.0220046
1.46084
0.0224758
0.0317782
0.0221783
0.0265331
0.0895082
0.0513988
0.0219355
0.0330968
0.022214
1.42642
2.39764
0.0220776
0.0397215
0.0220393
1.68441
2.54045
2.45021
0.0222662
0.0221545
0.0219267
2.20066
8.32827
7.48314
7.25295
2.38155
1.54816
0.023501
8.03241
0.0369715
0.0397215
2.42837
0.0219256
7.65423
8.11935
7.62648
0.0221853
0.0350346
0.0219259
1.56946
0.0222525
7.11464
0.0294602
7.59404
0.21664
0.0895082
0.0221295
0.0220216
1.38447
0.0221892
2.36068
8.02075
9.40884
5.4888
2.02521
8.90926
7.00283
6.39924
7.36436
16.883
7.80756
5.93338
1.35009
8.96594
2.13896
0.030525
7.899
29.6415
0.0222255
1.3448
1.31589
8.26158
8.01744
)
;
    }
}


// ************************************************************************* //
