/*--------------------------------*- C++ -*----------------------------------*\
| =========                 |                                                 |
| \\      /  F ield         | OpenFOAM: The Open Source CFD Toolbox           |
|  \\    /   O peration     | Version:  v2012                                 |
|   \\  /    A nd           | Website:  www.openfoam.com                      |
|    \\/     M anipulation  |                                                 |
\*---------------------------------------------------------------------------*/
FoamFile
{
    version     2.0;
    format      ascii;
    class       volScalarField;
    location    "350";
    object      omega;
}
// * * * * * * * * * * * * * * * * * * * * * * * * * * * * * * * * * * * * * //

dimensions      [0 0 -1 0 0 0 0];


internalField   nonuniform List<scalar> 
9793
(
0.0224399
11.0517
0.0219382
2.50178
0.0222599
0.198109
0.0833032
6.60034
0.0221318
15.4676
0.022197
0.0221878
0.0219164
1.48856
0.0217917
0.0257642
0.0525743
0.0219322
2.21129
0.0215653
0.0216339
0.0222917
2.52774
6.77919
1.53299
0.0267469
0.0220992
0.0222621
0.021576
0.0787361
8.24765
0.345598
0.0220103
0.0219437
0.021868
0.0280274
0.0241578
0.0251433
1.46205
0.0304725
0.0681474
6.91838
5.68763
0.0222717
0.021963
0.0220431
6.36141
0.0222844
0.0217222
0.0219391
0.0277236
0.0218511
0.0369035
0.0222688
0.0333181
2.10749
0.021925
0.0869061
0.0217274
0.0222915
0.0272927
0.0989601
0.0219513
0.0339131
0.0219628
0.0220627
27.0069
0.0240517
0.0245282
4.42881
0.0220047
0.104467
5.95383
3.17649
5.71001
0.0222627
0.0466541
10.8849
0.0219812
0.0222707
0.0493399
2.18534
0.0508437
0.024004
0.0245652
0.240231
0.0222614
0.0662559
1.47409
0.0942358
1.75752
1.11701
1.18626
0.0407711
5.3175
0.0219093
6.53558
0.0496136
0.0246187
0.0222687
1.31865
0.0351638
2.70209
0.021968
3.97442
11.3602
2.19454
0.0218782
0.0219854
0.0222835
0.0222337
2.07636
3.34386
7.77789
0.0219795
0.0221125
0.02393
0.0220506
1.7794
0.022029
3.19871
0.070824
8.41992
0.0416077
0.0241867
0.022035
0.0599539
6.58529
0.15962
0.163855
0.0236067
0.0218117
0.0223355
0.0232959
0.0269963
0.15892
0.43358
0.0239653
0.0222737
0.0602902
2.44933
0.0272321
0.0219654
0.0542204
6.08786
0.624524
0.022036
6.36271
0.0218094
0.0220298
0.022069
16.7602
0.0241729
0.0220919
0.0219289
0.999883
0.0560906
0.0219465
0.452898
0.0219333
0.0626704
0.0237084
0.0216402
0.362756
0.0220521
8.39317
2.28775
0.0222292
0.0218792
0.0222177
0.0219805
6.3833
27.8723
1.8682
0.0219103
0.178928
0.138811
0.763188
0.0219661
0.0239896
4.59141
7.47249
0.0760947
0.0220358
0.0220732
0.0218728
8.43949
5.62182
21.3192
2.92892
0.021997
19.0908
0.427415
0.0256019
0.0217686
0.0233857
2.00008
0.021603
0.0219301
0.0222044
0.0220272
0.0216341
0.0287356
0.0247732
1.64762
0.0219378
0.0278702
0.0222275
0.022395
0.493158
0.0578261
2.70485
0.0216411
3.6932
0.0240386
0.0407255
0.0218039
0.153951
0.0221215
0.0513882
0.0531245
0.0216369
1.40307
2.02314
0.039091
0.0218992
0.0504198
2.01399
0.050578
0.051238
1.50009
0.122537
0.0384576
0.0345799
0.382833
0.0216085
4.20916
6.67373
0.0216089
0.0222227
5.34762
0.0219204
0.0222314
0.102566
0.114681
0.0220578
0.0240092
0.0289143
0.0383078
0.024047
0.0219724
0.0439692
2.90389
0.0216347
1.89714
0.0222623
0.0221704
0.0216689
2.019
0.0219796
2.11881
3.36961
0.0221035
0.0221312
2.18691
0.0218538
0.02224
0.0218311
2.93691
0.278848
0.0250922
0.453851
0.0820108
2.47942
3.71415
0.022248
21.8216
0.0222644
1.93448
8.02332
1.51066
3.38434
0.118828
0.0236202
0.0469286
0.0244357
0.0218033
0.0223175
0.482291
0.0269191
0.0221398
0.0222838
0.0216388
0.0216996
0.0216372
2.32403
0.0218693
0.0217846
0.0219158
0.0219182
5.40469
0.596781
0.0653791
0.0229652
0.0547953
0.0220382
0.684882
12.6188
0.0219732
4.08992
0.0322241
0.0219571
17.461
1.05775
0.0220181
0.0462417
13.1721
0.0221878
0.0344709
0.0217841
0.022277
1.82834
0.041321
0.0219524
0.0220221
0.0228317
0.17476
3.37998
0.0219418
0.0218722
0.0217465
7.02455
4.94458
8.50241
0.0216007
0.043735
0.0353562
2.20638
0.0674553
0.0216103
0.0216615
0.0217471
0.0454955
0.0221031
8.61131
0.0220879
0.0217883
2.85871
2.21072
2.94548
0.0217814
1.31877
0.0247391
4.17244
7.98562
1.57191
0.0236419
0.0317285
0.475754
1.61439
1.99893
0.0267616
0.0222635
0.0254862
0.0216933
0.0218541
0.0220849
0.0220813
0.022292
10.0315
0.0222069
0.0602534
0.0300549
3.2814
0.0216073
0.0240834
5.20835
0.50794
1.56061
0.0657193
0.0217907
0.0237169
0.0219413
0.447475
0.0215721
2.74891
0.161349
0.0836252
6.70335
1.85808
0.0221376
0.0218975
0.550159
0.403487
0.0219365
6.80842
0.0221316
0.022176
6.89331
0.0216394
0.0886028
0.0216169
2.12819
0.0220934
0.0220625
2.8539
0.0981614
0.0509741
0.0255993
0.0220746
0.0218516
8.02127
0.0494929
0.0215804
0.0221949
0.0345468
0.0353036
0.0504108
7.11799
0.022196
0.0219406
0.406199
0.0220812
2.46002
0.74222
0.0220651
0.0220151
0.0222884
0.0221166
0.0217333
1.33309
0.0518441
3.88319
0.0293374
0.0231471
0.0418244
0.0248514
1.64718
0.0265016
0.0222679
0.0240608
0.513043
0.0219666
0.0219377
0.0220018
0.0215751
0.0219843
0.0218073
0.0220444
0.0221579
0.0229336
0.0244045
0.101936
0.0220129
1.48217
0.0258131
0.217831
4.67191
0.0218074
3.09803
0.0812255
0.0217747
0.0215754
0.0219748
3.92868
0.0836739
0.0215718
0.0221205
0.0221976
0.0689986
0.155581
10.8871
0.0219762
0.0219298
0.031994
6.90351
1.46617
0.0238196
0.0231303
1.99555
7.26353
0.211722
0.0222347
0.0218001
1.55357
0.0219138
0.136493
4.11473
0.0215695
0.240711
0.0267984
1.31893
0.0218514
1.88915
0.282069
0.0253666
1.68714
0.0219116
1.95834
0.0220946
0.0218933
0.0222234
0.0219458
4.58616
0.021905
0.0217101
0.0229201
0.0216091
0.0218007
0.0461189
0.0228352
0.0333504
0.0220337
0.022038
4.1183
0.0763416
0.0237663
1.94737
0.0240397
0.0222274
0.0219842
0.021732
10.8122
0.0217017
0.0220693
8.80467
5.9924
0.0391426
0.0219239
0.0222842
0.0221024
0.0222413
1.78016
0.0222341
3.50038
0.0238884
1.8337
0.0222622
20.4959
0.0222331
0.226352
0.0219196
0.0817405
4.33516
0.0221032
8.89242
0.0219129
0.0222182
0.021624
5.99776
1.68966
0.0219819
0.0275493
0.0216989
1.93642
0.0218829
0.0446211
1.80709
0.0254664
0.0220266
0.0461698
0.0222452
0.0221439
0.021763
0.0952103
0.0219554
2.18211
0.0220518
0.022117
0.0376576
0.0765366
0.57031
0.0217749
19.6402
0.0218935
0.202753
0.021926
0.0221871
0.0219099
0.0220496
0.0222684
0.217479
0.0387478
9.1373
0.108994
0.0356465
0.0344344
5.46031
0.023571
1.71072
4.30047
0.26101
9.98643
2.19381
0.179914
0.02215
3.47232
0.0372511
0.0221004
0.355346
0.022251
0.472004
0.035927
0.202919
0.0279642
1.89308
6.21212
0.0354517
0.182856
0.0222164
0.65861
0.0229607
0.0219219
0.0220919
0.023306
0.0457727
1.44516
0.292647
5.5991
0.0233028
0.0235077
1.30525
0.360384
0.0229229
0.0606267
0.0224206
4.98279
3.00499
0.0220589
0.0656925
0.259276
6.68428
0.0219577
0.0259658
9.93253
0.0280614
8.51789
0.0843009
2.52007
0.0257988
0.0236799
0.0219149
0.0219282
0.195781
0.0222843
0.20017
0.129226
0.0817766
0.0222596
0.022224
0.023366
0.0220954
0.0218334
0.0219215
0.0993638
4.08311
1.55052
0.0222797
0.334921
0.0219485
4.55501
0.0451929
0.0478765
0.0346786
0.262386
0.0217522
0.0220597
0.0437522
0.0219136
0.0220532
0.0594175
1.32021
0.0216334
0.187482
1.57012
0.0242588
1.84491
1.64589
0.0218213
0.0537398
0.0263675
0.0219922
0.0216209
0.103881
1.565
5.96961
0.021987
0.0220167
0.0216686
0.0242324
0.0228668
0.0238682
0.580137
0.0448531
0.0221517
4.13635
0.0288474
0.0339311
0.0220134
19.6997
0.0234731
0.0219176
0.0829516
2.11219
0.0215869
0.0220505
0.0219472
0.024903
0.021748
0.0362759
0.46011
0.0222003
0.0946825
0.0227534
0.0219684
0.727475
3.10327
0.254958
0.0220745
0.0215994
4.18257
0.0261065
0.600463
0.0215655
0.0219161
6.99038
3.23152
0.0295356
0.0948987
0.0641893
0.0218961
0.0222717
0.0219537
4.20343
0.0220573
0.0222928
1.49239
0.0277603
0.282094
0.0333216
0.0219341
2.73981
0.0222682
0.0219203
0.0219448
0.0306944
3.18246
0.0221623
0.0219729
0.0219122
0.021902
0.0219403
0.0219297
12.5692
0.0317405
0.0228631
0.02211
0.0318608
0.0602505
0.0257
0.0288281
0.0222839
0.0216619
0.0233069
2.04699
1.85963
0.0230115
5.7335
0.0222157
0.0253427
1.08878
2.21452
0.0217798
0.0221808
0.352469
0.0503244
0.0219067
0.0222489
2.25639
0.0222682
0.0680749
0.0220098
0.64062
0.0222478
0.022284
0.0221269
0.0306425
0.0220537
0.0246382
0.0263826
0.167317
0.021864
0.0219951
0.0222498
0.0218888
0.0221137
0.0219417
0.0303777
0.0221112
0.050486
1.61789
0.0423504
0.0624273
0.0222022
0.0217622
6.95496
4.75151
0.0216114
1.80673
7.91582
0.021605
0.0219685
0.0218812
0.0958642
0.0524071
2.44989
0.0218581
0.0250205
0.0218598
0.0223252
0.0222701
0.0861463
0.0220919
0.243381
0.022093
0.0585465
0.0218934
0.023185
0.0219231
0.036354
0.0616639
7.56622
3.54461
1.86268
0.047046
0.0219178
3.02974
3.80726
0.0599641
0.0220116
0.0220848
1.98649
0.0218745
2.96849
0.0216244
0.0285449
0.0221561
0.0222699
0.0217873
6.69897
4.26432
2.73384
0.0739314
5.58188
0.0219506
3.15999
11.5416
0.0222705
0.0221031
0.0217335
1.06991
0.0215634
6.74407
0.0327692
0.137554
0.022268
0.893847
8.0875
1.70064
0.0295846
0.0314738
0.0220409
19.8205
0.0215463
0.616468
0.212187
0.0695414
10.5858
4.63344
0.0236968
0.0233693
0.0219485
0.0877808
6.83642
5.51234
0.0217476
3.88961
0.0252783
0.1119
0.125726
1.33786
1.36314
0.0216577
0.0261788
0.0297119
0.023867
0.023592
1.93992
0.0221973
12.1876
0.0218098
0.0216374
0.0781075
0.103991
0.811491
0.0225397
22.6735
13.1815
0.633329
0.0271645
0.022233
0.0225441
0.022227
0.0219283
0.791184
0.500295
0.0221534
0.0219279
0.03085
1.72114
0.0258146
0.0219284
0.446747
0.0219401
0.022275
0.021556
0.0580613
0.0220299
0.0245331
4.10297
0.0601982
0.0222902
4.1699
0.13278
0.0219361
0.0228159
0.0332901
0.0222624
0.0219633
0.0217555
12.8438
0.318216
0.0222284
0.0348325
0.0367652
0.657699
0.0219656
3.53423
0.0218623
0.0217552
0.691447
0.232482
0.0641171
0.0220621
0.0218961
6.1498
1.37371
0.285835
2.87645
0.0221028
0.0234701
0.0220145
8.65899
0.0243373
0.661915
0.022773
0.0219291
0.0233381
0.021693
0.0218756
0.0645995
0.0217857
3.41638
0.0218319
0.0222269
0.0215755
0.0244823
1.53476
2.64634
0.0506059
5.94147
0.0219789
0.0360506
0.0231263
7.31596
0.0218336
0.0216437
3.14726
0.0348653
0.0331077
0.0221117
0.194727
6.58299
2.50768
0.0221679
0.0348327
0.925081
0.0303215
0.81313
0.120776
0.0810671
0.0217657
0.0226335
0.0597903
0.078079
0.0219862
0.0900402
0.0217412
0.0221833
0.0222896
0.0217735
0.0219187
0.0219915
0.763226
0.0256263
0.0228541
0.0458685
0.0217562
0.0219312
0.0379325
3.2877
0.0868252
0.060677
1.80462
0.0222341
11.0955
0.0292872
5.65058
0.0619901
0.0222021
0.0220566
0.0233104
10.1682
1.73776
0.0505178
0.158307
0.0216594
0.0219273
0.0222483
0.0222014
8.27442
0.0253862
0.0219445
0.151112
0.295697
7.15871
0.022667
2.91594
0.0568162
0.0396315
0.0309853
0.437628
0.246292
0.0222527
1.3845
0.245042
0.039262
2.25418
0.0442712
0.0221641
0.0222638
0.0219221
0.0232011
0.0274199
20.5159
0.0492782
0.0218704
0.286433
0.0220029
4.33462
3.32033
0.0219549
28.8771
0.0218213
0.021753
0.0219964
1.36637
14.3936
0.0473357
0.0316048
0.0217193
0.52692
0.0222313
0.0306828
0.0220905
0.0221744
0.0218959
6.30802
0.0228485
0.042751
0.0289518
0.0222117
0.382316
0.132282
0.0328641
0.0253736
0.0235771
1.69869
2.80993
0.0218848
0.0217692
0.0218833
0.0225975
6.54251
12.7552
0.204482
0.0256621
0.0217911
10.7287
3.71267
0.0222181
23.4061
0.0217166
0.083087
12.7075
0.0217475
6.85003
9.55458
0.124877
6.80137
6.66452
0.0218642
0.0227214
2.51539
1.40698
0.0225945
5.3833
0.0247963
0.0219189
0.022274
0.0230074
0.0393127
0.0250335
0.326101
7.02498
0.235353
0.0346327
0.0220791
0.0601497
2.17568
0.0217664
3.66442
0.0472677
0.02222
0.0246386
0.0222417
0.0222341
0.031778
2.3147
0.0223897
0.021794
5.68723
1.36821
0.0681414
0.0222616
0.0551433
0.021932
0.021931
4.71214
5.93847
0.0219206
0.0214921
2.83724
4.49243
0.0479562
0.0222972
11.0873
0.0225992
0.0219266
0.0235681
0.0219315
0.0216531
0.0216273
10.4965
0.178265
0.0259393
1.59266
0.0440713
1.35069
9.7888
1.91324
0.148561
0.0219544
0.0222389
0.0222503
0.0219922
0.0763415
0.0218815
0.115442
0.0288692
0.889909
0.0220459
1.42037
0.0369099
6.16676
0.0219245
1.76196
0.0291092
0.165372
0.246141
0.0307881
0.0216241
10.6226
0.0553972
1.41514
0.0216086
6.29171
0.0220251
5.66383
0.499969
0.0439444
0.0219262
0.022089
1.7713
7.21965
0.0309204
0.0215867
0.422248
0.085653
0.0442236
3.3886
0.0819421
0.0219478
4.22517
0.0219243
0.0321384
0.0216259
7.24634
0.0216313
0.0232943
0.302381
3.59264
0.0222221
0.0665176
0.0240085
0.079299
0.0218797
0.337391
0.0235454
0.0642438
0.0219641
0.0219849
1.88984
0.0279907
5.98285
4.65582
5.60102
0.0227919
0.0216469
0.0217649
0.0254094
0.0360998
0.0308192
5.28231
0.0233901
0.227279
0.0421677
0.0222811
0.0219498
0.0672028
0.340929
9.41773
0.0219187
1.53057
0.0218629
6.57692
1.47821
0.04579
0.0219967
0.0217335
0.0424301
1.43394
0.024234
0.0222688
0.0234728
0.044125
0.0227246
1.55135
2.06639
3.8429
0.0221562
0.0260336
12.038
0.022187
0.0632077
0.02181
0.771624
0.0365796
0.0219509
0.0435351
0.189384
0.02192
2.20255
0.0219215
0.13374
0.258816
0.375536
0.349255
0.0221666
0.0222407
19.0391
0.0221853
0.0400577
0.0798176
0.0234022
0.0215373
11.2836
0.025095
0.409632
0.0231409
0.06753
0.022566
0.417508
0.0253943
0.0244889
2.59745
1.19241
0.0220886
0.0222731
0.167642
2.05875
1.94468
0.79596
0.0284993
0.0219266
0.021814
1.72109
0.0221383
6.73362
0.0989912
1.86799
0.0221071
0.0217231
0.0217974
0.0424914
0.043747
3.66851
1.39225
0.920075
0.210934
0.0216094
2.54564
0.0230251
0.0612105
0.0227533
0.0398226
0.0622137
0.0219298
0.0215782
0.0626409
0.0216409
0.0389554
0.0722969
3.34643
5.26914
0.0359003
1.65566
0.0217426
0.0216407
0.0220739
0.203093
0.0624474
0.0458284
0.112372
2.6584
0.0397365
0.157234
0.0218141
0.022187
17.3272
0.0218981
0.293631
0.0214713
0.0218762
1.6853
0.348198
0.0218734
0.0788827
0.512046
4.59972
2.01735
0.0250223
0.0647216
0.0478809
2.93599
0.0220729
6.07738
6.41323
0.0238462
0.0252519
0.0216151
0.520001
0.0217403
0.0219844
1.38092
0.0222469
0.0215691
0.199105
0.0571741
1.37709
1.35896
3.30016
1.68605
0.0216332
0.0219192
0.0218806
0.0222055
5.99232
0.0220852
1.67118
0.0230071
5.67541
0.0246522
0.0221571
0.0216861
0.022274
0.0304654
0.0220034
0.0215271
0.294794
0.0218296
0.0499112
0.0225154
7.53981
0.0247132
0.022079
0.0219194
0.0525417
0.0219057
0.0217638
0.0220881
0.0222149
0.0240483
0.0218693
0.0233733
0.0319608
4.22248
6.35093
5.39807
2.43737
0.0217731
0.0220045
0.0219292
0.0214338
0.0219347
0.0217398
0.158383
0.0218737
0.0222518
0.0220684
0.0220415
0.0219399
8.35274
0.0237677
0.0219696
21.2015
0.0422954
0.0217155
9.25043
8.16086
0.0220186
0.456756
0.722912
0.0220638
0.046761
0.0241132
0.0215618
0.0274517
0.0221111
0.0380996
0.0220122
0.0222476
0.0217512
29.6655
0.0274271
0.0462738
0.0220322
0.0222654
5.96751
0.0259889
0.022035
0.023786
0.0241056
0.022252
0.247091
13.612
1.0496
1.3503
0.229418
0.0377172
0.0222598
10.7694
0.160354
0.0227631
0.0591735
0.0222932
0.0219103
0.0222466
2.01475
0.0467355
0.0219967
0.0220403
0.177959
0.021735
0.446314
0.0219815
1.91247
0.222393
1.22012
0.0220796
0.0233059
0.0322176
0.0357725
0.0222734
0.0391455
0.0888893
1.50802
0.022038
0.512262
10.9717
0.0215725
1.75201
0.0438776
0.343048
0.10581
0.0219244
0.0278184
0.0398158
0.0216893
0.0248596
0.0215475
2.02414
1.53315
0.0328288
0.0218281
0.149888
0.076336
2.7988
0.283647
0.0233445
0.0275191
0.0219491
0.0219497
0.039859
0.0526119
21.4749
0.021825
0.462281
0.0226824
9.76979
0.176064
2.43066
0.0216054
0.0230265
2.00019
1.80972
0.0434381
1.89039
0.0227152
0.228092
0.0219125
0.0218702
2.52557
0.2773
0.0242728
0.0220935
0.0761393
2.18159
0.196982
0.067404
0.0217782
0.0220124
0.0217201
2.36327
5.94999
0.0217612
0.043978
1.56706
0.073653
0.280711
1.55645
6.1021
2.27331
0.021777
0.0226355
1.49278
0.0218928
0.049884
1.59176
11.1858
0.0235071
0.0306084
4.71354
0.635266
2.0466
6.99814
1.5836
1.33804
0.0221109
0.0216284
0.0219914
0.0224641
24.7089
0.0558501
0.3856
0.473033
0.057439
0.0219303
0.206667
0.0217042
0.0298036
0.0219205
0.0411719
8.33723
1.89109
0.0220712
0.0216074
0.0364411
3.16538
0.185802
8.43824
0.0452488
0.0220757
0.0849231
0.0214693
0.0969879
0.0324494
0.0219215
3.26492
0.184754
0.543504
0.0575555
0.0222571
0.0215864
5.03935
0.0254217
0.0216265
0.0221451
0.0222561
0.0216874
5.73404
7.70049
1.87015
1.41057
7.17003
0.0236326
0.0219451
2.03139
0.0240502
0.0798248
6.80275
0.0218662
7.20504
2.81021
0.0594798
0.0340528
0.811474
0.0231444
1.77049
0.0374405
1.87577
0.0218315
0.0228956
0.0411595
3.24668
0.113797
0.0696558
5.38776
2.14917
0.0731405
0.154963
3.3102
0.0240921
0.36617
19.5649
0.0359366
0.0638322
3.3044
0.0310826
0.0370527
0.0221034
0.0361427
0.0382183
0.0560916
0.0220879
8.83955
0.169651
1.68027
5.57864
2.07464
0.0399533
1.5966
9.00979
0.0218468
0.252568
3.75441
5.61796
0.0278464
0.0244077
1.39272
7.10705
0.0216165
0.247268
0.0217551
0.0219082
4.13128
0.025632
2.17414
1.37904
1.88812
6.95223
0.0216261
0.0344881
0.022004
0.0218439
0.112919
0.0564289
0.0261765
2.76397
1.74524
0.0222732
0.0257923
1.36155
0.0232343
0.406019
0.0487267
1.36809
1.36156
0.3609
10.0222
7.5792
1.72476
1.37316
1.62511
0.0294633
0.0253489
0.11896
0.122312
1.54379
6.44661
0.0221321
0.0227482
6.32434
2.21707
0.0243043
5.41146
0.0219432
0.825228
5.59053
4.85392
0.0219217
1.5294
1.57397
0.0268021
0.0348332
7.34478
6.60738
5.49131
4.69897
0.022009
4.80529
1.51994
0.0412404
0.224071
0.110065
0.0217377
0.0263668
3.28243
2.32703
0.0243792
0.0221717
1.34589
0.0843374
1.72514
0.0737156
2.25765
1.39905
0.0219918
11.2872
0.0222852
0.0293113
0.0220934
0.021879
0.0217077
0.036984
0.293358
0.0214964
14.653
0.0688773
3.67141
9.21089
1.91155
0.0219081
5.47568
1.53839
1.90572
0.0344793
0.0219294
2.94363
0.38694
2.00346
0.0564124
0.0235743
0.0216912
3.4818
5.69056
0.0335542
14.8747
0.0314688
0.022212
1.31174
0.0552161
19.9013
0.0218949
0.0281076
1.57304
5.36401
1.38628
0.195268
1.36865
1.60682
3.10862
0.0220466
8.74483
0.048114
0.0218513
0.0215601
0.0219475
5.46763
0.050237
1.37474
1.44608
0.0345876
0.161663
0.074179
2.54282
0.270808
7.47686
5.44091
1.30623
0.0898024
0.0216535
0.319257
0.0571028
0.0959301
1.3076
2.96234
1.68642
0.0220947
0.0239621
0.049123
0.0220588
0.0219464
0.0275999
1.39638
0.0274041
0.0246065
1.29236
0.0696373
0.273714
3.67679
1.43293
0.429333
1.82719
5.35993
2.14325
0.0640039
0.0307348
0.0221392
1.31283
0.106557
0.219527
0.0641833
0.0618788
0.021453
0.173354
6.56434
0.0256937
0.021591
0.0229176
2.15498
0.021876
0.0220246
0.0621421
1.449
0.0274029
0.05498
0.180409
0.030787
0.0579411
0.0218798
0.0219794
0.0407669
0.209222
0.0222752
0.0310181
0.277911
6.68609
0.0221552
12.3829
0.0218845
1.43086
0.0233427
0.0235045
0.0215565
0.17723
0.032775
5.91528
13.5895
0.0696591
0.0221621
0.0219206
7.46473
1.97926
0.0218048
0.244879
1.49429
0.0520332
0.0797297
0.0214325
0.0226793
0.0219271
1.32758
0.041706
0.0220496
8.21721
0.022386
0.0589723
0.242374
0.0217391
0.0996623
0.0595327
19.3814
0.0224571
0.0264089
0.0235079
0.053921
0.0214084
0.0219081
6.34902
0.321966
0.0740694
0.0219543
1.76955
0.0224059
0.022388
0.0219572
0.478301
8.0734
0.0236369
11.2306
1.30286
0.0636831
2.80345
2.66512
5.77549
4.49362
0.0514103
0.0611751
0.212474
0.047542
0.0219501
0.0304283
0.0288522
9.66402
0.0220785
4.02604
0.0219792
0.415559
0.0905513
0.0227773
0.023172
6.32027
13.8701
5.17417
1.48062
0.0218139
0.0645917
5.4712
0.025542
8.85889
0.0410524
0.109906
1.52616
0.0318142
0.0219919
0.12361
0.147241
0.0219262
1.40213
0.676784
0.0217135
0.0222397
0.0221214
0.0220084
7.7404
0.0219579
0.0469879
0.0220241
0.0222756
0.0327692
0.0219418
1.33979
0.0826183
0.0221602
0.0216317
0.109051
0.023179
0.0563528
6.92213
5.35594
0.0531116
0.249846
0.0410382
0.0215981
0.13328
12.1625
0.0377887
1.37111
3.91221
0.0763069
0.0384594
0.026822
0.0661103
0.0380605
7.44081
0.0221133
0.022159
0.0218023
2.46555
7.9533
0.036058
0.0882043
0.0218574
0.025727
0.0986454
0.253729
0.0219374
0.0600454
1.74085
0.0895387
0.0219911
0.0219468
20.6824
6.00385
0.0219365
0.523303
0.0294018
0.193415
0.22195
0.0218646
2.80973
0.028282
0.0220247
1.95994
0.197446
0.0219252
0.0221624
0.250241
0.0217831
0.0220398
0.129871
0.0423907
0.0462837
6.96738
0.0250181
0.0397678
1.67033
0.0218465
9.01938
5.77395
0.0248713
0.0566979
0.1679
0.021981
0.153586
0.0214707
1.91437
1.50791
0.022002
3.21697
9.20654
0.0219588
0.0219472
0.584467
0.0360351
1.4429
1.42691
0.0220953
0.0424696
5.51237
0.0225138
0.0469063
0.0665421
0.0338543
2.12625
0.184185
0.0230687
0.218466
3.6196
0.046148
3.66782
0.0219108
0.0215542
0.0222676
0.0427848
5.84399
0.0220657
0.031626
14.6769
2.68857
0.0222181
0.0295818
1.98113
1.41016
0.022225
9.37255
0.0330459
0.0859679
0.0337963
0.0230638
0.0256594
0.0219784
0.0219625
6.40089
0.021933
0.0529211
0.0219812
7.02185
0.0230531
0.0235742
0.0215946
0.0235723
0.0219804
0.0407079
5.54101
0.343752
0.0375108
0.0429506
0.0219669
0.0318473
0.0505796
2.39499
5.93875
0.0218315
0.819604
0.0220223
2.27462
1.29414
5.49033
0.0218292
0.107755
0.068917
7.47378
0.239839
0.0218641
2.85027
0.331089
0.0382631
0.72937
0.0221293
0.0220064
0.0395172
3.74024
0.0219339
5.39709
0.0343431
1.91849
0.092571
0.0224446
2.06262
0.0279616
0.0221399
0.23742
0.0219297
2.73997
10.7034
0.14577
0.0277522
0.155859
0.021943
0.100599
0.0434268
8.90893
0.0220342
0.0216234
0.0267683
0.0292693
0.0418794
1.75402
2.96497
0.036246
0.231754
0.0218189
3.36696
2.88245
0.180919
0.0219289
0.0222605
0.0229259
1.93873
0.0220791
0.0258424
1.89883
0.0788281
0.0219973
0.269813
0.0749155
0.0219867
0.0249821
0.117276
1.56393
0.068617
0.0425573
1.85001
1.3598
0.254637
0.0265696
0.0221356
0.0242678
0.0248193
0.136586
0.0553577
0.0268017
0.0734804
7.67808
0.0242047
0.0219963
5.37467
0.307804
1.55132
0.166514
0.0256456
0.0238205
0.0236151
0.0217715
0.0219068
0.0419196
0.0215538
0.0229845
0.0220306
0.0229186
0.0235273
0.0219486
0.0388198
0.0342619
0.022041
0.0219374
0.0221193
0.022782
0.0223633
0.251516
0.0220583
0.0235071
1.45599
0.021693
0.0231935
0.0222719
0.0266143
5.36215
11.6515
2.44408
3.10603
3.36829
0.186874
0.0218799
0.0572632
0.0220104
0.486861
0.0228812
0.0293397
0.0221957
0.0524496
0.021957
0.0301262
0.0217896
1.85983
0.159867
0.0220785
6.41174
3.10315
0.0220935
0.0809678
0.0219495
0.0215993
7.41759
0.0220719
0.0633209
0.186511
0.0221051
0.0215591
0.0704064
1.54916
0.025162
0.0232079
1.37128
0.0219419
4.02734
0.0486089
7.65096
0.021676
1.45742
0.0219399
0.0221849
0.217604
0.0565015
2.43072
1.63669
7.06799
1.98254
0.137255
0.134572
0.0220461
0.115342
0.0219774
0.021823
0.0947529
0.0219111
0.021984
0.0216077
0.0216175
0.0530986
3.72642
1.40403
0.386772
3.01662
0.0233202
0.0305292
0.0226598
0.0227478
0.0713036
0.0220529
0.0217348
0.0218207
0.0234499
0.0232271
0.199397
0.0748945
0.0448694
0.0221088
0.0551292
0.0563788
2.04793
5.87441
0.024502
0.037923
0.0220887
11.4699
1.40279
0.021924
0.0219328
0.0242724
0.0222132
0.246651
0.255867
5.37104
0.0221443
3.81959
0.0221136
2.63795
0.0488087
0.0218122
0.0278194
0.964679
0.0270707
0.0275548
0.0289316
0.0788245
5.17955
0.0217661
0.0219146
0.0279254
0.133818
0.0218823
1.89488
3.08063
0.0219716
0.0214267
6.38348
0.0608234
0.0219293
4.80553
15.0213
1.94929
1.9549
0.0271774
1.91358
0.022071
5.36226
2.14448
0.823771
0.0603769
0.023756
5.69459
0.0248808
0.0218694
0.0214514
0.164404
0.0216396
2.58763
0.0225096
0.0221793
0.025083
1.40411
0.0236921
0.0227446
0.0220737
9.95297
3.74267
10.6998
1.46903
0.0393769
0.0219351
0.0242397
0.181769
0.111813
0.0219864
0.047019
0.147887
1.64907
0.0219199
3.56437
5.45459
0.0356854
0.0220631
0.023632
0.0219527
0.0217337
0.0219412
0.0220308
0.0221368
0.0980979
0.0220954
0.1059
0.0226187
0.0226766
5.42535
0.0640248
0.0231226
0.0227499
2.07216
0.021561
0.0229192
0.0259093
0.0218165
0.466129
0.0298305
0.0227263
0.0447308
0.0219572
0.0267204
0.0218298
0.131537
0.0218263
0.0219288
6.51118
0.0232042
0.165014
0.0321668
0.0238438
0.0758599
0.0214117
0.0220878
0.022634
6.81528
0.023486
0.0219267
1.91881
0.0219995
0.0216277
0.0218837
0.629162
0.0322019
0.114767
0.0337303
0.0308553
0.0503069
0.0237151
0.026945
0.0479972
2.19625
0.0222783
0.0281857
0.0218077
0.255726
0.191993
0.0219044
0.0274017
2.07786
0.0300321
0.0215516
9.01761
0.0257011
0.0820943
2.2638
0.0274864
0.0219191
0.0288855
0.0219273
0.0237646
0.0219044
0.0232921
0.0257885
0.0219699
0.0220682
0.0320733
0.0221805
0.0881426
0.0218925
0.0237885
0.0219522
0.0279559
1.4631
0.0220817
0.0219579
0.10314
0.0228889
0.0219569
0.20943
8.12211
2.77718
0.0220821
0.0243026
0.0328431
0.0222449
0.0221253
0.032484
0.186414
0.0215376
0.0532461
0.0219782
0.0218914
0.0217494
0.021529
0.0226559
0.0416694
0.032677
0.0261864
1.5665
0.0239665
0.0279185
0.0217251
1.71057
0.556337
1.88787
0.0220609
0.0454166
0.0278505
0.022037
0.0221201
0.0414859
1.41796
2.2703
0.0219065
0.0268224
10.477
0.0228054
0.173224
4.36849
1.50231
0.0282366
0.0220046
0.0376143
0.0420098
0.133495
10.8776
6.81537
1.45543
0.0226106
0.022174
0.0219459
0.100065
0.0219055
0.0216921
0.0362722
0.0219338
0.0218596
0.0218774
0.0527573
0.0219358
0.0217804
0.0219697
2.30426
0.0215494
0.0220422
0.0221066
0.0224708
0.0219386
0.0726445
0.0645399
3.60846
0.0215926
0.0280798
0.0990782
5.84132
2.34151
0.0222425
0.0222753
0.0532594
0.0969054
0.0257342
0.371334
0.0219339
1.29983
0.0222782
1.35193
0.0227719
0.0219371
0.0416676
0.0219573
0.021957
0.0227228
0.702459
0.0243041
0.0224823
0.0221785
0.0219759
0.0381962
0.0219549
0.0219167
0.0256223
0.103633
0.0240928
0.0218689
1.35767
7.53507
0.0220051
0.306057
0.0221433
0.028204
0.073296
0.19707
0.0233534
0.0229599
0.0220863
0.273122
0.0281387
0.0221275
0.0219139
0.0232137
0.14637
0.0220607
0.0329032
0.0237419
0.0352877
0.0512446
0.0363139
0.0883316
3.53217
0.0248765
0.0220381
6.88117
0.294441
0.0219306
0.021492
0.0220644
0.02198
0.0219306
0.0238044
0.0216789
0.0220793
3.25339
1.40444
0.0303464
0.0219538
3.25126
0.0237105
0.0217043
6.52856
0.0234288
0.0216525
0.0220947
0.0220367
0.0343388
0.0220712
0.0545737
0.0219281
0.0217849
0.0219595
0.0313188
0.0344055
0.0218945
0.0537632
1.40145
0.023221
0.0218973
0.0614102
0.021718
0.0220153
0.0218701
0.0291505
0.0220516
5.34236
0.0223544
0.240998
3.12088
0.0546409
0.0230808
0.0221999
0.0220595
0.0219404
0.0291903
0.152117
0.110801
0.0218158
0.0239297
5.61715
0.0215935
0.171289
0.0219628
0.0229385
0.0304179
0.0624862
0.021955
0.0315628
0.0280805
0.0583676
1.30695
10.0024
0.0218593
0.021926
0.0328341
0.0226285
0.0226555
0.0482931
0.0225827
0.0911342
0.021785
0.0694801
0.0221063
0.0820374
0.0557059
1.36641
5.55526
0.0219206
0.0375731
0.896487
0.197628
0.0215999
0.0217921
0.122331
0.021944
0.0219159
0.0217491
0.021518
0.0710456
0.0682007
20.7689
0.0220194
0.0417745
0.0222551
0.0215919
0.0230064
1.63541
0.143758
0.0219409
0.0221384
0.0218505
7.52748
0.0220156
0.0219443
0.0224925
0.0219595
0.0433105
0.0218346
1.74112
0.0219831
0.022474
0.0222807
0.021926
0.021748
0.0220053
11.6935
0.0217852
0.0219587
0.227125
0.021878
0.0220436
0.0221117
0.022156
0.0522673
0.021931
0.0219738
2.48058
0.0232869
0.022038
0.0222785
0.0215388
1.4246
0.0230309
0.0222385
0.0219257
0.0254957
0.021966
2.39441
0.0217965
0.0220088
8.36317
0.0219768
0.0606972
0.0222014
0.0214162
0.0215179
0.0308699
0.0371395
0.0218683
0.0222862
0.0236661
0.021917
0.0221107
0.0221182
0.0218628
0.021762
0.021832
3.36004
0.0219565
0.0218501
1.89256
0.0219572
0.0263728
0.119194
1.44003
0.0218285
0.0220907
0.0219578
0.0216417
0.0230018
0.0381266
0.0239713
0.034498
0.0217787
0.0248478
0.0220075
0.0214778
0.0267762
0.0575095
0.02358
0.0275107
0.0220256
0.0219567
0.0221203
2.15559
0.0232199
0.0220098
4.7329
0.0227695
2.62584
0.0220641
0.0219325
0.0217422
1.40093
0.021963
0.0249038
0.0227662
0.0220732
0.0219664
0.0220887
0.0219871
0.0239211
0.0219231
0.0391419
0.0222481
0.0379521
0.0215155
0.0216373
0.0235971
8.89833
0.0221487
0.0220493
0.0226312
0.0219379
0.0237639
1.67977
0.0227882
0.0272216
1.83893
0.320908
0.0227471
0.022583
0.124925
0.0849046
0.022947
0.0221148
0.0218728
2.26875
0.0225126
7.83595
0.021694
0.0215434
0.0221047
0.0219157
0.0232593
0.0215896
0.0219877
0.0222653
0.0564457
0.0238824
0.0224391
0.0216326
0.351778
0.0598919
0.0215178
0.0221045
0.0235341
0.0222393
0.0220586
0.0215942
1.32015
0.0216071
0.0219574
0.0668777
0.021584
2.11118
0.0218241
0.040363
0.0262028
0.0219691
0.0215454
0.0219277
0.0221452
0.0220443
0.0217939
0.0216233
0.658494
1.51872
1.76724
0.0216167
2.33203
0.022
0.0530227
0.0219272
0.0219288
0.0221091
6.20193
0.0219488
0.0219164
0.0221261
0.0219951
0.445191
0.0219442
1.6582
0.0214527
0.0224011
2.55832
5.51703
0.0219828
0.0219578
0.0264531
0.0220146
0.139272
0.0217561
0.452884
0.0217786
0.0351181
0.0221394
0.0218224
0.0219445
0.0219902
0.023244
0.0219046
0.0299148
0.0330017
0.119982
0.0217577
3.11226
0.021901
12.9219
0.0219193
5.87748
0.823473
0.0217531
0.0219172
0.0216033
0.0218875
0.0220439
0.0220184
0.0215919
0.0224039
0.0214457
0.085493
0.0221108
1.40796
0.0215837
0.0215405
0.0219298
0.021928
0.0225384
2.03602
0.0228263
3.7735
0.0215614
0.0221189
0.0329479
0.0215892
0.136305
0.0230679
0.0219328
0.0388723
0.0215101
0.0219717
0.0223974
0.0217134
0.028762
0.0394049
0.0216408
0.0221126
0.022046
8.53022
0.0235095
0.0215992
5.37403
0.0498982
0.0216309
0.0219189
0.149586
0.0226635
0.0214448
1.07009
0.217524
0.022673
0.0214517
0.02224
0.0349516
0.0215734
0.197509
0.0216229
0.0216829
0.0401019
0.0519487
0.0216171
0.0216177
0.0215261
0.0217381
0.0217509
0.0414387
0.0219676
0.0217564
0.0221112
0.0218486
3.28653
0.0222722
1.6853
0.0258014
0.0272565
0.0221422
1.62916
0.0219054
1.60179
0.0215507
0.0219584
0.477566
0.0219729
0.022769
0.021663
0.0247549
0.021708
0.0263892
0.0215839
3.21272
0.022204
0.0215878
0.0215429
0.0215799
0.10032
0.0217939
4.3713
0.0219184
0.0248279
0.021504
0.0220152
0.184293
0.0219986
0.109278
0.0218229
0.0230435
0.0221769
0.0221333
0.0224118
0.0219404
0.0219799
0.263295
0.0215778
0.0219453
0.022594
0.0220567
0.0220538
0.032231
0.0218696
0.021919
0.0218671
0.021628
0.0217667
0.0219938
8.77724
0.189126
0.879513
0.0214408
0.0233685
0.0221259
0.0260753
0.116622
0.228232
0.0313586
0.0215761
0.0219787
0.0219552
0.022144
0.0221147
0.0219135
1.53585
0.0505348
0.0219277
0.158207
0.0221371
5.90115
0.0219603
0.021896
0.021808
0.0215792
0.0214866
0.021834
0.0216665
0.0218083
0.0422081
0.0230761
0.0219288
1.68935
0.0215714
0.0225885
0.0219841
0.0216168
0.0219343
0.300596
0.0218047
8.6844
0.0219323
0.0216041
0.0350304
0.0219111
0.0262409
0.0730526
0.0216775
1.37684
0.0685341
0.0216114
0.0225081
0.0215361
0.239234
0.0216186
0.0270341
0.0227758
0.0218041
0.0217358
0.021854
0.0219613
0.0223708
0.0217592
0.0223045
8.95933
1.54363
0.0228579
0.0219617
0.24218
0.0304221
1.29047
0.0218037
0.02189
0.0219626
0.0223777
0.0219312
0.0216302
0.0216027
0.0219722
0.0427078
0.0216658
0.0220205
0.0260715
0.0219852
0.0299855
0.0220413
2.54518
0.021876
0.021925
0.0232168
0.0398994
5.47814
0.0219267
0.0221557
0.0218787
0.022137
2.2797
0.0225452
0.0219464
1.33439
0.0218256
0.0219936
5.84585
0.0220271
0.0218661
0.0214739
0.0219178
0.0217975
0.0219991
0.0350089
0.0217988
1.15865
0.022099
0.0238333
8.69925
0.0219913
0.0216516
0.022062
0.0214452
0.0216223
1.87083
0.0219691
0.0220085
0.0225795
0.0219043
8.78699
0.0218145
0.122387
0.0217235
0.0638037
0.141738
0.0689987
2.69718
0.0261875
0.0347578
0.0277345
0.0218861
0.0219891
0.0231199
0.193855
0.0570224
0.0215308
0.0220058
0.0219698
0.0217599
0.0216092
0.134833
1.39965
0.149978
0.0222783
0.0221625
0.0311298
0.0220207
0.0220813
0.0218928
0.0220674
0.0219441
1.02172
0.0229575
0.0222736
0.0215085
0.0629786
0.021644
0.0220734
0.0217298
0.0215603
0.0219037
0.0220473
0.0470667
0.0217955
0.0257476
2.0435
0.021675
0.0221049
0.0216768
3.87422
0.0215291
0.0217843
0.044815
0.021979
0.0703674
0.0217746
0.0215472
0.0226243
1.92247
0.0222526
0.0220941
0.021688
0.0217811
4.82541
0.0229889
0.0217475
0.152997
0.0219177
0.0217707
1.93527
0.0222936
0.0222942
0.0222931
0.0222926
0.0222919
0.0217429
0.0235417
0.0233623
0.0704308
0.0215856
1.8193
5.49673
0.0315687
0.0219188
0.0218105
0.0219127
0.0220572
0.0217814
0.0221341
0.0217469
0.16883
0.0219433
0.0217943
0.0217603
2.26503
0.0219628
0.022135
0.0219943
0.0219576
0.0219006
0.0217964
0.0227812
0.0236183
0.0221789
0.0229882
0.0233092
0.0222529
0.0223968
0.0225651
0.021974
0.0222859
0.021551
0.0218069
0.0217088
0.022644
0.0217972
9.03356
0.0218677
0.0218672
0.0219641
0.0214263
0.0228211
0.021975
0.0220354
0.0219298
5.39077
2.26892
0.0215759
0.0218014
0.131545
0.0345179
0.565029
0.0218373
0.0239186
0.0349878
0.021558
0.0221977
0.0219595
0.0222066
0.0219281
0.157793
0.0289105
0.0339027
0.0219581
1.45224
0.0221247
0.0220522
1.32962
1.60047
0.0217223
0.0218707
0.0222617
0.0229742
0.0219175
0.0219943
0.0218674
0.0234377
0.0215674
0.112212
0.0218003
2.08949
0.0217946
0.0220116
0.785657
0.0226764
0.0218225
0.022476
0.0218877
0.0220233
0.0267876
0.0221684
0.360598
3.91193
9.4228
0.0217707
0.101959
0.0218802
0.0221275
0.0219777
0.0218451
0.021711
0.0219951
1.86809
0.0218217
0.0219345
0.0216034
0.021844
0.0218897
0.0215771
0.0224443
0.0219819
0.0217305
0.0219427
0.0220261
4.40171
0.0219307
2.30876
0.0222945
0.0220065
0.0217903
5.53604
1.44481
0.0216014
0.0216536
9.78935
0.0459305
0.0219343
0.0220257
0.0294832
0.0217806
0.0219237
0.0217861
2.41418
0.0220908
0.0220548
0.022284
0.021892
0.0219601
4.88671
0.0217608
0.0216889
0.0218096
0.0220777
0.0219213
0.021893
0.0219487
0.0219362
10.8023
0.0221026
0.0220057
0.0216846
0.0312079
0.0217196
0.0330483
0.0220382
0.0216859
0.0219524
0.0217858
0.0218789
0.0219438
0.0221211
0.0216347
0.0218012
5.49755
0.021966
0.0339792
0.0219722
0.0219069
0.0216491
0.0218444
0.0309754
0.0220177
0.0215363
0.0219578
0.021913
0.0242989
0.600959
0.021742
0.0214904
0.0220304
0.0220592
0.0219976
0.145068
0.0218103
0.0220041
0.0322566
0.0217579
0.0445668
0.0218386
4.6751
0.0219352
0.0217849
0.0220996
0.0218768
0.0219477
0.0252553
0.021887
0.0220219
0.0219073
0.0219812
0.0221248
0.0217544
0.0218915
0.0216611
10.2729
0.0219714
0.0222321
0.0791524
0.0236028
0.0218023
0.0215688
0.666934
0.0225491
5.42568
0.0217996
0.0947004
0.0222841
0.0237063
0.0215416
0.0220283
0.0219213
0.0217671
0.0219252
0.0219187
0.0219506
5.63665
0.0214231
0.022038
5.72285
0.0221212
0.021625
0.0221873
0.0219253
0.0300399
0.021706
0.0309613
0.0218626
0.0221213
0.0221255
0.0221285
0.02184
0.021962
0.0239512
2.39854
0.0221666
0.0221306
0.0218465
0.0220062
0.0216167
12.939
0.0227783
0.0220451
0.0218951
0.0215925
0.0217026
0.0270981
0.0217954
0.0214749
0.0220662
0.0219705
0.0215074
0.0224375
1.27654
0.0221261
0.0218133
0.0222742
0.0220081
0.0220429
0.0214589
0.0220725
0.0220239
0.0220735
0.0221391
0.0215158
0.0219111
0.0220207
0.0219339
0.0221565
10.8011
5.39778
0.0220561
0.0233431
0.0218519
0.0255997
0.0974806
0.0215999
0.0217975
0.0262526
0.0228264
0.02971
0.0220327
0.0219712
0.02194
0.0219862
0.0216048
0.0218594
2.28312
0.0337175
0.0215759
0.0241894
0.0223369
0.258746
0.0216703
0.0216364
0.0215259
0.0217393
0.0219076
0.0787205
0.021844
0.103809
0.0423712
0.0243089
0.0218703
0.0220826
0.021856
0.0219189
0.0222311
0.0218948
0.0218867
0.0293611
0.0220455
0.0218273
0.0221606
0.0220342
0.0219735
0.0220084
0.021985
0.0217359
0.0220106
0.0218962
0.0220288
0.0220136
0.0335303
10.4378
0.0315228
0.0217249
1.95458
0.0220479
0.0216887
0.057836
0.0222656
0.0218822
0.0218952
0.0218983
0.0219397
0.0216734
0.0220296
0.0224975
0.0219273
0.0219064
0.0218033
11.3405
0.021784
0.0219001
0.0292059
0.0217701
0.0217632
0.0219838
0.022293
0.0221488
23.8229
0.0218824
0.042329
0.0219726
0.040349
0.120364
0.0214589
7.58627
0.021949
0.0219629
0.021718
12.0468
3.25487
0.0215997
0.027598
0.0221392
0.023169
3.62558
0.0243063
0.0219523
0.0216024
1.11427
0.0219724
0.0229925
0.0220167
4.51054
0.0219354
0.0215453
0.0217723
13.0369
0.0217999
0.0219802
0.022
0.0216789
0.0220137
0.0220892
0.0219987
1.90988
10.6702
0.0219935
0.0233646
0.0247377
0.0736934
0.0217239
0.160663
10.5138
0.0215671
0.0216535
14.4762
0.0266036
0.0220154
0.0218016
0.0222929
1.97093
5.99432
0.0221634
0.0221375
0.0224962
0.022073
0.0219746
0.0224854
0.0222562
0.0220469
0.0219242
0.033171
0.0215345
0.0233828
0.0225134
16.1711
0.0215643
0.0220578
0.0218313
0.0225514
17.6578
0.0221294
0.053874
0.0225788
0.0219965
1.84652
0.0220788
8.06839
14.0292
0.0218524
0.0221216
0.0219349
0.0224751
0.0219978
0.0218363
0.0272181
0.0214381
0.342046
2.04814
1.39506
0.0219993
0.0242367
0.0219493
0.021576
0.0219932
0.0221432
2.31544
0.0220842
0.0220797
0.0218147
0.0221386
0.0221824
0.0221642
0.0219974
0.0219957
0.0221054
0.0215224
0.0893522
0.0225597
0.0692807
0.0221381
0.0219209
0.0218706
0.0220272
0.0217024
0.0220458
0.0226216
0.0243726
0.0216892
1.39796
0.0220976
0.092
0.0219193
0.0219123
0.076227
0.0292921
0.0219381
0.0219794
0.0220297
0.0219447
0.0216137
18.4962
0.0402235
0.0219081
0.0215425
0.0221152
0.0219977
0.0872802
0.0219937
0.0215041
0.0220423
1.33151
7.74838
0.0216985
0.0218291
0.0219743
0.0219517
0.02317
2.82438
0.0285769
0.0652062
0.0216023
0.0380275
0.125861
0.0221011
0.022238
0.146348
0.0227484
0.0216558
0.182974
0.0235669
0.0230374
0.0217883
0.0483421
0.0220331
0.0219969
0.0603058
0.0219651
0.0234587
0.0220266
0.0701615
0.0215201
0.0220268
5.36827
0.0261867
0.0221273
0.0291898
0.0216247
0.0285608
0.0245465
2.8571
7.54338
0.0222754
0.0217192
0.032458
0.0220341
2.43
1.46822
0.0220821
0.0220537
2.92489
0.0216456
0.0221592
0.050684
2.21957
0.0619179
0.0216519
0.0219351
0.0219225
0.0217999
0.02173
0.0220315
0.038308
0.0220267
0.0215027
0.0219087
0.0219592
9.19925
0.0321881
0.0221832
0.0232954
0.0215384
0.0220866
0.0279086
0.022104
0.0373738
0.0218943
8.06064
0.0215026
0.0217978
0.0369044
0.0221805
0.0220985
0.0221926
0.0250096
0.0215361
0.0226222
0.02157
0.0218834
0.0216931
0.0233913
0.0219901
0.0219109
0.0220652
1.47042
0.0358026
0.0215901
0.0219217
0.0219238
0.0215276
0.0573507
0.0638162
0.0218742
0.0220428
0.021815
8.65368
12.6345
0.0220642
0.021597
0.0215534
0.0216204
0.0222183
0.0218868
0.0217869
0.0218665
0.0401358
0.021929
1.20289
0.0220266
0.0218299
0.0220175
0.0557792
0.0217252
0.0364682
0.0217824
0.0219511
0.0219214
0.0295007
0.0220115
3.37695
0.0219879
0.0222927
0.0220108
0.0217184
0.0301223
0.0225615
0.0218604
0.0215869
0.0220989
0.0220444
1.40537
0.0491608
0.0220762
0.0826089
0.0218148
0.022141
0.0249147
3.44342
0.0220168
0.0221897
0.0293503
0.0264313
3.79234
0.0216315
0.0218951
0.0638731
0.0509529
0.0214297
0.0221148
0.0221747
0.0217899
0.0232131
0.0219283
0.021915
0.0265181
0.0215219
0.0443581
0.0217794
0.0218192
0.0219606
0.0218533
0.0216604
0.0220497
0.158668
0.0222521
0.0218449
0.0217585
0.0216912
0.0218147
0.0219047
0.0304963
0.053418
0.0216997
0.0222139
16.5163
0.056845
0.0593366
6.81794
0.0219206
0.0217553
0.0217099
0.0217183
0.0561622
0.0221229
0.100235
4.9432
1.51126
0.0220472
0.0222726
0.0215776
0.0222385
0.0219755
0.025414
0.0222631
0.0262219
18.0552
0.0218146
1.13168
0.0255587
2.24134
0.0220651
0.0217666
0.0217095
6.39352
0.0218014
0.022259
2.02825
1.49556
0.0219234
0.021866
0.0223588
0.0216474
0.0217874
0.0524224
0.0217935
0.0218537
0.0257687
0.0221096
0.0218201
0.0216121
0.994934
0.0219307
0.0221301
0.021954
0.0568995
0.0217732
0.0220092
0.0267262
0.0235933
0.021881
0.0646786
0.0347377
0.0240897
0.0499126
0.0229039
0.0219944
0.0218785
0.0217595
0.0216983
0.0218613
0.0221586
0.0221195
0.0253179
0.022186
0.0219796
0.0493282
0.0439467
0.0219333
0.02159
0.0220202
0.0220274
0.551857
0.0217436
0.0229394
0.0317439
0.380246
0.332864
0.02186
0.0348186
0.0507752
2.46866
0.0218888
0.0219813
0.0226239
0.021861
0.0222724
0.0218992
0.0416611
0.02144
6.67343
0.0219164
0.0219786
0.0217462
0.0219564
0.022036
0.0222655
0.0220237
0.022126
0.0222454
0.0219387
5.0685
0.0217812
0.0219386
0.444
0.0220207
0.0220082
0.0466691
0.021993
0.0220847
0.0263645
0.0221462
0.0218448
0.0222717
0.0219476
0.0218276
0.0219181
2.66301
0.0252096
0.0226666
0.0218966
0.0219016
0.0218963
5.5035
6.03803
0.0227706
0.0219981
0.0219453
0.0243769
0.0219576
0.0300657
0.0219539
0.0221958
0.0220396
0.542429
0.0376254
0.0217589
0.0331585
0.0219441
0.0287088
0.0221207
0.0216977
0.0221055
0.0221456
0.0218108
0.0217816
0.0218933
0.0221697
0.17169
0.0237327
0.021868
0.0257756
0.024326
0.0490592
0.0224496
0.0222528
0.0219747
0.0231245
0.0218856
0.0224265
0.0217126
2.64223
0.315062
0.0225663
0.0331494
0.0215452
0.0219563
0.0219175
0.0217061
0.0219103
0.0223703
0.0220949
0.0219905
0.0222191
0.279624
0.0236481
0.0217198
0.0219217
0.110221
0.0220145
0.0218696
0.0438578
8.64088
0.0219723
0.0218538
0.0219409
0.0218272
0.021957
0.141402
0.0218332
0.0217275
0.0218904
0.022006
0.0222065
0.0221691
0.021692
0.0260594
0.0219586
0.120812
0.0221778
0.0230792
0.0347428
0.0219878
0.0220935
0.0219263
0.0222941
0.0221
0.0221365
0.0226388
3.21085
0.0220347
0.0217334
0.0502683
0.0220038
1.12942
0.129172
0.0219678
0.0220199
0.022076
0.0217762
0.0220692
0.0217282
0.0219864
0.0395889
0.0222926
0.0216011
3.49942
0.0222046
0.0221009
0.0222077
0.0217962
0.0664807
0.0263004
0.0220758
0.0219456
0.0216649
0.0220363
0.0219309
0.0221088
0.029145
0.0270133
0.0219795
0.0221537
0.0214586
0.0219798
0.0216658
0.0219289
0.0219908
2.87358
0.0232853
0.0219419
1.48809
0.0221482
0.0220923
0.0222932
0.0221133
0.0219834
0.0219347
0.0221236
0.0221645
0.0220217
0.0218453
0.0222849
0.0221419
0.0219169
0.0222938
0.0221362
0.0221751
0.0218999
0.0221747
0.0216763
0.0222865
0.0217952
0.0221249
0.0221235
8.16113
0.0220557
0.0220266
0.0218206
0.0341073
0.0220451
0.0219183
0.0217626
0.0219242
0.022996
0.022293
0.0221459
0.0217363
0.0222935
0.0221744
0.0221306
0.0227893
0.0222917
0.0222277
0.0219191
0.022293
0.0221049
0.139744
0.0218662
1.6006
0.0221694
0.0220572
0.0304699
8.51926
0.0225956
0.0219414
0.0220401
0.0215816
0.0221139
0.0220274
0.0217171
0.0267382
0.021785
0.0219758
0.0221059
0.0365069
0.0232215
0.0218089
1.55272
0.0466398
0.0218945
0.0218447
0.0220569
0.0233042
0.0219049
0.0237968
0.0246757
0.0217727
0.0215248
0.0221354
0.0220235
0.0220866
0.0220759
0.0221868
0.0222497
3.95139
0.0219872
0.0220426
0.0221185
0.0216833
0.0465703
0.0217331
0.022157
0.0221749
0.0221284
0.0220637
5.61547
0.0391638
0.0218705
0.0218048
1.3938
0.0217571
0.0221235
4.29355
0.15491
8.71268
0.0221731
0.0221684
0.0375702
0.0224975
0.0220021
0.0218475
0.0217117
0.0219457
0.0218107
0.0219939
0.0296038
0.0221059
0.0221272
0.0218576
0.0215266
0.0219953
0.0217179
0.0218814
0.0221422
0.0215665
10.646
0.0221787
0.022018
0.0314715
0.0220384
0.021851
0.0220607
0.237598
0.0217994
5.4413
0.0219744
0.0218251
0.0228107
3.60844
0.0220435
0.0220305
1.92059
0.0221983
0.0230808
0.0220432
0.0219098
0.0317209
0.0216785
0.0277066
1.74085
0.0219321
1.8119
0.0222419
10.615
1.10191
0.0786319
0.0222428
0.0218925
0.0214057
0.0221275
0.0218397
1.83569
2.93079
0.0216688
0.0221755
0.0726794
0.0218958
0.0222361
1.03705
0.0218954
0.0222758
0.0219581
0.0413182
0.0938226
0.0218457
0.0226717
0.0221361
0.0219877
0.0217084
0.095155
2.45905
0.023229
0.0258958
0.0219594
4.42228
6.99368
0.0220614
0.0219199
0.0221998
0.0217094
0.022023
0.0220365
0.0221968
0.0224594
0.0214205
0.0305516
5.80997
3.05117
0.022143
0.0221824
0.181633
0.0221619
0.0222729
5.97318
0.0221557
3.80173
0.025963
0.0221811
0.0219531
0.0262128
0.0217573
0.19265
0.0221999
6.13382
5.49877
0.0220013
0.0222002
0.022121
5.47838
2.98936
0.0214984
5.58002
0.0219682
0.0222301
0.021806
0.0216896
0.165696
0.026767
0.0218356
0.0221611
0.0246173
0.0218084
0.0220083
0.022223
0.0221415
0.0218552
0.0216816
0.0775837
0.022226
0.0214878
0.0638674
0.0221788
0.0222031
0.0221382
0.0221268
0.0214557
1.42647
0.0223687
0.0268595
0.182192
0.0221906
0.0220909
0.0215859
0.0221721
0.0221905
0.0544895
0.026892
0.021662
0.0217238
0.0222034
0.0217355
0.022229
0.0252604
0.0219754
0.0222081
0.0221173
0.0222072
1.4647
10.6291
0.0216373
0.0225448
0.0218283
0.0215648
0.0777366
0.0311682
0.0221525
0.0221865
0.0217417
0.0219623
0.0220708
0.0219531
0.0214533
0.0241006
0.0222438
0.0222154
0.0222089
0.0221615
0.0219927
0.0216881
0.0221524
0.0217459
0.0220444
0.0216655
0.0221514
0.0222195
0.0556888
0.0215363
0.0221153
0.0217895
0.0221543
0.0220239
0.0221429
0.0225457
0.148362
8.53442
0.0221359
0.0223726
0.0220453
0.0218365
0.0222457
0.0216766
0.0216929
0.0219563
0.0219845
0.0238999
0.0222461
0.0221993
0.0219131
0.0219294
1.51535
0.0222328
0.0219545
0.0216438
0.0218403
0.0218054
0.0215512
0.0248838
2.44865
0.0220995
5.61048
0.0220798
0.0223076
0.0221109
0.0217493
0.0442362
0.02216
0.0220573
0.0219293
0.0239353
0.0216645
0.0219575
0.0221844
0.0218966
0.0216643
0.116388
0.0220527
0.0217286
0.021951
0.0217611
0.0218222
0.120364
0.0218846
0.02411
0.0221081
0.0220812
0.199222
0.0224344
0.0216027
0.0219414
0.0217723
0.0217991
0.0221722
0.0221182
0.0216776
0.0248281
1.56205
0.0221933
0.0218307
0.0215586
0.0218805
0.022227
0.0219917
0.0220719
0.0222133
0.0770213
0.0214853
0.0218949
0.021469
0.0389021
0.0222192
0.0221788
0.0218986
0.0221081
0.0222672
0.0216264
0.0216656
0.0218643
0.0216093
0.021874
0.0220241
0.0216311
0.0215919
0.0221653
0.0222272
8.87219
6.07884
0.0220644
4.19652
0.0220305
2.00522
0.0222826
0.0219708
0.0501022
0.0220347
0.0219085
5.82393
0.0218158
0.0217875
0.194604
0.0217726
18.5704
0.0223337
0.0221317
0.0221859
0.0217953
0.0216749
0.0223344
0.0218087
0.0221572
0.0218603
0.0221555
0.0221363
0.0218016
0.0217818
0.0222444
0.0223721
0.0221581
0.0219035
8.92266
0.0220082
0.0397135
0.0221507
0.0221805
0.0215705
0.0217683
0.0498077
0.0221066
0.185408
0.0217422
0.0221294
0.0219292
0.0217825
0.022012
0.0221954
0.0292825
1.63895
0.0219445
0.0836503
0.0220686
0.0215542
0.0220558
1.58715
0.021915
0.0217549
0.0222475
0.0219357
0.0652377
0.0314236
0.0220562
0.0219358
0.0218762
0.021952
0.0217437
0.0219293
0.0221651
0.0218686
0.0255298
0.0220565
0.0219586
0.0220136
0.022084
0.0221508
0.0220872
0.0221294
0.0218521
0.0218249
0.0218369
0.0219529
0.0221304
0.0219678
0.205869
0.021986
13.3648
0.0217279
0.1695
0.0219836
0.0218552
1.62617
5.33461
0.0218737
0.0217445
1.50008
0.021906
0.0220569
0.0421596
0.0242252
0.022087
0.0248904
5.84773
0.0220148
0.032688
0.0222003
0.0219991
0.0221728
0.0220894
0.0220308
0.0222635
0.0222425
0.0219966
0.609964
0.0215097
0.0226262
0.0220719
0.0367616
0.0218764
0.0222121
5.66177
1.33759
0.0221371
0.0222073
0.0242378
0.021528
0.0216976
0.0219287
0.0220597
0.0256115
0.0219173
0.0215123
0.0221161
2.47081
0.0220951
0.0220394
0.0278641
0.0220764
0.0222228
2.79614
6.64078
0.0214928
0.0221883
0.0219089
0.133258
0.0221499
0.0214949
0.0216585
0.0218003
0.0220329
0.0220985
0.022047
0.0222857
0.0218635
0.0218847
0.0215857
0.0215079
0.0218012
0.022069
0.0214685
0.0280245
0.0217412
0.0222847
0.0220227
0.977748
0.0216605
0.0218149
0.0217953
0.0220812
0.022024
0.0217985
0.0220924
0.0222002
0.0220585
0.0221436
0.0216833
0.0220528
0.0220277
0.0222182
0.0216349
0.0221849
0.0214715
0.0217143
0.0218104
0.021931
0.0221599
0.0221636
0.0221028
0.021891
0.0219643
1.71869
0.0219307
0.0219628
0.0220011
0.0221257
0.0218934
0.0278196
0.0245295
0.0301918
1.70932
0.0670431
0.0219777
0.0215037
0.0217193
0.0221765
0.0221963
0.0227957
0.0217008
0.0220894
1.29999
0.0220588
1.85684
0.0215337
1.91974
0.0220741
0.0223791
0.0216875
0.0216289
0.0221823
0.0215576
0.0219579
0.0219696
0.021792
0.027563
0.341621
0.0221481
0.0219581
0.0217283
0.0221817
0.0376866
0.0220204
0.0219376
0.0221674
0.0219834
0.133874
0.02145
0.0221849
0.0220306
0.0220404
0.0221668
0.0221879
0.0220605
0.0217683
3.35115
0.0220948
0.189396
0.0300903
0.0219323
0.0218915
0.0218919
0.0219821
0.0230857
0.022219
0.022246
0.0436442
0.0220078
0.0221688
0.0218878
0.0400359
0.135287
0.0222255
0.0220008
0.0216868
0.0218742
0.0219815
0.0221811
0.0272208
0.0220686
0.0235679
0.0344853
1.51691
0.0219625
0.0219397
0.021947
0.0285106
0.0392413
0.0221606
5.41752
2.17848
0.0219553
1.46852
0.0219293
4.43444
0.0218903
0.0219421
0.022065
0.0217023
0.0220557
0.0221686
0.0219443
0.022153
0.0222031
0.0230007
0.021946
0.0221106
0.0214406
1.36215
0.0215866
0.021847
0.0248924
0.029359
0.021691
0.0224924
0.022036
0.0217997
0.0221503
0.0216464
2.10165
0.0220501
5.68292
0.0219914
0.0221328
0.0224333
0.0219046
0.0216541
0.0226112
0.0219306
0.0218413
0.0215959
0.0217521
0.0220282
0.0220482
0.0232833
0.0222052
0.0231355
0.022013
0.0221159
0.0220039
0.0220958
0.0298428
1.98657
0.0220034
0.0215246
0.0219614
0.022139
0.0218378
0.0218568
1.28157
0.0217953
0.0220089
0.0262394
0.0827372
0.116538
0.0219362
0.0215252
1.6221
0.0220448
0.0215583
0.0339245
2.42604
0.0218446
0.0219186
0.0219512
0.0217293
0.0220041
5.87594
0.0404564
2.24451
0.0217375
0.0252107
0.022145
0.0218553
0.0215879
0.0214637
0.0217035
0.0218628
1.36443
0.0220077
0.129009
0.0218549
0.0217036
0.0220039
0.0219494
0.0218152
0.0222673
0.0216883
1.38728
0.0222066
7.02949
0.0221187
0.0218663
0.0219743
0.030376
0.0216942
0.0218501
0.0217219
0.0215603
0.0383207
0.0233268
1.78944
0.021904
0.0218981
0.0214074
5.64355
2.59295
0.0218875
0.0218479
0.022258
9.13038
0.0218616
0.0217165
0.0222244
0.0216856
0.119928
0.021777
0.0218253
0.208722
0.0219287
0.0219926
0.0219465
1.2027
0.0372567
0.0218292
0.021686
0.021891
0.0219521
3.6312
0.0218455
0.0221177
0.0218111
0.0219893
0.0252918
0.0218427
0.0219683
0.0217426
0.0218322
0.0222053
0.0233301
0.0332859
0.0219673
0.0219031
0.0220968
0.0221392
0.0219362
0.0220616
0.02197
0.0222265
0.0218507
0.0219035
0.0242513
0.022445
0.021943
0.0224762
0.0221074
0.0221679
10.8268
0.022076
0.0225191
3.67353
0.0219819
0.0221572
0.0219951
0.277582
0.0215561
0.0234498
0.0363903
0.0216735
0.022254
0.0221885
0.216425
0.0220557
0.021944
0.0218291
0.0221106
0.0220058
0.0803895
0.0255167
0.0242286
0.0218718
0.021736
0.022193
0.0218483
0.0219954
0.0216314
0.02254
0.190856
0.0219146
0.0221129
0.456889
1.00174
0.0219695
0.0219746
0.0221023
0.0620484
0.0731012
0.021914
0.0219197
8.69167
0.021937
0.0219466
0.0220932
0.0217044
0.0220856
0.0222285
1.52314
0.0221613
0.0221055
0.0219274
0.0218416
0.0221284
0.576965
0.0218891
0.0219147
0.0218964
0.0316125
0.0221978
0.0218604
0.0219657
3.66233
0.0216515
0.0221439
0.0218205
0.022206
0.0217375
0.0233385
0.0219616
0.0218589
0.0219044
0.0665876
0.0221489
0.0222082
0.0221439
0.0220615
0.0222274
0.0220662
3.01719
0.0220485
0.0631576
0.0222345
0.0217391
0.0222139
0.022205
0.0216403
0.0217115
0.021678
0.0218171
0.132872
0.0257437
0.0218349
0.0455431
0.021469
0.143181
0.0221365
0.0217306
0.0216738
0.918699
0.0217325
0.0218344
0.0215411
0.0218371
0.0257787
0.0220624
0.0218744
0.0216844
0.0215908
0.0220126
0.0217109
0.021488
0.266863
0.108329
0.021819
0.0220625
0.0220608
0.0218264
0.0264731
0.0216222
0.0220736
0.0218358
0.0219426
0.0222469
0.0219089
0.0216578
0.026608
0.0294774
0.0221678
0.0218218
0.0218042
0.0216066
0.022734
0.0219334
0.0221129
0.0219619
1.27549
0.0219675
0.0221131
0.0217698
0.0219257
0.0230609
0.0217893
0.0217755
0.021873
0.021663
0.0214559
0.0294792
0.021827
0.0219677
0.0216026
0.0220205
0.0216684
0.0220551
0.072873
0.0221869
0.0215803
0.0226111
0.0219416
0.0219107
7.02341
0.0217776
0.021839
0.0216927
0.840178
0.0217488
0.021929
0.0330005
0.0346113
0.0214719
0.0222466
0.0222195
0.021766
0.0219581
0.0219324
0.0218607
0.0381614
0.0225366
0.0221075
0.0221205
0.0219846
0.0220238
0.0218379
0.0217121
0.02336
3.93538
0.0219556
0.0219387
0.0219453
0.0216869
10.264
0.021899
0.0219416
0.0219843
0.0220955
0.0225186
0.0215124
0.0218414
0.0220182
0.0224681
0.0219555
0.0219373
0.0345776
0.0252378
0.0220796
0.0732245
0.0218239
0.0217583
9.29262
0.0218726
0.0220361
0.0219236
0.0221998
0.0219582
0.0217592
0.0222076
0.0217986
0.0218118
26.6882
25.6319
26.1449
3.7353
0.0216248
0.0218941
0.0217582
0.0219097
0.0226078
0.0217802
0.0217257
0.0221441
0.0220737
0.0220635
0.0215261
0.0866656
0.0221285
24.1956
0.0221495
0.0221117
0.0221807
0.0685662
0.0217654
0.0218471
0.022128
0.0217587
0.0218795
26.3111
0.0218063
13.3468
0.218199
0.0219024
10.542
0.0218443
0.0650679
0.021753
0.0221805
0.0656034
0.0235013
0.0220629
0.0221444
0.0218813
0.0220613
0.021914
0.0218533
0.0217573
17.4481
26.1397
26.9843
20.4321
23.2922
28.4657
12.5907
12.9282
19.9191
12.0411
26.035
24.0447
13.9284
22.6403
24.8355
28.929
11.8747
30.082
6.82874
20.8703
0.0221575
0.0217513
0.0215439
0.0648336
0.0217548
0.0216909
0.0218454
0.0222404
0.0222268
0.0219047
0.0220353
0.0218326
0.0218413
0.0218657
0.600475
0.0220014
0.0540111
0.0218922
0.022139
0.021649
0.0218895
0.0218463
0.022023
0.0214416
0.0218531
0.0218838
0.0219212
0.0219449
0.0221818
0.0218657
8.15471
8.99854
8.41878
7.67107
6.75066
0.0219315
0.0222195
0.0631562
0.0221804
0.0218398
0.0218708
0.021767
0.0221236
0.0218881
0.0621932
0.0220782
0.021844
0.0218372
0.0219487
9.11915
0.021838
0.0219342
0.0218597
0.0215529
2.08484
0.0218899
1.42866
0.0362294
7.16642
0.0248766
0.0419852
9.49235
0.0220105
0.0217319
7.55054
0.185369
1.85009
1.69792
0.0330135
0.0214927
0.0232039
0.0216093
0.0218602
0.0215193
0.02173
0.0217984
0.0221998
0.0222168
0.0571301
0.0268635
0.0218814
0.0217233
0.0220759
0.02224
0.0227743
0.0219212
0.0217694
0.0250326
0.0217046
0.0218806
0.021732
0.0218841
2.63674
0.02177
0.0222397
0.0221791
0.0220882
0.0216426
0.0220414
0.0221618
0.0216546
0.0221997
0.02192
0.0216748
0.0219333
3.28064
0.0215024
0.0219597
0.0216104
0.0532054
0.0219315
0.0219464
0.0222118
0.0218544
2.55763
0.142898
4.5534
0.0216342
0.0218462
0.0218133
0.0218537
0.0221309
0.0221351
0.0219675
0.0218373
0.0218405
0.021798
0.0218212
0.0247896
0.077641
0.0216464
0.0218742
0.0219328
1.33046
0.0218411
0.339762
0.0224539
0.0218472
0.0218302
6.29569
0.0216686
0.0219328
0.0220974
0.021917
0.0214358
9.58044
0.0215486
0.0221418
0.0530916
0.0220683
0.0219651
0.0302046
0.0406007
0.0216692
0.0218365
0.0224118
0.0219048
0.0216953
0.0497088
0.0220989
0.0218601
0.0224816
0.0216109
0.606032
0.022376
0.0219719
0.0222356
0.0219301
0.021991
0.404412
5.544
0.0218552
0.0219511
0.0220929
5.33379
0.0216717
0.0359747
0.0216497
0.0220287
0.0216227
0.0218388
0.0219586
0.0219532
0.0216729
0.0216069
0.0216775
0.0222186
0.0266617
0.0220723
0.0216987
0.0215358
0.0217132
0.0222248
0.0238764
0.021835
0.0218041
1.42335
0.0218337
0.0214222
0.0216864
0.0339821
0.0217794
0.0214855
0.0214028
0.0465539
0.0220452
0.0217751
0.022064
0.0216755
1.63076
10.0045
0.0242176
0.0214039
0.02223
0.0217703
0.0220834
0.0219656
0.0219474
0.021502
0.0217939
0.0222937
0.0227197
0.0216856
0.0266182
0.0468999
0.0220395
10.3364
0.0220085
0.0220676
0.0217722
0.0221315
0.0216589
0.0217313
3.72991
0.0228043
0.0215384
0.0217358
5.21292
0.0221431
0.022182
0.0437635
11.1469
0.0219367
0.0214886
0.0291888
0.171133
0.0217057
0.0219602
0.0437793
0.0216312
0.0220028
0.0221619
0.0215398
0.0221696
0.0216727
0.0217032
0.0220084
0.0215506
0.120936
0.0222195
0.0315823
0.0406202
0.0221721
0.0220638
0.184774
0.0214516
0.0219598
0.0216794
0.0220124
0.0214904
0.0218876
0.024643
0.0220493
0.0221751
0.0220095
0.0219535
10.7682
0.0218418
0.0218893
0.0219645
0.248116
0.0217235
0.0221139
0.0222601
0.0219236
0.0464771
25.8883
26.3181
0.0218269
0.0220352
0.0221946
0.0222486
0.0217641
0.0610826
0.0218942
0.190983
2.73681
0.0412519
0.0215368
13.4137
0.0220782
0.0222606
0.021541
0.0221567
0.0217373
19.004
0.022235
0.0389131
0.0434559
0.0214866
2.83987
0.0217294
5.34175
0.0215722
0.0217421
0.0217627
2.05793
0.0271894
0.0219704
27.1759
0.0257522
0.0220086
0.0216878
0.0219242
0.023427
0.0217053
0.0220726
0.0218653
0.0220959
0.0218422
0.0219013
0.0217814
0.021495
0.0222393
26.5499
25.6774
0.0219217
0.0222165
0.0223319
0.0221878
0.0228696
0.0217158
0.0218024
0.0219325
0.0218384
0.022125
0.0215064
0.0982041
5.50992
0.0218255
0.0215722
0.0220091
0.0215037
11.2849
12.573
0.0216791
0.0232854
0.0222558
0.0218821
0.155125
0.0218925
0.0217331
0.0220891
0.0235432
0.0221245
0.0216403
0.0215453
0.021932
1.13199
0.021916
0.0244716
1.34189
0.0290623
0.0219692
0.0216985
0.0218925
6.92876
0.0221637
3.12539
0.133865
0.0231079
0.0221081
0.0218741
0.0294363
0.0221379
0.0216379
0.0305137
0.0221878
0.0229111
0.0220446
0.122582
0.0219219
24.0478
26.3793
0.022089
0.0218261
0.0316679
0.0220656
0.0218117
0.0220111
0.0221063
0.0218387
0.0219727
0.0216586
3.682
0.021841
0.0215694
0.0230118
0.0218717
0.0300422
0.0216859
0.0218963
0.021537
0.0219368
0.0220721
0.0218491
0.0218542
0.021905
0.021877
0.0220236
0.021992
0.140145
0.0215385
0.0223797
0.0221285
18.1219
0.0349537
0.0216819
0.0253042
0.0218981
0.0394237
1.55055
0.0229161
0.0219377
0.08599
0.0218422
0.0221615
0.0229857
0.0218823
0.0964402
0.0219292
0.0225696
0.0219129
0.0218527
0.0220894
0.0216537
0.0216663
0.0214931
0.0216953
11.9044
8.94611
0.0300197
0.0216974
0.0221792
0.0510689
0.0216437
0.022
0.021886
0.111713
7.94121
0.0221977
26.6905
0.176008
0.0219261
0.0218892
0.0214837
0.0721291
0.02184
0.0218348
0.0220953
26.56
0.0554239
0.0219171
0.0221458
0.0217866
0.0217491
0.0435593
0.0218398
0.0217253
0.0232073
0.0214931
0.0220455
0.0252019
0.0220629
1.18052
1.9934
0.15709
0.0220524
0.0219456
0.021831
0.0217071
0.0218669
0.107337
0.0218168
21.0755
0.0254832
0.0220059
0.0217781
1.96398
0.0218506
29.2783
0.0716352
0.023243
12.3013
0.0215696
0.0221374
0.0220574
0.0219104
0.022194
0.0389985
0.0237433
0.0633353
24.843
25.8795
0.0221055
0.0221218
0.0330358
0.0234882
0.021924
0.0220215
0.0225122
0.0217587
0.0219349
0.12044
0.0219957
0.0220744
13.3432
10.2426
0.0219511
0.0248219
0.152327
0.0221382
4.05291
0.0224672
0.0465819
0.0219346
11.7941
0.0218252
4.3848
2.47254
0.0215346
2.3137
1.44676
0.16983
0.0222078
0.0215702
0.0335834
0.13958
28.8994
0.0218469
25.7612
0.0219586
0.0220165
0.101983
1.19597
0.0219413
21.946
3.93571
0.0215856
29.4435
0.0217728
6.82532
0.0219305
0.0220973
17.2982
0.0220272
0.0218911
12.6845
3.34283
0.0218928
0.0240322
0.0220165
14.1572
0.0318929
0.0218529
0.0219098
0.0215352
0.0217203
0.0214376
0.0216729
23.2214
0.0215191
1.38423
0.0220735
0.021826
0.0218477
0.0220593
0.0218613
0.0221549
0.0220446
0.0224238
0.0783938
0.162077
0.0252736
0.0215929
6.22233
6.93304
0.0219048
0.0221319
0.0265702
14.7182
0.0222285
0.02721
0.236365
0.433814
0.036872
0.0347356
0.0221745
2.11278
5.38889
1.15092
0.0242555
0.0879276
0.0220562
4.26884
0.0221863
0.0219713
0.03431
0.0345375
0.0214841
0.021897
0.0219065
0.0220302
0.495543
0.0220922
0.0219405
0.130617
0.0216461
1.42673
0.0218756
0.0248093
0.0217525
0.0345766
0.0221808
0.0221321
0.0220671
0.0250408
0.0217679
0.0219206
18.7169
0.0220677
3.7306
0.0218817
0.0219378
0.0220036
0.0217451
0.0354692
0.02188
0.0219683
0.0221904
0.0218613
0.119694
0.0218538
16.1552
0.0260972
0.0218923
0.021781
0.0218562
0.0220164
0.021927
2.64949
0.0249692
0.0221896
0.118998
0.0224857
0.0220842
0.0220287
27.28
2.5611
0.0418289
0.771951
3.42986
0.024704
0.173846
0.0221388
0.0218816
0.0221188
0.0525289
0.0219601
0.0216772
0.0950164
0.0259592
1.89117
0.0221562
0.0666066
0.0222099
0.021764
15.5596
0.328357
0.458924
0.0219525
0.0218547
0.0219811
0.0216625
0.0349055
0.0247243
17.3627
0.0218612
0.0223532
0.0215187
0.0222473
0.0215461
0.0217183
2.22993
0.0219797
0.0223727
0.0220996
0.0287935
0.0219056
0.0465679
0.300805
1.49204
0.0217931
0.125369
0.0252569
0.0222613
0.0255179
0.021939
0.0218768
0.0252148
0.0221726
24.9004
0.0219263
0.024703
0.152802
0.0219425
0.11067
0.0217537
0.14784
0.0223953
0.0218513
2.36824
0.0722412
0.0221222
0.0215713
0.0298588
0.0217748
0.0387494
0.0320936
0.0397229
0.022559
0.0218404
0.0218705
0.0217118
18.2778
0.0221909
0.0214185
0.0219274
0.0425183
0.0284462
0.0217678
0.0222788
0.0223741
0.0217774
0.0221067
0.0220103
0.0220101
10.4603
7.13133
0.0237212
0.022285
0.0222837
0.0800352
0.0217739
0.022178
0.0681763
0.0221998
0.0230515
0.0216506
0.0220396
0.0217925
0.0215611
0.0219917
1.78603
0.0812673
0.473491
0.0319111
0.02202
6.76466
0.0220419
0.0217525
0.0219171
0.0667137
3.1932
0.0217687
0.0333736
0.0221875
0.0241476
1.3644
0.0217847
0.0221921
0.0221149
0.362387
27.9884
0.0244998
0.0463917
0.487108
0.0216915
0.0219603
0.021853
0.0217202
0.0217271
0.021691
1.67513
2.06092
3.18189
0.0219621
0.0217406
0.0232502
0.0227175
0.0222153
8.25881
8.00294
2.70409
0.021526
0.0217138
0.0275673
0.0217318
0.0219944
0.0227359
0.0230197
2.02682
0.0221435
0.0217745
0.0218204
1.73011
0.132532
0.0216054
1.59388
1.33307
7.35462
0.021942
0.761261
0.0470117
0.0222745
0.021762
15.5877
0.0266932
1.59406
0.0218228
1.55022
0.0217644
0.021829
0.0234972
0.0220121
8.18262
0.092679
0.0237603
0.0238611
0.022078
2.10572
0.263873
0.173292
0.137521
0.0216941
0.0442203
0.0229707
2.14183
1.26417
0.0218204
2.29144
0.0217241
1.96149
0.0221984
0.0242497
0.0216927
2.81324
27.1751
0.0777127
2.47827
0.0217755
0.0217261
0.0222867
0.0214588
0.0219546
0.022267
0.0218863
24.7922
0.027762
0.0221717
27.3122
0.0219952
0.0221048
0.0217909
2.19709
0.0227167
0.0217389
0.0217305
2.00121
0.0229419
0.0675186
21.7367
0.109458
0.0217005
0.0224741
1.62198
0.0292724
27.5114
0.0249036
0.0284623
0.0215224
28.317
0.0390811
0.0401717
0.0221234
0.0222741
0.0220843
0.022863
0.0224692
0.034314
0.0839503
0.0215758
0.0215103
0.0215045
0.0216737
0.0217044
18.2995
1.66577
0.124726
1.80323
0.105779
1.36264
0.022073
0.0221903
0.0216236
0.0216804
0.0222076
0.0254518
0.021904
0.0233077
0.0215178
0.0223026
0.164707
0.0371931
0.0221282
0.0215559
0.0226625
0.0221382
0.0223192
0.123198
0.0243876
0.0220652
0.0216392
1.6812
0.0220912
0.0235187
18.2544
0.0216261
0.0218144
0.0588167
0.0219608
0.0221091
0.0224502
25.8058
0.0216865
0.0222057
0.0224505
0.0227698
0.0228808
0.0229568
0.0217638
0.025705
0.136133
0.0221928
0.0222656
0.0311879
0.0364031
0.0217754
0.0223074
0.0217415
0.0221754
0.964832
0.021485
18.3632
0.0215216
0.0224296
0.0893786
0.0623962
0.0267953
0.0286069
1.08739
0.0218391
6.08739
0.0220843
0.0737771
0.0221992
0.027138
0.0219064
0.0224313
0.0224707
2.41648
0.119311
0.0222843
0.309568
0.0222428
0.0226395
0.0220483
0.19949
0.16035
0.0274165
0.101345
0.180072
0.0237563
0.0219722
0.265112
0.0226069
0.0220247
0.0333782
18.0558
0.352316
0.0288526
0.022209
0.071749
1.53139
0.486772
0.0221625
0.0220944
0.0343802
0.0226819
0.0215201
0.3955
26.4891
0.0263796
0.144996
0.0264671
0.0220367
0.0216994
0.0217928
0.025112
0.0219287
0.0220778
0.0667107
0.0214698
0.0217971
0.0224976
0.0221917
0.0221519
0.0218505
0.0221601
0.107733
0.0220745
7.25825
0.0225651
0.0218825
7.08436
0.0266477
0.0226732
0.731577
0.0215323
0.0219724
0.0230158
0.0299695
0.0593216
0.0220173
0.0220143
0.0230681
0.0218944
0.0221499
0.0398529
0.062857
0.0228715
0.2232
0.0221602
0.0221901
0.0214682
0.0229043
0.0543117
6.83221
0.233042
0.0219258
0.0279316
0.0284865
0.0579977
0.0271797
0.0259918
0.0247309
12.698
0.0320777
0.0219078
0.0242293
0.025999
0.0220425
0.0218213
0.0250184
0.052775
0.117829
4.46128
0.0216338
18.6418
18.102
0.0231639
0.0222982
0.0217473
0.0224346
0.225838
0.0229465
0.0250129
14.0737
0.0819919
0.0214707
16.9051
9.63593
0.0228264
0.0223605
0.0232694
0.024246
7.14324
0.0543389
0.0236878
1.70701
3.55325
4.65309
0.0480974
0.0286478
1.04221
14.9127
0.0300719
0.203688
0.0220454
16.2746
15.0307
0.0223567
0.022001
0.022019
0.021676
0.0506064
0.0222112
0.890164
2.86432
0.0223748
0.203211
0.0997306
0.0227306
0.0235106
0.0218047
0.0309173
0.126811
0.023725
0.0222783
2.19509
0.0232569
0.021985
0.0220788
0.0215542
0.0220604
0.0288981
0.0233291
2.29819
0.0221613
0.0230472
0.021952
0.0396802
9.99257
0.02176
0.0253728
0.0217292
1.47306
0.0218349
0.0214538
0.0339132
0.02192
9.06893
0.0221593
0.0219365
0.022248
0.0218426
0.0215146
1.99639
0.0368096
0.0471229
0.0605668
0.0220019
17.624
0.0221556
0.0226974
1.54911
1.03994
5.07197
0.0298321
0.0223669
5.60289
0.0237005
19.6328
21.0673
0.0246973
0.0220699
1.59113
0.0222779
0.0222194
2.07882
0.106298
0.024764
0.196553
1.59429
0.0240384
0.0218983
0.0220443
3.44598
6.61417
0.0366345
4.09826
0.0670608
0.120093
0.0253153
0.0220067
0.0242157
2.34165
0.0275003
0.0242877
3.66204
14.4914
0.0217139
0.0966574
10.7467
0.027066
2.00585
0.0250847
0.0215018
0.0297757
0.0219054
0.0483916
0.0219529
0.108072
0.021503
0.021963
0.021436
0.0220505
0.0219995
10.4579
0.0220617
0.0925266
0.0223824
0.0219169
0.0216469
0.0218853
0.0535809
0.0222651
7.0697
12.7651
0.0237567
0.0254863
0.0221723
0.0268363
0.0225867
0.0219945
0.0237609
0.0222289
0.0216272
0.0219383
0.0217203
0.0216986
0.411335
0.0224102
0.0218892
0.0220887
0.0220217
15.8068
16.2841
0.04758
0.0234755
0.0227947
0.121799
0.0219302
0.0220683
0.0222712
0.0291115
0.0217671
0.0218334
0.0257679
0.0292251
1.43057
17.222
0.0218228
0.0219356
0.0216721
0.0230101
0.021708
0.0217529
0.021486
0.0230956
3.09401
21.4729
0.0238679
0.0221467
0.0267435
0.0219483
0.0222337
0.0280172
1.45051
30.4366
0.0220331
0.563296
0.0239992
0.0217751
0.0222479
0.0245092
0.0219055
0.0229867
1.11257
0.0218877
0.021779
0.0215487
0.0232263
8.82245
0.0221018
0.0299923
2.59047
11.2064
0.0242496
9.57137
0.0265248
0.0306922
0.0220444
2.32694
0.022102
2.19538
0.0218878
0.0221108
0.0356116
0.0295285
0.0223242
2.2446
0.0221441
0.0221813
0.0218112
0.0221632
0.0217436
0.0234947
0.0251837
0.0222723
0.0303122
19.9271
0.0235383
0.950744
0.0222008
0.0264765
14.5502
0.025989
0.0225067
11.1185
0.0218272
0.0221553
0.0220725
0.0226404
0.0314565
0.0222776
10.0854
0.0245275
0.021853
0.028401
3.67415
0.0221681
0.0223712
0.0223657
1.832
1.90926
7.0971
0.251393
2.1265
0.0268129
0.111333
0.0259301
0.027716
0.0217014
0.0221209
0.0239603
0.0222061
0.0221691
0.0216563
7.75641
0.0234349
0.0219017
0.12611
0.0221361
3.01599
0.0554821
0.0227217
0.0218904
0.0223438
0.0234684
0.0223523
0.0247013
0.0243085
0.02191
0.0219381
0.0217687
0.0230995
0.0506593
5.88386
0.027854
5.16323
4.24634
0.346931
15.041
0.0225202
1.44304
0.0694765
1.55943
0.0336086
0.0232007
0.0223495
0.0219928
30.1922
0.0246001
2.56389
0.0290491
0.0225847
0.0238539
0.0265617
0.0221782
0.0223955
1.03291
0.0217175
0.0251778
20.8588
0.0228596
0.0219571
0.0291307
0.0216863
0.0218712
0.0319904
0.0225445
2.66257
0.0222396
0.106874
0.0225451
1.40178
0.0234418
0.0221657
5.40937
0.0229767
0.194285
0.0216598
0.0225365
5.52183
16.4764
0.0215191
4.20342
1.32903
1.81413
0.131852
0.025759
0.0217703
0.0256628
1.0865
8.14119
0.0226634
0.0221418
33.2846
0.0219232
0.0652085
0.0227437
0.0221217
0.0770862
0.069167
0.0220089
0.0218891
0.0227565
0.021556
0.021682
0.0466848
0.0252139
0.0314376
0.042825
0.0259942
2.27878
0.0345244
0.0289986
3.97268
0.0282181
0.0220816
0.127942
0.0270973
0.0235645
3.78044
0.0216752
0.0617876
0.0227611
0.0217068
0.0222821
0.121392
0.0218088
9.54078
8.44395
1.47777
0.0217887
0.0214921
0.0284332
0.0220392
0.0680997
19.0199
18.8909
0.0224628
0.0218922
0.0255773
0.0299984
0.0277003
5.95604
0.0253805
0.0263884
0.0424976
0.0221947
0.0290867
0.0254287
1.84821
0.0274156
0.0216524
1.48557
1.31016
0.0219316
0.0221999
13.066
0.0315235
2.15093
19.2626
0.0230475
0.0245339
0.023896
0.0234109
0.0219831
0.0223614
0.0264033
0.0230104
0.046001
10.3689
0.0220873
0.0219303
0.167199
1.99207
0.0221974
0.0222358
0.021796
0.0286305
0.0994899
0.0218766
0.0220666
2.2907
0.0233184
0.0222248
0.0219264
1.81599
0.0216455
1.45633
16.2091
0.0217924
0.0915331
0.0324388
2.04041
0.0229638
0.0891155
5.72121
7.23238
0.0317449
0.0237173
0.0222791
0.0330905
0.050085
27.3775
0.0217858
0.0214892
0.0219731
1.62936
0.0278385
1.71758
0.0218799
0.0582277
0.035484
0.030418
0.0221052
0.0542652
0.0219312
0.0676718
7.96468
0.0349742
0.0217437
0.0221041
2.11027
0.0222274
0.0220953
18.22
0.0216709
0.023981
11.7563
1.26171
0.0216551
0.023006
0.0220642
0.028678
4.75683
0.0238024
0.0493025
0.0214721
0.366258
0.0216401
0.111091
13.7123
0.0219229
0.0221991
2.06028
0.0222229
0.0216917
0.0216593
1.71077
3.9534
0.0222874
0.0219259
0.0217978
0.0218235
0.0217411
0.38329
0.0218704
16.4278
0.021736
0.0217089
0.021857
0.0218223
0.0222802
0.0310718
0.0221864
15.0047
15.5588
0.0243993
1.51401
0.148083
0.164053
0.0242503
0.0219014
0.0332624
0.156453
0.0219819
0.109482
0.0216728
3.82397
0.0221442
0.0218617
0.0245892
0.0263511
0.0236898
0.0216446
1.52717
0.0227621
12.1156
0.0983891
10.7413
0.02204
2.59499
0.099665
0.0221871
0.0731247
0.101211
0.0251691
0.03089
0.0214878
0.0687904
2.27922
0.0219089
4.23488
0.0221118
0.114167
0.0219234
0.149542
1.57089
0.0227882
1.6175
0.0215563
0.0232175
0.0872567
0.0345502
0.333708
0.0218764
0.0233168
0.0329148
0.078432
1.81492
0.0218535
0.0218839
0.0219719
1.80284
0.0237245
0.0265343
1.44799
0.0225854
0.022806
0.0214402
0.0357437
3.70294
0.0531559
0.0290253
0.0221447
0.286525
0.65046
0.0223175
0.0261216
0.0219041
0.0217757
0.0222075
13.1187
0.0548183
0.0617993
0.033232
0.0216146
19.4608
20.3169
0.0221685
0.0236778
4.66397
0.024282
0.0228853
0.0217253
0.0249575
0.021771
0.0222485
0.0301337
0.0250075
0.0223201
0.275637
0.0219902
0.940731
0.0763018
1.7915
0.0514972
0.0349192
0.0215216
0.335917
0.0330005
0.0222398
0.021902
0.992487
0.0215076
1.39295
3.27561
9.00049
0.0359801
0.0257431
0.026035
0.0223665
0.0220758
0.811015
0.0217997
0.0776738
0.0219084
13.9109
0.0218608
0.0217802
0.0239674
0.0222082
2.64041
0.0265775
0.0452067
18.2565
0.0507828
0.0263156
8.10766
0.0219233
0.0229765
0.223071
7.79701
0.56518
0.173121
0.0219039
0.0221177
1.80512
0.0275757
8.35465
0.106097
0.452986
1.51757
0.0220214
2.20256
0.0883949
0.0216717
0.203922
0.0220821
0.0320521
7.66116
0.0220716
0.0289998
0.0221453
0.952517
0.0227349
0.0221386
0.0218688
0.0220167
5.69917
1.64738
0.82873
1.55962
1.60278
8.76659
0.0284615
0.0219282
0.0270143
0.0216386
0.0214801
0.280123
0.0219654
21.8298
0.0296392
16.6867
0.0242336
0.0921194
0.0609465
0.0220305
0.0216366
0.0217051
0.0292989
0.0222692
0.0323543
0.511402
16.4134
0.0223825
9.70105
0.0218461
5.63601
0.0222397
0.0846502
11.0427
0.113726
11.9489
0.0221008
0.0219947
0.038366
0.0219402
0.0271413
5.47326
0.094606
5.5397
0.0368654
6.69124
0.0364029
0.383637
0.021422
2.02743
0.0328353
0.021909
0.0221906
0.0230385
2.26215
0.0299111
0.0216167
1.05268
2.21603
0.0224658
17.5464
0.0222303
0.0307179
0.0220214
0.0340196
8.35302
0.0316412
21.6116
7.84032
0.0223545
0.0219704
0.0355708
0.0854201
0.0483653
2.85292
1.62481
0.0221302
6.19088
0.0219409
0.0216997
2.48648
0.159553
5.18349
0.0280003
0.02191
0.055787
2.16995
1.45652
7.62728
0.214257
16.8498
1.65904
0.136204
0.094107
32.3996
16.9147
4.23106
10.5678
15.4656
16.2656
16.1628
0.0216558
2.67377
0.0215101
0.0305627
8.52676
0.0255461
0.0279748
1.6816
0.0331109
0.0256334
0.0221643
0.0328633
0.0870407
0.0320366
0.0219975
0.0221476
0.0228749
1.11815
0.0219774
0.107009
0.0220554
0.0222763
0.0214765
0.0223175
1.44714
1.93467
0.0282439
9.47106
0.0221925
14.9887
0.0216516
0.0219327
0.108597
0.0220183
0.0221392
0.0221742
0.0616445
0.0249637
0.0451396
0.0219468
0.0219751
0.039363
2.11075
1.54823
0.0578774
1.98348
0.756504
0.0219383
1.57419
2.22951
15.0898
0.021938
0.0222383
0.0226558
0.199005
0.0219756
1.42487
0.0219421
0.119873
0.022017
6.32698
0.0222725
0.0880533
0.0246902
0.0221915
0.0222786
0.0964037
0.0235714
1.96396
1.30406
0.0219063
0.0216992
2.36786
0.0950204
2.26838
0.0222262
0.16734
0.022367
0.021606
0.0741273
13.0407
0.124547
0.0348995
0.0226478
0.0263424
0.0394532
0.0221264
0.295306
0.0228089
0.0333169
0.0997029
2.94978
0.0348132
0.0220324
0.0217702
14.0271
0.0225402
0.0338341
0.0217877
5.39338
5.05792
0.0220441
0.0217062
0.198425
10.1984
11.1434
1.68624
0.0228214
0.122116
0.0494317
1.30679
11.8979
0.0254484
0.0239846
0.0274567
0.10694
0.0222273
0.100014
0.0296065
0.106111
0.366711
0.0216577
0.0223012
0.0343496
0.0219304
10.5863
0.0218468
0.0219389
0.64879
0.100161
0.641717
0.0254888
0.126048
0.03902
0.0219139
0.0323636
0.023448
0.0556084
1.86469
2.30372
0.0230096
0.0215217
0.0606455
0.0873273
0.0246728
0.0245944
0.0223489
0.0214021
0.0531776
0.0753002
0.0219968
15.846
0.0220585
3.15641
1.74925
0.0222939
0.0370688
0.0226274
0.0247023
0.0459986
0.0595624
0.0232507
0.0222883
0.0952118
0.0218271
0.196346
0.0216693
1.49824
0.037469
1.50865
0.327293
1.31335
0.0664765
0.0214627
1.84784
0.0214297
0.0230109
0.0221847
0.0224169
0.0298296
0.0231751
0.0319893
0.0222881
0.15063
0.0534788
0.0810303
0.053521
1.64025
0.0218821
0.0370324
0.0218181
0.0221816
0.0217952
0.0218752
4.55252
0.0224155
0.02223
0.0308937
0.165673
0.048166
0.0219287
0.101385
0.389418
5.88014
0.0244074
1.96694
2.18269
0.0220061
0.0235064
0.0760316
0.0654036
9.93538
0.110752
0.0220862
0.048371
0.0215008
0.158233
0.824194
15.6317
0.180073
0.0218542
31.3649
0.0217867
0.0218084
0.0249765
0.0583071
0.0377189
0.0871672
0.0375913
0.0214924
15.7483
0.0568785
6.66931
3.98043
1.5092
0.0290465
0.0234776
0.0229916
0.0228282
0.0219885
0.0249913
34.0782
15.3303
9.36965
0.241309
0.233117
0.0219887
0.0220411
0.0230204
0.0245024
5.59899
0.0229959
0.0222381
0.0217412
0.0217471
0.021588
0.0382466
0.0325213
0.0218524
0.0282501
1.94545
1.17134
0.0377409
5.80079
0.0218799
3.86787
1.95611
0.127081
0.0217923
0.0218658
0.0221965
4.05178
0.0262429
0.0294109
0.0462054
0.202005
0.0375916
0.0222869
0.0221478
0.0630569
0.0219602
0.111679
0.024792
0.0289971
0.0217314
1.66288
0.0323916
0.021951
4.0874
0.022286
0.108611
0.0223591
0.0220334
1.95307
0.0561254
0.0440189
0.0218933
0.0217729
0.0217149
0.0216128
0.0221576
0.0935933
4.416
0.195261
0.0384965
0.0845144
0.0217922
0.107937
0.0222785
0.903528
1.95262
0.0263169
0.0218861
0.0217937
2.12056
2.20417
0.0240085
0.138747
0.0299343
0.0222265
1.31692
0.0221915
0.0946311
10.9002
0.0223364
11.078
0.021406
0.0225128
0.0366787
32.7873
0.0217773
0.0246851
5.96222
0.390147
1.6855
0.0217147
0.0222212
6.04001
8.02562
4.86203
15.8313
0.0591869
0.0221965
0.0218215
0.0224261
0.0217018
0.0221561
4.38756
2.8326
2.94566
1.96684
0.0215159
0.0216727
2.46407
0.0294343
0.0223951
0.0217272
0.0221293
1.34521
0.0386784
2.69637
0.0222322
0.021992
0.0222197
0.0371489
0.0260339
0.0231928
0.0246079
9.51634
1.47212
0.0235028
0.58748
0.0220171
0.0221304
0.128835
0.836465
0.0214592
0.115944
0.0219425
21.4236
0.0220471
0.805992
0.0222954
0.037746
0.021803
0.0225355
0.023122
0.100646
0.0709114
2.20394
0.0220098
0.0221981
0.0215278
22.6808
5.99212
0.0246366
0.133415
0.073584
0.0231975
0.0260103
4.14441
0.0464879
0.0215627
1.6948
4.55478
0.132508
0.022274
0.0217056
0.0222137
0.0220206
0.047931
0.0222714
0.0221664
0.0259748
1.68131
0.0222493
14.7421
7.87127
2.82818
0.0805978
7.26705
7.61822
4.18467
1.18579
1.7755
1.21127
0.0702105
0.125008
0.0218153
0.744813
0.021973
18.9472
1.26578
0.0214729
8.82035
0.0465931
0.0217141
0.157615
1.34413
0.0217944
0.0668632
0.0218246
1.55559
6.56019
5.66357
0.0220598
3.89853
4.65179
9.13052
0.0568483
0.0429904
3.54486
0.0215094
1.86304
4.13612
1.95845
0.0220828
0.0252807
0.021631
17.5782
0.0220415
0.809506
0.0356222
0.0294929
0.634648
0.0248156
0.0221902
0.0219659
0.0220427
0.0223954
9.47887
0.0218947
0.0279155
18.4636
8.36582
0.167002
0.0229919
0.0371865
0.33327
0.0216051
0.0223665
0.0240664
7.18469
0.0248085
0.698327
0.0221117
0.0216224
0.0674806
0.0420992
0.0400809
20.2119
0.0217428
0.511042
0.0256071
0.0220296
0.0523533
0.912694
0.0220305
11.7842
0.0272425
0.707655
1.69067
0.190005
0.0218986
14.9563
0.809268
0.0323694
0.0262036
2.9422
0.258142
0.0219171
0.0218057
2.72213
0.0217137
0.0215951
0.0229414
0.101209
1.2951
0.0215757
0.0395557
0.0647353
0.0727259
3.31901
0.0219301
0.022184
0.0219323
0.022266
0.872096
1.8725
0.042041
0.0219571
0.0214358
0.109425
0.0220957
0.0248567
4.22294
0.0224981
0.0242196
1.66615
0.0218317
0.0220343
0.0286081
0.0221758
0.0219102
1.77366
0.0752261
0.0921625
0.0222112
0.0230093
0.0374456
0.0553316
0.0221671
0.0401674
0.0215095
0.0253457
4.29716
0.0225204
9.86567
0.0214677
23.5072
1.63565
0.0217919
0.029065
3.09122
0.0250059
1.20432
6.46801
0.0222951
0.0396933
0.0218213
3.05295
1.19518
0.0220753
10.0541
0.0222977
0.021808
1.14115
0.0847923
0.615321
7.02922
0.141876
0.0216983
2.65124
0.021858
18.5145
0.0223995
0.0841421
25.3023
0.0222454
0.0217356
0.0388394
0.0215425
0.494943
4.64361
0.0218249
0.0216568
0.0217524
0.0216799
1.98417
0.281074
0.0396265
0.918111
0.0285616
0.0271031
0.024281
0.030011
0.0293079
0.0215414
0.0223456
0.021669
0.0218159
0.0252271
0.0837021
0.0222522
0.330558
8.67876
0.0216813
1.7313
0.0216121
0.788329
0.0225755
1.42144
3.95882
0.0221617
0.226411
0.0222864
0.255365
0.811483
0.0220675
0.0222689
0.097791
0.031309
0.0222253
0.0454191
14.9969
0.0222833
44.1862
0.0230212
0.0218836
0.19319
1.35675
0.0233618
0.0218991
0.0266294
0.0220791
0.042717
0.0217352
0.0218885
0.021501
0.0222389
1.79597
0.0277767
0.0222286
0.0217528
0.0263562
2.24743
2.97393
0.135404
0.0216923
0.274063
0.0446431
0.0214347
0.0219533
2.49922
0.0222509
0.0217663
28.6598
0.0308081
11.4988
0.0228762
0.0446394
10.8273
2.27555
0.815803
0.0218257
0.074972
0.0221623
0.0228377
0.0216596
25.8746
0.0595167
0.0217706
0.263974
2.74052
1.77512
0.0219931
3.2747
0.0224119
0.0222138
0.196576
5.94055
0.0270631
5.79514
0.0723093
10.3957
0.0216719
0.0307234
0.0758646
0.0220142
0.0222065
0.478712
0.0364757
12.1151
11.5938
0.0217821
18.481
0.0249344
9.74445
0.0221798
0.526013
1.50413
0.075362
0.0222197
0.0219294
7.33984
0.0220735
0.0216495
0.184822
0.0314273
0.021926
20.227
0.021958
0.0217666
0.0221811
0.0221907
0.0216544
0.0218887
0.021642
5.40578
9.96063
0.0225631
0.0215899
0.0219376
0.0218436
0.027133
0.021771
1.88625
0.0327318
0.479567
0.0301178
0.027579
2.86809
0.0218386
0.0810401
3.67503
0.0256796
0.40373
13.479
3.87606
0.021422
0.0220455
0.021821
7.73884
0.448603
3.04054
12.8953
0.0324621
0.0217876
11.4987
0.0284527
0.0221942
0.0219102
0.022195
5.4631
0.0361578
0.192941
0.0218982
0.0221843
4.52184
0.0216821
0.0231722
0.0218222
4.87254
0.0216167
0.0218371
0.0803872
0.0222164
0.0221715
0.0247297
0.0911398
0.0364463
0.362004
0.0849167
0.0222462
7.57372
0.0325642
0.0217896
0.022002
7.05002
0.0219823
14.5058
2.82159
0.0216386
5.8113
0.0218091
1.33398
0.402921
2.52489
0.0422125
0.171051
10.3321
0.0359817
12.5419
0.739717
0.0219274
0.0217806
0.0490424
0.0636476
5.82903
0.0285041
0.0272107
0.0219831
0.0226477
0.021835
0.0328584
0.044642
5.38304
0.042142
0.022195
5.10708
0.0400693
0.0220771
0.0219267
0.0218738
0.0215538
0.0233334
0.0222315
0.0446602
0.0321266
6.48907
6.90509
2.33171
0.0217283
0.0218718
0.038767
0.0273642
0.0217544
0.0256772
0.0216588
1.97039
0.0219545
0.083851
7.44774
0.0222122
0.0220161
0.0218789
6.13466
0.0815484
0.0507525
1.55791
0.0218682
0.0234009
1.29673
8.02926
0.0222311
13.746
0.0226479
0.0441896
2.75527
0.0218485
0.0221473
0.0220364
1.57112
3.03521
7.39197
21.9186
0.0222516
0.0220645
0.0219706
0.0855736
0.0221499
0.0217178
0.022267
0.0217541
10.3338
0.0222927
0.0222917
1.34946
0.509674
11.8165
0.02599
0.0291516
0.0344319
0.187866
0.118254
2.18642
1.58082
0.380513
0.021803
1.73976
0.021749
0.0247807
0.0221173
5.57498
0.0215727
0.021817
0.0221058
0.0222664
1.56439
0.0227541
0.022294
0.220478
14.2271
0.0218782
0.021771
0.0729039
0.0217112
0.0221344
0.0218274
0.0219063
0.0365038
0.147162
0.0281417
0.261009
12.3567
0.0246003
3.30959
0.129722
0.0285153
2.4412
0.021678
2.35407
5.07443
25.6139
9.45353
1.43983
5.54231
0.0355407
0.0219223
0.0232621
0.0218646
1.58233
0.0219292
1.40937
3.05499
0.0221805
6.03162
0.0738924
0.0217478
24.5252
0.122911
0.0214755
12.7105
0.0225924
0.031913
10.232
0.0239022
0.17452
17.6445
0.0216046
1.47986
0.574735
0.0220783
13.0341
0.0217191
0.0481632
0.0220191
0.021887
1.57719
0.0218097
0.0219461
1.28578
16.8715
0.628696
0.0219298
2.16453
1.53787
0.126606
1.60081
0.0217133
0.021849
1.29639
0.0217656
0.0217491
0.0222105
0.0221666
1.4211
21.2673
0.0439927
0.0216545
0.0275368
0.021968
13.8224
0.0221631
0.0246063
2.62046
11.6975
12.0682
5.43573
0.253836
0.0219152
11.3735
0.0218485
13.3625
2.1387
0.11488
0.0223261
0.0220771
0.332821
0.0218387
2.41489
0.0217841
0.0215496
0.0216072
7.03226
1.67034
0.0218403
0.0214197
0.168367
13.0303
11.1242
14.3462
0.0219036
8.46752
0.0255242
0.0220768
0.0310367
10.6398
0.0219319
0.0225784
0.0219296
10.8654
2.28339
0.0219855
0.0220774
6.40835
0.0761611
3.93608
9.1124
0.265315
0.307766
0.0583901
0.0219198
13.6541
0.0218167
10.4556
0.0221198
0.789721
0.0218547
0.048164
0.209289
0.251285
12.5328
0.021905
0.0916815
0.0249318
0.0219567
0.050161
0.0219268
0.0397182
0.0221343
0.0218831
0.0219979
0.0494465
0.0262202
0.0214402
0.0220271
0.0217267
0.0975
0.0221285
0.0560586
0.0217047
0.0225288
1.29448
0.0231991
0.0600646
0.0917215
0.0217578
0.0218208
37.3509
0.0914463
0.0216746
5.42282
0.02166
0.021936
6.01075
0.0214152
0.0222004
0.0400678
0.0223667
0.160574
0.3146
0.742513
0.0904773
0.0221423
14.7159
0.0222944
0.0222685
0.135406
0.0244481
29.4236
0.0219048
0.0215579
0.022129
18.2589
20.1699
0.021813
0.0285369
0.0222486
0.058945
0.0217049
0.0219011
7.33979
0.0222503
0.0218475
2.05541
0.0223634
2.04653
0.0219393
2.3179
0.0219486
2.78524
0.102097
0.0220844
0.0219591
0.0222507
0.0224074
5.90058
0.035997
0.0532754
4.42475
9.3601
0.021914
0.02244
5.44358
0.0945694
0.0223907
0.0220899
0.0219438
0.0548997
0.0377331
0.084041
0.0278502
0.0216833
0.0219761
10.3612
0.0221369
0.0218586
0.0242062
0.0297606
0.0219972
0.0218919
0.0242094
0.0409509
0.0216751
5.40088
0.0217527
0.217141
0.0214189
3.23231
0.0216203
0.0236237
1.27905
4.05184
10.2818
0.743194
3.11315
0.0219479
6.93513
0.021711
0.0216794
0.0381695
2.71148
7.13839
0.0216014
1.60629
13.6831
1.4505
0.0222639
0.0217789
0.0217328
0.0222599
2.54412
0.113977
0.0706761
0.276167
0.0222671
0.021435
0.0216573
0.0218168
0.169083
8.56546
0.0220824
20.7813
0.0985757
0.210223
0.0588739
6.99661
1.84049
0.0217432
0.0219934
18.1752
16.6338
2.56112
0.0221794
0.182935
9.89397
0.0215486
0.0221921
16.6252
0.0216718
0.131063
0.100828
0.0227775
10.2344
0.0219347
0.0741722
12.7105
0.0275424
3.40628
0.0219353
2.74888
7.64742
0.0218797
16.3863
0.021701
0.0272476
0.0219095
4.51601
2.61796
0.0282904
0.021533
16.0206
0.0222875
0.0214688
0.0218861
0.0282411
2.38482
0.0215004
0.0231489
0.0217683
5.8067
5.44949
0.0230248
0.126837
0.586046
0.128651
0.123344
0.0221921
0.0439297
0.0282467
22.0147
0.0242214
0.0239109
15.1066
0.0328111
0.126488
0.0270035
0.0220412
0.426516
0.0219727
0.0219871
0.0217605
1.49833
0.0219383
5.03708
0.0221267
1.29945
0.0219749
0.0325982
3.42845
4.1502
0.0217122
0.0222619
0.0220348
4.45724
0.021658
1.6743
0.185515
0.886867
0.021953
0.0215108
5.17884
0.0940161
21.8454
0.0313963
19.9609
0.0306681
0.0220359
0.021949
0.0731456
1.30931
0.0219062
0.030679
0.0219099
0.327227
0.0218392
0.0996322
3.54636
0.0217184
0.0214586
0.0683526
0.0217845
0.352643
19.6937
0.0222244
0.28161
0.206122
0.0457463
0.0215943
0.0218086
0.0409655
0.0399373
0.0263588
0.0504429
0.230432
0.0219951
0.0282083
0.0483717
0.0217897
0.551273
0.0226552
3.96647
15.4842
0.0221066
0.0226892
1.87238
15.4727
6.43179
4.22334
0.0217444
1.68158
0.591053
0.0216796
0.027407
0.0218154
0.0219806
0.0216516
0.0220022
0.0224291
0.0438655
0.021586
0.0228442
0.0288279
3.56213
0.0222186
4.75608
1.68988
0.021643
0.02209
0.0220643
0.0220954
5.13259
0.59487
0.0220879
0.0218508
0.0219587
0.0222693
0.0219661
0.0248476
0.0217441
0.340394
0.544441
7.87903
0.0284025
0.0221353
0.027455
0.0244647
0.0220032
0.127247
0.0222458
9.43112
0.0306943
0.173126
0.0222876
0.0220265
8.18546
0.0219196
0.0467303
0.0220591
0.13796
0.0840154
0.0926887
0.0221735
0.024553
0.657985
0.0218343
0.0222151
0.0238446
0.022075
0.0217399
3.10994
0.608067
0.0217531
0.0218125
2.05529
0.130564
0.0218688
0.0219858
0.0566403
0.0225614
0.0270054
0.285397
0.578965
0.0231518
0.0545538
1.92636
0.0219322
0.0221936
0.0219517
0.0217399
0.0218312
2.23248
6.64994
4.07453
0.0247139
0.0398492
0.0219054
0.0222596
0.0262184
0.589513
0.0525909
0.0271497
0.051227
0.0682597
9.28576
0.0219971
0.636604
0.0430145
0.400813
0.0372047
0.0217554
0.351314
7.86944
0.0351478
8.92714
1.01302
0.0217186
0.0495679
1.30597
0.0215652
0.0222328
7.21968
7.39077
0.0214853
0.0218423
0.12357
0.0215918
5.32987
0.0216654
0.0218337
0.0220973
1.34319
0.0295407
0.0781211
0.803701
0.0836227
0.0296881
6.22453
0.0216729
0.0216624
0.0218933
0.13703
0.723241
0.050348
0.0247305
0.0218331
0.0218415
9.73716
0.0219297
0.0220041
28.6994
16.2732
0.418046
0.022007
2.62173
0.0219117
0.0220462
0.293775
0.487528
0.021962
0.890379
0.0219225
0.0227761
0.0267735
0.0237835
0.0218556
0.0216034
7.20636
5.84998
0.021727
0.0216554
0.134942
0.0308042
0.0220155
0.0269649
0.0222985
0.0218129
0.04051
0.0216708
0.0222486
5.85856
7.12863
0.0263999
0.0219525
6.95341
0.021404
0.0217308
5.68353
0.0220218
6.75461
0.156048
0.0268295
0.807079
0.0219178
0.02184
0.0219068
0.0218103
0.1762
0.0280191
0.0219318
0.0219059
5.82865
1.33114
0.0217572
2.76071
6.44037
0.0219713
15.914
6.13327
0.0266122
0.0220123
17.116
0.0220209
0.0218349
0.0218632
0.0218252
0.022067
0.0878788
0.0722495
5.64164
0.0221553
5.55421
0.323776
5.63309
0.0220107
0.272086
0.0217307
0.0278383
12.9869
0.0219318
0.0773322
6.58749
0.0258273
0.0395274
0.111384
0.0214677
0.021804
0.0464926
0.021999
6.5941
0.534522
0.0220721
0.0219436
0.028153
0.0221484
0.0418933
0.0221264
0.25803
0.0218811
0.0218197
0.0637171
0.0320908
9.91202
0.0942014
0.0230639
2.94405
0.0786849
0.178108
0.0222136
0.991721
0.485242
0.0221103
1.74158
24.3972
0.0217504
0.0222945
0.118647
0.0822969
0.0218214
0.0432615
0.776906
0.0214758
0.0220658
0.0438933
0.0222185
0.0576858
0.022055
4.51319
1.1514
0.0426148
0.974378
0.0215181
0.573772
8.6624
1.16499
0.0320635
0.0217539
0.0227596
0.100957
0.0220841
0.0216466
0.0222491
0.139033
0.0219153
0.0216852
0.0222665
0.0214764
0.0227616
7.46333
0.298873
0.0221996
0.0218134
0.0218316
0.0220215
0.148849
0.238769
0.736609
0.0737068
5.82324
0.0220122
12.9076
0.663139
0.0273341
0.0219894
0.0391562
0.0220206
0.0219159
0.0214853
0.0719144
3.41739
0.0218517
0.131213
0.095467
0.033067
0.0221472
9.03482
0.0221594
0.0241671
0.113049
0.289937
0.0223226
0.0220757
0.0216233
0.0235525
2.47447
0.0224048
5.24061
0.0220559
0.0218983
1.2686
0.0227476
0.0219504
0.022236
8.03385
0.0222173
0.0919044
0.0308928
10.754
0.0930238
2.96029
0.0218819
0.0225925
0.0217046
0.0218152
0.0277797
0.0220973
0.021929
5.9331
0.0222856
0.0223138
10.2822
3.24079
0.0218609
0.0612026
0.0217227
0.0214757
0.0232218
0.0216556
0.409006
8.82447
0.0214494
0.0221619
0.0730235
3.60692
0.0220214
0.0531127
15.9923
0.022072
27.1324
0.0227576
1.55453
0.0222232
0.96735
5.79044
0.0218048
1.58573
0.0237252
0.0216561
0.0219585
1.3112
3.42536
0.0640518
0.0221722
6.43032
0.021995
0.0227025
0.0219397
10.8934
0.0756606
0.0439053
4.90822
0.0218232
1.48438
16.6093
12.5211
6.37381
0.036117
0.0339388
6.93419
0.0219859
0.0227544
0.0757153
1.32033
0.021459
0.0222854
0.0219
0.0219559
0.0219836
0.030664
0.315811
0.0218594
28.048
0.0219065
0.0231285
0.0220349
0.0463188
1.47578
0.0221655
0.0217307
0.0530517
16.4314
1.27135
7.76291
0.621284
0.0218801
0.0218624
0.0215013
0.372445
0.0225708
0.0220136
20.0507
0.0220051
0.0900547
11.7239
0.02196
5.60526
3.27372
0.899316
0.0447586
0.123632
14.1965
0.274831
0.0219209
0.0216588
0.0337795
0.0223272
0.0440507
30.679
11.2703
0.0280319
5.76078
1.03394
7.76024
0.0214518
0.02218
0.0219468
0.021712
0.0220085
1.65237
1.2902
0.0219998
3.42109
0.021995
0.0219245
0.311254
0.0217861
0.674321
1.47753
4.53957
0.0217418
0.0218766
0.022247
0.0222439
12.6853
0.0219684
0.0264402
0.0222234
0.110664
0.024212
0.022147
0.0219432
4.77683
0.0216673
0.537576
0.021879
3.61611
0.0220265
0.0219537
0.0229083
0.274046
0.0216916
0.0220535
4.99109
0.0219242
0.0391052
0.209474
0.394063
0.0363601
0.0217652
0.0219283
0.853147
0.0286557
0.0217001
0.079361
0.105268
2.10722
0.0219667
0.0220108
0.0219365
0.0217569
0.0220392
0.0224581
0.632497
0.0228635
15.2589
1.43071
0.0405975
0.0227508
0.0218731
0.344633
5.4745
0.0217271
0.022009
0.0718908
0.0222747
0.0230033
8.0825
1.98344
0.0218872
0.686636
0.0225906
8.67065
0.0217034
0.022017
0.0218969
3.68691
0.0216423
0.021908
1.72026
0.0218596
0.0329833
0.0679764
0.0219109
18.5546
0.0274451
2.69571
1.50152
0.021948
0.0222536
2.06279
0.0218545
0.0221194
0.0219725
0.0291107
0.0220719
16.0643
10.5419
1.78713
1.73927
0.0217059
0.489483
0.0218699
1.33043
0.0265757
0.0274049
0.0220116
6.21098
0.0220579
0.0226033
6.76758
0.0217397
0.0367027
0.0355485
0.0222792
12.4212
0.0217435
3.83741
0.0278731
0.0219783
0.0218606
0.0214676
1.32543
0.0217529
1.47929
0.0222668
0.0242533
0.0238994
0.0259197
9.3099
0.0220909
0.0241209
0.175202
0.0518992
0.155128
0.0220679
0.0218722
13.5729
0.0214496
8.14525
0.0285351
0.0218634
0.0219012
12.7897
0.27694
0.022177
11.9657
0.0218371
0.0230223
0.0218317
0.0486508
0.0233409
0.046427
8.62208
0.0218915
0.0217238
0.0219332
6.92042
0.0218848
0.0223585
1.34851
0.021875
0.124588
0.0220112
0.0270232
0.0220408
0.022217
0.0223004
0.158066
0.0300038
0.021807
0.13429
0.0221036
3.85398
0.0219663
0.15128
0.0219486
0.0219189
0.0219357
40.0971
0.0262039
0.022357
0.322531
0.022217
0.0276423
0.0227986
0.0243982
0.022273
0.021896
0.0222242
5.76258
0.0219751
0.0218339
1.2957
0.0220031
0.0217714
0.0219813
1.40803
0.0222055
0.0502616
0.0280749
0.334795
0.0222111
0.0434665
0.0217332
0.0222966
0.0279956
10.8715
0.0222928
0.0216909
0.0219265
0.126773
0.443598
0.0225554
0.0218638
0.0219281
5.00618
0.0216255
0.0351674
0.041492
7.36759
0.0222948
0.0216859
1.09649
0.022382
0.0475409
0.0291553
0.0214605
0.0396635
0.0219796
0.0282949
0.0215186
0.0217607
0.0219349
9.00626
0.0220102
0.222317
0.0216908
10.2106
3.82533
0.152883
0.0220078
5.24984
0.410458
0.0287882
0.0220008
0.0282957
18.2123
0.0221046
3.50928
0.022256
0.112574
0.0250817
0.022215
0.139884
3.68412
0.0218362
0.0238918
0.0219219
0.0335473
0.0218604
0.0217244
0.0220368
3.83794
13.009
0.0222912
0.0219358
0.0219652
1.87591
0.0219323
0.131986
0.0220149
1.59826
6.36188
2.0769
0.0423535
0.022252
0.0220894
7.81741
0.0219697
0.0370583
0.0222662
0.0348839
20.1356
2.61319
0.0222869
0.0216663
0.0307758
9.42403
0.0551863
0.0218124
4.67914
22.8617
0.0216175
0.409804
0.0215157
0.0442468
0.0219299
0.0224345
0.0222856
0.0348998
0.0219808
0.0215063
5.98118
0.0242401
0.0225354
1.4198
3.43326
0.0220277
5.4718
0.0220993
7.53095
0.0237789
0.0215231
0.0215896
0.0220139
0.0252857
0.392718
0.222362
0.0220046
0.0226423
9.4113
0.0220378
0.0216293
0.0218623
0.0219881
0.248656
0.0219314
0.0216246
0.0216428
5.51841
0.0222667
0.0219274
0.0216585
3.09036
0.0221629
0.60385
12.8529
0.0219078
9.75453
36.0283
0.0221653
0.0480951
0.103492
0.0215835
0.0217005
0.0228333
0.0220125
0.514215
0.0267977
0.0221482
0.021653
0.0218887
0.0220272
0.0218803
0.0222294
5.64775
0.0216636
0.0218681
0.0252766
0.0219251
1.34603
0.0218784
0.0220521
0.0221159
0.0221432
3.18139
4.60229
1.8942
1.77883
0.0222741
11.6995
0.0218633
0.02162
0.220738
4.51734
0.0222142
0.0219819
0.0838163
0.103958
5.42921
9.91901
0.0432458
1.73463
0.0227796
6.08491
0.0219026
0.024794
0.0218705
3.77215
0.0219524
14.7254
0.0222536
0.0242089
0.0221464
0.0225151
0.458166
0.02162
0.0214893
2.22648
0.0554699
0.0222464
0.0216509
0.0216168
0.0226246
0.0222552
0.0222445
0.0218765
18.3368
0.0218166
0.0225102
0.0222554
0.021615
0.0216935
0.0376579
0.0222971
0.0381551
0.0221643
7.48187
0.0217274
0.0787126
0.0584147
0.0218101
0.863659
0.0214769
1.49665
0.0220415
0.0220175
0.0219173
0.021596
0.0902457
0.021872
0.0223349
0.0215881
1.64522
0.140303
0.0220227
0.0222712
0.914015
1.76334
33.2169
0.353619
5.01633
0.0218596
0.0218768
0.0307901
0.0220904
19.3405
0.0222585
0.0980501
0.0219092
0.0222474
0.0282758
0.0215404
0.0222506
0.041935
0.359629
0.021668
0.0215837
0.0222091
0.021983
0.0219833
0.0216726
0.0219436
0.021868
0.0295177
0.0440461
6.24029
1.80271
33.8208
0.0215932
1.3314
0.0219046
0.116326
0.971366
0.0220309
1.7584
0.0218807
1.78271
5.68345
0.0654283
0.0219943
20.6068
0.0241433
0.166761
0.0226121
0.0296407
8.96893
2.19761
0.302767
0.0244312
22.1922
0.21333
34.0016
0.0268378
18.9079
39.8279
12.9357
0.0216578
0.0222741
1.49351
0.0214856
0.0219492
0.40421
0.0219874
0.0220947
0.0375098
9.24058
1.5361
6.78345
0.0218847
0.0218351
0.0222075
11.9038
2.3902
0.257193
0.0258149
7.71544
0.0218899
0.0282864
1.96817
0.0244086
0.272991
0.0224658
0.0222342
1.4478
0.02181
0.949818
0.0219547
0.0225508
0.0434725
0.0217943
0.0237076
0.0710282
0.0222668
10.7984
0.0218774
0.0214797
6.5269
0.0223794
0.0219102
2.24293
0.0728543
8.53176
1.77956
13.0447
0.022306
0.0979664
6.44368
0.0874487
0.0266957
0.0223066
6.10348
0.0217691
0.0220539
0.148316
0.0885224
0.0410811
0.0222337
0.0222312
0.0218245
1.48055
0.0498254
3.07713
0.0222713
15.0124
0.0218748
0.042737
0.0241
0.0217404
0.168776
0.450588
0.0328415
0.129741
9.47103
0.0222725
0.0238372
0.0267265
0.031294
0.02241
0.0270841
0.0270694
0.104136
0.0215558
7.99636
7.06472
0.0224036
2.56771
0.999889
2.8261
0.022271
0.021617
1.31298
0.0219415
4.2102
0.0222309
0.0222726
2.79187
0.023794
0.021931
30.7056
0.0254664
0.0681565
0.021912
4.71999
0.0499087
0.090535
0.0310825
0.0225531
0.118198
0.0223899
34.9211
0.0255635
0.278811
0.651926
4.09254
0.161819
4.98008
0.0239409
0.07047
0.0371331
0.73129
15.4047
0.021823
0.36765
0.0220443
0.0218895
3.88438
0.0694387
0.0216388
0.0651984
1.80053
5.05598
0.389401
4.02904
0.0750744
0.0222638
0.0242652
0.0217062
6.17861
0.0219763
2.01771
0.586022
0.0235745
1.71048
5.85049
0.0216685
4.09338
7.30457
2.81867
0.0219712
0.0219221
0.0222934
0.0390416
0.0222731
2.0394
5.26531
0.0426476
1.97928
0.0225054
3.44928
1.45215
1.32205
0.022016
0.292498
0.0252506
0.0845411
0.0311169
0.213249
0.0393653
7.92832
0.0222483
0.0218597
0.0216397
0.367619
3.98274
0.021928
5.72273
0.0631268
0.0769527
0.0218724
0.111449
0.0221597
3.35235
1.62843
1.29605
0.112287
6.13323
0.0638337
1.68419
0.104248
0.0220878
0.519591
0.0218282
0.0426093
0.0219499
5.9533
0.0219257
0.0258107
5.65588
0.0471218
0.0442536
0.0678462
9.8079
9.46222
3.90519
1.29119
0.0390518
0.0219085
0.0219061
0.0420478
9.85881
4.67138
0.0291062
0.0271143
0.102522
0.0407223
0.106017
0.317577
0.103403
0.0505618
0.0624486
0.385344
0.0216174
12.6762
0.0217551
0.0222808
0.151179
0.0283272
6.3214
28.418
0.130316
0.318621
0.530181
0.0218698
1.99724
1.30625
0.0396292
0.0276955
1.3109
0.0396271
0.0462663
1.76756
3.61002
0.0218971
3.28383
4.4322
0.0216993
1.30563
0.0223837
0.0216314
0.0214722
0.0307478
0.565405
1.319
0.500012
0.0472516
0.0450788
0.0415452
1.7296
)
;

boundaryField
{
    frontback
    {
        type            empty;
    }
    topbottom
    {
        type            fixedValue;
        value           uniform 0.0223;
    }
    outlet
    {
        type            zeroGradient;
    }
    inlet
    {
        type            fixedValue;
        value           uniform 0.0223;
    }
    walls
    {
        blending        binomial2;
        n               2;
        beta1           0.075;
        type            omegaWallFunction;
        value           nonuniform List<scalar> 
120
(
15.4676
27.0069
17.461
29.6655
26.6882
25.6319
26.1449
24.1956
26.3111
17.4481
26.1397
26.9843
20.4321
23.2922
28.4657
12.5907
12.9282
19.9191
12.0411
26.035
24.0447
13.9284
22.6403
24.8355
28.929
11.8747
30.082
6.82874
20.8703
8.15471
8.99854
8.41878
7.67107
6.75066
25.8883
26.3181
13.4137
19.004
27.1759
26.5499
25.6774
12.573
24.0478
26.3793
18.1219
26.6905
26.56
21.0755
29.2783
24.843
25.8795
11.7941
28.8994
25.7612
21.946
29.4435
17.2982
12.6845
23.2214
6.22233
6.93304
27.28
15.5596
24.9004
27.9884
8.25881
8.00294
8.18262
27.1751
24.7922
27.3122
21.7367
27.5114
28.317
18.2995
18.2544
25.8058
18.0558
26.4891
7.25825
9.06893
17.624
7.0697
30.4366
30.1922
20.8588
8.14119
33.2846
8.44395
19.2626
27.3775
10.7413
13.1187
8.52676
9.47106
9.86567
23.5072
28.6598
25.8746
25.6139
24.5252
12.7105
16.8715
29.4236
21.8454
28.6994
27.1324
28.048
11.7239
30.679
11.2703
18.3368
33.2169
19.3405
33.8208
20.6068
22.1922
34.0016
39.8279
12.9357
)
;
    }
    procBoundary0to1
    {
        type            processor;
        value           nonuniform List<scalar> 
80
(
2.18965
0.0313379
0.0220531
2.5316
0.021986
0.0245842
3.42808
0.0233844
0.0233844
0.0238688
0.0215871
0.0240462
0.0300113
0.0286207
0.0430487
0.0213982
3.42312
2.95862
2.12085
0.0229934
0.0286207
0.0218747
0.0214138
0.0275096
0.0383579
0.021792
0.0215165
0.0215473
0.146111
0.190029
0.0229934
0.021393
1.98404
0.0214606
0.0220968
0.021493
0.0214301
0.0214301
0.0217233
0.0262676
0.0214513
0.0213929
0.0383579
0.0214408
0.0673195
0.0673195
0.0345241
0.146111
0.0214317
0.0213887
0.0216215
0.0216676
0.0214408
0.0790941
0.119086
0.0227175
2.05122
0.0345241
0.0214753
0.119086
0.057767
0.0253792
0.0497486
0.096107
0.0213868
0.0214215
0.0214138
0.023789
0.0223634
0.096107
0.0214215
0.533207
0.0790941
2.19305
0.361198
0.0451915
2.03924
0.190029
0.0222254
0.0225248
)
;
    }
    procBoundary0to2
    {
        type            processor;
        value           nonuniform List<scalar> 
165
(
6.84555
11.9293
18.974
0.159597
0.02203
5.46699
3.22872
7.12271
7.84908
12.1317
11.9293
0.0281435
0.0294597
0.0219729
0.0219966
18.974
0.0219793
4.3647
1.7098
0.0260917
0.0229766
0.0227791
0.125169
1.65319
7.84079
0.0227791
0.117647
6.8561
2.10627
0.0231912
5.24903
0.0220798
1.80187
1.92705
1.80187
0.0220016
8.76393
0.0219452
0.0732166
0.0732166
7.71735
7.75409
1.80666
0.022111
0.706297
0.3875
0.0219414
1.56392
0.0460012
1.44886
0.706297
0.0220887
1.38812
0.0253174
2.29248
2.26176
2.32256
0.0246424
0.0242597
0.0221206
6.48172
0.3875
1.4614
0.0219803
0.0220502
0.0220588
5.09521
6.697
0.0219566
0.0570306
0.0223511
0.0238046
0.0219333
0.0219495
2.34266
0.0222937
0.0426723
0.0219625
0.022144
0.0226009
0.0219625
0.0222671
0.0513864
0.0639202
0.0219566
0.0278051
0.263539
6.42962
0.0219276
0.0219326
1.91806
0.0220046
1.4614
0.0224758
0.0317776
0.0221783
0.0265329
0.0894712
0.0513864
0.0219355
0.0330959
0.022214
1.42696
2.39286
0.0220776
0.0397236
0.0220394
1.68433
2.53388
2.44462
0.0222662
0.0221545
0.0219267
2.19812
8.31967
7.47524
7.24637
2.37698
1.54859
0.023501
8.02386
0.0369706
0.0397236
2.42308
0.0219256
7.64721
8.11091
7.61862
0.0221853
0.0350351
0.0219259
1.56977
0.0222525
7.10675
0.0294597
7.58599
0.215979
0.0894712
0.0221295
0.0220216
1.38521
0.0221892
2.3601
8.01277
9.39785
5.48468
2.02357
8.90216
6.98635
6.4006
7.35802
16.899
7.79951
5.93491
1.35081
8.91967
2.13602
0.0305244
7.89336
29.6505
0.0222255
1.3455
1.30258
8.21436
8.00484
)
;
    }
}


// ************************************************************************* //
