/*--------------------------------*- C++ -*----------------------------------*\
| =========                 |                                                 |
| \\      /  F ield         | OpenFOAM: The Open Source CFD Toolbox           |
|  \\    /   O peration     | Version:  v2012                                 |
|   \\  /    A nd           | Website:  www.openfoam.com                      |
|    \\/     M anipulation  |                                                 |
\*---------------------------------------------------------------------------*/
FoamFile
{
    version     2.0;
    format      ascii;
    class       volScalarField;
    location    "900";
    object      omega;
}
// * * * * * * * * * * * * * * * * * * * * * * * * * * * * * * * * * * * * * //

dimensions      [0 0 -1 0 0 0 0];


internalField   nonuniform List<scalar> 
9793
(
0.0759092
0.249424
0.0734997
0.0210195
1.48781
0.0229171
0.0220668
0.0208015
0.0216635
1.54782
0.0489561
0.0639013
0.0210716
0.0208872
0.0231902
0.0206847
0.022179
0.0229245
0.782595
0.0208779
0.0604741
0.024002
0.217262
0.0196193
0.0220719
0.0211822
0.0208994
0.0210655
0.0426495
0.0216543
0.0334873
0.197068
0.232155
0.0220159
0.0474014
0.0751306
0.0226939
0.0239666
0.0208957
0.0211514
0.0335221
0.0232197
0.0222676
0.0221863
0.0222862
0.0213908
0.045732
0.271975
0.690893
0.0209899
0.0483646
0.0542431
0.0232618
0.0217468
1.77345
0.0934837
0.0214542
0.0789952
0.374308
0.0208773
0.0218644
0.023332
0.623272
0.0219652
1.64704
0.253374
0.592924
0.724628
0.0495121
0.048819
1.8748
0.020894
0.0211497
0.247116
0.0538755
0.316749
0.0214504
0.0206612
0.0218672
0.0212211
0.258135
0.021861
0.248591
0.216226
0.0300548
0.276992
0.0215145
0.0214488
0.022731
0.0221562
0.250271
1.94569
0.0205398
0.2447
0.023013
0.189289
0.0873132
0.24896
0.0204803
0.020293
0.0202724
0.0217652
0.0204963
0.0204706
0.020559
0.0294954
0.0225543
0.0219418
0.0229092
0.229524
0.02108
0.0603641
0.0214286
0.102751
0.0539607
0.0214601
0.286971
0.0519891
0.0222536
0.239532
0.228222
0.0225787
0.0213573
0.0232172
0.0222073
0.0602972
0.0346563
0.278141
0.0227267
0.0211736
0.0214946
0.021459
0.0211746
0.0219784
0.0216121
0.0214497
0.0223348
0.0219977
0.0214198
0.0199993
0.0213449
0.0219475
0.0212369
0.0203054
0.0211735
0.0218219
0.240095
0.0203155
0.0204746
1.99168
1.58376
0.021476
1.6091
1.63059
0.0204375
0.0220377
0.0207784
0.0218447
0.0202826
0.0211824
0.0208031
0.0210622
0.0203998
0.281515
0.24857
0.0653968
0.272441
0.027599
0.0207262
0.0212541
0.0212339
0.347244
0.249335
0.286495
0.0221059
0.433418
0.0214589
0.0196053
0.0211957
0.0279554
3.21531
0.0226146
0.0203038
0.0219635
0.154501
0.0211331
0.10028
0.0211886
0.0213322
0.0204097
0.0221139
0.0213378
0.7137
0.0619554
0.731598
0.0275995
0.367167
0.0211279
1.60556
0.0200802
0.0216052
0.134975
0.0958876
0.0211797
0.0214632
0.0202943
0.0698412
0.0203223
0.0273719
0.0230008
0.0318252
0.670077
0.719004
0.0217867
0.714651
0.0206658
0.021414
0.14049
0.0202456
0.841883
0.0685927
0.0213935
0.0222167
0.0213398
0.255721
0.167646
0.0229636
0.0204253
0.0668249
0.0429319
0.0196598
0.0196162
0.0226716
0.0202454
0.039214
0.835445
0.0214006
0.0211439
0.083963
0.0215085
0.0271042
0.020811
0.0210991
0.242173
0.0211024
0.0204575
0.0207861
0.0218271
0.0205
0.0218517
0.0219398
0.0248806
0.0513971
0.0369399
0.0210465
0.0248447
0.0212078
0.0252419
0.0229523
0.0202808
0.217994
0.0211207
0.0512493
0.0217094
0.02808
0.0198622
0.0198094
0.0317876
0.122561
0.0222433
0.0203006
0.0200836
0.0286382
0.0214149
0.251183
0.251008
0.0211836
0.0658941
0.021379
0.0368869
0.0217421
0.0197005
0.0224
0.0210163
0.0346071
0.021389
0.0219287
0.0267293
0.0211408
0.0214544
0.021409
0.26523
0.0224008
0.0228229
0.0215626
0.0219546
0.0224668
0.0273569
0.0212536
0.505281
0.0204538
0.491727
0.33098
0.0223918
0.0221752
0.0203099
0.0294918
0.0257859
0.021645
0.491133
0.0217811
0.0202942
0.0260091
0.0221087
0.0216554
0.0217143
0.265278
0.0211363
0.0275537
0.0230708
0.0210314
0.248279
0.601897
0.241044
0.0200343
3.26222
0.022646
0.46264
0.0621529
0.0201855
0.0234081
0.0624432
0.0215542
0.0254529
0.0569734
0.0207572
0.0221332
0.0215747
0.0211616
0.0211378
0.140115
0.0211896
0.0210125
0.42493
0.0215472
0.0206604
0.0200173
0.0229691
0.0207744
0.471134
0.0223298
0.0214195
0.0218374
0.0217356
0.423139
0.0217072
0.033558
0.0196195
0.0355757
2.15786
0.105494
0.0371943
0.0228409
0.0226142
0.836362
0.0219056
0.229755
0.0215313
0.0203034
0.34764
0.025209
1.08158
0.0214235
0.0414622
0.0772304
0.023141
0.0211104
0.244283
0.0260257
0.244168
0.0248837
0.0216616
0.241327
0.0212834
0.0228666
0.021946
0.0214361
0.020919
0.0217059
0.0243568
0.426408
0.0219457
2.0184
0.314376
0.723891
0.0430743
0.21623
0.0210642
0.0215721
2.0253
0.310276
0.0208615
0.022022
0.144002
0.0200754
0.101583
0.0211659
0.0243976
0.0200519
0.033624
0.0211812
0.0265673
0.0658891
0.0203411
0.165061
0.0252678
0.0224755
0.0253488
0.0213487
0.0223414
0.0218358
0.0885505
0.0213529
0.0216901
0.056489
0.021628
0.0229064
0.0226519
0.0203268
0.0288325
0.0211997
0.0217014
0.0199864
0.0638343
0.0214725
0.0921448
0.0212888
0.710384
0.0231931
0.0213984
0.0225933
0.0219494
0.24571
0.0210983
2.19321
0.0205074
0.0212496
0.0228556
0.133939
0.0359957
2.21466
0.691235
0.0232544
0.0212733
0.0377283
0.0287206
0.0327774
0.248934
0.43917
0.0216667
0.0237136
0.0418282
0.0213672
0.0221466
0.0213432
0.0204886
0.0222497
0.107147
0.0267124
0.147785
0.0205221
0.0299821
0.0195848
0.0218403
0.0216831
0.0218891
0.0379106
0.0213907
0.0230683
0.0200585
0.0214377
0.0233671
0.235605
0.0212641
0.0212704
0.296456
0.0240856
0.0223368
0.541462
0.715832
0.0216995
0.0220963
0.0230693
0.0234075
0.0217275
0.0225482
0.0221977
0.0212194
0.0212324
0.021063
0.211977
0.0566597
0.0207881
0.199262
0.0360135
0.0203781
0.0224438
0.0219343
0.057162
0.0217293
0.208191
0.0202265
0.0211099
0.0472048
0.0213199
0.0321855
0.367793
0.0284473
0.0203601
2.01114
0.0238707
0.0205641
0.0212628
0.0459029
0.0209581
0.0205502
0.0212761
0.0209489
0.248023
0.0390428
0.0349803
0.0226611
0.0212205
0.0210768
0.0215698
0.0209971
0.0212923
0.0522137
0.107817
0.0201082
0.0231535
2.08833
0.0214023
0.241716
0.0347972
0.0208725
0.0520529
0.153352
0.0214083
0.139917
0.0197211
0.0976334
0.0263021
0.36823
0.0211261
0.0210802
0.0221824
0.253849
0.0227287
0.482204
0.254289
1.75596
0.0329648
0.406245
0.032724
0.0232191
0.0294939
0.0228924
0.202882
0.0217025
0.693765
0.0199498
0.268686
0.0222225
0.0221759
0.021053
0.133369
0.0200068
0.020884
0.0227103
0.0234121
0.0272833
0.0211627
0.0212796
0.0213727
0.0213442
1.06457
0.0209861
0.433703
0.111647
0.0209983
0.0220368
0.0307597
0.022025
0.0213348
0.0220087
0.0231848
0.0262798
0.0224929
0.0234118
0.0205067
0.0221785
0.0225865
0.0254679
0.0220114
0.0231541
0.714832
0.0213861
0.098654
0.0254618
0.0221843
0.0212913
0.0207311
0.0227512
0.02319
0.0210908
0.0213579
0.0195555
0.0211045
0.0213339
0.0211805
0.0244354
0.0198826
0.0221781
0.0222204
0.021662
0.0241107
0.0225687
0.0304219
0.0225713
0.0210313
0.0213018
0.0205428
0.0200287
0.0211178
0.0200753
0.0209946
0.0213972
0.0199905
0.0346538
0.0211657
0.0224573
0.0213746
0.694616
0.0210427
0.0200421
0.0478435
0.0196955
0.021633
0.138294
0.0220945
0.0225957
0.0215834
0.0799784
0.0207433
0.0445225
1.6691
0.397915
0.316347
0.0215625
0.021387
0.433847
0.0225905
0.0200078
0.221155
0.694943
2.11752
0.0213132
0.0496432
0.0213893
0.0213667
0.116547
0.0211953
0.0455204
0.0237278
0.0560286
0.0210169
0.0244315
0.0224712
0.138564
0.88307
0.0212035
0.0223519
0.0265747
0.0209829
0.023221
0.0450493
3.05522
0.0210983
0.250363
0.0226122
0.39554
0.223437
0.27916
0.296935
0.0213098
0.0280102
0.529734
0.0210436
0.0211674
0.022403
0.0222634
0.0199824
0.08489
0.0199736
0.434807
0.0233212
0.286687
0.0486936
0.0215958
1.8623
0.0910808
0.0221334
0.319706
0.0274127
0.0611451
0.0199964
0.0196848
0.194567
0.0213879
0.84893
0.0209898
0.305702
0.0205448
0.259185
0.19971
0.0212944
2.1013
0.0214281
0.0227915
0.0343106
0.13041
0.131249
0.020108
0.0205687
0.0200694
0.385253
0.254472
0.0229165
0.0247388
0.259444
0.020033
0.021002
0.0221407
0.0468716
0.0252136
0.0214762
0.0209913
0.0208394
0.300154
2.11632
0.195797
0.0205503
0.0209376
0.691686
0.0211805
0.302187
0.0417161
0.433876
0.23105
0.30058
0.0208941
0.0215996
0.0239681
0.0224898
0.0257462
0.0212257
0.0494133
0.427127
0.0204882
0.0693901
0.0208269
0.0561092
0.0217752
0.232807
0.0256238
0.0229596
0.0211154
0.02237
0.143707
0.418971
0.525765
0.0214854
0.0348881
0.0215626
0.0233535
0.0248292
3.23716
0.0245826
0.061181
0.0208801
0.0268745
0.0211763
0.0199096
0.0220419
0.0209658
1.80271
0.0211548
0.0235382
0.0226325
0.0219269
0.0199664
0.0540582
0.0216943
0.0223155
0.0209119
0.0210131
0.319089
0.0210549
0.0565904
0.0205105
0.234201
0.020978
0.0425857
0.0212093
0.0306284
0.0217569
0.021429
0.0208953
0.319043
0.316549
0.058341
2.64003
0.672781
0.0213683
0.0238572
0.253666
0.0200487
0.198414
0.204596
0.0534446
0.268358
0.0233237
0.322922
0.0239062
0.182146
0.251332
0.02327
0.0217494
0.322452
0.76763
0.024313
0.0244597
0.0212101
0.0225263
0.0317306
0.0211001
0.0200068
0.0225514
0.256801
0.0343089
0.0232648
0.390711
0.0209137
0.0201003
0.266139
0.0897105
0.0323123
0.0220704
0.171124
0.0205744
0.0200285
0.301801
0.0199744
0.0231161
0.3243
0.323428
0.0214552
0.0671071
2.3442
0.054939
0.419873
3.16637
0.0225218
0.746686
0.0219164
0.0208677
0.0213963
0.0217409
0.0217392
2.36462
0.022615
0.298752
0.0211696
0.0415591
0.0221128
0.0322545
0.0246759
0.0215444
0.0416473
0.0208336
0.0200463
0.0761899
0.024491
0.0299703
0.0216164
0.020143
0.315439
0.105823
0.0204881
0.0195776
0.0195593
0.0209142
0.0226679
0.908848
0.0753455
0.418037
0.0336807
0.207997
0.0215725
0.0290783
0.0254345
0.0243841
0.288304
0.0211284
0.021032
0.0657613
0.0350025
2.98882
0.021078
0.402984
0.263765
0.0244241
0.0358931
0.0236942
1.17513
0.0215688
0.0252448
0.286725
0.0231502
0.0210914
0.183389
0.0218298
0.0205189
0.0210077
2.6825
0.021913
0.0254333
0.0495187
0.0351074
0.0261595
0.0348668
0.192351
0.269517
0.232503
0.0200745
0.0216237
0.0223671
0.0247289
0.0213874
0.669824
0.292628
0.0237105
0.0479463
0.24952
0.344078
0.0216639
0.301123
0.0212686
0.324443
0.058185
0.0206389
0.148498
0.437611
0.0208682
0.0215441
0.0214439
2.96047
0.0574481
0.0283661
0.0453279
0.194273
0.0907804
2.87374
0.270457
0.0213773
0.021401
2.27297
0.429172
0.021105
0.0213327
0.0201109
0.022015
0.0216976
0.0249889
0.0850358
0.021319
0.0240011
0.596512
0.0218351
0.0217586
0.0254616
0.68089
0.0216294
0.0236398
0.277463
0.0221289
0.0201372
0.0222393
0.0209339
0.0230624
0.206653
0.277257
0.0218241
0.285033
0.0254577
0.210929
0.0213656
0.0226934
0.0228387
0.0219224
0.310334
0.0217703
0.0223508
0.0283739
0.0222313
0.0223702
0.0252776
0.0212363
0.093131
0.0215891
0.0210552
0.419436
0.0211042
0.726497
0.0268175
0.020989
0.0628353
0.0232087
0.0306916
0.0579592
0.0202458
0.0501487
0.0209945
0.0213909
0.17124
0.46358
0.0202666
0.0215642
0.0207057
0.0218056
0.0634035
0.0226692
0.0215787
0.0221842
0.0223503
0.0223088
0.0213272
0.0203415
0.0209703
0.0211951
0.382542
0.0249987
0.0200559
0.0359076
0.0223298
0.433813
0.229261
0.0305044
0.0215399
0.0212575
0.058607
0.024088
0.0214518
0.0218293
0.246024
0.284451
0.0213761
0.0198368
0.0536966
0.0511529
0.0196701
0.208962
0.0382306
0.0215146
0.0221633
0.0278384
0.0217394
0.0299753
0.310538
0.022012
0.0568522
0.0299221
0.176254
0.0198362
0.021379
0.0198609
0.0198406
0.273995
0.0210998
0.0555454
0.0454531
0.019849
0.022244
0.0312502
0.0217572
0.0217957
0.0213909
0.0226616
0.470342
0.0198538
0.0215598
0.197935
0.0223865
0.0217281
0.0229132
0.0211186
0.0217582
0.0212099
0.0215391
0.0216547
0.0218379
0.182003
0.589478
0.0198512
0.0214407
0.0198511
0.0704809
0.0210231
0.0254941
0.0213148
0.0202168
0.028777
0.0204614
0.0284997
0.0214284
0.0204776
0.274416
0.413216
0.0217699
0.0216274
0.0209687
0.415348
0.0710734
0.0213925
0.221838
0.722742
0.0220025
0.133837
0.265423
0.0249432
0.211508
0.0393157
0.0477311
0.021217
0.0300485
0.0933677
0.0204302
0.277417
2.66708
0.0213932
2.65432
2.62543
0.0239553
0.23296
0.019842
0.0274006
0.0457972
0.021255
0.314638
0.0198454
0.0373394
0.0657747
0.0198379
0.482049
0.0219986
0.0219676
0.0317029
0.0240227
2.80559
2.11769
0.0201794
0.0247923
2.66504
0.0207368
0.0247064
0.0208423
0.230273
0.695824
0.0217974
0.0216564
0.0248335
2.95949
2.37274
0.0280726
0.0198527
0.0209204
2.12722
0.0372255
0.412542
0.023613
0.0236784
0.0259467
0.0201152
0.0223995
0.0244822
0.0237649
0.020944
0.0243227
0.33184
0.0608277
0.0209816
0.784276
0.0250232
0.06032
3.00082
0.0426419
0.711235
0.0442075
0.0198572
0.09974
0.108715
0.433348
0.286017
0.0212957
0.120386
0.311113
0.0438775
0.026689
0.268089
0.271399
0.0210926
0.025401
0.0245718
0.0212348
0.0567849
0.0213051
0.0221629
0.0206424
0.0198705
0.0219087
0.021398
0.0233415
0.0252851
0.428848
0.0245517
0.316276
0.0208561
0.0259773
0.0216583
2.11779
0.471739
0.0212064
0.0459909
0.0217676
0.0202367
0.0213016
0.0201977
0.0210874
0.0640102
0.0217273
0.260036
0.0215111
0.0209574
0.355411
0.0225138
0.0219806
0.0211421
0.0213015
0.0350436
0.0564507
0.376533
1.33888
0.684429
0.0216009
0.0218878
0.02178
0.0244123
0.0395295
0.06452
1.99591
0.0209932
0.0439782
0.0224976
0.255178
2.56035
0.0246874
2.54973
1.80718
0.0227225
0.0420369
0.0209639
0.0408844
0.0230275
0.0749758
0.0399267
0.0198612
2.53036
0.278151
0.021805
0.023089
0.0221479
2.11526
0.0216733
0.021903
0.437943
0.0208361
0.142167
0.0269879
0.024017
0.0224223
0.0220186
0.580671
0.0211634
0.382748
0.024532
0.0213331
0.0207487
0.0522114
0.0231248
2.05735
0.0226011
0.0245742
0.0262515
0.0656573
0.0233141
0.0213734
0.276218
0.0218094
0.0204459
0.0400438
0.249377
0.0244442
0.0205389
0.0223603
0.219686
0.0627544
0.0211671
0.219224
0.0209371
0.163598
0.0366786
0.0221952
0.021134
0.0849272
0.0209764
0.0207651
0.0213827
0.0672863
2.04194
0.0310677
0.0243544
0.0219474
0.0222975
0.276592
0.0311397
0.0217536
0.0218566
0.0210534
0.057541
1.77169
1.80454
0.0212468
0.125067
0.0202335
0.0201798
0.0225966
0.0222469
0.041341
0.0213635
0.0407209
0.2946
2.84658
0.0243886
0.021577
0.0216298
0.0399069
0.0206275
0.0213002
0.0365806
0.0215903
0.0212905
0.0226654
0.0244022
0.0200598
2.88008
0.0381168
0.0239938
0.0238795
0.0335371
0.0235686
1.96162
0.0213876
0.021276
0.021554
0.0210659
0.0215286
0.0209439
1.24592
0.0745817
0.0216944
0.0221162
0.0212727
0.0239636
0.0236932
0.0533692
0.0224415
2.85678
0.0213186
0.0221622
0.0214875
0.0679016
0.0215475
2.56124
0.0215313
0.0216261
0.019567
2.28156
0.0238557
0.0371876
2.0632
0.0223132
0.02154
0.0211485
0.0214277
0.029101
0.0220437
0.0253141
0.393587
0.0216897
0.063526
1.96091
0.0242496
0.0874641
0.0216528
0.0238848
0.021006
0.0204123
0.0202482
0.0213709
0.240074
0.0841692
0.0208604
0.701015
0.0321784
0.0212638
0.0682203
0.0203832
0.0363617
0.0222116
0.0210339
0.0802306
0.0215834
0.0226427
0.0255178
0.0575087
0.0638907
0.0223611
0.0209883
0.023048
2.2665
0.0484463
0.0339429
0.0262233
0.0215231
0.0214368
0.302035
0.0218879
0.0300415
0.0369821
0.465848
0.0215547
0.0332388
0.0215948
0.0220864
0.0351337
0.0304303
0.0344767
0.0224168
0.0221485
0.0265544
0.365171
0.0418062
0.0204472
0.0251113
0.074271
0.0242608
0.0412476
0.0217707
0.0219763
0.0213559
0.0272428
0.686891
0.0585039
0.0215726
0.0879727
0.0239965
0.0274304
0.0215805
0.0213591
0.0213726
0.0200641
0.0531152
0.0232262
0.0230079
0.0224388
0.0213903
0.021533
1.02138
0.0214207
0.0214162
0.0220352
0.527855
1.48469
0.0215034
0.0211905
0.0215248
0.17571
0.0224617
1.87094
0.0215614
0.0495664
0.021516
0.0218119
0.0397668
0.0219028
0.0319331
0.0219013
0.0214572
0.0204003
0.0232906
0.146189
0.0220131
0.022311
0.314721
0.0216841
0.0228669
0.0223614
0.0217671
0.0212793
0.0223692
0.034579
0.02078
0.0208467
0.0209569
0.184397
0.0253301
0.362677
0.0216271
0.0219226
0.662396
0.247082
0.238821
0.0257884
0.0314697
0.263619
0.0216221
0.360899
0.022217
0.0989733
0.0209924
0.0422717
0.0302893
0.0195788
0.0249347
0.024589
0.022877
0.0199437
0.377748
0.020915
0.252574
0.0218558
0.0214114
0.022062
0.0199824
0.0220881
0.192101
0.0213821
0.0211501
0.0211516
0.0217428
0.0213915
0.0435925
0.672688
0.308149
0.0216177
0.0207102
0.0242431
0.0215314
0.0213562
0.0860059
0.0373046
0.0226136
0.0213278
0.0485119
0.0235273
0.0559947
0.345633
0.023581
0.0203524
0.0212929
0.0289804
0.601742
0.0215653
0.0212393
0.0445949
0.124068
0.0406301
0.536731
0.021331
0.0241198
0.0238903
0.0199715
0.0219693
0.125887
0.404065
0.0748557
0.0212861
0.665776
0.0219773
0.0216038
0.0244888
0.0221975
0.0244469
0.0355676
0.0212579
0.0215179
0.0213753
0.0209031
0.0200182
0.0211653
0.0266091
0.204462
0.0238904
0.0195689
0.0200384
0.0212799
0.0220998
0.0213709
0.0419565
0.0222478
0.0222949
0.0222468
0.244014
0.021266
0.0243314
0.644484
0.0213171
0.0213064
1.75428
0.0212477
0.0213732
0.021234
2.44403
0.0231254
0.0419109
0.0220638
0.0700127
0.020574
0.0201666
0.0204576
0.0212793
0.0352964
0.0212843
0.0217808
0.0399136
0.0213994
0.11818
0.0236872
0.0308766
0.0219455
0.0428861
0.0294406
0.0215806
0.0211423
0.0220238
0.0216599
0.0213604
0.152759
0.0209766
0.0418355
0.0211868
0.0216941
2.07858
0.0210849
0.116546
0.0666866
0.021332
0.0214228
0.021167
0.021898
0.021265
0.0220378
0.0207537
0.0213754
0.0213494
0.0214343
0.812718
0.0215955
0.0209722
0.0220624
0.0208222
0.0212256
0.0212282
0.0214354
0.0205296
0.0213146
0.0213071
0.0213824
0.0212822
0.0222784
0.152151
0.0213963
0.021967
0.0758198
0.187117
0.0206441
0.0275368
0.0209912
0.0214143
0.0213168
0.0215286
0.466129
0.224005
0.0211222
0.0234011
0.310308
0.0217084
0.158017
0.395666
0.0200044
0.64087
0.0215502
0.0472017
0.0254778
0.229671
0.104378
0.461241
0.0210015
0.021123
0.0201935
0.0262364
0.064868
0.023113
0.0609803
0.465885
0.0213839
2.37452
0.0336451
0.0223292
0.0204315
0.0350844
0.0343791
0.021341
0.0210419
0.0203353
0.0243585
0.024259
0.0246719
0.0241745
0.0245078
0.536071
0.0210969
0.0212913
0.0211724
2.97606
0.0244566
0.024483
2.59372
0.543144
0.192983
0.0210609
0.024248
0.0212444
0.0317427
0.0213642
0.0225253
0.0457459
0.0245906
0.0685444
0.0198779
0.237768
0.033473
0.0735772
0.310717
0.686053
0.0211368
0.0213542
0.0213458
0.285433
0.021431
0.0208947
0.0213531
0.0317227
0.122561
0.252146
0.0241005
0.0368627
0.489976
0.0396959
0.23679
0.0470282
0.0361319
0.0350958
0.620911
0.26202
0.0211223
0.0211359
0.0211591
0.0398263
0.0472337
0.0277648
0.0209759
0.0212645
0.0212647
2.70805
0.0211949
0.0212195
0.0210732
0.0370336
0.0209656
0.0211752
0.0203702
0.0256969
0.0786672
0.0290383
0.0240431
0.0215665
2.19821
0.0284118
0.0200785
0.0213321
0.134671
0.2682
0.0216977
0.0217584
2.48925
0.02118
0.0210182
0.0209836
0.0215004
0.139742
0.0210122
0.0216652
0.0211315
0.0218437
0.0212793
0.0211634
0.0210685
0.0212748
0.0214056
0.333863
0.0212541
0.0207042
0.138273
0.0493612
0.0251345
0.0520529
0.0209952
0.0451915
0.0212944
0.0296775
0.0210993
0.567712
0.0211457
0.0212446
0.0201501
0.436995
0.0245972
0.0212212
0.0730808
0.0212493
0.0201501
0.0212556
0.0220357
0.0283831
0.0209815
0.414251
0.0215105
0.028253
0.0373887
0.0214136
0.0304793
0.0210119
0.0206302
0.0212039
0.12776
0.0265419
0.0302075
0.0389362
0.075992
0.0259882
0.033434
0.0246309
0.021353
0.0198079
2.5369
0.523398
0.0209894
0.0337458
0.0209616
0.0210362
0.37124
0.0205541
0.0213273
0.0432296
0.0354793
0.509517
0.0213507
0.0210493
0.0651523
0.0209601
0.0202948
0.0677948
0.0212365
0.0644225
0.0733799
0.205969
0.0213483
0.0226942
0.0211403
0.0199389
0.0247722
0.0216901
0.0214115
0.0334687
0.0207053
0.0942466
0.021423
0.0229054
0.0238382
0.480416
0.0244426
0.0218703
0.156804
0.321495
0.0212824
0.363495
0.0217989
0.0213123
0.0213934
0.0210068
0.0240266
0.0283316
0.447285
0.0211957
0.0241267
0.0219659
0.0197595
0.0210578
0.0213321
0.0245812
0.0208283
0.0211962
0.0220835
0.0215175
0.3208
0.021375
0.0222237
0.0505139
0.0223991
0.0202412
0.181235
0.453178
0.328888
0.161335
0.0539612
0.0205879
0.0225123
0.640636
0.781969
0.265296
0.217673
0.149347
0.0215348
0.292413
0.415868
0.0216343
0.294977
0.0222748
0.580991
0.376561
0.125186
0.0223515
0.0210364
0.0485244
0.0213131
0.0214252
0.0233953
0.0844367
0.0213674
0.0214371
0.0211558
0.109808
0.0211147
0.0210841
0.0212452
0.021012
0.0210294
0.297771
0.0220621
0.0209729
0.0214457
0.0303974
0.367048
0.631717
0.0213348
0.0211594
0.0233507
0.0213211
0.0210062
0.0211357
1.83121
0.0212653
0.0368969
0.0211502
0.0215481
0.0203384
0.0213746
0.546267
0.365059
0.0205492
0.0217955
0.261402
0.3714
0.0502235
0.514895
0.0213698
0.0304714
0.021125
0.0197475
0.0211255
0.0201674
0.021081
0.0212627
0.0217642
1.3804
0.0199908
0.386536
0.589825
0.0199229
0.0321447
0.0425037
0.0222208
0.0211427
0.0212152
0.0213903
0.0210702
0.321381
0.0198243
0.0211196
0.327
0.0211171
0.0213179
0.0209899
0.0772135
0.0213955
0.0213795
0.647516
0.0206906
0.0206153
0.0211127
0.0914699
0.0212688
0.0196375
0.0211134
0.0200064
0.60882
0.034068
0.0210477
0.0427211
0.0197896
0.021289
0.0222939
0.211628
0.855302
0.0200362
0.0237812
0.0213423
0.021168
0.0211269
0.0211104
0.249284
0.319129
0.0213374
0.02219
0.0261
0.020968
0.0210849
0.0244829
0.0293846
0.670195
0.0213557
0.0245716
0.487512
0.0211425
0.0239762
0.463074
0.0846881
0.0208067
0.0209674
0.021222
0.0211537
0.0209838
0.237862
0.0210695
0.48806
0.385442
0.0220561
0.0239663
0.25605
0.0212126
0.205979
0.0964561
0.232973
0.0257462
0.0211985
0.0224349
0.267242
0.0208318
0.0303989
0.020971
0.0200572
0.020085
0.0201401
0.02115
0.691275
0.0217362
0.362504
0.243798
0.063683
0.575995
0.0197751
0.0213824
0.0230219
0.392152
0.0211836
0.705287
0.0260352
0.0200398
0.0209435
0.240814
0.0209433
0.026611
0.179243
0.0210607
0.279166
0.0221087
0.0441598
0.0633865
0.0214001
0.0206068
0.0372359
0.0674307
0.0212323
0.0235866
0.0201927
0.0218914
0.020887
0.157538
0.0210179
0.0203813
0.0877147
0.0201225
0.267114
0.0214201
0.0211851
0.0211628
0.61642
0.0209926
0.0209104
0.706731
0.0632042
0.401124
0.0215114
0.0201388
0.0342755
0.767212
0.396812
0.58738
0.0239617
0.02433
0.0216776
0.0212935
0.0245092
0.0220113
0.0211275
0.0204064
0.0332136
0.0244417
0.0209374
0.0196252
0.0216298
0.0205929
0.0214939
0.0235462
0.159065
0.598416
0.0259454
1.58843
0.360864
0.0206544
0.0209542
0.0224166
0.0372026
0.020274
0.0215907
0.0209213
0.0210219
0.02116
0.0469992
0.0213191
0.0417996
0.0212748
0.0209015
0.369441
0.0391179
0.0216371
0.0209219
0.020871
0.681338
0.231875
0.0215874
0.0202512
0.0215879
0.0209482
0.0212503
0.0210233
0.079005
0.0210013
0.0208641
0.142953
0.0204935
0.0677429
0.0239869
0.0210438
0.0213459
0.266425
0.0522872
0.428344
0.678948
0.0238482
0.0223408
0.0218222
0.0212491
0.0271115
0.0208594
0.735972
0.415512
0.0231554
0.0383569
0.251207
0.0208897
0.321414
0.0243646
1.97558
0.0211332
0.0208063
0.020829
0.0219962
0.0210899
0.0741025
0.421009
0.0377732
0.0212044
0.0209495
0.0208697
0.0974865
0.0244384
0.405076
0.0208923
0.0214243
0.0354926
0.0210551
0.264885
0.0639899
0.0208954
0.0214478
0.0197335
0.0212297
0.299345
0.291996
0.0208751
0.021068
0.0206852
0.252477
0.021161
0.024025
0.118515
0.17566
1.88531
0.225135
0.623081
0.0212542
0.0283493
0.0216282
0.0210977
0.023233
0.0304769
0.0204803
0.0211327
0.0418704
0.0212967
0.0203649
0.32315
0.0199892
0.0210974
0.0385233
0.147071
0.0200678
0.0202197
0.0463392
0.0659375
0.0375577
0.255651
0.0232139
0.687245
0.0209807
0.137686
0.0618984
0.0726404
0.483582
0.0259014
0.680952
0.0356421
2.94927
0.0206194
0.0210171
0.020254
0.0212844
0.0315336
0.0207866
0.0501594
0.0204986
0.0220339
0.0213772
0.443455
0.0213241
0.185963
0.0244094
0.026008
0.115984
0.0873396
0.257883
0.0197195
0.0393389
0.0212761
0.246812
0.0214858
0.0525168
0.0382116
0.037498
0.624745
0.0208116
0.385978
0.0239385
0.0313235
0.0214364
0.777495
0.0216219
0.0208989
0.0212149
0.0347625
0.0215515
0.032321
0.0363166
0.0266098
0.0561635
0.0208452
0.0200478
0.804715
0.0356961
0.315477
0.0391019
0.0209048
0.211552
0.4344
0.0481818
0.0206984
0.0366394
0.267394
0.0207918
0.0225848
0.0197946
0.385525
0.418641
0.290992
0.0377084
0.0208169
0.0206781
0.0219165
0.020191
0.0227978
0.0240937
0.0223681
0.0204493
0.051028
0.0223385
0.021421
0.0240092
0.426549
0.0483681
0.0207432
0.0282497
0.0249477
0.225753
0.020811
0.279512
0.0213065
0.0354185
1.78278
0.0218591
0.673668
0.0204215
0.0198803
0.0208355
0.0208467
0.0206681
0.0208742
0.0197719
0.21643
0.0239393
0.021012
0.18629
0.0209032
0.0215563
0.0206548
0.517461
0.0210968
0.0234181
0.0358785
0.0346012
0.0209083
0.0197826
0.566296
0.0212289
0.32378
1.64618
0.0215509
0.0218469
0.0332623
0.0235759
0.0453044
0.0202012
0.0206506
0.0226853
0.0278258
0.0234714
0.0411064
0.0347081
0.022381
0.0218578
0.0253353
0.0224111
0.0323689
0.028111
0.0205601
0.38384
0.0319788
0.0212858
0.020932
0.0209264
0.0208977
0.0206587
0.021019
0.0207611
0.0222784
0.0373518
0.0233205
0.0213586
0.0235756
0.0249404
0.0205998
0.0207274
0.777474
0.0226228
0.0243534
0.0205811
0.021865
0.0205557
0.020019
0.425135
0.0213499
0.0210656
0.0141888
0.0465632
0.031514
0.020898
0.0954628
0.0215669
0.0704386
0.0677524
0.0219895
0.0417585
0.0206982
0.0203222
0.575615
0.0208467
0.0498886
0.144771
0.0606638
0.0240187
0.386981
0.0215116
0.0208679
0.0222071
0.020663
0.183162
0.0131165
0.0208806
0.298317
0.115803
0.0197286
0.020683
0.0342331
0.0162774
0.196197
0.0263448
0.255927
0.326623
0.0212602
0.691605
0.281991
0.0374603
0.0603494
0.0292682
0.209659
0.0197663
0.384396
0.186553
0.0198218
0.815431
0.47571
0.0528191
0.0196387
0.0164827
0.020421
0.0206853
2.0038
0.690635
0.0206942
0.0215916
0.15237
0.0197955
0.0307713
0.0208172
0.0519434
0.378566
0.0225085
0.0215519
0.274926
0.0402343
0.48967
0.343202
0.0210969
0.285969
0.0210283
0.300705
0.0259169
0.0202885
0.495287
0.0215702
0.0277366
0.0213615
1.94961
0.0211136
0.0213628
0.0202484
0.021402
0.0205208
0.0217533
2.55864
0.651484
0.0206009
1.89185
0.400058
0.0203402
0.0205633
0.327703
0.0317655
2.49457
0.325894
0.489575
0.0205671
0.0212238
0.386004
0.0248806
0.368188
0.0308067
0.0206326
0.0212577
0.0210783
0.0198076
0.0206059
0.0379487
0.0205858
0.278936
0.0209096
0.0213668
0.0633858
0.0197708
0.0374422
0.68218
0.0208665
0.0207974
0.0209618
0.0300476
0.0196382
0.0201826
0.0885819
0.104434
0.042048
0.0217196
0.033609
0.0205351
0.0212209
0.0212556
0.513504
0.37095
0.111033
0.398683
0.0320823
0.168526
0.0640317
0.0210239
0.0238911
0.0196486
0.0196541
0.0272858
0.0208279
0.356561
0.256569
0.0240145
0.702835
0.0277231
0.472011
0.306163
0.0200503
0.365799
0.0237563
0.347598
0.0213434
0.0204702
0.0201254
0.0299892
0.460352
0.278847
0.440381
0.0209686
2.4243
0.020589
0.419857
0.391979
0.0204935
0.024038
0.021076
0.64524
0.318416
0.0217421
0.0196319
0.0350895
0.0236367
0.374829
0.0215381
0.021406
0.339572
0.262833
0.0205402
0.0202262
0.0207116
0.0238053
0.0216036
0.313328
0.0207147
0.0221154
0.237481
0.0213445
0.0208577
0.232244
0.369358
0.0215286
0.0214419
0.0217816
0.0205975
0.0205168
0.213457
0.440223
0.0209087
0.0254022
0.0208407
0.0213642
0.021354
0.021138
0.337441
0.440374
0.028879
0.0854759
0.0207635
0.0241192
0.0208458
0.0216266
0.0735973
0.0216964
0.372461
0.020739
0.386169
0.0215029
0.33579
0.422256
0.0204425
0.0208411
0.0462384
0.0384941
0.0768636
0.303084
0.357946
0.339531
0.0241315
0.0211917
0.0801342
0.0207722
0.149263
0.0199653
0.271746
0.030702
0.0208553
0.0219096
0.0208927
0.0316644
0.298264
0.0212303
0.353134
0.0222828
0.0462765
0.0204829
0.0246398
0.331307
0.0204566
0.633337
0.0930537
0.020206
0.347358
0.157524
0.120667
0.0204719
0.353991
0.0211568
0.0202457
0.0339977
0.0204804
0.359653
0.020001
0.0208316
0.0205297
0.0238129
0.0540473
0.0207559
0.366509
0.0197564
0.0252136
0.0247242
0.0214657
0.433661
0.360188
0.0324488
0.0803882
0.0214256
0.0205393
0.94535
0.0205059
0.0203958
0.0210745
1.75881
0.249272
0.0469631
1.90152
0.0201111
0.0210372
0.0209239
0.0383829
0.0206714
0.033985
0.0213777
0.021242
0.0556296
0.0415151
0.263004
0.0204246
0.0203662
0.0238208
0.0213472
0.393599
0.304815
0.0203516
0.0257062
0.0207062
0.444653
0.114625
0.0213217
0.172415
0.0209798
0.0213515
0.0197784
0.0212712
0.0852163
0.042159
0.0204484
0.39385
0.0666364
0.0198139
0.445727
0.0206121
0.0208909
0.27206
0.0204153
0.303722
0.0198177
0.0287714
0.479016
0.0197661
0.0200961
0.0210223
1.40873
0.0251935
2.21857
0.382735
0.0292619
0.0236917
0.376747
0.0205036
0.614108
0.0330004
0.020645
0.25827
0.67828
0.343748
2.05484
0.263736
0.0204089
0.425987
0.148289
0.2579
0.114732
0.0204768
0.020377
0.0207484
0.487368
0.0203392
0.0201524
0.0612066
0.0386972
0.0213188
0.02038
0.0208667
0.0203065
0.02056
0.195928
0.0208285
0.252761
0.280091
0.0307886
0.0237083
0.0206317
0.0204407
0.377137
0.190627
0.438071
0.34335
0.020507
0.0206777
0.0402692
0.0949343
0.308779
0.0204512
0.0752604
0.349152
0.0199468
0.0385852
0.0291521
0.0201446
0.0209301
0.0210772
0.0216592
0.0200966
0.146417
0.453967
0.0210834
0.286451
0.021388
0.034044
0.0209066
0.0213446
0.0289663
0.321727
0.0263605
0.0203525
0.0198205
0.02032
0.02032
0.362226
0.0332976
0.0852664
0.0626065
0.06787
0.0612189
0.0203561
0.0320671
0.206238
0.0212569
0.256591
0.0226859
0.019766
0.132508
0.598803
0.0230949
0.0430106
0.298658
0.665276
0.0304329
0.0202896
0.0239161
0.0207124
0.222979
0.0206757
0.0645147
0.0881982
0.0364481
0.252159
0.0409442
0.0304487
0.0409249
0.0209679
0.0204013
0.0211705
0.0208766
0.272163
0.0206235
0.0206335
0.0249281
0.0219204
0.0201984
0.0754302
0.240091
0.294694
0.0202301
0.251427
0.143504
0.160282
0.0213837
0.0204426
0.0237887
0.020172
0.356871
0.0246917
0.0203053
0.0301778
0.0205753
0.364873
0.0539441
0.0206097
0.654368
0.182502
0.0203692
0.322571
0.348684
0.157101
0.0213217
0.0431872
0.42934
0.0196443
0.0205041
0.207119
0.0274305
0.0210143
0.444075
0.0210873
0.0204522
0.0205271
0.0203688
0.25128
0.0201813
0.0204145
0.31072
0.0332987
0.0205038
0.0208014
0.257283
0.0111972
0.0217291
0.0301853
0.0203973
0.685385
0.0563062
0.0216303
0.0202262
0.60721
0.382082
0.023847
0.020112
0.188448
0.0240707
0.0202111
0.687547
0.0209257
0.11768
0.0204702
0.199805
0.22429
0.205548
0.0490107
0.0204254
0.0392916
0.0213396
0.0286949
0.144274
0.020157
0.238945
0.0201951
0.337036
0.0206958
0.0203678
0.0199821
0.0204592
0.0202462
0.0201137
0.0583322
0.0215106
0.0668355
0.0223504
0.0197391
0.0228258
0.049993
0.0205509
0.195847
0.0202824
0.0210958
0.323975
0.0209228
0.256516
0.023825
0.0215231
0.0200857
0.0201381
0.0220295
0.0215722
0.0202307
0.0237222
0.0238754
0.23293
0.0202022
0.0245382
0.0205308
0.221611
0.205737
0.0215215
0.271097
0.021303
0.0364853
0.0240251
0.0204628
0.261579
0.0209676
0.0199586
0.316015
0.717713
0.117171
0.237107
0.0253764
0.297782
0.0279825
0.0215222
0.283736
0.316836
0.0204324
0.247379
0.0405619
0.0213089
0.0202132
0.031482
0.41972
0.273539
0.209787
0.262993
0.0242959
0.0202251
0.0177121
0.156362
0.0208344
0.0198121
0.0208517
0.0227891
0.0202293
0.0201139
0.14284
0.0462214
0.0200725
0.290442
0.349684
0.264189
0.230634
0.0201226
0.0201516
0.0923406
0.189291
0.297392
0.0237853
0.274258
0.0200599
0.179201
0.288723
0.0728904
0.0208031
0.021886
0.0203454
0.305623
0.0204882
0.0201006
0.193275
0.249824
0.0204897
0.0849307
0.218849
0.0785997
0.253804
0.368566
0.0205121
0.0203148
0.021641
0.269986
0.0210779
0.408635
0.0213382
0.0201842
0.319045
0.0200707
0.0682008
0.32361
0.0200609
0.260867
0.322716
0.0366933
0.0211572
0.0201533
0.0200853
0.356655
0.0203596
0.366149
0.794788
0.320221
0.0290471
0.0306201
0.0224857
0.0210689
0.193771
0.271798
0.0208696
0.209901
0.114984
0.147803
0.0198331
0.306445
0.199413
0.0188177
0.128545
0.0200985
0.0205253
0.174843
0.0212388
0.0200736
0.313567
0.0210084
0.0212571
0.27562
0.565307
0.0200892
0.0204352
0.294183
0.320171
0.170984
0.356798
0.0197318
0.333549
0.020258
0.0199897
0.291389
0.0202231
0.020231
0.0198403
0.133338
0.0197076
0.019832
0.241048
0.0201878
0.0235588
0.0205422
0.0227522
0.0203091
0.315634
0.233237
0.0202125
0.0202613
0.0204876
0.0199078
0.0200293
0.0201317
0.0203644
0.0205182
0.0198679
0.0204325
0.306531
0.020194
0.0214091
0.021482
0.0196994
0.321024
0.0197325
0.0201753
0.266655
0.0335541
0.0228975
0.297435
0.0218403
0.0198258
0.0202639
0.288506
0.0203733
0.319981
0.0517121
0.262457
0.0223536
0.0199853
0.279971
0.0367785
0.177755
0.0350352
0.0349794
0.0200127
0.019718
0.0319744
0.0213213
0.428265
0.301465
0.0214589
0.0211196
0.0199979
0.27317
0.01996
0.0197702
0.0206359
0.0394801
0.0945335
0.146593
0.0201299
0.0209086
0.0211113
0.282172
0.031341
0.0231418
0.024734
0.0285409
0.0273019
0.19799
0.0273914
0.266745
0.0730529
0.0207252
0.0202158
0.0244922
0.292275
0.0199971
0.0199442
0.0358023
0.207424
0.292651
0.0200975
0.0212913
0.0203921
0.0226835
0.0202028
0.0218654
0.0302134
0.362891
0.0202155
0.0223494
0.0211628
0.0217298
0.0205405
0.0203518
0.258685
0.0243401
0.0197103
0.259631
0.0225956
0.308136
0.0239313
0.028222
0.252892
0.021091
0.257795
0.0204881
0.0198195
0.29298
0.242078
0.292867
0.0238048
0.0206956
0.0202285
0.0230533
0.132659
0.0202219
0.180207
0.258992
0.0201201
0.499487
0.0199379
0.0199567
0.0206302
0.0201903
0.110356
0.0225095
0.0204082
0.0222447
0.209882
0.0685971
0.019982
0.0212001
0.0204362
0.257594
0.290251
0.0203809
0.0200099
0.0203205
0.420913
0.0289491
0.156261
0.0202138
0.0220349
0.0444738
0.0210323
0.0197834
0.319425
0.229385
0.0204083
0.0886348
0.0200114
0.219842
0.385432
0.0645702
0.233994
0.0204287
0.0202125
0.0200385
0.0199776
0.025473
0.0196892
0.0203299
0.0198067
0.0270436
0.258065
0.025098
0.0211509
0.0201616
0.0211013
0.0339418
0.173424
0.0199725
0.021182
0.0200262
0.0223886
0.0310604
0.0200719
0.0201934
0.0807202
0.31857
0.361431
0.019997
0.117477
0.0165294
0.0200083
0.0220167
0.019931
0.256252
0.0199329
0.258881
0.05923
0.24426
0.321076
0.0781134
0.0237523
0.0586343
0.0200351
0.322696
0.249023
0.258994
0.0427832
0.0216844
0.17219
0.0201318
0.0510581
0.0186142
0.105926
0.0546624
0.307456
0.0290232
0.0215113
0.0202475
0.255842
0.0198901
0.0202949
0.241069
0.11109
0.265674
0.02052
0.320992
0.0200517
0.0221054
0.02373
0.0353187
0.0196228
0.0201042
0.206467
0.0209159
0.0358347
0.0272371
0.225082
0.226388
0.0212122
0.204832
0.137295
0.020924
0.0211151
0.265434
0.23773
0.263462
0.163098
0.0234814
0.0197185
0.03927
0.125469
0.078208
0.0203811
0.0463616
0.139963
0.0220065
0.0208718
0.0201654
0.0236194
0.019818
0.0199517
0.0210541
0.0208618
0.0293493
0.0203267
0.0211072
0.0228124
0.0210228
0.0210017
0.0198006
0.0204244
0.265254
0.0210223
0.239414
0.871275
1.66222
0.029754
0.217926
0.125791
0.0213282
0.0198058
0.0203567
0.238705
0.0210124
0.287248
0.0169713
0.0224724
0.0403444
0.0233594
0.0207515
0.0364122
0.0234985
0.259699
0.0228923
0.300862
0.0960398
0.268368
0.0198044
0.021408
0.0207717
0.25707
0.0209129
0.021278
0.020265
0.0198043
0.209918
0.0340827
0.0209863
0.0204461
0.0200223
0.0202007
0.0198155
0.316778
0.0202363
0.0197159
0.260339
0.0210424
0.0209729
0.0234714
0.0199438
0.221885
0.021046
0.0212417
0.0202709
0.0197497
0.0207209
0.019721
0.029813
0.26353
0.0197824
0.0264659
0.0258265
0.203922
0.0231346
0.0227119
0.0394779
0.0209893
0.0225062
0.0220514
0.0200492
0.0217168
0.0196085
0.0120772
0.0212127
0.0198187
0.0198599
0.0197949
0.104799
0.020276
0.0211432
0.0209095
0.0326875
0.224711
0.0198008
0.0220535
0.305052
0.311265
0.0197761
0.236334
0.019735
0.0213856
0.029032
0.290797
0.235855
0.614622
0.0201092
0.019792
0.0223615
0.261946
0.0196961
0.0201885
0.0206641
0.0197596
0.0217342
0.0197509
0.0216909
0.0201429
0.020908
0.0204994
0.0260777
0.0197596
0.0198276
0.303721
0.0201974
0.0219199
0.0197633
0.0197886
0.019967
0.0197545
0.0199312
0.214087
0.0197476
0.0205383
0.0242317
0.0197005
0.302539
0.0198001
0.0196243
0.0327018
0.0222194
0.0197071
0.019941
0.0198473
0.0198005
0.513342
0.206522
0.0210135
0.0231925
0.0234393
0.0203402
0.0889252
0.0216939
0.0205524
0.0198884
0.260683
0.0199213
0.0208678
0.0199503
0.0203976
0.0225088
0.0205843
0.209926
0.0231711
0.0209612
0.0218663
0.0201538
0.2502
0.033629
0.0197154
0.0210174
0.293186
0.17735
0.260244
0.377533
0.0220226
0.0204483
0.107286
0.0197504
0.0213747
0.0210229
0.0224343
0.131144
0.0210226
0.0199152
0.0219721
0.0201409
0.440477
0.0241097
0.0232867
0.0204751
0.0207025
0.019688
0.0230643
0.0208436
0.0202127
0.365984
0.0213971
0.0240107
0.0201797
0.0198172
0.28438
0.0241452
0.0198057
0.0639743
0.020046
0.0203053
0.0214422
0.0199262
0.0209668
0.40922
0.0199945
0.235621
0.0208039
0.0200322
0.0201685
0.0365259
0.0209481
0.0204448
0.0208509
0.649451
0.0198083
0.0204119
0.243343
0.0220866
0.0200538
0.246785
0.35701
0.0210123
0.0199221
0.256428
0.0202054
0.276979
0.0224959
0.020537
0.0248462
0.0211291
0.0215358
0.0209576
0.0204699
0.0208873
0.257148
0.0197484
0.256895
0.0393684
0.0214673
0.0231485
0.0199175
0.0202886
0.033359
0.0199159
0.0210746
0.0213072
0.02189
0.0198347
0.0223432
0.0225264
0.0197876
0.0219281
0.0209628
0.0197628
0.0202269
0.0205741
0.423749
0.270605
0.212987
0.0204299
0.0197222
0.0197516
0.0246448
0.0204961
0.256728
0.0203424
0.303051
0.13743
0.225615
0.0197363
0.38903
0.0214283
0.023434
0.0275526
0.0200826
0.0544666
0.0225901
0.0196834
0.0207473
0.0197656
0.019701
0.0202524
0.0281999
0.1118
0.0216001
0.0232091
0.019699
0.0198196
0.0209669
0.821195
0.208828
0.263579
0.0203728
0.0197163
0.0320661
0.0197757
0.252307
0.0202867
0.0209719
0.0207144
0.0209171
0.0238554
0.0208851
0.0199366
0.0210202
0.235816
0.238454
0.0196053
0.0209368
0.0198225
0.370147
0.0197856
0.0203439
0.0196245
0.0197508
0.022496
0.0225209
0.0277287
0.0203385
0.0328015
0.261048
0.0270945
0.02067
0.0198672
0.0196088
0.0204078
0.0228335
0.0199705
0.0196155
0.0318785
0.022524
0.0225044
0.0196847
0.241734
0.0200087
0.0202312
0.0268513
0.0201075
0.019915
0.0332491
0.0199873
0.463082
0.122212
0.0196838
0.0196353
0.0209924
0.0219759
0.245439
0.0214961
0.0197003
0.0205253
0.0201529
0.0225218
0.0225077
0.48235
0.0197364
0.0232901
0.0216101
0.0199964
0.0208966
0.022517
0.0211069
0.0200101
0.0212652
0.0209078
0.0225017
0.0216118
0.0384544
0.0216455
0.0198356
0.300841
0.150425
0.0201349
0.384877
0.0197323
0.447339
0.203977
0.0208344
0.0235311
0.0213108
0.0339312
0.0225111
0.0201782
0.658236
0.0208727
0.0201374
0.0202921
0.278567
0.024469
0.0195961
0.0203949
0.0206802
0.0224956
0.020341
0.18257
0.387604
0.0299101
0.0223516
0.0202909
0.0198051
0.0297277
0.0205038
0.0234136
0.0292638
0.0205763
0.0210225
0.0210516
0.360524
0.0197273
0.0204961
0.266777
0.0225324
0.0196267
0.0207749
0.019806
0.289766
0.0234375
0.0198534
0.0196259
0.020679
0.0197719
0.0206679
0.28648
0.0197764
0.22497
0.0225241
0.232975
0.0696234
0.0211538
0.0235145
0.0248313
0.253405
0.292354
0.697523
0.0263961
0.0196123
0.0202234
0.0206268
0.267068
0.0196258
0.264516
0.250948
0.0231277
0.0236851
0.0225153
0.0225272
0.350923
0.262317
0.0197488
0.0200878
0.020158
0.0207207
0.0202016
0.0235063
0.0220542
0.022527
0.0225756
0.0197913
0.019703
0.229201
0.0205607
0.0198381
0.0204222
0.0201257
0.0199535
0.0409264
0.023305
0.0198034
0.0234728
0.278701
0.0336725
0.0195698
0.0195769
0.0278047
0.922257
0.020806
0.152747
0.0226567
0.0197847
0.249863
0.0203457
0.0251029
0.220091
0.0207775
0.019612
0.0206545
0.0196674
0.0225122
0.0204089
0.0196726
0.0231994
0.0201669
0.021573
0.0196134
0.0223547
0.0225458
0.019597
0.256111
0.023379
0.0196788
0.0208301
0.0199166
0.276909
0.0206263
0.0196809
0.0196837
0.250251
0.252478
0.0216428
0.0230451
0.0229799
0.0230709
0.0230326
0.0229368
0.023003
0.0230255
0.0230523
0.022961
0.022867
0.0229857
0.0229186
0.0228394
0.0225378
0.0225581
0.0225291
0.0225112
0.251032
0.0226155
0.0226229
0.0227892
0.022594
0.0225881
0.0228295
0.0225325
0.0225347
0.0227968
0.0195831
0.0195509
0.0225824
0.0225466
0.136287
0.251322
0.247657
0.0376602
0.0222553
0.0201316
0.0196784
0.0195439
0.0199214
0.0226434
0.0226077
0.0225768
0.0224889
0.0225195
0.0225285
0.0225411
0.0225259
0.0225269
0.0225644
0.0227546
0.0227076
0.233156
0.0227219
0.250258
0.0214137
0.0225177
0.0227395
0.0226657
0.0226313
0.0225457
0.0227721
0.0226532
0.0200892
0.0226557
0.022813
0.0208484
0.0309607
0.253307
0.0204524
0.0235117
0.0263147
0.0206202
0.0210169
0.0507555
0.0197461
0.0216434
0.914309
0.0369648
0.0209466
0.197216
0.0200958
0.0197011
0.0211894
0.253855
0.214578
0.0202752
0.0198079
0.0197709
0.3107
0.0199144
0.0222202
0.0199291
0.0205661
0.0149693
0.191169
0.0837189
0.202171
0.0198447
0.0207746
0.0229924
0.0201392
0.0197845
0.119248
0.304575
0.0220282
0.0199224
0.0196482
0.241189
0.0197509
0.0198309
0.0201057
0.0823819
0.219731
0.200502
0.0202624
0.215229
0.0207434
0.222403
0.140601
0.0200418
0.333223
0.0199167
0.405663
0.022429
0.0315311
0.270232
0.0196087
0.0200006
0.341572
0.0197223
0.0362749
0.256377
0.0207903
0.384365
0.0222064
0.0204652
0.01991
0.0206342
0.0203506
0.0198882
0.0198219
0.0198778
0.0200197
0.0204388
0.253011
0.0238497
0.125719
0.227696
0.0201082
0.0196761
0.351382
0.0203176
0.0198716
0.0197924
0.020585
0.0200284
0.0208724
0.019758
0.0207372
0.0199159
0.0225081
0.0198208
0.0208925
0.0204779
0.743077
0.0209716
0.0297872
0.0197555
0.0217447
0.0203866
0.020078
0.020871
0.0286807
0.0220647
0.0212986
0.0201038
0.0196125
0.0196135
0.019593
0.0218113
0.253055
0.0202731
0.0197363
0.0199454
0.0209639
0.110877
0.0208517
0.0199069
0.0405285
0.0208186
0.021377
0.344106
0.0207552
0.254846
0.0252949
0.0198703
0.0201898
0.209971
0.020422
0.0257971
0.0199219
0.0199028
0.334235
0.0373774
0.0200536
0.0197104
0.0196557
0.0202832
0.0197869
0.019751
0.0308672
0.0196991
0.0205925
0.0208822
0.296636
0.058843
0.0201374
0.01967
0.0634548
0.0197106
0.0200498
0.0217791
0.0195947
0.115213
0.0202373
0.0199307
0.0272865
0.0214936
0.0211323
0.0198712
0.0196533
0.326995
0.0198351
0.0205792
0.0202549
0.0195951
0.0204256
0.0213388
0.0204189
0.0197347
0.0221811
0.0206847
0.0203183
0.0234158
0.020151
0.0208546
0.0210619
0.249761
0.01804
0.0245618
0.910661
0.0196151
0.0218975
0.0201823
0.0200217
0.0201009
0.0202551
0.0196738
0.0195805
0.0202784
0.223491
0.021851
0.0199586
0.0212396
0.0201223
0.0200919
0.225984
0.0204231
0.0210606
0.020178
0.0196303
0.0197687
0.0310979
0.0209685
0.0197862
0.0208524
0.0196677
0.0198408
0.246735
0.0218704
0.0196014
0.0197328
0.0203748
0.147157
0.0203857
0.020063
0.0196709
0.0412873
0.019603
0.0219417
0.019855
0.0204955
0.0198257
0.0196838
0.0226366
0.0199478
0.0199013
0.0201068
0.0196528
0.0196698
0.0199696
0.0287502
0.216653
0.0198104
0.0241403
0.0197268
0.0201252
0.0199465
0.019966
0.0202185
0.0334165
0.0338056
0.0220476
0.0516124
0.0198532
0.0196598
0.0200127
0.0197911
0.0197826
0.0199562
0.0208907
0.0232927
0.019848
0.0214444
0.0199852
0.0199039
0.560187
0.0212932
0.0234855
0.0197076
0.0601061
0.0259024
0.0202492
0.0207493
0.0197442
0.218156
0.0201422
0.27984
0.0196592
0.0202638
0.243909
0.0331448
0.0210803
0.0203353
0.0202138
0.0196689
0.020598
0.0219123
0.0203039
0.259888
0.0207713
0.0198029
0.265848
0.0223984
0.0209967
0.0218078
0.0196908
0.0207464
0.0626714
0.0733229
0.0204894
0.0203504
0.0208002
0.0199195
0.262181
0.0196821
0.0197257
0.0200892
0.0267509
0.0216425
0.0208312
0.0209788
1.94524
0.0202733
0.0216451
0.0198246
0.0200296
0.0891605
0.019922
0.0810277
0.0197637
0.0210798
0.0209066
0.019942
0.0195863
0.0919372
0.0205282
0.0202126
0.0208442
0.25422
0.183176
0.0842314
0.0200735
0.0197776
0.0206633
0.0200337
0.0210502
0.0229091
0.0208327
0.0198454
0.0203036
0.0199043
0.0256373
0.0206265
0.0307241
0.0196112
0.0627264
0.0215909
0.0198866
0.0205837
0.0210438
0.0208487
0.0234004
0.020979
0.0197846
0.0209207
0.0201392
0.045247
0.0976634
0.0207018
0.0195795
0.0205457
0.0204145
0.0196346
0.0202805
2.44473
0.0228274
0.0215482
0.021473
0.0197375
0.0202175
0.022277
0.0199008
0.0206652
0.101526
0.020553
0.0207104
0.020104
0.0982732
0.0198271
0.0215594
0.122126
0.0943796
0.0198752
0.345867
0.0198317
0.0208385
0.0221833
0.0243414
0.0198843
0.282357
0.262763
0.0212449
0.0197382
0.0269253
0.0197232
0.344834
0.0196514
0.0197231
0.0197824
0.0200254
0.0198006
0.0220029
0.0207496
0.0277593
0.156063
0.0196794
0.0233156
0.677574
0.021632
0.0214857
0.0203496
0.0199181
0.0237917
0.0199008
0.0199118
0.0196539
0.0197209
0.0297507
0.0203574
0.020951
0.0304149
0.0213502
0.0459732
0.0201008
0.0227444
0.0197482
0.0195892
0.0202439
0.0201231
0.0201696
0.021
0.0248596
0.252973
0.0197564
0.0197966
0.0204196
0.0196801
0.176868
0.0469349
0.0198836
0.0204514
0.245303
0.0201446
0.0206731
0.0213962
0.268864
0.0213915
0.0197853
0.311191
0.0221193
0.0208858
0.0208252
0.27163
0.0904696
0.0198081
0.0196619
0.0199901
0.020018
0.021393
0.0197853
0.0208241
0.0237417
0.212573
0.254086
0.0204521
0.181599
0.22985
0.0196593
0.0224375
0.0197482
0.0214352
0.0201223
0.0200672
0.0210259
0.0977259
0.0231956
0.0199637
0.0197023
0.0206096
0.0632356
0.0239627
0.0220355
0.0198966
0.0198544
0.0268007
0.0202436
0.0198113
0.347359
0.251894
0.0496736
0.0196881
0.0232633
0.0201447
0.0212541
0.138508
0.0205602
0.264062
0.235908
0.0428651
0.0214429
0.0217352
0.0197397
0.0215944
0.021994
0.022314
0.0200068
0.0202618
0.25715
0.0207575
0.0210704
0.239737
0.031752
0.0204562
0.0232734
0.0204242
0.26351
0.248405
0.286132
0.296871
0.301785
0.238185
0.257175
0.25605
0.0215382
0.439694
0.0257195
0.019829
0.020819
0.0221594
0.0223484
0.0263327
0.0317686
0.257789
0.0307831
0.0197121
0.0196987
0.0200223
0.0212151
0.019934
0.0355567
0.11577
0.0202071
0.223441
0.0858491
0.0203439
0.020017
0.0209652
0.0240155
0.0199629
0.0211735
0.0229427
0.0265279
0.370002
0.0199314
0.0574353
0.0244666
0.0210158
0.321875
0.0225329
0.0240476
0.0201721
0.253338
0.0208292
0.0197294
0.0924128
0.0199951
0.0218799
0.0203232
0.294961
0.0204665
0.0205374
0.020197
0.020358
0.0199334
0.386536
0.0197886
0.0220097
0.0213142
0.0201779
0.0197215
0.0203916
0.0254368
0.243255
0.150458
0.0217429
0.0814133
0.0198875
0.252668
0.0207124
0.0211394
0.0203143
0.0203756
0.11458
0.0198572
0.0206262
0.0200211
0.218265
0.0196844
0.241888
0.219348
0.019045
0.0201217
0.30313
0.105744
0.019829
0.0224781
0.0199233
0.0376746
0.0203129
0.0564096
0.025862
0.0754856
0.122076
0.057479
0.0197645
0.0274493
0.0231934
0.02075
0.181988
0.236148
0.0205339
0.0203143
0.0203539
0.254887
0.251069
0.250436
0.0199023
0.242702
0.0202036
0.0203032
0.0704752
0.0527249
0.292213
0.0225302
0.0774054
0.0204991
0.0199616
0.252823
0.0591381
0.0239338
0.290455
0.242077
0.273069
0.256313
0.246893
0.0703594
0.239188
0.0199006
0.0806127
0.0804186
0.022933
0.254768
0.255108
0.0211301
0.0201222
0.0199455
0.362978
0.255794
0.236808
0.021517
0.0198954
0.0200987
0.0839745
1.43914
0.347143
0.0805066
0.0211927
0.0810408
0.271975
0.0200792
0.260618
0.020164
0.156981
0.0199887
0.020662
0.0253237
0.0293133
0.0821779
0.0198859
0.0201082
0.0199039
0.133984
0.020399
0.0201272
0.182124
0.0362928
0.0207812
0.167331
0.0204783
0.0199195
0.281986
0.027751
0.0212205
0.0787372
0.0204518
0.232257
0.0201789
0.261574
0.0215237
0.0200272
0.0201709
0.0209681
0.248262
0.0604932
0.296241
0.245392
0.0219939
0.132468
0.0220532
0.139983
0.0200718
0.0202522
0.0198997
0.264785
0.0198684
0.246154
0.0208925
0.0200904
0.0263142
0.0571334
0.236723
0.0262395
0.0202034
0.0199016
0.0199733
0.252832
0.0209571
0.145263
0.25378
0.02077
0.0214418
0.0463493
0.0756607
0.0200213
0.0210102
0.0207362
0.255189
0.0723897
0.0199089
0.020525
0.793234
0.377191
0.0208554
0.0199946
0.01688
0.0209562
0.0203914
0.0209993
0.0204876
0.240934
0.021453
0.194635
0.0208439
0.237012
0.111002
0.237455
0.198708
0.0200527
0.275343
0.0200876
0.2906
0.29796
0.299376
0.0206801
0.104032
0.244296
0.0227409
0.25206
0.256605
0.332953
0.0209001
0.0199402
0.0199166
0.0206761
0.0233805
0.0210243
0.264313
0.0205292
0.0209331
0.0198645
0.0372325
0.0203923
0.181026
0.261904
0.251069
0.229589
0.0242351
0.0238448
0.020556
0.020863
0.0221065
0.0322556
0.020255
0.0198853
0.0200507
0.132401
0.0201218
0.172867
0.0206243
0.0201992
0.0208429
0.0192041
0.0204808
0.281608
0.0206802
0.0204059
0.0205007
0.262307
0.248742
0.242566
0.0202345
0.0603318
0.0235419
0.255505
0.254894
0.0202246
0.0204544
0.0243667
0.21892
0.0200764
0.0206994
0.0211626
0.0202203
0.171563
0.0440041
0.0204821
0.113364
0.394402
0.0215155
0.0909532
0.0203831
0.268695
0.0370478
0.0211875
0.248649
0.0199027
0.0205121
0.0200765
0.0268113
0.0200931
0.020139
0.70987
0.0202915
0.0198845
0.0205558
0.0201436
0.0201866
0.0201216
0.0201729
0.252145
0.337551
0.0224026
0.0205102
0.0250816
0.055721
0.0204329
0.0215943
0.169206
0.0232628
0.035826
0.0213405
0.0349982
0.0198801
0.0407839
0.0198908
0.0237957
0.0214237
0.0201094
0.221128
0.0209487
0.143995
0.362633
0.0223923
0.0203749
0.214913
0.251977
0.0236503
0.327789
0.252841
0.0203233
0.0208634
0.0205389
0.0207295
0.020287
0.019731
0.903331
0.0203694
0.023161
0.0204941
0.0206224
0.239826
0.482353
0.0209754
0.0205152
0.481111
0.307744
0.0204734
0.0201621
0.0212078
0.0670487
0.0203286
0.0226417
0.0201757
0.0200561
0.0199801
0.02107
0.0206337
0.0198851
0.0201476
0.0198748
0.022059
0.0199623
0.0199902
0.0199931
0.0216546
0.0201498
0.320304
0.421055
0.0208823
0.0201851
0.0216867
0.0208413
0.0199774
0.371556
0.689914
0.0199815
0.312573
0.0199842
0.0199781
0.0286736
0.0196573
0.0206458
0.214419
0.0200111
0.0196902
0.02066
0.283085
0.0208273
0.373515
0.398085
0.0202964
0.0202118
0.0198718
0.199521
0.0243859
0.0213082
0.0256342
0.70043
0.0217117
0.0209922
0.0210707
0.0210874
0.0204337
0.0228992
0.689464
0.390288
0.0918206
0.0256988
0.0200983
0.0211771
0.0199653
0.185534
0.0204192
0.216278
0.0202476
0.0259656
0.019977
0.020404
0.338127
0.020023
0.0200104
0.020029
0.0567914
0.177806
0.0202552
0.01997
0.0237223
0.0205878
0.0237861
0.247122
0.0240346
0.0202692
0.247967
0.0563215
0.275655
0.0220457
0.238903
0.276681
0.02032
0.0217169
0.0200226
0.0233372
0.0198701
0.0207076
0.0199985
0.0220309
0.150135
0.0213364
0.268207
0.0400156
0.0249008
0.42793
0.020312
0.0219343
0.0840287
0.0217526
0.0227956
0.266732
0.0197054
0.666492
0.0202693
0.0207735
0.33301
0.019884
0.0223923
0.021939
0.11523
0.0204847
0.026281
0.229193
0.0528893
0.2592
0.026768
0.0200237
0.0203602
0.0205019
0.0208402
0.020174
0.0203426
0.0206858
0.0866618
0.023635
0.390572
0.258612
0.020783
0.0214479
0.020064
0.0209007
0.535956
0.0203335
0.729334
0.251827
0.230227
0.0202606
0.0287384
0.0207398
0.251194
0.0232981
0.02113
0.0333772
0.0198731
0.020188
0.0303925
0.0207018
0.020238
0.382643
0.344671
0.0292
0.348014
0.0205528
0.0201193
0.185609
0.0894475
0.334489
0.0226915
0.0206079
0.0200465
0.557651
0.0209194
0.325743
0.0391794
0.0197524
0.0268942
0.0198789
0.0201032
0.0217145
0.246929
0.0212347
0.0217044
0.0295732
0.0200707
0.021016
0.0207925
0.292573
0.0207679
0.0207023
0.020413
0.020463
0.213559
0.0200399
0.0199951
0.0211659
0.0206992
0.0205163
0.132358
0.020058
0.0241844
0.195627
0.0201402
0.0205731
0.325479
0.0200703
0.0205143
0.0299713
0.0210137
0.0204227
0.020668
0.23998
0.0207362
0.0208765
0.22183
0.0198396
0.0211369
0.020637
0.0200884
0.387198
0.0201219
0.0202651
0.0206619
0.019893
0.205982
0.292223
0.0201209
0.0220642
0.0374982
0.0199344
0.0202814
0.0213605
0.020131
0.0212422
0.0215129
0.020594
0.0201865
0.260847
0.0204322
0.0206539
0.249656
0.291421
0.19884
0.0202819
0.0222481
0.0208747
0.243055
0.0207537
0.0431778
0.442431
0.324583
0.0406861
0.404656
0.0201418
0.0207948
0.0304204
0.0220103
0.246169
0.456535
0.0198906
0.0203626
0.0202264
0.0216524
0.01987
0.0204717
0.0199757
0.0210323
0.0212101
0.0548445
0.0198808
0.0306259
0.226053
0.0200693
0.242927
0.0196775
0.0202426
0.0227548
0.0201374
0.0204093
0.0198446
0.0221925
0.0249926
0.0201623
0.0208893
0.0238164
0.0205245
0.020748
0.0242315
0.0204801
0.0203336
0.323405
0.274042
0.0204942
0.020627
0.0200093
0.203029
0.122365
0.0201008
0.0219635
0.0251707
0.025938
0.0219646
0.2667
0.0208135
0.0409514
0.258516
0.19033
0.298481
0.297885
0.27423
0.0202443
0.0219772
0.0201769
0.0376554
0.0205019
0.0204015
0.0281021
0.0204068
0.0522274
0.0207852
0.198657
0.0205908
0.0205513
0.0202285
0.0199376
0.298728
0.0248295
0.0202125
0.0199639
0.0578416
0.0245653
0.0422112
0.0202677
0.0204875
0.295681
0.0206937
0.32177
0.019638
0.0208233
0.24634
0.0279623
0.0322726
0.0211074
0.163512
0.0222434
0.0202614
0.0212238
0.0204319
0.0210858
0.0206178
0.0210311
0.339089
0.0650827
0.287568
0.150978
0.0209333
0.0232501
0.020389
0.0196877
0.126819
0.0205274
0.02047
0.0196692
0.0206926
0.0202458
0.0206441
0.0928938
0.302489
0.315165
0.0944494
0.0227531
0.020245
0.020253
0.0202861
0.338166
0.02129
0.171167
0.0225164
0.296793
0.0199933
0.0206192
0.210738
0.0207514
0.020269
0.0214582
0.0211489
0.0207446
0.0203044
0.0201588
0.020103
0.0199999
0.020698
0.0201124
0.0203291
0.257192
0.020157
0.0204575
0.0207932
0.0200469
0.0203019
0.0247931
0.271602
0.0208988
0.0208313
0.0211139
0.268316
0.211334
0.0465682
0.223197
0.0205561
0.0207737
0.0206177
0.0208425
0.0209278
0.0206392
0.0202634
0.0203157
0.0204097
0.0444523
0.0214487
0.0201295
0.255754
0.0207746
0.0223223
0.53975
0.0209595
0.0864212
0.386523
0.0201293
0.0215005
0.0225989
0.335787
0.479383
0.484505
0.0205243
0.020338
0.0203284
0.0205903
0.0209038
0.0205691
0.0238646
0.0852014
0.0246669
0.0256683
0.306179
0.0201546
0.0211847
0.0241319
0.215196
0.0202564
0.308438
0.0203571
0.0204781
0.0197368
0.0200499
0.430407
0.0207455
0.0203118
0.0203287
0.0206291
0.0628379
0.299766
0.020057
0.0205822
0.0211324
0.431385
0.0228739
0.0225411
0.321759
0.158099
0.0204356
0.0204332
0.250809
0.0203329
0.0203537
0.211235
0.0212882
0.0204077
0.0201355
0.0206238
0.24875
0.0264738
0.0252957
0.0214244
0.0202409
0.0205589
0.0290873
0.0206316
0.0212331
0.0203469
0.0333798
0.257564
0.0203954
0.0208482
0.0203834
0.2371
0.0241893
0.0595052
0.146839
0.0222325
0.020862
0.020007
0.173818
0.020689
0.43989
0.0204254
2.28626
0.0206204
0.276639
0.0422584
0.0206707
0.0212484
0.277045
0.0208898
0.0262872
0.0212426
0.23751
0.0205174
0.0205266
0.0211939
0.0205298
0.0283196
0.0216954
0.0205075
0.020749
0.412032
0.0290199
0.0208466
0.0210577
0.321387
0.0205459
0.5371
0.0216924
0.0947789
0.243257
0.236419
0.0199925
0.303866
0.0201082
0.0204071
0.677108
0.020651
0.0207
0.022244
0.0241982
0.0213748
0.0202096
0.0203573
0.0270909
0.0202832
0.0219208
0.182197
0.0196365
0.264086
0.0205897
0.135401
0.0212617
0.0214462
0.0200856
0.352842
0.0220301
0.0531309
0.020412
0.0257307
0.0213058
0.0222543
0.0202276
0.0196411
0.0204994
0.0201927
0.032241
0.417217
0.0203203
0.0205194
0.16956
0.0208209
0.0237506
1.75455
0.0206354
0.0207597
0.234435
0.0303985
0.0204066
0.0208946
0.0214251
0.0218654
0.0204097
0.0216611
0.036251
0.427674
0.0206953
0.335256
0.0208315
0.0207564
0.0208279
0.0220517
0.22005
0.400331
0.0293509
0.0213472
0.0206491
0.05161
0.0205933
0.0205624
0.020907
0.42957
0.0202264
0.0196489
0.0206785
0.0230946
0.191063
0.0231701
0.0208768
0.0265975
0.0202673
0.020391
0.0230853
0.430063
0.0251274
0.41211
0.0269389
0.0201667
0.0258691
0.0201942
0.0239511
0.025666
0.225661
0.323185
0.019931
0.0234096
0.0258016
0.0288997
0.520278
0.663301
0.0204442
0.39475
0.0206798
0.0212233
0.0203655
0.0432167
0.0211104
0.177679
0.0205618
0.021509
0.381235
0.0214942
0.406563
0.0205435
0.39617
0.0574218
0.0202359
2.32953
0.0211488
0.382864
0.0345
0.408878
0.0202698
0.0215747
0.0203775
0.0216139
0.0207138
0.175031
0.0208688
0.0198513
0.020984
0.0203142
0.208788
0.0209103
0.0239134
0.0207681
0.0243653
0.0207772
0.0241389
0.0207158
0.0208415
0.0201273
0.0209092
0.0208649
0.0213925
0.0213905
0.0206894
0.28328
0.0213104
0.0204946
0.0205075
0.51318
0.275163
0.0205216
0.0200194
0.0213994
0.0228784
0.304247
0.046326
0.0200376
0.192879
0.0202847
0.0202882
0.0234197
0.0215575
0.0209804
0.264623
0.0293726
0.0206572
0.0209079
0.0248298
0.0207631
0.0203113
0.0205032
0.0208231
0.021167
0.020941
0.0208349
0.020978
0.0246478
0.030543
0.0208305
0.0206463
0.403593
0.0368945
0.272548
0.0207063
0.0205212
0.532718
0.0244145
0.333359
0.0256498
0.255143
0.020589
0.0220905
0.0205412
0.0206414
0.206155
0.0210052
0.0223871
0.0208192
0.021465
0.0212091
0.0264805
0.0353718
0.0271943
0.0210307
0.021665
0.25805
0.020613
0.0208844
0.0228397
0.0205974
0.282328
0.0207095
0.0199527
0.34503
0.0246188
0.0587252
0.0211084
0.0211944
0.0211297
0.0203941
0.0204317
0.0205496
0.0203519
0.0207958
0.327786
0.0200392
0.486411
0.0281852
0.021541
0.0233635
0.0212733
0.0212696
0.0209466
0.0207434
0.29906
0.0260684
0.384769
0.0211982
0.704576
0.0205247
0.0628861
0.0210315
0.0228414
0.262328
0.0207411
0.0305785
0.0208987
0.0203041
0.0205201
0.0209073
0.776226
0.280849
0.156438
0.0207072
0.0207998
0.0206547
0.252058
0.0208059
0.0214634
0.0266998
0.0264889
0.764319
0.020523
0.020623
0.0208606
0.0239689
0.303748
0.0205376
0.0269957
0.0204183
0.0198525
0.271967
0.0206329
0.0312549
0.0221402
0.23046
0.0206915
0.0711183
0.0221667
0.0216123
0.021341
0.0212123
0.0245481
0.396896
0.383676
0.240484
0.0214309
0.051193
0.0196647
0.0225313
0.0206053
0.0218646
0.538207
0.0202406
0.271823
0.0263467
0.0226951
0.0232954
0.376291
0.262749
0.0476541
0.0211171
0.0212924
0.0279082
0.020948
0.0199414
0.0199921
0.329204
0.736424
0.0196423
0.0319676
0.0216675
0.0284791
0.425167
0.0203868
0.390397
0.0797223
0.0210668
0.0321541
0.392565
0.0213174
0.121648
0.0206547
0.0198812
0.0234782
0.405001
0.0212879
0.0307596
0.0206432
0.0587015
0.0296742
0.0246263
0.0208379
0.232803
0.244657
0.0202143
0.0199267
0.0207548
0.0212354
0.0212474
0.0196355
0.0270922
0.020111
0.401182
0.020932
0.506517
0.0212286
0.0219146
0.264104
0.0210913
0.0201027
0.244102
0.0207572
0.0206114
0.0209086
0.0201138
0.0231875
0.02081
0.0197038
0.0969428
0.0200092
0.0279698
0.021045
0.0247818
0.0202831
0.020584
0.614745
0.0200852
0.0206105
0.497408
0.310999
0.0209301
0.0211975
0.383542
0.0208945
0.0208127
0.0207617
0.0531387
0.0211605
0.0206803
0.0300258
0.021568
0.0220352
0.0210512
0.0205961
0.0207011
0.0206808
0.0205744
0.0302229
0.282673
0.0274451
0.0207428
0.0205624
0.0210962
0.244935
2.10826
0.0241807
0.356761
0.0346287
0.019951
0.0196698
0.255212
0.28944
0.0209234
0.0200867
0.497234
0.26321
0.0299516
0.0215433
0.0198537
0.0207563
0.309364
0.0213784
0.0292557
0.395953
0.0206341
0.449569
0.114648
0.0214202
0.0206142
0.0210429
0.0207374
0.0430098
0.0210763
0.0278005
0.0207671
0.0215037
0.0212435
0.0204648
0.0311852
0.0209637
0.0207685
0.0206334
0.299111
0.0200536
0.0208016
0.0213293
0.691472
2.13229
0.0204467
0.0863844
0.0205067
0.0202843
0.020619
0.0311217
0.0259239
0.0206183
0.0205356
0.0212476
0.263972
0.0206092
0.276883
0.0200969
0.0252843
0.0211476
0.0206103
0.0199324
0.0204268
0.0224537
0.0832104
0.0225011
0.0208581
0.0211609
0.281863
0.0212456
0.0206628
0.0251744
0.0220583
0.0210909
0.020796
0.244194
0.0239181
0.0299852
0.0257342
0.0264649
0.0205851
0.0211901
0.0206078
0.020965
0.0221013
0.326311
0.0209504
0.0210727
0.0208423
0.0261131
0.0273857
0.0231945
0.699555
0.0259352
0.021115
0.040751
2.5518
0.394751
0.0697706
0.0215156
0.0206556
0.0212041
0.025611
0.0208113
0.164433
0.0305072
0.020695
0.389634
0.0204701
0.0212454
0.0208788
0.0207534
0.297927
0.0208278
0.0207054
0.0402542
0.105665
0.0338769
0.34039
0.0207706
0.418727
0.184291
0.424628
0.0262255
0.0201664
0.174161
0.0196931
0.0231966
0.0222548
0.18356
0.0206664
0.0277916
0.020855
0.0218431
0.0205964
0.0201065
0.0207951
2.90106
0.27738
0.0211374
0.361224
0.0213525
0.0205222
0.0290624
0.0550085
0.021172
0.0380386
0.476523
0.0271832
0.0210673
0.0207912
0.0224833
0.02156
0.638515
0.0207237
0.023624
0.0210479
0.0207125
0.0207602
0.0251223
0.0200539
0.0208757
0.0327243
0.0208542
0.0198551
0.0218343
0.0258264
0.0336656
0.0527757
0.0210668
0.713665
0.0213456
0.0207349
0.022378
0.0340595
0.253281
0.0207796
0.0207155
0.0207799
0.0208538
0.0643697
0.272657
0.571665
0.021221
0.0202753
0.0259226
0.0200937
0.0234616
0.0207823
0.18691
0.680241
0.0255848
0.0208405
0.0346161
0.3083
0.0210026
0.537897
0.0201139
0.20269
0.265901
0.0207326
0.178425
0.0239258
0.0791695
0.0208671
0.673401
0.0249338
0.268495
0.0210067
0.0210003
0.0212061
0.0230277
0.0207301
0.238946
0.0205912
0.128779
0.377513
0.0491543
0.131828
0.0201056
0.0207041
0.0207346
0.0202787
0.0212735
0.0211819
0.0312307
0.137572
0.24212
0.0210076
0.0210456
0.0211572
0.0239976
0.0242756
2.09677
0.0207361
0.0212135
0.0208369
0.0239741
0.0212033
0.0209599
0.339956
0.286917
0.0282901
0.0207921
0.0274468
0.0196638
0.699637
0.0211853
0.020486
0.226388
0.0209252
0.0218065
0.0257551
0.0216662
0.0213684
0.0208199
0.028547
0.0208647
0.0247027
0.709024
0.021191
0.110543
0.0205399
0.0277967
0.0214532
0.0207718
0.428882
0.0210602
0.0242029
0.0256626
0.0208002
0.0237957
0.0200666
0.0213259
0.474578
0.0204208
0.0211174
0.573158
0.0216045
0.0373229
0.0199337
0.273221
0.0203677
0.430414
0.0209967
0.0265746
0.0212495
0.252054
0.0207879
0.0202969
0.0207953
0.0216098
0.0203602
0.0232455
0.0206113
0.281303
0.0210947
0.0214937
0.0206989
0.0205672
0.0208209
0.0208137
0.0208131
0.354561
0.0672941
0.0249388
0.0207721
0.0210675
0.022691
0.0207392
0.0206116
0.132467
0.0225409
0.0199546
0.0215099
0.0208515
0.0212776
0.281415
0.0303684
0.0210343
0.0208139
0.02117
0.0209133
0.0209028
0.0202088
0.270868
0.200789
0.0207303
0.019933
0.0206042
0.0207305
0.0209779
0.0208069
0.020909
0.101274
0.0208541
0.0231427
0.15333
0.261879
0.0207808
0.0302089
0.0245488
0.719151
0.0526372
0.0207036
0.0225132
0.0240611
0.0213465
0.024219
0.0212617
1.4837
0.312899
0.0325648
0.0243665
0.167732
0.0249733
0.0209766
0.109076
0.0212035
0.0206109
0.0207268
0.0306016
0.0412824
0.371625
0.021042
0.0211376
0.217634
0.169832
0.0251096
0.219434
0.0205952
0.0307104
0.0211838
1.96875
0.0207859
0.0210833
0.0213082
0.0212544
0.0203795
0.0225022
1.6723
0.38346
0.0204751
0.0269574
0.0213091
0.261244
0.0237835
0.0211125
0.0221261
2.05663
0.841336
0.0211182
0.0225176
0.0207056
0.0208956
0.0200944
0.0203774
0.276249
0.0212242
0.0462425
0.0585108
0.0230938
0.0209224
0.0208158
0.294049
0.0213753
0.0213871
0.0203128
0.0208116
0.0213546
0.0212033
0.243757
0.4997
0.020726
0.288196
0.0275455
0.0208138
0.0202816
0.0215203
0.0202959
0.023232
0.410033
0.0242569
0.0223219
0.693844
0.0212738
0.699429
0.0210941
0.0207521
0.0209616
0.0204936
0.0209578
0.388333
0.0407716
0.0209919
0.0629184
0.0213017
0.0235345
0.665926
0.0215289
0.0212084
0.0231657
0.0210351
0.0213558
2.13028
0.0307658
0.0208096
0.0201676
0.022905
0.278499
0.0216852
0.0200228
0.0671215
0.533146
0.0211286
0.0208887
2.5533
0.0221576
0.020556
1.93359
0.0732649
0.167628
0.0226579
0.0754008
0.0255913
0.0251601
0.0238245
0.0206781
0.269443
0.020727
0.0209241
0.666698
0.0209685
0.0207158
0.0213932
0.056888
0.0207
0.0210921
0.0209896
0.0230001
0.0200722
0.0209466
0.0234186
0.124393
0.022106
0.592388
0.0468329
0.0199471
0.0263837
0.0449309
0.0212953
0.0210571
0.828611
0.0212762
0.0333374
0.0210342
0.0213278
0.0685288
0.020008
0.0207958
0.0209394
0.52124
0.0210113
0.0362713
0.0202723
0.0208726
0.0200873
0.332238
0.0212691
0.0208831
0.020728
0.241821
0.021367
0.0693263
0.0212584
0.0208525
0.0264753
0.528468
0.0210298
0.221153
0.0163794
0.0200768
0.0214113
0.030268
0.0200091
0.0208877
0.261269
0.0211764
0.0217311
0.778562
0.0201565
0.0213881
0.0229363
0.0288547
0.228373
0.0264645
0.182274
0.39372
0.0210973
0.260436
0.0285942
0.191006
0.0216292
0.593586
0.0282346
0.020364
0.392999
0.0210269
0.105691
0.0211968
0.433964
0.431983
0.0240778
0.0206372
0.287448
0.0206361
0.0444413
0.0202091
0.0203764
0.0215049
0.0740057
0.020936
0.0209893
0.0209415
0.0212738
0.0214521
0.0212747
0.0197093
0.020983
0.0828251
0.269393
0.0210056
0.0239718
0.0209412
0.022514
0.904873
0.129203
0.0226628
0.139793
0.022684
0.0217437
0.0228494
0.0274467
0.0272522
0.0204075
0.0237444
0.025364
0.0815973
0.0211215
0.0210644
0.0201264
0.0243947
0.0207244
0.0319767
0.561125
0.0665823
0.0219664
0.0206458
0.0234673
0.0201919
0.0199482
0.0288526
0.719985
0.0205623
0.0343109
0.0229043
0.0212751
0.0287031
0.0212297
0.0215029
0.0206634
0.0201728
0.0200619
0.0199468
0.0260231
0.0220329
0.0204742
0.0224309
0.0251408
0.0196408
0.0206799
0.0226808
0.0210861
0.0233576
0.0212133
0.0228245
0.0210126
0.033887
0.0215239
0.0212335
0.600517
0.0294499
0.021013
0.0281655
0.0210352
0.0206105
0.020971
0.0206904
0.0223397
0.0215971
0.0257893
0.0219292
0.358837
0.02128
0.0207323
0.0345051
0.0203393
0.0211339
0.0291163
0.0209478
0.71051
0.0210646
0.0204106
0.288945
0.0310463
0.189614
0.0209237
0.0209395
0.0208009
0.0241656
0.0201544
0.0209339
0.0551469
0.0353863
0.439255
0.510753
0.0216938
0.305236
0.193502
0.0474932
1.7668
0.0302225
0.564587
0.023442
2.84887
0.146571
0.0199665
0.228464
0.0208458
0.0209228
0.0204376
0.0211758
0.0209418
0.0209281
0.0239631
0.868978
0.0231376
0.0288938
0.284496
0.0209567
0.0915311
0.0208125
0.0208318
0.0199472
0.0890578
0.0211382
0.393954
0.662336
1.78417
0.163646
0.112921
0.0200566
0.0364789
0.0341011
0.0204194
0.0231444
0.0360392
0.0213346
0.0207916
0.0210693
0.0209287
0.015975
0.0240571
1.43787
0.0338604
0.0207689
0.052482
0.0209361
0.0213945
0.0407511
0.156965
0.0235858
0.0210488
0.170727
0.0830012
0.0254793
0.148601
0.0212116
0.0217936
0.0214326
0.0442046
0.0199424
0.0211748
0.0208805
0.0207226
0.0204975
0.0247796
0.0211423
0.0213051
0.0249812
0.0214892
0.792931
0.0209369
0.0213626
0.245369
0.0211917
0.0210452
1.78107
1.84382
0.0212886
0.0207648
0.0282288
0.0219552
0.0214592
0.0214043
0.0206908
0.0212075
0.305312
0.0207793
0.0202687
0.0207423
0.0209751
0.0206813
0.0382827
0.0389412
0.0295012
0.0195627
0.282768
0.0211165
0.0212061
0.0206878
0.0207684
0.136876
0.0202796
0.02075
0.0245175
0.021191
0.0240811
0.03257
0.0207192
0.0237104
0.0357466
0.0211894
0.117359
0.0251342
0.0713606
0.0275529
0.426131
0.0213362
0.0227211
0.0204232
0.0208298
0.0209071
0.0663886
0.0215261
0.0203776
0.0203152
0.276175
0.0210358
0.0204146
0.0203732
0.0228535
0.0216065
0.0211263
0.0325771
0.274567
0.676915
0.0235767
0.0328337
0.0209765
0.0373106
0.0484029
0.0203667
0.0246126
0.15265
0.0207256
0.0221153
0.0211327
0.0204633
0.273448
0.0260836
0.0234079
0.101294
0.301234
0.029059
0.0202808
0.0200434
0.0767442
0.020723
0.0268095
0.0225954
0.0215
0.0281935
0.0231351
0.0251365
0.0210753
0.020576
0.0294345
0.0239815
0.68623
0.0576642
0.0345296
0.0220621
0.0214482
0.0270487
0.0210035
0.023178
0.0202957
0.0209457
0.346786
0.0246771
0.281505
0.201048
0.0309449
0.0213265
0.0692912
0.69188
0.3682
0.0201689
0.0217047
0.156206
0.0221168
0.0133568
0.261208
0.0211354
0.0489104
0.0598104
0.0760873
0.393767
0.0206725
0.0215908
0.095563
0.0253725
0.873097
0.187174
0.0490764
0.579389
0.0214164
0.020823
0.0252084
0.021414
0.0199517
0.0221712
0.0210462
1.86293
0.0211603
0.0208689
0.0292698
0.0239904
0.0210646
0.0213761
0.0212227
0.021152
0.0219277
0.0343884
0.0203472
0.0817657
0.0251256
0.704465
0.0237098
0.0212322
0.0241345
0.398139
0.0281325
0.0509911
0.0210109
0.021176
0.0201729
0.0218141
0.032333
0.0210437
0.0213584
0.0214614
0.0284619
0.0211684
0.758326
0.0212217
0.0223219
0.0250149
0.0303445
0.0234558
0.0211592
0.0241171
0.0212355
0.0214695
0.0211448
0.0212488
0.0217823
0.0329759
0.0207528
0.0211301
0.0214777
0.707831
0.0225595
0.0222872
0.0212205
0.0227205
0.0291042
0.0212154
0.0418599
0.830753
0.0209277
0.0314017
0.1414
0.0214108
0.0204979
0.0202889
0.0237495
0.0219698
0.0387222
0.0218925
0.0220904
0.0771524
0.02036
0.0207678
0.0215169
0.0262022
0.0263286
0.0213803
0.0289847
0.0211135
1.8221
0.0242803
0.026353
0.267899
0.0301119
0.0213104
0.0241161
0.0232382
0.0215221
0.0246065
0.0211391
0.0229408
0.0215169
0.0210541
0.0208305
0.0210834
0.0209925
0.0241158
0.0312942
0.020603
0.0212392
0.0203659
0.273783
0.0401406
0.0214399
0.020238
0.0209156
0.0886624
0.0536605
0.0211869
0.400722
0.0214663
0.0206176
0.0205614
0.0209534
0.0215089
0.0212616
0.0210752
0.114396
0.0210652
0.0260077
0.0221354
0.0208733
0.382661
0.253417
0.0210683
0.0285185
0.284979
0.0207251
0.0207763
0.0210207
1.67309
1.84054
0.2504
0.682933
0.0216529
0.0326606
0.843412
0.0215028
0.0442952
0.352356
0.070818
0.0210686
0.0316339
0.0214576
0.0271402
0.405567
0.0213348
0.0273932
0.0212684
0.0235289
0.0251533
0.102474
0.0238812
0.0203752
0.0208952
0.0201731
0.656924
0.020962
0.0229798
0.0223171
0.231512
0.0211176
0.135123
0.301832
0.797707
0.269889
0.0263924
0.686006
0.0205752
0.0210967
0.0213569
0.0958786
0.0212299
0.0211787
0.0223479
0.020245
0.0212762
0.0218371
0.0224797
0.0208097
0.0216034
0.0214744
0.0206815
0.0204385
0.356313
0.0208626
0.020786
0.0225852
0.252843
0.0217655
0.0399622
0.022523
0.0265539
0.239357
0.024547
0.0209259
0.0212906
0.208575
0.0218591
0.608575
0.0246365
0.0211983
0.0251623
0.0622192
0.0210833
0.0205915
0.0205243
0.0211729
0.230271
0.420596
0.0204382
0.0203361
0.0267928
0.021183
0.0213331
0.0441424
0.0452494
0.0206297
0.0235235
0.021445
0.0606873
1.86213
0.0264873
0.020571
0.0521648
0.0550808
0.0210877
0.0445005
0.0211312
0.628878
0.020555
0.0959951
0.0211182
0.0580091
0.0235473
0.0211904
0.0250884
0.0254923
0.0214224
0.0258127
0.0257046
0.0210971
0.0235516
0.0212165
0.134467
0.0236392
0.0206891
0.0237612
0.0214714
0.0212009
0.124153
0.025012
0.0245791
0.0209587
0.0211711
0.0203882
0.0212819
0.020944
0.0210538
0.0212864
0.0208944
0.425522
0.0340085
0.0216124
0.0206963
0.0459985
0.256012
0.0326969
0.0202993
0.0211093
0.0251045
0.0211183
0.0271098
0.025745
0.0213811
0.0220872
0.0212114
0.246299
0.250846
0.266751
0.0219872
0.121167
0.0251453
0.020913
0.0209301
0.0201563
0.0461271
0.0211181
0.0199732
0.0206781
0.426079
0.349791
0.0222668
0.0199556
0.0214961
0.0312377
0.021097
0.30232
0.0209153
0.021043
0.0241656
0.021102
0.0213148
0.04324
0.214999
0.0263513
0.0213326
0.0578007
0.0210994
0.0216484
0.021354
0.338917
0.0211025
0.0211629
0.0212929
0.0214926
0.0603175
0.176913
0.0279405
0.0380663
0.0208721
0.0207894
0.0323187
0.0211092
0.0204635
0.0344378
0.0200293
0.0221629
0.0208092
0.0212647
0.36918
0.0489488
0.0657683
0.0210843
0.0847057
0.0663902
0.0224954
1.89118
0.0219469
0.0211318
0.0205963
0.0203026
0.0204324
0.0222275
0.0226082
0.0213864
0.0257037
0.0210837
0.0210973
0.0234483
0.0210543
0.045525
0.0209418
0.0202293
0.0212124
0.0213849
0.363508
0.0206538
0.0213419
0.0389932
0.0271519
0.0201796
0.0364646
0.0960399
0.0262663
0.277405
0.0532539
0.0212543
0.0209799
0.0351221
0.0211989
0.0493087
0.0358847
0.0213925
0.0214565
0.0208861
0.020698
0.0210484
0.221275
0.0218543
0.0214764
0.0236232
0.0219814
0.0213855
0.0207406
0.249053
0.0245791
0.0203775
0.0212433
0.0215653
0.0234259
0.243885
0.0571377
0.0200597
1.11212
0.0527498
0.13036
0.0199399
0.0206273
0.455728
0.138547
0.0224834
0.0214037
0.0212233
0.0203198
0.0200542
0.0200406
0.0207637
0.0217709
0.0309402
0.0209173
0.0201577
0.0211298
0.0283097
0.0219268
0.0210252
0.0277546
0.0201769
0.271533
0.0280451
0.0214206
1.16597
0.099348
0.196432
0.0204419
0.020301
0.0210886
0.934666
0.0282213
0.0214374
0.0215049
0.0234506
0.0212228
0.122124
0.0212439
0.0276759
0.0212976
0.0200394
0.0361231
0.219689
0.0219377
0.0290291
0.0214878
0.0212188
0.252418
1.61369
0.020939
0.0205583
0.0272942
0.0360764
0.0278881
0.0204553
0.0310315
0.0400556
0.0268514
0.0210957
0.0212038
0.0210324
0.0207779
0.0241016
0.0209568
0.0264416
0.0379476
0.0231182
0.0417545
0.0289278
0.0212167
0.0213654
0.0689231
1.65851
0.694415
0.0693863
0.0200453
0.0417518
0.0214887
0.0204212
0.0229222
0.0223717
0.0217166
0.0610918
0.713642
0.291699
0.114626
0.0212705
0.0591429
0.0201678
0.0203455
0.0228322
0.0262954
0.253707
0.0233576
0.0269652
0.0277196
0.229664
0.148453
0.0211383
0.0215115
0.16377
0.109447
0.0208985
0.419695
0.252463
0.0212151
0.0221336
0.0201127
0.0221959
0.0215072
0.0290797
0.404712
0.0213185
0.0201785
0.392441
0.11024
0.201924
0.0291796
0.13204
0.0493412
0.336098
0.294721
0.0219536
0.0210788
0.0604963
0.0211504
0.0214444
0.0203762
0.0208621
0.684529
0.0292111
0.0274188
0.22431
0.0235401
0.027055
0.0212487
0.0277297
0.225894
0.0199116
0.0452327
0.554454
0.0481679
0.0215
0.0232026
0.0225036
0.020064
0.0205359
0.0692887
0.0241796
0.0211175
0.0325129
0.0302877
0.0219511
0.0692108
0.024557
0.0231662
0.537194
0.0205556
1.89861
0.021659
0.0260168
0.0443167
0.0254082
0.254915
0.0214971
0.0270117
0.0211924
1.92125
0.0273252
0.0454934
0.0201821
0.0614371
1.91946
2.6539
0.0206468
0.0253703
0.029492
0.0207882
0.0203807
0.0263337
0.382503
0.0204829
1.79346
0.023071
0.021328
0.021264
0.0229253
0.0259786
0.50375
0.110713
0.0282103
0.0218577
0.0214977
1.76597
0.0204562
0.0210634
0.253354
0.571523
0.0223418
0.0208218
0.0212022
0.207274
1.98374
0.0295854
0.0214264
0.0474698
0.0203607
0.0330202
0.0213578
0.0204158
0.308526
1.93429
0.030069
0.0227055
1.68285
0.0338752
0.0239743
0.0213869
1.51931
0.0237135
0.0226535
0.194339
0.031426
0.996165
0.147171
0.0214375
0.446911
0.0318875
0.0297628
0.0205795
0.117693
0.0302169
0.0210943
2.45116
0.0214766
0.0214167
2.82445
0.021035
0.0433393
0.0206825
0.0321755
0.0267525
0.0210145
2.27229
0.0441002
0.0202596
0.100615
0.0209065
0.0209152
1.58082
0.0710289
0.0460727
0.662507
0.0335136
1.86218
0.0213642
2.05426
0.0276181
0.0206672
0.0320789
0.438653
0.0203297
0.0213742
0.0201207
0.0214113
0.0217957
0.0201827
1.88616
0.0243224
1.92431
0.0214804
0.3267
0.0214654
1.92043
0.0208147
0.0207745
0.0214236
0.0214517
1.83995
2.35794
0.0204053
0.0218257
1.39892
0.0695579
0.022244
0.0204923
0.0205723
0.156127
0.425733
0.380859
0.0293884
0.0203602
0.0203602
0.022337
0.022599
0.0213698
0.0232494
0.247449
0.0252958
1.53131
0.0218967
0.0203419
0.026449
2.48531
0.0205666
0.0229205
0.0196431
0.0251171
0.0213725
0.0222992
0.0214872
0.0226816
0.0213731
0.248261
0.0353914
0.0210699
0.0213773
0.0220048
0.0220387
0.0616346
0.0383824
0.0512672
0.0204593
0.0213803
0.0210886
0.0728713
2.16523
0.0525154
0.0227034
0.0233822
0.617677
3.23183
0.0202137
0.924799
0.0570406
0.0218155
2.00237
0.0213461
0.372849
0.0212015
0.0211828
2.04334
0.386027
0.0213158
0.0541801
0.0651819
0.020202
2.55056
0.0213575
2.37548
0.366962
0.0360315
0.0930454
0.070579
0.0211918
0.0262046
0.0222491
0.0213993
0.0200267
0.0630329
0.107435
0.0218608
0.0204533
0.0214771
0.0247133
0.0515606
0.0214244
0.251597
0.729944
0.0665221
0.132589
0.0218432
0.0207965
0.0209451
0.0248726
0.0232047
0.0262728
0.0232958
1.10223
0.03565
0.0225882
1.93318
1.72005
0.0422236
0.0206622
0.0248609
0.0319757
0.211203
1.8145
0.0210233
0.0208599
0.35379
0.0204382
0.0360222
0.0206534
0.0206646
0.0291435
0.0319449
0.048205
0.86579
0.0890226
1.71052
0.0438151
0.0682024
0.0456626
0.223445
0.0211164
0.404888
0.415079
0.0562745
0.0227898
0.0237465
0.0211023
0.0204431
0.025314
0.022074
0.0240969
0.0381868
1.39644
0.03127
0.0227222
0.0220971
0.073861
0.0329175
0.0496071
0.0210248
0.0214812
0.0878287
0.207556
1.48127
0.0195532
0.0195557
0.0218891
0.0499579
0.25345
0.020159
0.0369805
0.0217425
0.0625608
0.021232
0.0403436
0.0211005
0.0205601
0.666899
0.0214526
0.0205648
0.0217043
0.0623263
0.0248503
0.0228946
0.020737
0.0223617
0.0510559
0.0270541
0.0207181
0.104488
0.0294491
0.0239337
0.0536343
0.0304998
0.020757
0.0294125
0.0275655
0.154819
0.023371
0.0222651
0.020612
0.0613391
0.020244
0.0956477
0.0203024
0.238024
0.0204126
0.0303132
0.0202904
0.024216
0.0200768
0.0280607
0.0229458
0.0211346
0.0236398
0.020442
0.0213967
0.424986
0.020562
0.0320332
0.0298417
0.0209845
0.0205734
0.0216307
0.0310492
0.0924496
0.0210634
0.0243542
0.0202597
0.0420141
0.0225134
0.0259702
0.0208823
0.0216831
0.0369651
0.0296184
0.0440835
0.0809236
0.0330081
0.0244892
0.0208421
0.0261986
0.238842
0.0204457
0.0209865
0.0311986
0.0211974
0.0800649
0.0662476
0.0198726
0.0320174
0.0259747
0.0213466
0.0208939
0.0205247
0.508469
0.020749
0.0216008
0.0223415
0.0222496
0.0203947
0.0227068
0.019859
0.0213359
0.0207186
1.82391
1.90952
0.0211074
0.0617053
0.11869
0.0253037
0.0652022
0.0216297
0.0263904
0.0216886
0.0267446
0.0210218
0.0226877
0.0278415
0.0205742
2.3973
0.607164
0.0204227
0.0212305
2.00686
0.0206458
0.0213233
0.0280392
0.0212156
0.0355318
0.0463734
2.21221
0.0214167
0.0212127
0.0211435
0.123639
0.0219045
0.0207395
0.0206368
0.0213987
0.0241049
0.0238488
0.0223522
0.020035
0.0309542
1.97772
0.0485126
0.0213685
0.0210241
0.251511
0.0202234
0.0211098
0.753001
2.48493
0.0377743
0.71776
0.0230086
0.0205701
0.0202395
0.0288699
0.0203985
0.0303819
0.0230494
0.026093
0.0211072
0.431241
0.0207465
0.0231617
0.0212166
0.0207294
0.0232677
0.0206433
0.0253628
0.0209979
0.0589989
0.0212013
0.038221
0.0754088
0.026144
0.400431
0.029743
2.24075
0.263926
0.0323444
0.0212539
0.305294
0.0205713
0.021365
0.020668
0.246371
0.0215834
0.0207324
0.0718155
0.0207677
0.246502
0.0206172
0.47401
0.0204549
0.0274889
0.0207464
0.0297319
0.0217966
0.0387179
0.0239044
0.265613
0.022873
0.0228468
0.0210648
0.0210966
2.25075
0.0212798
0.0296806
0.021547
2.25742
0.0206966
0.689706
0.0554219
0.0653698
0.0200935
0.0216541
0.0204125
1.42309
0.0589364
0.0206714
0.0251303
0.0208334
0.0211142
0.0222164
0.0212304
0.0211463
0.0221821
0.419328
0.0278413
2.12069
1.51745
1.91285
0.0211571
0.0203694
0.0272892
0.020805
0.02164
0.0215737
0.406883
1.09221
0.0212442
0.0256768
0.0210691
0.318479
0.0227549
0.533
0.0205002
0.0232983
1.40836
0.021086
0.0207826
0.116277
0.0204624
0.0207639
0.0541514
0.0205358
0.751477
0.152972
0.0739661
0.021743
0.0499387
0.11681
0.0357791
0.020295
0.0212387
0.0250759
0.0213775
0.0246261
0.246575
0.289085
0.0206459
0.183755
0.0211629
0.0213278
0.0218518
0.0272385
0.0203589
0.416199
0.0257232
0.0720391
0.0224393
0.0204957
0.0214872
0.0235222
0.0210042
0.0220093
0.636869
0.0205821
2.69095
0.0297601
0.0226092
0.0214816
0.0207279
0.0212516
0.0309606
0.0206619
0.0207818
0.0284923
0.0211303
0.026386
2.14076
3.27519
0.0274212
0.0204561
0.0206666
0.0213543
0.138466
0.0534223
0.0214859
0.0213644
0.0213721
0.0266289
0.0227848
0.0275124
0.0207201
0.046528
0.0213863
0.0519231
0.0211453
0.02115
0.0236428
0.0207045
0.0208177
0.0247075
0.0464008
0.0209651
0.0429171
0.296442
0.27433
0.0205736
0.0213707
0.0204639
0.0241365
0.0207799
0.0229637
0.267139
0.281361
0.0347909
0.0218411
0.0801901
0.0279146
0.0209942
0.389506
0.0210979
0.0837816
0.0207813
0.0209045
0.0239615
0.0209041
0.020282
0.0214056
0.0206446
0.0242156
0.0214926
0.0206547
0.439864
0.431108
0.290559
0.0204653
0.0258232
0.0213901
0.0248132
0.694657
0.458592
0.0211874
0.413312
0.0214746
0.0210353
0.020981
0.0211633
0.0207455
0.0214621
0.0266101
0.0210546
0.0228939
0.251974
0.0206892
0.0268827
0.0217938
0.692781
0.266153
0.254661
0.106381
0.0216586
0.431029
0.0213453
0.0281253
0.392867
0.0212112
0.254567
0.0205456
0.0205933
0.0230132
0.163314
0.01016
0.0248127
0.288146
0.0213009
0.41404
0.249531
0.0710411
0.263211
0.0206543
0.258803
0.125362
0.02146
0.0207177
0.0231483
0.0315356
0.0439761
0.0314393
0.0387353
0.0215402
0.0240947
0.0211201
0.0231093
0.02055
0.0321822
0.0205264
0.021046
0.13566
0.0322741
0.0209931
0.0205752
0.369069
0.0217568
0.0230532
0.0221927
0.0207809
0.0211346
0.0214447
0.0213966
0.154091
0.0229282
0.0214507
0.0214827
0.0210654
0.0238422
0.0212179
0.255947
0.184866
0.02542
0.0243106
0.0212395
0.0539057
0.573932
0.0202332
0.0212003
0.245064
0.0218759
0.0400304
0.0209157
0.294014
0.0214047
0.0213729
0.0216345
0.0214715
0.0224472
0.0260676
0.0246222
1.8719
0.430067
1.66668
0.16043
0.367607
0.0242273
0.0462761
0.0207147
0.0497012
0.0225953
0.0214706
0.0287371
0.0214
0.0214204
0.0203634
0.0223156
0.0207924
0.0267713
0.020484
0.0238334
0.0205181
0.0231201
0.0206131
0.0790731
0.0210348
0.0208021
0.0200558
0.0286561
0.0214987
0.022585
0.0214746
0.0234529
0.251764
0.760982
0.0301277
0.0206618
0.0255926
0.0210723
0.0211821
0.0264821
0.0220594
0.0207993
0.021291
0.0306327
0.0203309
0.0205979
0.0209247
0.142371
0.0217097
0.596774
0.0205158
1.84281
0.0203469
0.0208627
0.0200241
0.0207113
0.0208829
0.253001
0.0209585
2.7623
0.0206201
0.0202634
0.254109
0.022782
0.651014
0.0208301
0.0205935
2.47885
0.435387
0.0464544
0.0210861
0.0230199
0.0204833
0.020524
2.46802
0.0208104
0.0330346
0.0290313
0.0312449
0.025223
0.0225789
0.0255077
0.346735
0.0258612
0.129275
0.0208839
0.598083
0.0204768
2.86167
0.020497
0.253307
0.0937704
0.0811593
0.0234018
0.0206732
0.021469
0.0694802
0.0205679
0.0550241
0.0200023
2.6364
3.28689
0.10635
0.0429059
0.0239088
0.0196593
0.0213899
0.0203487
0.0599353
0.0205958
0.0428762
0.0378572
0.299203
0.328524
0.0226903
0.0211759
0.0202006
0.0519074
3.43785
0.0222806
0.023531
0.106665
0.0216431
0.0208601
0.0243543
0.0210427
0.0206611
0.860045
0.023164
0.0206465
0.0636418
0.0212795
0.0208231
0.0377285
0.0312497
0.0273547
0.0991163
0.047477
1.51139
0.697502
0.0213995
0.0210556
1.78283
0.0195828
0.0210608
0.0216608
0.0209737
0.0207543
0.0229669
0.0221443
0.0403245
0.0351
0.0236351
0.245728
0.021195
0.047049
1.76011
0.0210554
0.0623069
0.0287757
0.0210229
0.103417
0.0666489
0.0205952
0.0312536
0.0268156
0.021329
0.0203942
0.0796418
0.0213241
0.024764
0.0198986
0.0198709
0.0294361
0.0220081
0.0234227
0.0221173
0.0214801
0.0203582
0.0207539
0.0704768
0.022574
0.0210861
0.0212296
0.0212265
0.0210228
0.0213226
0.0315484
0.0210479
0.0298156
1.99035
0.646635
0.803864
0.0310471
0.0437993
0.0208642
0.0236276
0.0824779
0.0281258
0.0215309
2.84229
0.0209636
0.0221145
0.0209093
0.273741
0.0198678
0.0210384
0.0211789
0.0211472
0.0308675
0.0212182
0.719124
0.0210446
0.0214664
0.0207716
0.0213588
0.0205093
0.0214064
0.022792
0.0474879
0.0211554
0.0213181
0.0287871
0.0219654
0.0385408
0.0207305
0.0199942
0.162717
0.0256111
0.0213243
0.0235348
0.020597
0.0668127
0.169259
0.0214868
0.0241202
0.0225179
0.021227
0.0206434
0.0260624
0.0260011
2.32501
0.478802
0.0195424
0.0279245
0.0221457
0.0224192
2.34507
0.0206915
2.27494
0.0293997
0.0219845
0.0232097
0.0205454
0.0210753
0.0203206
1.94481
0.0210441
2.71711
0.0213621
0.0208614
0.0235722
0.214501
0.176412
0.0208914
0.0294193
1.66865
0.684031
0.0241193
0.0206609
0.0237737
0.0198681
0.430434
0.0218772
0.0225405
0.0211806
0.0225364
0.0207912
0.0938718
0.0210262
0.0281177
1.54932
0.0207004
0.0213168
0.0198687
0.0243332
0.0219985
0.0205886
0.0288092
0.0214114
0.0206205
0.0211929
0.034422
0.0351037
0.0205298
0.0198748
0.022235
0.0875314
0.0207153
0.417486
0.114041
0.518788
0.0964671
0.0206647
0.0212973
0.0422278
0.0214023
0.0255573
0.0221111
0.0243072
0.229631
0.0209115
0.0208971
0.0215076
0.253571
0.079693
0.021191
0.0465495
0.44219
0.0231123
0.021181
0.030034
0.0206698
0.0212145
0.0267917
0.0217189
0.0213535
0.0595965
0.0214316
0.0368854
0.02618
0.0212886
0.0268842
0.041573
0.04434
0.0210299
0.0233763
0.0206001
1.69872
0.0224253
0.296484
0.630249
0.0216539
0.0216044
0.0238389
0.0553314
0.0381912
0.022556
0.022298
0.0210678
0.0382583
0.261998
0.0220694
0.019862
0.249611
0.240758
3.09211
0.0211786
0.498367
0.0369707
0.0212365
2.03482
0.0216808
0.240873
0.0209356
1.58054
0.0199594
0.0212301
0.0210764
0.0213755
0.255133
0.0206865
0.122134
0.200221
0.0207591
0.0209078
0.0252308
0.0224685
0.0211507
0.0206261
0.0212661
0.0224683
0.202765
0.0206308
0.0345721
0.0202717
0.0205528
0.0209243
0.0326542
0.0245004
0.0226098
0.0211417
0.0210583
0.0205539
0.112828
0.0214295
0.0200203
0.0389118
0.0209987
0.0495274
0.0209453
0.0211817
0.0212781
0.0197573
0.0270232
0.0197214
0.024395
0.0244035
0.0205956
0.0313649
0.0224676
0.0229788
0.0214394
0.0514959
0.0309861
0.0280689
0.0735837
0.0214479
0.253126
0.0228564
0.0206107
0.024302
0.0291321
0.807225
0.0338194
0.020408
0.0322243
0.0999271
0.0293052
1.32664
0.0203885
0.020073
0.0212666
0.0221459
0.0206304
0.0206018
0.0283579
0.0685154
0.0225142
0.021542
0.0225131
0.0214738
0.0229572
0.0219873
0.0431147
0.0213596
0.0222378
0.0195642
0.12625
0.81647
0.621191
0.39325
0.0211732
0.0212149
0.0209353
0.020287
0.0213127
0.639748
0.0277393
0.0206626
0.0203827
0.0208603
0.0352241
0.0241458
0.0258828
0.0245295
0.0213175
0.0217742
0.0499271
0.305234
0.0798292
0.02004
0.373225
0.0212053
0.0208634
0.0297823
0.0217195
0.0204593
0.0217349
0.162421
0.0211908
0.0230255
1.68453
0.0273079
0.0972837
0.0275332
0.021289
0.43109
0.0206614
0.765639
0.0309633
0.0691711
0.0214961
0.0211727
0.0276159
0.0206341
0.0252382
0.0201761
0.021591
0.0214747
0.0931581
0.0269642
0.432592
0.0248471
0.219449
0.0240729
0.220633
1.58681
1.77066
0.0208724
0.0231151
0.0206488
0.020564
1.77347
0.021947
0.0224763
0.0295972
0.251227
0.0701437
0.0205107
0.0206074
0.0220726
0.0268408
0.0238862
0.0241934
0.0301636
0.0201418
0.0209238
0.0432405
0.0279556
0.0210335
0.0205289
0.0209288
0.0201617
0.138488
0.263407
0.0214447
0.0212742
0.0218963
0.0205631
0.0258524
0.0203151
0.0234262
0.0223165
0.184845
0.0209824
0.0210152
0.0212903
0.534965
0.0459552
0.0206475
0.0297921
0.432433
0.0246333
0.0210767
0.0211429
0.0213281
0.0406851
0.264255
0.0255638
0.259437
0.0235976
0.019865
0.0206487
0.159568
0.0213343
0.0409976
0.0988855
0.0212615
0.0219942
0.0219337
0.0197273
0.0440501
0.0213221
0.0298835
0.0227549
0.367228
0.078003
0.0218348
0.0212286
0.0213304
1.71906
2.10845
0.0260532
0.021916
0.148746
0.0204463
0.0250136
0.0222348
0.0209861
0.167987
0.0195841
0.114778
0.0516009
0.0230962
0.0276819
0.0243143
0.0214866
0.0209837
0.888469
1.65749
0.0271881
0.0221142
0.0212474
2.71098
0.726998
0.0205214
3.42802
0.91176
0.0204924
0.0220062
0.020439
0.0211976
0.0227
0.321756
1.8843
0.0224166
0.0215423
0.0218486
0.0210167
0.0204407
0.804148
0.0229583
0.0202335
0.0225762
0.0207845
0.0220374
0.0224969
0.021569
0.0245241
0.021568
0.0209149
0.0251616
0.020877
0.0211586
1.81305
0.0219176
0.030068
0.0209668
0.0212416
0.0202336
0.0275837
0.0227593
0.275162
0.0732325
1.71793
0.021405
0.021373
0.0842368
0.0245869
0.0203502
0.0225081
0.0225752
0.0279699
0.0210253
0.0205966
0.0212584
0.02146
0.0213097
0.0213394
0.020482
0.0288156
0.0280374
0.0218346
0.321934
0.031024
0.0229355
0.249456
0.251992
0.0211616
0.0206883
0.221404
0.220361
0.0393977
0.02492
0.0214824
0.0216055
0.0212439
0.0210266
0.0209933
0.253548
0.0216154
0.0907896
0.0259986
0.0251062
0.213235
0.0390001
0.668324
0.0219847
0.0597225
0.0892021
0.0212265
0.0353753
0.285256
0.0195957
0.299576
0.264963
0.0212444
0.0205039
0.0219024
0.0213754
0.0222205
0.0205095
0.0212972
0.0269727
0.360665
1.29527
0.0211705
0.0204692
0.024562
0.0215615
0.272215
0.080234
0.0729126
0.020512
0.021219
0.0246398
0.0208762
0.029115
0.0205289
0.0205799
0.0287954
0.110678
0.0212904
0.0213149
0.431561
0.143709
0.0209576
0.0245931
0.680774
0.246187
0.0212043
0.0229953
0.0441577
0.0475774
0.0222829
0.0874963
0.0218112
0.0202575
0.0301026
0.0205635
0.132881
2.04714
0.0247403
0.0708432
0.0207564
0.0225293
0.0213043
0.0216573
0.246943
0.0806449
0.0276085
0.0213181
0.0209933
2.22567
0.0896305
0.0205658
0.0261815
0.0216153
0.0215185
0.0213169
0.0345937
0.0436138
0.0211619
0.0217916
0.0206634
0.100706
0.0213262
0.0229814
0.0306893
0.024511
0.0214938
0.0196749
0.0220529
0.0214429
0.0288387
0.239876
0.0205937
0.0416973
0.0205895
0.0409138
0.0221757
0.0211547
0.225785
1.67331
0.0218051
0.25191
0.0215796
0.0323968
0.0212772
0.0218676
0.0217702
0.0195668
0.0215851
0.0214338
0.0213149
0.0209559
0.0205897
0.0206006
0.0210232
0.0958502
0.021701
0.0237002
0.0213494
0.0206031
0.0201323
0.0212513
0.0212934
0.0212649
0.201144
0.429457
0.0210772
0.330816
0.0225119
0.0708111
0.0411126
0.0211776
0.781344
0.843076
0.0214203
0.0213211
0.0216681
0.0223121
0.0277427
0.370961
0.0214605
0.0206323
0.0213037
0.108279
0.0217575
0.106197
0.0226839
0.02218
0.0361117
0.0214908
0.0205333
0.0223445
0.0208749
0.0245509
0.368589
0.0282961
0.0209894
0.02131
0.0652005
0.026453
0.729681
0.0208912
0.021459
0.121677
0.0195779
0.0205614
0.104226
0.0205494
0.0265922
0.0214017
0.0211647
1.71246
0.0208538
0.0206162
0.0230265
0.0204025
0.022469
0.034535
0.0204411
0.0660087
0.0211493
0.0196166
0.0229485
0.0227951
0.0254038
0.0503053
0.0656592
0.0214897
0.0410263
0.26332
0.120976
2.12857
0.0215602
2.42546
0.021439
0.0213044
0.0250055
0.729011
0.0217462
0.0227959
0.0247319
0.064582
0.0221113
0.0217077
0.023702
0.023513
0.0218888
0.0226467
0.0487449
0.0381495
0.0258674
0.0228587
0.0219823
0.0212987
2.76874
0.0214379
1.88813
0.0211939
0.0591536
0.0236418
0.0569944
0.25188
0.0835999
0.0217063
0.0236821
0.0228167
2.62768
0.210307
0.250772
2.77422
0.020913
0.0542403
0.0204791
0.0244233
0.0212139
0.0781125
0.0211927
0.0291209
0.0214121
0.020987
0.0215885
0.0216739
0.021181
0.235021
0.0210437
0.0211732
0.0211656
0.227929
0.281432
0.0203154
0.0204099
0.397972
0.0819525
0.0212682
0.0292426
0.0272597
0.716194
0.0213072
0.0223122
0.0211192
0.0214377
0.0215171
0.0233816
0.0239783
0.0295749
0.0442341
0.0223696
0.021453
0.0549102
0.0233928
0.0207374
0.0236855
0.0461265
0.0211769
0.111
0.0224775
0.0799312
0.0213003
0.0214746
0.020331
0.0217865
0.0215442
0.0211872
0.0402657
0.020734
0.0213073
0.022105
0.17799
0.0213375
0.0213959
0.0294023
0.0286467
0.0229673
0.0214198
0.28256
0.0225751
0.0213443
0.807479
0.0215657
0.021246
0.0319047
0.0217976
0.244644
0.0209919
0.0216828
0.066937
0.0220394
0.0212881
0.0232414
0.0218824
0.0209993
0.0212568
0.329158
0.0211853
0.0220269
0.0207244
0.0320316
0.0229882
0.020619
0.0209317
0.0308015
0.0234623
0.0207118
0.0210129
0.0211875
0.0209905
0.020771
0.794138
0.0212756
0.0206789
0.259869
1.98034
0.0208517
0.0232167
0.0211239
0.251766
2.58536
2.52585
0.0207568
0.0211385
0.0212978
0.021123
0.548045
0.0233996
0.0209386
0.0215711
0.0264614
0.0214316
0.0217432
0.274289
0.0443897
0.0213401
0.021292
0.021151
0.021419
0.0205543
0.0224594
0.394812
0.0207193
0.267846
0.01988
0.0225097
0.0215982
0.0212995
0.0227192
2.23759
0.0214206
0.0219783
0.0196486
0.021615
0.1271
0.271798
0.0298305
0.0212169
0.249424
0.664386
0.0221208
0.0371374
0.020877
0.281328
0.0233391
0.0245789
0.0218869
0.0209412
0.02591
0.0195732
0.0231927
0.0375995
0.731511
0.0210371
0.0495899
0.0212677
0.0493959
0.0243682
0.0205368
0.16232
1.46346
0.0547097
0.0469379
0.0339503
0.0212585
2.01994
0.0214181
0.0221201
0.0213799
0.0226436
0.0213117
0.0369827
0.0199022
0.0226521
0.0212481
0.0220197
0.83138
0.0222248
0.0226487
0.699999
0.0212595
0.0144818
0.765593
0.0216684
0.0226416
0.0366713
0.0232473
0.0231035
0.0769497
0.0222323
0.0227696
1.80128
0.0268208
0.0216233
0.655721
0.0211144
2.48996
0.0223684
0.368892
0.0558381
0.0212077
0.217349
0.0211969
0.0218276
0.0215543
0.0195783
0.0291695
0.0212925
0.0218989
0.0205028
0.0199128
0.0197755
0.356423
0.657184
0.0228336
0.021931
0.021176
0.0220137
0.0197203
0.771236
0.0212948
2.42558
0.252473
0.0221169
0.0213304
0.0221897
0.0855306
0.0220699
0.0221549
0.0212851
0.0213252
0.0237147
0.0433991
0.0207715
0.0229595
0.0224138
0.0214236
0.0212539
0.075688
0.0334114
0.341841
0.0215496
0.0737924
0.0314108
0.0221002
0.0486213
0.0224111
0.0593999
0.0374409
0.32813
0.0225368
0.0442313
0.0213841
0.0213808
0.0212297
0.0216996
0.0212907
0.0212782
0.0217996
1.59478
2.93723
0.498296
0.0228683
0.0215426
0.0225675
0.0214948
0.0217496
0.022523
0.0205701
0.0221356
0.0221715
0.0205801
0.0568744
0.0215065
0.0334271
0.0219458
0.0208318
0.022874
0.0205187
1.84975
0.272635
0.022357
0.487729
0.0201363
0.222806
0.02156
0.0226389
0.0217618
0.0212749
0.0284052
0.0217101
0.056099
0.0218389
0.0212834
0.173288
0.0214164
0.024844
0.270757
0.411785
0.0221801
0.0294008
0.0205948
0.0708928
0.0573503
0.0213863
0.0391233
0.0213986
0.0218867
0.297015
0.0212269
0.0817618
0.0219452
0.235512
0.0214929
0.239073
0.019598
0.0221536
0.430301
0.0219609
0.0626442
0.0287763
0.03865
0.0273277
0.517518
0.0357509
0.0198341
0.0214696
0.0215718
0.021235
0.0214495
0.020398
0.133649
0.0209426
0.0209961
0.0658366
0.0218283
0.0209196
0.134792
0.0202756
0.0220653
0.0209157
0.0217506
0.535017
0.0224954
0.0226702
2.1136
0.0577314
0.0198033
0.0219802
0.0209851
0.0340423
0.0221338
0.101137
0.0223661
0.0229026
0.0222452
0.299341
0.0235042
0.0213384
0.0406663
0.0240334
0.0425338
0.0214565
0.0221177
0.0216098
0.0270375
0.132483
0.037755
0.0221249
0.0355628
0.0209828
0.0204663
0.0217529
0.0213386
0.0204689
0.0237769
0.0227056
0.046928
1.91724
0.0216526
0.252864
0.0740776
0.021509
0.0212917
0.0219096
0.0765521
0.0292293
0.0309264
0.0915457
0.0410147
0.0251297
0.511951
0.0217134
0.0224045
0.022061
0.0214201
0.517718
0.0222561
1.91753
0.0309719
0.0239527
0.0873341
0.0516876
0.0225652
1.52124
0.0217454
0.0214662
0.0214167
0.0642025
0.021533
0.0217288
0.0212343
0.0236654
0.0215471
0.0578753
0.0205848
0.250039
0.0294123
0.0443465
0.0227858
0.749326
0.0218423
0.483251
0.0214433
0.0216744
2.33347
0.0223281
0.0199989
0.664353
0.0227386
0.0371811
0.0221902
0.0215045
0.125216
3.43296
0.021379
0.337508
0.0196348
0.0228115
0.0221244
0.580769
0.0487925
0.0219153
0.0217158
0.022687
0.0808786
0.0213395
0.0220657
0.0230475
0.0410616
0.0212498
0.0212737
0.0218027
0.114294
0.0214026
0.0212818
0.0197638
0.0214263
0.0212671
0.752756
0.0218733
0.0334974
0.0210227
0.0486846
0.324158
0.0221848
0.0458501
0.0211006
0.0214268
0.0208929
0.0213594
0.0229581
0.0219572
0.0219039
0.29571
0.0824019
0.0212002
0.528696
0.0209018
0.0926516
0.0270487
0.0222372
1.05398
0.0214849
0.0215893
0.0217373
0.0204678
0.0352754
2.36545
0.0232365
2.03562
0.141026
1.16774
0.0214146
0.0219732
0.0266658
0.808081
0.305099
0.0220182
0.0229057
0.0222776
0.0221712
0.269477
0.0336137
0.0196792
0.0218932
0.0217266
0.0211624
0.0322691
2.27164
0.0221718
0.0214592
0.0210091
0.0213106
0.300546
0.778528
0.0205403
0.0368281
1.60692
0.0202849
0.0216663
0.0237632
0.0215372
0.0261112
0.0214313
0.0413917
0.069618
0.0224507
0.0217655
0.0226177
0.326731
0.0227891
0.0219249
0.132451
1.8607
0.283026
0.0216885
0.0205385
0.723051
0.0210962
0.0208223
0.251108
3.21172
0.0220324
0.022995
0.0214197
0.0215013
0.48584
0.0205015
0.0238467
0.0204877
0.0212275
0.127151
0.0222212
1.51765
0.307648
0.0213773
0.0684627
0.0236873
0.247728
0.0217033
0.0223702
0.0217872
0.0203056
0.0212834
0.0567387
0.0636151
0.499519
0.0225584
0.0214742
0.022868
0.0213221
0.226697
0.284712
0.021573
0.499394
0.249416
0.509582
0.420058
0.0226085
0.0217091
0.0214972
0.0958799
0.0407021
0.114979
0.732798
0.0213565
0.272251
0.840785
0.0210006
0.0211597
0.0210061
0.0214677
0.256546
0.80112
0.0210323
0.0211906
0.20248
0.0212486
0.0440596
0.0214486
0.0212086
0.020321
0.0198106
0.509775
0.0196432
0.0224307
2.1185
0.0213073
0.716236
0.0205728
0.0213592
0.0215834
2.25328
0.023642
0.0211819
0.109634
0.0240985
0.0204199
0.778768
0.0210054
2.26966
0.0227687
0.251328
0.0542063
0.0825226
1.51622
0.0211913
0.0247557
0.268098
0.0224827
0.0226548
0.0806134
0.267392
0.26879
0.0210294
0.102493
0.0205262
0.0211844
0.0353992
0.0214699
0.0243391
0.0209286
0.455536
0.0386327
0.3589
0.0712179
0.0218834
0.814701
0.137262
0.0219171
0.0199634
0.0368335
0.0224228
0.248648
0.022039
0.059312
0.0736576
0.0211969
0.0222861
0.0324288
0.0218288
0.0323116
0.024027
0.0220149
2.3078
0.0216335
0.0226748
0.0278683
0.0214727
0.249916
0.0236105
0.412824
0.0215022
0.156965
0.0212297
0.0224411
0.0254357
0.0213116
0.0213998
0.0584678
0.0291115
0.0327357
0.0263583
0.0210015
0.0213925
0.0210614
0.0213841
0.0227077
0.0214262
0.569722
0.0327436
0.0224363
0.0202334
3.14896
0.0222643
0.0206406
0.0208229
0.0848703
0.0231775
0.0326913
0.0225297
0.0214852
0.0213082
0.216109
0.0214797
0.026894
0.0214248
0.0201472
0.0236962
0.100949
0.0244349
0.0213226
0.085542
0.0222518
0.0212971
0.0215592
0.021709
0.30574
0.273511
0.0315702
0.0221073
0.0208019
0.316564
0.06938
0.0222227
0.209903
0.0212352
0.216784
0.339178
0.0203976
0.0222242
0.0208373
0.021453
0.0210028
2.31822
0.022309
0.0218774
0.0217253
0.0209322
0.0218698
1.41717
0.0218662
0.0923468
0.621799
0.584907
0.0221066
0.0209364
0.0210743
0.0214104
0.0598585
0.041137
0.0222877
0.0219289
0.0218026
0.0217155
0.0213529
0.0268836
0.0213618
1.56819
0.021181
0.0280021
0.02155
0.0218333
0.0222261
0.0227896
0.0213401
0.21301
0.263765
0.0213409
0.0222159
0.0213455
0.0209165
0.163679
0.0214505
0.0210335
2.54086
0.735042
2.88539
0.0215767
3.10785
0.0214017
0.0213685
0.0222457
0.282118
0.0436023
0.0220716
0.24189
0.0219437
0.0223457
0.038438
2.76623
0.0215391
0.0219358
1.81078
0.0212672
0.0218109
0.551754
3.21722
2.01753
0.0216961
0.0212276
0.0212137
0.0808061
0.0779754
0.0214115
0.022075
0.022543
0.0214763
0.0215722
0.0213602
0.0229242
0.0110236
0.0417236
0.0213092
2.25253
0.0209609
0.112976
0.0288009
0.0213187
0.0339396
3.41821
0.0713307
0.0215784
0.0221445
0.0271159
0.0212433
0.0231924
0.0209358
0.0637772
0.0369749
0.0218355
0.305424
0.0226858
0.0214501
0.0469124
0.0214394
0.252439
0.0214652
0.0218686
0.103307
0.0336113
0.0253814
0.0215451
0.0229172
0.239387
0.254519
0.0216464
2.78669
0.0337851
0.0226309
3.10227
0.0217147
0.0233886
0.0216782
0.0250172
0.0319472
0.0213087
0.0218638
0.0214299
)
;

boundaryField
{
    frontback
    {
        type            empty;
    }
    topbottom
    {
        type            fixedValue;
        value           uniform 0.0223;
    }
    outlet
    {
        type            zeroGradient;
    }
    inlet
    {
        type            fixedValue;
        value           nonuniform List<scalar> 0();
    }
    walls
    {
        blending        binomial2;
        n               2;
        beta1           0.075;
        type            omegaWallFunction;
        value           nonuniform List<scalar> 0();
    }
    procBoundary3to1
    {
        type            processor;
        value           nonuniform List<scalar> 
147
(
1.69875
0.891343
1.44674
0.422378
0.285971
2.19395
2.03007
1.04489
0.410111
2.03404
0.375494
2.21945
0.309094
0.3688
0.325267
0.159238
0.765957
1.7385
0.278091
0.726004
0.106315
2.01383
1.50226
0.538761
1.59377
0.493687
0.201577
0.787982
0.904951
0.291015
2.21125
2.21125
0.239818
2.27257
0.69707
0.244562
0.361007
1.66074
0.177178
0.850409
0.292353
0.31092
0.274064
1.4425
0.0981294
0.949982
0.31092
1.37365
0.296841
0.228072
0.325623
0.271087
0.37116
0.220571
0.302286
0.326985
0.26229
0.263526
0.303605
0.239364
0.251157
0.254947
0.261383
0.246233
0.345771
0.203138
0.327109
0.248064
0.242094
0.303476
0.254158
0.261863
0.246124
0.330002
0.228428
0.351555
0.273614
0.203585
0.430705
0.279532
0.181966
0.362794
0.214616
0.430618
0.42953
0.300961
0.179549
0.295124
0.429259
0.519031
0.331796
0.375494
0.42953
0.211848
0.430361
0.539464
0.414192
0.201813
0.417557
0.539336
0.529378
0.34394
0.530868
0.451335
0.264266
0.15653
0.118548
0.477851
0.333079
0.118548
0.43246
0.295686
0.707831
0.370908
0.473149
0.650975
0.690655
2.12367
0.623214
0.690655
0.150636
0.367248
0.583249
0.19399
0.104557
0.532456
0.157031
0.457512
0.358429
1.37702
2.12367
1.89985
2.20436
1.35593
0.317625
2.1815
2.10159
2.42943
0.368354
1.47478
0.935915
1.3749
1.47478
0.249748
0.253481
2.15154
0.345771
)
;
    }
    procBoundary3to2
    {
        type            processor;
        value           nonuniform List<scalar> 
73
(
0.0224378
0.0223477
0.0214641
0.0214388
0.0348381
0.0327413
0.0234265
0.0630603
0.0461278
0.138708
0.0222019
0.0220941
0.137089
0.0218089
0.0222019
0.0294008
0.0309188
0.0327413
0.0215481
0.0248189
0.0254379
0.0214049
0.0220948
0.0219806
0.0237
0.105137
0.0874398
0.0218881
0.0214497
0.0230885
0.0521602
0.0262246
0.0214306
0.0217426
0.0215259
0.0309188
0.0243179
0.0228347
0.0220941
0.0216823
0.190561
0.190561
0.0281426
0.0214093
0.0215007
0.0214022
0.0417765
0.0214219
0.021596
0.075346
0.137089
0.021634
0.0395023
0.0214049
3.08617
1.12134
0.022595
0.0238573
1.12134
3.08617
0.021479
0.021415
0.0586222
0.0360506
0.0271181
3.57955
3.49769
0.075346
0.0214383
0.021492
2.87228
3.19497
0.0215636
)
;
    }
}


// ************************************************************************* //
