/*--------------------------------*- C++ -*----------------------------------*\
| =========                 |                                                 |
| \\      /  F ield         | OpenFOAM: The Open Source CFD Toolbox           |
|  \\    /   O peration     | Version:  v2012                                 |
|   \\  /    A nd           | Website:  www.openfoam.com                      |
|    \\/     M anipulation  |                                                 |
\*---------------------------------------------------------------------------*/
FoamFile
{
    version     2.0;
    format      ascii;
    class       volScalarField::Internal;
    location    "900";
    object      V0;
}
// * * * * * * * * * * * * * * * * * * * * * * * * * * * * * * * * * * * * * //

dimensions      [0 3 0 0 0 0 0];


value           nonuniform List<scalar> 
9793
(
0.0430492
0.212594
0.0467081
0.13312
0.0460532
0.104331
0.16822
0.160355
0.0694598
0.045756
0.0326715
0.0675287
0.166153
0.157181
0.182398
0.167596
0.171354
0.180468
0.0595829
0.161521
0.0738169
0.0567336
0.129765
0.210928
0.121369
0.170432
0.167539
0.170494
0.0324097
0.0752073
0.0756957
0.15959
0.153484
0.171439
0.0425833
0.0749771
0.153549
0.0588273
0.147197
0.181761
0.0934027
0.185237
0.154299
0.174334
0.190517
0.14088
0.037171
0.156064
0.0922529
0.123186
0.0412231
0.0301531
0.0849761
0.0802009
0.0352447
0.078924
0.0870726
0.0239026
0.0897237
0.126238
0.166258
0.0819132
0.0828488
0.170216
0.0384923
0.159578
0.108679
0.0915854
0.0642269
0.0336564
0.0413854
0.17752
0.122084
0.177805
0.0416328
0.0969465
0.106421
0.172175
0.13118
0.178259
0.124763
0.142497
0.157924
0.174604
0.098117
0.153623
0.182029
0.0961292
0.0897155
0.148316
0.191555
0.03863
0.132841
0.161756
0.0788003
0.174087
0.0753581
0.166606
0.127615
0.140927
0.156226
0.143203
0.136705
0.137533
0.17891
0.100876
0.0750092
0.162793
0.0920102
0.154955
0.157936
0.0777548
0.104062
0.0818846
0.0292207
0.102316
0.134443
0.0396634
0.139481
0.16395
0.134692
0.138897
0.104914
0.0906602
0.0665689
0.0737466
0.0235659
0.152222
0.131482
0.110821
0.182508
0.0909058
0.0939945
0.135017
0.0683504
0.0945889
0.167002
0.170443
0.125911
0.16538
0.0968206
0.121043
0.154774
0.138955
0.163678
0.154582
0.175498
0.159925
0.152053
0.0349294
0.0437531
0.19315
0.0426807
0.0465816
0.149221
0.117651
0.174281
0.116542
0.173048
0.131888
0.134507
0.152737
0.16408
0.0643653
0.195114
0.0871368
0.148549
0.0496169
0.166575
0.145464
0.135175
0.112981
0.192427
0.105635
0.066482
0.0529316
0.0924181
0.172247
0.105112
0.0357328
0.0213821
0.0457394
0.163332
0.114078
0.098695
0.136014
0.0262856
0.101216
0.101836
0.159422
0.0690322
0.113477
0.0947442
0.0757417
0.0867797
0.0404609
0.0554367
0.13172
0.0489105
0.137236
0.0597495
0.0651895
0.0749076
0.101679
0.0825928
0.16626
0.0870128
0.150413
0.0977343
0.05393
0.0384377
0.100019
0.0913737
0.0704933
0.0498344
0.178489
0.13089
0.0972656
0.150856
0.0809525
0.0416927
0.104495
0.0600257
0.139629
0.152633
0.0587046
0.107391
0.146075
0.0370171
0.0266888
0.205884
0.193978
0.0413151
0.143083
0.0252783
0.0771536
0.109035
0.126448
0.0771877
0.155688
0.0972524
0.149579
0.124581
0.145357
0.123681
0.134469
0.170927
0.12251
0.141685
0.140002
0.0593977
0.0426773
0.0323821
0.0245741
0.118676
0.0663498
0.130125
0.0389511
0.105106
0.162481
0.119408
0.121209
0.0312724
0.147423
0.047656
0.136185
0.16603
0.0362857
0.0603118
0.101402
0.1295
0.158136
0.0554443
0.0948984
0.156005
0.156111
0.087763
0.0788856
0.136187
0.0255817
0.124617
0.15916
0.161664
0.172589
0.0177111
0.0780161
0.063318
0.0457231
0.172574
0.0825908
0.105168
0.115983
0.0918956
0.156863
0.160312
0.131935
0.0594236
0.0430572
0.142456
0.0621314
0.132753
0.108323
0.125407
0.155866
0.160243
0.121741
0.050332
0.0437948
0.109102
0.0939335
0.148308
0.124457
0.0453235
0.0700698
0.0689665
0.136087
0.152353
0.123427
0.0533151
0.0475567
0.121414
0.166147
0.0547723
0.177364
0.167022
0.0162771
0.0599149
0.0874267
0.035822
0.152354
0.0396047
0.0430418
0.136565
0.096875
0.0218463
0.152169
0.131377
0.0649629
0.152768
0.145655
0.0467112
0.101005
0.119175
0.0635555
0.149465
0.158058
0.166148
0.0603916
0.181958
0.0483521
0.0628105
0.0676422
0.0767948
0.138176
0.108294
0.0763281
0.0727437
0.178117
0.0289169
0.0373552
0.02371
0.0279386
0.0733385
0.125321
0.0534672
0.136194
0.124815
0.13484
0.136594
0.130903
0.0988663
0.0522409
0.069185
0.0234591
0.0569617
0.0998235
0.119718
0.131855
0.0338218
0.179876
0.0597519
0.0743595
0.103877
0.139103
0.0596107
0.173163
0.146906
0.16058
0.0756501
0.0649144
0.0948743
0.0539543
0.02598
0.12941
0.054103
0.0258767
0.154324
0.178444
0.0539282
0.0379267
0.12709
0.146012
0.0461579
0.0539059
0.158887
0.0743649
0.111691
0.0647009
0.160472
0.0399248
0.0862887
0.0304083
0.0801171
0.140803
0.109455
0.110972
0.0568746
0.114693
0.149129
0.0768431
0.148511
0.0545391
0.120375
0.0571531
0.0285286
0.0752978
0.103923
0.0580593
0.163181
0.0351046
0.158596
0.0711511
0.163277
0.119909
0.15979
0.111683
0.137183
0.10448
0.130886
0.137555
0.167112
0.0518916
0.0964956
0.133569
0.0397155
0.160357
0.101392
0.0580661
0.0670242
0.0583831
0.0347587
0.0992919
0.102052
0.103775
0.0663671
0.040571
0.0388224
0.16172
0.127351
0.134274
0.108205
0.0239627
0.108544
0.137145
0.101823
0.15203
0.162795
0.0801339
0.0337161
0.0972628
0.142594
0.0548069
0.174425
0.176243
0.172291
0.134147
0.0667473
0.12828
0.10497
0.161185
0.153075
0.0928464
0.108523
0.1599
0.101866
0.123212
0.0960162
0.0587483
0.0703809
0.104829
0.172065
0.152329
0.0580934
0.0946951
0.0607136
0.154035
0.139942
0.12574
0.113157
0.116233
0.157893
0.0292314
0.139702
0.0959759
0.0464183
0.128682
0.0973893
0.142965
0.074216
0.104229
0.0658731
0.154417
0.120864
0.030153
0.101732
0.0298856
0.131382
0.0484739
0.133203
0.0247571
0.0971315
0.140751
0.105123
0.0213977
0.100732
0.142013
0.115521
0.113876
0.135328
0.0230895
0.0442755
0.0927444
0.103904
0.116956
0.0754265
0.151329
0.118255
0.0728418
0.0230202
0.153273
0.0979719
0.0365037
0.0966713
0.144936
0.0688082
0.165885
0.0231416
0.102395
0.086511
0.0186693
0.122569
0.0847335
0.043924
0.0967721
0.131179
0.122628
0.137473
0.162408
0.10099
0.0910355
0.13666
0.0400781
0.0242234
0.0653486
0.0408829
0.143897
0.026029
0.0935958
0.138638
0.0662878
0.0994723
0.159343
0.141351
0.139718
0.0440623
0.122579
0.0174147
0.150581
0.165437
0.0384229
0.0475971
0.0325332
0.0919866
0.104796
0.0939957
0.0961354
0.0509107
0.0841319
0.129081
0.0534317
0.111453
0.137526
0.0449203
0.0463334
0.0978912
0.0745534
0.0974727
0.041196
0.0435575
0.0444952
0.147283
0.135512
0.0651745
0.0443223
0.0734752
0.0468147
0.106973
0.0818586
0.053835
0.0337676
0.129471
0.103247
0.135925
0.122864
0.124817
0.118548
0.11492
0.163372
0.118116
0.121736
0.124847
0.0697402
0.154453
0.0407432
0.141933
0.070382
0.0704982
0.0328183
0.0253679
0.146576
0.119724
0.100069
0.142482
0.158693
0.130357
0.157583
0.123753
0.0643999
0.152598
0.0364935
0.160025
0.165034
0.0768728
0.0980335
0.115374
0.156432
0.0266359
0.135887
0.0829788
0.015957
0.0917696
0.156963
0.168715
0.0166583
0.130458
0.0233502
0.0374455
0.131163
0.134126
0.0888532
0.0705409
0.13356
0.110167
0.159417
0.162712
0.0983542
0.0348921
0.10005
0.0206295
0.0802685
0.0940452
0.0771057
0.133977
0.105115
0.124294
0.0302696
0.120776
0.0428959
0.0658048
0.0170145
0.0674352
0.119602
0.112938
0.0253338
0.119811
0.0912583
0.0229867
0.01972
0.119095
0.147811
0.0894825
0.133056
0.150954
0.122275
0.142922
0.136509
0.0621375
0.106898
0.11779
0.130822
0.153454
0.121549
0.157617
0.0744648
0.156666
0.12552
0.037675
0.148332
0.0303564
0.0720668
0.0313596
0.101457
0.0620701
0.0979677
0.0738041
0.0194889
0.160466
0.127462
0.139323
0.0961506
0.0559398
0.129108
0.140725
0.12669
0.11699
0.147061
0.119646
0.0258958
0.111126
0.0380245
0.030003
0.0653338
0.065084
0.155669
0.132057
0.160058
0.130967
0.06343
0.124759
0.0844035
0.144786
0.15742
0.123916
0.117076
0.0883148
0.0974229
0.0897963
0.160362
0.10316
0.100512
0.0369101
0.146618
0.140805
0.135705
0.100484
0.122125
0.0928788
0.0248368
0.123539
0.143927
0.140759
0.124031
0.0730541
0.0386632
0.0439708
0.0367931
0.140688
0.0209002
0.134244
0.136547
0.101532
0.0920311
0.114761
0.0495195
0.140722
0.0639311
0.132273
0.113838
0.152671
0.155079
0.127996
0.0853773
0.0883585
0.0397679
0.114524
0.057542
0.0422803
0.0155484
0.136168
0.0196875
0.128905
0.0250965
0.113921
0.145989
0.125894
0.143531
0.0356069
0.128313
0.0581362
0.164994
0.141689
0.156072
0.0414553
0.150874
0.0422525
0.122793
0.122432
0.149679
0.140133
0.0733279
0.13079
0.150295
0.123552
0.100068
0.14093
0.0680051
0.0787069
0.0920136
0.145257
0.147298
0.147399
0.111262
0.0260449
0.101438
0.0968823
0.0392145
0.147176
0.164206
0.132321
0.144978
0.041463
0.0337034
0.0576041
0.152892
0.0893667
0.120276
0.16541
0.0585326
0.0634063
0.1522
0.0529861
0.168686
0.0659152
0.112839
0.0934457
0.0242091
0.133196
0.156865
0.0408914
0.150857
0.0284156
0.0851941
0.13125
0.139324
0.155494
0.133897
0.0612693
0.025038
0.161561
0.151607
0.129537
0.159973
0.129039
0.151263
0.0617412
0.148539
0.148624
0.140181
0.107686
0.0320595
0.0703778
0.133612
0.0190454
0.145119
0.0932016
0.0762912
0.134719
0.0742433
0.13318
0.107356
0.022965
0.131511
0.124809
0.153291
0.0535936
0.0685103
0.0234017
0.127485
0.128541
0.0266525
0.153883
0.160268
0.0327488
0.128891
0.0360126
0.143946
0.151394
0.147163
0.0544893
0.151683
0.170328
0.158502
0.151555
0.128777
0.0552889
0.0314652
0.132929
0.0341954
0.116862
0.0871825
0.0635562
0.0838919
0.0414899
0.0353383
0.115415
0.122311
0.0811716
0.0300299
0.0224923
0.117971
0.128859
0.147228
0.152734
0.0247946
0.0348489
0.0458106
0.144591
0.0334118
0.118414
0.125522
0.116803
0.147853
0.0751326
0.150155
0.122562
0.0247486
0.0754165
0.0268367
0.119304
0.0244577
0.0631125
0.0413894
0.140147
0.0978078
0.147627
0.156595
0.0722294
0.0469439
0.12847
0.174662
0.100927
0.136438
0.0335957
0.118119
0.149872
0.132693
0.0684253
0.136778
0.105166
0.14657
0.0217596
0.135931
0.0690218
0.126795
0.146419
0.0743404
0.155854
0.0191671
0.106416
0.0393862
0.0541968
0.151674
0.14414
0.0210373
0.128695
0.142031
0.110939
0.0234756
0.10306
0.115902
0.100069
0.153355
0.0653738
0.0827734
0.0313247
0.0479404
0.0966738
0.090286
0.10524
0.0631659
0.177492
0.0647644
0.100151
0.0710702
0.14498
0.13982
0.0628538
0.158713
0.0637212
0.124267
0.0763099
0.146538
0.0854853
0.0969178
0.144398
0.0959245
0.144222
0.101086
0.12621
0.0797855
0.0762232
0.149543
0.134427
0.13652
0.0433594
0.0905726
0.151218
0.0280367
0.108454
0.0238121
0.0739956
0.129819
0.09672
0.120035
0.104278
0.0882446
0.129255
0.0961734
0.144849
0.02723
0.0709202
0.140951
0.117799
0.123406
0.103527
0.0598385
0.0861005
0.144124
0.0745242
0.129693
0.0652619
0.0197205
0.0683963
0.0746819
0.134486
0.0948867
0.0478025
0.09572
0.137166
0.126923
0.133361
0.126056
0.0646202
0.143608
0.0240839
0.133415
0.105931
0.14825
0.0238811
0.0761912
0.108967
0.0220786
0.0685294
0.141723
0.0801379
0.144386
0.0230761
0.0994269
0.158543
0.0211184
0.0430839
0.178346
0.115027
0.0331875
0.0888106
0.061082
0.135847
0.0670105
0.0624488
0.149306
0.107616
0.0636501
0.132729
0.147996
0.15846
0.073331
0.15657
0.158007
0.0228372
0.115749
0.0771782
0.0527343
0.15588
0.0613344
0.0976724
0.14962
0.0430228
0.115169
0.0991008
0.0998087
0.157614
0.0730648
0.135802
0.0973071
0.0591974
0.129748
0.119647
0.0625946
0.103139
0.0818568
0.150691
0.168143
0.0355028
0.0924165
0.157632
0.101259
0.157406
0.0340921
0.123756
0.060558
0.139005
0.150963
0.109463
0.138568
0.0261406
0.0934515
0.140155
0.145228
0.123179
0.144247
0.112301
0.128655
0.131135
0.0454953
0.118534
0.102425
0.0972644
0.163307
0.148493
0.14223
0.0597082
0.147476
0.0623395
0.080986
0.106217
0.0671666
0.0273665
0.141364
0.14533
0.0217119
0.112975
0.0201431
0.0162687
0.148606
0.146372
0.157656
0.0401277
0.0407225
0.130311
0.144812
0.157647
0.0245928
0.0408221
0.15737
0.0973151
0.0737695
0.115625
0.0321902
0.0344733
0.0154544
0.0243489
0.147091
0.0406411
0.0228533
0.136155
0.030287
0.135278
0.144619
0.100026
0.146347
0.121835
0.0279101
0.0203393
0.0242087
0.0256204
0.156971
0.122974
0.0257792
0.117543
0.131494
0.0619102
0.0678354
0.0336681
0.149911
0.14387
0.147186
0.0685973
0.105843
0.17356
0.125315
0.0668471
0.125918
0.0213863
0.0659045
0.0693413
0.0201254
0.0542565
0.102573
0.0696862
0.15682
0.0165058
0.0152482
0.0999912
0.149673
0.0982406
0.0182467
0.145707
0.03821
0.0510012
0.149909
0.150245
0.116235
0.0303169
0.0323622
0.10947
0.0194643
0.0934672
0.138675
0.141351
0.15367
0.0802714
0.095053
0.065745
0.028628
0.128953
0.153905
0.146012
0.134733
0.0268738
0.0656731
0.0241232
0.0984269
0.108081
0.0395805
0.131419
0.148444
0.109279
0.14829
0.114821
0.0300162
0.0609644
0.153415
0.144351
0.130443
0.12966
0.149173
0.0479329
0.119057
0.0986668
0.118485
0.019115
0.129587
0.0195774
0.10074
0.0707552
0.0519076
0.112577
0.0343325
0.0670357
0.0187689
0.0274404
0.130726
0.0389783
0.0445969
0.153398
0.0225082
0.0298158
0.0208922
0.0530482
0.148337
0.0400616
0.103629
0.024616
0.0934013
0.0219921
0.0252911
0.15515
0.0189808
0.0887216
0.0583512
0.0362161
0.0505107
0.0215892
0.127909
0.0533866
0.113971
0.135662
0.0701676
0.0883491
0.169177
0.0429414
0.0507029
0.0971765
0.11389
0.128391
0.0313608
0.0852001
0.121976
0.077322
0.066499
0.0251212
0.0984646
0.14299
0.0509719
0.0294466
0.035793
0.0771952
0.146046
0.0543215
0.146897
0.149925
0.146564
0.16361
0.140744
0.0947447
0.0538388
0.0420326
0.118798
0.144854
0.156123
0.0358721
0.150408
0.0485055
0.115456
0.0183904
0.125595
0.149202
0.103114
0.0207659
0.0246847
0.150868
0.172668
0.0505718
0.0422226
0.145313
0.0962866
0.138705
0.0525358
0.117602
0.0736554
0.0570195
0.0508963
0.106518
0.0190833
0.148227
0.148569
0.137045
0.0461046
0.034433
0.104434
0.149613
0.117419
0.0159292
0.0335174
0.0708631
0.0684677
0.0355836
0.140046
0.100413
0.0551453
0.0729829
0.0940053
0.0664759
0.15371
0.153556
0.0227151
0.0241976
0.169767
0.0351975
0.150469
0.0353949
0.0383252
0.111435
0.103594
0.0716599
0.11666
0.0746695
0.0785044
0.0366088
0.0283349
0.063332
0.154133
0.101028
0.153494
0.0674149
0.053096
0.0476322
0.0226651
0.101513
0.0615786
0.127092
0.0236213
0.078508
0.0235646
0.0818205
0.0734988
0.156476
0.0250943
0.0412733
0.150979
0.0265194
0.0653099
0.0735797
0.131403
0.0957741
0.14838
0.170459
0.0345487
0.106943
0.0586061
0.0519292
0.0368497
0.0403002
0.0246628
0.0879826
0.0351509
0.126334
0.142932
0.148152
0.0986882
0.169579
0.0265353
0.1364
0.104215
0.0745295
0.124005
0.0542809
0.148206
0.0489623
0.122411
0.119366
0.0470423
0.0737265
0.15912
0.0551144
0.0507277
0.0219796
0.0632672
0.124164
0.0669619
0.0219071
0.114935
0.023369
0.0264502
0.0760861
0.0959659
0.136269
0.0799306
0.032233
0.149587
0.111215
0.0746987
0.0241737
0.0796787
0.0631566
0.0475873
0.0284334
0.0386422
0.0431704
0.0497626
0.0351799
0.128196
0.0729666
0.145529
0.0297216
0.0179177
0.041215
0.0367352
0.059888
0.0609944
0.102965
0.137611
0.100277
0.0527519
0.0778235
0.0493923
0.144712
0.0365749
0.0694257
0.100259
0.106153
0.154166
0.0537926
0.124121
0.0536946
0.0480324
0.0901528
0.0753979
0.0211165
0.128903
0.0940115
0.059569
0.101977
0.0365321
0.0771817
0.111241
0.0762404
0.147425
0.0668503
0.0381265
0.0742559
0.05508
0.0760887
0.0816076
0.0743894
0.0553095
0.03133
0.0549538
0.123024
0.144402
0.073315
0.0212611
0.0713472
0.0485401
0.147195
0.0817203
0.0671158
0.0456129
0.0795485
0.100726
0.0617724
0.0777634
0.149006
0.134997
0.130762
0.135295
0.0456899
0.134894
0.0709746
0.0784687
0.0988808
0.150839
0.151267
0.0284167
0.0668711
0.150236
0.0699579
0.117341
0.0992965
0.0170745
0.126654
0.148214
0.118478
0.164619
0.0562456
0.128407
0.0671241
0.151758
0.119289
0.130341
0.150567
0.0556755
0.0919186
0.061943
0.151493
0.0627232
0.0245659
0.0934828
0.116647
0.112648
0.081123
0.0957909
0.117485
0.100134
0.0684631
0.0741089
0.165499
0.0345771
0.085686
0.0956061
0.0161267
0.0247168
0.0952695
0.090589
0.116353
0.0528551
0.0970506
0.127549
0.0631937
0.147206
0.125777
0.103163
0.10531
0.0921734
0.105652
0.0816747
0.0190848
0.0232947
0.0976159
0.0978946
0.145662
0.143613
0.154614
0.0518053
0.135766
0.126036
0.0569154
0.101254
0.0996007
0.0573057
0.0779358
0.165876
0.0467214
0.149384
0.0880625
0.101649
0.0866869
0.0933046
0.130445
0.155336
0.109875
0.0480075
0.146619
0.131524
0.151102
0.154752
0.125921
0.0505957
0.090848
0.149196
0.0457191
0.0404915
0.049971
0.151058
0.10987
0.0523515
0.0816462
0.102347
0.0966521
0.0507713
0.102148
0.103527
0.153806
0.0256171
0.140244
0.0409737
0.061291
0.0724108
0.158478
0.148544
0.143887
0.0950682
0.0625763
0.100528
0.0539839
0.0254111
0.0735372
0.141738
0.123509
0.0398128
0.0531212
0.11796
0.022814
0.0757539
0.123245
0.152049
0.0632647
0.091909
0.132617
0.122433
0.0705346
0.112392
0.0815581
0.0349435
0.118031
0.0479882
0.0218022
0.092683
0.0705257
0.106018
0.164116
0.108613
0.0598009
0.142006
0.0973772
0.0880625
0.082777
0.035691
0.0735258
0.134155
0.0502421
0.136316
0.109647
0.108123
0.0950085
0.146684
0.118907
0.0908929
0.107588
0.0994148
0.0605233
0.0697962
0.122245
0.133449
0.0959145
0.147256
0.153291
0.109969
0.127443
0.12964
0.0938653
0.0826789
0.0955501
0.146988
0.122593
0.0683934
0.143795
0.087188
0.150085
0.108036
0.154215
0.0663964
0.0737977
0.0618107
0.0522451
0.144921
0.0513917
0.0860396
0.127052
0.112975
0.147997
0.0555693
0.0405873
0.0679764
0.0622366
0.117775
0.106802
0.0241186
0.0841531
0.152261
0.14638
0.0535889
0.0451001
0.0964087
0.117506
0.155941
0.157838
0.150211
0.141376
0.135876
0.154317
0.102533
0.112553
0.0982277
0.112222
0.0179672
0.165175
0.150502
0.0277124
0.098684
0.146854
0.115633
0.162148
0.103455
0.0236961
0.107294
0.0614328
0.0834649
0.0595659
0.0493929
0.152656
0.151723
0.0740102
0.0211992
0.149639
0.100142
0.11027
0.106188
0.104715
0.0796216
0.098877
0.136502
0.0950093
0.0597378
0.0694917
0.123449
0.146158
0.142969
0.0979942
0.0378095
0.151952
0.0769332
0.085312
0.024377
0.0976722
0.154079
0.123797
0.121582
0.104331
0.0811687
0.142466
0.0864912
0.149982
0.0969589
0.101548
0.0203867
0.111537
0.103521
0.117038
0.0418
0.12595
0.109473
0.146833
0.0694577
0.056074
0.0663298
0.171727
0.0604634
0.0363953
0.0997167
0.153145
0.0972903
0.149438
0.143422
0.0789258
0.0824171
0.0280866
0.10659
0.11979
0.124913
0.0918806
0.0931203
0.116706
0.0722313
0.114472
0.0685084
0.098298
0.117964
0.127031
0.0969771
0.0907043
0.120404
0.125336
0.143039
0.0939444
0.0558185
0.097006
0.0193279
0.123854
0.118301
0.119045
0.102549
0.114636
0.0973035
0.10963
0.110696
0.148784
0.0964055
0.151604
0.102375
0.0525577
0.100117
0.148571
0.100793
0.140662
0.0395798
0.121773
0.0913554
0.0761597
0.149925
0.075991
0.0996867
0.0226663
0.111231
0.132152
0.110254
0.0711486
0.110624
0.148866
0.0620177
0.0489078
0.0260901
0.0889963
0.144144
0.0955593
0.15349
0.0245904
0.0957032
0.122065
0.0848207
0.0962413
0.117711
0.129041
0.130977
0.0918602
0.119379
0.0879411
0.0931014
0.0989034
0.117029
0.139138
0.126079
0.148849
0.0562465
0.102642
0.153289
0.0587693
0.0666081
0.0961073
0.0680618
0.112329
0.153463
0.148719
0.0622978
0.113063
0.0717491
0.132637
0.147562
0.0905896
0.0688309
0.166658
0.097258
0.156151
0.0792919
0.0173114
0.146394
0.100624
0.094686
0.0793036
0.0952855
0.0981107
0.119557
0.165365
0.136575
0.0958339
0.105083
0.151122
0.0862784
0.153488
0.115193
0.0992277
0.100924
0.1388
0.112609
0.0901796
0.0903569
0.0905843
0.109358
0.0903403
0.044186
0.091669
0.148446
0.146998
0.107271
0.0900637
0.049799
0.0216013
0.131805
0.0674004
0.100228
0.0739397
0.144412
0.147217
0.147983
0.0737519
0.149671
0.0920414
0.0796049
0.0968532
0.0610609
0.0953043
0.0994625
0.0738257
0.066193
0.118755
0.051747
0.0997521
0.0975944
0.14989
0.069679
0.0931159
0.0932933
0.113394
0.0640166
0.115231
0.112967
0.110734
0.127093
0.118647
0.097657
0.0440161
0.126365
0.0968757
0.0677208
0.102906
0.0994688
0.0963299
0.107893
0.0644587
0.0900339
0.121156
0.124473
0.0574573
0.0991493
0.0357876
0.114142
0.0929443
0.147326
0.0843165
0.115066
0.100541
0.141702
0.0786331
0.15371
0.0893802
0.1057
0.0941011
0.0965396
0.0686561
0.111668
0.153086
0.109279
0.148824
0.115734
0.102956
0.0827247
0.0358372
0.154536
0.127371
0.0968034
0.153347
0.107627
0.05616
0.0653753
0.112084
0.144646
0.122776
0.123104
0.147914
0.154699
0.115473
0.10346
0.114539
0.0971729
0.12872
0.0829942
0.0969184
0.0972202
0.100565
0.135543
0.141591
0.110439
0.142243
0.100914
0.154057
0.113597
0.157231
0.101998
0.135513
0.116103
0.149329
0.153641
0.0960629
0.107068
0.156565
0.0854717
0.14994
0.10097
0.0965797
0.100244
0.110999
0.114194
0.151822
0.146279
0.0964136
0.0635388
0.148434
0.130488
0.113353
0.155098
0.0659228
0.100538
0.0982028
0.0658332
0.117478
0.101571
0.155428
0.0824154
0.0557287
0.139991
0.124117
0.12394
0.116091
0.125274
0.151696
0.114055
0.116517
0.126431
0.047528
0.172516
0.149761
0.151946
0.104689
0.134536
0.142272
0.0693276
0.106725
0.126118
0.150619
0.137292
0.14968
0.126483
0.148669
0.150629
0.148719
0.130316
0.104236
0.0821908
0.129828
0.117723
0.0213015
0.097756
0.153327
0.106854
0.0349444
0.126286
0.11157
0.0809233
0.137447
0.149251
0.127906
0.151905
0.121875
0.122832
0.147546
0.116515
0.150222
0.0632162
0.0771809
0.0541645
0.0937218
0.140027
0.0811632
0.0447295
0.103221
0.0465076
0.150253
0.145997
0.128544
0.127795
0.12606
0.152951
0.0949134
0.148436
0.150469
0.0918138
0.115646
0.111975
0.0995921
0.120583
0.125254
0.0684954
0.0554177
0.121474
0.110937
0.148102
0.0875852
0.0799973
0.129848
0.0214305
0.149785
0.152436
0.082292
0.0982471
0.1512
0.064127
0.114092
0.147282
0.108869
0.152133
0.12809
0.154348
0.0794947
0.142432
0.119225
0.131923
0.105984
0.0684372
0.12336
0.0374206
0.13442
0.13404
0.127361
0.0606585
0.0409073
0.145032
0.123107
0.129928
0.121982
0.128482
0.0310637
0.100069
0.118114
0.105572
0.148922
0.131555
0.0552592
0.109258
0.124535
0.135294
0.101093
0.148816
0.0782496
0.14756
0.142517
0.127114
0.104448
0.118766
0.0238676
0.119682
0.133327
0.0914723
0.141351
0.0305307
0.154106
0.11664
0.088711
0.150382
0.109552
0.13276
0.0685096
0.169033
0.159588
0.0536805
0.134913
0.120503
0.131735
0.101056
0.0954802
0.0694087
0.0892087
0.151599
0.125959
0.123204
0.113329
0.0280999
0.142246
0.143247
0.138829
0.0622357
0.115235
0.107673
0.123851
0.110521
0.105235
0.111796
0.132942
0.107123
0.112656
0.130926
0.131113
0.119989
0.110641
0.124545
0.139016
0.108188
0.146401
0.0904329
0.153171
0.109548
0.146027
0.0539285
0.132063
0.114061
0.133577
0.151187
0.113331
0.0325116
0.0211933
0.0981797
0.0420742
0.100767
0.101958
0.110312
0.0358084
0.0640191
0.11652
0.0362327
0.148969
0.141622
0.117373
0.110786
0.100603
0.14899
0.145707
0.154075
0.11397
0.112936
0.121127
0.149334
0.14781
0.0421672
0.13481
0.0705989
0.0906064
0.148583
0.101437
0.126086
0.147214
0.105313
0.0578742
0.117674
0.136215
0.100961
0.148445
0.0223273
0.141803
0.120537
0.157899
0.0974899
0.136089
0.137277
0.0380888
0.152867
0.11032
0.098318
0.127638
0.105311
0.152464
0.103249
0.122676
0.144159
0.146302
0.146945
0.153193
0.051757
0.0972702
0.145129
0.0969071
0.0971493
0.119219
0.130578
0.0991307
0.135443
0.12746
0.141485
0.13126
0.0689985
0.0794428
0.0898298
0.131305
0.110753
0.148735
0.0806106
0.122014
0.11158
0.100373
0.0701359
0.135956
0.149996
0.0670521
0.0776144
0.146231
0.115976
0.133981
0.149224
0.128584
0.0395379
0.13423
0.124749
0.146185
0.140531
0.142922
0.152827
0.12976
0.124982
0.148333
0.128011
0.136006
0.139766
0.0615413
0.148522
0.131566
0.152756
0.0475963
0.140595
0.11577
0.103712
0.114235
0.148386
0.132738
0.149117
0.151829
0.126155
0.136552
0.0918627
0.140459
0.132372
0.116709
0.0323458
0.0506243
0.123365
0.102312
0.146311
0.153345
0.135189
0.134305
0.136006
0.147256
0.152704
0.103861
0.152154
0.121176
0.115783
0.103577
0.113592
0.14055
0.096365
0.128969
0.0691499
0.110817
0.116904
0.135992
0.15256
0.0969128
0.101894
0.128056
0.0564381
0.112188
0.0581894
0.0890869
0.120132
0.106852
0.149959
0.140907
0.161395
0.0978883
0.0356582
0.110112
0.116145
0.137629
0.0487485
0.11353
0.0637681
0.116684
0.116655
0.140974
0.127471
0.115778
0.108589
0.128843
0.128885
0.121442
0.141412
0.120877
0.140018
0.12557
0.118775
0.101731
0.135941
0.0343134
0.0308678
0.138801
0.132537
0.0368204
0.0936058
0.124982
0.142515
0.124206
0.143043
0.150712
0.115775
0.0994892
0.127686
0.118378
0.105799
0.119091
0.126742
0.072303
0.0770536
0.0705581
0.115936
0.0942745
0.109224
0.139423
0.147876
0.091122
0.140332
0.0387127
0.0582046
0.117994
0.152153
0.127388
0.123216
0.131347
0.125913
0.140756
0.118061
0.118301
0.13247
0.117183
0.1016
0.153191
0.140127
0.118181
0.12132
0.0877391
0.109478
0.15207
0.131446
0.0986579
0.103151
0.125115
0.119765
0.0996667
0.153128
0.116596
0.15282
0.125405
0.122675
0.152682
0.0745604
0.117224
0.0838024
0.15404
0.119074
0.146363
0.135076
0.0396088
0.101473
0.139925
0.146055
0.147993
0.153138
0.133279
0.135636
0.108139
0.128101
0.0459912
0.0760609
0.167463
0.107045
0.100015
0.123469
0.131828
0.148605
0.131752
0.143067
0.0906569
0.149651
0.116858
0.115467
0.120807
0.149027
0.0413832
0.110994
0.135952
0.147909
0.0822073
0.136016
0.0975525
0.0286577
0.100197
0.142518
0.0453062
0.129881
0.14721
0.143772
0.129911
0.14876
0.0218744
0.123343
0.106917
0.143222
0.101102
0.12721
0.124779
0.126473
0.098193
0.142256
0.0982379
0.132742
0.152338
0.132301
0.049568
0.139451
0.145577
0.130691
0.106395
0.0488912
0.152649
0.0555592
0.100656
0.125681
0.136515
0.127969
0.0991002
0.154017
0.147893
0.121412
0.13449
0.128877
0.105794
0.0554371
0.139564
0.131538
0.109529
0.105402
0.126936
0.147566
0.124029
0.068203
0.13962
0.0348023
0.119281
0.108655
0.153917
0.153862
0.126797
0.135502
0.124967
0.15231
0.102876
0.092722
0.120036
0.117961
0.122347
0.149305
0.12931
0.0357842
0.131684
0.093571
0.144762
0.14871
0.0629774
0.117757
0.154011
0.130709
0.129903
0.0285801
0.142571
0.131869
0.119694
0.143713
0.130365
0.131099
0.0991701
0.145953
0.0533044
0.154081
0.114716
0.133136
0.124063
0.0772395
0.136798
0.124283
0.15186
0.14197
0.126237
0.130457
0.169553
0.0904233
0.125354
0.142996
0.116358
0.142565
0.105332
0.133881
0.12063
0.13023
0.075984
0.112776
0.0577899
0.142906
0.139601
0.1325
0.131269
0.146265
0.111906
0.134598
0.108848
0.107273
0.123407
0.123042
0.130411
0.137064
0.135732
0.141081
0.125137
0.133391
0.140853
0.101505
0.12858
0.127845
0.139078
0.127749
0.0838573
0.131805
0.130822
0.156469
0.136905
0.0560354
0.0392287
0.0697582
0.14229
0.12646
0.123921
0.157366
0.111814
0.147191
0.138236
0.147241
0.15511
0.141174
0.0662682
0.13399
0.142094
0.140583
0.149025
0.149051
0.128694
0.12863
0.143354
0.0829315
0.147203
0.0348171
0.131126
0.145407
0.0978378
0.141271
0.148155
0.133163
0.152256
0.103205
0.143736
0.125379
0.142645
0.159946
0.112365
0.144256
0.106391
0.151053
0.135347
0.128793
0.148473
0.13492
0.138596
0.132938
0.153221
0.124029
0.119762
0.136618
0.130053
0.130046
0.0797486
0.0260674
0.133158
0.144355
0.0770989
0.138908
0.145959
0.134016
0.0364633
0.145765
0.0971547
0.0274837
0.148442
0.117822
0.147455
0.112821
0.141017
0.113877
0.148662
0.115961
0.134553
0.107844
0.132132
0.1431
0.156125
0.132134
0.0840654
0.0828722
0.113571
0.1474
0.136097
0.13791
0.129751
0.133375
0.137729
0.118603
0.129315
0.0987459
0.153099
0.151868
0.0256908
0.13528
0.1458
0.125599
0.148864
0.153154
0.130285
0.141569
0.136211
0.146086
0.147101
0.117657
0.152447
0.137009
0.103047
0.152839
0.14862
0.165001
0.0427896
0.0801358
0.0336407
0.127693
0.133793
0.179915
0.132446
0.147638
0.0980743
0.117344
0.141901
0.152539
0.0990371
0.130257
0.0252332
0.132239
0.14605
0.121384
0.152023
0.152776
0.147322
0.145088
0.147395
0.140547
0.111907
0.146017
0.148482
0.134448
0.131498
0.090401
0.146417
0.135979
0.146974
0.161771
0.0922317
0.1408
0.151574
0.161578
0.152348
0.104618
0.141769
0.133261
0.126969
0.102016
0.0934163
0.129512
0.142699
0.143377
0.0417651
0.0664436
0.145366
0.143734
0.105155
0.126224
0.155461
0.0884454
0.115279
0.148576
0.129063
0.130752
0.13269
0.148815
0.132962
0.117393
0.12957
0.147724
0.0908771
0.0615566
0.135977
0.0911891
0.110744
0.128915
0.0278552
0.147325
0.152242
0.146385
0.146032
0.134621
0.148674
0.15477
0.0263942
0.147309
0.145994
0.144662
0.14855
0.14647
0.0978437
0.135181
0.0496212
0.152954
0.149053
0.0988274
0.131688
0.132678
0.128468
0.071728
0.113869
0.147439
0.148424
0.143698
0.125011
0.135317
0.134442
0.15994
0.119194
0.132183
0.0868009
0.13647
0.136061
0.126532
0.133106
0.131943
0.185772
0.146031
0.142546
0.138194
0.137587
0.144893
0.147071
0.134323
0.129619
0.129974
0.154665
0.0902414
0.147288
0.145826
0.144379
0.135818
0.139937
0.14785
0.131455
0.114917
0.146485
0.111013
0.143488
0.125377
0.0555532
0.1431
0.101843
0.152364
0.146831
0.145807
0.133808
0.0989607
0.115158
0.135052
0.130426
0.153762
0.147933
0.144917
0.137237
0.132422
0.131786
0.115479
0.132095
0.137791
0.147479
0.128357
0.147487
0.146441
0.144845
0.148142
0.14106
0.132201
0.151254
0.138761
0.150897
0.136747
0.14699
0.1012
0.0683973
0.0640471
0.148636
0.104382
0.122712
0.134425
0.148252
0.0876194
0.131501
0.146763
0.10037
0.12907
0.102188
0.148559
0.127317
0.146844
0.132602
0.134929
0.146404
0.135611
0.13567
0.137185
0.14686
0.148187
0.126957
0.152901
0.132138
0.144456
0.147235
0.15163
0.145698
0.149321
0.148671
0.0542681
0.0763556
0.0401964
0.131575
0.153112
0.124623
0.132395
0.144362
0.129289
0.147629
0.112056
0.133165
0.152165
0.118248
0.151165
0.121819
0.148504
0.148642
0.127894
0.072384
0.146164
0.124281
0.141469
0.146031
0.1672
0.14529
0.143149
0.137851
0.133855
0.143021
0.146124
0.130635
0.0942686
0.142725
0.161499
0.150768
0.17111
0.155793
0.14307
0.103775
0.122491
0.146067
0.131025
0.143086
0.117296
0.123903
0.160144
0.146974
0.146197
0.138614
0.135314
0.0970788
0.148132
0.132277
0.116788
0.142972
0.131704
0.149336
0.148822
0.166049
0.136724
0.143242
0.131257
0.15333
0.134246
0.101874
0.149715
0.147849
0.13733
0.0719483
0.14843
0.144462
0.134481
0.141503
0.132272
0.148798
0.14726
0.102919
0.152465
0.123481
0.150539
0.142549
0.148473
0.1465
0.138494
0.143608
0.151752
0.143555
0.147394
0.148552
0.148273
0.148874
0.1477
0.142354
0.148628
0.143705
0.133166
0.144394
0.132746
0.136601
0.134137
0.147706
0.14198
0.147437
0.115441
0.13095
0.0948188
0.141964
0.146066
0.148864
0.0530088
0.147307
0.149091
0.14565
0.148318
0.115505
0.148463
0.148522
0.148742
0.134383
0.14419
0.135135
0.0791307
0.14526
0.136673
0.148988
0.143008
0.115799
0.147806
0.149288
0.148183
0.146253
0.146782
0.146451
0.153111
0.145787
0.140981
0.134765
0.114339
0.148232
0.129959
0.119753
0.132819
0.150316
0.145701
0.125318
0.0971785
0.112763
0.106172
0.148858
0.140702
0.145539
0.145542
0.147062
0.134652
0.153017
0.127671
0.148045
0.15041
0.147434
0.148512
0.150148
0.152964
0.14737
0.15323
0.153262
0.151679
0.148577
0.148679
0.143314
0.105307
0.147393
0.145361
0.155499
0.157918
0.147609
0.146195
0.152824
0.155497
0.14752
0.143524
0.142436
0.153282
0.144527
0.145862
0.150734
0.148072
0.138227
0.153172
0.132454
0.152929
0.146825
0.143149
0.135872
0.050449
0.146386
0.143242
0.151938
0.151157
0.144858
0.134317
0.129692
0.131334
0.138364
0.143142
0.14992
0.143209
0.0566935
0.146775
0.13571
0.117183
0.149939
0.153203
0.0660184
0.128763
0.0226243
0.148689
0.0949819
0.113983
0.155461
0.145942
0.150341
0.152953
0.141394
0.148129
0.0627544
0.146844
0.148923
0.152516
0.148107
0.110779
0.122555
0.141745
0.141243
0.149114
0.1437
0.151716
0.149022
0.147826
0.049528
0.149034
0.150522
0.135439
0.13795
0.15078
0.155582
0.132485
0.126962
0.131966
0.149009
0.0966226
0.141261
0.0687288
0.152982
0.143441
0.159502
0.134961
0.147812
0.169348
0.147978
0.149995
0.144996
0.154031
0.151529
0.124866
0.153276
0.152266
0.0642102
0.130056
0.132089
0.14875
0.152698
0.119556
0.152148
0.146173
0.151976
0.135258
0.151934
0.137595
0.129546
0.143905
0.164549
0.127895
0.146084
0.150728
0.152975
0.147779
0.148844
0.0953902
0.153595
0.151133
0.144366
0.149555
0.133825
0.14703
0.148589
0.158671
0.14424
0.118165
0.156131
0.138133
0.146242
0.131498
0.10354
0.146707
0.151531
0.146966
0.130973
0.116202
0.128584
0.149183
0.142873
0.109226
0.131351
0.153255
0.133164
0.150926
0.146855
0.147472
0.149772
0.152155
0.105223
0.148396
0.152388
0.136695
0.148313
0.149311
0.155398
0.145806
0.153251
0.14484
0.152467
0.0279726
0.152759
0.0347433
0.106599
0.147127
0.114633
0.0902271
0.0259286
0.150192
0.132676
0.150571
0.148439
0.123636
0.148998
0.137857
0.154139
0.148372
0.131545
0.14965
0.0193719
0.148407
0.15592
0.0515948
0.15065
0.149537
0.15291
0.151909
0.04309
0.152527
0.143319
0.133666
0.0409295
0.148383
0.149312
0.148147
0.150515
0.15262
0.098314
0.135021
0.147425
0.148727
0.143914
0.136077
0.0554299
0.145274
0.142993
0.144302
0.106647
0.157663
0.145828
0.153488
0.1476
0.149108
0.148959
0.149651
0.15361
0.146622
0.151725
0.151844
0.140119
0.0896021
0.154091
0.15146
0.152517
0.0814286
0.148374
0.148872
0.150307
0.146049
0.102486
0.0935923
0.145765
0.182782
0.132041
0.129645
0.150686
0.15041
0.14546
0.149062
0.153134
0.116292
0.146793
0.0570544
0.147417
0.134914
0.14647
0.153161
0.130571
0.148411
0.177433
0.152059
0.153984
0.117436
0.149623
0.125191
0.147676
0.141358
0.142474
0.152557
0.152377
0.152385
0.146431
0.134307
0.140599
0.145888
0.0859333
0.0431961
0.14775
0.136415
0.151313
0.148319
0.152668
0.147301
0.136319
0.144919
0.142788
0.148682
0.045889
0.151821
0.175013
0.154411
0.134949
0.145828
0.167413
0.0692715
0.145584
0.130409
0.136484
0.152147
0.0934376
0.127688
0.15148
0.148195
0.132465
0.147904
0.152468
0.133984
0.114136
0.152504
0.146105
0.149345
0.148361
0.15199
0.145609
0.148157
0.153171
0.152453
0.120497
0.132305
0.14854
0.15052
0.148033
0.147558
0.12713
0.147996
0.153029
0.148173
0.15297
0.137449
0.141148
0.15269
0.137161
0.152099
0.147324
0.0484298
0.0604111
0.136285
0.152522
0.0678098
0.149855
0.149276
0.151012
0.153954
0.136684
0.158544
0.152154
0.152316
0.15287
0.147561
0.147248
0.107301
0.140973
0.152054
0.152255
0.152544
0.147022
0.141922
0.144975
0.152707
0.151241
0.153106
0.0924671
0.14902
0.136522
0.151654
0.0916898
0.149047
0.152715
0.152289
0.152267
0.153188
0.150433
0.149697
0.152675
0.144932
0.15287
0.17928
0.148845
0.144635
0.152781
0.121227
0.153021
0.15188
0.148636
0.146472
0.148665
0.152652
0.152505
0.154816
0.152764
0.152541
0.125849
0.152974
0.145674
0.132276
0.153242
0.146494
0.152561
0.153919
0.131004
0.151605
0.153101
0.151889
0.152397
0.152278
0.0969573
0.151717
0.152221
0.155728
0.151454
0.143808
0.14706
0.064266
0.149344
0.153029
0.14991
0.150716
0.137185
0.154682
0.146703
0.153498
0.147958
0.146259
0.154319
0.131303
0.17206
0.149333
0.176629
0.110794
0.153283
0.131619
0.14635
0.136134
0.152065
0.128622
0.15236
0.152303
0.138143
0.1531
0.119993
0.152572
0.126792
0.147555
0.136068
0.152019
0.15355
0.14768
0.129951
0.0405411
0.129039
0.14883
0.140733
0.153297
0.183418
0.121348
0.152205
0.134439
0.12365
0.146463
0.148091
0.152314
0.143532
0.137651
0.15207
0.151297
0.148979
0.151066
0.103554
0.154141
0.114631
0.12009
0.152703
0.152604
0.136159
0.152453
0.148222
0.107772
0.131304
0.159641
0.15264
0.0975615
0.152789
0.149958
0.148071
0.117373
0.152982
0.152021
0.125834
0.138198
0.152653
0.151092
0.151087
0.142882
0.152152
0.149299
0.137232
0.114471
0.0944904
0.122832
0.148144
0.132178
0.152007
0.153016
0.152879
0.131712
0.118379
0.151828
0.151228
0.152836
0.148531
0.150895
0.142309
0.112249
0.170491
0.151517
0.0662486
0.152794
0.152771
0.103814
0.134331
0.152871
0.146541
0.139877
0.117655
0.145138
0.145989
0.151752
0.153153
0.152823
0.119078
0.140673
0.148362
0.144345
0.148628
0.147245
0.144858
0.152842
0.126907
0.142164
0.148682
0.137371
0.151479
0.120556
0.125239
0.153245
0.139045
0.153361
0.15337
0.149911
0.134967
0.0488714
0.148163
0.102212
0.153262
0.151178
0.129152
0.0783475
0.152685
0.1474
0.145497
0.15325
0.112731
0.152687
0.152885
0.146873
0.135048
0.13753
0.141518
0.148762
0.143852
0.151828
0.152605
0.151553
0.151912
0.153855
0.134502
0.152482
0.125657
0.152802
0.139201
0.154141
0.1535
0.174901
0.151602
0.14896
0.146346
0.111096
0.150772
0.133726
0.137201
0.15267
0.154375
0.153086
0.148829
0.150043
0.153727
0.117844
0.141749
0.138059
0.153283
0.151222
0.153923
0.147158
0.140689
0.164844
0.15082
0.0239193
0.150225
0.118072
0.152861
0.153338
0.153986
0.131284
0.147781
0.154154
0.0770277
0.153188
0.143595
0.148174
0.149056
0.146241
0.0690505
0.153202
0.10285
0.142282
0.149447
0.129778
0.148518
0.1549
0.149572
0.151916
0.154337
0.157535
0.153924
0.119501
0.07829
0.151235
0.148575
0.129844
0.149002
0.115867
0.153009
0.118069
0.146244
0.134977
0.17838
0.148587
0.144192
0.154342
0.148212
0.057169
0.14836
0.149011
0.158171
0.139095
0.121085
0.153833
0.146264
0.139891
0.15245
0.150483
0.147537
0.119885
0.138225
0.0938462
0.153731
0.152515
0.149596
0.136331
0.154546
0.137751
0.154306
0.135881
0.16192
0.136169
0.153017
0.143117
0.149187
0.154313
0.153887
0.132287
0.153568
0.14914
0.148804
0.153657
0.154206
0.144074
0.153043
0.148263
0.149025
0.152946
0.146142
0.150943
0.149941
0.140889
0.133943
0.14569
0.0345148
0.150545
0.135562
0.0997122
0.127472
0.15383
0.148315
0.142821
0.149987
0.153382
0.150665
0.150869
0.157707
0.124216
0.164457
0.172728
0.0608873
0.149674
0.153314
0.148214
0.15037
0.134074
0.14817
0.151381
0.144963
0.145281
0.141573
0.15376
0.153949
0.15178
0.143422
0.148874
0.145168
0.149079
0.154941
0.14475
0.173631
0.152944
0.183839
0.137452
0.144625
0.151509
0.15128
0.0282266
0.0795113
0.129411
0.140778
0.142701
0.147831
0.152583
0.147846
0.140759
0.146024
0.142682
0.148683
0.135501
0.153824
0.156298
0.154321
0.153304
0.158388
0.14656
0.138148
0.154271
0.142651
0.148436
0.153564
0.150439
0.148061
0.153304
0.129129
0.150776
0.149213
0.143841
0.1461
0.153327
0.152633
0.151283
0.123292
0.149068
0.151626
0.17111
0.18386
0.151626
0.146268
0.149718
0.153253
0.14893
0.172657
0.154322
0.154321
0.182839
0.161194
0.145136
0.16964
0.177791
0.160706
0.153388
0.157731
0.143298
0.151985
0.153591
0.146911
0.14739
0.162819
0.147067
0.167938
0.151951
0.141682
0.172761
0.150249
0.147374
0.154008
0.149497
0.149495
0.158799
0.15228
0.156715
0.149559
0.159868
0.15264
0.149347
0.168172
0.154333
0.154342
0.15264
0.155601
0.159162
0.150271
0.139508
0.150318
0.162434
0.139469
0.149066
0.154337
0.147106
0.148129
0.171783
0.154264
0.143625
0.140569
0.180808
0.151948
0.172624
0.144271
0.154337
0.146846
0.163481
0.154337
0.147565
0.145787
0.142741
0.140291
0.141815
0.152989
0.145019
0.0828476
0.135603
0.1433
0.13652
0.152629
0.153271
0.134426
0.15003
0.147367
0.151609
0.153652
0.1537
0.11463
0.151041
0.0652172
0.153278
0.14812
0.122346
0.131272
0.149872
0.123101
0.148362
0.158165
0.147563
0.149098
0.152701
0.152996
0.14861
0.143771
0.152061
0.15408
0.152673
0.153874
0.15079
0.153201
0.148974
0.152719
0.150311
0.148496
0.0911557
0.169864
0.140804
0.132965
0.153007
0.124177
0.151043
0.130277
0.143848
0.117579
0.148069
0.153996
0.14968
0.114316
0.153242
0.135391
0.151764
0.152769
0.0963841
0.143441
0.145029
0.15414
0.135386
0.16412
0.147345
0.15312
0.154089
0.140663
0.147759
0.152902
0.109891
0.120536
0.146915
0.154134
0.153957
0.127983
0.158714
0.141754
0.15249
0.14324
0.149484
0.147291
0.153066
0.15861
0.151242
0.153659
0.151701
0.137153
0.152824
0.0747055
0.152515
0.124074
0.153178
0.15234
0.144622
0.149059
0.118585
0.148699
0.145913
0.123717
0.14777
0.15398
0.151797
0.151168
0.145322
0.150883
0.16245
0.143566
0.152858
0.135624
0.148502
0.132046
0.154353
0.13533
0.15252
0.113408
0.120647
0.13325
0.144886
0.143834
0.153896
0.146371
0.131488
0.146838
0.14712
0.151662
0.151232
0.129951
0.136709
0.164297
0.15311
0.153422
0.149694
0.154093
0.153257
0.152289
0.154041
0.150538
0.145441
0.130578
0.127277
0.149213
0.153354
0.133939
0.153285
0.153966
0.0817415
0.152475
0.147094
0.146981
0.153802
0.147602
0.0764691
0.11855
0.153553
0.15353
0.13591
0.150809
0.149507
0.156601
0.14779
0.135157
0.101011
0.146469
0.154
0.0908531
0.13682
0.148238
0.0412608
0.152463
0.131899
0.131994
0.151838
0.148889
0.0403619
0.0836365
0.152716
0.154338
0.151889
0.153579
0.149363
0.147569
0.153234
0.149903
0.152037
0.134174
0.0818376
0.150117
0.163795
0.149094
0.157198
0.146684
0.148113
0.159303
0.148429
0.153228
0.152867
0.116992
0.149981
0.153017
0.149286
0.153424
0.147245
0.138491
0.094059
0.15921
0.153109
0.152964
0.151334
0.14693
0.151505
0.153361
0.144688
0.148811
0.0847184
0.153961
0.143521
0.152875
0.153356
0.100503
0.154048
0.15086
0.15222
0.153716
0.153392
0.153981
0.14456
0.151879
0.149135
0.0674609
0.153366
0.147936
0.153045
0.151898
0.146815
0.142006
0.136522
0.0898144
0.147868
0.147858
0.152999
0.153159
0.153186
0.152656
0.151878
0.135972
0.141867
0.153098
0.0878229
0.149828
0.147597
0.0712897
0.121189
0.140312
0.153512
0.144776
0.149097
0.14827
0.139864
0.153361
0.150277
0.15019
0.120346
0.154533
0.15292
0.150613
0.122039
0.136729
0.147665
0.148332
0.153355
0.148293
0.148699
0.147704
0.150505
0.152644
0.154007
0.150118
0.139721
0.142264
0.149403
0.153193
0.140885
0.145127
0.151192
0.165935
0.149252
0.144689
0.151499
0.149965
0.15328
0.153297
0.149165
0.137465
0.147939
0.174794
0.1575
0.0263296
0.148709
0.108857
0.153597
0.153428
0.152851
0.153378
0.145187
0.153123
0.152215
0.142374
0.153401
0.156415
0.0210348
0.144427
0.155813
0.13795
0.150109
0.146237
0.0725804
0.151495
0.153483
0.155461
0.15197
0.130552
0.0611134
0.137409
0.149646
0.152052
0.150779
0.0346329
0.152677
0.137953
0.145459
0.132978
0.152423
0.151888
0.138529
0.150924
0.139736
0.0484746
0.128741
0.15248
0.152548
0.151997
0.104027
0.145553
0.150959
0.150521
0.144642
0.146724
0.145276
0.155913
0.0191331
0.125715
0.142278
0.146657
0.152893
0.146189
0.129262
0.148621
0.148787
0.145811
0.14751
0.150906
0.157961
0.146052
0.153169
0.150818
0.1523
0.146351
0.148145
0.134776
0.169154
0.134748
0.0952944
0.0292968
0.150769
0.127318
0.129783
0.0991072
0.152974
0.152326
0.153427
0.135276
0.153247
0.172549
0.153231
0.15088
0.149195
0.131339
0.14329
0.151134
0.152517
0.159476
0.145845
0.100263
0.0995015
0.0772993
0.151146
0.151667
0.124909
0.161046
0.150869
0.153391
0.153131
0.131044
0.158254
0.127286
0.13368
0.117939
0.0605308
0.152696
0.142159
0.153133
0.159263
0.151051
0.151381
0.147053
0.138249
0.137276
0.148512
0.153109
0.15319
0.158278
0.145639
0.150467
0.144873
0.151304
0.151906
0.15291
0.150499
0.133048
0.131652
0.137494
0.0798108
0.152598
0.131413
0.144611
0.145187
0.137012
0.147947
0.146651
0.153069
0.153156
0.149735
0.149653
0.0848499
0.153116
0.126714
0.147268
0.148351
0.151134
0.151328
0.152789
0.1464
0.153324
0.142913
0.150931
0.10164
0.150619
0.149008
0.120216
0.148644
0.14879
0.150985
0.153316
0.152556
0.147065
0.130999
0.14377
0.152002
0.153235
0.149051
0.150731
0.152888
0.135696
0.157485
0.147396
0.153343
0.132878
0.151916
0.0978001
0.147591
0.151515
0.145662
0.150369
0.151624
0.111767
0.141704
0.153466
0.151548
0.0625578
0.14394
0.152514
0.148829
0.1512
0.151349
0.129194
0.151352
0.136266
0.145073
0.131896
0.148346
0.147279
0.15174
0.147867
0.148497
0.148668
0.149742
0.152452
0.152001
0.138928
0.129727
0.13714
0.153004
0.14351
0.143593
0.148914
0.141261
0.147097
0.15632
0.0978374
0.153352
0.152931
0.150639
0.151374
0.150433
0.121482
0.151135
0.149193
0.146302
0.147882
0.148233
0.150287
0.136526
0.131004
0.150244
0.150547
0.151993
0.131143
0.134506
0.148352
0.0697034
0.144022
0.150737
0.146104
0.144341
0.137333
0.152312
0.15137
0.141137
0.152968
0.0702874
0.148082
0.131547
0.150256
0.145918
0.150103
0.145786
0.147976
0.156861
0.152983
0.127912
0.153066
0.0970462
0.115154
0.151988
0.153631
0.148098
0.147808
0.147887
0.153035
0.095287
0.14101
0.15132
0.146644
0.14865
0.114962
0.150224
0.150495
0.149561
0.153182
0.144442
0.15338
0.131201
0.153521
0.152795
0.1622
0.149023
0.147397
0.144466
0.141933
0.153293
0.149079
0.150699
0.144684
0.149081
0.152235
0.152247
0.14836
0.152432
0.151221
0.153229
0.144688
0.141948
0.146563
0.14073
0.158019
0.150223
0.149729
0.145668
0.15235
0.145522
0.164357
0.151272
0.151932
0.153362
0.142149
0.0213145
0.144848
0.149253
0.13176
0.13256
0.149568
0.150567
0.152045
0.112082
0.137298
0.147917
0.152132
0.14971
0.149956
0.150121
0.145423
0.150053
0.151666
0.152016
0.147645
0.148119
0.150966
0.152448
0.10868
0.149966
0.150312
0.125935
0.149251
0.16659
0.148872
0.152858
0.160485
0.145994
0.042415
0.136091
0.146228
0.110598
0.145684
0.130411
0.152374
0.171867
0.148169
0.152722
0.153302
0.149334
0.149085
0.146699
0.146498
0.150876
0.149145
0.151045
0.148123
0.149048
0.153712
0.152902
0.145294
0.140972
0.148465
0.148768
0.147448
0.143607
0.105818
0.15172
0.152213
0.148017
0.14854
0.149066
0.148509
0.0741746
0.149597
0.152069
0.140951
0.150805
0.146641
0.148405
0.161497
0.151893
0.151271
0.137104
0.148479
0.152149
0.158483
0.151466
0.150452
0.153301
0.126985
0.140629
0.146651
0.150963
0.146938
0.143039
0.105345
0.152686
0.151875
0.150004
0.146955
0.136978
0.153184
0.166199
0.137347
0.167261
0.147233
0.14758
0.149322
0.119646
0.134867
0.129355
0.146792
0.152059
0.143672
0.0755801
0.125431
0.175455
0.150034
0.149169
0.138814
0.147763
0.122565
0.14673
0.147463
0.149045
0.139127
0.118798
0.150301
0.15179
0.150904
0.146532
0.146523
0.147613
0.154136
0.148061
0.148532
0.14885
0.144856
0.15156
0.151525
0.154237
0.151913
0.156587
0.129583
0.15861
0.152462
0.15226
0.148152
0.149329
0.149562
0.146148
0.148878
0.132907
0.153376
0.12073
0.148431
0.14777
0.15049
0.142927
0.142256
0.148228
0.149379
0.147508
0.13954
0.0644425
0.112572
0.152914
0.150165
0.152435
0.147883
0.149437
0.148313
0.149608
0.148364
0.149105
0.14937
0.133914
0.149535
0.142467
0.143475
0.149123
0.149888
0.150205
0.149902
0.148505
0.14582
0.131674
0.154609
0.152247
0.150854
0.144997
0.128968
0.146175
0.149197
0.149062
0.149317
0.151338
0.114042
0.153452
0.14373
0.131907
0.126382
0.0751613
0.119668
0.131648
0.130913
0.120286
0.137945
0.14674
0.151893
0.14478
0.14754
0.149137
0.154378
0.15601
0.0965943
0.14761
0.151446
0.149308
0.147155
0.146983
0.149336
0.151561
0.134362
0.136322
0.139837
0.148559
0.0407346
0.151393
0.152495
0.122231
0.129875
0.144453
0.0402979
0.142533
0.116716
0.151791
0.145189
0.151287
0.138058
0.154743
0.152892
0.153088
0.172352
0.13195
0.117865
0.142667
0.146747
0.144604
0.159959
0.144221
0.132007
0.146596
0.147793
0.143883
0.146362
0.140929
0.126922
0.153538
0.056732
0.15672
0.148807
0.146002
0.132689
0.146508
0.0876778
0.132107
0.149228
0.12038
0.119438
0.139461
0.149798
0.101752
0.0402472
0.15193
0.13181
0.149419
0.15164
0.150216
0.148818
0.145141
0.151525
0.151081
0.151356
0.143418
0.149989
0.151648
0.151002
0.141754
0.149453
0.130995
0.126994
0.13427
0.148081
0.126985
0.139712
0.150778
0.125804
0.0910833
0.149947
0.126238
0.151317
0.151003
0.136974
0.153495
0.130905
0.148142
0.151848
0.153453
0.14594
0.147629
0.149711
0.115704
0.124977
0.151355
0.147609
0.151033
0.152955
0.138499
0.100527
0.127678
0.102515
0.146327
0.133921
0.149021
0.112847
0.1428
0.14923
0.101621
0.129704
0.0640934
0.13799
0.148596
0.155771
0.150907
0.147929
0.149579
0.147621
0.148561
0.138476
0.150446
0.146955
0.135089
0.14977
0.149739
0.14962
0.131934
0.151287
0.148031
0.15001
0.0485262
0.137912
0.124718
0.160094
0.14887
0.15099
0.151515
0.0633489
0.145692
0.14568
0.151007
0.125746
0.137635
0.082289
0.149596
0.139169
0.15149
0.149222
0.149732
0.143344
0.13063
0.142377
0.146855
0.15243
0.0643692
0.125433
0.151758
0.14321
0.133915
0.14896
0.144704
0.141852
0.153505
0.099601
0.148818
0.136004
0.135483
0.15119
0.148276
0.148786
0.128873
0.144358
0.0353908
0.15301
0.152324
0.152677
0.137479
0.14914
0.15044
0.147673
0.151998
0.14788
0.148262
0.148983
0.152646
0.141573
0.128323
0.152227
0.133231
0.14874
0.150712
0.140515
0.0992531
0.147928
0.0985677
0.156984
0.154301
0.150841
0.0282737
0.141297
0.150226
0.136346
0.137251
0.136665
0.150812
0.150564
0.121255
0.142986
0.145715
0.0745011
0.0922851
0.149773
0.106707
0.14498
0.149542
0.148078
0.15248
0.135897
0.141097
0.142987
0.149313
0.0966895
0.13905
0.144264
0.134663
0.153552
0.140838
0.152683
0.149316
0.109063
0.147554
0.148876
0.0718723
0.135881
0.149318
0.128884
0.136599
0.145298
0.142388
0.136355
0.146999
0.150837
0.124916
0.149466
0.150321
0.134349
0.14158
0.144735
0.140623
0.149206
0.141419
0.147973
0.150808
0.143407
0.144217
0.149414
0.142902
0.170411
0.133555
0.144445
0.1399
0.148409
0.137928
0.132488
0.147737
0.150671
0.1428
0.133717
0.149316
0.127201
0.150199
0.149047
0.150659
0.150196
0.118797
0.148658
0.149849
0.151873
0.152581
0.150519
0.147987
0.0913987
0.150528
0.0982515
0.143657
0.146507
0.149802
0.151913
0.147951
0.134543
0.151118
0.148137
0.154496
0.149863
0.120362
0.138917
0.150087
0.130383
0.0654989
0.117849
0.127615
0.114924
0.106137
0.148544
0.140906
0.109458
0.0642572
0.138671
0.118055
0.149649
0.151598
0.149284
0.148855
0.151597
0.142912
0.15071
0.119244
0.110151
0.14822
0.151492
0.147337
0.148442
0.149376
0.150922
0.153426
0.149808
0.135473
0.148914
0.149212
0.152921
0.0620949
0.138332
0.146862
0.138023
0.138857
0.151993
0.143048
0.137551
0.148884
0.148398
0.146629
0.106782
0.150692
0.142479
0.149812
0.146482
0.148494
0.150872
0.124582
0.144725
0.137744
0.118601
0.147027
0.14228
0.147
0.152148
0.150723
0.146195
0.120549
0.104461
0.148809
0.142078
0.148011
0.148553
0.148359
0.14294
0.13731
0.145689
0.146272
0.139334
0.139944
0.144695
0.14822
0.148589
0.153401
0.117887
0.138173
0.148453
0.150096
0.148424
0.136689
0.134546
0.147554
0.140884
0.148427
0.139906
0.128965
0.153856
0.135446
0.150319
0.104171
0.14707
0.129784
0.150774
0.1144
0.150552
0.111734
0.147861
0.11816
0.133011
0.145825
0.134242
0.147434
0.144312
0.06396
0.144086
0.148867
0.145204
0.153713
0.148138
0.145215
0.144717
0.153716
0.141118
0.149744
0.151712
0.101047
0.130545
0.132346
0.145703
0.142425
0.14922
0.150276
0.15085
0.133917
0.123794
0.104737
0.147026
0.148839
0.149917
0.143157
0.130009
0.139713
0.14807
0.129352
0.150881
0.14903
0.145552
0.151541
0.149407
0.153135
0.141104
0.151387
0.148289
0.147025
0.148473
0.142171
0.127109
0.148855
0.147753
0.151498
0.118797
0.143536
0.141039
0.142992
0.134287
0.15545
0.133497
0.0911102
0.139437
0.139643
0.131741
0.148254
0.138664
0.151767
0.148343
0.147947
0.150457
0.0835342
0.141065
0.147348
0.123449
0.139084
0.145476
0.0962904
0.128583
0.130708
0.125701
0.150326
0.0764199
0.144741
0.129409
0.102878
0.107513
0.149617
0.149241
0.148309
0.145481
0.143423
0.141817
0.124726
0.149646
0.129567
0.0412527
0.131378
0.146869
0.141127
0.0519639
0.146446
0.151975
0.14565
0.150127
0.151117
0.145836
0.149105
0.123598
0.138933
0.14858
0.148765
0.13574
0.152641
0.14881
0.149277
0.14753
0.126459
0.125324
0.142359
0.137549
0.130949
0.130186
0.149866
0.145663
0.133563
0.14896
0.147358
0.161176
0.122265
0.147396
0.147019
0.135068
0.126188
0.03334
0.133429
0.148834
0.148817
0.126827
0.131773
0.141529
0.112062
0.147688
0.135373
0.146523
0.146998
0.139373
0.146944
0.146475
0.132269
0.104982
0.125049
0.14514
0.133582
0.150098
0.129667
0.14504
0.0977033
0.14635
0.0252323
0.142591
0.147366
0.0858132
0.135348
0.116952
0.119999
0.137619
0.132117
0.0978008
0.151174
0.149026
0.142871
0.136756
0.142959
0.11739
0.136622
0.149944
0.13853
0.122948
0.0230388
0.151582
0.115232
0.1339
0.14702
0.0962979
0.126264
0.123508
0.130138
0.146834
0.150089
0.14836
0.15027
0.147925
0.0835109
0.148967
0.145199
0.149388
0.152977
0.114352
0.15
0.149827
0.035998
0.147924
0.102993
0.151565
0.15376
0.148836
0.150199
0.131057
0.11376
0.0777825
0.149377
0.127208
0.142494
0.146499
0.149326
0.137598
0.0895877
0.118681
0.148812
0.153766
0.148839
0.148522
0.123251
0.12448
0.145681
0.151574
0.152848
0.137624
0.151694
0.0508386
0.142822
0.144119
0.118018
0.113076
0.148371
0.133306
0.0921575
0.0979423
0.148888
0.0824771
0.13666
0.118469
0.140232
0.12642
0.13554
0.149143
0.13428
0.14891
0.120965
0.118733
0.0684435
0.118319
0.137113
0.145368
0.135989
0.142993
0.14227
0.122589
0.150199
0.153603
0.141161
0.139159
0.129158
0.12726
0.142427
0.143756
0.149304
0.147422
0.141919
0.123109
0.138563
0.125863
0.124375
0.149834
0.116894
0.149444
0.124909
0.137795
0.150943
0.131701
0.1506
0.152132
0.0340324
0.113003
0.10057
0.098503
0.145444
0.13015
0.135295
0.131941
0.147144
0.0568653
0.169561
0.130117
0.149995
0.0762679
0.11674
0.11489
0.126005
0.136987
0.126446
0.0703174
0.150303
0.0184325
0.128201
0.125704
0.136924
0.130039
0.147071
0.0790833
0.14996
0.0807394
0.144056
0.124858
0.132069
0.149537
0.135171
0.148214
0.151442
0.14612
0.125042
0.139737
0.122025
0.134258
0.143865
0.132747
0.142769
0.147291
0.143318
0.131525
0.103834
0.123946
0.150606
0.147747
0.116125
0.14563
0.145345
0.112071
0.147826
0.14558
0.154012
0.112505
0.122589
0.148606
0.145465
0.149318
0.132762
0.146318
0.151771
0.144038
0.0774378
0.119348
0.122778
0.143811
0.148039
0.132523
0.131459
0.13216
0.151215
0.146581
0.142188
0.130649
0.149242
0.141345
0.131006
0.141655
0.11881
0.14912
0.134429
0.125006
0.146848
0.148943
0.140327
0.14647
0.129205
0.137976
0.103091
0.132761
0.0581974
0.1344
0.183194
0.144776
0.138322
0.126303
0.137994
0.134441
0.137548
0.0968849
0.149046
0.114158
0.136685
0.132205
0.136115
0.117987
0.10591
0.141314
0.129869
0.129756
0.143411
0.147963
0.134644
0.150109
0.123145
0.115037
0.131261
0.114255
0.13097
0.120822
0.147168
0.151295
0.14427
0.151203
0.137697
0.130342
0.149074
0.116077
0.0677533
0.0799744
0.138667
0.117786
0.129049
0.134023
0.142631
0.106756
0.126638
0.126145
0.151582
0.0993657
0.14835
0.14613
0.149155
0.0346184
0.118393
0.149767
0.13613
0.132083
0.144625
0.147195
0.132589
0.0776439
0.120578
0.128377
0.139052
0.136743
0.132936
0.118347
0.135321
0.118912
0.126425
0.121952
0.0792467
0.147889
0.134811
0.142985
0.152135
0.144324
0.148714
0.12479
0.151245
0.149663
0.117651
0.142044
0.144305
0.1288
0.123323
0.140097
0.0478233
0.0941128
0.0656215
0.150458
0.113881
0.143709
0.125634
0.126646
0.119139
0.094364
0.0666616
0.150262
0.103118
0.132728
0.0575418
0.121686
0.174918
0.149219
0.04235
0.0910653
0.1381
0.116222
0.147643
0.134224
0.126386
0.134359
0.146272
0.131875
0.150278
0.150211
0.129932
0.0757532
0.153522
0.122444
0.113679
0.0633285
0.119179
0.150967
0.111725
0.136167
0.134172
0.11295
0.115677
0.0994984
0.100583
0.148105
0.153272
0.0685386
0.128047
0.123194
0.0695133
0.140891
0.152696
0.119622
0.0530447
0.133778
0.15192
0.126706
0.151308
0.153337
0.138852
0.11749
0.131149
0.153723
0.136772
0.148402
0.127394
0.132657
0.0772846
0.141712
0.0621431
0.104876
0.132446
0.149557
0.130109
0.138499
0.143744
0.137236
0.153079
0.131771
0.152245
0.176061
0.107762
0.150928
0.0360915
0.126285
0.148819
0.145238
0.143279
0.0924759
0.147803
0.144554
0.0977228
0.131356
0.144367
0.15022
0.128171
0.127691
0.131884
0.152123
0.145057
0.165315
0.13418
0.0234491
0.122817
0.129919
0.135374
0.146759
0.14103
0.135522
0.141412
0.11792
0.148482
0.0992076
0.134907
0.143982
0.126372
0.102467
0.0366965
0.123484
0.118123
0.13684
0.150054
0.154442
0.151217
0.121129
0.135726
0.149446
0.110962
0.150882
0.0293129
0.0765133
0.147369
0.132127
0.129842
0.11938
0.104725
0.129612
0.135301
0.11859
0.144054
0.0701497
0.148671
0.151848
0.133021
0.068092
0.115661
0.118186
0.149472
0.0772566
0.0977914
0.149044
0.0235947
0.16201
0.137793
0.148211
0.130665
0.149127
0.135804
0.0995764
0.101655
0.0265316
0.147972
0.085937
0.145589
0.101316
0.147465
0.123783
0.124865
0.152075
0.146168
0.170315
0.147698
0.146157
0.146977
0.149509
0.131285
0.13277
0.146757
0.150753
0.148188
0.117248
0.0761551
0.103893
0.132588
0.167771
0.130287
0.156931
0.148751
0.0540654
0.158065
0.130537
0.137537
0.130377
0.103141
0.100491
0.126675
0.101849
0.151594
0.125166
0.14524
0.136303
0.106684
0.131333
0.127916
0.114306
0.134939
0.105788
0.118074
0.149313
0.102197
0.125579
0.149443
0.133887
0.016045
0.126204
0.0798351
0.0959155
0.140526
0.123151
0.149288
0.135903
0.149829
0.112644
0.134214
0.112954
0.146786
0.0952687
0.129287
0.137564
0.148821
0.130054
0.145033
0.0565897
0.100523
0.0595176
0.105581
0.138374
0.119484
0.0935436
0.116499
0.144679
0.153475
0.104691
0.157461
0.106254
0.0503492
0.0938123
0.137504
0.106508
0.152685
0.064136
0.143695
0.149884
0.128928
0.0225208
0.147619
0.121127
0.117149
0.127743
0.15335
0.036378
0.0646814
0.11367
0.100491
0.0959722
0.0657344
0.140245
0.130983
0.0814103
0.130683
0.0990135
0.145739
0.148137
0.132815
0.138911
0.119026
0.11853
0.149106
0.130034
0.0299114
0.132563
0.147904
0.0793926
0.0548181
0.0879814
0.0676818
0.115335
0.100547
0.138585
0.140744
0.0485194
0.0896369
0.130251
0.138189
0.144816
0.137415
0.13378
0.106775
0.147788
0.0968455
0.102693
0.150062
0.149252
0.147397
0.102235
0.132583
0.0991279
0.0974394
0.114616
0.145952
0.0292068
0.0933775
0.135937
0.0873127
0.147482
0.130511
0.147311
0.132861
0.149157
0.133703
0.100129
0.145786
0.0977001
0.110066
0.149327
0.116517
0.129843
0.124352
0.0354747
0.142882
0.130612
0.144058
0.0953094
0.126413
0.06578
0.131281
0.147559
0.140451
0.144049
0.148181
0.119926
0.110344
0.0299592
0.123522
0.148607
0.141271
0.120727
0.10572
0.149069
0.131383
0.0280635
0.139619
0.122855
0.132768
0.128444
0.121269
0.11921
0.129671
0.148421
0.0906672
0.145396
0.0569609
0.153411
0.0954127
0.118047
0.147266
0.129565
0.129568
0.0810775
0.0921159
0.0695018
0.100672
0.137448
0.0575781
0.133
0.129147
0.0788641
0.10304
0.130717
0.149025
0.113676
0.151987
0.122073
0.118984
0.117209
0.0914045
0.114872
0.135942
0.0687154
0.147909
0.106754
0.0951919
0.139966
0.125737
0.0968066
0.0659471
0.0859077
0.15095
0.147334
0.145481
0.0222457
0.127149
0.0558662
0.117426
0.143628
0.145491
0.147864
0.133489
0.117815
0.147427
0.128951
0.14929
0.148665
0.14149
0.093826
0.13476
0.148992
0.136296
0.140173
0.139568
0.132471
0.141179
0.141476
0.134717
0.130619
0.141266
0.151742
0.146961
0.144752
0.143064
0.151268
0.151795
0.129552
0.119
0.148092
0.0386001
0.131434
0.13845
0.114926
0.128539
0.143844
0.149099
0.147904
0.0997777
0.143643
0.150293
0.149409
0.141821
0.147365
0.131383
0.134184
0.0585763
0.130018
0.123019
0.0696247
0.149311
0.134797
0.0857728
0.0674729
0.0988696
0.064271
0.138785
0.0474435
0.071661
0.131522
0.129708
0.105247
0.0461628
0.0917909
0.0239254
0.104085
0.130429
0.112038
0.130637
0.0527681
0.119367
0.122625
0.129545
0.065273
0.061375
0.09547
0.116396
0.123842
0.11812
0.130122
0.082637
0.115316
0.142732
0.113363
0.157283
0.0257862
0.143022
0.127985
0.0999026
0.116969
0.147666
0.137256
0.0348738
0.128829
0.145582
0.0854244
0.104266
0.150984
0.124283
0.129271
0.0865247
0.0263874
0.0789772
0.114325
0.06231
0.136929
0.133761
0.150403
0.147254
0.149397
0.115396
0.0418537
0.0561423
0.131416
0.130839
0.137468
0.139264
0.110076
0.122345
0.10011
0.140049
0.121464
0.130547
0.149458
0.0965599
0.142136
0.149199
0.105971
0.138364
0.147942
0.0761217
0.147867
0.0360174
0.129456
0.034938
0.147294
0.102919
0.113826
0.103663
0.116811
0.149205
0.127166
0.149401
0.125359
0.126316
0.0575828
0.117664
0.0572479
0.152071
0.125554
0.083975
0.0771175
0.120557
0.128152
0.118601
0.102252
0.0224118
0.118527
0.136038
0.147794
0.105904
0.141722
0.0580286
0.14973
0.0584739
0.0833218
0.114982
0.15215
0.0235239
0.136518
0.144455
0.0287822
0.0719227
0.0950723
0.107169
0.0621293
0.0660493
0.0879238
0.0884365
0.149289
0.144056
0.134945
0.136579
0.0975222
0.125804
0.14092
0.108545
0.0622113
0.137804
0.122084
0.145129
0.103418
0.149704
0.130185
0.133019
0.0970255
0.0469342
0.102016
0.0685261
0.150147
0.112305
0.0846149
0.16856
0.113847
0.0813028
0.134316
0.137199
0.115686
0.111759
0.0178832
0.149686
0.131936
0.128162
0.108516
0.132063
0.0988369
0.147288
0.132052
0.150014
0.103125
0.164024
0.148698
0.135005
0.149848
0.0877809
0.0782394
0.0952692
0.133971
0.0703979
0.121945
0.140479
0.118876
0.13569
0.147145
0.105938
0.0501322
0.14993
0.131661
0.117479
0.107471
0.061615
0.0800842
0.148991
0.10732
0.107242
0.123115
0.11821
0.109305
0.0980532
0.124145
0.119852
0.15192
0.119381
0.130895
0.0835247
0.103254
0.0269184
0.147331
0.126767
0.171581
0.130809
0.118217
0.117762
0.131805
0.148245
0.167968
0.10415
0.138809
0.0205887
0.149592
0.147279
0.130223
0.0729469
0.131089
0.150485
0.134151
0.103151
0.105283
0.107001
0.155807
0.174139
0.1458
0.147942
0.140098
0.136061
0.136206
0.133266
0.0807812
0.0992742
0.0712418
0.100809
0.0490543
0.0696557
0.149721
0.0957028
0.122745
0.150175
0.0691378
0.102734
0.0669592
0.124355
0.125219
0.152056
0.105302
0.139032
0.0414697
0.0972461
0.141091
0.137271
0.136957
0.0360762
0.148839
0.152379
0.101239
0.0857399
0.151679
0.024333
0.0482367
0.0942561
0.0998726
0.114729
0.0761731
0.136838
0.148015
0.147665
0.150031
0.0822547
0.154298
0.145704
0.0993468
0.103327
0.150987
0.135503
0.108098
0.11531
0.125351
0.111235
0.0888002
0.126814
0.0416797
0.103509
0.0988702
0.0972742
0.065231
0.11506
0.087474
0.126826
0.141769
0.127814
0.140673
0.104811
0.101777
0.0280507
0.0625684
0.133643
0.112684
0.134673
0.09013
0.148054
0.115591
0.118694
0.129889
0.0976277
0.117855
0.179014
0.148242
0.0790305
0.0502564
0.134333
0.135038
0.136365
0.103474
0.14853
0.127858
0.0719202
0.101242
0.118179
0.107838
0.0999788
0.129963
0.148066
0.0208691
0.0475404
0.118316
0.0964815
0.106839
0.0222414
0.0202521
0.152676
0.101787
0.164204
0.136442
0.158861
0.104119
0.132892
0.131645
0.106391
0.0815777
0.069796
0.100034
0.148117
0.131933
0.016095
0.152289
0.132062
0.150155
0.0598738
0.127796
0.118011
0.102092
0.0509231
0.148117
0.0729401
0.151287
0.0253894
0.0586678
0.149317
0.0483311
0.0422409
0.10971
0.144991
0.116516
0.128563
0.145592
0.137575
0.051274
0.024809
0.137969
0.0685401
0.130835
0.106366
0.0727886
0.0963863
0.103813
0.131204
0.0495529
0.0264581
0.121321
0.0489256
0.115119
0.11226
0.0947017
0.0429286
0.151169
0.102678
0.136613
0.130394
0.146048
0.0326117
0.119988
0.110866
0.0902012
0.0766742
0.0697767
0.128465
0.0909953
0.0935419
0.118827
0.15199
0.0223415
0.0506767
0.0944151
0.145256
0.0226925
0.0934926
0.104364
0.0682481
0.136156
0.116293
0.14271
0.14004
0.152373
0.144966
0.120704
0.142321
0.0400053
0.0259088
0.0656725
0.14872
0.132684
0.127147
0.104273
0.134766
0.141177
0.0260986
0.148185
0.145656
0.104357
0.166595
0.0437085
0.0903172
0.135991
0.0904546
0.0869733
0.101982
0.0994522
0.0924524
0.0689252
0.0914799
0.126291
0.10292
0.0640735
0.149225
0.161201
0.149668
0.0754322
0.102658
0.146142
0.148404
0.148416
0.133943
0.149199
0.149815
0.0905144
0.1015
0.110433
0.0742063
0.148559
0.102278
0.0863584
0.0901395
0.127084
0.0561252
0.0444161
0.119406
0.079189
0.0690529
0.145191
0.0962997
0.125999
0.144762
0.148602
0.0777699
0.0484666
0.131396
0.130207
0.0776337
0.148736
0.151714
0.0250517
0.139635
0.0791718
0.0930746
0.119002
0.0808765
0.0852565
0.0786498
0.116634
0.143659
0.122396
0.0827414
0.0988644
0.0412963
0.135096
0.137453
0.0915613
0.0535578
0.123073
0.142436
0.147665
0.147885
0.131144
0.0348347
0.130192
0.12342
0.0743586
0.105299
0.0758544
0.0894005
0.0670192
0.153572
0.103472
0.142707
0.115387
0.136107
0.149509
0.122471
0.0710543
0.0277474
0.0699874
0.126356
0.156969
0.0710338
0.130313
0.124511
0.0767769
0.150706
0.0653387
0.0739277
0.0919404
0.131933
0.0687004
0.0854658
0.150492
0.0885462
0.134402
0.0490159
0.112282
0.16554
0.069207
0.0621291
0.114992
0.0661864
0.112627
0.130475
0.0867007
0.0781166
0.148386
0.0619548
0.105847
0.101789
0.050123
0.113469
0.16437
0.129795
0.068096
0.0211172
0.139507
0.131594
0.148143
0.10546
0.0834642
0.123677
0.0985591
0.0795777
0.0719439
0.149157
0.0760026
0.0930752
0.0957934
0.126685
0.0500576
0.0409259
0.110807
0.106432
0.118448
0.0784335
0.121477
0.114004
0.112801
0.13587
0.167728
0.15919
0.0774614
0.101029
0.094137
0.116852
0.117749
0.0925576
0.0232393
0.128935
0.0269003
0.075877
0.132727
0.120418
0.0640489
0.0978522
0.13916
0.149045
0.0410427
0.0942131
0.083828
0.0758992
0.123319
0.0573387
0.147024
0.132818
0.0717783
0.0852571
0.086438
0.0960786
0.0859105
0.131826
0.0504257
0.13261
0.0919575
0.132266
0.0235175
0.0949226
0.0402536
0.105303
0.079826
0.091313
0.116247
0.119394
0.074565
0.119839
0.149234
0.129339
0.124674
0.0525347
0.0237233
0.157233
0.0982308
0.148147
0.14183
0.0571652
0.084896
0.145966
0.130065
0.057503
0.0557781
0.127161
0.12772
0.087539
0.134221
0.144031
0.138024
0.0745226
0.114193
0.13595
0.0209759
0.11568
0.13337
0.0948391
0.130886
0.0763484
0.149909
0.11222
0.0582985
0.132612
0.13551
0.131915
0.140543
0.0489843
0.0500045
0.149597
0.0752736
0.0685443
0.0588594
0.0769586
0.0755825
0.0671099
0.100885
0.0176352
0.132208
0.026049
0.0776023
0.0662127
0.121683
0.105881
0.0570434
0.10406
0.104255
0.0344837
0.0912639
0.103745
0.147298
0.129681
0.148006
0.0966259
0.128625
0.103625
0.0640906
0.147654
0.123866
0.14781
0.121688
0.0732335
0.149074
0.0276874
0.102835
0.143545
0.116404
0.106224
0.0559945
0.0949415
0.116594
0.0956136
0.147956
0.119951
0.0839044
0.110261
0.143138
0.118966
0.0841797
0.141021
0.145628
0.0732939
0.131591
0.151134
0.0931758
0.149204
0.0850097
0.124561
0.0683246
0.0567765
0.149562
0.040586
0.128976
0.112826
0.114041
0.0610645
0.0962691
0.0534081
0.121362
0.0546594
0.0580028
0.12176
0.151263
0.142961
0.118459
0.0587903
0.126552
0.146426
0.149883
0.113851
0.116215
0.0978632
0.0619225
0.0267834
0.133441
0.104367
0.128427
0.148492
0.0476828
0.07094
0.152748
0.0651752
0.0217734
0.131182
0.133786
0.118481
0.0955083
0.145044
0.0988632
0.117731
0.0568051
0.0403923
0.102715
0.040575
0.129155
0.0929053
0.0550073
0.0348507
0.114834
0.0518513
0.111336
0.0851422
0.0797026
0.140434
0.0676311
0.0707494
0.0969039
0.0902866
0.105251
0.0810798
0.139339
0.11105
0.154365
0.134161
0.135445
0.117613
0.102113
0.129372
0.125107
0.0589738
0.0721345
0.141742
0.0622664
0.0708258
0.0240518
0.147712
0.121863
0.0667118
0.116318
0.0283435
0.0787658
0.134473
0.154429
0.130227
0.149071
0.149116
0.130227
0.0861973
0.0214746
0.127425
0.128865
0.137954
0.147946
0.0633732
0.134578
0.15109
0.139318
0.105199
0.132008
0.115009
0.151117
0.0769526
0.136652
0.13296
0.130749
0.131376
0.122426
0.0682508
0.125607
0.103054
0.063054
0.126895
0.0359098
0.138778
0.0582849
0.127024
0.0807669
0.111876
0.13185
0.12433
0.123807
0.112405
0.0782078
0.02093
0.015015
0.0279649
0.0580629
0.145049
0.136483
0.0589137
0.119298
0.148578
0.0247526
0.14914
0.0865577
0.132345
0.10068
0.131386
0.063981
0.130985
0.123786
0.130904
0.0593362
0.0703755
0.0468234
0.0475528
0.116593
0.143244
0.148016
0.15612
0.0653924
0.152046
0.124403
0.0389212
0.125023
0.117665
0.0700058
0.132664
0.100527
0.148505
0.15467
0.111225
0.110145
0.131355
0.144787
0.158771
0.0266094
0.0363174
0.146806
0.0253836
0.0483779
0.0453069
0.149057
0.060289
0.114514
0.149039
0.0913808
0.128036
0.0626577
0.037651
0.0978622
0.0658556
0.154815
0.13299
0.130993
0.130725
0.062787
0.139333
0.0799313
0.174631
0.0962005
0.128271
0.149862
0.122725
0.14766
0.116312
0.0768974
0.0705605
0.149005
0.0590314
0.150128
0.0521219
0.0613923
0.105437
0.14452
0.149143
0.0841575
0.0501953
0.143843
0.107232
0.115103
0.148316
0.149906
0.148622
0.139507
0.0576811
0.0984056
0.128504
0.148609
0.117884
0.0701828
0.0624496
0.12495
0.058657
0.147058
0.120805
0.0359409
0.0750798
0.0517844
0.0574632
0.148602
0.1498
0.148717
0.122133
0.0456855
0.0714516
0.0930213
0.0788894
0.157116
0.117105
0.0494159
0.113443
0.0755669
0.105771
0.149077
0.0586009
0.0365027
0.0630794
0.0366894
0.0783985
0.105825
0.152278
0.0369322
0.129324
0.14546
0.0690491
0.0588242
0.103053
0.144198
0.0985876
0.0424197
0.118781
0.118531
0.116724
0.125324
0.137236
0.0358627
0.111755
0.0673981
0.05843
0.0710216
0.0196329
0.0285579
0.118407
0.103197
0.0355379
0.0502891
0.0218818
0.027149
0.14984
0.0273744
0.068986
0.14874
0.0680425
0.0850469
0.0549557
0.0607495
0.0525144
0.0709703
0.0582974
0.113267
0.0398686
0.148067
0.147322
0.0733467
0.0653234
0.150106
0.161587
0.0638019
0.0612591
0.103257
0.0536138
0.116992
0.0800936
0.149046
0.0593374
0.144079
0.119308
0.149907
0.0965998
0.0874054
0.146701
0.0703687
0.0719945
0.101367
0.119646
0.114867
0.147716
0.121614
0.0217466
0.143806
0.113593
0.0553675
0.0299358
0.130934
0.0535172
0.145976
0.132798
0.130927
0.114029
0.0824833
0.126422
0.128073
0.07284
0.102194
0.0684426
0.120661
0.0847975
0.119939
0.155441
0.113772
0.0531053
0.151249
0.027086
0.103247
0.0408218
0.0762506
0.0841663
0.147814
0.148796
0.151997
0.0581235
0.0296954
0.130519
0.0352375
0.039998
0.0830943
0.0169719
0.0826713
0.0718003
0.0534643
0.143966
0.0460561
0.0830104
0.115338
0.0209461
0.0562926
0.149506
0.0718345
0.0625559
0.112893
0.0445498
0.0812137
0.123868
0.148006
0.0165758
0.0415258
0.022947
0.140805
0.0822811
0.0375104
0.136604
0.148774
0.0649318
0.119456
0.165424
0.0414945
0.0371882
0.150002
0.109398
0.0727155
0.113326
0.102503
0.0247766
0.0795091
0.0626318
0.121258
0.034007
0.144161
0.13348
0.0993192
0.0856234
0.0873881
0.130428
0.111216
0.146937
0.0288248
0.0788037
0.131073
0.0209945
0.14698
0.0303634
0.124882
0.147688
0.11984
0.0352643
0.0300944
0.0689672
0.0387176
0.0423994
0.0376984
0.110952
0.0404199
0.0908012
0.145485
0.147471
0.0297946
0.037857
0.130726
0.0804122
0.0365316
0.0420018
0.0501504
0.135309
0.0352344
0.0277151
0.116477
0.0292051
0.0769676
0.143465
0.0226609
0.116798
0.056877
0.131599
0.0905743
0.114491
0.122577
0.034041
0.0437571
0.124785
0.1011
0.129127
0.129287
0.0505637
0.0587721
0.0562953
0.0956881
0.0575015
0.0357416
0.128899
0.0403198
0.0348334
0.132537
0.0911355
0.103735
0.148512
0.111171
0.14844
0.0805613
0.0659614
0.147442
0.0296642
0.0531437
0.0452777
0.0792601
0.131065
0.0914383
0.0437379
0.128654
0.157057
0.0919214
0.0796779
0.0417279
0.0202469
0.14881
0.0617803
0.0562557
0.0343108
0.128933
0.154751
0.143418
0.147666
0.13218
0.123455
0.0603738
0.148415
0.14866
0.0694377
0.0512299
0.122593
0.0566005
0.142777
0.0444061
0.0399014
0.0864188
0.150336
0.123645
0.0298176
0.149871
0.134937
0.142375
0.0721188
0.120942
0.0498943
0.0782705
0.129869
0.118764
0.156461
0.086377
0.124282
0.113108
0.0874978
0.0860775
0.0599586
0.0426433
0.0309726
0.148837
0.1156
0.123118
0.0328117
0.0155645
0.0199638
0.0694354
0.0375916
0.0981282
0.018422
0.148327
0.0389563
0.0391181
0.0854701
0.0335986
0.100043
0.0374933
0.112464
0.14275
0.0270815
0.121807
0.0988923
0.0304304
0.0620748
0.147782
0.0243556
0.105786
0.0300551
0.131168
0.132618
0.0359594
0.0556133
0.110975
0.095523
0.133961
0.0736274
0.148872
0.0313487
0.0232517
0.063922
0.144456
0.0837868
0.04216
0.0214112
0.0793846
0.149256
0.0729488
0.0347139
0.123679
0.0842673
0.136824
0.128114
0.0895133
0.0401162
0.109409
0.0389263
0.0248431
0.0571007
0.133238
0.0273888
0.0397787
0.0428391
0.132913
0.12134
0.084946
0.149216
0.040037
0.126017
0.140994
0.132731
0.146128
0.0428049
0.133329
0.147202
0.113452
0.023753
0.0419277
0.0258514
0.0213972
0.027714
0.0261867
0.0507866
0.0213274
0.0948211
0.127581
0.120158
0.129943
0.0217416
0.0424736
0.0364695
0.129961
0.144413
0.063211
0.149696
0.0835311
0.0241461
0.0235116
0.0930017
0.103777
0.048694
0.0336639
0.0428082
0.0307676
0.119289
0.0710445
0.0752856
0.148461
0.0417867
0.151975
0.14767
0.143566
0.0562713
0.148727
0.149993
0.0849131
0.0840359
0.0320604
0.11088
0.020965
0.128242
0.145723
0.0715791
0.144221
0.151408
0.0809731
0.0433457
0.046925
0.070109
0.151226
0.0666246
0.130702
0.11371
0.12979
0.130802
0.0873463
0.0440876
0.0310323
0.0474142
0.154987
0.0922313
0.0408872
0.102929
0.036829
0.138533
0.146058
0.019069
0.148013
0.0619642
0.148958
0.0582205
0.148186
0.0496078
0.148911
0.0304875
0.149153
0.114318
0.0326046
0.117941
0.03806
0.145329
0.0920248
0.127056
0.147705
0.0445774
0.0371218
0.12448
0.143504
0.144445
0.0442428
0.022572
0.118974
0.0365747
0.127281
0.0413103
0.0689128
0.114192
0.14253
0.0829621
0.123934
0.0232825
0.124613
0.054038
0.0437499
0.0354068
0.128814
0.0616704
0.149123
0.145339
0.138332
0.0459171
0.118558
0.0258577
0.12578
0.149771
0.0446407
0.0363795
0.101018
0.129336
0.136192
0.0725927
0.142563
0.080749
0.0953069
0.0870617
0.149821
0.113365
0.147805
0.105333
0.145726
0.0359403
0.0362083
0.115379
0.0424098
0.0651023
0.118148
0.0576724
0.0827098
0.142375
0.115753
0.148202
0.122287
0.0687346
0.0225235
0.143788
0.0301193
0.0707657
0.129446
0.114332
0.0365251
0.140666
0.0987888
0.11384
0.12453
0.0579693
0.0577028
0.0387056
0.11762
0.119416
0.109683
0.0938049
0.116607
0.143432
0.133813
0.14933
0.0364658
0.142622
0.0720402
0.147427
0.0376149
0.029363
0.0690551
0.108231
0.115588
0.149127
0.148454
0.147707
0.0695308
0.0305734
0.0282028
0.102296
0.0549855
0.133423
0.148854
0.147573
0.140706
0.0864827
0.0406345
0.0774944
0.116241
0.0965964
0.132498
0.038213
0.118561
0.131666
0.0374698
0.142268
0.142449
0.148488
0.0294318
0.128714
0.0335237
0.0156376
0.0287059
0.123
0.0999587
0.0228411
0.140404
0.0324732
0.105796
0.123446
0.145631
0.0939026
0.139406
0.148366
0.0866105
0.128286
0.131366
0.138874
0.14897
0.133097
0.070853
0.144038
0.0297296
0.153274
0.0580287
0.0677333
0.0428549
0.0297067
0.144776
0.174162
0.142579
0.118509
0.114932
0.019635
0.153139
0.0597469
0.0791871
0.0284476
0.132473
0.015959
0.0405627
0.0378582
0.148679
0.058751
0.148961
0.0458973
0.131949
0.129599
0.0301396
0.127989
0.130415
0.0689754
0.108339
0.112943
0.052437
0.128178
0.0981405
0.0394335
0.0255155
0.0242156
0.106583
0.147667
0.0696811
0.0949681
0.105149
0.0837845
0.123281
0.0265244
0.141732
0.0662449
0.122154
0.0950097
0.0465513
0.0683847
0.140554
0.0373269
0.0401314
0.130798
0.139202
0.0448494
0.145171
0.141093
0.135676
0.115563
0.0885469
0.0148539
0.0519898
0.131494
0.0576811
0.0538502
0.123242
0.147957
0.146643
0.0659567
0.119192
0.066811
0.14893
0.156103
0.141849
0.122704
0.126961
0.108839
0.140039
0.0705225
0.147826
0.119808
0.0661261
0.0499053
0.048976
0.14348
0.127182
0.151973
0.157489
0.157553
0.0984398
0.14408
0.0156736
0.0450267
0.130997
0.075301
0.141483
0.0980487
0.130527
0.137826
0.138444
0.0901613
0.12835
0.0683692
0.0347282
0.0150156
0.131525
0.143805
0.138706
0.13754
0.147915
0.0576462
0.0782584
0.148684
0.123556
0.0407299
0.0549231
0.0466689
0.132789
0.0569977
0.122452
0.041026
0.120739
0.122567
0.0371281
0.130914
0.146949
0.136467
0.0435359
0.114275
0.123006
0.161408
0.130126
0.144994
0.121128
0.154733
0.124792
0.142589
0.127837
0.135697
0.125945
0.0436072
0.122432
0.0177412
0.0647119
0.125499
0.118379
0.118505
0.0495575
0.137599
0.13072
0.0664558
0.131615
0.147694
0.0920195
0.14155
0.0912948
0.0784858
0.143839
0.12593
0.123297
0.132121
0.144295
0.0395588
0.114552
0.0551633
0.103508
0.101463
0.165369
0.0425314
0.0700931
0.115051
0.12743
0.12545
0.12575
0.0769756
0.0266743
0.113608
0.0405086
0.147862
0.131441
0.114384
0.0625745
0.0274945
0.144997
0.147132
0.025956
0.14613
0.128301
0.0978479
0.0854258
0.0462155
0.105712
0.147697
0.137801
0.13279
0.0570336
0.0395029
0.131987
0.0584859
0.0852757
0.0993696
0.122825
0.140378
0.0320212
0.122343
0.139722
0.125237
0.122449
0.0902295
0.136905
0.0341353
0.0920639
0.0671898
0.122163
0.0431888
0.143771
0.129572
0.12564
0.0406055
0.137603
0.0574106
0.142041
0.115295
0.149897
0.0581802
0.11835
0.133805
0.133734
0.0484632
0.0353097
0.0562013
0.138106
0.125959
0.0783757
0.109504
0.122295
0.134032
0.0890228
0.0780808
0.117796
0.146137
0.0941827
0.147562
0.120063
0.0547218
0.0556344
0.126167
0.0572705
0.0388833
0.149387
0.141159
0.120098
0.0839021
0.131068
0.0783434
0.137136
0.107172
0.0758297
0.0607464
0.0774449
0.0495058
0.0573771
0.119495
0.0367441
0.130357
0.0340043
0.0458425
0.130823
0.111426
0.0578416
0.144994
0.0571763
0.0526079
0.0879327
0.107654
0.0678105
0.0530302
0.141803
0.0497578
0.127233
0.0603975
0.14512
0.0421785
0.146417
0.141601
0.171342
0.0265852
0.125253
0.13494
0.15097
0.023099
0.117999
0.14363
0.0780779
0.0933063
0.100484
0.0699813
0.100439
0.138336
0.0295803
0.116266
0.081202
0.0918614
0.0461817
0.14181
0.101731
0.0582593
0.124207
0.135469
0.136339
0.150904
0.0808388
0.0982757
0.141029
0.0308524
0.113089
0.10353
0.150337
0.14436
0.127888
0.14736
0.119406
0.0232546
0.144021
0.138577
0.142595
0.0562153
0.0264392
0.141616
0.144058
0.0262481
0.0865679
0.063817
0.115418
0.149489
0.147058
0.137495
0.0146395
0.125473
0.02718
0.0268415
0.0907128
0.114006
0.125705
0.0905762
0.120344
0.0442532
0.015637
0.128787
0.0962301
0.145678
0.0224624
0.130748
0.146917
0.0204836
0.0544964
0.129107
0.144282
0.0804234
0.0329593
0.134008
0.100838
0.143069
0.0248567
0.0126871
0.042695
0.021386
0.052869
0.139212
0.055366
0.145473
0.0262424
0.13355
0.0210101
0.0228867
0.157244
0.0448195
0.0548814
0.0859361
0.149747
0.0288485
0.0170839
0.133717
0.0390477
0.121789
0.0809711
0.132507
0.10424
0.121534
0.138548
0.0783271
0.0360542
0.140816
0.0166067
0.111616
0.142095
0.0256317
0.0419643
0.0265865
0.0259448
0.0345978
0.053497
0.10069
0.0754777
0.11691
0.0298522
0.142602
0.115485
0.0687572
0.135245
0.127503
0.0344578
0.047841
0.0212586
0.0269284
0.10745
0.153387
0.0851576
0.0352593
0.0559458
0.115481
0.144087
0.0608941
0.115576
0.123086
0.0373911
0.129981
0.0407575
0.0593498
0.0969028
0.15137
0.026289
0.0987106
0.128705
0.152692
0.145463
0.0936893
0.142345
0.142331
0.137327
0.0781213
0.147094
0.16571
0.0276479
0.0430535
0.116715
0.122485
0.098223
0.111907
0.0954512
0.0649689
0.150237
0.0407548
0.030859
0.0588613
0.0470058
0.0580343
0.0330592
0.130345
0.122749
0.0695524
0.130826
0.0886995
0.0224291
0.112216
0.164186
0.142965
0.0984814
0.144847
0.130014
0.104999
0.155002
0.0858744
0.109275
0.0697737
0.117131
0.0800586
0.123976
0.126421
0.143648
0.14452
0.134254
0.0651129
0.117587
0.0963884
0.0238318
0.0744321
0.0548515
0.125481
0.165486
0.0181826
0.0287083
0.0964764
0.0451675
0.134031
0.026904
0.0703253
0.125639
0.0741235
0.140488
0.0959542
0.146765
0.0586127
0.0370052
0.025204
0.0164098
0.150717
0.0234702
0.0470014
0.0977565
0.0308002
0.132025
0.0315712
0.100682
0.0440958
0.0448215
0.128338
0.116453
0.134774
0.0389025
0.111627
0.0228472
0.082522
0.135768
0.0676435
0.158069
0.155679
0.133817
0.0848269
0.0147908
0.0153542
0.0414531
0.138683
0.118824
0.144097
0.125364
0.0556569
0.133913
0.0721023
0.156907
0.126621
0.0580478
0.114252
0.0379613
0.0417059
0.13021
0.0902315
0.14362
0.0425806
0.12263
0.126963
0.0594005
0.094644
0.130665
0.158221
0.101231
0.0528153
0.132813
0.145016
0.122762
0.0898469
0.132737
0.0682366
0.0383495
0.0802902
0.146819
0.138722
0.15567
0.114095
0.100507
0.089214
0.153047
0.0976193
0.118854
0.133113
0.12972
0.123953
0.147512
0.0509173
0.122807
0.065766
0.0569547
0.106563
0.112064
0.0609497
0.139611
0.0975728
0.0303069
0.107236
0.0915284
0.0293472
0.0832467
0.0501209
0.0320223
0.0957838
0.028868
0.104001
0.0425733
0.116598
0.143498
0.134514
0.0148983
0.143509
0.123369
0.0927856
0.141412
0.0536272
0.045291
0.0404456
0.0250586
0.0432323
0.121045
0.135035
0.113538
0.126619
0.0786357
0.152225
0.152176
0.112034
0.0162232
0.113189
0.0980074
0.0569877
0.127526
0.0388909
0.127493
0.139829
0.110019
0.0195682
0.170629
0.0936304
0.113367
0.094578
0.113623
0.133905
0.0743009
0.0929582
0.130468
0.130142
0.110791
0.0549352
0.091797
0.135223
0.0999258
0.0430461
0.0333634
0.134752
0.0335539
0.118372
0.128437
0.135223
0.0620591
0.122088
0.0419082
0.105411
0.120502
0.13651
0.0445605
0.0749819
0.135407
0.0685777
0.122282
0.0582866
0.135998
0.11208
0.0967245
0.121643
0.052699
0.133888
0.123402
0.0936503
0.131787
0.0995899
0.0903474
0.125757
0.0900746
0.12127
0.0590937
0.0507527
0.0276766
0.0789823
0.121197
0.150224
0.139679
0.118234
0.0882286
0.0683749
0.0499221
0.142448
0.10026
0.0220894
0.0257171
0.0427375
0.139422
0.150151
0.105978
0.140784
0.132278
0.133262
0.0248521
0.0380822
0.132613
0.126364
0.158543
0.10385
0.0878715
0.126974
0.0632485
0.128836
0.125425
0.138207
0.143874
0.0755904
0.0780705
0.0782079
0.115612
0.108087
0.0926204
0.128264
0.0946677
0.0941105
0.125552
0.130927
0.144746
0.134276
0.0569331
0.0683832
0.034085
0.0340464
0.103764
0.124103
0.0219451
0.12947
0.0307383
0.145872
0.0496193
0.100425
0.13085
0.0999805
0.133196
0.13828
0.139897
0.0964501
0.100658
0.109515
0.0381208
0.0904862
0.0502925
0.0245815
0.0901703
0.125197
0.126626
0.0837107
0.0245491
0.0385114
0.138222
0.108349
0.0254972
0.131001
0.127964
0.151875
0.125484
0.112436
0.0905054
0.0406432
0.106514
0.0906584
0.0927132
0.112431
0.117064
0.0423532
0.0332509
0.128832
0.0747799
0.126879
0.128983
0.0530522
0.0456299
0.132613
0.09957
0.137084
0.0354868
0.134469
0.13073
0.0725909
0.0235993
0.0492939
0.0672833
0.102488
0.151248
0.128004
0.0569102
0.0624466
0.109679
0.138241
0.10209
0.134765
0.116069
0.140242
0.0781648
0.118163
0.124981
0.130696
0.0772938
0.109819
0.0903905
0.129462
0.0674753
0.120258
0.129263
0.144651
0.123415
0.0222142
0.12754
0.0251764
0.0937933
0.135834
0.115306
0.140339
0.0997787
0.0565943
0.143276
0.0359842
0.134449
0.100499
0.151185
0.130338
0.0506848
0.0846627
0.0555176
0.0574699
0.0896829
0.124198
0.0618087
0.148819
0.0223874
0.114178
0.103603
0.0482469
0.0754653
0.0278999
0.128913
0.134307
0.119452
0.0346291
0.0332338
0.110996
0.0495207
0.0860071
0.131076
0.135986
0.112834
0.102873
0.0346122
0.139635
0.0782169
0.0937985
0.0871164
0.0293867
0.112523
0.0878659
0.146273
0.0429285
0.0427312
0.0221327
0.0654505
0.140004
0.0232051
0.100376
0.129759
0.0146475
0.0685938
0.144169
0.0725448
0.150597
0.129025
0.147216
0.128601
0.0404341
0.122457
0.11535
0.126076
0.120402
0.131517
0.0678538
0.12102
0.122432
0.130812
0.110605
0.048218
0.13418
0.0789553
0.0715585
0.106453
0.129094
0.0664555
0.126823
0.076228
0.0327291
0.0471271
0.0648128
0.131111
0.0995332
0.153682
0.10642
0.137336
0.102506
0.0948739
0.0348667
0.114982
0.119511
0.0930195
0.129774
0.127303
0.124776
0.125758
0.0459105
0.141747
0.138206
0.104259
0.107045
0.0956552
0.108128
0.118545
0.0985085
0.0544949
0.133537
0.0897796
0.0281093
0.0938464
0.128864
0.114672
0.11728
0.141475
0.109702
0.113345
0.0632489
0.0342139
0.0770807
0.0770274
0.106977
0.140022
0.110461
0.0910381
0.118892
0.0650093
0.0588197
0.0672344
0.116365
0.0250944
0.0996824
0.0453978
0.0609194
0.0789777
0.087973
0.0546867
0.112154
0.137835
0.128457
0.107157
0.117475
0.14701
0.114273
0.129821
0.126179
0.13529
0.0987699
0.0356646
0.100605
0.0378418
0.113376
0.125127
0.0657592
0.136033
0.131973
0.0479612
0.11602
0.121355
0.131379
0.0670062
0.126198
0.0454294
0.132834
0.133826
0.099668
0.0608758
0.131643
0.0978466
0.12061
0.0889631
0.14872
0.066823
0.101479
0.111032
0.0809048
0.0917535
0.066664
0.0626698
0.137714
0.0549523
0.126338
0.101275
0.0956083
0.141427
0.0458775
0.0249744
0.127858
0.0924839
0.12685
0.174411
0.0884875
0.0650748
0.125861
0.0130935
0.102565
0.117401
0.110626
0.0239222
0.0526401
0.139677
0.0311431
0.134877
0.0764468
0.0859641
0.0639788
0.0570589
0.113103
0.120992
0.127111
0.0495834
0.105886
0.0382292
0.0243392
0.0905305
0.0756822
0.119406
0.0412206
0.0671057
0.0311112
0.0127388
0.131187
0.0420592
0.133657
0.0628502
0.128617
0.117647
0.115596
0.0361471
0.0627545
0.132338
0.127274
0.0247154
0.0882721
0.0557203
0.0800058
0.143412
0.0550401
0.125984
0.117282
0.114553
0.130085
0.135637
0.134785
0.0783657
0.0658101
0.0971863
0.107135
0.106362
0.127527
0.0852606
0.0930682
0.102653
0.0512793
0.123819
0.151418
0.0919403
0.0665772
0.0623851
0.021281
0.0774579
0.0791207
0.0723361
0.0941249
0.106632
0.124057
0.127903
0.0359171
0.109306
0.084863
0.133055
0.0929575
0.0527908
0.0446762
0.0194631
0.0326579
0.10192
0.0237472
0.0841698
0.127536
0.115316
0.127351
0.0748314
0.080837
0.0284267
0.109459
0.0897233
0.0416201
0.101595
0.0964178
0.13674
0.134366
0.0954561
0.143435
0.130874
0.0197502
0.130307
0.0578819
0.0695998
0.11173
0.0368524
0.130466
0.132783
0.0836294
0.132395
0.121705
0.0602138
0.142039
0.0435989
0.113092
0.138141
0.0956139
0.128618
0.0367226
0.140954
0.0924868
0.119592
0.0643213
0.124076
0.124609
0.0134526
0.137818
0.0149592
0.139703
0.0855003
0.0389538
0.09225
0.0630712
0.0980174
0.0390496
0.0148634
0.0661566
0.166824
0.0754171
0.0886759
0.131209
0.0264072
0.0210747
0.0238783
0.0606003
0.139781
0.082393
0.0946784
0.0231674
0.0711742
0.0288684
0.0771294
0.103342
0.125367
0.134871
0.119182
0.0368074
0.0659258
0.0379432
0.0263611
0.0224696
0.095056
0.140529
0.0229697
0.0999247
0.0666733
0.135367
0.0402398
0.0896186
0.0266522
0.122844
0.0478278
0.0905936
0.0922991
0.0820354
0.11575
0.110618
0.039677
0.111872
0.114723
0.111694
0.102626
0.115125
0.111907
0.116833
0.123346
0.135525
0.139976
0.0276605
0.0260248
0.0947175
0.094311
0.116997
0.131574
0.0701306
0.123321
0.0319318
0.0393427
0.0233735
0.0612183
0.135342
0.0671987
0.0164675
0.0374756
0.12644
0.0916098
0.0412229
0.120074
0.102704
0.119074
0.0261527
0.0939363
0.141604
0.103822
0.0628674
0.0814802
0.14254
0.0539869
0.127437
0.118281
0.0472637
0.150504
0.108023
0.113346
0.0377562
0.0252933
0.128705
0.0813528
0.097646
0.133556
0.0931217
0.0724234
0.134032
0.105274
0.0438563
0.0476101
0.11514
0.113747
0.13492
0.0349638
0.123918
0.0859676
0.0991244
0.0408591
0.0974765
0.0992703
0.119174
0.119974
0.0604765
0.120864
0.0714335
0.12788
0.119272
0.111261
0.0285839
0.107553
0.125578
0.104324
0.110013
0.122467
0.129036
0.0588427
0.086125
0.13246
0.119634
0.0344517
0.123474
0.0383894
0.112095
0.127669
0.0233225
0.0225103
0.127517
0.114341
0.0906597
0.133458
0.0430081
0.0710743
0.110512
0.0807766
0.0929357
0.0966395
0.0695658
0.110403
0.133817
0.136058
0.0923944
0.121807
0.0817335
0.131236
0.134844
0.0249448
0.120048
0.114618
0.152797
0.101098
0.0786065
0.0924902
0.095249
0.0311628
0.0951186
0.105196
0.132586
0.0785414
0.0481555
0.140121
0.0244666
0.135074
0.122182
0.0617562
0.0671821
0.0994747
0.129537
0.117882
0.12824
0.068295
0.127996
0.082947
0.0345121
0.134517
0.0970386
0.0402319
0.0966579
0.113647
0.062972
0.104818
0.0646214
0.125885
0.133675
0.0704672
0.0317718
0.0668163
0.0590801
0.0405021
0.0964937
0.0393046
0.12388
0.0635869
0.0738321
0.0394095
0.104509
0.0311467
0.146528
0.0378768
0.0889642
0.0573446
0.0550263
0.0664747
0.11879
0.0964161
0.0864506
0.108908
0.0643396
0.0776495
0.131479
0.0569212
0.101311
0.122281
0.0268994
0.0685631
0.11977
0.0375129
0.0306963
0.136525
0.0770537
0.112574
0.0231039
0.0631755
0.0265533
0.0998916
0.0909973
0.112133
0.117294
0.0977189
0.0832393
0.131806
0.0467183
0.150376
0.121918
0.137295
0.108813
0.12575
0.0887357
0.0617989
0.120114
0.113839
0.129702
0.134608
0.125156
0.0807491
0.135763
0.0136195
0.114119
0.0645815
0.0877219
0.121281
0.104301
0.095391
0.131468
0.0826513
0.128844
0.129453
0.0211504
0.120392
0.0377521
0.124382
0.12002
0.112658
0.0871642
0.0233583
0.0858726
0.0482013
0.0439759
0.128916
0.0643536
0.0923931
0.127812
0.0146167
0.103668
0.0493379
0.0623899
0.0392978
0.0821153
0.113625
0.0907019
0.0430416
0.0911811
0.121932
0.0589653
0.0367191
0.0142147
0.0970333
0.0382497
0.113736
0.0394565
0.0903609
0.0614601
0.13969
0.128221
0.11868
0.099397
0.132329
0.0951772
0.0820292
0.0239711
0.0431052
0.106955
0.0377855
0.132813
0.030677
0.115426
0.0628033
0.0896821
0.129736
0.0907834
0.116028
0.12056
0.0465305
0.128603
0.0392501
0.101876
0.0631932
0.0387203
0.0913273
0.0967978
0.080317
0.0366584
0.11217
0.0658783
0.111432
0.112554
0.131514
0.0259817
0.061879
0.105407
0.0261708
0.135997
0.0378563
0.12916
0.0882938
0.0203223
0.120909
0.0984434
0.10721
0.0902224
0.130027
0.122813
0.124923
0.100654
0.0939234
0.0300425
0.0476967
0.125127
0.0812034
0.0197791
0.10569
0.120514
0.109618
0.0844022
0.120002
0.139399
0.0137588
0.0932182
0.0993557
0.0648493
0.0428884
0.0884125
0.0440606
0.108282
0.0995968
0.115661
0.0823421
0.102612
0.100695
0.0875763
0.0238404
0.0942108
0.124049
0.0680587
0.110999
0.019282
0.123399
0.0950122
0.0651338
0.117925
0.0655215
0.127741
0.104489
0.0812676
0.127464
0.0608068
0.0527217
0.0758812
0.135812
0.12082
0.0415887
0.0139571
0.0533048
0.0872823
0.0480805
0.0889047
0.124292
0.0355543
0.117172
0.137991
0.0758712
0.0825881
0.0818131
0.0324766
0.079945
0.126002
0.135641
0.0989908
0.0787873
0.0804507
0.0925713
0.0417584
0.059507
0.117757
0.0209733
0.0407293
0.0925546
0.0775675
0.108225
0.0860006
0.107875
0.0801597
0.115567
0.0329566
0.0525648
0.0622245
0.0976733
0.038475
0.110066
0.0218245
0.0564445
0.148307
0.0584807
0.0817882
0.0787775
0.0773196
0.112062
0.0438514
0.048171
0.0419775
0.109991
0.106129
0.0606445
0.061995
0.0393344
0.0702036
0.0801487
0.085921
0.0566758
0.111201
0.0218921
0.0388377
0.114036
0.0642145
0.112689
0.0282466
0.0652117
0.0721061
0.0147105
0.0117502
0.050862
0.067578
0.126537
0.043247
0.108062
0.0635421
0.099145
0.0452673
0.0453593
0.113019
0.101743
0.104376
0.0822114
0.121579
0.0355559
0.109991
0.0885218
0.0769206
0.0842841
0.105436
0.109644
0.13619
0.0537187
0.093356
0.064349
0.0728756
0.124561
0.103834
0.0399161
0.1168
0.112764
0.0635135
0.117082
0.070986
0.117324
0.120991
0.113971
0.0748592
0.0390072
0.125595
0.0513866
0.0867406
0.0824162
0.0830911
0.0287846
0.0394631
0.11804
0.0132002
0.0876058
0.123405
0.0763996
0.13988
0.0625026
0.0217752
0.0380894
0.0365366
0.0403654
0.0238987
0.0759575
0.0408888
0.0347472
0.0692225
0.115097
0.0775014
0.100406
0.11217
0.122917
0.0951381
0.0351313
0.121861
0.0767878
0.0829428
0.0991019
0.0573831
0.0127146
0.106203
0.0660649
0.0941718
0.0940177
0.106976
0.0663519
0.136505
0.0579579
0.0333347
0.117566
0.0742859
0.0723046
0.107577
0.12286
0.0661209
0.0458233
0.0144876
0.0855106
0.128455
0.112682
0.0952471
0.0260632
0.110426
0.0946277
0.0318359
0.104802
0.0775553
0.117622
0.0643543
0.10923
0.112113
0.099915
0.0124288
0.111546
0.0423219
0.0567644
0.123638
0.085778
0.112717
0.037699
0.123872
0.0996323
0.0399749
0.0984416
0.0201934
0.11697
0.0550209
0.039865
0.121096
0.100507
0.0946981
0.117733
0.0789316
0.106688
0.0777853
0.0902496
0.0239659
0.0797532
0.0835128
0.115567
0.0362628
0.102557
0.107225
0.100139
0.0804333
0.0792568
0.0873959
0.0709696
0.0207191
0.105927
0.0723685
0.0951977
0.0187737
0.0525406
0.0494011
0.0623628
0.0772212
0.101749
0.0514675
0.105316
0.0759222
0.102975
0.0613317
0.0994347
0.0498379
0.106649
0.112236
0.101494
0.101451
0.0599084
0.112215
0.115106
0.110784
0.115534
0.0720114
0.110128
0.110116
0.0223391
0.107591
0.0920202
0.132517
0.112116
0.0512408
0.0187049
0.0311866
0.0905726
0.0790076
0.116593
0.125052
0.0559175
0.0981893
0.0207216
0.104915
0.109091
0.127941
0.0129581
0.036758
0.0896101
0.102631
0.0969208
0.112134
0.111504
0.0391185
0.106907
0.10511
0.10924
0.0892561
0.100352
0.0949789
0.0533189
0.0680341
0.102776
0.0915719
0.0821762
0.0514325
0.0771271
0.0683669
0.0966026
0.0716269
0.0947981
0.0940002
0.0992858
0.0503992
0.0775146
0.103368
0.0983849
0.0629635
0.0400997
0.0765134
0.10796
0.0337118
0.0454689
0.0530703
0.0601086
0.0912406
0.0213416
0.0679839
0.0964194
0.0468549
0.0932337
0.0979128
0.100804
0.0728393
0.101529
0.0834258
0.10675
0.101441
0.0307857
0.0883027
0.0605667
0.0687963
0.0509053
0.0509462
0.0951123
0.0856024
0.0529462
0.103062
0.0805576
0.0376504
0.0545121
0.0619725
0.0300165
0.117005
0.110416
0.0111928
0.0881664
0.113804
0.0758024
0.0148001
0.0996214
0.0623131
0.100424
0.102464
0.108361
0.0850023
0.117053
0.0613818
0.0977032
0.0983796
0.0390406
0.0202877
0.0331678
0.0861143
0.0461413
0.0714145
0.0697951
0.0431131
0.0965497
0.103734
0.0867463
0.0402976
0.0636143
0.0833983
0.0887162
0.0156075
0.0705354
0.0984153
0.104984
0.101477
0.0805147
0.100088
0.0645573
0.0962306
0.077677
0.0826539
0.0202246
0.0975955
0.0863761
0.109723
0.0842566
0.0854338
0.0203457
0.114359
0.0450339
0.0701923
0.0120699
0.065728
0.0737567
0.102954
0.0533719
0.0158975
0.0346693
0.0565101
0.114517
0.0513196
0.0412999
0.0695589
0.0542345
0.063787
0.0211479
0.106378
0.0326924
0.0439315
0.09781
0.093691
0.0849384
0.0658604
0.0222046
0.106037
0.0688887
0.101286
0.0807057
0.111506
0.0946741
0.0998773
0.106795
0.0128809
0.0578921
0.0131021
0.09768
0.0113676
0.0633105
0.111655
0.105508
0.0905266
0.0934281
0.0967252
0.109223
0.0988195
0.094738
0.0552522
0.0108294
0.0980974
0.111344
0.0338753
0.10772
0.106146
0.0627482
0.0103309
0.0348316
0.108043
0.0894933
0.0959506
0.084906
0.0292076
0.0903843
0.102147
0.0966528
0.0921594
0.103586
0.0711344
0.102486
0.0890448
0.0508607
0.109341
0.0224948
0.0783753
0.0985109
0.0869211
0.11736
0.0545792
0.0102625
0.0940374
0.102866
0.107621
0.0311404
0.105106
0.0844328
0.0735645
0.0673566
0.0448981
0.0861394
0.0676432
0.0953666
0.0595345
0.0610524
0.0673368
0.0949474
0.0890659
0.0388644
0.0931561
0.0328941
0.0269162
0.0691978
0.0740686
0.0917045
0.0897579
0.080779
0.0130561
0.0570893
0.0924815
0.0105313
0.0334387
0.0834966
0.086544
0.0299224
0.0355446
0.0679283
0.0343392
0.0548654
)
;


// ************************************************************************* //
