/*--------------------------------*- C++ -*----------------------------------*\
| =========                 |                                                 |
| \\      /  F ield         | OpenFOAM: The Open Source CFD Toolbox           |
|  \\    /   O peration     | Version:  v2012                                 |
|   \\  /    A nd           | Website:  www.openfoam.com                      |
|    \\/     M anipulation  |                                                 |
\*---------------------------------------------------------------------------*/
FoamFile
{
    version     2.0;
    format      ascii;
    class       volScalarField;
    location    "200";
    object      omega_0;
}
// * * * * * * * * * * * * * * * * * * * * * * * * * * * * * * * * * * * * * //

dimensions      [0 0 -1 0 0 0 0];


internalField   nonuniform List<scalar> 
9793
(
0.0734791
0.256159
0.0730396
0.0210195
1.57869
0.0228261
0.0220457
0.0208046
0.0216558
1.68306
0.0484538
0.347001
0.0210724
0.0210786
0.0231242
0.0208731
0.0218954
0.0225301
0.326512
0.0210735
0.0596943
0.0239155
0.283672
0.0195988
0.0221786
0.0211843
0.0211389
0.0209858
0.0423723
0.0216461
0.0340656
0.266102
0.213844
0.0220564
0.0470792
0.0748987
0.0226724
0.0238739
0.0209051
0.0211344
0.0337992
0.0231495
0.0222768
0.0221631
0.0222949
0.021395
0.0452996
0.272965
0.719812
0.0209894
0.0481927
0.0535894
0.0231471
0.0217302
1.56061
0.0648769
0.021451
0.0774221
0.291485
0.0208856
0.0218414
0.0232038
0.517087
0.0219649
1.58776
0.23906
0.507254
0.686375
0.271922
0.0483282
1.64243
0.0208211
0.0211443
0.249825
0.0527731
0.23774
0.0214468
0.0205063
0.0217809
0.0211437
0.242257
0.0218271
0.256333
0.2465
0.0305615
0.279327
0.0213764
0.0214447
0.0226304
0.0221341
0.257369
2.01764
0.0204883
0.290599
0.0228981
0.230054
0.0849262
0.257556
0.0204337
0.0202763
0.0202591
0.0217939
0.0204697
0.0204479
0.0204222
0.0303183
0.0224627
0.0218985
0.0228018
0.248967
0.0209914
0.0608843
0.0214261
0.105789
0.0533881
0.0214564
0.279274
0.051262
0.0221736
0.2818
0.243853
0.022447
0.021353
0.0231167
0.0221859
0.0607493
0.0345188
0.280217
0.0225632
0.0211698
0.0213688
0.0214548
0.0211702
0.0220346
0.0216048
0.021445
0.0223315
0.021976
0.0214174
0.0200001
0.0213409
0.0220497
0.0212387
0.0203017
0.0213376
0.0220137
0.238659
0.0203102
0.0204324
2.0466
1.81005
0.021359
1.82861
1.79034
0.0204018
0.0219137
0.020743
0.02194
0.0202699
0.0211839
0.0208069
0.0209823
0.0205523
0.148124
0.250673
0.0639348
0.272801
0.0275442
0.0209503
0.0212723
0.0212351
0.38053
0.251364
0.3276
0.0220865
0.191121
0.0214542
0.0195922
0.0211894
0.0279395
3.22898
0.0226054
0.020287
0.0220653
0.12643
0.0211285
0.0980887
0.0211826
0.0213275
0.0205628
0.022095
0.0213374
0.726476
0.0598277
0.683656
0.0276037
0.179277
0.0211344
1.7859
0.0200795
0.0215974
0.106869
0.0832903
0.0211764
0.021458
0.0201813
0.0694489
0.0203786
0.027311
0.0229772
0.0317988
0.695338
0.741214
0.0217694
0.328406
0.020631
0.0214459
0.142838
0.0201536
0.805509
0.0692612
0.0213892
0.0221949
0.0213393
0.271117
0.118526
0.022864
0.0203952
0.0679307
0.0426407
0.0196384
0.0195988
0.0226639
0.0202397
0.038966
0.793564
0.0213987
0.0211454
0.082283
0.021522
0.0271294
0.0210001
0.0211041
0.221972
0.0211037
0.0204144
0.0207886
0.0219223
0.0204502
0.0218845
0.0219039
0.0248646
0.0508892
0.0367806
0.0210505
0.0247078
0.0212046
0.0252312
0.022922
0.0203077
0.222467
0.0211219
0.0508355
0.0217387
0.028031
0.0198066
0.0197687
0.0317658
0.105076
0.0221652
0.0203262
0.0201244
0.0284578
0.0214106
0.256842
0.256276
0.0211798
0.0634331
0.0213792
0.0366649
0.0218293
0.0196769
0.0223459
0.0210021
0.0344426
0.021385
0.021891
0.0267022
0.0211379
0.0214489
0.0214068
0.257122
0.0223166
0.0227917
0.0214325
0.0220104
0.0224352
0.0273256
0.0212543
0.252928
0.0204189
0.464403
0.331036
0.0223421
0.0221314
0.0203153
0.02928
0.0257158
0.0217226
0.454684
0.0217748
0.0203024
0.0259237
0.0220568
0.0216334
0.0217196
0.275651
0.0211545
0.0274211
0.0230483
0.0210408
0.250624
0.249065
0.242533
0.0199657
3.29022
0.0226065
0.37227
0.0606431
0.0202735
0.0234094
0.0587242
0.0215789
0.0255301
0.0561953
0.0207591
0.0221428
0.021568
0.0211857
0.0210568
0.0963885
0.021183
0.02102
0.223869
0.0215656
0.0208481
0.0199425
0.0229064
0.0207768
0.235949
0.0223044
0.0214117
0.0217967
0.0217591
0.441871
0.0216916
0.0331001
0.019604
0.0354312
2.04201
0.10356
0.0370228
0.0227766
0.0226943
0.368408
0.0218872
0.230342
0.0215271
0.0202947
0.346855
0.0252541
0.514624
0.0214156
0.0411274
0.0748923
0.0232773
0.0211069
0.237381
0.0260367
0.244964
0.0247459
0.0216489
0.325611
0.0212847
0.0228139
0.0219414
0.0214132
0.0211623
0.0216916
0.0242429
0.444364
0.0219291
2.00314
0.309174
0.317478
0.0427722
0.213595
0.021056
0.0215655
1.89493
0.295299
0.0210491
0.0220121
0.128117
0.0201202
0.106271
0.0211669
0.024289
0.02009
0.0335589
0.0211747
0.0265794
0.0654243
0.0203956
0.254861
0.0255565
0.0224441
0.0256354
0.0213506
0.0222588
0.0220303
0.0828454
0.0213533
0.0216666
0.0558001
0.0216175
0.0228741
0.0226133
0.0204643
0.0288255
0.0212003
0.0216753
0.0200158
0.0519391
0.0217044
0.0635506
0.0213116
0.709769
0.0231989
0.021419
0.0225465
0.0219323
0.18224
0.0211021
2.10805
0.0206785
0.021252
0.0228112
0.126891
0.0355635
2.07064
0.706546
0.0231456
0.0212722
0.0370938
0.0287112
0.0327144
0.256543
0.447875
0.0216626
0.023955
0.0415362
0.0213619
0.0221234
0.0213384
0.0204594
0.0222363
0.0894771
0.0267186
0.218096
0.0204877
0.02975
0.0195734
0.0218781
0.0215685
0.0218593
0.0372911
0.0214178
0.0232728
0.0201105
0.0214404
0.0233737
0.246985
0.0212608
0.0212698
0.297338
0.0240353
0.022311
0.430995
0.714782
0.0216979
0.0221453
0.0230159
0.0234185
0.0217003
0.0225551
0.0221917
0.0212278
0.0212317
0.0210673
0.208311
0.055875
0.0207565
0.147136
0.0357096
0.0203458
0.0223563
0.0218477
0.0594778
0.0218159
0.484989
0.020326
0.0211133
0.0467797
0.0213157
0.0321576
0.367686
0.0282782
0.020333
2.00525
0.0238611
0.0205579
0.0212823
0.0454294
0.0209688
0.0205441
0.0212766
0.0209584
0.234854
0.0387715
0.0346936
0.0225654
0.0212389
0.0210899
0.0215595
0.0209064
0.0212929
0.0506642
0.106231
0.0201551
0.0232973
2.12533
0.0213813
0.25311
0.0342856
0.020789
0.0513493
0.243407
0.0214041
0.13801
0.0196928
0.0926284
0.0262792
0.420411
0.021122
0.0210852
0.0218947
0.262607
0.0228261
0.383873
0.231195
1.69223
0.0329098
0.614313
0.0326621
0.0231525
0.0294972
0.0230181
0.223788
0.021684
0.690925
0.019984
0.281319
0.0221725
0.0221683
0.0210636
0.131945
0.0200532
0.0208893
0.022697
0.023386
0.0272859
0.0211566
0.0212766
0.021354
0.0213272
0.463511
0.0209854
0.442523
0.108759
0.0209977
0.0219926
0.0304923
0.0220151
0.021331
0.0219643
0.0233173
0.0262595
0.0224862
0.0233858
0.0205027
0.0220845
0.0225335
0.0254517
0.0219625
0.0230852
0.729401
0.0213706
0.0892807
0.0254719
0.0221677
0.0212879
0.0207329
0.0228072
0.0232542
0.0210937
0.0211805
0.0195464
0.0211198
0.0211559
0.0211808
0.0242988
0.0198847
0.0221696
0.0222434
0.0216497
0.0239754
0.0225619
0.0304181
0.0225203
0.0210328
0.0212983
0.0205392
0.0201101
0.0210767
0.0201784
0.0210018
0.0213821
0.0200346
0.0345672
0.0211577
0.0224038
0.02137
0.695314
0.0210418
0.0200825
0.0473681
0.0196748
0.0216244
0.138346
0.0222006
0.0226058
0.0214676
0.0784737
0.0207454
0.0441553
1.64293
0.400386
0.318091
0.0215527
0.0213817
0.443099
0.0222323
0.0200426
0.219556
0.689862
2.1748
0.0213097
0.0490688
0.0213841
0.0213624
0.0990706
0.0211955
0.0442732
0.0248509
0.0552622
0.0210186
0.0243778
0.0224179
0.135847
0.940029
0.0212052
0.0234056
0.0265986
0.0209881
0.0231621
0.0446743
3.07946
0.0210952
0.261151
0.0222605
0.398465
0.23763
0.276912
0.308311
0.0212333
0.0279822
0.516353
0.0210425
0.0211674
0.0223581
0.0220785
0.0200189
0.0737202
0.0200029
0.442294
0.0233216
0.285777
0.0482063
0.0215848
1.63209
0.0698238
0.0221098
0.385513
0.0272764
0.0601935
0.0200338
0.0196645
0.217166
0.0213656
0.911386
0.0209899
0.315576
0.020527
0.261448
0.23488
0.0212192
2.10298
0.0214278
0.0227811
0.0342443
0.135741
0.132769
0.0202103
0.0205488
0.0201195
0.386355
0.171072
0.0228979
0.0245862
0.267316
0.0200771
0.0210012
0.0222103
0.0447739
0.025637
0.0214481
0.0210085
0.0208453
0.295448
2.12088
0.193886
0.020546
0.0209374
0.694737
0.0211806
0.365898
0.0414554
0.442379
0.2537
0.311621
0.0208998
0.0215896
0.0239533
0.0224767
0.0257323
0.0212263
0.0488837
0.436227
0.0204697
0.0527334
0.0208322
0.055411
0.0217649
0.26207
0.0254301
0.023284
0.0211117
0.0227369
0.153535
0.42574
0.519571
0.0214599
0.0347646
0.0213677
0.0232808
0.0247606
3.26512
0.0245468
0.0601432
0.0208844
0.0268862
0.0211747
0.0199114
0.0220605
0.0209658
1.86153
0.0211545
0.0234819
0.0225945
0.0217905
0.0200033
0.0527566
0.0217359
0.0223095
0.0209182
0.0210121
0.321219
0.0210541
0.0572067
0.0204894
0.247151
0.0209932
0.0408312
0.0212167
0.121935
0.0217204
0.0214039
0.0208947
0.308664
0.32042
0.0576207
2.65382
0.680124
0.0213473
0.0238421
0.261946
0.0201199
0.225186
0.21898
0.0522788
0.183275
0.0232628
0.321622
0.023961
0.134348
0.259503
0.0232176
0.0217297
0.321958
0.361847
0.0242567
0.0243236
0.0212105
0.0226669
0.0316784
0.0210509
0.0200853
0.0225397
0.267715
0.0342257
0.0231402
0.392834
0.0209133
0.0202051
0.280083
0.08599
0.0322384
0.0220627
0.17239
0.0205603
0.0200946
0.297795
0.0200192
0.0230562
0.321653
0.319792
0.0213766
0.0609625
2.27858
0.0531967
0.426905
3.18327
0.0225257
0.740814
0.0218724
0.0208716
0.0213859
0.0217876
0.0215074
2.36277
0.0222848
0.297729
0.0216458
0.0409146
0.0220636
0.0321991
0.0245085
0.0215823
0.0413909
0.0212552
0.0201211
0.0762596
0.0240238
0.029955
0.0214709
0.020192
0.321884
0.102143
0.0210453
0.0195661
0.0195518
0.0212042
0.0224912
0.389153
0.0751683
0.424508
0.0336125
0.218486
0.021581
0.0287589
0.0252527
0.0243701
0.179868
0.0211239
0.0210352
0.0644754
0.0348982
2.99448
0.0210756
0.406705
0.289374
0.0243759
0.0357668
0.0236968
0.54075
0.0215611
0.0252572
0.302111
0.0232103
0.0210885
0.189087
0.0217865
0.020515
0.0210086
2.69263
0.0218627
0.025449
0.048268
0.0349836
0.025959
0.0347519
0.240537
0.245776
0.263314
0.0201562
0.021608
0.0223547
0.0246379
0.0213841
0.672635
0.304853
0.0237138
0.0416117
0.260936
0.34957
0.0216465
0.311989
0.0212657
0.320071
0.0573299
0.020638
0.136459
0.446441
0.0208675
0.0215347
0.0214442
2.99168
0.048172
0.0282694
0.0444321
0.203917
0.091308
2.87488
0.287604
0.0213882
0.0213991
2.27203
0.336127
0.021102
0.0213141
0.0202175
0.0219734
0.0216641
0.0249985
0.0818872
0.0213041
0.024054
0.496308
0.0218237
0.0216425
0.025293
0.688474
0.0216174
0.0237456
0.284557
0.0221051
0.0202009
0.0222122
0.0209365
0.0229851
0.249802
0.267225
0.0219017
0.283654
0.0258899
0.212914
0.0213634
0.0227326
0.0227733
0.0218745
0.318793
0.0217802
0.0223119
0.0282808
0.0222913
0.0228187
0.0252966
0.0212342
0.0910931
0.0215746
0.0210543
0.466225
0.0211009
0.739955
0.0268841
0.0209891
0.0560103
0.0232817
0.0306914
0.0606046
0.0202343
0.0494151
0.0209956
0.0213889
0.139701
0.369951
0.020252
0.0215532
0.0207069
0.0217932
0.0623345
0.0226033
0.021581
0.0221447
0.0224703
0.0222953
0.0213102
0.0203372
0.02097
0.0211954
0.386249
0.0248332
0.0200546
0.0357388
0.022154
0.34234
0.238479
0.0304834
0.0215297
0.0212549
0.0576387
0.0239514
0.021453
0.0217832
0.277122
0.26552
0.0213737
0.0198465
0.0529668
0.050315
0.0196452
0.148339
0.0380466
0.0214855
0.0221338
0.0265375
0.021725
0.0296268
0.3161
0.0220958
0.0628348
0.0282009
0.196337
0.0198478
0.0213735
0.0198689
0.0198489
0.277048
0.0210968
0.0357968
0.0445424
0.0198559
0.0222166
0.03027
0.021639
0.0217851
0.0213898
0.0225638
0.479864
0.0198638
0.0215522
0.216377
0.0223965
0.0217163
0.0232127
0.0211147
0.0217473
0.0212068
0.0215331
0.0221306
0.0216965
0.12764
0.65545
0.0198654
0.0214372
0.0198632
0.073194
0.0210221
0.0253267
0.0213178
0.0202146
0.0291251
0.0204495
0.0285052
0.0214239
0.020464
0.267603
0.419055
0.0217633
0.0216233
0.0209682
0.421175
0.0698712
0.0213915
0.294721
0.737546
0.0220532
0.140194
0.292151
0.0248641
0.250149
0.0390942
0.0443567
0.0212145
0.0296876
0.0918569
0.0204133
0.283858
2.66522
0.0213915
2.65399
2.62719
0.0239641
0.265909
0.019857
0.027409
0.0453635
0.0212544
0.320483
0.019863
0.0371748
0.0647043
0.0198516
0.566852
0.021941
0.0219573
0.0316841
0.0240244
2.88326
2.11675
0.0202481
0.0247838
2.66402
0.0207385
0.0247146
0.0208456
0.266614
0.699074
0.0224362
0.0217186
0.0248435
2.96446
2.37222
0.0280839
0.0198701
0.0209228
2.12574
0.0301828
0.41055
0.0235263
0.0235665
0.0259637
0.020158
0.0224048
0.0244629
0.023634
0.0209559
0.0243172
0.267681
0.0593641
0.0209813
0.827365
0.0248582
0.0592133
3.00618
0.0418323
0.728569
0.251123
0.0198761
0.0978186
0.105909
0.387773
0.279424
0.0212822
0.118284
0.318908
0.0435174
0.026583
0.253441
0.286468
0.02109
0.0254168
0.0245791
0.0212331
0.0558462
0.0212991
0.0220236
0.0206419
0.0198942
0.0218555
0.0213902
0.0232496
0.0252999
0.437621
0.0245037
0.320607
0.0208599
0.02599
0.0216482
2.17259
0.514179
0.021204
0.0455577
0.0218091
0.0202274
0.0213023
0.0201955
0.0210849
0.0690367
0.0217154
0.264598
0.0213725
0.020957
0.296158
0.022512
0.0219726
0.0211413
0.0212866
0.02892
0.0556279
0.376909
1.41646
0.692777
0.0215919
0.0218797
0.0218544
0.0244149
0.038928
0.0635527
1.98289
0.0209935
0.0435182
0.0224837
0.26072
2.55821
0.0247068
2.54799
1.94977
0.0227226
0.0416283
0.0209757
0.040641
0.0230484
0.0735096
0.0397011
0.0198823
2.53065
0.248975
0.0217923
0.0230875
0.0221333
2.18934
0.0214427
0.0218892
0.449505
0.0208386
0.101743
0.0271117
0.0239646
0.0224124
0.022005
0.603127
0.0211609
0.386697
0.0245468
0.0213249
0.0207506
0.0418371
0.0230319
2.05712
0.022596
0.0245301
0.0261326
0.0646337
0.0233136
0.0213598
0.260409
0.0218014
0.0204381
0.0372107
0.228808
0.024417
0.0205341
0.0223721
0.125728
0.0616091
0.0211668
0.235386
0.0212282
0.101183
0.0356969
0.0221822
0.0211312
0.0817233
0.0209769
0.0207667
0.0213806
0.0662313
2.04515
0.0325703
0.0243045
0.0219384
0.0222879
0.299445
0.0302348
0.021763
0.0218476
0.0210519
0.0574144
1.924
1.92644
0.0212444
0.123755
0.0202238
0.0201793
0.0226748
0.0222353
0.0410659
0.0213617
0.0390673
0.308118
2.85059
0.0244002
0.0215684
0.0216201
0.0396486
0.0206267
0.0212838
0.0361574
0.0215771
0.0212849
0.0225979
0.0243451
0.020093
2.8828
0.0378977
0.0240051
0.0238769
0.0333834
0.0235695
2.01636
0.0213842
0.0212736
0.0215459
0.021064
0.0215205
0.0209559
0.967951
0.074862
0.0216824
0.022103
0.0212583
0.0239738
0.0235819
0.0519613
0.0224237
2.85902
0.0213167
0.0221322
0.0212925
0.0665322
0.0215409
2.5612
0.021526
0.0216131
0.0195604
2.2832
0.0238382
0.0360009
2.06158
0.0222702
0.0215329
0.0211452
0.0214239
0.0304544
0.022034
0.0253211
0.315434
0.0216795
0.061315
1.74216
0.0242358
0.087468
0.0216266
0.0238853
0.0210082
0.0203972
0.0202366
0.0213681
0.239312
0.0822817
0.0208633
0.669896
0.0588878
0.0212627
0.0660981
0.0203685
0.0359532
0.0222171
0.0210327
0.0772121
0.0215678
0.0226478
0.0254205
0.0557647
0.0628928
0.0223288
0.0209887
0.0229713
2.26562
0.0496814
0.0338334
0.0262319
0.0215143
0.0214323
0.308063
0.0218336
0.0300299
0.0365805
0.472034
0.0215417
0.033177
0.02157
0.0220541
0.0347142
0.0304325
0.0341588
0.0224078
0.0221344
0.0265549
0.369408
0.0430768
0.0204375
0.0251317
0.0732772
0.0242371
0.0409622
0.0217572
0.0219542
0.0213538
0.0261996
0.692907
0.0566638
0.0215544
0.0817885
0.0240087
0.0274359
0.0215724
0.0213565
0.0213709
0.0201289
0.0517588
0.0232797
0.022979
0.0224234
0.0213821
0.0215222
1.07054
0.0214185
0.0214126
0.0220143
0.513604
1.13482
0.0214954
0.0211866
0.0215192
0.153262
0.022408
1.62986
0.0215493
0.0483755
0.0215069
0.0217642
0.0408267
0.0218842
0.0319244
0.0218891
0.0214571
0.0203845
0.0232135
0.14713
0.0219576
0.0222952
0.32265
0.021649
0.0227877
0.0223499
0.0217355
0.0212674
0.0223366
0.199629
0.020782
0.0208492
0.0209563
0.138031
0.025303
0.366055
0.0216125
0.0218814
0.679214
0.273094
0.244392
0.0258023
0.0310653
0.277701
0.0216047
0.301315
0.0221402
0.0965759
0.0209949
0.0389032
0.0264856
0.0195709
0.0248523
0.0240935
0.0227991
0.0199888
0.382017
0.0209167
0.264416
0.0218425
0.0214082
0.022036
0.0200387
0.0220564
0.176245
0.0213756
0.0211491
0.0211494
0.0217017
0.0213885
0.0443609
0.69311
0.276779
0.0215987
0.0209329
0.0242489
0.0215252
0.02135
0.0844306
0.0371506
0.0225237
0.021327
0.0493842
0.0234916
0.0513715
0.351991
0.0234915
0.0203381
0.0212927
0.0291478
0.521142
0.0215336
0.0212364
0.0246682
0.122415
0.0403574
0.572871
0.0213254
0.0240656
0.0238432
0.0200212
0.0219549
0.092679
0.408411
0.0720934
0.0212837
0.669427
0.0219556
0.0215802
0.0244645
0.022185
0.0244349
0.0360481
0.0212536
0.0215128
0.0213634
0.0209046
0.0200517
0.0211622
0.0265642
0.181623
0.0419873
0.0195624
0.0200665
0.0212797
0.022084
0.0213633
0.0398566
0.0222368
0.0222865
0.0222316
0.2523
0.0212639
0.0242725
0.734351
0.0213157
0.0213014
1.89789
0.0212375
0.0213712
0.0212349
2.4754
0.0357504
0.0414765
0.0220383
0.0684522
0.0207765
0.0201656
0.0204484
0.0212738
0.0353821
0.0212824
0.021772
0.0396915
0.0213906
0.0799255
0.0238054
0.0308398
0.0219331
0.0434592
0.0294333
0.0215635
0.0211417
0.022026
0.0216502
0.0213529
0.118872
0.0209758
0.0415031
0.021184
0.0216574
2.18243
0.0210822
0.113178
0.0657216
0.0213252
0.0933395
0.021164
0.0218909
0.0212635
0.0220174
0.020755
0.0213666
0.0213348
0.0214111
0.533836
0.0215833
0.0209714
0.02205
0.0208243
0.0212235
0.0212256
0.0214323
0.0205259
0.0213143
0.0212959
0.0213807
0.0212776
0.0222438
0.140035
0.0214426
0.021965
0.100369
0.160029
0.0207671
0.0277959
0.0209906
0.0213383
0.0213106
0.021497
0.510964
0.19712
0.0211214
0.0232898
0.317349
0.0216792
0.17314
0.331478
0.0200605
0.74801
0.0215414
0.0324605
0.0253793
0.224304
0.0940859
0.472725
0.0210006
0.0211203
0.0203098
0.026118
0.0613936
0.0230186
0.0611626
0.469481
0.0213842
2.37953
0.0271082
0.022456
0.0204241
0.034666
0.0340629
0.0213297
0.0210407
0.0205031
0.0243044
0.0242033
0.0246286
0.0241222
0.0244577
0.507713
0.0210944
0.0212758
0.0211704
3.03427
0.02443
0.0244671
2.60182
0.549561
0.204403
0.0210595
0.0242436
0.0212406
0.0317188
0.0213627
0.0224852
0.0331735
0.0244407
0.0668247
0.0199057
0.241978
0.0335177
0.0720692
0.319931
0.689771
0.0211333
0.0213525
0.0213439
0.518019
0.0214276
0.0208942
0.0213503
0.0314094
0.127263
0.255216
0.0241104
0.0474854
0.50951
0.0394262
0.239821
0.0499591
0.036361
0.0349925
0.634885
0.261661
0.0211218
0.0211355
0.0211544
0.115941
0.0658922
0.0448297
0.0208977
0.0212595
0.0212518
2.76824
0.0211926
0.0212104
0.0210709
0.036833
0.0209662
0.0211727
0.0203548
0.0254778
0.0760695
0.0287181
0.0239916
0.0215594
2.22497
0.0290524
0.0201487
0.0213315
0.151226
0.279312
0.0216666
0.0217189
2.51583
0.0211742
0.0210175
0.0209849
0.0214726
0.195727
0.0210112
0.0216496
0.0211292
0.0218088
0.0212665
0.0211591
0.0210679
0.0212649
0.0213824
0.336162
0.0212536
0.0207033
0.192965
0.0481944
0.0265788
0.0513917
0.0209949
0.0446389
0.0212943
0.0302154
0.0210971
0.625991
0.0211429
0.0212432
0.0201501
0.509417
0.0245517
0.021218
0.0710304
0.0212367
0.0201531
0.0212426
0.0220251
0.0283757
0.0209839
0.418457
0.0215029
0.0286917
0.0368714
0.0213899
0.0304456
0.0210109
0.0206274
0.021202
0.0880245
0.0267692
0.0352305
0.0383095
0.075607
0.0260034
0.0626423
0.0245972
0.0213417
0.0198157
2.56012
0.575841
0.0209886
0.0336866
0.0209737
0.0210356
0.370638
0.0205414
0.0213143
0.0427781
0.0513421
0.515868
0.0213308
0.0210477
0.109122
0.0209616
0.0204296
0.0654993
0.0212255
0.077674
0.0708796
0.162435
0.021345
0.0226188
0.0211383
0.019954
0.0254432
0.0216802
0.0214096
0.0330212
0.0207063
0.107011
0.0213993
0.0228168
0.0238384
0.520944
0.0243909
0.0218148
0.157369
0.322199
0.0212677
0.41801
0.0217499
0.0212994
0.0213717
0.0210103
0.024039
0.0284088
0.493834
0.0211881
0.0241351
0.0219031
0.0197597
0.0210572
0.0213155
0.0248983
0.0208279
0.0212031
0.0220137
0.0214872
0.303523
0.0213736
0.0221482
0.050062
0.0223195
0.0202328
0.156723
0.356755
0.253778
0.106617
0.0531745
0.0205776
0.0224479
0.642876
0.841582
0.273771
0.225918
0.122803
0.0215272
0.281139
0.426255
0.0216048
0.326399
0.0222401
0.592353
0.369817
0.118431
0.0222981
0.0210417
0.0475061
0.0212962
0.0214035
0.019498
0.0465048
0.0213611
0.0214333
0.0211652
0.113534
0.0211137
0.0210835
0.0212434
0.021011
0.0210285
0.32166
0.0220502
0.020973
0.0214211
0.0300323
0.34373
0.648959
0.02132
0.0211546
0.0232594
0.0213098
0.0210057
0.0211354
1.95256
0.0212516
0.0367474
0.0211487
0.0215194
0.0203273
0.0213582
0.487855
0.351982
0.0205465
0.0217552
0.261695
0.286933
0.0479922
0.53347
0.021349
0.0301105
0.0211219
0.0197464
0.0211218
0.0201695
0.0210787
0.0212591
0.0217299
0.950723
0.0200448
0.388624
0.608474
0.0199319
0.0323859
0.0417007
0.0221762
0.0211402
0.021216
0.0214357
0.0210765
0.323742
0.0198378
0.0211301
0.287921
0.0211137
0.0213129
0.0209891
0.30161
0.0213922
0.0213768
0.666127
0.0206912
0.0206142
0.0211103
0.145234
0.0212645
0.0196274
0.0211105
0.0200686
0.596232
0.0314303
0.0210467
0.0413899
0.0197943
0.0212787
0.0223817
0.223484
0.897664
0.0200484
0.0239513
0.0213365
0.021163
0.0211247
0.0211081
0.25462
0.32467
0.021319
0.0221529
0.0267051
0.0209673
0.0210833
0.0244368
0.0291413
0.683684
0.0213367
0.0244114
0.487126
0.0211384
0.0239872
0.626265
0.080991
0.020778
0.0209699
0.0211449
0.0211526
0.0209837
0.240225
0.0210684
0.491006
0.383775
0.0220474
0.0239778
0.254074
0.0213249
0.178203
0.0752755
0.238861
0.0255295
0.0211956
0.0224443
0.269501
0.0208314
0.036254
0.0209724
0.0200787
0.0200848
0.0201397
0.0211461
0.630032
0.0216931
0.361188
0.247543
0.0628551
0.547492
0.0197771
0.0213807
0.0230227
0.393208
0.0211815
0.763116
0.0252412
0.0200567
0.0209444
0.242638
0.0209457
0.0267202
0.150686
0.0210588
0.293636
0.0220708
0.0469021
0.0613949
0.0213971
0.0206054
0.0374111
0.0663983
0.0212248
0.023558
0.0201889
0.0225343
0.0208894
0.114887
0.0210208
0.0204463
0.114741
0.0201281
0.281184
0.0214168
0.0211848
0.0211685
0.618663
0.0209966
0.0209129
0.782081
0.0610963
0.401642
0.0215665
0.0201444
0.0361555
0.792588
0.397407
0.610812
0.0239152
0.0242733
0.0216407
0.0212887
0.0244881
0.0219788
0.0211352
0.0203988
0.0333492
0.0244319
0.0209391
0.0196194
0.0215982
0.0205913
0.0215495
0.0235302
0.133031
0.720895
0.0259833
1.09586
0.366273
0.0206539
0.020955
0.0223751
0.0369839
0.0202706
0.0216488
0.0209222
0.0210266
0.0211565
0.0465637
0.0213015
0.0403706
0.0212731
0.0209104
0.333766
0.0385447
0.0217106
0.0209303
0.020874
0.687017
0.24073
0.0215609
0.0202406
0.0217077
0.0209497
0.0212472
0.021023
0.0810266
0.0210003
0.0208661
0.228407
0.0204878
0.0642701
0.0239987
0.0210437
0.0213376
0.269546
0.0474165
0.435394
0.784011
0.0238434
0.0223485
0.0218124
0.0212503
0.0270863
0.0208652
0.732637
0.468097
0.023052
0.0597174
0.255955
0.0208967
0.323061
0.0246235
1.95167
0.0210953
0.0208089
0.0208329
0.0219691
0.0210876
0.064567
0.429276
0.0368875
0.0211982
0.0209582
0.0208712
0.0828164
0.0246918
0.395853
0.0208939
0.0214806
0.0351038
0.0210612
0.275689
0.0557339
0.0208988
0.0214216
0.0197313
0.0212392
0.279881
0.14519
0.0208772
0.0210679
0.0206856
0.250024
0.0211594
0.02403
0.117603
0.191936
1.98457
0.21927
0.598216
0.0212529
0.0283371
0.0216194
0.0210971
0.0232308
0.0304353
0.0204749
0.0211319
0.0398266
0.0212821
0.0205592
0.322813
0.0200213
0.0211065
0.0375316
0.151857
0.0200978
0.0202121
0.0457418
0.0555854
0.0372096
0.203649
0.023908
0.694218
0.0209798
0.153306
0.0585017
0.0699349
0.482611
0.0252973
0.693821
0.0344739
2.97108
0.0206182
0.0210163
0.0202453
0.0212701
0.0297914
0.0207882
0.0495724
0.0206229
0.022116
0.0213584
0.450781
0.0213237
0.182941
0.0247041
0.0259249
0.142391
0.0983485
0.269148
0.0197171
0.0387516
0.0212647
0.263229
0.0214611
0.0653327
0.0352477
0.0329448
0.531128
0.0208136
0.388448
0.0239442
0.0289829
0.0214271
0.789391
0.0215896
0.0208998
0.0212129
0.0321724
0.0215293
0.0323668
0.0362915
0.0272234
0.05516
0.0208447
0.0200716
0.771113
0.0357385
0.304682
0.0329977
0.0209135
0.221875
0.442847
0.0477229
0.0206994
0.0362872
0.241577
0.020794
0.0242679
0.0197983
0.383236
0.427446
0.281269
0.0371497
0.0208184
0.0206784
0.0218937
0.0201858
0.0227596
0.0241041
0.0223504
0.0204292
0.0775713
0.0224259
0.0214773
0.0247354
0.414259
0.0435722
0.0208999
0.0277807
0.0243671
0.302198
0.0208142
0.268987
0.0213064
0.0352933
1.85279
0.0219247
0.590575
0.0204156
0.0198812
0.0208404
0.0208479
0.020668
0.0208816
0.0197733
0.173196
0.0239468
0.021012
0.218496
0.0209082
0.0216243
0.0206546
0.558465
0.021094
0.0233078
0.0359276
0.0343237
0.0209076
0.019785
0.596915
0.0212179
0.320218
1.84484
0.0216186
0.021828
0.0344703
0.022368
0.0436056
0.0202036
0.0206503
0.0226671
0.0286903
0.0234689
0.0403668
0.0346715
0.0222895
0.0218489
0.0255907
0.0223699
0.0325298
0.0229448
0.0205577
0.384912
0.0320254
0.0212854
0.0209329
0.0209348
0.020905
0.0206586
0.0210195
0.0207621
0.0223303
0.0377639
0.0234832
0.0213517
0.0235769
0.0249563
0.0205979
0.0207282
0.463402
0.022543
0.024351
0.0205793
0.0219316
0.0205536
0.020041
0.432915
0.0213475
0.0210651
0.0161273
0.038148
0.0390033
0.0209004
0.10783
0.0215473
0.0755746
0.102512
0.0220258
0.0457905
0.0206989
0.0203124
0.551539
0.0208461
0.049607
0.134077
0.0905193
0.0240311
0.386613
0.0215633
0.020874
0.022163
0.020663
0.202971
0.01278
0.0208821
0.316167
0.0921916
0.0197266
0.0206835
0.0348029
0.0162943
0.388323
0.0266325
0.259077
0.322619
0.0212476
0.621968
0.278676
0.0355042
0.0813773
0.0311514
0.235281
0.0197668
0.382888
0.186013
0.0198321
0.878108
0.463249
0.176684
0.0196337
0.0160633
0.0204128
0.0206857
2.02464
0.709514
0.0206946
0.0215554
0.147762
0.0198004
0.0286762
0.0208198
0.0476221
0.375547
0.0224879
0.0215377
0.288482
0.0395601
0.388872
0.34096
0.0209985
0.270869
0.0210277
0.315156
0.0260955
0.0204492
0.492147
0.0216391
0.0268085
0.0213623
2.01476
0.0211104
0.0213777
0.020241
0.0213841
0.0205107
0.0218047
2.57532
0.651643
0.0205997
1.9838
0.401043
0.0203319
0.0205618
0.326472
0.0306975
2.54751
0.333026
0.394871
0.0205653
0.0212131
0.387176
0.0247949
0.373112
0.0304584
0.0206322
0.0212463
0.0210127
0.0198131
0.0206037
0.0375299
0.0205836
0.250472
0.0209105
0.0213637
0.0614378
0.0197719
0.0368902
0.69878
0.0208747
0.0207991
0.0209619
0.0299463
0.0196332
0.0201856
0.0909786
0.0878302
0.0364308
0.0217999
0.0332017
0.0205323
0.0212038
0.0212536
0.419121
0.366733
0.0879014
0.399503
0.0316875
0.205486
0.070045
0.0210228
0.0241076
0.0196438
0.0196428
0.026815
0.0208295
0.353696
0.259517
0.024274
0.669651
0.0275979
0.472411
0.303274
0.0200654
0.357475
0.0237518
0.286969
0.0213364
0.0204643
0.020126
0.029867
0.446952
0.27405
0.446531
0.0209679
2.46416
0.0205875
0.401229
0.393335
0.0204863
0.0236984
0.0210682
0.672512
0.323323
0.0217337
0.0196255
0.0347998
0.0237409
0.371683
0.0215218
0.0212783
0.335235
0.263754
0.0205336
0.0202177
0.0207129
0.0238058
0.0215752
0.315824
0.0207145
0.0221864
0.253576
0.0213429
0.020859
0.236447
0.347837
0.0215167
0.0214958
0.0217726
0.0205966
0.0205099
0.162808
0.447814
0.0209192
0.0256542
0.0208425
0.0213628
0.0213524
0.0211334
0.342167
0.439149
0.0301289
0.0666073
0.0207631
0.0235772
0.0208454
0.0215971
0.0619742
0.0217491
0.367183
0.0207399
0.387308
0.0214773
0.276634
0.379278
0.0205867
0.0208411
0.0452009
0.0382536
0.230143
0.31428
0.352122
0.341383
0.0241349
0.0211911
0.0626098
0.0207734
0.12749
0.0199881
0.27598
0.0303895
0.02086
0.0216721
0.0208971
0.0322291
0.291095
0.0212125
0.342976
0.0236472
0.0462572
0.0204788
0.0246457
0.283793
0.0204509
0.659511
0.0948499
0.0201996
0.361026
0.167623
0.0917018
0.0204676
0.358436
0.0210203
0.0202339
0.033871
0.0204732
0.272829
0.0200197
0.0208348
0.0205212
0.0238017
0.0518553
0.020756
0.365029
0.0197542
0.0251555
0.0290302
0.0213116
0.440168
0.344266
0.03233
0.0819478
0.0213865
0.0205378
0.920125
0.0204971
0.0203853
0.0209625
1.83681
0.216118
0.0459025
1.89063
0.0201154
0.0210358
0.02125
0.0377941
0.0206715
0.0546698
0.0176453
0.0212413
0.0360361
0.0407173
0.257326
0.0204118
0.0204932
0.0238797
0.0213379
0.573406
0.328576
0.0203401
0.0249648
0.0207068
0.441518
0.0875077
0.0211861
0.188179
0.0209792
0.0213324
0.0197794
0.0214076
0.0841116
0.0449458
0.020444
0.394379
0.0365084
0.0198237
0.438523
0.0206105
0.0208903
0.275544
0.0204064
0.317999
0.019826
0.028146
0.445449
0.0197665
0.0201034
0.0209699
1.50832
0.0251011
2.22213
0.382372
0.0276355
0.0236721
0.324826
0.0205025
0.640247
0.0327113
0.0206447
0.260332
0.683577
0.312843
2.0902
0.206081
0.0203968
0.386874
0.159637
0.260232
0.0923976
0.0204738
0.0203546
0.0207482
0.472846
0.0203226
0.020151
0.0484262
0.0345302
0.0213088
0.0203703
0.0208717
0.0202948
0.0207223
0.298847
0.020828
0.259097
0.292848
0.0330162
0.023856
0.0206314
0.0204251
0.380588
0.17866
0.476348
0.341229
0.0205049
0.0206774
0.0398943
0.0915814
0.287634
0.020438
0.122132
0.35683
0.0199657
0.0346713
0.0291949
0.0201431
0.0209421
0.0210026
0.0214614
0.020101
0.110335
0.438117
0.0209853
0.273146
0.0213694
0.0336045
0.0209059
0.0213419
0.0292082
0.306518
0.0263843
0.0203439
0.0198276
0.020305
0.0203026
0.362505
0.0336583
0.0553053
0.0613467
0.0525066
0.0690308
0.0203356
0.0317025
0.189731
0.0212466
0.280085
0.0226589
0.0197662
0.122261
0.501528
0.022701
0.0374385
0.280403
0.562711
0.0304393
0.0202795
0.0239199
0.0207121
0.230935
0.020676
0.0534414
0.193627
0.0367748
0.198015
0.0332818
0.0289974
0.0304996
0.0209821
0.0203657
0.0210341
0.0208548
0.243523
0.0206227
0.0206327
0.0241452
0.0216829
0.0201926
0.0582091
0.242125
0.281367
0.0202203
0.233248
0.117096
0.143839
0.0212204
0.020401
0.0233944
0.0201685
0.299115
0.024912
0.0202913
0.0304927
0.0205739
0.365547
0.0524085
0.0206089
0.645824
0.19219
0.0203624
0.323493
0.357049
0.168723
0.021159
0.0455634
0.388688
0.0196396
0.0205029
0.240926
0.0272835
0.0209814
0.443621
0.0210855
0.0204247
0.0205205
0.0203561
0.249626
0.0201773
0.0203897
0.317778
0.0324818
0.0204969
0.0208052
0.262556
0.091973
0.0224704
0.0303571
0.0203921
0.694449
0.0554595
0.0216218
0.0202192
0.508482
0.330385
0.02342
0.0201197
0.276045
0.0240199
0.0202032
0.709718
0.0209273
0.11178
0.0204688
0.190787
0.198332
0.156868
0.0280955
0.0204216
0.0426611
0.0212
0.0270879
0.120338
0.0201546
0.203475
0.0202047
0.358802
0.0206955
0.0203581
0.0199843
0.0204551
0.0202363
0.0201149
0.056458
0.0215005
0.0662414
0.022387
0.019732
0.0228655
0.0214329
0.0205494
0.251371
0.020275
0.0210941
0.284261
0.0210516
0.238907
0.0238175
0.0215176
0.0200947
0.0201405
0.0220711
0.0215629
0.020221
0.0237051
0.023839
0.219232
0.0202248
0.0248546
0.0205286
0.253941
0.234562
0.0216161
0.273444
0.0211852
0.0392921
0.0218538
0.0206068
0.260536
0.0209473
0.0199889
0.322098
0.726365
0.11717
0.205477
0.0234561
0.31268
0.0280886
0.0215739
0.296813
0.301658
0.0204267
0.276304
0.0141115
0.0212926
0.0202069
0.0294102
0.370389
0.285582
0.224926
0.268557
0.0252026
0.0202314
0.0201268
0.233107
0.0208387
0.0198219
0.0208536
0.0229148
0.020225
0.0201242
0.221759
0.0465593
0.0200834
0.308107
0.352035
0.270406
0.174869
0.0201253
0.020166
0.0863253
0.195839
0.290708
0.023771
0.296747
0.0200693
0.148078
0.300849
0.0910006
0.021034
0.0216612
0.0203397
0.315742
0.020487
0.0201021
0.173217
0.261459
0.0204885
0.189686
0.229776
0.0963555
0.260041
0.363886
0.0205
0.020308
0.0224502
0.273331
0.021076
0.411927
0.021335
0.0201958
0.321949
0.0200789
0.0662157
0.321494
0.0200664
0.227883
0.322207
0.0362903
0.0210179
0.0201504
0.0200905
0.357865
0.0203356
0.36029
0.761267
0.323381
0.0277589
0.0307833
0.0221891
0.0210669
0.212109
0.278518
0.0212057
0.177375
0.096845
0.129502
0.0198455
0.283546
0.227284
0.0319569
0.171876
0.0201085
0.0205089
0.16228
0.0211296
0.0200738
0.300402
0.0210251
0.021248
0.306384
0.474243
0.0200913
0.0204233
0.269319
0.312724
0.140741
0.357064
0.01973
0.322818
0.0202512
0.0200096
0.266344
0.0202169
0.0202267
0.019857
0.108763
0.0197042
0.019826
0.248288
0.020183
0.0239881
0.0205401
0.0228798
0.0202999
0.323037
0.237693
0.020228
0.0202533
0.0204848
0.0199427
0.0200591
0.0201446
0.0203377
0.0205161
0.0198632
0.020423
0.317252
0.0201902
0.0219471
0.0219676
0.0196952
0.273853
0.0197309
0.0201944
0.271864
0.0375021
0.022867
0.309142
0.0220167
0.0198309
0.020318
0.300367
0.0203429
0.298673
0.0433049
0.256023
0.0221581
0.02
0.291953
0.0369943
0.146799
0.0349998
0.0353561
0.0200288
0.0197102
0.0315845
0.0211608
0.449636
0.296613
0.0214324
0.0211175
0.0200242
0.28483
0.0199772
0.0197702
0.0206355
0.038929
0.0886476
0.119261
0.0201282
0.0209904
0.0215556
0.298996
0.0313539
0.0233245
0.0233943
0.0292488
0.0320188
0.208699
0.0283657
0.277684
0.0715274
0.0209786
0.0202118
0.0226812
0.281305
0.0199996
0.0199732
0.0322343
0.193587
0.342521
0.0200981
0.0212794
0.0203699
0.022607
0.0202185
0.022054
0.131297
0.362364
0.0202074
0.0223138
0.0216145
0.0217009
0.0205394
0.0204787
0.25806
0.0242688
0.0197066
0.260537
0.0225434
0.273209
0.0236694
0.0292307
0.256205
0.0211149
0.259669
0.0204867
0.0198237
0.323542
0.244358
0.295185
0.023799
0.0206954
0.0202331
0.0227804
0.117917
0.0202182
0.220207
0.268616
0.0201196
0.541202
0.0199617
0.0199992
0.0206297
0.0201862
0.0827755
0.0233859
0.0206029
0.0222437
0.239411
0.0928033
0.0200392
0.0210762
0.0204324
0.203674
0.265232
0.0203739
0.0200117
0.020308
0.428855
0.0290476
0.170635
0.0203378
0.0217647
0.0420867
0.020915
0.0197855
0.351831
0.239033
0.0204032
0.0703416
0.0200193
0.228438
0.298087
0.0651546
0.238616
0.0204045
0.0202049
0.0200434
0.0199996
0.0265464
0.019685
0.0204278
0.0198138
0.0270583
0.260212
0.0251038
0.0211633
0.0201722
0.0210988
0.0569798
0.150965
0.0199893
0.0210435
0.0200276
0.0230914
0.0305911
0.020077
0.0202006
0.097624
0.309394
0.346132
0.0200111
0.116505
0.0139793
0.0200335
0.022004
0.0199452
0.254224
0.0199515
0.259157
0.0565793
0.249955
0.323409
0.0617823
0.023733
0.0640531
0.0200437
0.320947
0.256066
0.260442
0.053651
0.0215983
0.15212
0.0201307
0.0624973
0.0268961
0.100909
0.0607679
0.317573
0.0344522
0.0215679
0.020403
0.227931
0.0199202
0.020287
0.248973
0.111729
0.266692
0.0206905
0.322434
0.0200527
0.0221595
0.0237044
0.0284084
0.0196174
0.0201042
0.210616
0.0209208
0.035135
0.0282857
0.235156
0.191927
0.0212027
0.16449
0.123335
0.0208975
0.0210898
0.301255
0.246333
0.26708
0.148767
0.0243156
0.0197161
0.0400981
0.108211
0.0753004
0.0203688
0.0393451
0.156106
0.021959
0.0208773
0.0201618
0.0235995
0.0198278
0.0199758
0.0210747
0.0211775
0.0288322
0.0203196
0.0210334
0.0227713
0.0210811
0.0210534
0.0198029
0.0204222
0.284928
0.0209047
0.203654
0.899644
1.86978
0.0298763
0.249143
0.141741
0.0218075
0.0198076
0.0203508
0.267761
0.0209362
0.305326
0.0139936
0.0224643
0.0464676
0.0232997
0.0211028
0.0331077
0.0234513
0.265686
0.0228022
0.277803
0.0774589
0.272445
0.0198078
0.0214044
0.0207749
0.2608
0.0212886
0.0213053
0.0203509
0.0198106
0.231464
0.0341227
0.0210398
0.0204399
0.02003
0.0201952
0.0198206
0.313619
0.0202299
0.0197134
0.261314
0.0210548
0.0208711
0.0234214
0.0199588
0.203188
0.0209404
0.0212539
0.0202644
0.0197489
0.0210033
0.0197172
0.0326672
0.287891
0.019785
0.0262276
0.0268305
0.179173
0.0230996
0.0226628
0.0291567
0.0210452
0.0224407
0.0220324
0.020054
0.0217001
0.019603
0.0714231
0.0213567
0.0198224
0.01988
0.0197957
0.0833054
0.0202666
0.0211387
0.0208088
0.0363083
0.231001
0.019803
0.0227514
0.314313
0.319739
0.0197785
0.239474
0.0197333
0.0213646
0.0291436
0.316089
0.238129
0.60435
0.0201087
0.0197992
0.0232836
0.27319
0.0196905
0.0203196
0.0209222
0.0197601
0.0217185
0.0197505
0.0216488
0.0201403
0.0207894
0.0205224
0.0260515
0.0197604
0.0198339
0.302157
0.0202271
0.0224966
0.0197645
0.0197925
0.0200274
0.0197513
0.0199654
0.22826
0.0197469
0.0205374
0.0241348
0.0196971
0.313744
0.019803
0.0196187
0.0301949
0.0223927
0.0197023
0.0199816
0.019864
0.0198032
0.554047
0.216088
0.0210962
0.0231208
0.0233855
0.0203208
0.0732059
0.0216814
0.0208164
0.0199178
0.26368
0.019928
0.0208119
0.0199974
0.0203847
0.0224818
0.0208024
0.197353
0.0230999
0.0209603
0.0217805
0.0202592
0.256203
0.0336106
0.0197127
0.0210166
0.305084
0.237115
0.262309
0.373531
0.0225426
0.0206268
0.219243
0.0197495
0.0214226
0.0214678
0.0222312
0.116808
0.0209081
0.0199516
0.0222832
0.020149
0.400893
0.0240868
0.0228966
0.0204739
0.0207025
0.0196839
0.0229954
0.0208504
0.0203432
0.367161
0.0214374
0.0249266
0.0201759
0.0198204
0.296181
0.0235071
0.0198095
0.075425
0.0200543
0.0204808
0.0214393
0.0199545
0.0209735
0.409627
0.0199505
0.239789
0.0208051
0.0201105
0.0201657
0.0363657
0.0209473
0.0204304
0.0208988
0.64788
0.0198099
0.0206275
0.242713
0.0222843
0.0200436
0.251071
0.364288
0.0209193
0.019946
0.258209
0.0202017
0.288649
0.0227597
0.0207983
0.0246854
0.0211274
0.0215111
0.02096
0.0204685
0.0208882
0.259573
0.0197477
0.259557
0.0347489
0.0215254
0.023077
0.0199369
0.020292
0.0335448
0.0199211
0.0210648
0.0213071
0.0218302
0.019839
0.0222892
0.0225026
0.0197916
0.0220198
0.0208906
0.0197636
0.0202783
0.0205718
0.42925
0.28174
0.182917
0.0203949
0.019719
0.0197514
0.123001
0.0204863
0.256674
0.0203199
0.302627
0.117841
0.234445
0.0197327
0.391509
0.021802
0.0211891
0.026284
0.0200827
0.0595227
0.0222578
0.0196776
0.0207479
0.0197639
0.0196976
0.0204143
0.0194648
0.0901475
0.0221723
0.0234045
0.0196956
0.0198224
0.0209158
0.865476
0.21218
0.273808
0.0203543
0.0197137
0.0322153
0.0197759
0.255619
0.0202745
0.0209711
0.0207149
0.0208559
0.0250459
0.0208885
0.0199396
0.0210854
0.238022
0.240473
0.0195982
0.0209028
0.0198318
0.376966
0.0197865
0.0203194
0.0196195
0.0197466
0.0225663
0.0225963
0.0286625
0.0203246
0.0327632
0.271918
0.0260703
0.0206702
0.0198894
0.019603
0.02046
0.0234296
0.0199835
0.0196084
0.0316916
0.0225722
0.0225512
0.0196764
0.243288
0.0200479
0.0202243
0.0424826
0.020163
0.0199309
0.0331681
0.0199401
0.463255
0.128168
0.0196798
0.0196305
0.0209871
0.0226674
0.245093
0.0214874
0.0196916
0.0204983
0.020159
0.0225451
0.0225428
0.653462
0.0197346
0.0234449
0.0214555
0.0200068
0.0209066
0.0224409
0.02148
0.0200217
0.0211034
0.020714
0.0225074
0.021608
0.0383017
0.0216174
0.0198393
0.297017
0.118903
0.0202326
0.397459
0.0197298
0.435129
0.16978
0.0208354
0.0234911
0.0217901
0.0435575
0.0224674
0.0201738
0.281083
0.0212427
0.0201351
0.0201793
0.268079
0.024569
0.0195901
0.0203872
0.0206804
0.0225163
0.0203378
0.170246
0.331723
0.0301817
0.0222792
0.0204023
0.0198119
0.0351346
0.0204896
0.0233574
0.0315679
0.0204186
0.0210244
0.0210418
0.344447
0.0197202
0.020569
0.269286
0.0224759
0.0196165
0.0207778
0.0197987
0.303652
0.0213753
0.0198424
0.0196208
0.0206787
0.0197718
0.0209495
0.294087
0.0197794
0.196346
0.0224637
0.242012
0.104121
0.0211687
0.0234815
0.0248383
0.259354
0.290068
0.700055
0.0259859
0.019603
0.0203005
0.0206264
0.267796
0.0196181
0.267076
0.257952
0.0230574
0.0236565
0.0223752
0.0223821
0.171501
0.261739
0.0197443
0.0200996
0.0202918
0.0207146
0.0201955
0.0234631
0.0219588
0.0223831
0.0224357
0.0197811
0.0196962
0.237391
0.0206435
0.0198432
0.0204121
0.0202235
0.0200103
0.0437404
0.0232457
0.0198035
0.0234398
0.288669
0.0388684
0.0195647
0.0195713
0.0278172
0.91454
0.0208108
0.186278
0.0220142
0.0197701
0.25397
0.0203419
0.0259069
0.183549
0.020777
0.0196058
0.0206362
0.0196624
0.0225203
0.0202638
0.0196664
0.023129
0.0201917
0.021505
0.0196071
0.0224908
0.0224737
0.0195907
0.257078
0.0188912
0.0196737
0.0208348
0.0199284
0.285704
0.0206259
0.0196714
0.0196798
0.254203
0.260227
0.0217041
0.022982
0.0229297
0.0230035
0.0229649
0.0228951
0.0229459
0.0229657
0.0229875
0.0229154
0.0228347
0.0229325
0.0228819
0.0228086
0.0224282
0.0224579
0.0226101
0.0225923
0.255666
0.0226852
0.0226888
0.0227987
0.0226697
0.0226663
0.0228223
0.0224415
0.0224025
0.0228009
0.0195687
0.0195455
0.0226628
0.0226299
0.13408
0.253678
0.250518
0.0384626
0.0221171
0.0200322
0.0196483
0.0195369
0.0199007
0.0227012
0.0226806
0.0226586
0.0225561
0.0225118
0.0224882
0.0224543
0.0224159
0.0224003
0.0224221
0.0227757
0.0227452
0.22935
0.0227539
0.250541
0.0213182
0.0225542
0.0227664
0.0227084
0.0226932
0.0226285
0.0227877
0.0227063
0.0200596
0.0227012
0.0228111
0.0207783
0.0314017
0.256689
0.0204064
0.0236436
0.0264797
0.0206198
0.0209007
0.0705081
0.0197416
0.0214497
0.81677
0.011457
0.0209466
0.215354
0.0201823
0.0196979
0.0212117
0.255944
0.197099
0.0202293
0.0197985
0.0197645
0.344698
0.0199463
0.0221744
0.0199709
0.0207858
0.016495
0.287944
0.087261
0.200189
0.0198458
0.0207775
0.023784
0.0200781
0.0197856
0.123976
0.30545
0.0222709
0.019959
0.0196428
0.244834
0.0197422
0.0198333
0.0200865
0.15249
0.223017
0.212487
0.0202573
0.361801
0.0206713
0.239517
0.105919
0.0200267
0.328037
0.0199224
0.408063
0.0234019
0.031553
0.272623
0.0196031
0.0200073
0.330345
0.0197198
0.142051
0.259199
0.0208316
0.438386
0.022163
0.0204624
0.019936
0.020597
0.0203031
0.0198925
0.0198111
0.01986
0.0199928
0.020617
0.256212
0.0240683
0.137339
0.18964
0.020076
0.01967
0.342804
0.0204554
0.0198533
0.0197953
0.0205841
0.0200329
0.0207527
0.0197571
0.0206654
0.0199206
0.0224977
0.0198236
0.0207957
0.020495
0.820964
0.0209976
0.0293409
0.0197506
0.0221407
0.0203687
0.0200801
0.0208785
0.0348258
0.022031
0.0213365
0.0201182
0.0196075
0.0196019
0.0195872
0.0223719
0.260561
0.0202316
0.0197258
0.0199299
0.020862
0.117989
0.0208514
0.0199295
0.0375238
0.0208646
0.0214264
0.329594
0.0207477
0.263106
0.0280533
0.0198561
0.0202233
0.160971
0.02042
0.0265051
0.0199259
0.0199215
0.300496
0.0129508
0.0200507
0.0197035
0.0196512
0.0202854
0.019774
0.0197508
0.0341625
0.0196912
0.0205302
0.0208816
0.250632
0.0479971
0.0201352
0.0196654
0.0520026
0.0197009
0.0200237
0.0217296
0.0195893
0.0983839
0.0201992
0.0199137
0.027696
0.0214865
0.0211355
0.0198614
0.0196484
0.351097
0.0198389
0.0205831
0.0202368
0.0195897
0.020385
0.0213365
0.0203998
0.0197254
0.0221104
0.020663
0.020416
0.0234025
0.0201216
0.0208085
0.0210629
0.259494
0.0158715
0.0245285
0.9331
0.0196101
0.0221487
0.0203066
0.0200918
0.0201029
0.0202457
0.0196649
0.0195746
0.02025
0.262033
0.0217953
0.0199713
0.0211019
0.0201206
0.0200845
0.197768
0.0204213
0.0210602
0.0201737
0.0196252
0.019766
0.0312101
0.0214355
0.0197861
0.0211767
0.0196632
0.0198439
0.261898
0.021913
0.0195922
0.0197312
0.0207741
0.162106
0.0203812
0.0200382
0.0196662
0.0455117
0.0195979
0.0218794
0.0198399
0.0204937
0.0198269
0.0196798
0.0226295
0.0199263
0.0199158
0.0201085
0.019648
0.0196655
0.0199479
0.0319765
0.226262
0.0197805
0.0239876
0.0197201
0.0201334
0.019923
0.0199681
0.0202726
0.0352153
0.0379211
0.0219805
0.0657007
0.0198587
0.0196514
0.0199942
0.0197815
0.0197839
0.0199583
0.02089
0.0232011
0.0198664
0.0214413
0.0199956
0.019858
0.710325
0.0213335
0.0238602
0.0197028
0.0633112
0.0252685
0.0202432
0.0207491
0.0197415
0.22871
0.0201399
0.246626
0.0196528
0.0202605
0.25147
0.0320967
0.020968
0.0203304
0.0202083
0.0196646
0.0206083
0.022465
0.0202981
0.264064
0.0208141
0.0197903
0.266924
0.0209852
0.0210223
0.0215906
0.019681
0.0207461
0.065726
0.0870068
0.0204323
0.0203054
0.0207996
0.0199236
0.261591
0.0196712
0.019723
0.0200894
0.0258093
0.0222157
0.0208386
0.0209782
1.94219
0.0203604
0.0217184
0.0198186
0.0200133
0.0937484
0.0199107
0.081723
0.0197623
0.0211525
0.0208265
0.0199323
0.0195795
0.0901419
0.020527
0.0201749
0.0208436
0.254696
0.153726
0.128918
0.0201557
0.0197729
0.020608
0.0200352
0.0210496
0.022851
0.0208325
0.0198479
0.0204768
0.0199151
0.0256423
0.0206548
0.0314806
0.019606
0.050775
0.0217678
0.0198908
0.0205329
0.0209631
0.0208481
0.0233597
0.0209783
0.0197864
0.0209353
0.0201392
0.0424018
0.0891035
0.0209861
0.0195732
0.0205111
0.0204114
0.0196288
0.0203907
2.52722
0.022858
0.0222072
0.0220132
0.0197299
0.0202933
0.0222963
0.0199043
0.0209118
0.0905844
0.0205533
0.0207202
0.020073
0.0870734
0.0198233
0.0216225
0.130549
0.0804397
0.0198759
0.341189
0.0197918
0.0208426
0.0222075
0.0243482
0.0198898
0.265528
0.221552
0.0212332
0.019737
0.0287746
0.0197194
0.341964
0.0196452
0.0197042
0.0197682
0.0200273
0.0197689
0.0220397
0.0207492
0.0314183
0.162746
0.0196635
0.0156062
0.681381
0.0216797
0.0214781
0.0203478
0.0199603
0.0237446
0.0198496
0.0199198
0.0196488
0.0197118
0.0313289
0.020336
0.0209513
0.0283762
0.021399
0.0450344
0.0200653
0.0228376
0.0197466
0.0195809
0.0202405
0.0201223
0.0201752
0.0209081
0.0249851
0.255605
0.019743
0.0197933
0.0204331
0.0196721
0.189953
0.0570446
0.0198885
0.0203982
0.248218
0.0201425
0.0206304
0.0213505
0.288777
0.0213852
0.0197874
0.249579
0.0227735
0.0208851
0.0208408
0.273684
0.0774521
0.0198065
0.0196557
0.0199966
0.0200227
0.0213836
0.0197837
0.0208298
0.0246109
0.215653
0.257373
0.0204507
0.186295
0.19184
0.0196539
0.0224473
0.0197311
0.0214347
0.020121
0.0200696
0.0210248
0.108611
0.0259983
0.0199671
0.019699
0.0206179
0.0517163
0.0237925
0.0222897
0.019926
0.019854
0.0277864
0.0202396
0.0198188
0.344935
0.256009
0.0373303
0.0196845
0.02285
0.0202461
0.0212492
0.131213
0.0205548
0.236946
0.23751
0.0492508
0.0214963
0.0222868
0.0197384
0.0217996
0.0219663
0.0231453
0.0200089
0.020257
0.268615
0.0211087
0.0210895
0.241886
0.0366984
0.0204489
0.0228511
0.0204224
0.251113
0.254166
0.278275
0.294216
0.303933
0.239839
0.26726
0.265093
0.0214255
0.403845
0.0254524
0.0198287
0.0208163
0.0222017
0.0228924
0.0435715
0.0315906
0.267865
0.0304163
0.0197091
0.0196883
0.0200896
0.0217776
0.0199439
0.0350992
0.130022
0.020209
0.185263
0.104713
0.0203403
0.0200187
0.0208915
0.0239371
0.0199674
0.0212048
0.0240587
0.025682
0.366792
0.0199305
0.276833
0.0268527
0.0212975
0.322703
0.0225292
0.023401
0.0201629
0.261079
0.0208286
0.0197192
0.303003
0.0199929
0.0217076
0.0203198
0.278133
0.0204691
0.0205364
0.0201917
0.0203423
0.019908
0.387471
0.019791
0.0220448
0.0213588
0.0202663
0.0197151
0.0203894
0.0262759
0.239785
0.153981
0.0217855
0.123745
0.0199088
0.221665
0.021028
0.0211381
0.0203109
0.0203723
0.116865
0.0198263
0.0206258
0.020066
0.307401
0.0196801
0.245225
0.219053
0.0176151
0.0201378
0.312067
0.10695
0.0198415
0.0225682
0.0199314
0.0410542
0.0203091
0.0628938
0.0274447
0.0933628
0.130378
0.0669486
0.0197618
0.0301374
0.0219865
0.0207414
0.209465
0.238715
0.0205287
0.0203104
0.0203366
0.258059
0.254214
0.259009
0.0199084
0.249476
0.0203417
0.0202841
0.0690974
0.0552004
0.302164
0.0222164
0.0605229
0.0207071
0.0199656
0.261304
0.186166
0.023558
0.288198
0.248439
0.284432
0.263428
0.249259
0.0686388
0.240607
0.0199052
0.0897704
0.0747903
0.0237572
0.263375
0.264227
0.0211263
0.0201229
0.0199562
0.371305
0.260272
0.23836
0.0219857
0.0198946
0.0201575
0.0751825
1.50848
0.335934
0.0713167
0.021191
0.0738814
0.294311
0.0201456
0.267284
0.0201604
0.16236
0.0199845
0.0206546
0.0248747
0.029542
0.0702867
0.0198975
0.0201076
0.0199105
0.136565
0.020397
0.0202041
0.184946
0.0425293
0.0206948
0.174503
0.0204853
0.019922
0.29363
0.0279988
0.0211624
0.0883122
0.0206392
0.235609
0.0202306
0.264135
0.0215169
0.0200306
0.0201738
0.0209149
0.254745
0.0542725
0.290533
0.248171
0.0224582
0.147337
0.0217736
0.15077
0.0200733
0.020372
0.019905
0.265728
0.0198405
0.228743
0.0207927
0.0201257
0.029772
0.0503798
0.250167
0.0265041
0.0202036
0.0199062
0.019982
0.256446
0.0209563
0.14692
0.263331
0.0206822
0.0216844
0.036594
0.0664417
0.0200325
0.0210156
0.02065
0.225564
0.0619333
0.0199126
0.0205323
0.854017
0.379612
0.0208547
0.0199965
0.0162839
0.0209554
0.020389
0.0209995
0.0204862
0.227406
0.0218479
0.216332
0.0208497
0.238479
0.122724
0.239247
0.164628
0.0200546
0.266198
0.0200768
0.286373
0.299115
0.305422
0.0206798
0.116189
0.248414
0.0227438
0.259795
0.26633
0.313248
0.0209157
0.0199426
0.0199197
0.0208984
0.0230324
0.0213186
0.27517
0.0227393
0.0208992
0.0198575
0.0366753
0.0203899
0.17655
0.265778
0.254348
0.259411
0.0250643
0.0265462
0.0205549
0.0207725
0.0220676
0.0323615
0.0202413
0.0198914
0.0201073
0.130749
0.0201578
0.176294
0.0206199
0.0201941
0.0211073
0.0188421
0.0204271
0.294388
0.02068
0.0203859
0.0204996
0.27262
0.253814
0.244195
0.0202286
0.0556876
0.0236557
0.264803
0.264246
0.0202216
0.0204517
0.0241444
0.182787
0.0200777
0.020698
0.021515
0.0202219
0.21472
0.0473308
0.0204731
0.0862137
0.341915
0.0215095
0.100153
0.0203529
0.333429
0.0367833
0.0210661
0.223401
0.0199359
0.0204646
0.0201017
0.0277159
0.0201585
0.0202138
0.731364
0.020285
0.0199127
0.0205528
0.0201647
0.0202353
0.02012
0.0201731
0.269323
0.351331
0.0224107
0.0205091
0.0250456
0.0657674
0.0204225
0.0216512
0.219649
0.0245859
0.0357049
0.0218329
0.034818
0.0199053
0.0428571
0.0199166
0.0236126
0.0217971
0.0200772
0.224138
0.0209576
0.108919
0.372371
0.0251263
0.0203703
0.23348
0.255033
0.0251484
0.3323
0.224494
0.0203177
0.0211064
0.020538
0.0206898
0.020861
0.0197258
0.391724
0.020363
0.0241958
0.0205022
0.0206092
0.204641
0.589361
0.0209644
0.0205117
0.456421
0.31944
0.0205482
0.0201599
0.0211983
0.0666221
0.020334
0.0221357
0.020177
0.020058
0.0199847
0.0214689
0.0206332
0.0199036
0.0201468
0.0198976
0.0221943
0.0199707
0.0199924
0.0199952
0.0215421
0.0201952
0.259083
0.398455
0.0208879
0.0201804
0.021738
0.0207641
0.0199808
0.37973
0.67508
0.0199865
0.303614
0.0199867
0.0199815
0.0323314
0.0196527
0.020828
0.214475
0.0200128
0.0196864
0.0206609
0.271729
0.0208422
0.390358
0.402642
0.0202937
0.0202066
0.0198908
0.201972
0.0236829
0.0213069
0.0254897
0.717661
0.0221254
0.0209924
0.0214651
0.0210985
0.0204184
0.022294
0.701943
0.375794
0.0886104
0.0277465
0.0201295
0.0215105
0.0199687
0.184691
0.0206371
0.207088
0.0202421
0.0281978
0.0199811
0.0204002
0.329057
0.0200256
0.020014
0.0200494
0.0472185
0.189915
0.0203827
0.0199762
0.0236699
0.02055
0.0234645
0.249866
0.0251637
0.0202659
0.256912
0.0548824
0.269966
0.0222834
0.242273
0.265437
0.0202983
0.0216732
0.020025
0.0227473
0.019886
0.0207054
0.0200032
0.0219434
0.208134
0.0216143
0.245628
0.0441756
0.0247311
0.435852
0.0203153
0.0221479
0.141936
0.0221811
0.0237224
0.281628
0.0197017
0.684077
0.0202091
0.0206706
0.330859
0.019899
0.023085
0.02249
0.183713
0.0204825
0.0262857
0.231988
0.0595481
0.26996
0.0267966
0.0200383
0.0203566
0.0205099
0.0208322
0.020276
0.0204939
0.0209973
0.093533
0.0224439
0.390129
0.268998
0.0207003
0.0218249
0.0200643
0.0207999
0.441791
0.0203288
0.721464
0.254893
0.232751
0.0202578
0.0287469
0.0206983
0.254206
0.00878251
0.0211411
0.0364669
0.0198832
0.0201874
0.0306605
0.0207144
0.0202342
0.34058
0.398913
0.027143
0.267846
0.0205561
0.0201178
0.19538
0.0962884
0.326583
0.0218562
0.0206072
0.0200496
0.596483
0.0208348
0.323657
0.0346063
0.0197451
0.0382962
0.0198764
0.0201025
0.0217946
0.237906
0.0218646
0.0216875
0.0166802
0.0200715
0.0209848
0.0207936
0.304567
0.0207146
0.0207026
0.0204102
0.0204587
0.258481
0.0200422
0.0199976
0.0211846
0.0208797
0.0205147
0.160516
0.0200598
0.0223807
0.202783
0.0201386
0.020572
0.321936
0.020071
0.0204823
0.138992
0.0210305
0.0204902
0.020668
0.245655
0.0207367
0.0208773
0.21686
0.0198452
0.021415
0.020579
0.0200885
0.38959
0.0201204
0.0202607
0.0206546
0.0199014
0.214637
0.29817
0.0201194
0.0225428
0.0412419
0.0199403
0.0202647
0.0213441
0.0201291
0.0212315
0.0218088
0.0205934
0.0202863
0.261722
0.0204306
0.0205768
0.256533
0.291615
0.200168
0.0202781
0.0219809
0.0207844
0.246415
0.0207562
0.0423799
0.444917
0.310317
0.0407498
0.32078
0.0201394
0.0207071
0.030703
0.0219774
0.279526
0.454735
0.0198978
0.0203598
0.0202217
0.0221341
0.0198831
0.0204621
0.0199783
0.0210326
0.0212104
0.069116
0.019889
0.0242119
0.232233
0.0200699
0.248369
0.0196735
0.0203627
0.0223531
0.0201352
0.0204071
0.0198424
0.0221558
0.0270576
0.0201931
0.0208184
0.0232672
0.0205231
0.0207476
0.0242058
0.0204788
0.0204846
0.322633
0.203637
0.0204903
0.0205931
0.0200127
0.169027
0.136065
0.0201002
0.0214816
0.0269293
0.0262652
0.0188368
0.242072
0.0208022
0.0357391
0.269008
0.202338
0.307253
0.282998
0.205232
0.0202392
0.0220722
0.0201728
0.0475985
0.0207338
0.0203659
0.0317069
0.0203971
0.0467216
0.0207075
0.235248
0.0205902
0.0207875
0.0202231
0.0199341
0.246662
0.0238295
0.0202073
0.019969
0.0505389
0.0131296
0.0373443
0.020254
0.0204752
0.298009
0.0206931
0.325661
0.0196327
0.0208242
0.251669
0.0280554
0.0252994
0.02108
0.17655
0.0219451
0.0202576
0.0212222
0.0206187
0.0210867
0.0205973
0.0210144
0.338771
0.0554312
0.299382
0.141125
0.0209298
0.0242499
0.0203718
0.0196824
0.128687
0.0205261
0.0204625
0.0196648
0.0206186
0.0202412
0.0206394
0.0736593
0.342764
0.309937
0.100162
0.022386
0.0202403
0.0202488
0.0202826
0.347091
0.0213245
0.12603
0.0225964
0.337718
0.0199971
0.0206187
0.293209
0.0206918
0.0202629
0.0214587
0.0211374
0.0209978
0.0202884
0.0201618
0.0201022
0.0199887
0.020622
0.0201148
0.0203248
0.240365
0.0201537
0.020425
0.0207973
0.0200581
0.0202965
0.0269382
0.232709
0.0208457
0.0207798
0.0214848
0.25692
0.213187
0.0402554
0.24546
0.0205217
0.0207039
0.0205634
0.0208316
0.0208422
0.0206327
0.020258
0.0203108
0.0204062
0.0440253
0.0212796
0.0201609
0.228468
0.0206933
0.0229427
0.579212
0.0209593
0.0686048
0.392835
0.0201118
0.0214938
0.0234503
0.331989
0.492542
0.500872
0.0205225
0.0203348
0.0203245
0.0205897
0.0211468
0.0205174
0.0234208
0.103905
0.0241566
0.0256251
0.337838
0.0201898
0.0207746
0.0240659
0.178756
0.0202609
0.305588
0.0203542
0.0204737
0.0197037
0.0200507
0.438314
0.0207458
0.0203075
0.020325
0.0205899
0.0681428
0.306995
0.0200587
0.0205808
0.0211323
0.43951
0.0221533
0.0226233
0.350609
0.252228
0.0204333
0.0204304
0.32053
0.0203296
0.0203491
0.211325
0.0213275
0.0204053
0.0201615
0.0206162
0.216052
0.0264856
0.0247753
0.0220043
0.0203728
0.0205291
0.0274082
0.020568
0.0212319
0.0203429
0.0306315
0.234011
0.0203923
0.0207704
0.0203797
0.205943
0.0240801
0.0523235
0.266263
0.0229176
0.0208272
0.0200099
0.257125
0.0206886
0.482111
0.0204231
2.29571
0.0205835
0.256929
0.039329
0.0206612
0.0212482
0.220297
0.02082
0.0255898
0.0212329
0.245412
0.0205161
0.0204807
0.0214367
0.0205056
0.0284363
0.0219421
0.0205036
0.020715
0.417167
0.0290155
0.0208349
0.0210559
0.334915
0.020545
0.566991
0.0216946
0.209132
0.200371
0.214502
0.0199961
0.306604
0.0201072
0.0204048
0.738218
0.0206504
0.0206996
0.0228114
0.0241431
0.0214245
0.0202053
0.0203545
0.0270941
0.0202776
0.0220114
0.182178
0.0196288
0.323723
0.0205838
0.240746
0.0212616
0.0214404
0.0200856
0.352987
0.0221007
0.0490666
0.0204101
0.0249371
0.0212959
0.0222996
0.0202225
0.0196355
0.0204979
0.0201881
0.0319294
0.386372
0.0203002
0.0207819
0.170831
0.0207552
0.025622
1.84146
0.0206062
0.0207592
0.197849
0.0305581
0.0204044
0.0208788
0.0214222
0.0219116
0.0204077
0.0216232
0.0151848
0.427316
0.0206419
0.275676
0.0208318
0.0207544
0.0208088
0.022247
0.214309
0.382813
0.0290309
0.0213958
0.0206279
0.0481897
0.0205584
0.0205057
0.0208539
0.437951
0.0202258
0.0196403
0.0206074
0.0233439
0.290756
0.0230851
0.0209368
0.0276109
0.0202629
0.0203883
0.0288122
0.437832
0.0273528
0.420367
0.0269228
0.0201651
0.0259735
0.0201927
0.0238859
0.0243536
0.235231
0.340451
0.0199358
0.024066
0.0258157
0.0291388
0.425729
0.689297
0.020442
0.338738
0.0206787
0.0212251
0.0203616
0.0423129
0.0210918
0.147208
0.0205595
0.0215036
0.383893
0.0215577
0.413666
0.0204913
0.402436
0.065655
0.0202369
2.33018
0.021149
0.390725
0.0323391
0.412983
0.0202573
0.0215472
0.0203817
0.0215816
0.0207135
0.192455
0.0208713
0.0198557
0.0209835
0.0203096
0.219451
0.0209033
0.0236126
0.0206985
0.0244348
0.0207717
0.0236535
0.020716
0.0207899
0.0202125
0.0209089
0.0208304
0.0213902
0.0214296
0.0206835
0.279167
0.021355
0.020493
0.0205062
0.528298
0.275699
0.0205204
0.0200104
0.0213981
0.0259935
0.306971
0.0450022
0.0200393
0.149315
0.0202707
0.0202895
0.0245152
0.0215369
0.0209795
0.266196
0.0313014
0.0206541
0.0209056
0.024296
0.0207644
0.0203082
0.020502
0.0209003
0.0211673
0.0209366
0.0208342
0.0209821
0.0312136
0.0307313
0.0208208
0.0206375
0.410912
0.0388035
0.276271
0.0206359
0.0205201
0.543052
0.0243037
0.26413
0.0250352
0.145073
0.0205839
0.0220487
0.0205402
0.0205945
0.205149
0.0210058
0.0223512
0.0207527
0.0214428
0.0216724
0.026707
0.0336795
0.026219
0.0210362
0.0215168
0.196739
0.0205484
0.0208847
0.022625
0.0205969
0.280401
0.0207005
0.0199595
0.344706
0.0248429
0.0486505
0.0211065
0.0211953
0.0211289
0.0203912
0.0204281
0.0205484
0.0203487
0.0207954
0.316265
0.0200413
0.431074
0.0278953
0.021518
0.0238167
0.0212734
0.021229
0.020948
0.0206884
0.225761
0.0258067
0.391295
0.0212708
0.725115
0.0205237
0.0570652
0.0210184
0.0228385
0.273376
0.0207362
0.0300465
0.0209027
0.020286
0.020519
0.0208988
0.664288
0.284112
0.128282
0.0206741
0.0207996
0.0206491
0.212747
0.0207711
0.0215212
0.0264635
0.0264583
0.77768
0.020522
0.0206042
0.02086
0.0247867
0.300363
0.0205366
0.0268656
0.0204154
0.0198575
0.220547
0.0206326
0.0336368
0.0223689
0.20644
0.020638
0.070433
0.0221929
0.0216051
0.0213195
0.0212114
0.0260777
0.404359
0.38848
0.248064
0.0214282
0.0507303
0.0196512
0.0226556
0.0205987
0.0218498
0.548017
0.0202673
0.273706
0.0262872
0.0227185
0.023007
0.378465
0.25583
0.0415327
0.0211169
0.0213241
0.0283973
0.0209473
0.0199486
0.0199952
0.315103
0.625119
0.0196367
0.0314191
0.0217228
0.0281959
0.419923
0.0203538
0.375412
0.173518
0.0210795
0.0322521
0.388563
0.0213041
0.104668
0.020653
0.0198763
0.0233467
0.411535
0.021288
0.0304365
0.0206429
0.0636498
0.0298928
0.0245422
0.0208255
0.240819
0.215258
0.020194
0.019921
0.0206953
0.021235
0.0212489
0.0196217
0.0272124
0.0202004
0.405276
0.0209303
0.407359
0.0212157
0.0218915
0.19519
0.0210923
0.0201019
0.222278
0.0207574
0.0206109
0.0209078
0.0201162
0.0231431
0.020801
0.0196878
0.0797707
0.0200113
0.0279614
0.0210628
0.0253691
0.0202672
0.0205832
0.606855
0.0201075
0.02061
0.510902
0.302239
0.020919
0.0211998
0.360053
0.020904
0.020816
0.0207417
0.0518871
0.0211484
0.0206801
0.0300073
0.0216375
0.0220527
0.0210602
0.0205955
0.020701
0.020673
0.0205689
0.0302149
0.286925
0.0281324
0.0207352
0.0205614
0.0211144
0.182242
1.99536
0.0242134
0.364045
0.0226955
0.0199568
0.0196581
0.259956
0.280458
0.0209227
0.0200864
0.514047
0.264992
0.0299528
0.0215283
0.0198576
0.0207582
0.301041
0.021427
0.029365
0.338253
0.020629
0.447636
0.139028
0.0214059
0.0206111
0.0210996
0.0207377
0.0422284
0.0210746
0.0278563
0.0207641
0.0214989
0.0212349
0.0204622
0.0311556
0.0209631
0.020769
0.0206325
0.293682
0.020055
0.0207669
0.0213271
0.702277
2.13799
0.0204448
0.221646
0.0205054
0.0202871
0.0206185
0.0307489
0.0258929
0.0208265
0.0205326
0.0212254
0.260093
0.0206087
0.25893
0.0200994
0.0250033
0.0211486
0.0206098
0.0199366
0.020425
0.0225949
0.0882608
0.0226277
0.0208538
0.0211417
0.335759
0.021224
0.0206618
0.0250683
0.0221203
0.0211064
0.0207957
0.316808
0.0241685
0.0301243
0.0255142
0.0271716
0.0207464
0.0212151
0.0206073
0.0209694
0.0222216
0.357039
0.0209632
0.0210708
0.0208427
0.0263996
0.0274855
0.0240033
0.713927
0.0258091
0.0215045
0.0369589
2.55679
0.401485
0.0692611
0.0214958
0.0206556
0.0212346
0.0262246
0.0208119
0.165241
0.0306859
0.0206946
0.386544
0.0204686
0.0212379
0.0208877
0.0207192
0.305856
0.0208339
0.020705
0.0395201
0.0820833
0.0334127
0.262936
0.0207223
0.411023
0.22751
0.363278
0.0274233
0.0201392
0.127473
0.0196808
0.0233999
0.0222378
0.136192
0.0206347
0.0280353
0.02105
0.0218241
0.0205958
0.0201054
0.0207993
2.91157
0.271189
0.0211662
0.300975
0.0213527
0.0204737
0.0290326
0.028752
0.0211926
0.0395298
0.519515
0.0269234
0.0210682
0.0207955
0.0225627
0.0216003
0.662741
0.0207231
0.024356
0.0210479
0.0207128
0.0207625
0.0252191
0.0200549
0.0208837
0.0326927
0.0208575
0.019859
0.0217973
0.0256967
0.033443
0.0519232
0.021065
0.729821
0.0213472
0.0207348
0.0223584
0.0344558
0.218293
0.0207307
0.0207151
0.0207805
0.0208545
0.0555961
0.270065
0.606858
0.0212109
0.0203271
0.0267077
0.0201108
0.0236391
0.0207846
0.137408
0.606174
0.0257943
0.0208398
0.0345325
0.237461
0.0210194
0.435096
0.020136
0.294301
0.246078
0.0207336
0.176549
0.0234886
0.0842314
0.0208656
0.697692
0.025112
0.269511
0.0210191
0.0210108
0.0212347
0.0230262
0.0207298
0.317041
0.0205906
0.0966816
0.383716
0.0485574
0.100701
0.0201316
0.0207175
0.0207341
0.0202738
0.0213144
0.0211804
0.0312247
0.133548
0.249081
0.0210078
0.0210659
0.0211516
0.0249613
0.0239391
2.02893
0.0207361
0.0212468
0.0208331
0.0235741
0.0212374
0.02096
0.280027
0.290158
0.0297403
0.0207915
0.0272468
0.0196536
0.677155
0.0211851
0.0204847
0.222435
0.0209248
0.0218003
0.025884
0.0216517
0.0213949
0.0208198
0.0282994
0.0208654
0.0242423
0.594171
0.0211831
0.0883842
0.0205384
0.0279908
0.0215519
0.020775
0.42856
0.0210776
0.0243519
0.0258665
0.0208007
0.0236561
0.0200839
0.0213246
0.510402
0.0203893
0.0211386
0.611551
0.021596
0.0407497
0.0199379
0.257717
0.020372
0.45378
0.0210118
0.026416
0.0212888
0.26056
0.0207867
0.0202919
0.0207893
0.0216774
0.0203568
0.0229934
0.0206089
0.283238
0.0210909
0.0215082
0.02069
0.0205654
0.0208209
0.0208131
0.0208127
0.36468
0.10035
0.0360315
0.0207511
0.0210671
0.022316
0.0206765
0.0206109
0.133455
0.0226217
0.0199572
0.0216769
0.0208589
0.0213189
0.282565
0.0303173
0.0210338
0.0208109
0.0211963
0.020924
0.0209025
0.0202041
0.270527
0.145451
0.0207299
0.0199384
0.0206012
0.0207303
0.0209769
0.020812
0.0209083
0.100651
0.0208605
0.0227445
0.43339
0.260826
0.0207651
0.0306974
0.0243874
0.734193
0.0515334
0.0206706
0.0224904
0.023903
0.0213465
0.0238543
0.0212905
1.64707
0.351561
0.0325147
0.024506
0.132697
0.0251496
0.0209844
0.0990866
0.0212032
0.0218486
0.0207287
0.0302807
0.0411045
0.42191
0.021043
0.0211634
0.190239
0.137243
0.0249209
0.201424
0.0206755
0.0308144
0.0214414
1.95753
0.0207853
0.0210829
0.0213071
0.0212938
0.020377
0.0225031
1.71292
0.37229
0.0204734
0.0270541
0.021305
0.264447
0.0238459
0.0211128
0.0220858
2.06225
0.731846
0.0211166
0.0224775
0.0206446
0.0208951
0.0200938
0.0203742
0.291251
0.0212585
0.0457694
0.0566931
0.0230776
0.0209288
0.0208153
0.309387
0.021374
0.0213862
0.0203257
0.0208111
0.0213541
0.0212054
0.243757
0.407334
0.0208111
0.302686
0.0278387
0.0208135
0.0202763
0.0215078
0.0202913
0.0232277
0.415506
0.0242519
0.0230822
0.693862
0.0213111
0.662228
0.0211127
0.0207459
0.0209608
0.0204963
0.0209649
0.394251
0.0399834
0.0210016
0.0608751
0.0212885
0.0234723
0.541019
0.0215118
0.0212431
0.0230975
0.0210486
0.0213506
2.17754
0.0306748
0.0208098
0.0202754
0.0230887
0.289527
0.0216779
0.0200249
0.0648441
0.653119
0.0211272
0.0208681
2.55889
0.0222186
0.0205552
1.95821
0.0758217
0.157329
0.0228234
0.0490063
0.025397
0.0251568
0.0238229
0.0206735
0.28013
0.020681
0.0209234
0.671747
0.0209828
0.0207157
0.0213916
0.0553923
0.0206376
0.0211168
0.0209831
0.0231597
0.0200723
0.0209461
0.0230066
0.110521
0.0220951
0.505403
0.0459805
0.0199521
0.0266668
0.0398721
0.0212811
0.0210578
0.710453
0.0212793
0.0233257
0.0210494
0.0213672
0.0672182
0.0200104
0.0207969
0.0209398
0.532124
0.0210287
0.041949
0.0202611
0.0208702
0.0200871
0.299145
0.0212721
0.0208782
0.0207204
0.241539
0.0213635
0.0776539
0.0212505
0.0208523
0.0262432
0.537889
0.0210296
0.197459
0.0205697
0.020092
0.0214095
0.03014
0.0200115
0.0208887
0.250719
0.0211691
0.0217176
0.719134
0.0201536
0.0214286
0.023123
0.0285258
0.198839
0.026753
0.13536
0.393446
0.0210962
0.262097
0.0284124
0.148594
0.0215931
0.524242
0.0282477
0.0203602
0.394917
0.0210272
0.183161
0.0212309
0.43533
0.441729
0.0242613
0.0206468
0.232973
0.0205873
0.0440224
0.0202048
0.0203734
0.0215103
0.0747322
0.0209354
0.0208685
0.0209407
0.0212701
0.021492
0.0212733
0.0196964
0.0209827
0.0865745
0.272339
0.0210049
0.113894
0.0209405
0.0224983
0.845288
0.09653
0.0225687
0.112612
0.0226556
0.0217257
0.0234593
0.0295065
0.0270586
0.0205988
0.0236121
0.0258236
0.0793356
0.0211448
0.0210842
0.0202235
0.0247503
0.0207246
0.0318949
0.598807
0.0931991
0.0219769
0.0205903
0.0234621
0.0201876
0.0199955
0.0292037
0.756231
0.0207645
0.0342278
0.0228709
0.0212664
0.0293663
0.0212642
0.0214924
0.0206319
0.0201691
0.0200745
0.0199511
0.0260608
0.0220622
0.0204725
0.0225761
0.0256085
0.0196291
0.020638
0.0228478
0.0210846
0.023325
0.0212117
0.0227554
0.0210254
0.033755
0.0215614
0.0212298
0.636286
0.0292093
0.0210249
0.0280894
0.0210508
0.0205851
0.02098
0.0206905
0.0224576
0.0216298
0.0257991
0.0219015
0.364835
0.0213173
0.0207146
0.0309996
0.0204986
0.0211583
0.0290529
0.0209478
0.688463
0.021081
0.020414
0.290211
0.0311572
0.120182
0.0209229
0.0209387
0.0208008
0.0243529
0.0201515
0.0209452
0.0633194
0.0387624
0.438967
0.520655
0.0217188
0.348003
0.20629
0.0469933
1.11438
0.0301163
0.603926
0.0236193
2.87779
0.146896
0.0200199
0.171029
0.0208452
0.0209341
0.0204427
0.0211692
0.0209411
0.0209274
0.0242559
0.823271
0.0230322
0.029493
0.284137
0.0209559
0.0895302
0.0206937
0.0208334
0.0199513
0.0885398
0.0211397
0.398143
0.649249
1.21903
0.177562
0.328223
0.0200589
0.0363392
0.0337425
0.0204162
0.0231054
0.0358259
0.0213739
0.020791
0.0210702
0.0209291
0.0331928
0.0235807
0.74219
0.0337679
0.0207689
0.0520098
0.0209356
0.0214345
0.0417477
0.117815
0.0238153
0.0210483
0.112008
0.0831156
0.0264739
0.103018
0.0212108
0.0218092
0.0214213
0.0436101
0.0199458
0.0211676
0.0208799
0.0207244
0.0204466
0.0247914
0.0211714
0.0213052
0.0251328
0.0214801
0.841493
0.0209369
0.021358
0.183247
0.0212256
0.0209473
1.82986
1.48948
0.0212796
0.0207642
0.0282292
0.0219612
0.0214986
0.0213934
0.0206726
0.0211989
0.314798
0.0207789
0.0202363
0.0207417
0.0209743
0.0207728
0.038039
0.0387325
0.0292471
0.0195565
0.272431
0.0211163
0.021197
0.0206776
0.0207678
0.124855
0.0202751
0.0207493
0.0248698
0.0214514
0.0240408
0.0331583
0.0206731
0.0238521
0.0365721
0.0211812
0.151267
0.0253188
0.0735633
0.0284269
0.43484
0.0213344
0.0226693
0.0204227
0.0208292
0.0208969
0.075613
0.0215617
0.0203831
0.0204697
0.280848
0.0210354
0.0205297
0.0203706
0.0227776
0.0216365
0.0211221
0.03234
0.277578
0.675286
0.0234971
0.0332383
0.02099
0.0367654
0.0477642
0.0204015
0.0245303
0.44759
0.0207252
0.022105
0.0211328
0.0204611
0.275645
0.0259744
0.023365
0.0808716
0.286575
0.029134
0.0202763
0.0200457
0.074799
0.0207231
0.0266958
0.0225221
0.0215559
0.0282222
0.0230411
0.0250343
0.0210739
0.0205753
0.0318898
0.0238799
0.710974
0.0555037
0.0331694
0.0219438
0.0214303
0.0269001
0.0210028
0.0264864
0.0202913
0.020933
0.361323
0.0246773
0.338691
0.192435
0.0307886
0.0213249
0.0714762
0.731853
0.588119
0.0201716
0.0217282
0.184684
0.0222372
0.0218016
0.259548
0.0211626
0.0488172
0.0587877
0.0740343
0.397292
0.0206052
0.0215846
0.0757784
0.0251051
0.884836
0.200302
0.0485541
0.723054
0.0214135
0.0208211
0.165262
0.0214084
0.0199551
0.0221079
0.0210459
1.68774
0.0211589
0.0208685
0.0289377
0.0238786
0.0210633
0.0213719
0.0212216
0.0211524
0.021868
0.0347868
0.020344
0.0809394
0.025439
0.718531
0.0236558
0.0212311
0.0241419
0.392264
0.0278454
0.0503325
0.0210115
0.0211767
0.0201694
0.0218283
0.0321893
0.021064
0.0213428
0.0214552
0.0283694
0.021554
0.83161
0.021216
0.0222992
0.0249181
0.030223
0.0234406
0.021153
0.0243067
0.0212352
0.0214623
0.0211738
0.0212488
0.0218577
0.0318862
0.0206155
0.0211317
0.0214697
0.717419
0.0225167
0.0224196
0.0212112
0.0227513
0.0291076
0.0212168
0.0416059
0.869166
0.020927
0.0317045
0.141587
0.0213922
0.0204943
0.0202849
0.0237289
0.0219744
0.0394984
0.02197
0.0220978
0.0741506
0.020357
0.0207637
0.021503
0.0265507
0.0265054
0.0213704
0.0293974
0.0211145
1.50469
0.0240708
0.036386
0.210971
0.0300991
0.0213108
0.0240884
0.0234461
0.0215035
0.0246381
0.0211379
0.0225335
0.0215099
0.021053
0.0208298
0.0210831
0.020992
0.02405
0.0312677
0.0205967
0.0212347
0.0203633
0.284842
0.0393978
0.0214348
0.0202418
0.0209151
0.0876626
0.0521498
0.0211887
0.403236
0.0214489
0.0206148
0.0205605
0.0209535
0.0215026
0.0212616
0.0210756
0.11308
0.0210637
0.0253942
0.0221261
0.0208734
0.600683
0.251612
0.0210828
0.0282719
0.302859
0.0207033
0.0207758
0.0210202
1.11585
1.74459
0.249437
0.784859
0.0216447
0.0322244
0.863864
0.0214971
0.0440401
0.276127
0.0699002
0.0210683
0.0316107
0.0214387
0.0268799
0.406663
0.0213334
0.0271923
0.0212854
0.0237789
0.0251561
0.0850219
0.0241751
0.0203724
0.0208955
0.0201697
0.685109
0.0209731
0.0231356
0.022274
0.239289
0.0211191
0.150322
0.301484
0.847471
0.270838
0.0264053
0.671211
0.0205744
0.0211185
0.0213556
0.0931748
0.0212231
0.0212098
0.022322
0.0203735
0.0212763
0.0218194
0.0226219
0.020809
0.0216707
0.0214481
0.0206814
0.0204367
0.584623
0.0208627
0.0207853
0.0225394
0.252896
0.0217158
0.041687
0.0224525
0.026397
0.240089
0.0245101
0.0209258
0.0212908
0.157398
0.0218318
0.643662
0.0245513
0.0211982
0.0250549
0.0602128
0.021107
0.0205345
0.0205111
0.0211991
0.151806
0.426831
0.0204364
0.0203418
0.0269564
0.0212143
0.0213305
0.042924
0.0448901
0.020618
0.0237487
0.0214468
0.0749138
1.84531
0.0262544
0.0204812
0.0513794
0.0542777
0.0210876
0.0382097
0.021151
0.662103
0.0205541
0.103605
0.021117
0.0562389
0.0235356
0.0211823
0.0250462
0.0248493
0.0214198
0.0256821
0.0257069
0.0210955
0.0234923
0.0212442
0.365137
0.023501
0.0206891
0.0236184
0.0214579
0.0211958
0.239386
0.0253389
0.0244118
0.0209582
0.0211699
0.0205037
0.0212839
0.0209433
0.0210526
0.0212824
0.0209018
0.432932
0.0335347
0.0215922
0.0206961
0.0452814
0.483946
0.0326525
0.0202954
0.0211085
0.024919
0.0211171
0.027121
0.0255295
0.0213809
0.0220779
0.0212133
0.244617
0.252295
0.212594
0.021953
0.120763
0.0250204
0.0209227
0.0209294
0.0201532
0.0453571
0.0211189
0.0199756
0.0206782
0.441322
0.363457
0.0223988
0.0199585
0.0214911
0.029768
0.0210973
0.348458
0.0209147
0.0210452
0.0240135
0.0211015
0.0213137
0.0426516
0.16732
0.0263508
0.0213356
0.0560732
0.0210991
0.0216098
0.0213536
0.360636
0.0211019
0.0211636
0.0212919
0.021488
0.0593712
0.173316
0.0279602
0.0374056
0.0207953
0.0207895
0.0320285
0.0211082
0.0204602
0.0343602
0.0200308
0.0221125
0.020804
0.021256
0.367182
0.0479708
0.0539565
0.0211076
0.0675731
0.0643646
0.0224093
1.76112
0.0219377
0.0211564
0.0206073
0.0202988
0.0204206
0.0221776
0.0225933
0.0213856
0.0256539
0.0210832
0.0210961
0.0233272
0.021054
0.0478579
0.0209399
0.0202597
0.0212401
0.0213836
0.366372
0.0206471
0.021344
0.0387997
0.027149
0.0202878
0.0363372
0.0847439
0.0261991
0.279981
0.0518619
0.0212529
0.0209699
0.0466871
0.021199
0.0482279
0.0357539
0.0213763
0.0214465
0.0208857
0.0206966
0.0210477
0.182042
0.0218306
0.0213355
0.0234887
0.0219393
0.021383
0.0207428
0.254291
0.0244033
0.0203751
0.0212424
0.0215365
0.0233019
0.243502
0.0555115
0.0200602
0.534842
0.0515034
0.105139
0.0199416
0.0206219
0.59287
0.103258
0.0232725
0.0214021
0.0212226
0.0203164
0.0200553
0.020042
0.0207635
0.0217566
0.035732
0.0209176
0.0201549
0.0211288
0.0280297
0.0218987
0.0210436
0.0275106
0.0201802
0.272287
0.0280301
0.0214068
0.566764
0.0950561
0.208622
0.0203596
0.0202975
0.0210877
0.525271
0.0279301
0.0214211
0.0214843
0.0230122
0.0212223
0.0949202
0.021244
0.027493
0.0212936
0.0200408
0.0355381
0.135534
0.0219052
0.0289945
0.0214717
0.0212133
0.257305
1.68436
0.0209477
0.0205576
0.0270705
0.0354906
0.0281179
0.0204536
0.0333569
0.039698
0.0268846
0.0211195
0.0212033
0.0210517
0.0207782
0.0240958
0.0209604
0.0262027
0.0372844
0.0230022
0.0414069
0.0289365
0.0212165
0.0213643
0.0725961
0.936576
0.735411
0.0700366
0.0200461
0.0415083
0.0214765
0.0204185
0.0228247
0.0223072
0.0217079
0.0593072
0.314828
0.524934
0.106678
0.0212708
0.0562757
0.020165
0.0203424
0.0227275
0.0260673
0.258742
0.0229131
0.0267273
0.0274747
0.239126
0.121283
0.021166
0.021492
0.178483
0.102773
0.0208977
0.41934
0.258092
0.0212112
0.0220776
0.0201985
0.0221244
0.0214928
0.0296909
0.406084
0.0213175
0.0201753
0.392638
0.109001
0.220943
0.0293223
0.116217
0.0488888
0.357884
0.160535
0.0219471
0.0210788
0.0497501
0.0211493
0.0214313
0.0204041
0.0208699
0.761634
0.0296464
0.027181
0.254511
0.0234587
0.0270154
0.0212516
0.0279184
0.144735
0.01995
0.0448634
0.509325
0.0478902
0.0214845
0.0231469
0.0225133
0.0200646
0.0205308
0.0673246
0.0241899
0.0211165
0.0324909
0.03023
0.0219294
0.0679972
0.024453
0.0230525
0.242519
0.0205548
1.85899
0.0216346
0.0260869
0.0439185
0.0252714
0.258775
0.0214854
0.0267747
0.0211917
1.81372
0.027279
0.0448669
0.0201798
0.060605
1.70725
2.65611
0.0206465
0.0254201
0.0294723
0.0207882
0.0203779
0.0261073
0.385491
0.0204873
1.47345
0.0230626
0.0213313
0.0212629
0.0228181
0.0261109
0.415359
0.108918
0.0281414
0.0218344
0.021561
1.7599
0.0204544
0.0210634
0.198714
0.659274
0.0222836
0.0208269
0.0212011
0.216387
1.92023
0.0298437
0.0214259
0.0470085
0.0203576
0.032985
0.0213575
0.0204222
0.313758
2.05166
0.0300764
0.0226125
1.79539
0.0337499
0.0239629
0.0213856
1.09979
0.0235821
0.0235177
0.205536
0.0314225
0.651388
0.115775
0.0214314
0.270991
0.0318044
0.0296212
0.0205719
0.0894663
0.030223
0.0211165
2.47514
0.0214699
0.0214198
2.82932
0.0210336
0.0424284
0.0206808
0.0274761
0.0269081
0.0210137
2.32915
0.0434278
0.02026
0.126945
0.0209069
0.0209151
0.811315
0.0684347
0.0450493
0.691055
0.0331088
1.96111
0.021364
2.13615
0.0275471
0.0206639
0.0298197
0.376087
0.0203263
0.0213712
0.0201222
0.0214065
0.0217694
0.0201796
1.83284
0.0242322
1.75257
0.0214758
0.35595
0.0214568
1.61962
0.0208199
0.020703
0.0214172
0.0214451
1.37233
2.35647
0.0204014
0.0218109
0.700817
0.0717821
0.0221934
0.0204878
0.0205716
0.168841
0.434878
0.328623
0.0291444
0.0203568
0.0203593
0.0222592
0.0225689
0.0213692
0.0232021
0.252697
0.0252773
0.938231
0.0218409
0.0203187
0.0261616
2.45908
0.0207675
0.0228745
0.019625
0.0249246
0.0213718
0.022279
0.0214819
0.0226314
0.0213723
0.25401
0.0380036
0.0210914
0.0213762
0.0219478
0.0219759
0.0598323
0.0379348
0.0506021
0.0204556
0.0213793
0.0210879
0.0714553
2.22889
0.0518143
0.0226203
0.0233764
0.64785
3.28954
0.0202115
0.524836
0.0548113
0.0217625
2.11337
0.0213448
0.207358
0.0212004
0.0211008
1.94355
0.384944
0.0213324
0.0535518
0.0634631
0.0201991
2.55031
0.0213564
2.3796
0.366882
0.032731
0.0711302
0.0682607
0.0211904
0.0268378
0.0222555
0.0213946
0.0200283
0.0608207
0.105483
0.0218342
0.0204517
0.0214599
0.0246983
0.0509065
0.0214186
0.256468
0.80569
0.0724227
0.128502
0.0217878
0.0207961
0.020958
0.025051
0.0231925
0.0265536
0.0232863
1.07866
0.0351355
0.0224954
1.91631
1.91634
0.0416455
0.0206518
0.0249139
0.031891
0.222345
1.97496
0.0210403
0.020858
0.363191
0.0204366
0.0358308
0.0206414
0.020662
0.0292853
0.0319067
0.0477147
0.807883
0.0865775
1.59068
0.0434961
0.0663618
0.0452187
0.296718
0.0211163
0.405754
0.422582
0.055388
0.0227722
0.0237403
0.0211022
0.020441
0.0251314
0.0219202
0.024031
0.0379978
1.39613
0.0290324
0.0228753
0.0220801
0.0727939
0.0327668
0.0492217
0.0210313
0.021468
0.087837
0.219181
1.67084
0.0195469
0.0195501
0.021934
0.0486788
0.258594
0.0201608
0.0385791
0.0216942
0.0601438
0.0212324
0.0400474
0.0211004
0.0205593
0.772117
0.0219159
0.0205598
0.0216601
0.0599301
0.024798
0.0227934
0.0207319
0.0223023
0.0431216
0.0271628
0.0207196
0.0804074
0.0298413
0.0239047
0.0533585
0.0302945
0.0207479
0.0342834
0.0275467
0.121282
0.0233675
0.0222509
0.0206102
0.0604795
0.0202418
0.0904784
0.0203006
0.171877
0.0204088
0.030126
0.0202942
0.0242236
0.0200778
0.0281835
0.0229424
0.0211622
0.0236307
0.0204405
0.0213939
0.431861
0.0205575
0.0318645
0.0297757
0.0209919
0.0205727
0.0215063
0.0308714
0.0916117
0.0210728
0.0243459
0.020262
0.0414224
0.0224389
0.0261117
0.0208912
0.0216396
0.0385742
0.0296146
0.0404228
0.0770272
0.0328566
0.0244905
0.0208487
0.0259985
0.239172
0.0204441
0.0209029
0.031007
0.0210579
0.0817449
0.0544536
0.0198794
0.031833
0.0259675
0.0213455
0.0208938
0.0205216
0.676584
0.0207481
0.0215675
0.0224655
0.0223062
0.0203921
0.022859
0.0198657
0.0213347
0.020712
1.94122
2.0459
0.021106
0.0598397
0.115722
0.0254087
0.0633899
0.0215913
0.0278216
0.021695
0.0316354
0.0210319
0.0226006
0.0278488
0.0205735
2.42474
0.713743
0.0203853
0.0212304
2.1056
0.0206455
0.0213198
0.0281465
0.0212146
0.0350272
0.0453536
2.28613
0.0213524
0.0212128
0.0211385
0.0967928
0.0219371
0.0207384
0.0206271
0.0218598
0.0240934
0.0248474
0.0222896
0.020091
0.0309215
1.88272
0.0487636
0.0213675
0.0210232
0.25034
0.0202269
0.0210972
0.815261
2.49094
0.0376029
0.726737
0.0229661
0.0205607
0.0202381
0.033291
0.0203714
0.0314532
0.0230335
0.0259886
0.0211059
0.477545
0.0207458
0.0231508
0.0212166
0.0207271
0.023261
0.0206429
0.0266159
0.0213874
0.0580342
0.0211971
0.0380345
0.0742328
0.0261604
0.401236
0.0307798
2.27535
0.270693
0.0323182
0.0212544
0.300889
0.0205672
0.021356
0.020668
0.247445
0.02155
0.020734
0.0571649
0.0207675
0.244957
0.0206134
0.641808
0.0204534
0.0274989
0.0207369
0.0294266
0.0217768
0.038372
0.0239095
0.267933
0.0228492
0.0228336
0.0210636
0.0210952
2.25134
0.0212798
0.0293758
0.0215181
2.17656
0.020697
0.697387
0.0535819
0.068479
0.0200942
0.0216466
0.0204195
1.63492
0.048132
0.0205878
0.0251432
0.0208399
0.021115
0.0221641
0.0212304
0.0211409
0.0221652
0.427935
0.0284552
2.04949
1.42965
1.90408
0.0211509
0.0203257
0.0270301
0.020809
0.0217175
0.0215398
0.412755
0.971412
0.0212331
0.0254629
0.0210684
0.375544
0.0227304
0.681993
0.0204971
0.0232794
1.57243
0.0210865
0.0207821
0.0975074
0.0204608
0.0207635
0.138174
0.0205294
0.755518
0.153927
0.0714408
0.0217796
0.0486838
0.116774
0.0317224
0.0202952
0.0212175
0.02489
0.0213773
0.0244532
0.250153
0.304509
0.0206455
0.167847
0.0211644
0.0213267
0.0219017
0.0269792
0.0203596
0.416217
0.0255102
0.0713153
0.0224149
0.0204914
0.0214856
0.0238098
0.0210253
0.021869
0.666593
0.0205814
2.75955
0.0296101
0.022499
0.0214716
0.0207193
0.0212445
0.0289944
0.0206618
0.0207816
0.0289666
0.0211309
0.0261465
2.20353
3.31633
0.0265936
0.0204547
0.0206665
0.0213537
0.154682
0.0519721
0.0214796
0.0213405
0.0213716
0.026589
0.0227486
0.0273928
0.0207196
0.0454509
0.0213856
0.0506058
0.0211458
0.0211499
0.0236355
0.0207022
0.0208114
0.0246675
0.0457125
0.0209687
0.0371181
0.309041
0.267478
0.0205727
0.0213701
0.020438
0.0241398
0.020728
0.0229415
0.2727
0.27584
0.0345779
0.0216135
0.0789005
0.0276367
0.0210106
0.417837
0.0211153
0.0779262
0.0207808
0.0209044
0.0238499
0.0209038
0.0202806
0.0214029
0.0206442
0.0243653
0.0214866
0.0206543
0.446924
0.438427
0.304057
0.020464
0.0257994
0.0213895
0.0246987
0.718702
0.478152
0.0212059
0.206894
0.0214641
0.0210344
0.0209965
0.0211649
0.0207471
0.0214544
0.0266262
0.0210532
0.0228778
0.254845
0.0206855
0.0269382
0.0217739
0.538161
0.273465
0.25831
0.0895161
0.0217399
0.439203
0.0213321
0.0282534
0.175858
0.021203
0.257607
0.0204894
0.0205906
0.022965
0.0984995
0.0425162
0.0246917
0.272814
0.0212903
0.421504
0.251902
0.0711876
0.292365
0.0206542
0.256122
0.120995
0.0214508
0.0207191
0.023145
0.0319073
0.0435393
0.0278738
0.0383953
0.0215142
0.0240421
0.0211203
0.0230922
0.0205123
0.0317911
0.0205215
0.0210444
0.132722
0.0318834
0.0209983
0.0205714
0.365941
0.0217462
0.0230466
0.0221741
0.0207806
0.0211348
0.0214376
0.0213952
0.135416
0.0228256
0.0214427
0.0214779
0.0210643
0.0237938
0.0212114
0.259095
0.238321
0.0252716
0.0242168
0.0212425
0.0523978
0.314768
0.0202362
0.0212008
0.241986
0.0218375
0.0354935
0.020926
0.306845
0.0214032
0.0213632
0.0216275
0.021467
0.022422
0.0259
0.0247032
1.73597
0.439335
1.80015
0.111868
0.367069
0.0245212
0.045233
0.0207113
0.0484597
0.0225644
0.0214666
0.029085
0.0213933
0.0214061
0.0203353
0.0222946
0.0207969
0.026569
0.0204822
0.0238008
0.0205158
0.024126
0.0204789
0.0772668
0.021034
0.0208015
0.0201261
0.0286679
0.0213133
0.0224589
0.0214694
0.0276192
0.25538
0.8107
0.0313828
0.0206615
0.025611
0.0210753
0.0211747
0.0271076
0.0220504
0.0207978
0.0212905
0.0303181
0.0203086
0.0205704
0.0209105
0.140656
0.0216693
0.631774
0.0205105
1.7861
0.0203219
0.0208701
0.0200824
0.0207106
0.0208826
0.25989
0.0209722
2.77848
0.0206189
0.0202486
0.257558
0.0227451
0.564475
0.0208295
0.0205925
2.45094
0.457203
0.0459529
0.0210849
0.0235284
0.0206624
0.0204942
2.47098
0.0208157
0.0329956
0.0290421
0.0319243
0.0253271
0.0222337
0.0257747
0.374642
0.0257744
0.127591
0.0208835
0.634064
0.0204746
2.88013
0.0204806
0.259055
0.0893972
0.0792268
0.0234128
0.0206724
0.021463
0.0677623
0.0205646
0.0580556
0.0199383
2.64146
3.30317
0.0855341
0.0425367
0.023837
0.0196396
0.0213763
0.0205045
0.0581684
0.0205873
0.0424942
0.0376303
0.310323
0.159416
0.0225923
0.0211713
0.0203362
0.0516216
3.47729
0.0222884
0.023521
0.0888914
0.0216043
0.0208595
0.0244861
0.0210501
0.0206608
0.772887
0.0231584
0.020646
0.0625758
0.0212792
0.0208176
0.0375264
0.0311428
0.0273696
0.089803
0.0471529
0.87914
0.715825
0.0213874
0.0210754
1.92769
0.0195775
0.02108
0.0216419
0.0209736
0.0207572
0.0229627
0.0221341
0.0400343
0.0350019
0.0238797
0.249923
0.0211871
0.0466157
1.5762
0.0210538
0.0624812
0.0284828
0.021022
0.0819478
0.067878
0.0205805
0.0311507
0.0266139
0.0213184
0.0203001
0.0795068
0.0213238
0.0239007
0.0199012
0.019877
0.030185
0.0219017
0.0244585
0.0221751
0.0214744
0.0203572
0.0207521
0.0686269
0.0225538
0.0210848
0.0212316
0.0212177
0.0210217
0.0213219
0.0311457
0.0210422
0.0297466
1.81541
0.523724
0.385202
0.0306769
0.0435017
0.0208638
0.0236891
0.0414888
0.0268545
0.0215015
2.85313
0.0209684
0.0221124
0.0208958
0.205831
0.0198731
0.0210514
0.0211923
0.0214761
0.0307469
0.0212309
0.794138
0.0210432
0.0214439
0.0207752
0.0213579
0.0205066
0.0213931
0.0227887
0.0483717
0.0211526
0.0213151
0.0287944
0.0219042
0.0378058
0.0207317
0.019994
0.162844
0.0256249
0.0213217
0.0234997
0.0205304
0.0653674
0.446813
0.0214892
0.023961
0.0224604
0.0212193
0.0205966
0.0258935
0.0259342
2.2745
0.464446
0.0195368
0.0279254
0.022136
0.0225643
2.37862
0.0206923
2.33108
0.0313568
0.0219735
0.0231806
0.0205355
0.021074
0.0202971
1.65587
0.0210428
2.73783
0.0213479
0.0208608
0.0234541
0.211817
0.173718
0.0208907
0.0294167
1.72684
0.695407
0.0240794
0.0206606
0.0233318
0.0198728
0.416507
0.021846
0.0224003
0.021174
0.0224023
0.0207957
0.0913637
0.021042
0.0280685
0.779854
0.0207013
0.0213094
0.0198733
0.0242744
0.0217431
0.0205414
0.0285163
0.0214088
0.0206186
0.0211943
0.0359694
0.0348782
0.0205159
0.0198785
0.022243
0.0914673
0.0207163
0.621504
0.0834244
0.42927
0.094546
0.0206643
0.0212993
0.035652
0.0213998
0.0257818
0.0221608
0.0244511
0.226271
0.0209108
0.0208964
0.0215096
0.278595
0.0764861
0.0211922
0.045837
0.195306
0.0233188
0.0211801
0.0296861
0.0206693
0.0212072
0.0268022
0.0217939
0.0213411
0.0573406
0.0214265
0.0365754
0.0261924
0.0212815
0.0268936
0.0410171
0.0436202
0.0209783
0.0233117
0.0205958
1.7767
0.0224138
0.247918
0.662701
0.0217362
0.0215963
0.0237954
0.0534781
0.0380049
0.0225445
0.0222977
0.0210688
0.0377107
0.285859
0.0220006
0.0198642
0.250333
0.241919
3.12364
0.0211973
0.398152
0.0365972
0.0211956
1.94402
0.022235
0.268695
0.02094
1.57058
0.0199592
0.0212242
0.0210754
0.0214013
0.252465
0.0206131
0.410293
0.148177
0.0207619
0.0209114
0.0253438
0.0223818
0.0211457
0.0206248
0.0212657
0.0224605
0.118898
0.0206285
0.0344878
0.0202564
0.02051
0.0209237
0.0322214
0.0244427
0.0225993
0.0211566
0.0210607
0.0205506
0.102868
0.0214094
0.0199393
0.0393447
0.0210081
0.0483476
0.0209449
0.0211808
0.0212719
0.0197271
0.0268731
0.0196995
0.0243925
0.0245843
0.0205386
0.0322106
0.0225117
0.0229869
0.0214603
0.107534
0.0306104
0.0278755
0.0708684
0.021425
0.283415
0.0228383
0.0205475
0.024251
0.0309202
0.815083
0.0336061
0.0203762
0.0331696
0.0993059
0.0293152
0.808731
0.0203579
0.0201443
0.0212953
0.0221113
0.0205988
0.0205986
0.0283692
0.0669145
0.022572
0.0214209
0.0225805
0.0214724
0.0228465
0.0219823
0.0427748
0.0213589
0.0219528
0.0195586
0.127152
0.822009
0.517619
0.420259
0.0211726
0.021236
0.0209425
0.020188
0.0213102
0.672052
0.0260592
0.020662
0.0203557
0.0208596
0.0346748
0.0239862
0.0258865
0.0245237
0.0213455
0.0218143
0.0493601
0.293756
0.0748166
0.0200406
0.195337
0.0212015
0.020863
0.0303293
0.0216634
0.0204414
0.0216659
0.124938
0.0211874
0.0226189
0.917988
0.0283549
0.0851406
0.0275447
0.0212824
0.439149
0.02066
0.767129
0.0309493
0.0689413
0.0214665
0.0210726
0.0276306
0.0206327
0.0246752
0.020245
0.0216224
0.0213198
0.0859741
0.0268959
0.454936
0.0250271
0.268683
0.0183588
0.247179
1.8192
1.93054
0.0208723
0.0229971
0.0206477
0.0205368
1.17445
0.0219299
0.0224437
0.0300606
0.256343
0.0742962
0.0205077
0.0205968
0.0220048
0.0268575
0.0238135
0.0240347
0.0306768
0.0202041
0.0209236
0.042371
0.0276782
0.0210324
0.0206738
0.0209391
0.0201565
0.121858
0.270122
0.0214253
0.0211251
0.0219202
0.020541
0.0257693
0.0202948
0.0235085
0.0223494
0.466305
0.020986
0.0210158
0.0212933
0.534743
0.0455349
0.0206455
0.0297919
0.38129
0.0245919
0.0210758
0.0211413
0.0213251
0.039925
0.274948
0.0255608
0.273831
0.0231518
0.0198684
0.0206463
0.120503
0.021325
0.0402678
0.0970006
0.0212556
0.0217348
0.0219003
0.0196941
0.0437061
0.0213221
0.0303863
0.0227316
0.331513
0.0785367
0.0218424
0.0212431
0.0213321
1.9096
2.19812
0.0231946
0.0219062
0.112783
0.0204083
0.0264581
0.0219513
0.0210012
0.107173
0.0195788
0.177336
0.0490269
0.0231809
0.0276931
0.0245999
0.0214785
0.0209809
0.423642
0.916073
0.0271953
0.0220692
0.0212753
2.72422
0.726976
0.0204747
3.4769
0.951102
0.0206402
0.0219549
0.0204174
0.0211429
0.0226403
0.314479
1.64387
0.0224165
0.0213526
0.0218465
0.0210163
0.0204112
0.701248
0.0229508
0.0202507
0.0224287
0.0207878
0.0220199
0.0223599
0.0215774
0.0244058
0.021404
0.0208994
0.0249671
0.0208765
0.0211531
1.80401
0.021903
0.0300713
0.020976
0.021242
0.020333
0.027855
0.0227035
0.291526
0.0635267
1.89782
0.0214045
0.0212156
0.0689788
0.0242164
0.020323
0.0223794
0.022458
0.0278548
0.0208849
0.0205523
0.0212587
0.0212882
0.0213079
0.0213392
0.0204496
0.0291766
0.0278388
0.0218472
0.309774
0.0310257
0.0230962
0.250124
0.253971
0.0211608
0.0206877
0.233814
0.251694
0.0402647
0.0249212
0.0214601
0.0215839
0.0212441
0.020938
0.0209924
0.19288
0.0216203
0.0857642
0.0258147
0.0249109
0.237822
0.0388136
0.695939
0.0219739
0.0484715
0.078091
0.0212214
0.0350308
0.299972
0.0195906
0.295721
0.316696
0.0212468
0.0204987
0.0217564
0.0213662
0.0219652
0.0204545
0.0212943
0.0269626
0.333719
0.637838
0.0211694
0.0204356
0.0243961
0.0215658
0.257116
0.0775331
0.196625
0.0204754
0.0212204
0.0244616
0.0208756
0.0289653
0.0205021
0.020577
0.0291273
0.107268
0.0212906
0.0213142
0.413172
0.109946
0.0209673
0.0244208
0.705248
0.240198
0.0211984
0.0230067
0.0434134
0.0523782
0.0223249
0.0842549
0.0218343
0.0202738
0.0305617
0.0205592
0.127002
2.06289
0.0244686
0.0759945
0.0207594
0.0223944
0.0212971
0.0216372
0.237779
0.0792175
0.0279208
0.0213208
0.0209924
2.28405
0.0831852
0.0205715
0.0261741
0.0215945
0.0214937
0.0213082
0.0355048
0.0427038
0.0211611
0.0216987
0.0206614
0.0997152
0.0213262
0.02297
0.0306661
0.0245152
0.0214727
0.0196566
0.0220364
0.0214342
0.0287958
0.246575
0.0205746
0.0410444
0.0205859
0.0402661
0.0221355
0.0211542
0.212446
1.15045
0.0217824
0.257549
0.0215497
0.0323552
0.0212708
0.0218346
0.0217377
0.019561
0.0215776
0.021433
0.0213405
0.0209611
0.0205688
0.0205879
0.0210444
0.148512
0.0216789
0.0238526
0.0213487
0.0225649
0.0200685
0.0212456
0.0212915
0.0212749
0.14295
0.425415
0.0210785
0.255398
0.0224286
0.0533593
0.0409077
0.0210448
0.67462
0.860446
0.0214214
0.0213209
0.0215419
0.0223683
0.0277188
0.393523
0.0214344
0.020602
0.0213013
0.0924885
0.021748
0.105142
0.0226771
0.0222764
0.0359966
0.0214617
0.0205103
0.0223392
0.0208743
0.0244269
0.396584
0.028297
0.0209886
0.0213126
0.0633943
0.0261609
0.719457
0.0208387
0.0214608
0.0926487
0.0195721
0.0205505
0.101335
0.020534
0.0263891
0.0213963
0.0211648
1.90192
0.0208609
0.0206067
0.0231198
0.0203699
0.0221582
0.0339843
0.0204406
0.0634286
0.0211493
0.0196108
0.0225581
0.0228063
0.0254005
0.0521853
0.0613627
0.0214946
0.0408931
0.279493
0.180977
2.22028
0.0215385
2.43152
0.0214197
0.0212961
0.0250024
0.72471
0.0217253
0.0229673
0.0247061
0.063536
0.0220514
0.0216284
0.0235587
0.0235878
0.0219376
0.0226414
0.0481907
0.0379875
0.0256594
0.0228335
0.0219371
0.0212979
2.78105
0.0214249
1.91969
0.0211884
0.129141
0.0233246
0.0594115
0.259449
0.0733335
0.0216862
0.0236583
0.0228123
2.63649
0.216943
0.257476
2.78391
0.0209171
0.0387762
0.0204584
0.0243778
0.0212142
0.0773951
0.0211775
0.0290349
0.0213449
0.0209862
0.0215525
0.021678
0.0211813
0.128968
0.0210425
0.0211727
0.0211659
0.225023
0.296109
0.0202742
0.0204015
0.358613
0.0836139
0.0212654
0.0292494
0.0272781
0.642841
0.0213043
0.0223211
0.0210247
0.02143
0.0215123
0.0233616
0.0239482
0.0295754
0.0506377
0.0223778
0.0214377
0.0541442
0.0233286
0.0207397
0.023828
0.0454801
0.021178
0.0708148
0.0224704
0.0799425
0.0212988
0.0214492
0.0203324
0.0217567
0.0215111
0.0214216
0.040117
0.0207361
0.0213016
0.0220941
0.175081
0.0213372
0.0213953
0.0293778
0.0286488
0.022979
0.021415
0.261255
0.0224401
0.0213436
0.698216
0.0215341
0.0212467
0.0315979
0.0217812
0.20304
0.0209912
0.0215575
0.0698355
0.0220351
0.0212803
0.0234377
0.0218719
0.0210139
0.0212588
0.2685
0.0211858
0.0219902
0.0207257
0.262178
0.022973
0.0206261
0.0209354
0.0307959
0.0237145
0.0207128
0.0210119
0.0211992
0.0210047
0.0207744
0.854587
0.0212681
0.0206876
0.28098
2.10251
0.0208512
0.0231941
0.0210762
0.255739
2.60105
2.53948
0.0207598
0.0210953
0.0212974
0.0211492
0.255174
0.0232686
0.0209419
0.0215373
0.0219174
0.0214539
0.0217392
0.221809
0.0462447
0.0213149
0.0212905
0.0211519
0.0214122
0.0205462
0.0224621
0.307353
0.0207203
0.201891
0.0198831
0.0226115
0.021561
0.0212983
0.0223288
2.29006
0.0213738
0.0220451
0.0196418
0.0215768
0.120768
0.26771
0.0298397
0.0211945
0.276172
0.771981
0.0220638
0.0995772
0.0208763
0.298744
0.0232737
0.0244016
0.0219412
0.0209523
0.0258766
0.019568
0.0233079
0.0372558
0.730849
0.0209868
0.0505642
0.0212685
0.0493339
0.0243108
0.0205251
0.450643
1.69826
0.0543739
0.0527053
0.0337198
0.021259
2.0175
0.0214192
0.0220776
0.0213686
0.0226288
0.0213397
0.0368276
0.0199028
0.0226352
0.0212415
0.0219812
0.892471
0.0221639
0.0226551
0.626638
0.0212526
0.0604343
0.82811
0.0216258
0.0226337
0.0360437
0.0228128
0.0226323
0.0754757
0.022173
0.0227786
1.28333
0.0268142
0.0215391
0.552243
0.0211278
2.51177
0.0222989
0.247203
0.129041
0.0212034
0.17432
0.0211296
0.0219208
0.0215211
0.0195729
0.029006
0.0212829
0.0218908
0.0204794
0.0198431
0.019746
0.270357
0.763103
0.0228394
0.0218026
0.0211783
0.0218568
0.0197098
0.724666
0.0212951
2.50987
0.259383
0.0220526
0.0213294
0.0221844
0.157257
0.0218121
0.0222056
0.021292
0.0213541
0.0232659
0.0430693
0.0207751
0.0229497
0.0224235
0.021432
0.0212542
0.070585
0.0333655
0.259198
0.0215437
0.0716335
0.032859
0.0220343
0.0390389
0.0224032
0.0583459
0.0373679
0.159074
0.0224563
0.0435062
0.0214
0.0213804
0.0212252
0.0216907
0.0212896
0.0212543
0.0217754
1.79364
2.94419
0.504266
0.0228602
0.0215433
0.022549
0.0213105
0.0217266
0.0225813
0.0205538
0.0221197
0.022274
0.0205685
0.0518015
0.0214768
0.0333814
0.021934
0.0206531
0.0228606
0.0205
2.0104
0.290834
0.0222859
0.497131
0.0201367
0.16443
0.0215613
0.0225937
0.0217459
0.0212753
0.0283329
0.0217862
0.051005
0.0218276
0.0212822
0.124593
0.021396
0.024792
0.292348
0.61497
0.0221879
0.0259818
0.0205645
0.068973
0.0577673
0.0213887
0.0389354
0.0214027
0.0218759
0.302612
0.0212271
0.0805772
0.0217824
0.258426
0.0214965
0.265805
0.0195925
0.0220716
0.395684
0.0220673
0.0495621
0.0287395
0.0379769
0.0281436
0.520243
0.0356407
0.0197794
0.0214595
0.0215719
0.0212298
0.0214527
0.0204675
0.132317
0.0209487
0.0210115
0.0253227
0.0218186
0.020926
0.111653
0.0202591
0.022174
0.0209189
0.0217251
0.517775
0.0226069
0.0232168
2.1406
0.0569025
0.0197886
0.0219203
0.0209966
0.0339697
0.0221253
0.079793
0.0222898
0.0237198
0.0221786
0.300226
0.0230629
0.021326
0.0421519
0.0238939
0.0418215
0.0214652
0.0220889
0.0215778
0.0269562
0.130994
0.0371487
0.0219045
0.0350762
0.0209947
0.020448
0.0217431
0.0213388
0.0204528
0.0236311
0.0227951
0.0438121
2.03514
0.0216117
0.256841
0.0754399
0.0215072
0.0212907
0.0219714
0.063666
0.029149
0.0306829
0.094578
0.0407803
0.0250557
0.517705
0.0216695
0.0223859
0.0221223
0.0212873
0.488096
0.0222059
2.04925
0.0309202
0.0238077
0.0707679
0.0504421
0.0225647
1.57206
0.0217203
0.021455
0.0214081
0.0559004
0.0215086
0.0216825
0.0212479
0.0235889
0.0215416
0.0560708
0.02058
0.256488
0.0293073
0.0307517
0.0227783
0.636259
0.0218098
0.430339
0.0214317
0.021655
2.35693
0.0223205
0.0199733
0.751715
0.022676
0.0370282
0.0221169
0.0215193
0.124069
3.46357
0.0213747
0.55725
0.0196279
0.0227912
0.0218355
0.706471
0.0464511
0.0219053
0.0217061
0.0226328
0.209359
0.0213394
0.0221346
0.0232873
0.0405202
0.0212511
0.0212727
0.0217533
0.236096
0.0214062
0.0212828
0.0197175
0.0214173
0.021267
0.801138
0.0218288
0.0344291
0.0210216
0.0476347
0.308561
0.0220284
0.0495385
0.0211213
0.02141
0.0208105
0.0213409
0.0229085
0.0220311
0.0218856
0.307851
0.0792704
0.0211959
0.531677
0.020911
0.0763951
0.0269648
0.0222586
1.09988
0.0214836
0.0215931
0.0217989
0.0204266
0.0351283
2.37957
0.0232015
2.10805
0.121613
0.830697
0.021397
0.021958
0.0265658
0.83336
0.291658
0.0219685
0.0230633
0.0223286
0.0220434
0.208686
0.0332609
0.0196704
0.0218423
0.0217092
0.0210607
0.0320493
2.2753
0.0221774
0.0214474
0.0210235
0.0213102
0.290769
0.804702
0.0205195
0.0366639
1.82364
0.0202428
0.0216454
0.0236427
0.0215334
0.0267228
0.0214196
0.0406057
0.068587
0.0224952
0.021638
0.0224877
0.304713
0.0227854
0.0219777
0.103858
2.00926
0.276782
0.0216588
0.0204947
0.80258
0.0211189
0.0208218
0.254583
3.25646
0.0220385
0.0229764
0.0214103
0.0215061
0.490852
0.0204628
0.0237994
0.0204481
0.0210876
0.116886
0.0219333
1.52875
0.236016
0.0213648
0.0666895
0.0232335
0.267532
0.0214823
0.0223789
0.0217416
0.0202851
0.0212823
0.0519359
0.0623383
0.502633
0.0226529
0.0214777
0.0228614
0.021322
0.230006
0.278658
0.0215543
0.500286
0.294167
0.509614
0.296846
0.0224905
0.0217131
0.0213299
0.0939916
0.0400638
0.10937
0.614069
0.021353
0.291975
0.893826
0.0209997
0.0211544
0.0210052
0.0214526
0.275427
0.863009
0.0210312
0.0211715
0.215186
0.0212677
0.0492246
0.0214362
0.0210466
0.0202978
0.019795
0.500596
0.019628
0.0223979
2.13304
0.0213075
0.648636
0.0205018
0.0213925
0.021577
2.2966
0.0236192
0.0210589
0.0856167
0.0243695
0.0203835
0.841288
0.0210046
2.28851
0.0229372
0.25584
0.0549931
0.0809843
1.75072
0.0210319
0.0246949
0.263629
0.0223774
0.022554
0.077944
0.313396
0.262064
0.0209021
0.0841737
0.0318761
0.0210495
0.0350372
0.0214583
0.0243371
0.0209386
0.472994
0.0381558
0.318883
0.0598837
0.0216565
0.8442
0.252689
0.0217004
0.0199391
0.0363616
0.02251
0.248202
0.0220074
0.0666905
0.0714417
0.0211921
0.0223549
0.032194
0.0218134
0.0319877
0.0239196
0.0217442
2.34255
0.0216276
0.0228022
0.0276578
0.0212886
0.273386
0.0237579
0.381042
0.0213295
0.263114
0.0211686
0.0221346
0.0253783
0.0213106
0.0213901
0.0514468
0.0290963
0.0325034
0.0252822
0.0210007
0.0213879
0.0210619
0.0213981
0.0226928
0.0214158
0.714414
0.0324724
0.0224355
0.0202459
3.16029
0.0219602
0.0206469
0.0208283
0.0826544
0.0233241
0.0331844
0.0225476
0.0212711
0.0213086
0.294944
0.0214835
0.0267678
0.0213042
0.0201143
0.0236213
0.100389
0.0243937
0.0213364
0.0831832
0.0223391
0.0212966
0.0215534
0.0214974
0.285728
0.29213
0.0313279
0.0221964
0.0208062
0.291538
0.0680419
0.0223168
0.236604
0.0212422
0.234362
0.336225
0.020396
0.0221557
0.0208436
0.0213775
0.0210021
2.36541
0.0220318
0.0216351
0.0216222
0.0209372
0.0216294
1.21292
0.0218904
0.0906974
0.515207
0.59464
0.0222027
0.0209482
0.0210073
0.0213953
0.0589721
0.0405362
0.0222094
0.0218161
0.0217746
0.0217066
0.0213599
0.0266644
0.0213519
1.60765
0.0210872
0.0278922
0.0215443
0.0219264
0.0223518
0.0228659
0.0213392
0.163887
0.286097
0.0213398
0.022342
0.0213446
0.0209076
0.105469
0.0214495
0.0210324
2.54955
0.814245
2.89643
0.0215739
3.17436
0.0213955
0.0213714
0.0221978
0.298361
0.15955
0.0221803
0.186931
0.0220496
0.0224641
0.0380267
2.77762
0.021543
0.0219889
1.97021
0.0212963
0.0216826
0.701863
3.23369
2.08981
0.0216949
0.0212279
0.0212154
0.0672786
0.072609
0.0214108
0.0220877
0.0226855
0.02148
0.0215769
0.0213654
0.0229228
0.042779
0.0414956
0.0213095
2.28267
0.0209731
0.0781699
0.0249451
0.021319
0.0336732
3.44246
0.0607467
0.0215478
0.0221313
0.0270226
0.0212566
0.0227511
0.0209424
0.0367863
0.0364902
0.0215886
0.281743
0.0228163
0.0214395
0.0534941
0.0214511
0.256413
0.0214639
0.0218517
0.0821118
0.0332716
0.0253216
0.0215431
0.0230375
0.239179
0.249476
0.0215103
2.79363
0.0334569
0.0225141
3.11747
0.0217051
0.0235249
0.0214725
0.0249508
0.0316864
0.0213081
0.0218462
0.0214199
)
;

boundaryField
{
    frontback
    {
        type            empty;
    }
    topbottom
    {
        type            fixedValue;
        value           uniform 0.0223;
    }
    outlet
    {
        type            zeroGradient;
    }
    inlet
    {
        type            fixedValue;
        value           nonuniform List<scalar> 0();
    }
    walls
    {
        blending        binomial2;
        n               2;
        beta1           0.075;
        type            omegaWallFunction;
        value           nonuniform List<scalar> 0();
    }
    procBoundary3to1
    {
        type            processor;
        value           nonuniform List<scalar> 
147
(
1.62335
0.945393
0.790646
0.238206
0.367687
2.15254
2.03133
0.53523
0.413894
2.03978
0.375826
2.2265
0.288424
0.36585
0.319847
0.15033
0.822497
1.50476
0.301958
0.785334
0.0925562
2.01818
1.50556
0.447859
1.81097
0.538216
0.164995
0.660471
0.795754
0.278901
2.21444
2.21444
0.242713
2.19092
0.680361
0.246547
0.426579
1.82126
0.154773
0.910816
0.310452
0.320303
0.288023
1.47061
0.242711
0.963285
0.320303
1.45436
0.288747
0.189203
0.325072
0.237098
0.366576
0.220303
0.273912
0.324805
0.274877
0.275093
0.303222
0.202865
0.257013
0.262605
0.271344
0.248322
0.324486
0.216925
0.322815
0.2106
0.246418
0.30493
0.263153
0.273084
0.311976
0.352015
0.267776
0.36201
0.252924
0.248978
0.438879
0.329191
0.205411
0.304787
0.184524
0.43784
0.42539
0.252632
0.231029
0.298383
0.436726
0.534802
0.333202
0.375826
0.42539
0.192
0.437973
0.549854
0.34686
0.152738
0.422797
0.527358
0.543005
0.279409
0.491727
0.472637
0.310524
0.127575
0.116138
0.497048
0.369382
0.116138
0.349423
0.303878
0.71739
0.286142
0.365826
0.679848
0.708374
2.03359
0.657688
0.708374
0.117213
0.3655
0.691956
0.144876
0.187066
0.573279
0.159654
0.611616
0.364191
1.55763
2.03359
1.81116
2.04306
1.45711
0.206142
1.96034
2.10531
2.4391
0.364952
1.72758
0.961701
1.59315
1.72758
0.253752
0.261558
2.1581
0.324486
)
;
    }
    procBoundary3to2
    {
        type            processor;
        value           nonuniform List<scalar> 
73
(
0.0224321
0.0223415
0.0214607
0.0214362
0.0346865
0.0326403
0.0234288
0.0620097
0.0456368
0.137016
0.022194
0.0220859
0.133592
0.0218009
0.022194
0.0293742
0.0308803
0.0326403
0.0215429
0.0248346
0.0254534
0.0214038
0.0220822
0.0219728
0.0236586
0.103512
0.0858106
0.0218801
0.0214468
0.0230873
0.0514686
0.0262338
0.0214284
0.0217344
0.021521
0.0308803
0.02433
0.0228343
0.0220859
0.0216752
0.181735
0.181735
0.0281421
0.0214079
0.0214962
0.0214013
0.0414144
0.0214201
0.02159
0.0739627
0.133592
0.0216271
0.0392001
0.021404
3.13449
1.12366
0.0225899
0.0238634
1.12366
3.13449
0.021475
0.0214134
0.0577176
0.0358942
0.0271345
3.61777
3.52959
0.0739627
0.0214372
0.02149
2.8877
3.21471
0.0215579
)
;
    }
}


// ************************************************************************* //
