/*--------------------------------*- C++ -*----------------------------------*\
| =========                 |                                                 |
| \\      /  F ield         | OpenFOAM: The Open Source CFD Toolbox           |
|  \\    /   O peration     | Version:  v2012                                 |
|   \\  /    A nd           | Website:  www.openfoam.com                      |
|    \\/     M anipulation  |                                                 |
\*---------------------------------------------------------------------------*/
FoamFile
{
    version     2.0;
    format      ascii;
    class       volScalarField;
    location    "200";
    object      omega;
}
// * * * * * * * * * * * * * * * * * * * * * * * * * * * * * * * * * * * * * //

dimensions      [0 0 -1 0 0 0 0];


internalField   nonuniform List<scalar> 
9793
(
0.0734559
0.25614
0.0729909
0.0210195
1.57445
0.0228291
0.0220457
0.0208046
0.0216556
1.6773
0.0484114
0.335437
0.0210724
0.021079
0.0231244
0.0208732
0.0218962
0.0225335
0.337364
0.0210739
0.0596567
0.0239149
0.282172
0.0195988
0.0221771
0.0211843
0.0211395
0.0209852
0.0423295
0.0216459
0.0340519
0.264504
0.213339
0.0220563
0.0470342
0.0748502
0.0226725
0.0238738
0.0209051
0.0211343
0.0338028
0.0231497
0.0222768
0.0221632
0.0222949
0.021395
0.045255
0.272994
0.718977
0.0209894
0.0481459
0.0535449
0.0231505
0.0217301
1.56359
0.0659824
0.021451
0.0773505
0.296774
0.0208857
0.0218413
0.0232073
0.520501
0.0219648
1.58865
0.23884
0.508882
0.686885
0.259567
0.0482828
1.65106
0.020821
0.0211444
0.249846
0.0527365
0.242352
0.0214467
0.0205072
0.0217816
0.0211433
0.242484
0.0218293
0.256387
0.245851
0.0305382
0.279316
0.0213755
0.0214447
0.0226331
0.0221342
0.257384
2.01499
0.0204885
0.289658
0.0229012
0.229178
0.0854981
0.257569
0.0204339
0.0202763
0.0202591
0.0217953
0.0204696
0.0204479
0.0204232
0.0302971
0.0224651
0.0218985
0.0228049
0.248575
0.0209913
0.0606012
0.0214261
0.105861
0.0533452
0.0214564
0.27775
0.0512048
0.0221759
0.28091
0.243579
0.0224471
0.0213531
0.0231198
0.0221852
0.0607004
0.0344919
0.280204
0.0225549
0.0211699
0.0213688
0.0214548
0.0211703
0.0220359
0.0216047
0.021445
0.0223314
0.0219761
0.0214174
0.0200001
0.0213409
0.0220482
0.0212387
0.0203015
0.0213388
0.0220143
0.239081
0.0203101
0.0204327
2.0447
1.80241
0.021359
1.82116
1.78391
0.020402
0.0219137
0.0207431
0.0219386
0.0202698
0.0211839
0.020807
0.0209817
0.0205521
0.150506
0.250676
0.063958
0.27285
0.0275345
0.0209507
0.0212734
0.021235
0.376685
0.251374
0.322838
0.0220859
0.195789
0.0214542
0.0195922
0.0211895
0.027924
3.2333
0.0226033
0.020287
0.0220638
0.127382
0.0211286
0.0977844
0.0211827
0.0213276
0.0205626
0.0220943
0.0213374
0.726037
0.0598834
0.684491
0.0275882
0.183724
0.0211352
1.77878
0.0200795
0.0215973
0.107287
0.0838699
0.0211765
0.021458
0.0201821
0.0694299
0.0203779
0.0273135
0.022975
0.0317741
0.694589
0.740615
0.0217693
0.33895
0.0206311
0.0214469
0.140015
0.0201543
0.808855
0.0692333
0.0213893
0.0221942
0.0213393
0.270818
0.119342
0.0228671
0.0203953
0.0679511
0.0425958
0.0196383
0.0195988
0.0226616
0.0202398
0.0389321
0.797187
0.0213987
0.0211452
0.0832325
0.0215239
0.0271313
0.0210007
0.0211039
0.221903
0.0211035
0.0204146
0.0207886
0.0219208
0.0204505
0.0218845
0.0219043
0.0248576
0.0508414
0.0367478
0.0210503
0.0247085
0.0212046
0.0252231
0.0229237
0.0203073
0.222923
0.0211218
0.0507874
0.0217387
0.0280193
0.0198065
0.0197688
0.031741
0.105381
0.0221673
0.0203258
0.0201242
0.0284548
0.0214106
0.256828
0.256231
0.0211799
0.0635403
0.0213791
0.0366378
0.0218281
0.0196767
0.0223459
0.0210021
0.0344193
0.021385
0.0218915
0.0266921
0.0211379
0.0214488
0.0214068
0.255609
0.0223191
0.0227919
0.0214325
0.0220118
0.0224345
0.027314
0.0212543
0.258456
0.020419
0.465797
0.329209
0.0223421
0.0221316
0.020315
0.0292774
0.0257107
0.0217217
0.456826
0.0217749
0.0203021
0.0259192
0.0220577
0.0216336
0.0217192
0.275459
0.021154
0.0274174
0.0230458
0.0210405
0.250631
0.257256
0.242664
0.019966
3.28952
0.0226057
0.378149
0.0606544
0.0202733
0.0234052
0.0588271
0.0215798
0.0255306
0.0561515
0.0207591
0.0221427
0.0215679
0.0211857
0.0210563
0.0969665
0.0211831
0.0210197
0.227891
0.0215673
0.0208482
0.019943
0.0229062
0.0207769
0.241998
0.0223036
0.0214117
0.0217974
0.0217614
0.439162
0.0216915
0.0331089
0.019604
0.0353981
2.04603
0.103443
0.0369852
0.0227768
0.0226957
0.380766
0.0218871
0.230978
0.021527
0.0202948
0.345361
0.0252558
0.531575
0.0214156
0.0410935
0.0748949
0.0232766
0.0211069
0.235646
0.0260254
0.245092
0.0247466
0.0216488
0.320281
0.0212846
0.0228134
0.0219416
0.0214131
0.0211628
0.0216915
0.0242434
0.441893
0.0219287
2.00275
0.309698
0.327813
0.0427279
0.21421
0.0210559
0.0215654
1.90224
0.29591
0.0210503
0.0220113
0.128353
0.0201201
0.105963
0.0211667
0.024289
0.0200899
0.0335323
0.0211748
0.0265664
0.0654514
0.020395
0.252735
0.0255598
0.0224433
0.0256391
0.0213517
0.022261
0.0220306
0.0829737
0.0213533
0.0216669
0.0557622
0.0216174
0.0228756
0.0226125
0.0204642
0.0288072
0.0212003
0.0216756
0.0200158
0.0513675
0.0217052
0.0644871
0.0213126
0.709463
0.0231989
0.0214199
0.0225467
0.0219319
0.185507
0.0211031
2.11178
0.0206783
0.0212518
0.0228103
0.126926
0.0355937
2.07326
0.705949
0.023149
0.0212722
0.0371069
0.0286935
0.0326907
0.256514
0.447488
0.0216626
0.0239547
0.0414972
0.0213619
0.0221237
0.0213384
0.0204593
0.0222361
0.0895447
0.0267056
0.212145
0.0204877
0.0297479
0.0195734
0.0218781
0.0215687
0.0218606
0.0373038
0.0214189
0.0232714
0.0201105
0.0214403
0.0233751
0.246801
0.0212608
0.0212698
0.295021
0.024037
0.0223102
0.435393
0.714486
0.021698
0.0221453
0.023015
0.0234195
0.0217007
0.0225551
0.0221917
0.0212289
0.0212316
0.0210671
0.209209
0.055823
0.0207567
0.149625
0.0356997
0.0203459
0.0223588
0.0218481
0.0591375
0.0218147
0.474065
0.0203258
0.0211131
0.0467322
0.0213157
0.0321298
0.366445
0.0282747
0.0203331
2.00523
0.0238623
0.0205579
0.0212818
0.0454024
0.0209686
0.020544
0.0212766
0.0209582
0.234157
0.038743
0.0346858
0.0225682
0.0212384
0.0210895
0.0215595
0.0209064
0.0212929
0.0507124
0.106477
0.0201549
0.0232987
2.12461
0.0213818
0.253046
0.0342941
0.020789
0.0513039
0.236465
0.0214041
0.138224
0.0196926
0.0932677
0.0262699
0.416743
0.0211221
0.021085
0.0218959
0.26271
0.0228276
0.388217
0.231878
1.69353
0.0328805
0.606227
0.0326389
0.0231527
0.0294764
0.0230192
0.223239
0.021684
0.690424
0.0199843
0.281053
0.0221725
0.0221671
0.0210633
0.132572
0.0200534
0.0208893
0.0226949
0.023383
0.0272714
0.0211567
0.0212766
0.0213544
0.0213276
0.479705
0.0209854
0.442112
0.108924
0.0209977
0.0219927
0.0304907
0.0220143
0.021331
0.021965
0.0233165
0.0262499
0.0224843
0.0233827
0.0205027
0.0220854
0.0225336
0.0254436
0.0219634
0.0230851
0.72843
0.0213709
0.0894511
0.0254622
0.0221678
0.0212879
0.020733
0.0228095
0.0232571
0.0210936
0.0211814
0.0195464
0.0211194
0.0211567
0.0211808
0.0243003
0.0198847
0.0221685
0.0222433
0.0216496
0.0239775
0.0225598
0.030394
0.0225205
0.0210326
0.0212983
0.0205392
0.0201105
0.0210769
0.0201785
0.0210015
0.0213823
0.0200349
0.0345374
0.0211576
0.0224039
0.0213701
0.694787
0.0210418
0.0200824
0.0473268
0.0196747
0.0216248
0.138103
0.0221991
0.0226057
0.0214678
0.0783964
0.0207455
0.0441168
1.64329
0.39943
0.318086
0.021553
0.0213817
0.442443
0.0222334
0.0200426
0.220068
0.689428
2.17212
0.0213097
0.0490402
0.0213841
0.0213624
0.100546
0.0211955
0.0443343
0.0248405
0.0552101
0.0210185
0.0243742
0.0224183
0.136274
0.93749
0.021205
0.0233657
0.0265849
0.0209879
0.0231646
0.0446332
3.07816
0.0210952
0.26103
0.0222614
0.397615
0.237704
0.274939
0.308014
0.021233
0.0279857
0.517218
0.0210425
0.0211674
0.022358
0.0220735
0.0200191
0.0719115
0.0200029
0.442106
0.0233175
0.285938
0.0481598
0.0215847
1.63572
0.0714441
0.0221093
0.381321
0.0272778
0.0601617
0.0200339
0.0196645
0.216573
0.0213661
0.908326
0.0209899
0.315261
0.0205268
0.261456
0.233761
0.0212189
2.10497
0.0214278
0.0227787
0.0342116
0.135579
0.1323
0.0202107
0.0205485
0.0201195
0.385232
0.172771
0.0228979
0.0245906
0.267213
0.0200771
0.0210012
0.0222117
0.0448698
0.0256338
0.0214488
0.0210085
0.0208454
0.295912
2.12156
0.195132
0.0205459
0.0209374
0.69418
0.0211806
0.361632
0.0414132
0.442135
0.253193
0.311309
0.0208997
0.0215895
0.0239482
0.0224751
0.0257233
0.0212263
0.0488524
0.435516
0.0204696
0.0536425
0.0208323
0.0555596
0.0217646
0.261461
0.0254332
0.0232792
0.0211117
0.022742
0.154188
0.425156
0.519916
0.0214604
0.0347401
0.0213677
0.0232806
0.0247571
3.2648
0.024547
0.0601075
0.0208844
0.0268726
0.0211746
0.0199114
0.0220605
0.0209658
1.85913
0.0211545
0.0234804
0.0225947
0.0217906
0.0200035
0.052741
0.0217359
0.022308
0.0209181
0.0210121
0.321067
0.0210541
0.0571751
0.0204892
0.247217
0.0209932
0.040956
0.0212167
0.109585
0.0217211
0.0214045
0.0208947
0.309416
0.320243
0.0576354
2.6519
0.679071
0.0213478
0.0238375
0.262003
0.0201202
0.224372
0.219051
0.0522504
0.184718
0.0232619
0.32153
0.0239608
0.136394
0.259583
0.0232164
0.0217297
0.321844
0.371869
0.024257
0.0243251
0.0212105
0.0226663
0.031654
0.0210511
0.0200853
0.0225378
0.267684
0.0341937
0.0231436
0.391886
0.0209132
0.0202056
0.279761
0.0860623
0.0322149
0.0220627
0.173461
0.0205601
0.0200952
0.296126
0.0200194
0.0230556
0.321576
0.319755
0.0213765
0.0618771
2.2797
0.0532807
0.426242
3.18461
0.0225257
0.741101
0.0218732
0.0208716
0.0213861
0.0217875
0.0215078
2.36569
0.0222845
0.295744
0.0216262
0.040915
0.0220643
0.0321741
0.0245219
0.0215834
0.0413483
0.021239
0.020122
0.0762306
0.0240203
0.0299342
0.0214697
0.0201917
0.321636
0.10228
0.021025
0.0195661
0.0195517
0.0212052
0.0224819
0.402822
0.0751489
0.423859
0.0335857
0.218691
0.0215809
0.028765
0.0252571
0.024364
0.182726
0.021124
0.021035
0.0645059
0.0348668
2.99781
0.0210756
0.405844
0.288641
0.024376
0.0357331
0.0236917
0.558993
0.0215611
0.0252477
0.30176
0.0232081
0.0210885
0.189904
0.0217874
0.020515
0.0210085
2.69039
0.0218638
0.0254394
0.0485744
0.0349529
0.0259616
0.0347272
0.239471
0.246865
0.262665
0.0201571
0.021608
0.0223533
0.0246535
0.0213841
0.671809
0.30455
0.0237086
0.0427845
0.260879
0.349264
0.0216466
0.311689
0.0212657
0.320107
0.0572986
0.0206381
0.138295
0.445953
0.0208675
0.0215347
0.0214441
2.98721
0.0496015
0.028261
0.0444412
0.204654
0.0919232
2.87832
0.287197
0.0213898
0.021399
2.2745
0.342997
0.021102
0.0213145
0.0202175
0.021974
0.0216647
0.0249901
0.0819872
0.0213044
0.0240544
0.504331
0.0218233
0.0216425
0.0252947
0.687654
0.0216173
0.023746
0.284469
0.0221047
0.0202007
0.0222117
0.0209364
0.0229856
0.248679
0.26772
0.0219005
0.283734
0.0258867
0.213816
0.0213634
0.022737
0.0227736
0.0218755
0.318512
0.0217812
0.0223121
0.0282722
0.0222906
0.0228151
0.0252869
0.0212342
0.0910452
0.0215747
0.0210543
0.462816
0.0211009
0.738953
0.0268895
0.020989
0.0564395
0.0232837
0.030667
0.0546016
0.0202344
0.0495898
0.0209955
0.0213889
0.1402
0.375562
0.0202521
0.0215532
0.020707
0.0217928
0.062299
0.022604
0.0215809
0.0221449
0.0224701
0.0222941
0.0213106
0.0203372
0.02097
0.0211954
0.386235
0.0248356
0.0200546
0.0357095
0.0221493
0.349106
0.238909
0.0304628
0.0215297
0.021255
0.0576018
0.0239536
0.021453
0.0217842
0.276272
0.260994
0.0213736
0.0198467
0.0529375
0.0502945
0.0196451
0.151386
0.0380097
0.0214862
0.0221335
0.0265671
0.0217248
0.0296328
0.31576
0.0220961
0.062796
0.0282512
0.196196
0.019848
0.0213735
0.019869
0.0198491
0.274311
0.0210968
0.0368187
0.044552
0.0198559
0.0222161
0.0302856
0.0216393
0.0217848
0.0213898
0.0225666
0.478443
0.019864
0.0215521
0.216147
0.022397
0.0217161
0.0232089
0.0211147
0.021747
0.0212068
0.0215331
0.0221181
0.0216966
0.128944
0.653762
0.0198656
0.0214372
0.0198634
0.0730331
0.0210221
0.0253283
0.0213178
0.0202145
0.0291307
0.0204494
0.0284871
0.0214239
0.0204639
0.269047
0.418389
0.0217634
0.0216234
0.0209682
0.420554
0.0698514
0.0213915
0.293041
0.736607
0.0220532
0.141037
0.2914
0.0248611
0.249131
0.0391023
0.0446178
0.0212145
0.0296957
0.0918553
0.0204132
0.284335
2.66882
0.0213915
2.65855
2.63249
0.0239639
0.26501
0.0198572
0.027394
0.0453231
0.0212544
0.320234
0.0198631
0.0371385
0.0646726
0.0198518
0.564891
0.0219423
0.0219574
0.0316563
0.0240185
2.86444
2.11866
0.0202478
0.0247767
2.66661
0.0207386
0.024707
0.0208456
0.265645
0.698768
0.0224364
0.0217189
0.0248354
2.96731
2.37449
0.0280663
0.0198704
0.0209227
2.12747
0.0313999
0.41058
0.0235264
0.0235679
0.0259519
0.0201577
0.0224047
0.0244631
0.0236364
0.0209559
0.0243173
0.27163
0.0593886
0.0209812
0.801075
0.0248605
0.0592307
3.01137
0.0418425
0.727402
0.235864
0.0198764
0.0976245
0.10534
0.390476
0.280777
0.0212825
0.118028
0.318656
0.0434837
0.0265786
0.255219
0.286108
0.02109
0.0254067
0.0245717
0.0212331
0.0558261
0.0212992
0.022024
0.020642
0.0198942
0.0218567
0.0213902
0.0232505
0.0252906
0.436938
0.0245038
0.320424
0.0208598
0.0259789
0.021648
2.17076
0.510949
0.021204
0.0455191
0.0218104
0.0202275
0.0213022
0.0201954
0.021085
0.0687483
0.0217152
0.264473
0.0213715
0.0209569
0.300079
0.0225119
0.0219719
0.0211413
0.0212869
0.0302712
0.0556059
0.37581
1.36131
0.691981
0.0215918
0.0218791
0.0218545
0.0244081
0.0389541
0.0635161
1.98357
0.0209935
0.0434861
0.0224821
0.260517
2.56134
0.0246984
2.55197
1.94614
0.0227225
0.0416011
0.0209755
0.0406005
0.0230493
0.0734433
0.0396618
0.0198826
2.53537
0.250349
0.021792
0.0230838
0.0221324
2.16308
0.0214441
0.0218887
0.447432
0.0208385
0.10382
0.0271144
0.0239649
0.0224108
0.0220044
0.603149
0.021161
0.386666
0.0245391
0.021325
0.0207507
0.0425039
0.0230333
2.05839
0.0225969
0.0245303
0.0261298
0.0645825
0.0233096
0.02136
0.262199
0.021801
0.020438
0.0372578
0.230755
0.0244172
0.0205341
0.0223726
0.127699
0.0616888
0.0211668
0.235309
0.0212291
0.102013
0.0358521
0.0221812
0.0211313
0.0814066
0.0209769
0.0207667
0.0213806
0.0662034
2.04622
0.0326573
0.0243046
0.0219378
0.0222866
0.29878
0.0302491
0.0217631
0.0218472
0.0210518
0.0574479
1.92021
1.92392
0.0212444
0.124201
0.0202238
0.0201792
0.0226759
0.0222341
0.0410275
0.0213617
0.0392736
0.307987
2.85633
0.0243929
0.0215683
0.0216199
0.0396149
0.0206267
0.0212841
0.0361551
0.0215771
0.021285
0.0225986
0.0243452
0.0200928
2.88743
0.0378643
0.024005
0.0238715
0.0335106
0.0235647
2.01595
0.0213842
0.0212736
0.0215458
0.021064
0.0215205
0.0209559
0.977036
0.0747197
0.0216822
0.0221032
0.0212586
0.0239735
0.0235833
0.0519832
0.0224224
2.86129
0.0213167
0.022132
0.0212937
0.066465
0.0215408
2.56346
0.0215259
0.021613
0.0195604
2.28513
0.0238336
0.0361937
2.06289
0.0222703
0.0215329
0.0211453
0.0214239
0.0305234
0.0220341
0.0253117
0.318805
0.0216793
0.061363
1.75247
0.0242304
0.087644
0.021627
0.0238798
0.021008
0.0203972
0.0202366
0.0213681
0.239629
0.0822306
0.0208632
0.67399
0.0561085
0.0212627
0.066156
0.0203685
0.0359505
0.022217
0.0210327
0.0772391
0.0215679
0.0226477
0.0254175
0.0557877
0.06286
0.0223283
0.0209887
0.0229718
2.26859
0.0493692
0.0338063
0.0262204
0.0215143
0.0214323
0.308104
0.0218349
0.0300086
0.0367596
0.470883
0.0215418
0.0331484
0.0215704
0.0220541
0.034715
0.0304088
0.0341538
0.0224061
0.0221335
0.0265425
0.369169
0.0430078
0.0204374
0.0251222
0.0733142
0.0242319
0.0409245
0.021757
0.021954
0.0213538
0.0262078
0.692261
0.0567031
0.0215546
0.0817817
0.0240085
0.0274211
0.0215724
0.0213565
0.0213708
0.0201265
0.0517804
0.02328
0.022977
0.022422
0.0213822
0.0215222
1.0408
0.0214185
0.0214126
0.0220139
0.515915
1.15011
0.0214954
0.0211866
0.0215191
0.154921
0.0224084
1.63589
0.0215493
0.048396
0.0215069
0.0217653
0.0407654
0.021884
0.0318965
0.0218886
0.0214571
0.0203845
0.0232136
0.142761
0.0219588
0.0222941
0.322408
0.0216497
0.0227887
0.0223484
0.0217359
0.0212677
0.0223361
0.190134
0.020782
0.0208492
0.0209563
0.140231
0.0252959
0.365906
0.0216125
0.021882
0.678757
0.27254
0.244718
0.0257915
0.0310727
0.278406
0.0216048
0.305204
0.0221423
0.0962447
0.0209948
0.0390814
0.0275468
0.0195709
0.0248495
0.0240917
0.0228
0.01999
0.382144
0.0209166
0.265083
0.0218421
0.0214082
0.0220358
0.0200401
0.0220564
0.174089
0.0213756
0.0211492
0.0211495
0.0217026
0.0213885
0.0441422
0.691521
0.278748
0.0215989
0.0209333
0.0242424
0.0215252
0.0213501
0.0844084
0.0371129
0.0225264
0.021327
0.0491941
0.023489
0.0517166
0.351658
0.0234918
0.0203381
0.0212927
0.0291532
0.528408
0.0215344
0.0212364
0.0252322
0.122389
0.0403206
0.569992
0.0213254
0.0240659
0.0238435
0.0200218
0.0219544
0.09416
0.407652
0.0721895
0.0212837
0.669335
0.0219553
0.0215805
0.0244647
0.0221839
0.0244349
0.0360645
0.0212537
0.0215127
0.0213636
0.0209045
0.0200517
0.0211622
0.0265557
0.18345
0.0412791
0.0195624
0.0200663
0.0212797
0.0220833
0.0213634
0.0401142
0.0222356
0.0222851
0.0222306
0.25283
0.0212639
0.0242695
0.731675
0.0213157
0.0213015
1.89459
0.0212377
0.0213712
0.0212348
2.47429
0.0351026
0.0414492
0.022038
0.06848
0.0207768
0.0201655
0.0204483
0.0212739
0.0353779
0.0212824
0.0217716
0.0396515
0.0213907
0.0818539
0.023807
0.030819
0.0219326
0.0432907
0.029415
0.0215636
0.0211418
0.0220259
0.02165
0.0213529
0.1207
0.0209758
0.0414551
0.021184
0.0216584
2.17841
0.0210823
0.113123
0.065704
0.0213253
0.0855747
0.021164
0.0218909
0.0212635
0.022017
0.0207551
0.0213667
0.0213351
0.0214117
0.540984
0.0215833
0.0209714
0.0220492
0.0208243
0.0212236
0.0212256
0.0214323
0.0205259
0.0213142
0.0212961
0.0213807
0.0212776
0.0222435
0.140405
0.0214427
0.0219649
0.100442
0.162115
0.0207637
0.0278031
0.0209906
0.0213383
0.0213107
0.0214978
0.507946
0.199323
0.0211215
0.0232917
0.317118
0.0216797
0.172628
0.332986
0.0200607
0.743434
0.0215414
0.0317563
0.0253765
0.225688
0.0943028
0.471076
0.0210006
0.0211203
0.0203122
0.0261152
0.0615139
0.02302
0.0616636
0.46871
0.0213842
2.38111
0.0264251
0.0224951
0.020424
0.034667
0.0340581
0.0213299
0.0210407
0.0205066
0.0243045
0.0242035
0.0246287
0.0241225
0.0244578
0.511139
0.0210944
0.0212761
0.0211705
3.02283
0.0244301
0.0244672
2.59956
0.550982
0.2049
0.0210595
0.0242436
0.0212406
0.0316941
0.0213627
0.0224848
0.0334207
0.0244452
0.0668681
0.0199056
0.242195
0.0335084
0.0720033
0.319631
0.689325
0.0211333
0.0213525
0.0213439
0.510444
0.0214276
0.0208941
0.0213503
0.0314091
0.126992
0.255121
0.0241103
0.0474766
0.509742
0.039394
0.23986
0.0499322
0.0356476
0.0349588
0.634977
0.261647
0.0211218
0.0211355
0.0211545
0.110291
0.065855
0.0433368
0.0208979
0.0212596
0.0212521
2.75159
0.0211926
0.0212106
0.0210709
0.0368089
0.0209662
0.0211727
0.0203548
0.025483
0.0761593
0.0287243
0.0239918
0.0215593
2.22385
0.0290532
0.0201465
0.0213314
0.150522
0.279081
0.0216671
0.0217197
2.51424
0.0211742
0.0210175
0.0209848
0.0214733
0.194898
0.0210112
0.0216496
0.0211292
0.0218093
0.0212668
0.0211592
0.0210679
0.0212651
0.021383
0.334191
0.0212536
0.0207033
0.192707
0.0482152
0.0265105
0.0513681
0.0209949
0.0447118
0.0212942
0.0302047
0.0210972
0.6246
0.0211428
0.0212432
0.02015
0.50796
0.0245519
0.021218
0.0710879
0.021237
0.020153
0.0212428
0.0220252
0.0283594
0.0209838
0.416624
0.0215029
0.0286823
0.0368752
0.0213905
0.0304253
0.0210109
0.0206274
0.021202
0.089859
0.0267747
0.0349369
0.038373
0.0755944
0.025992
0.0610611
0.0245974
0.0213419
0.0198159
2.55924
0.574933
0.0209886
0.0336899
0.0209735
0.0210355
0.369569
0.0205413
0.0213146
0.0428011
0.0500053
0.514038
0.0213312
0.0210477
0.107947
0.0209615
0.0204335
0.0655643
0.0212257
0.0768385
0.0709575
0.16336
0.021345
0.0226198
0.0211383
0.0199534
0.0254702
0.02168
0.0214096
0.0330305
0.0207064
0.10739
0.0213999
0.0228182
0.0238383
0.517794
0.024391
0.0218162
0.155262
0.322211
0.021268
0.417179
0.0217511
0.0212997
0.0213722
0.0210101
0.0240388
0.0284031
0.493482
0.0211882
0.024135
0.0219048
0.0197598
0.0210572
0.0213158
0.0248969
0.0208278
0.0212028
0.0220156
0.021488
0.302
0.0213736
0.0221504
0.0500282
0.0223218
0.0202328
0.158521
0.364073
0.257438
0.107657
0.0531455
0.0205775
0.0224487
0.643254
0.838307
0.273593
0.226216
0.124428
0.0215271
0.280443
0.423866
0.0216053
0.327354
0.0222399
0.590715
0.372323
0.119362
0.0222986
0.0210415
0.0475141
0.0212966
0.021404
0.0200182
0.0488096
0.0213611
0.0214332
0.0211648
0.113124
0.0211137
0.0210835
0.0212434
0.021011
0.0210285
0.323378
0.0220494
0.020973
0.0214217
0.0300399
0.346787
0.647233
0.0213203
0.0211547
0.0232603
0.02131
0.0210057
0.0211354
1.94884
0.0212519
0.036714
0.0211487
0.0215202
0.0203274
0.0213586
0.487751
0.355002
0.0205465
0.0217563
0.261679
0.291819
0.0483471
0.531138
0.0213495
0.0301176
0.0211219
0.0197465
0.0211219
0.0201694
0.0210787
0.0212592
0.0217305
0.96287
0.0200452
0.388513
0.606515
0.0199312
0.0324139
0.0417108
0.0221766
0.0211402
0.021216
0.0214359
0.0210762
0.323582
0.0198379
0.0211297
0.291878
0.0211137
0.0213129
0.0209891
0.292058
0.0213922
0.0213767
0.664525
0.0206913
0.0206143
0.0211103
0.144091
0.0212645
0.0196274
0.0211105
0.0200693
0.59797
0.0315002
0.0210466
0.0415382
0.0197944
0.0212789
0.0223826
0.223614
0.895992
0.0200483
0.0239506
0.0213366
0.0211631
0.0211247
0.0211082
0.254642
0.324485
0.0213194
0.0221529
0.0267474
0.0209673
0.0210832
0.0244369
0.0291412
0.682499
0.0213371
0.0244142
0.487253
0.0211385
0.023987
0.621326
0.0810889
0.0207781
0.0209698
0.0211445
0.0211526
0.0209837
0.240216
0.0210683
0.490565
0.383679
0.0220465
0.0239776
0.254019
0.0213307
0.181111
0.07617
0.239584
0.0255345
0.0211956
0.0224443
0.26951
0.0208314
0.035765
0.0209723
0.0200785
0.0200848
0.0201397
0.0211462
0.636777
0.0216941
0.360019
0.247644
0.0628329
0.546864
0.0197772
0.0213807
0.0230192
0.393105
0.0211816
0.761457
0.0252401
0.0200566
0.0209443
0.242412
0.0209456
0.0266613
0.152841
0.0210588
0.294181
0.022071
0.0469303
0.0614438
0.021397
0.0206055
0.0373326
0.0664068
0.0212249
0.0235548
0.0201889
0.0225355
0.0208893
0.11739
0.0210206
0.020445
0.114748
0.0201279
0.281812
0.0214168
0.0211848
0.0211683
0.619254
0.0209964
0.0209128
0.778714
0.0611471
0.401231
0.0215654
0.0201443
0.036144
0.791868
0.397107
0.593635
0.0239155
0.0242735
0.0216415
0.0212888
0.0244882
0.0219789
0.0211349
0.0203988
0.0333975
0.0244319
0.020939
0.0196194
0.0215989
0.0205914
0.0215495
0.0234938
0.135273
0.716822
0.0259481
1.11343
0.366073
0.0206541
0.0209549
0.0223749
0.0369604
0.0202706
0.0216477
0.0209222
0.0210264
0.0211565
0.0465145
0.0213019
0.0404872
0.0212732
0.0209104
0.336207
0.038547
0.0217094
0.0209302
0.020874
0.6866
0.240376
0.0215614
0.0202407
0.0216865
0.0209496
0.0212472
0.0210229
0.0814171
0.0210003
0.0208661
0.225918
0.0204877
0.0642174
0.0239985
0.0210436
0.0213377
0.269515
0.0477951
0.434908
0.779996
0.0238434
0.0223484
0.021812
0.0212503
0.0270875
0.0208652
0.732773
0.464748
0.0230538
0.05891
0.255977
0.0208966
0.321727
0.0246246
1.95227
0.0210703
0.0208089
0.0208329
0.021969
0.0210877
0.0653908
0.428632
0.0369968
0.0211982
0.0209581
0.0208711
0.0840698
0.0246932
0.3965
0.0208938
0.0214799
0.0351717
0.021061
0.275452
0.0563505
0.0208987
0.0214222
0.0197313
0.0212388
0.281791
0.147892
0.0208771
0.0210678
0.0206858
0.250008
0.0211594
0.024024
0.116089
0.192889
1.98245
0.221278
0.60105
0.0212529
0.0283213
0.0216192
0.021097
0.023227
0.0304793
0.0204748
0.0211318
0.0400049
0.0212824
0.0205598
0.32285
0.0200199
0.0211062
0.0376276
0.147445
0.0200976
0.0202122
0.0457225
0.0559823
0.0372226
0.205967
0.023925
0.693665
0.0209798
0.153908
0.0590791
0.0700101
0.482856
0.0253054
0.692757
0.0344456
2.96827
0.0206183
0.0210163
0.0202452
0.0212704
0.0298191
0.0207882
0.0495291
0.0206187
0.0221163
0.0213588
0.450362
0.0213237
0.183721
0.0247026
0.0259441
0.14266
0.0988465
0.268972
0.0197171
0.0387543
0.021265
0.262954
0.0214617
0.0653667
0.0360474
0.0329124
0.538942
0.0208136
0.388347
0.023944
0.028964
0.0214272
0.788961
0.0215905
0.0208997
0.0212129
0.0328664
0.0215297
0.0322871
0.0362898
0.0272229
0.0551873
0.0208447
0.0200715
0.773669
0.0357077
0.305862
0.033684
0.0209135
0.221309
0.442517
0.0476844
0.0206995
0.0363439
0.243736
0.020794
0.024242
0.0197984
0.383038
0.426717
0.280621
0.037211
0.0208184
0.0206785
0.0218935
0.0201858
0.0227525
0.024104
0.0223492
0.0204292
0.0717738
0.0224268
0.0214766
0.0247627
0.415849
0.0436841
0.0208915
0.0278201
0.0243733
0.29721
0.0208142
0.269597
0.0213063
0.0352605
1.85929
0.0219253
0.598196
0.0204155
0.0198809
0.0208404
0.0208479
0.0206681
0.0208816
0.0197734
0.176478
0.0239466
0.0210119
0.21268
0.0209081
0.0216236
0.0206547
0.55534
0.0210946
0.0233096
0.0359104
0.0343779
0.0209076
0.0197851
0.594363
0.0212181
0.318888
1.8394
0.0216179
0.0218278
0.0344876
0.0229073
0.043776
0.0202035
0.0206503
0.0226671
0.0286465
0.0234645
0.0404696
0.0346724
0.022284
0.0218484
0.0255941
0.0223697
0.0325004
0.0234485
0.0205577
0.383969
0.0320243
0.0212854
0.0209328
0.0209347
0.0209049
0.0206587
0.0210195
0.0207621
0.0223316
0.0375999
0.0234819
0.0213516
0.0235721
0.0249476
0.0205979
0.0207282
0.471978
0.0225455
0.0243476
0.0205793
0.0219322
0.0205536
0.0200409
0.431149
0.0213475
0.0210651
0.0155724
0.039134
0.0356448
0.0209003
0.103069
0.0215476
0.0712327
0.0960061
0.0220254
0.0443762
0.0206989
0.0203125
0.55081
0.0208461
0.0495511
0.134443
0.0843482
0.0240308
0.386507
0.0215637
0.020874
0.0221629
0.0206631
0.198018
0.0127016
0.020882
0.312265
0.0938468
0.0197266
0.0206836
0.0346444
0.0165702
0.383316
0.0266373
0.25909
0.321205
0.0212479
0.628664
0.277585
0.0360242
0.0766018
0.0311807
0.230013
0.0197669
0.382607
0.182398
0.0198324
0.874605
0.464566
0.1699
0.0196337
0.016266
0.0204127
0.0206858
2.02632
0.708027
0.0206946
0.0215572
0.14909
0.0198006
0.0286926
0.0208198
0.0480048
0.375373
0.0224865
0.0215378
0.28818
0.0397321
0.396513
0.339892
0.0209979
0.270057
0.0210277
0.314693
0.0260966
0.02045
0.492838
0.021638
0.0272475
0.0213623
2.01333
0.0211104
0.0213785
0.0202411
0.0213845
0.0205106
0.0218039
2.57326
0.650744
0.0205998
1.98087
0.400688
0.0203319
0.0205619
0.324835
0.0311522
2.52943
0.33169
0.402269
0.0205653
0.0212133
0.386976
0.0248152
0.372702
0.0304692
0.0206322
0.0212465
0.0210133
0.0198132
0.0206037
0.0375232
0.0205837
0.252554
0.0209104
0.0213637
0.0614811
0.019772
0.0368951
0.697461
0.0208748
0.0207991
0.0209619
0.0299543
0.0196332
0.0201855
0.0878008
0.089042
0.0363962
0.0217994
0.0332045
0.0205323
0.0212039
0.0212536
0.426748
0.366516
0.0889528
0.39944
0.0316956
0.20484
0.0698589
0.0210228
0.0241085
0.0196438
0.0196428
0.0269048
0.0208295
0.352547
0.259523
0.0242723
0.670072
0.0276285
0.472203
0.301697
0.0200652
0.357474
0.0237468
0.289956
0.0213365
0.0204642
0.0201259
0.0298756
0.44893
0.273509
0.446512
0.0209679
2.46219
0.0205876
0.403059
0.392278
0.0204862
0.0236993
0.0210686
0.670404
0.323141
0.0217334
0.0196254
0.0348485
0.023734
0.371261
0.0215219
0.0212773
0.333953
0.26378
0.0205335
0.0202717
0.0207131
0.0238056
0.0215759
0.3148
0.0207145
0.0221874
0.253357
0.0213429
0.0208589
0.236878
0.348889
0.0215168
0.0214948
0.0217723
0.0205966
0.0205098
0.165104
0.447369
0.0209193
0.0256576
0.0208425
0.0213628
0.0213524
0.0211335
0.340856
0.439652
0.0300048
0.0678399
0.0207631
0.02367
0.0208453
0.0215983
0.0627826
0.0217499
0.367098
0.02074
0.38719
0.0214779
0.279795
0.382008
0.0205861
0.0208411
0.04522
0.0382255
0.215845
0.313949
0.351795
0.340107
0.0241348
0.0211911
0.0637915
0.0207734
0.129159
0.0199881
0.275939
0.0303914
0.02086
0.0216721
0.020897
0.0322427
0.290521
0.0212127
0.342965
0.023622
0.0464291
0.0204787
0.0246379
0.28622
0.0204509
0.659
0.0952853
0.0201996
0.360842
0.167806
0.093583
0.0204675
0.357237
0.0210204
0.0202339
0.0339055
0.0204731
0.279157
0.0200196
0.0208347
0.020521
0.0238017
0.0521009
0.020756
0.36501
0.0197542
0.0251661
0.0275159
0.0213108
0.439791
0.344741
0.0323403
0.0821647
0.0213874
0.0205378
0.924171
0.020497
0.0203853
0.0209621
1.83368
0.218222
0.0458565
1.8913
0.0201153
0.0210358
0.0212511
0.0378883
0.0206716
0.0498714
0.0180727
0.0212413
0.0370683
0.0407879
0.257845
0.0204117
0.0204928
0.0238576
0.021338
0.568273
0.324241
0.0203401
0.0250214
0.0207069
0.44256
0.0887112
0.0211853
0.183408
0.0209792
0.0213328
0.0197795
0.0214133
0.0841323
0.0451044
0.020444
0.394276
0.037516
0.0198239
0.440355
0.0206106
0.0208902
0.275509
0.0204065
0.314371
0.0198262
0.0281449
0.448831
0.0197665
0.0201033
0.0209701
1.50342
0.0251046
2.22224
0.382165
0.0276467
0.0236722
0.327746
0.0205025
0.638109
0.0327676
0.0206448
0.260328
0.683234
0.314154
2.08953
0.208814
0.0203968
0.389876
0.159616
0.260234
0.093969
0.0204738
0.0203547
0.0207482
0.473735
0.0203226
0.020151
0.0489394
0.0346064
0.0213089
0.0203703
0.0208716
0.0202948
0.0207217
0.29644
0.020828
0.258954
0.292555
0.0330461
0.0238552
0.0206315
0.0204251
0.380195
0.180846
0.473303
0.339854
0.0205049
0.0206775
0.0398727
0.0916921
0.289691
0.0204379
0.114628
0.355831
0.0199657
0.0348424
0.0292126
0.0201431
0.0209423
0.021004
0.0214612
0.0201009
0.111934
0.439806
0.0209847
0.272379
0.0213698
0.0336119
0.0209059
0.0213419
0.0292159
0.306522
0.0263711
0.0203439
0.0198277
0.0203051
0.0203027
0.36247
0.0336534
0.0567229
0.0612807
0.0528996
0.0693337
0.0203357
0.0318128
0.191521
0.0212468
0.279573
0.0226575
0.0197663
0.123492
0.509374
0.022701
0.0375504
0.280274
0.567197
0.0304667
0.0202795
0.0239197
0.0207121
0.231227
0.0206761
0.0542846
0.190843
0.0366281
0.200755
0.0336145
0.0290557
0.0314778
0.0209824
0.020366
0.0210342
0.0208549
0.245856
0.0206228
0.0206328
0.024159
0.021683
0.0201926
0.0589999
0.242565
0.281914
0.0202203
0.232292
0.117014
0.145411
0.0212206
0.0204012
0.0233931
0.0201685
0.302394
0.0249146
0.0202914
0.0304991
0.0205739
0.364449
0.0524406
0.020609
0.646764
0.192302
0.0203624
0.323741
0.356992
0.169854
0.021159
0.0455413
0.391597
0.0196396
0.0205029
0.240009
0.0272977
0.0209813
0.444385
0.0210855
0.0204247
0.0205204
0.0203561
0.250155
0.0201773
0.0203897
0.317507
0.0330145
0.0204968
0.0208056
0.262471
0.0881129
0.0224402
0.0302596
0.0203921
0.693688
0.0554753
0.0216217
0.0202192
0.516629
0.333528
0.0234193
0.0201195
0.274015
0.0239949
0.0202032
0.707957
0.0209272
0.11301
0.0204688
0.191524
0.200397
0.15927
0.0291762
0.0204215
0.0428032
0.0211993
0.0271048
0.122303
0.0201546
0.203865
0.0202044
0.358494
0.0206955
0.0203581
0.0199843
0.020455
0.0202363
0.0201149
0.0564985
0.0215006
0.066273
0.0223902
0.019732
0.0228639
0.0220021
0.0205494
0.250138
0.020275
0.0210941
0.28661
0.0210459
0.240409
0.0238175
0.0216736
0.0200946
0.0201404
0.0220723
0.0215628
0.0202211
0.0237045
0.0238484
0.220898
0.0202244
0.0248664
0.0205286
0.253091
0.233806
0.0215962
0.273424
0.0211847
0.0391057
0.0218602
0.0206062
0.260539
0.0209475
0.0199891
0.321856
0.72636
0.114044
0.207811
0.0235285
0.312218
0.0280804
0.0215743
0.296511
0.30316
0.0204266
0.275512
0.0146872
0.021293
0.0202069
0.0294807
0.374131
0.285329
0.224906
0.269
0.0251945
0.0202311
0.0183943
0.231326
0.0208392
0.019822
0.0208535
0.0229138
0.020225
0.020124
0.219956
0.0465591
0.0200833
0.307559
0.35229
0.270352
0.177617
0.0201252
0.0201657
0.0873605
0.196169
0.289445
0.023771
0.296099
0.0200692
0.148922
0.300556
0.0912244
0.0210248
0.0216599
0.0203397
0.315435
0.020487
0.0201021
0.175036
0.261314
0.0204885
0.187111
0.229924
0.0965586
0.259933
0.364102
0.0204998
0.020308
0.0224345
0.273293
0.021076
0.411418
0.021335
0.0201955
0.32177
0.0200788
0.0662703
0.321414
0.0200664
0.229896
0.322072
0.036349
0.0210179
0.0201504
0.0200904
0.357884
0.0203358
0.360814
0.763414
0.32349
0.0278054
0.0309438
0.0221938
0.0210669
0.212267
0.278962
0.0212073
0.178889
0.0983313
0.130995
0.0198455
0.285908
0.226842
0.0285871
0.165517
0.0201083
0.0205087
0.163034
0.0211288
0.0200738
0.301897
0.0210254
0.0212482
0.301498
0.481761
0.0200913
0.0204232
0.271595
0.314061
0.139274
0.357156
0.0197301
0.322599
0.0202513
0.0200095
0.268207
0.020217
0.0202267
0.019857
0.10718
0.0197043
0.0198259
0.248304
0.020183
0.0239892
0.0205401
0.0228789
0.0202999
0.322887
0.237994
0.0202277
0.0202533
0.0204847
0.0199433
0.020059
0.0201444
0.0203379
0.0205161
0.0198628
0.020423
0.31694
0.0201902
0.0219479
0.0219482
0.0196952
0.276648
0.0197309
0.0201941
0.271812
0.0373598
0.0228653
0.308795
0.0220007
0.019831
0.0203174
0.300074
0.0203431
0.299302
0.0433903
0.256496
0.0221614
0.0199999
0.291714
0.0370031
0.146705
0.0348992
0.0352325
0.0200286
0.0197102
0.0315925
0.0211608
0.442031
0.296134
0.0214331
0.0211176
0.0200241
0.284609
0.0199772
0.0197703
0.0206355
0.0390462
0.0887955
0.120182
0.0201282
0.0209855
0.0215565
0.298598
0.0312795
0.0233337
0.023443
0.0291969
0.0320078
0.208624
0.0283096
0.27749
0.0715565
0.0209796
0.0202119
0.0226861
0.28179
0.0199995
0.0199734
0.0322665
0.193249
0.34158
0.0200981
0.0212796
0.02037
0.0226082
0.0202183
0.0220403
0.127688
0.36249
0.0202074
0.0223137
0.0216154
0.0217011
0.0205395
0.0204782
0.25796
0.0242828
0.0197067
0.260486
0.0225434
0.274503
0.0236711
0.0291842
0.256275
0.0211146
0.259604
0.0204867
0.0198237
0.323032
0.24398
0.295279
0.0237922
0.0206954
0.020233
0.0227776
0.11932
0.0202183
0.219436
0.268474
0.0201196
0.538179
0.0199618
0.0199994
0.0206297
0.0201862
0.0840769
0.0233877
0.0206042
0.0222436
0.238869
0.0870028
0.0200399
0.0210756
0.0204324
0.206283
0.267243
0.0203739
0.0200117
0.0203081
0.428129
0.029043
0.170478
0.020339
0.0217653
0.0423161
0.0209151
0.0197856
0.351329
0.23878
0.0204031
0.0690776
0.0200192
0.228474
0.304543
0.06203
0.238749
0.0204046
0.020205
0.0200433
0.0199996
0.0265826
0.019685
0.0204271
0.0198139
0.0270437
0.260199
0.0250949
0.0211629
0.020172
0.0210988
0.0562384
0.148894
0.0199893
0.0210435
0.0200276
0.0230926
0.0306022
0.020077
0.0202004
0.0968774
0.310167
0.347505
0.020011
0.117219
0.0136927
0.0200334
0.0220033
0.0199453
0.254136
0.0199515
0.259062
0.0566189
0.250009
0.323255
0.0625071
0.0237288
0.0613469
0.0200436
0.320917
0.25597
0.2604
0.0537044
0.0215984
0.149904
0.0201307
0.0626138
0.0249136
0.100998
0.0610496
0.317235
0.034447
0.0215669
0.0204027
0.230269
0.0199209
0.020287
0.248725
0.11256
0.266932
0.0206904
0.322289
0.0200527
0.0221595
0.0237045
0.028648
0.0196174
0.0201042
0.210856
0.0209207
0.0350977
0.0282468
0.234969
0.19325
0.0212029
0.165814
0.124645
0.0208977
0.0210899
0.295993
0.246158
0.26706
0.150256
0.0243044
0.0197161
0.0398762
0.109397
0.0753825
0.0203688
0.0395749
0.156654
0.0219593
0.0208778
0.0201618
0.0235996
0.019828
0.0199759
0.0210745
0.0211779
0.0288827
0.0203196
0.021033
0.0227767
0.0210847
0.0210553
0.0198029
0.0204222
0.284575
0.0209046
0.204965
0.89868
1.86372
0.0299597
0.248378
0.141221
0.0218068
0.0198077
0.0203508
0.266983
0.0209353
0.304787
0.0139597
0.0224625
0.0464114
0.0233
0.0210867
0.0332443
0.0234516
0.265606
0.0228038
0.279693
0.0776307
0.272399
0.0198079
0.0214044
0.0207752
0.260816
0.021289
0.0213061
0.0203503
0.0198108
0.230967
0.0341419
0.0210425
0.0204398
0.02003
0.0201952
0.0198207
0.314675
0.02023
0.0197134
0.261288
0.0210544
0.0208709
0.0234217
0.0199588
0.205093
0.02094
0.0212547
0.0202645
0.019749
0.0210046
0.0197172
0.0326345
0.287207
0.0197851
0.0262342
0.0268463
0.177147
0.0230976
0.0226625
0.0299944
0.0210428
0.0224416
0.0220326
0.0200539
0.0217005
0.019603
0.0681204
0.021358
0.0198224
0.0198804
0.0197957
0.0833602
0.0202667
0.0211387
0.0208089
0.0362871
0.231153
0.019803
0.0227529
0.314011
0.319653
0.0197787
0.239614
0.0197334
0.0213651
0.0293268
0.31573
0.238105
0.603563
0.0201087
0.0197993
0.023255
0.273144
0.0196905
0.0203203
0.0209229
0.0197601
0.0217187
0.0197505
0.0216491
0.0201403
0.0207905
0.0205251
0.026055
0.0197605
0.019834
0.301824
0.0202267
0.0224989
0.0197646
0.0197927
0.0200277
0.0197513
0.0199657
0.228253
0.019747
0.0205374
0.0241216
0.0196971
0.313409
0.0198031
0.0196187
0.0302356
0.0223913
0.0197023
0.0199821
0.0198643
0.0198033
0.550917
0.216082
0.0211
0.0231209
0.0233858
0.0203209
0.0746162
0.0216813
0.0208161
0.0199183
0.264065
0.019928
0.0208114
0.019998
0.0203846
0.0224821
0.0208031
0.198946
0.0231
0.0209603
0.0217809
0.0202601
0.256135
0.0336223
0.0197128
0.0210166
0.30475
0.235781
0.262329
0.373377
0.0225277
0.0206271
0.216518
0.0197495
0.0214224
0.0214564
0.0222601
0.114299
0.0209082
0.0199524
0.0222886
0.0201489
0.404028
0.0240821
0.0228978
0.0204739
0.0207025
0.0196839
0.0229954
0.0208506
0.020342
0.367015
0.0214379
0.0249486
0.0201758
0.0198205
0.295908
0.0235125
0.0198096
0.0748674
0.0200542
0.0204807
0.0214393
0.0199547
0.0209733
0.409635
0.0199508
0.239925
0.0208051
0.0201107
0.0201656
0.0364638
0.0209473
0.0204302
0.0209022
0.647086
0.01981
0.020627
0.241796
0.021767
0.0200436
0.250685
0.363197
0.0209187
0.0199462
0.258093
0.0202018
0.28841
0.0227589
0.0207976
0.0246728
0.0211275
0.0215117
0.0209599
0.0204685
0.0208881
0.259519
0.0197477
0.25957
0.0347904
0.021525
0.0230772
0.019937
0.020292
0.0335127
0.0199211
0.0210624
0.0213071
0.0218305
0.0198391
0.0222898
0.0225029
0.0197917
0.0220196
0.0208901
0.0197637
0.0202778
0.0205718
0.427758
0.281528
0.185233
0.020397
0.019719
0.0197514
0.118544
0.0204862
0.256039
0.0203201
0.302311
0.119092
0.234607
0.0197327
0.390608
0.0217883
0.0216323
0.0262985
0.0200826
0.0569648
0.0222579
0.0196776
0.0207479
0.0197639
0.0196976
0.0204146
0.019648
0.0905726
0.0221711
0.0234042
0.0196956
0.0198224
0.0209155
0.863784
0.21243
0.273633
0.0203543
0.0197137
0.032237
0.0197759
0.2557
0.0202746
0.0209711
0.0207149
0.0208565
0.0249917
0.0208884
0.0199396
0.0210887
0.238023
0.240251
0.0195982
0.0209026
0.019832
0.375922
0.0197866
0.0203196
0.0196195
0.0197466
0.0225663
0.0225963
0.0286556
0.0203247
0.0327984
0.272008
0.0260747
0.0206703
0.0198898
0.019603
0.0204595
0.0234547
0.0199834
0.0196084
0.0317277
0.0225723
0.0225513
0.0196763
0.243605
0.0200467
0.0202243
0.0419779
0.0201628
0.019931
0.0331406
0.0199403
0.463007
0.128512
0.0196798
0.0196304
0.0209875
0.0226681
0.245457
0.0214874
0.0196916
0.0204983
0.0201589
0.0225453
0.022543
0.64767
0.0197346
0.0234436
0.021454
0.0200068
0.0209068
0.0224413
0.0214654
0.0200216
0.0211049
0.0207154
0.0225077
0.0216409
0.0382434
0.0216178
0.0198393
0.296561
0.119228
0.0202359
0.394705
0.0197298
0.437169
0.170457
0.0208354
0.0234913
0.0217886
0.0435487
0.0224677
0.0201738
0.289597
0.0212427
0.0201351
0.02018
0.268566
0.0245721
0.01959
0.0203871
0.0206805
0.0225165
0.0203378
0.167863
0.335563
0.0302195
0.0222814
0.0204019
0.0198121
0.0348587
0.0204895
0.0233577
0.0315578
0.0204195
0.0210251
0.0210419
0.345853
0.0197202
0.020568
0.269597
0.0224763
0.0196165
0.0207781
0.0197987
0.303961
0.021742
0.0198425
0.0196207
0.0206787
0.0197719
0.0209513
0.294231
0.0197796
0.198598
0.0224641
0.241887
0.103397
0.0211696
0.0234817
0.0248302
0.259301
0.290345
0.699615
0.026041
0.019603
0.0203001
0.0206264
0.267874
0.0196181
0.267083
0.257734
0.0230575
0.0236566
0.0223754
0.0223822
0.174757
0.261947
0.0197443
0.0200994
0.0202919
0.0207147
0.0201955
0.0234634
0.0219584
0.0223834
0.0224359
0.0197811
0.0196962
0.237384
0.0206421
0.0198433
0.020412
0.0202245
0.02001
0.0438812
0.023246
0.0198035
0.02344
0.288536
0.0389347
0.0195647
0.0195713
0.0278001
0.916624
0.0208109
0.185788
0.0220205
0.0197701
0.254037
0.0203418
0.025922
0.184081
0.020777
0.0196057
0.020636
0.0196624
0.0225205
0.0202646
0.0196664
0.0231291
0.0201914
0.021505
0.0196071
0.0224931
0.0224741
0.0195907
0.256926
0.0182426
0.0196737
0.0208348
0.0199285
0.286152
0.020626
0.0196714
0.0196798
0.25428
0.26006
0.0217044
0.022982
0.0229296
0.0230035
0.0229649
0.022895
0.0229459
0.0229657
0.0229875
0.0229153
0.0228346
0.0229324
0.0228818
0.0228085
0.0224285
0.0224582
0.02261
0.0225923
0.255646
0.0226851
0.0226887
0.0227986
0.0226696
0.0226662
0.0228222
0.0224419
0.0224027
0.0228008
0.0195687
0.0195454
0.0226627
0.0226298
0.134992
0.253797
0.250729
0.0385928
0.0221246
0.0200327
0.0196482
0.0195369
0.0199007
0.0227011
0.0226806
0.0226585
0.0225561
0.0225121
0.0224885
0.0224546
0.0224162
0.0224006
0.0224223
0.0227756
0.0227451
0.230104
0.0227538
0.250823
0.0213181
0.0225543
0.0227663
0.0227083
0.0226931
0.0226284
0.0227876
0.0227062
0.0200595
0.0227011
0.022811
0.0207782
0.031497
0.256635
0.0204063
0.023659
0.0265203
0.0206199
0.0209006
0.0704229
0.0197416
0.0214493
0.823488
0.0118648
0.0209465
0.215258
0.0201828
0.019698
0.0212124
0.256261
0.195106
0.0202306
0.0197985
0.0197645
0.340232
0.0199466
0.0221748
0.0199715
0.0207867
0.0162262
0.285532
0.0876812
0.197597
0.0198459
0.0207775
0.0237854
0.0200788
0.0197857
0.124431
0.305228
0.0222601
0.0199595
0.0196428
0.244959
0.0197422
0.0198334
0.0200866
0.151071
0.223228
0.212271
0.0202573
0.358009
0.0206712
0.23935
0.107585
0.0200266
0.327179
0.0199224
0.407638
0.0233869
0.0315516
0.27263
0.0196031
0.0200072
0.331934
0.0197199
0.139341
0.259209
0.0208351
0.434835
0.022164
0.0204624
0.0199362
0.0205967
0.020303
0.0198925
0.0198109
0.01986
0.0199928
0.0206173
0.256287
0.024069
0.136747
0.189733
0.0200759
0.01967
0.342659
0.0204553
0.0198532
0.0197954
0.0205842
0.0200329
0.0207534
0.0197572
0.0206653
0.0199206
0.0224979
0.0198236
0.0207961
0.0204988
0.818096
0.0209962
0.0293593
0.0197506
0.0221269
0.0203687
0.0200801
0.0208785
0.0328714
0.0220313
0.0213367
0.020118
0.0196075
0.0196018
0.0195871
0.0223725
0.260438
0.0202315
0.0197258
0.0199299
0.0208618
0.115745
0.0208514
0.0199297
0.0375626
0.0208688
0.0214256
0.331374
0.0207478
0.26303
0.0280463
0.0198561
0.0202229
0.163157
0.0204199
0.0265228
0.0199259
0.0199217
0.301649
0.0135618
0.0200507
0.0197035
0.0196512
0.0202854
0.019774
0.0197509
0.0341436
0.0196912
0.0205302
0.0208816
0.252398
0.0479483
0.0201352
0.0196654
0.052529
0.0197009
0.0200237
0.0217308
0.0195892
0.0994933
0.0201992
0.0199137
0.0277562
0.0214865
0.0211353
0.0198615
0.0196484
0.350805
0.019839
0.020583
0.0202369
0.0195896
0.0203852
0.0213365
0.0203998
0.0197254
0.0221124
0.0206627
0.0204153
0.0233988
0.0201216
0.020808
0.0210629
0.260153
0.0160839
0.0245234
0.932103
0.01961
0.0221578
0.0203043
0.0200928
0.0201028
0.0202457
0.0196649
0.0195745
0.0202501
0.2612
0.0217967
0.0199713
0.0211029
0.0201206
0.0200846
0.196036
0.0204213
0.0210602
0.0201737
0.0196252
0.019766
0.0311912
0.0214217
0.0197861
0.021177
0.0196632
0.019844
0.26151
0.0219124
0.0195921
0.0197313
0.0207586
0.161724
0.0203812
0.0200383
0.0196662
0.045671
0.0195979
0.0218811
0.0198399
0.0204937
0.019827
0.0196798
0.0226305
0.0199263
0.0199159
0.0201085
0.019648
0.0196655
0.0199479
0.032011
0.226212
0.0197804
0.0239907
0.01972
0.0201333
0.0199229
0.0199681
0.0202721
0.0352992
0.0378978
0.0219824
0.0642345
0.0198588
0.0196513
0.0199943
0.0197815
0.019784
0.0199583
0.02089
0.0232111
0.0198667
0.0214413
0.0199956
0.019858
0.704649
0.0213334
0.0238692
0.0197028
0.0636806
0.0254974
0.0202433
0.0207491
0.0197415
0.228581
0.0201399
0.248261
0.0196527
0.0202622
0.251409
0.0324374
0.0209676
0.0203304
0.0202084
0.0196646
0.0206082
0.022471
0.0202981
0.264056
0.0208163
0.0197903
0.266981
0.0209556
0.0210199
0.0216501
0.0196809
0.020746
0.0660195
0.0865326
0.0204323
0.0203055
0.0207996
0.0199236
0.261731
0.0196711
0.019723
0.0200893
0.0258501
0.0222155
0.0208386
0.0209782
1.94294
0.0203599
0.0217172
0.0198187
0.0200134
0.0941037
0.0199108
0.0823915
0.0197624
0.0211576
0.0208273
0.0199324
0.0195795
0.0899605
0.020527
0.0201749
0.0208436
0.254944
0.155342
0.119179
0.0201579
0.019773
0.0206081
0.0200351
0.0210496
0.0228507
0.0208324
0.0198479
0.0204764
0.0199151
0.0256321
0.0206579
0.0315242
0.019606
0.0512625
0.0217618
0.0198908
0.020533
0.0209633
0.0208481
0.0233576
0.0209783
0.0197864
0.0209366
0.0201392
0.042616
0.0900216
0.0209735
0.0195732
0.0205113
0.0204114
0.0196288
0.0203903
2.50031
0.0228538
0.0221963
0.022014
0.0197299
0.0202928
0.0222988
0.0199043
0.0209137
0.0915529
0.0205533
0.0207202
0.020073
0.0880953
0.0198234
0.02165
0.130805
0.0812213
0.0198759
0.341599
0.0197918
0.0208426
0.0222076
0.0243416
0.0198898
0.265061
0.222572
0.0212334
0.0197371
0.0287673
0.0197194
0.342239
0.0196452
0.0197042
0.0197681
0.0200272
0.0197687
0.0220414
0.0207492
0.0312776
0.163051
0.0196635
0.0157231
0.681295
0.0216789
0.0214781
0.0203479
0.0199604
0.0237486
0.0198495
0.0199198
0.0196488
0.0197118
0.0295687
0.0203361
0.0209512
0.028573
0.0213985
0.0450542
0.0200659
0.022844
0.0197467
0.0195809
0.0202405
0.0201223
0.0201751
0.0209076
0.0249741
0.255059
0.019743
0.0197933
0.0204327
0.0196721
0.189721
0.057177
0.0198885
0.0203982
0.248323
0.0201425
0.0206301
0.0213514
0.288327
0.0213852
0.0197875
0.252887
0.0227734
0.0208851
0.0208408
0.273495
0.078296
0.0198066
0.0196557
0.0199966
0.0200226
0.0213837
0.0197838
0.0208299
0.0246156
0.214454
0.257404
0.0204507
0.186568
0.192424
0.0196539
0.0224497
0.0197311
0.0214347
0.020121
0.0200696
0.0210248
0.106464
0.0249143
0.019967
0.019699
0.0206212
0.0528614
0.0237912
0.0222807
0.0199264
0.019854
0.0277728
0.0202396
0.019819
0.345523
0.255995
0.0375775
0.0196845
0.0228534
0.0202437
0.0212492
0.128381
0.0205547
0.239273
0.237474
0.0491811
0.0214953
0.022287
0.0197385
0.0218068
0.0219662
0.0231317
0.0200089
0.020257
0.269257
0.0210964
0.0210895
0.241538
0.03656
0.0204488
0.0228496
0.0204224
0.250036
0.253793
0.277662
0.293815
0.30373
0.239942
0.267407
0.264794
0.0214235
0.40696
0.0254382
0.0198287
0.0208163
0.022201
0.0229114
0.0430935
0.0316892
0.267811
0.0304244
0.0197091
0.0196883
0.0200917
0.0217547
0.0199439
0.0351419
0.129617
0.020209
0.184943
0.103384
0.0203403
0.0200187
0.020891
0.0239364
0.0199674
0.0212216
0.0240281
0.0256822
0.366583
0.0199305
0.261602
0.026842
0.0212892
0.322583
0.0225292
0.0234006
0.0201629
0.261
0.0208286
0.0197192
0.287258
0.0199929
0.0217055
0.0203198
0.279854
0.0204691
0.0205365
0.0201916
0.0203424
0.0199078
0.387161
0.0197911
0.0220444
0.0213581
0.0202662
0.0197151
0.0203894
0.0262937
0.238721
0.154436
0.0217848
0.122994
0.019909
0.220198
0.0210279
0.0211382
0.0203109
0.0203723
0.117379
0.0198261
0.0206258
0.0200661
0.305384
0.0196801
0.245346
0.219441
0.017717
0.0201375
0.312055
0.107514
0.0198417
0.0225948
0.0199314
0.0411923
0.020309
0.0629839
0.027437
0.0916669
0.130698
0.0667354
0.0197618
0.030166
0.0220087
0.0207414
0.209124
0.238812
0.0205287
0.0203104
0.0203367
0.258087
0.2542
0.259074
0.0199084
0.249925
0.0203417
0.0202843
0.0690375
0.0555008
0.30225
0.0222159
0.0612235
0.0207082
0.0199656
0.261054
0.182656
0.0235696
0.287863
0.248447
0.284967
0.263952
0.249566
0.06922
0.240311
0.0199052
0.0898504
0.0718169
0.0237562
0.263323
0.264097
0.0211263
0.0201229
0.0199561
0.370353
0.25995
0.238561
0.0219894
0.0198946
0.0201574
0.0759537
1.50475
0.33704
0.07213
0.021191
0.074609
0.293698
0.0201457
0.267126
0.0201604
0.162768
0.0199845
0.0206546
0.0250478
0.0296177
0.0708482
0.0198976
0.0201076
0.0199105
0.134236
0.0203969
0.0202041
0.185385
0.0425991
0.0206949
0.172923
0.0204853
0.019922
0.293354
0.0280075
0.0211615
0.0884334
0.0206398
0.234751
0.0202302
0.263781
0.0215169
0.0200305
0.0201738
0.0209146
0.254718
0.0548202
0.290013
0.248254
0.022457
0.147046
0.0217742
0.149144
0.0200733
0.020372
0.019905
0.265774
0.0198404
0.228216
0.0207928
0.0201254
0.0296447
0.0511037
0.25004
0.0265145
0.0202036
0.0199062
0.0199819
0.256453
0.0209563
0.147504
0.263454
0.0206829
0.0216854
0.0373554
0.063723
0.0200324
0.0210154
0.0206497
0.226316
0.0628584
0.0199126
0.0205323
0.851782
0.378598
0.0208547
0.0199965
0.0161764
0.0209554
0.020389
0.0209995
0.0204862
0.22592
0.0218588
0.215905
0.0208497
0.238491
0.122748
0.239079
0.163371
0.0200546
0.265428
0.0200769
0.285923
0.298841
0.305336
0.0206798
0.115986
0.248037
0.0227437
0.259476
0.266414
0.314942
0.0209157
0.0199426
0.0199197
0.0209067
0.0231336
0.0213289
0.275065
0.0222413
0.020899
0.0198576
0.0367431
0.0203899
0.174438
0.265583
0.25431
0.258712
0.0250744
0.0260998
0.0205549
0.0207724
0.0220678
0.0323715
0.0202427
0.0198914
0.0201074
0.128159
0.0201575
0.174554
0.0206199
0.0201941
0.0211143
0.0187484
0.0204275
0.294869
0.0206801
0.0203859
0.0204996
0.273187
0.254236
0.244377
0.0202286
0.0561607
0.0236532
0.264724
0.26405
0.0202216
0.0204516
0.0241525
0.182814
0.0200776
0.020698
0.021521
0.0202219
0.208237
0.04747
0.020473
0.0873655
0.345384
0.0215094
0.0957524
0.0203531
0.332111
0.0367648
0.0210655
0.221925
0.0199364
0.0204649
0.0201015
0.0277247
0.0201585
0.0202137
0.729804
0.0202851
0.0199131
0.0205528
0.0201644
0.0202349
0.02012
0.0201731
0.268917
0.351231
0.0224072
0.0205091
0.0250396
0.0655996
0.0204247
0.0216501
0.217548
0.0245806
0.0356757
0.0218249
0.0348483
0.0199056
0.0430383
0.0199169
0.0236149
0.0217977
0.0200778
0.224362
0.0209576
0.11043
0.36982
0.0250795
0.0203702
0.233238
0.255101
0.0251443
0.332522
0.2231
0.0203177
0.0211047
0.020538
0.0206898
0.0208753
0.0197258
0.404825
0.0203628
0.02415
0.0205021
0.020609
0.203324
0.58675
0.0209647
0.0205116
0.457995
0.319381
0.0205471
0.0201599
0.0211985
0.0665847
0.020334
0.0221401
0.020177
0.0200579
0.0199846
0.0214686
0.0206332
0.0199038
0.0201468
0.0198979
0.0221953
0.0199706
0.0199924
0.0199951
0.0215162
0.0201949
0.262489
0.400388
0.0208878
0.0201804
0.0217389
0.0207638
0.0199807
0.378729
0.67481
0.0199865
0.302944
0.0199866
0.0199814
0.0322138
0.0196527
0.0208264
0.213139
0.0200128
0.0196864
0.0206609
0.270986
0.0208421
0.387203
0.401788
0.0202937
0.0202066
0.019891
0.202259
0.0236667
0.0213069
0.0255382
0.716282
0.0221255
0.0209932
0.0214642
0.0210982
0.0204181
0.0224175
0.700903
0.376517
0.0887224
0.0276611
0.0201292
0.0215113
0.0199686
0.182854
0.0206368
0.205327
0.0202421
0.0281497
0.019981
0.0204002
0.329507
0.0200256
0.0200139
0.0200492
0.0474282
0.189782
0.0203829
0.0199762
0.0236679
0.0205498
0.0234614
0.249909
0.0251164
0.0202659
0.257465
0.0549153
0.270243
0.0222807
0.242505
0.264497
0.0202985
0.0216742
0.0200249
0.0227639
0.0198863
0.0207055
0.0200031
0.0219442
0.205144
0.021607
0.244516
0.0442267
0.0247357
0.435467
0.0203153
0.0221494
0.138299
0.0221811
0.0237211
0.281345
0.0197017
0.682653
0.0202103
0.0206712
0.331416
0.0198991
0.0230858
0.0224996
0.180098
0.0204824
0.0262739
0.23216
0.0596465
0.26988
0.0267169
0.0200381
0.0203566
0.0205099
0.0208321
0.0202761
0.0204941
0.0209967
0.093816
0.0224764
0.389836
0.26877
0.0207005
0.0218255
0.0200643
0.0207999
0.449086
0.0203288
0.721392
0.254945
0.232951
0.0202578
0.0287277
0.0206981
0.254229
0.00852567
0.0211419
0.0364614
0.0198833
0.0201874
0.0305496
0.0207143
0.0202341
0.343069
0.395016
0.0272524
0.273743
0.0205561
0.0201178
0.194292
0.0965351
0.327573
0.0218346
0.0206073
0.0200495
0.593502
0.0208344
0.323591
0.0347732
0.0197451
0.0380507
0.0198764
0.0201025
0.0217941
0.236659
0.0218394
0.0216874
0.016939
0.0200715
0.0209847
0.0207935
0.304296
0.0207147
0.0207026
0.0204101
0.0204587
0.252206
0.0200422
0.0199976
0.0211855
0.0208783
0.0205147
0.160236
0.0200597
0.0224257
0.201624
0.0201386
0.020572
0.321904
0.020071
0.0204819
0.135504
0.0210303
0.0204893
0.020668
0.245125
0.0207367
0.0208773
0.215362
0.0198453
0.0214102
0.0205791
0.0200884
0.38917
0.0201204
0.0202607
0.0206545
0.0199014
0.214891
0.298147
0.0201194
0.0225412
0.0412983
0.0199403
0.0202648
0.0213445
0.0201292
0.0212317
0.0218071
0.0205935
0.0202863
0.261714
0.0204305
0.020577
0.256253
0.291401
0.20061
0.0202781
0.0219797
0.0207842
0.246073
0.0207565
0.0423951
0.444175
0.311701
0.0406676
0.327291
0.0201394
0.0207072
0.03072
0.0219775
0.278628
0.455289
0.0198978
0.0203599
0.0202218
0.0221425
0.0198832
0.020462
0.0199782
0.0210325
0.0212104
0.0669182
0.0198891
0.0237965
0.231474
0.0200699
0.248776
0.0196735
0.0203627
0.0223626
0.0201352
0.0204071
0.0198425
0.0221558
0.0269741
0.0201927
0.0208179
0.0232527
0.0205231
0.0207476
0.0242007
0.0204788
0.0204848
0.322531
0.208528
0.0204903
0.0205931
0.0200126
0.168977
0.134466
0.0201002
0.0216263
0.0269445
0.0261909
0.0188189
0.24094
0.0208021
0.0364833
0.268856
0.202168
0.307356
0.28442
0.210009
0.0202393
0.0220725
0.0201728
0.0459755
0.020735
0.020366
0.0316121
0.0203971
0.0470754
0.0207075
0.23402
0.0205902
0.020789
0.0202231
0.0199342
0.249593
0.0238438
0.0202074
0.0199689
0.0508536
0.0131146
0.0375736
0.0202541
0.0204751
0.297884
0.0206931
0.325835
0.0196326
0.0208242
0.251319
0.028084
0.0257878
0.0210801
0.176353
0.0219465
0.0202576
0.0212222
0.0206198
0.0210866
0.020597
0.0210144
0.339247
0.0557343
0.299152
0.141131
0.0209298
0.0242076
0.0203716
0.0196824
0.129521
0.0205261
0.0204624
0.0196648
0.0206188
0.0202412
0.0206394
0.0748652
0.342012
0.31065
0.100745
0.0223882
0.0202403
0.0202488
0.0202826
0.347071
0.0213249
0.128995
0.0225964
0.336992
0.0199971
0.0206188
0.291196
0.0206915
0.020263
0.0214587
0.0211373
0.0209987
0.0202886
0.0201617
0.0201022
0.0199887
0.0206222
0.0201148
0.0203248
0.239085
0.0201537
0.0204249
0.0207974
0.0200579
0.0202965
0.0268735
0.234654
0.0208453
0.0207795
0.0214804
0.258164
0.213454
0.0405002
0.241782
0.0205216
0.0207037
0.0205631
0.0208316
0.0208418
0.0206326
0.020258
0.0203108
0.0204062
0.0441494
0.0212793
0.0201606
0.229389
0.0206934
0.0229367
0.576278
0.0209593
0.0688146
0.391862
0.0201119
0.0214938
0.0234486
0.332563
0.49105
0.499305
0.0205225
0.0203348
0.0203245
0.0205897
0.0211448
0.0205175
0.0234221
0.102875
0.0241551
0.0256186
0.337362
0.0201895
0.020743
0.0240638
0.177829
0.0202609
0.306699
0.0203542
0.0204737
0.0197037
0.0200507
0.438073
0.0207458
0.0203075
0.020325
0.0205897
0.0683213
0.306913
0.0200587
0.0205808
0.0211323
0.43933
0.0221686
0.0226233
0.350059
0.249025
0.0204333
0.0204303
0.319064
0.0203296
0.0203491
0.21177
0.0213275
0.0204052
0.0201612
0.0206162
0.217849
0.0264731
0.0247698
0.0219948
0.0203736
0.0205289
0.0273828
0.0205682
0.021232
0.0203428
0.0307125
0.236043
0.0203923
0.0207701
0.0203797
0.204465
0.0240695
0.0528288
0.263299
0.0229177
0.0208269
0.0200099
0.25422
0.0206886
0.478879
0.0204231
2.29694
0.0205836
0.255973
0.0394945
0.0206611
0.0212482
0.223757
0.0208195
0.0255754
0.0212331
0.245384
0.0205162
0.0204809
0.0214389
0.0205055
0.0284181
0.0219422
0.0205035
0.0207146
0.416457
0.0289971
0.0208348
0.0210559
0.334781
0.0205451
0.564444
0.0216946
0.204872
0.201895
0.2128
0.019996
0.306517
0.0201072
0.0204047
0.736554
0.0206504
0.0206996
0.0228063
0.0241434
0.0214237
0.0202053
0.0203545
0.0270804
0.0202776
0.0220113
0.18268
0.0196287
0.322471
0.0205838
0.237361
0.0212616
0.0214404
0.0200856
0.351308
0.0221037
0.0494737
0.0204101
0.0249679
0.0212961
0.0222996
0.0202226
0.0196355
0.0204979
0.0201881
0.0319095
0.388325
0.0203004
0.0207701
0.171297
0.0207548
0.0255624
1.84616
0.020606
0.0207592
0.198947
0.0305651
0.0204044
0.0208789
0.0214221
0.021911
0.0204077
0.0216241
0.0157082
0.427215
0.0206416
0.279338
0.0208317
0.0207544
0.0208087
0.0222452
0.211539
0.384943
0.029038
0.0213953
0.0206276
0.0485419
0.0205582
0.0205059
0.0208535
0.437573
0.0202258
0.0196402
0.0206076
0.0233167
0.288497
0.0230662
0.0209345
0.0276006
0.020263
0.0203883
0.0287172
0.437568
0.0273104
0.419573
0.0268603
0.0201652
0.0259733
0.0201927
0.023898
0.0243734
0.235175
0.340306
0.0199358
0.024062
0.0258046
0.0291473
0.432655
0.6873
0.020442
0.342229
0.0206789
0.0212261
0.0203616
0.0423304
0.0210918
0.147848
0.0205596
0.0215036
0.384115
0.0215567
0.41291
0.0204912
0.401754
0.0652843
0.0202369
2.33423
0.021149
0.389776
0.0326886
0.412457
0.0202574
0.0215477
0.0203817
0.0215822
0.0207135
0.192497
0.0208713
0.0198557
0.0209835
0.0203096
0.219359
0.0209033
0.0236184
0.0206983
0.0244457
0.0207719
0.023653
0.0207162
0.0207895
0.0202126
0.0209089
0.0208301
0.0213902
0.0214302
0.0206835
0.278749
0.0213543
0.020493
0.0205062
0.52725
0.275448
0.0205204
0.0200105
0.0213981
0.025193
0.306857
0.0453048
0.0200393
0.151604
0.0202708
0.0202895
0.0245218
0.0215372
0.0209795
0.263332
0.0313684
0.0206542
0.0209061
0.0242946
0.0207647
0.0203082
0.020502
0.0208978
0.0211674
0.0209367
0.0208342
0.0209821
0.0311107
0.0306745
0.0208208
0.0206374
0.410063
0.0389499
0.276577
0.020636
0.0205201
0.542537
0.0243061
0.269159
0.0250303
0.147023
0.0205838
0.0220489
0.0205402
0.0205943
0.205687
0.0210058
0.0223514
0.0207523
0.0214434
0.0216683
0.0267127
0.0340557
0.0262064
0.0210368
0.0215156
0.201216
0.0205487
0.0208847
0.0226194
0.0205969
0.280048
0.0207005
0.0199594
0.343277
0.0248456
0.0487535
0.0211065
0.0211953
0.0211289
0.0203911
0.0204281
0.0205484
0.0203487
0.0207954
0.316847
0.0200412
0.434551
0.0279015
0.0215184
0.0237626
0.0212734
0.0212294
0.0209484
0.0206885
0.231184
0.0258004
0.390529
0.0212843
0.723543
0.0205237
0.0575834
0.0210184
0.0228357
0.269789
0.0207363
0.030098
0.0209033
0.0202862
0.0205191
0.0208992
0.670209
0.281268
0.128561
0.0206737
0.0207996
0.0206492
0.214419
0.0207707
0.0215207
0.0264424
0.0264644
0.777378
0.020522
0.0206039
0.0208599
0.0247838
0.301601
0.0205366
0.0268199
0.0204154
0.0198575
0.223198
0.0206326
0.0337158
0.02237
0.206738
0.0206377
0.0704213
0.0221929
0.021605
0.0213196
0.0212115
0.0260893
0.403466
0.387924
0.244379
0.0214281
0.0505778
0.0196511
0.0226543
0.0205986
0.0218495
0.547595
0.020267
0.273837
0.0262803
0.0227191
0.0230136
0.378962
0.254953
0.0418299
0.0211169
0.0213247
0.0284369
0.0209473
0.0199486
0.0199951
0.315744
0.62906
0.0196366
0.0316204
0.0217218
0.0282017
0.421523
0.0203539
0.377496
0.171437
0.0210803
0.0322667
0.389946
0.0213043
0.105445
0.020653
0.0198764
0.0233498
0.410848
0.021288
0.0304428
0.020643
0.0638836
0.0298227
0.0245402
0.0208257
0.240799
0.216231
0.0201941
0.0199211
0.0206949
0.021235
0.0212489
0.0196217
0.0272105
0.0202006
0.404737
0.0209308
0.412841
0.0212157
0.0218913
0.200137
0.0210923
0.0201019
0.222616
0.0207574
0.020611
0.0209078
0.0201162
0.0231462
0.0208009
0.0196878
0.0810423
0.0200113
0.0279465
0.0210632
0.0254077
0.0202673
0.0205832
0.606053
0.0201072
0.0206101
0.509734
0.302872
0.020919
0.0211998
0.362032
0.0209043
0.0208164
0.020744
0.0522763
0.0211484
0.0206803
0.0299869
0.0216364
0.0220548
0.021061
0.0205955
0.0207011
0.020673
0.0205689
0.0302167
0.286999
0.0280815
0.0207353
0.0205615
0.021115
0.186651
2.00126
0.0242071
0.36164
0.0232092
0.0199568
0.019658
0.259965
0.281586
0.0209227
0.0200864
0.512706
0.265027
0.02993
0.0215285
0.0198577
0.0207585
0.302101
0.0214268
0.0293759
0.341836
0.020629
0.448139
0.138926
0.0214062
0.0206111
0.021107
0.0207379
0.0422458
0.0210747
0.0278462
0.0207641
0.0214988
0.021235
0.0204622
0.0311325
0.0209631
0.020769
0.0206325
0.294497
0.0200549
0.0207665
0.0213271
0.701365
2.13926
0.0204448
0.215449
0.0205054
0.0202869
0.0206185
0.0307423
0.025843
0.0208182
0.0205326
0.0212254
0.259368
0.0206087
0.257985
0.0200994
0.0249863
0.0211486
0.0206098
0.0199366
0.0204249
0.0225933
0.088106
0.0226264
0.0208542
0.0211417
0.334705
0.0212239
0.0206618
0.0250667
0.0221202
0.0211071
0.0207957
0.315232
0.0241662
0.0301208
0.0254808
0.0271797
0.020746
0.0212157
0.0206074
0.02097
0.0222201
0.356556
0.0209636
0.0210708
0.0208427
0.0264092
0.0274694
0.0239811
0.712708
0.0257616
0.0215059
0.0371151
2.5623
0.400717
0.0692833
0.0214963
0.0206556
0.0212348
0.0262735
0.0208119
0.165829
0.0307003
0.0206947
0.387403
0.0204686
0.021238
0.020888
0.0207188
0.305837
0.0208341
0.020705
0.039531
0.0835199
0.0334193
0.268847
0.0207219
0.4124
0.222582
0.367168
0.0274578
0.0201392
0.130523
0.0196808
0.023398
0.0222368
0.139441
0.0206344
0.0280478
0.0210456
0.0218239
0.0205958
0.0201054
0.0207996
2.91128
0.270568
0.021166
0.304841
0.0213527
0.0204739
0.0290169
0.027091
0.0211921
0.0396375
0.516354
0.0269287
0.0210682
0.0207956
0.0225619
0.0216013
0.66078
0.0207231
0.0243486
0.021048
0.0207128
0.0207626
0.0252188
0.0200549
0.0208841
0.0326641
0.020858
0.0198591
0.0217979
0.0256954
0.0334559
0.0519421
0.021065
0.728782
0.0213471
0.0207348
0.0223572
0.0344734
0.219305
0.0207303
0.0207151
0.0207805
0.0208544
0.0560845
0.269579
0.604073
0.0212111
0.0203266
0.0267241
0.0201106
0.0236399
0.020785
0.140421
0.612476
0.0257985
0.0208398
0.0345011
0.241809
0.0210194
0.441872
0.0201357
0.29209
0.244933
0.0207339
0.177296
0.0234898
0.084866
0.0208656
0.696039
0.0251142
0.269599
0.0210188
0.0210114
0.0212352
0.023023
0.0207298
0.315307
0.0205906
0.0987425
0.383
0.048564
0.10198
0.0201314
0.0207175
0.0207341
0.0202738
0.0213141
0.0211804
0.0311988
0.132212
0.248729
0.0210078
0.0210658
0.0211517
0.0249341
0.0239376
2.02916
0.0207361
0.0212469
0.0208334
0.0235817
0.0212373
0.02096
0.283592
0.290139
0.0296878
0.0207915
0.0272473
0.0196535
0.67711
0.0211851
0.0204847
0.223227
0.0209248
0.0218005
0.0258859
0.0216517
0.0213943
0.0208198
0.028301
0.0208654
0.0242011
0.601247
0.0211832
0.0888769
0.0205384
0.0279978
0.0215468
0.0207751
0.428295
0.0210772
0.0243517
0.0258707
0.0208007
0.0236591
0.0200838
0.0213245
0.507504
0.0203894
0.0211391
0.608632
0.0215959
0.0406901
0.0199379
0.256744
0.020372
0.443947
0.0210122
0.0264153
0.0212882
0.260845
0.0207867
0.0202919
0.0207895
0.0216772
0.0203568
0.0229858
0.0206089
0.283202
0.0210909
0.0215079
0.02069
0.0205655
0.0208209
0.0208131
0.0208127
0.364426
0.100067
0.0358248
0.020751
0.0210671
0.0223182
0.0206786
0.0206109
0.133948
0.0226216
0.0199571
0.0216854
0.0208592
0.0213186
0.282441
0.0302997
0.0210338
0.0208108
0.0211957
0.0209243
0.0209025
0.0202041
0.270114
0.149184
0.0207299
0.0199384
0.0206012
0.0207303
0.0209769
0.0208122
0.0209083
0.100615
0.0208609
0.0227447
0.420305
0.260856
0.0207651
0.0306996
0.0243903
0.733195
0.051548
0.0206702
0.0224891
0.0239073
0.0213464
0.0238537
0.0212898
1.64064
0.347378
0.0324875
0.0245078
0.133532
0.0251524
0.0209851
0.0993084
0.0212032
0.0216033
0.0207288
0.0302869
0.0411128
0.418242
0.0210429
0.0211636
0.190561
0.138298
0.0249259
0.200359
0.0206742
0.0308266
0.0214423
1.95847
0.0207853
0.0210829
0.0213071
0.0212932
0.020377
0.0225018
1.71044
0.372622
0.0204734
0.027047
0.0213051
0.26446
0.0238531
0.0211128
0.022087
2.06324
0.737822
0.0211167
0.0224771
0.0206445
0.0208951
0.0200938
0.0203741
0.291833
0.0212579
0.0457466
0.0567346
0.0230745
0.0209294
0.0208152
0.30895
0.021374
0.0213862
0.0203253
0.0208111
0.0213541
0.0212053
0.243867
0.414345
0.0208092
0.303075
0.0278452
0.0208135
0.0202763
0.0215079
0.0202913
0.0232241
0.414885
0.0242458
0.0230844
0.694551
0.0213103
0.666939
0.0211123
0.0207459
0.0209608
0.0204963
0.0209647
0.393595
0.0399986
0.0210013
0.0609297
0.0212872
0.0234826
0.549479
0.021512
0.0212429
0.0231062
0.0210483
0.0213506
2.17619
0.0306924
0.0208097
0.0202757
0.0230869
0.289358
0.0216777
0.0200248
0.0649012
0.649742
0.0211272
0.0208697
2.5603
0.0222186
0.0205552
1.95775
0.0762453
0.156187
0.0228218
0.0514318
0.0254002
0.0251606
0.023824
0.0206735
0.280022
0.0206806
0.0209234
0.6716
0.0209828
0.0207157
0.0213916
0.05543
0.0206375
0.0211166
0.0209831
0.0231582
0.0200723
0.0209461
0.023005
0.110887
0.0220942
0.512447
0.0460366
0.0199521
0.0266742
0.0402524
0.0212812
0.0210577
0.717983
0.0212793
0.0237153
0.0210491
0.0213664
0.0671447
0.0200104
0.0207973
0.0209397
0.531391
0.0210286
0.0419628
0.0202612
0.0208706
0.020087
0.301213
0.0212721
0.0208782
0.0207205
0.241562
0.0213635
0.0772886
0.0212506
0.0208522
0.0262491
0.537338
0.0210296
0.197641
0.0198812
0.0200918
0.0214095
0.0301294
0.0200115
0.0208891
0.24954
0.0211692
0.0217174
0.720845
0.0201537
0.0214277
0.0231213
0.0286816
0.19946
0.0267598
0.138429
0.393138
0.0210963
0.262106
0.0284539
0.150421
0.0215941
0.530675
0.0282296
0.0203602
0.39449
0.0210272
0.181375
0.0212305
0.434681
0.441089
0.0243392
0.0206468
0.237289
0.0205872
0.0439929
0.0202048
0.0203733
0.0215103
0.0744924
0.0209354
0.0208691
0.0209407
0.0212702
0.0214911
0.0212733
0.0196964
0.0209827
0.0871487
0.272279
0.0210049
0.111025
0.0209405
0.0224966
0.849927
0.0985953
0.022571
0.114005
0.0226542
0.0217256
0.0234514
0.0294534
0.0272752
0.0206031
0.0236147
0.0258277
0.0793715
0.0211451
0.0210845
0.0202204
0.024749
0.0207246
0.0318756
0.595878
0.0926581
0.0219771
0.0205902
0.0234579
0.0201876
0.0199965
0.0292008
0.755283
0.0207648
0.0341958
0.0228693
0.0212666
0.0293309
0.0212635
0.0214924
0.0206315
0.0201692
0.0200744
0.0199511
0.0260563
0.0220623
0.0204725
0.0225748
0.0256109
0.0196291
0.0206377
0.0228462
0.0210846
0.0233143
0.0212117
0.0227577
0.021026
0.0337351
0.0215606
0.0212298
0.633687
0.0292154
0.0210246
0.028101
0.0210514
0.0205849
0.0209798
0.0206906
0.0224562
0.0216292
0.0257885
0.0219016
0.364685
0.0213165
0.0207145
0.0311358
0.0204993
0.0211578
0.0290681
0.0209477
0.692466
0.0210806
0.0204141
0.290109
0.0311409
0.12142
0.0209229
0.0209387
0.0208007
0.0243552
0.0201515
0.0209456
0.0629272
0.0386228
0.438786
0.519849
0.0217184
0.347241
0.205867
0.0469616
1.14534
0.03014
0.601086
0.0236201
2.87148
0.145035
0.0200205
0.175185
0.0208452
0.0209341
0.0204423
0.0211692
0.0209411
0.0209273
0.0242544
0.827128
0.0230342
0.0294562
0.283928
0.0209559
0.0893283
0.0206948
0.0208338
0.0199513
0.0885557
0.0211397
0.396589
0.651138
1.24621
0.176677
0.314002
0.0200588
0.0363042
0.0337458
0.0204162
0.0231037
0.0358069
0.0213731
0.020791
0.0210701
0.020929
0.0318382
0.0235801
0.76419
0.0337395
0.0207688
0.0519712
0.0209355
0.0214337
0.0417232
0.12057
0.0238134
0.0210483
0.112979
0.0832312
0.0264789
0.103866
0.0212108
0.0218091
0.0214215
0.043595
0.0199458
0.0211677
0.0208799
0.0207245
0.0204467
0.024783
0.0211711
0.0213051
0.0251335
0.0214802
0.840134
0.0209369
0.021358
0.18698
0.0212252
0.0209478
1.80595
1.51721
0.0212797
0.0207642
0.0282133
0.0219614
0.0214977
0.0213935
0.0206724
0.021199
0.314528
0.0207789
0.0202364
0.0207417
0.0209743
0.0207709
0.0380123
0.0386943
0.0292519
0.0195564
0.273063
0.0211163
0.0211971
0.0206776
0.0207678
0.123895
0.0202751
0.0207493
0.0248696
0.0214522
0.0240373
0.0331652
0.0206727
0.0238517
0.036533
0.0211814
0.14631
0.025319
0.0739687
0.0284116
0.434294
0.0213343
0.0226691
0.0204227
0.0208292
0.020897
0.0753608
0.021561
0.0203831
0.020471
0.281191
0.0210354
0.0205288
0.0203706
0.0227801
0.0216359
0.0211221
0.0323444
0.277756
0.675782
0.0235001
0.0332463
0.0209905
0.0367703
0.0477499
0.0204011
0.0245338
0.43641
0.0207252
0.0221057
0.0211328
0.0204611
0.27556
0.0259757
0.023363
0.0814849
0.28727
0.0291318
0.0202763
0.0200456
0.0747572
0.0207231
0.0266984
0.0225246
0.0215559
0.0282224
0.0230442
0.0250394
0.0210739
0.0205753
0.0311799
0.0238833
0.709106
0.0555121
0.033244
0.0219441
0.0214307
0.0268981
0.0210028
0.0264376
0.0202914
0.0209331
0.360988
0.0246697
0.33756
0.190279
0.0307909
0.0213249
0.0710959
0.730748
0.578914
0.0201716
0.0217279
0.184415
0.0222358
0.0203132
0.259634
0.0211627
0.048656
0.0587313
0.0740674
0.396794
0.0206053
0.0215844
0.0762485
0.0251082
0.884995
0.199988
0.0485634
0.71773
0.0214135
0.0208214
0.152141
0.0214084
0.019955
0.0221097
0.021046
1.7109
0.021159
0.0208685
0.0289455
0.0238795
0.0210633
0.0213719
0.0212216
0.0211524
0.0218697
0.0347551
0.020344
0.0810223
0.0254421
0.717613
0.0236539
0.0212311
0.0241418
0.392317
0.0278515
0.0503001
0.0210114
0.0211767
0.0201694
0.0218282
0.032205
0.021064
0.0213432
0.0214552
0.0283662
0.0215551
0.829148
0.0212161
0.0223004
0.0249431
0.0302117
0.0234369
0.0211531
0.0243092
0.0212352
0.0214623
0.0211737
0.0212488
0.0218578
0.0319575
0.0206165
0.0211317
0.0214697
0.716931
0.0225184
0.0224181
0.0212114
0.0227518
0.0290885
0.0212167
0.0415615
0.867903
0.020927
0.0315871
0.141159
0.0213927
0.020494
0.0202849
0.0237248
0.0219747
0.0394717
0.0219688
0.0220978
0.0742417
0.0203569
0.0207639
0.0215032
0.0265422
0.0264996
0.0213705
0.029395
0.0211145
1.53197
0.0240762
0.0361576
0.214067
0.0300779
0.0213106
0.0240839
0.0234444
0.0215038
0.0246395
0.0211379
0.0225365
0.0215098
0.021053
0.0208297
0.0210831
0.020992
0.0240479
0.0312435
0.0205967
0.0212347
0.0203633
0.284675
0.039409
0.0214348
0.0202418
0.0209151
0.0876264
0.0521818
0.0211887
0.402791
0.0214491
0.0206148
0.0205605
0.0209535
0.0215026
0.0212616
0.0210756
0.113391
0.0210637
0.0253971
0.0221268
0.0208734
0.592774
0.251676
0.0210824
0.0282735
0.30237
0.0207031
0.020776
0.0210202
1.14381
1.76425
0.2496
0.781234
0.0216445
0.0322315
0.863589
0.0214971
0.0440696
0.281614
0.0698893
0.0210683
0.0315838
0.0214391
0.0268853
0.406755
0.0213334
0.0271929
0.0212849
0.0237773
0.0251473
0.0857648
0.024173
0.0203724
0.0208955
0.0201697
0.683067
0.0209736
0.0231342
0.0222741
0.238789
0.0211191
0.149127
0.299382
0.845909
0.27095
0.0263931
0.673733
0.0205745
0.0211181
0.0213556
0.0931819
0.0212232
0.0212092
0.0223232
0.0203737
0.0212763
0.02182
0.0226203
0.020809
0.0216705
0.0214487
0.0206814
0.0204366
0.576835
0.0208627
0.0207853
0.0225411
0.252686
0.0217171
0.040923
0.0224537
0.0263963
0.239936
0.0245052
0.0209258
0.0212908
0.160472
0.021832
0.641
0.0245493
0.0211982
0.0250533
0.0602649
0.021107
0.0205365
0.0205107
0.0211985
0.153236
0.426227
0.0204364
0.0203418
0.0269606
0.0212137
0.0213305
0.0429669
0.0448429
0.0206179
0.0237467
0.0214468
0.073832
1.85368
0.0262602
0.0204829
0.0513879
0.0542415
0.0210876
0.0384583
0.0211505
0.659652
0.0205542
0.104214
0.021117
0.0562823
0.0235315
0.0211824
0.0250404
0.0248483
0.0214198
0.0256808
0.0256969
0.0210956
0.023491
0.0212435
0.357724
0.0235049
0.0206891
0.0236217
0.021458
0.0211959
0.235388
0.0253412
0.0244162
0.0209582
0.0211699
0.0205027
0.0212839
0.0209433
0.0210526
0.0212824
0.0209023
0.432473
0.0335416
0.0215924
0.0206961
0.0452913
0.472232
0.0326245
0.0202954
0.0211085
0.0249226
0.0211171
0.0271063
0.0255353
0.0213809
0.0220779
0.0212133
0.244543
0.252051
0.215705
0.0219539
0.120005
0.0250503
0.0209232
0.0209294
0.0201532
0.0453705
0.0211189
0.0199755
0.0206782
0.438827
0.363202
0.0223973
0.0199585
0.021491
0.0297907
0.0210973
0.347633
0.0209147
0.0210451
0.0240166
0.0211015
0.0213137
0.0426555
0.170116
0.0263394
0.0213356
0.0561165
0.0210991
0.0216107
0.0213536
0.360292
0.0211019
0.0211636
0.0212919
0.0214879
0.0593281
0.170609
0.0279427
0.0374164
0.0207955
0.0207894
0.0320315
0.0211082
0.0204602
0.0343271
0.0200308
0.0221141
0.0208042
0.0212562
0.36704
0.0479887
0.0542201
0.0211077
0.0681721
0.0644208
0.0224114
1.78028
0.0219371
0.0211559
0.0206073
0.0202988
0.0204204
0.0221782
0.0226517
0.0213856
0.0256475
0.0210832
0.0210961
0.0233295
0.021054
0.0480873
0.0209398
0.0202593
0.0212395
0.0213836
0.366189
0.0206471
0.021344
0.0387587
0.0271359
0.0202879
0.0363002
0.0849432
0.0261928
0.279966
0.0518944
0.021253
0.02097
0.0463879
0.021199
0.048252
0.0357252
0.0213767
0.0214466
0.0208857
0.0206968
0.0210477
0.183563
0.0218306
0.0213344
0.0234925
0.0219395
0.021383
0.020743
0.254024
0.0245924
0.0203751
0.0212424
0.0215371
0.0233046
0.243257
0.0555512
0.0200601
0.550572
0.0515312
0.107023
0.0199416
0.0206219
0.589192
0.10386
0.0232758
0.0214021
0.0212226
0.0203164
0.0200553
0.0200419
0.0207634
0.0217564
0.0356981
0.0209176
0.0201549
0.0211288
0.0280363
0.0218988
0.0210438
0.0275135
0.0201801
0.269812
0.0280157
0.021407
0.583728
0.0951695
0.208056
0.020361
0.0202975
0.0210878
0.539695
0.027937
0.0214214
0.0214847
0.0230192
0.0212223
0.0953995
0.021244
0.0274973
0.0212936
0.0200407
0.0355483
0.137681
0.0219054
0.0289793
0.0214719
0.0212134
0.257301
1.68082
0.0209483
0.0205576
0.0270769
0.0355022
0.028138
0.0204536
0.0333296
0.0396759
0.0268781
0.0211192
0.0212033
0.0210518
0.0207782
0.02409
0.0209602
0.026208
0.0372949
0.023005
0.0413798
0.0289165
0.0212165
0.0213643
0.0724423
0.963253
0.713137
0.0698081
0.0200461
0.0414637
0.0214766
0.0204185
0.0228267
0.0223094
0.0217076
0.0593538
0.324452
0.514302
0.106942
0.0212708
0.0563146
0.020165
0.0203423
0.0227301
0.0260716
0.258638
0.0229185
0.0267311
0.0274777
0.239182
0.121666
0.0211656
0.0214924
0.177811
0.10296
0.0208977
0.419319
0.257959
0.0212112
0.0220793
0.0201987
0.0221262
0.021493
0.0296637
0.405153
0.0213174
0.0201753
0.391878
0.109538
0.220834
0.0293282
0.116561
0.0488404
0.357474
0.162759
0.0219471
0.0210788
0.0501155
0.0211493
0.0214315
0.0204036
0.0208702
0.758053
0.0296417
0.0271867
0.25391
0.0234618
0.0270236
0.0212516
0.027925
0.146002
0.0199498
0.0448149
0.514284
0.0478558
0.0214847
0.0231493
0.0225133
0.0200646
0.0205308
0.0673764
0.0241833
0.0211164
0.0324637
0.0302131
0.0219301
0.0679651
0.0244567
0.0230551
0.24864
0.0205548
1.86717
0.0216349
0.0260992
0.0438869
0.0252715
0.25875
0.0214855
0.0267784
0.0211917
1.82315
0.0272836
0.044083
0.0201798
0.0605666
1.72145
2.65774
0.0206466
0.0254181
0.0294539
0.0207882
0.0203778
0.0261116
0.383918
0.0204873
1.4884
0.0230594
0.0213313
0.0212629
0.0228207
0.0261127
0.422465
0.108828
0.028147
0.0218344
0.02156
1.75956
0.0204544
0.0210634
0.202627
0.656907
0.0222854
0.0208273
0.0212011
0.215596
1.92174
0.0298258
0.0214259
0.0469742
0.0203576
0.0329559
0.0213575
0.0204222
0.311105
2.04699
0.030053
0.0226146
1.79077
0.0337301
0.0239577
0.0213856
1.11639
0.0235861
0.0235204
0.204759
0.0313962
0.662998
0.116761
0.0214314
0.275609
0.0317853
0.0296129
0.0205718
0.0898267
0.0301994
0.0211161
2.47318
0.0214699
0.0214197
2.83004
0.0210336
0.0424458
0.0206809
0.0275801
0.026911
0.0210137
2.32655
0.0434145
0.0202599
0.122064
0.0209068
0.0209151
0.837447
0.0685065
0.0450685
0.688856
0.0331116
1.95723
0.021364
2.13293
0.0275382
0.020664
0.0298642
0.381909
0.0203263
0.0213712
0.0201222
0.0214065
0.0217696
0.0201797
1.83432
0.0242312
1.77367
0.0214758
0.355448
0.0214569
1.64163
0.0208202
0.0207031
0.0214172
0.0214451
1.40139
2.36004
0.0204014
0.0218106
0.722671
0.0717004
0.0221935
0.0204878
0.0205716
0.167653
0.434218
0.332302
0.0291443
0.0203568
0.0203594
0.0222611
0.0225678
0.0213692
0.0232006
0.252853
0.0252697
0.961368
0.0218425
0.0203187
0.0263028
2.45766
0.0207733
0.0228657
0.019625
0.0249295
0.0213718
0.022278
0.0214818
0.0226377
0.0213723
0.254051
0.0379321
0.0210916
0.0213761
0.0219494
0.0219776
0.05988
0.0379285
0.0505564
0.0204556
0.0213793
0.0210879
0.0714512
2.18391
0.0517741
0.0226219
0.0233725
0.645494
3.2776
0.0202116
0.537945
0.0548152
0.0217639
2.10906
0.0213448
0.211589
0.0212004
0.0211011
1.93867
0.384424
0.021332
0.0535027
0.0635054
0.0201991
2.54317
0.0213563
2.37884
0.366731
0.0328437
0.0715074
0.068314
0.0211904
0.0268297
0.0222554
0.0213946
0.0200282
0.0607766
0.105254
0.0218343
0.0204517
0.0214602
0.0246918
0.0508722
0.0214186
0.256279
0.803251
0.0720898
0.126339
0.0217893
0.0207961
0.0209582
0.0250503
0.0231892
0.0265583
0.0232827
1.06829
0.0351417
0.0225012
1.91727
1.9102
0.041635
0.0206518
0.0249037
0.0318732
0.221935
1.9702
0.0210401
0.020858
0.363023
0.0204365
0.0358105
0.0206413
0.020662
0.0292892
0.0318803
0.0476994
0.799069
0.0862621
1.589
0.0434511
0.0664079
0.045184
0.291786
0.0211163
0.405176
0.421863
0.0553488
0.02277
0.0237354
0.0211022
0.0204409
0.0251362
0.0219203
0.0240338
0.0379609
1.37427
0.0290674
0.0228737
0.0220794
0.0727501
0.0327511
0.0491755
0.0210311
0.0214682
0.087628
0.218876
1.66288
0.0195469
0.0195501
0.021934
0.0487055
0.258586
0.0201608
0.0385917
0.0216954
0.0601012
0.0212324
0.040018
0.0211004
0.0205593
0.768529
0.0219167
0.0205597
0.0216612
0.0599639
0.0247934
0.0227956
0.0207319
0.0223031
0.0433947
0.0271703
0.0207198
0.08138
0.0298138
0.0239007
0.0533057
0.0302897
0.0207478
0.0341806
0.0275337
0.123652
0.0233634
0.022251
0.0206102
0.0604463
0.0202418
0.0906146
0.0203006
0.17288
0.0204088
0.0301198
0.0202942
0.024217
0.0200777
0.0281882
0.0229393
0.0211617
0.0236263
0.0204405
0.0213939
0.431388
0.0205575
0.0318527
0.0297611
0.0209917
0.0205727
0.0215065
0.0308626
0.0920134
0.0210725
0.0243397
0.0202618
0.0414133
0.0224403
0.0261145
0.0208913
0.0216406
0.0376452
0.0295938
0.0400282
0.0771034
0.0328412
0.0244833
0.020849
0.0260011
0.239119
0.0204441
0.0209028
0.0309991
0.0210582
0.081889
0.0543888
0.0198794
0.0318222
0.0259573
0.0213455
0.0208938
0.0205216
0.670895
0.0207481
0.0215682
0.0224641
0.0223057
0.0203921
0.0228575
0.0198658
0.0213346
0.020712
1.93656
2.04047
0.0211061
0.0598658
0.115736
0.0253946
0.0634343
0.0215923
0.0278602
0.021695
0.0310791
0.0210316
0.0226024
0.0278332
0.0205735
2.42286
0.70886
0.0203855
0.0212304
2.1017
0.0206455
0.0213199
0.0281551
0.0212146
0.0350332
0.0453755
2.28293
0.0213515
0.0212128
0.0211385
0.098617
0.0219372
0.0207384
0.020627
0.0218607
0.0240878
0.024861
0.0222906
0.0200912
0.0309001
1.88521
0.0487794
0.0213675
0.0210232
0.250137
0.0202269
0.0210972
0.812281
2.48905
0.0375643
0.72648
0.0229649
0.0205606
0.0202381
0.0328583
0.0203715
0.0313787
0.0230306
0.0259908
0.021106
0.474274
0.020746
0.0231475
0.0212166
0.0207273
0.0232572
0.020643
0.0266418
0.0213739
0.0579798
0.0211976
0.037997
0.0742315
0.0261483
0.401195
0.0307576
2.25827
0.270565
0.0322909
0.0212544
0.299488
0.0205672
0.0213561
0.020668
0.247164
0.0215507
0.0207343
0.0577525
0.0207675
0.244805
0.0206135
0.634294
0.0204534
0.0274833
0.0207369
0.0294299
0.0217767
0.0383553
0.0239039
0.268747
0.0228491
0.0228335
0.0210636
0.0210952
2.25478
0.0212798
0.0293791
0.0215187
2.17372
0.0206972
0.677761
0.053599
0.0682958
0.0200941
0.0216464
0.0204195
1.62648
0.0485643
0.0205887
0.0251344
0.0208401
0.0211151
0.0221648
0.0212304
0.0211409
0.0221643
0.42718
0.0284572
2.05346
1.41333
1.88584
0.021151
0.0203258
0.0270361
0.0208091
0.0217165
0.0215406
0.411978
0.963627
0.0212332
0.0254674
0.0210684
0.371521
0.0227286
0.675559
0.020497
0.0232762
1.56507
0.0210865
0.0207821
0.0978704
0.0204608
0.0207635
0.136042
0.0205295
0.755477
0.151557
0.0714895
0.0217808
0.0487126
0.116814
0.031565
0.0202952
0.0212176
0.0248937
0.0213773
0.0244569
0.249821
0.304124
0.0206455
0.166467
0.0211644
0.0213267
0.0219017
0.0269853
0.0203596
0.416361
0.0255147
0.0713358
0.0224139
0.0204914
0.0214857
0.0238589
0.0210253
0.0218692
0.664327
0.0205814
2.72721
0.0296025
0.0224991
0.0214717
0.0207193
0.0212446
0.0290244
0.0206619
0.0207816
0.0289471
0.0211309
0.0261519
2.20123
3.31097
0.0265933
0.0204547
0.0206665
0.0213537
0.153765
0.0520069
0.0214796
0.0213406
0.0213716
0.0265802
0.0227474
0.027388
0.0207198
0.0454732
0.0213856
0.0506153
0.0211458
0.0211499
0.0236309
0.0207024
0.0208114
0.0246677
0.0457061
0.0209685
0.0367847
0.308712
0.268175
0.0205727
0.0213701
0.020438
0.0241397
0.0207282
0.0229416
0.272597
0.274473
0.0345627
0.0216141
0.0788193
0.0276418
0.0210107
0.414799
0.0211149
0.0780482
0.0207807
0.0209043
0.0238508
0.0209038
0.0202807
0.0214029
0.0206442
0.0243649
0.0214866
0.0206543
0.447007
0.438269
0.303717
0.020464
0.025791
0.0213894
0.0246983
0.716944
0.47612
0.0212059
0.212068
0.0214642
0.0210345
0.0209966
0.0211649
0.0207471
0.0214544
0.0266131
0.0210532
0.0228753
0.254643
0.0206856
0.0269557
0.0217738
0.535863
0.273741
0.25821
0.0890421
0.0217428
0.438892
0.0213324
0.0282565
0.180257
0.0212032
0.257474
0.0204896
0.0205907
0.0229639
0.0998275
0.0405848
0.0246916
0.273785
0.0212905
0.420761
0.251854
0.071168
0.291807
0.0206542
0.25674
0.11998
0.0214509
0.0207192
0.0231414
0.0319122
0.0435146
0.0277226
0.0383788
0.0215143
0.0240424
0.0211203
0.0230894
0.0205122
0.0317955
0.0205215
0.0210444
0.133683
0.0318877
0.0209981
0.0205714
0.365798
0.0217459
0.0230434
0.0221733
0.0207806
0.0211348
0.0214377
0.0213952
0.134809
0.0228133
0.0214428
0.0214778
0.0210643
0.0237941
0.0212115
0.259034
0.232509
0.025272
0.0242161
0.0212425
0.0524333
0.323171
0.0202362
0.0212008
0.239772
0.0218387
0.0356447
0.020926
0.306523
0.0214032
0.0213634
0.0216273
0.021467
0.022421
0.0259007
0.0246946
1.73977
0.438805
1.79473
0.112728
0.36694
0.0245212
0.0452554
0.0207113
0.0484856
0.0225633
0.0214666
0.0290901
0.0213933
0.0214063
0.0203354
0.0222936
0.0207971
0.0265708
0.0204822
0.0237972
0.0205158
0.0241315
0.0204797
0.0772513
0.021034
0.0208015
0.0201263
0.0286491
0.0213132
0.0224591
0.0214694
0.0275034
0.255269
0.809355
0.0313645
0.0206616
0.0256001
0.0210752
0.0211749
0.0270998
0.0220495
0.0207978
0.0212904
0.0303202
0.0203088
0.0205701
0.0209105
0.141437
0.0216704
0.629082
0.0205105
1.78743
0.020322
0.0208702
0.0200826
0.0207106
0.0208825
0.259863
0.0209723
2.77409
0.0206189
0.0202487
0.258316
0.0227439
0.561241
0.0208295
0.0205926
2.44613
0.454683
0.0459659
0.0210849
0.0235354
0.0206661
0.0204941
2.476
0.0208159
0.0329654
0.0290218
0.0319274
0.0253323
0.0222335
0.0257725
0.370552
0.0257701
0.127382
0.0208835
0.631286
0.0204746
2.8764
0.0204804
0.258982
0.087987
0.0792941
0.0234128
0.0206724
0.021463
0.0676469
0.0205646
0.058379
0.0199386
2.63688
3.30843
0.0857685
0.0425035
0.0238358
0.0196396
0.0213765
0.0205066
0.0581307
0.0205872
0.042465
0.037603
0.310021
0.163063
0.0225948
0.0211714
0.0203361
0.0515705
3.47495
0.0222884
0.0235168
0.0886948
0.0216053
0.0208595
0.0244875
0.0210498
0.0206608
0.777528
0.0231549
0.0206461
0.0625449
0.0212792
0.0208177
0.0374964
0.0311278
0.0273543
0.0896082
0.0471065
0.901505
0.714606
0.0213876
0.0210751
1.92196
0.0195774
0.0210796
0.021642
0.0209736
0.0207574
0.0229596
0.0221331
0.0400045
0.0349684
0.0238791
0.250067
0.0211872
0.0465703
1.59845
0.0210539
0.0629158
0.0284872
0.021022
0.0818513
0.0677607
0.0205803
0.0311354
0.0266156
0.0213186
0.0203015
0.0795719
0.0213238
0.0238364
0.0199012
0.019877
0.0301824
0.0219021
0.024462
0.022175
0.0214744
0.0203572
0.0207521
0.0685539
0.0225522
0.0210848
0.0212315
0.0212179
0.0210217
0.0213218
0.0311533
0.0210422
0.0297322
1.81945
0.529555
0.396734
0.0306822
0.0434531
0.0208638
0.0236918
0.0429916
0.0268683
0.0215022
2.85183
0.0209682
0.0221123
0.0208957
0.210592
0.0198732
0.0210514
0.0211919
0.021477
0.0307362
0.0212305
0.791836
0.0210432
0.0214444
0.0207754
0.0213579
0.0205066
0.0213932
0.0227886
0.0483311
0.0211526
0.0213151
0.028776
0.0219058
0.0378207
0.0207317
0.019994
0.160282
0.0256146
0.0213217
0.023497
0.0205311
0.0652945
0.437121
0.0214891
0.0239652
0.0224604
0.0212195
0.0205968
0.0258942
0.0259284
2.26738
0.447053
0.0195367
0.0279095
0.0221349
0.0225629
2.37651
0.0206924
2.32832
0.0313045
0.0219729
0.0231783
0.0205354
0.021074
0.0202973
1.67434
0.0210428
2.73036
0.0213482
0.0208608
0.0234577
0.21256
0.174647
0.0208907
0.0294293
1.69108
0.674816
0.0240757
0.0206606
0.0233403
0.0198728
0.418847
0.0218462
0.0224006
0.0211741
0.0224026
0.0207959
0.0913961
0.0210417
0.0280568
0.805503
0.0207015
0.0213095
0.0198733
0.0242714
0.0217446
0.0205414
0.0285206
0.0214088
0.0206187
0.0211943
0.0360062
0.034864
0.0205158
0.0198785
0.0222429
0.0913129
0.0207165
0.613703
0.0839412
0.434879
0.0953057
0.0206643
0.0212993
0.0348692
0.0213998
0.0257795
0.0221607
0.024451
0.223551
0.0209108
0.0208964
0.0215092
0.278006
0.0765408
0.0211922
0.045856
0.200466
0.0233174
0.0211801
0.029692
0.0206693
0.0212073
0.0267884
0.0217926
0.0213413
0.0573138
0.0214265
0.0365623
0.0261805
0.0212816
0.0268798
0.0410362
0.0436199
0.0209781
0.023312
0.0205958
1.72793
0.0224138
0.251016
0.660211
0.0217388
0.0215962
0.0237925
0.0534936
0.0379675
0.0225427
0.0222977
0.0210688
0.0377514
0.28523
0.0220025
0.0198642
0.250528
0.242508
3.12055
0.0211968
0.405781
0.0366023
0.0211959
1.95108
0.0222307
0.268039
0.0209398
1.5703
0.0199592
0.0212243
0.0210754
0.0214007
0.2532
0.0206136
0.400345
0.151714
0.020762
0.0209113
0.0253468
0.022384
0.0211457
0.0206249
0.0212657
0.0224587
0.120449
0.0206285
0.0344583
0.0202564
0.0205101
0.0209237
0.0322289
0.0244429
0.0225973
0.0211561
0.0210605
0.0205506
0.10302
0.0214098
0.0199396
0.0392611
0.0210078
0.0483737
0.0209449
0.0211808
0.0212719
0.0197267
0.0268712
0.0196994
0.0243925
0.0245841
0.0205388
0.032219
0.0225116
0.0229868
0.0214598
0.105808
0.030616
0.0278744
0.070798
0.0214255
0.282821
0.0228382
0.0205477
0.0242511
0.0308583
0.815581
0.0335934
0.0203764
0.0331879
0.0995937
0.0292943
0.83188
0.0203581
0.0201445
0.0212947
0.0221112
0.0205985
0.0205987
0.0283513
0.0667487
0.0225721
0.021421
0.0225805
0.0214724
0.0228496
0.0219822
0.0427659
0.0213589
0.0219528
0.0195586
0.127777
0.822539
0.523788
0.416943
0.0211726
0.0212354
0.0209423
0.0201887
0.0213102
0.669588
0.0259879
0.0206621
0.0203559
0.0208596
0.0346864
0.0239901
0.0258759
0.024517
0.0213448
0.0218143
0.0493203
0.294319
0.0747705
0.0200406
0.198658
0.0212016
0.0208629
0.0303279
0.0216637
0.0204414
0.0216662
0.127515
0.0211875
0.0226202
0.945598
0.0283348
0.085352
0.0275289
0.0212825
0.438882
0.0206601
0.767237
0.0309245
0.068834
0.0214665
0.0210719
0.0276144
0.0206328
0.0246722
0.0202446
0.0216236
0.0213191
0.085031
0.0268881
0.452581
0.0250265
0.263082
0.0183955
0.246658
1.81213
1.9243
0.0208722
0.0230001
0.0206478
0.0205366
1.20206
0.0219295
0.0224435
0.0300579
0.25628
0.074238
0.0205077
0.0205966
0.0220065
0.0268436
0.0238123
0.0240383
0.030686
0.0202039
0.0209236
0.0423894
0.0276832
0.0210324
0.0206726
0.020939
0.0201566
0.122567
0.269936
0.0214257
0.0211249
0.0219201
0.0205407
0.0257729
0.0202949
0.023508
0.0223493
0.454399
0.0209859
0.0210158
0.0212933
0.534942
0.0454973
0.0206455
0.0297708
0.384333
0.0245921
0.0210758
0.0211414
0.0213251
0.0399399
0.274641
0.0255517
0.273488
0.0231533
0.0198684
0.0206464
0.121257
0.0213251
0.0402821
0.0968149
0.0212557
0.0217356
0.0219005
0.019694
0.0436624
0.0213221
0.0303891
0.0227298
0.333613
0.0785107
0.0218226
0.0212431
0.021332
1.90343
2.19447
0.0232191
0.0219056
0.115191
0.0204086
0.0264457
0.0219519
0.021001
0.108178
0.0195788
0.169499
0.0491106
0.0231805
0.0276771
0.0246003
0.0214787
0.0209809
0.435511
0.94353
0.0271818
0.0220697
0.0212753
2.7229
0.728141
0.020475
3.46939
0.949353
0.0206389
0.021956
0.0204174
0.0211424
0.0226405
0.315152
1.65601
0.0224165
0.0213534
0.0218464
0.0210164
0.0204113
0.705068
0.0229508
0.0202504
0.0224289
0.0207879
0.0220193
0.02236
0.0215773
0.0244093
0.0214033
0.0208995
0.0249713
0.0208764
0.0211532
1.8042
0.0219025
0.0300611
0.0209758
0.021242
0.0203327
0.0278615
0.0227037
0.291141
0.0639529
1.89117
0.0214045
0.0212161
0.0699058
0.0242062
0.0203232
0.0223797
0.0224583
0.0278488
0.020886
0.0205522
0.0212587
0.021288
0.0213079
0.0213392
0.0204496
0.0291808
0.027838
0.0218473
0.311206
0.0310007
0.0230961
0.250288
0.254005
0.0211609
0.0206877
0.233849
0.251049
0.0402562
0.024913
0.0214605
0.0215842
0.0212441
0.0209381
0.0209924
0.197103
0.0216203
0.0858998
0.0258195
0.0249155
0.237369
0.0387732
0.693884
0.0219733
0.049483
0.0786761
0.0212215
0.0350381
0.299615
0.0195905
0.294303
0.315648
0.0212468
0.0204986
0.0217584
0.0213663
0.0219655
0.020455
0.0212943
0.0269508
0.335848
0.658546
0.0211694
0.0204357
0.0244008
0.0215658
0.258552
0.0775786
0.192688
0.0204754
0.0212204
0.0244659
0.0208755
0.0289591
0.020502
0.020577
0.0291305
0.107306
0.0212906
0.0213142
0.415397
0.111973
0.0209673
0.0244245
0.703501
0.241156
0.0211985
0.0230079
0.043439
0.0520632
0.0223248
0.0843506
0.0218343
0.0202735
0.030565
0.0205592
0.127293
2.06329
0.024468
0.0723638
0.0207596
0.0223946
0.0212972
0.0216373
0.238902
0.0792433
0.027926
0.0213208
0.0209924
2.28176
0.083273
0.0205715
0.0261637
0.0215946
0.0214942
0.0213084
0.0354746
0.0427229
0.0211611
0.021699
0.0206615
0.0998212
0.0213262
0.0229671
0.0306426
0.0245166
0.0214731
0.0196566
0.0220358
0.0214342
0.0287818
0.233066
0.0205744
0.0410453
0.0205859
0.0402779
0.0221354
0.0211542
0.211034
1.18065
0.0217824
0.257542
0.0215496
0.0323267
0.0212709
0.021835
0.0217387
0.019561
0.0215775
0.021433
0.0213405
0.0209609
0.0205685
0.0205877
0.0210443
0.141612
0.0216791
0.0238546
0.0213486
0.0222241
0.0200692
0.0212456
0.0212915
0.0212745
0.143916
0.426522
0.0210785
0.260754
0.0224305
0.0551841
0.0408637
0.021045
0.679328
0.860221
0.0214213
0.0213209
0.0215419
0.0223697
0.027706
0.389927
0.021435
0.0206017
0.0213013
0.0928004
0.0217477
0.105349
0.0226748
0.0222767
0.0359609
0.0214624
0.0205101
0.0223391
0.0208743
0.0244307
0.392905
0.0282796
0.0209886
0.0213124
0.0634208
0.0261962
0.722781
0.0208389
0.0214607
0.0944684
0.019572
0.0205503
0.100904
0.0205338
0.0263944
0.0213963
0.0211648
1.89507
0.020861
0.0206066
0.0231193
0.0203701
0.0221592
0.0339941
0.0204406
0.0634695
0.0211493
0.0196107
0.022559
0.0228062
0.0253914
0.0523714
0.0613517
0.0214946
0.0408851
0.279109
0.179607
2.18324
0.0215386
2.43674
0.0214196
0.0212962
0.0249945
0.726682
0.0217254
0.0229663
0.0247001
0.0634982
0.0220527
0.0216287
0.0235625
0.0235877
0.0219375
0.0226391
0.0481532
0.0379481
0.0256646
0.0228336
0.0219386
0.0212979
2.77921
0.021425
1.91878
0.0211885
0.127157
0.0233281
0.0597054
0.259505
0.0734781
0.0216863
0.0236546
0.0228096
2.63712
0.217295
0.25749
2.78353
0.020917
0.0355895
0.0204583
0.0243737
0.0212142
0.0773945
0.0211774
0.0290237
0.0213433
0.0209862
0.0215534
0.021678
0.0211813
0.131095
0.0210425
0.0211727
0.0211659
0.225802
0.295759
0.0202741
0.0204012
0.361939
0.084046
0.0212653
0.0292287
0.0272628
0.650063
0.0213043
0.0223211
0.0210248
0.0214301
0.0215123
0.0233584
0.0239442
0.029554
0.0503249
0.0223777
0.021438
0.0541016
0.0233279
0.0207399
0.0238277
0.0454732
0.021178
0.0725595
0.0224703
0.0799834
0.0212988
0.0214491
0.0203321
0.021757
0.0215119
0.0214252
0.0400896
0.0207363
0.0213016
0.0220931
0.175963
0.0213372
0.0213953
0.0293602
0.0286302
0.0229789
0.021415
0.262494
0.0224404
0.0213436
0.702373
0.0215341
0.0212467
0.031597
0.021781
0.205089
0.0209912
0.0215576
0.0697995
0.0220351
0.0212805
0.0234374
0.0218714
0.0210137
0.0212587
0.27239
0.0211858
0.0219905
0.0207258
0.247916
0.022973
0.0206261
0.0209353
0.0307716
0.0237126
0.0207129
0.021012
0.0211988
0.0210047
0.0207746
0.851652
0.0212683
0.0206876
0.28048
2.09837
0.0208512
0.0231913
0.0210763
0.255722
2.6008
2.53996
0.0207599
0.0210954
0.0212974
0.0211492
0.261308
0.0232719
0.0209417
0.0215381
0.0219362
0.0214533
0.0217394
0.224759
0.0464308
0.0213149
0.0212905
0.0211519
0.0214123
0.0205461
0.022462
0.306799
0.0207204
0.205818
0.0198831
0.0226123
0.021562
0.0212983
0.0223312
2.28762
0.0213729
0.0220375
0.0196417
0.0215777
0.120892
0.267874
0.0298172
0.0211945
0.275485
0.767767
0.0220649
0.0944586
0.0208763
0.298325
0.0232739
0.0244061
0.0219412
0.0209521
0.0258689
0.0195679
0.0233093
0.0372438
0.732764
0.0209867
0.0505062
0.0212685
0.0492842
0.024311
0.020525
0.439393
1.6896
0.0543923
0.0525881
0.0337096
0.021259
2.02001
0.0214192
0.022078
0.0213688
0.0226269
0.0213391
0.0367947
0.0199028
0.0226333
0.0212417
0.0219816
0.889299
0.0221651
0.0226551
0.63369
0.0212528
0.0587869
0.825318
0.0216269
0.0226336
0.0360566
0.0228195
0.0226393
0.0753994
0.0221741
0.0227786
1.31674
0.0268021
0.0215393
0.557928
0.0211274
2.51138
0.0223002
0.248707
0.124449
0.0212035
0.176452
0.0211298
0.0219199
0.0215219
0.0195729
0.0290008
0.0212829
0.0218909
0.0204793
0.0198433
0.0197458
0.276495
0.758731
0.0228394
0.0218026
0.0211783
0.0218569
0.0197098
0.725885
0.0212951
2.47314
0.259388
0.0220541
0.0213294
0.0221844
0.155618
0.021813
0.0222056
0.0212917
0.0213541
0.0232657
0.043028
0.0207753
0.0229468
0.0224234
0.021432
0.0212542
0.0708708
0.0333346
0.26508
0.0215436
0.0716954
0.0329316
0.0220359
0.0396173
0.0224032
0.0583361
0.0373564
0.162372
0.022458
0.0435064
0.0213996
0.0213803
0.0212253
0.0216905
0.0212896
0.0212543
0.0217755
1.78588
2.95048
0.503597
0.0228575
0.0215432
0.0225474
0.0213105
0.0217267
0.0225814
0.0205536
0.0221195
0.0222741
0.0205683
0.0521613
0.0214775
0.0333511
0.0219334
0.0206537
0.0228581
0.0204998
2.00462
0.290532
0.0222874
0.496034
0.0201367
0.168386
0.0215613
0.0225936
0.0217458
0.0212752
0.0283227
0.0217849
0.0514364
0.0218272
0.0212822
0.127399
0.0213965
0.0247875
0.291823
0.606674
0.0221878
0.0261159
0.0205642
0.0686343
0.0580613
0.0213887
0.0388955
0.0214027
0.0218755
0.302564
0.0212271
0.0813622
0.0217801
0.257894
0.0214965
0.265191
0.0195925
0.022072
0.399166
0.0220661
0.0508661
0.0287253
0.0379887
0.0281851
0.520018
0.0356057
0.0197794
0.0214594
0.0215719
0.0212299
0.0214526
0.0204666
0.132727
0.0209485
0.0210113
0.0264269
0.0218182
0.0209258
0.112084
0.0202592
0.0221734
0.0209188
0.0217258
0.519127
0.0226074
0.0231912
2.14042
0.0567339
0.0197886
0.0219218
0.0209964
0.033938
0.0221252
0.0809603
0.0222915
0.0236673
0.02218
0.300321
0.0230636
0.0213262
0.0423186
0.023898
0.0418645
0.021465
0.0220888
0.0215779
0.0269494
0.131077
0.0371608
0.0219029
0.0350839
0.0209945
0.0204481
0.0217429
0.0213387
0.0204527
0.0236347
0.0227943
0.0440503
2.03195
0.0216128
0.256748
0.0758527
0.0215072
0.0212907
0.0219705
0.0645102
0.0291372
0.0306826
0.0934377
0.0407355
0.0250519
0.517227
0.0216707
0.0223861
0.0221215
0.0212862
0.490079
0.022206
2.04489
0.0309183
0.0238118
0.0718365
0.0504497
0.0225646
1.56916
0.0217205
0.021455
0.0214082
0.0564654
0.0215091
0.0216837
0.0212479
0.0235883
0.0215415
0.0560959
0.02058
0.256662
0.0293136
0.028369
0.0227757
0.64077
0.0218107
0.433555
0.0214319
0.0216552
2.35688
0.0223191
0.0199733
0.74906
0.0226761
0.0369907
0.0221188
0.021519
0.12497
3.46515
0.0213747
0.550136
0.0196279
0.0227892
0.0218361
0.702471
0.0466573
0.0219047
0.0217058
0.0226328
0.205852
0.0213394
0.0221336
0.0232947
0.0405134
0.021251
0.0212727
0.0217547
0.233369
0.0214061
0.0212827
0.0197175
0.0214174
0.0212669
0.799891
0.02183
0.0345483
0.0210217
0.0476433
0.30928
0.0220286
0.0492368
0.0211213
0.0214103
0.0208106
0.0213409
0.0229087
0.0220299
0.0218853
0.307528
0.0793415
0.0211959
0.531685
0.020911
0.0764813
0.0269582
0.0222588
1.06978
0.0214836
0.021593
0.0217978
0.0204268
0.035118
2.38032
0.0231993
2.10611
0.122042
0.838451
0.0213974
0.0219575
0.0265611
0.832665
0.292359
0.02197
0.0230632
0.0223335
0.0220437
0.212986
0.0332601
0.0196704
0.0218438
0.0217097
0.02106
0.0320514
2.27947
0.0221773
0.0214475
0.0210232
0.0213102
0.291471
0.804163
0.0205193
0.0366533
1.81576
0.0202428
0.021646
0.0236464
0.0215333
0.0267532
0.0214198
0.0406212
0.068568
0.0224951
0.021638
0.0224878
0.306535
0.0227827
0.0219777
0.105802
2.00366
0.277508
0.0216596
0.0204948
0.799348
0.0211189
0.0208217
0.254528
3.25112
0.0220384
0.0229739
0.0214104
0.0215061
0.490169
0.0204628
0.0237968
0.0204483
0.0210875
0.117062
0.0219332
1.52773
0.240093
0.021365
0.0667251
0.0232334
0.267078
0.0214869
0.0223788
0.0217428
0.0202852
0.0212823
0.0521887
0.0622765
0.502318
0.0226546
0.0214777
0.0228586
0.021322
0.230509
0.279508
0.0215547
0.500332
0.288673
0.509774
0.295931
0.0224908
0.0217131
0.0213297
0.0938854
0.0400753
0.109461
0.618387
0.021353
0.291523
0.891387
0.0209997
0.0211545
0.0210052
0.0214528
0.274966
0.860101
0.0210312
0.0211716
0.215294
0.0212677
0.049115
0.0214361
0.0210473
0.0202979
0.019795
0.501397
0.019628
0.0223981
2.1337
0.0213075
0.655757
0.0205025
0.0213924
0.0215769
2.29529
0.0236155
0.0210586
0.0872091
0.0243866
0.0203836
0.838741
0.0210046
2.28897
0.0229361
0.25577
0.055275
0.0809522
1.74189
0.0210333
0.024695
0.264471
0.0223774
0.0225541
0.0780234
0.312491
0.263071
0.0209029
0.084911
0.0310296
0.0210502
0.0350423
0.0214584
0.024337
0.0209385
0.47088
0.0381623
0.321319
0.0606478
0.0216554
0.843487
0.249828
0.0217051
0.019939
0.0363702
0.0225091
0.248528
0.0220111
0.0665276
0.071501
0.0211922
0.0223549
0.0321872
0.0218131
0.03199
0.0239229
0.0217448
2.34164
0.0216279
0.0228024
0.0276658
0.0212886
0.272838
0.0237597
0.382976
0.0213322
0.260581
0.0211693
0.0221348
0.0253729
0.0213106
0.0213902
0.0519277
0.0290917
0.0325164
0.0253435
0.0210008
0.0213879
0.0210619
0.0213977
0.0226908
0.0214159
0.708664
0.0324666
0.0224354
0.0202456
3.16684
0.0219613
0.0206469
0.0208283
0.0824816
0.0233252
0.0331752
0.0225476
0.0212743
0.0213086
0.29313
0.0214835
0.0267716
0.0213063
0.0201142
0.0236206
0.100576
0.0243894
0.021336
0.0832083
0.0223379
0.0212966
0.0215533
0.0214975
0.287458
0.291704
0.0313229
0.0221951
0.0208063
0.293652
0.0679902
0.0223156
0.235972
0.0212422
0.234237
0.337192
0.0203956
0.0221573
0.0208437
0.0213752
0.0210021
2.36355
0.0220318
0.0216353
0.0216225
0.020937
0.0216296
1.21636
0.0218904
0.0907949
0.520999
0.566663
0.0222014
0.0209481
0.0210075
0.0213956
0.0589245
0.0405327
0.0222114
0.0218161
0.0217749
0.0217064
0.0213597
0.0266706
0.021352
1.60513
0.0210874
0.0278857
0.0215442
0.0219255
0.0223508
0.0228655
0.0213392
0.162884
0.285582
0.0213398
0.022341
0.0213446
0.0209077
0.108117
0.0214494
0.0210324
2.55535
0.81112
2.90318
0.0215739
3.16018
0.0213956
0.0213713
0.0221977
0.297983
0.155049
0.0221797
0.189724
0.0220484
0.0224639
0.0380296
2.7842
0.021543
0.0219889
1.96474
0.0212962
0.0216828
0.695771
3.24044
2.08684
0.0216949
0.0212279
0.0212154
0.0687543
0.0725775
0.0214108
0.0220877
0.0226849
0.02148
0.0215769
0.0213652
0.0229227
0.0413291
0.0413379
0.0213095
2.28228
0.020973
0.0793584
0.0251325
0.021319
0.033678
3.44806
0.0614435
0.0215477
0.0221314
0.0270166
0.0212566
0.0227529
0.0209423
0.0375091
0.0364983
0.0215912
0.28345
0.0228166
0.0214396
0.0532563
0.0214508
0.256292
0.0214639
0.0218514
0.0837656
0.03327
0.0253165
0.0215432
0.0230389
0.239862
0.250397
0.0215126
2.79987
0.0334646
0.0225143
3.12465
0.0217049
0.0235266
0.0214726
0.0249468
0.0316824
0.021308
0.0218459
0.02142
)
;

boundaryField
{
    frontback
    {
        type            empty;
    }
    topbottom
    {
        type            fixedValue;
        value           uniform 0.0223;
    }
    outlet
    {
        type            zeroGradient;
    }
    inlet
    {
        type            fixedValue;
        value           nonuniform List<scalar> 0();
    }
    walls
    {
        blending        binomial2;
        n               2;
        beta1           0.075;
        type            omegaWallFunction;
        value           nonuniform List<scalar> 0();
    }
    procBoundary3to1
    {
        type            processor;
        value           nonuniform List<scalar> 
147
(
1.62655
0.942678
0.811854
0.241794
0.362734
2.15106
2.02978
0.549748
0.413037
2.04113
0.374504
2.23062
0.289782
0.365595
0.319913
0.151632
0.819225
1.5282
0.301286
0.782222
0.0898046
2.01737
1.50528
0.455358
1.80501
0.535294
0.165904
0.669983
0.804154
0.278181
2.21808
2.21808
0.242823
2.19015
0.682893
0.246143
0.422603
1.81821
0.155081
0.907475
0.3099
0.319964
0.288656
1.46969
0.228044
0.963123
0.319964
1.45052
0.288161
0.189119
0.324958
0.239194
0.366716
0.220965
0.276175
0.324728
0.27559
0.274972
0.302984
0.2019
0.256641
0.262269
0.271516
0.248613
0.326335
0.217
0.322764
0.211999
0.246773
0.30479
0.263301
0.272889
0.31055
0.351541
0.266719
0.361694
0.251952
0.247733
0.438625
0.32819
0.205256
0.309021
0.184993
0.437699
0.426404
0.255695
0.228992
0.295725
0.436374
0.533882
0.331082
0.374504
0.426404
0.191144
0.437701
0.549461
0.351377
0.156077
0.422077
0.528731
0.542323
0.283562
0.494179
0.470646
0.305787
0.129112
0.114905
0.49543
0.365666
0.114905
0.356051
0.303888
0.716957
0.291438
0.372869
0.677876
0.707241
2.03475
0.655302
0.707241
0.118698
0.365383
0.686682
0.147453
0.179417
0.570456
0.159338
0.604022
0.363934
1.54972
2.03475
1.81504
2.0478
1.45213
0.20807
1.96627
2.10769
2.44461
0.364831
1.71896
0.96043
1.58427
1.71896
0.253997
0.261726
2.16157
0.326335
)
;
    }
    procBoundary3to2
    {
        type            processor;
        value           nonuniform List<scalar> 
73
(
0.0224303
0.02234
0.0214607
0.0214362
0.0346616
0.0326178
0.0234246
0.0619979
0.0456115
0.136908
0.0221928
0.0220849
0.134394
0.0218004
0.0221928
0.0293566
0.0308597
0.0326178
0.0215428
0.0248264
0.0254438
0.0214038
0.0220824
0.021972
0.0236589
0.103327
0.0857822
0.0218796
0.0214468
0.0230837
0.051446
0.0262229
0.0214284
0.0217341
0.021521
0.0308597
0.0243231
0.0228314
0.0220849
0.021675
0.176358
0.176358
0.0281261
0.0214079
0.0214962
0.0214013
0.0413881
0.0214201
0.0215898
0.0739394
0.134394
0.021627
0.0391764
0.021404
3.10703
1.08133
0.0225878
0.0238578
1.08133
3.10703
0.021475
0.0214134
0.0577001
0.0358667
0.0271204
3.61649
3.53269
0.0739394
0.0214372
0.0214901
2.89499
3.22239
0.0215578
)
;
    }
}


// ************************************************************************* //
