/*--------------------------------*- C++ -*----------------------------------*\
| =========                 |                                                 |
| \\      /  F ield         | OpenFOAM: The Open Source CFD Toolbox           |
|  \\    /   O peration     | Version:  v2012                                 |
|   \\  /    A nd           | Website:  www.openfoam.com                      |
|    \\/     M anipulation  |                                                 |
\*---------------------------------------------------------------------------*/
FoamFile
{
    version     2.0;
    format      ascii;
    class       volScalarField;
    location    "750";
    object      omega;
}
// * * * * * * * * * * * * * * * * * * * * * * * * * * * * * * * * * * * * * //

dimensions      [0 0 -1 0 0 0 0];


internalField   nonuniform List<scalar> 
9793
(
0.0224378
13.9471
0.0219417
2.52349
0.0222597
0.188043
0.080676
4.77062
0.0221615
13.5607
0.0221966
0.0221873
0.0219193
1.54497
0.0218018
0.0268052
0.0520341
0.0219363
2.13451
0.021567
0.0216457
0.0222917
2.50579
4.96066
1.63654
0.0267318
0.022099
0.022262
0.0215776
0.0771029
6.9262
0.346878
0.0220116
0.0219477
0.021869
0.0284375
0.0247847
0.0251534
1.44958
0.0304493
0.066761
8.39975
3.79388
0.0222717
0.0219631
0.022043
5.34056
0.0222843
0.0217717
0.0219433
0.0281893
0.0218524
0.0369243
0.0222686
0.0332623
2.10226
0.0219274
0.0878592
0.0217754
0.0222914
0.027286
0.0963511
0.0219546
0.035026
0.0219629
0.0220865
23.0968
0.0242416
0.0253021
2.97936
0.0220012
0.103974
4.28993
3.60901
3.85108
0.0222625
0.0462965
10.3945
0.0219829
0.0222705
0.0495853
2.08373
0.0502288
0.0239795
0.0253215
0.22456
0.0222611
0.0673097
1.45216
0.0932197
1.7246
1.05471
1.21302
0.0407023
3.62179
0.0219137
4.32529
0.0494357
0.0246976
0.0222685
1.28233
0.0350932
2.01118
0.0219681
3.13874
10.2289
3.71189
0.02188
0.021987
0.0222835
0.0222335
2.04531
3.25923
6.70296
0.0219778
0.0221124
0.0247106
0.0220509
1.77494
0.0220288
2.68772
0.0716579
6.1166
0.0415061
0.0248194
0.0220348
0.0590781
5.44424
0.186698
0.202257
0.0239484
0.021813
0.0223276
0.0234627
0.027351
0.150841
0.57734
0.0247567
0.0222736
0.0592285
2.21865
0.0276101
0.0219626
0.0551006
5.17629
0.565731
0.0220356
4.15217
0.0218102
0.0220294
0.0220694
16.8234
0.0242469
0.0220919
0.0219296
1.14824
0.0553299
0.02195
0.481674
0.0219343
0.063179
0.0240495
0.0216519
0.355927
0.0221567
8.73317
1.91082
0.0223595
0.0218809
0.0222173
0.0219782
5.78906
27.3008
1.67709
0.0219133
0.172412
0.132085
0.725719
0.0219685
0.0241833
3.48388
6.57518
0.0789895
0.0220358
0.0220735
0.0218745
6.66065
4.15429
19.7921
2.13444
0.0220125
24.524
0.416272
0.0256033
0.0218367
0.0233766
1.9971
0.0216037
0.0219349
0.0222039
0.0220233
0.0216519
0.0292439
0.0253128
1.65925
0.0219384
0.0279467
0.0223604
0.0223918
0.461399
0.0568515
2.37564
0.0216414
2.63592
0.0240036
0.0442149
0.0218126
0.146938
0.0221213
0.0513746
0.0527087
0.0216534
1.45836
1.76078
0.0390329
0.0219028
0.050142
1.78353
0.0503666
0.0511289
1.49048
0.13696
0.0417158
0.0357156
0.386621
0.0216366
4.24406
5.72361
0.0216093
0.0222223
8.05086
0.0219215
0.0222313
0.107298
0.118308
0.0220775
0.0242319
0.0289578
0.038109
0.0243175
0.0219744
0.0436372
2.82403
0.0216497
1.68642
0.022262
0.0221699
0.0216694
2.04029
0.021979
1.91144
2.58397
0.0221032
0.022131
2.38724
0.021867
0.0222397
0.0218412
2.36298
0.27019
0.0250585
0.423431
0.0820588
1.93319
3.71816
0.022372
17.2915
0.0222643
1.79441
8.29372
1.44891
2.79386
0.134557
0.0239855
0.0465605
0.024893
0.0218824
0.0224972
0.443533
0.0269072
0.0221395
0.0222838
0.0216389
0.0216919
0.0216514
2.29366
0.0218714
0.0217924
0.0219064
0.0219208
4.99314
0.536781
0.0656542
0.0229631
0.0555068
0.0220291
3.69015
12.683
0.0219732
2.95433
0.0332177
0.0219579
21.7298
3.87321
0.0220193
0.0458042
13.6551
0.0221803
0.0344629
0.021793
0.0222712
1.94154
0.0411868
0.0219562
0.0220223
0.022828
0.165185
3.34653
0.0219451
0.0218742
0.0217776
6.40006
5.19127
8.08867
0.0216246
0.0434536
0.0353655
2.04566
0.0662868
0.0216444
0.0217032
0.0217782
0.0450662
0.0220961
7.55336
0.0220882
0.0217891
2.21667
2.17933
2.32714
0.0217742
1.28491
0.0247051
4.19104
6.52225
1.56979
0.0236362
0.0314884
0.674538
1.58866
1.978
0.0267899
0.0222634
0.0254697
0.0217377
0.0218562
0.0220779
0.0220812
0.022292
8.91312
0.0222065
0.059353
0.0300995
6.18448
0.0216406
0.0240616
5.32262
0.511583
1.64334
0.064481
0.0217917
0.0237127
0.0219447
0.417936
0.021571
2.24377
0.154183
0.0810673
6.28094
1.96331
0.0221373
0.0219012
1.03224
0.370715
0.0219368
5.45738
0.0221313
0.0221756
6.79892
0.0216397
0.0892628
0.0216446
1.93435
0.0220936
0.0221709
2.265
0.0970478
0.0544137
0.0256116
0.0220745
0.0218514
5.53299
0.0492064
0.0215928
0.0221946
0.0345264
0.0354845
0.0542949
6.36218
0.0221956
0.0219449
0.349033
0.022081
2.4533
0.703514
0.0220653
0.0220163
0.022451
0.0221163
0.0217647
1.29574
0.0517825
4.00906
0.0293685
0.023607
0.0417044
0.0248565
1.62766
0.0264934
0.0222678
0.0242606
0.465216
0.0219669
0.0219383
0.0219999
0.021574
0.0219865
0.0218117
0.0220445
0.0221576
0.0229226
0.0248618
0.106573
0.0220102
1.46238
0.0257982
0.204475
4.65434
0.0218866
2.36475
0.0786659
0.0218417
0.0215747
0.0219696
3.13207
0.083278
0.0215709
0.0221207
0.0221972
0.069099
0.148735
10.2982
0.0219762
0.0219304
0.0319524
5.98211
1.41448
0.0238105
0.0234598
1.7502
8.74298
0.257513
0.022225
0.0218011
1.56497
0.0219182
0.130013
6.84671
0.0215815
0.238115
0.0269083
1.28671
0.0218517
1.8719
0.260581
0.0262982
1.89963
0.0219158
1.81412
0.0220948
0.0218972
0.0222231
0.0219499
3.24662
0.0219092
0.0217501
0.0229087
0.0216323
0.021802
0.0456978
0.0228281
0.0343602
0.0220337
0.022038
4.05426
0.0763273
0.0237592
1.72754
0.0244326
0.0222222
0.0219835
0.0217643
10.3421
0.0217429
0.0220692
7.24777
8.17226
0.038924
0.0219265
0.0222841
0.0221643
0.0222409
1.61842
0.0222315
2.47867
0.0244146
1.892
0.022262
16.5743
0.0222472
0.212502
0.0219243
0.0876993
3.97633
0.0221034
8.442
0.0219151
0.0222182
0.0216353
4.36724
1.7052
0.0219776
0.0276743
0.0217422
1.70891
0.0218812
0.0442732
1.78809
0.0254711
0.0220264
0.0459537
0.0222451
0.0222222
0.0217938
0.100049
0.0219558
1.86131
0.0220516
0.0221118
0.0390282
0.0761812
1.98555
0.0217799
15.8919
0.0218968
0.191849
0.0219284
0.0223191
0.021914
0.0220495
0.0222682
0.206224
0.0418548
8.55907
0.104022
0.0356071
0.0343455
5.36332
0.0237491
1.57533
3.55642
0.245814
9.60678
5.68556
0.169827
0.0222306
3.3891
0.0387191
0.0222091
0.329744
0.0222509
0.437631
0.0358027
0.205314
0.0279935
1.84188
3.99867
0.0367701
0.187466
0.022216
0.622862
0.0229681
0.0219267
0.0220843
0.0239221
0.0456987
1.43593
0.265491
4.12638
0.0234633
0.0234902
1.27145
0.350888
0.0231987
0.0595466
0.0224161
4.92169
2.35192
0.0220592
0.0659245
0.298433
4.07811
0.0219578
0.0259332
7.14444
0.0286317
7.25622
0.0915351
6.13988
0.0257483
0.0238513
0.0219346
0.021929
0.369009
0.0222842
0.619872
0.122602
0.0792141
0.0222596
0.0222238
0.0239102
0.0222725
0.0218348
0.0219226
0.0954309
3.23371
1.67973
0.0222797
0.307191
0.0219505
4.15006
0.0458783
0.0476168
0.0347041
0.239417
0.0217537
0.0220602
0.0433879
0.021918
0.0221151
0.0583172
1.29492
0.0216511
0.274218
1.5166
0.0244973
1.836
1.58875
0.0218286
0.0533413
0.0274641
0.0220054
0.0216298
0.103583
1.49924
4.14481
0.0219845
0.0220168
0.021675
0.0251627
0.0228558
0.0238474
0.600018
0.0455997
0.0221514
5.40064
0.0293444
0.0338712
0.0220717
17.0605
0.0238375
0.0219182
0.0805786
2.114
0.0216029
0.0220506
0.0219505
0.025765
0.0217495
0.0374626
0.545662
0.0221978
0.0995648
0.0229841
0.0220199
2.67435
2.92336
0.446446
0.0220747
0.0216184
4.9051
0.0260958
3.78506
0.0215798
0.0219178
5.93338
2.29507
0.029526
0.0965926
0.0642603
0.0219
0.0222717
0.0219612
3.18581
0.0220571
0.0222928
1.46458
0.027803
0.267464
0.033332
0.0219363
2.59708
0.0222681
0.0219231
0.0219504
0.0306863
3.36248
0.0221618
0.0219724
0.0219167
0.021906
0.0219426
0.0219464
12.0069
0.0317183
0.0228526
0.0221097
0.0317894
0.059274
0.0267711
0.0288742
0.0222839
0.0216683
0.0233231
2.05505
2.21483
0.0234577
4.02404
0.0222153
0.0253068
0.900272
2.21134
0.0217942
0.0221803
0.363268
0.0500314
0.0219074
0.0222486
1.9248
0.0222681
0.066695
0.0220114
0.620901
0.0222475
0.0223084
0.022127
0.0306331
0.0222199
0.0246113
0.0263944
0.172536
0.0218662
0.0219971
0.0222498
0.0218926
0.0221973
0.0220434
0.0303765
0.0221114
0.0510491
1.76325
0.042037
0.0611267
0.0222018
0.0217933
6.04134
3.7971
0.0216199
1.77368
6.60697
0.0216247
0.0219681
0.0218846
0.0922112
0.0529106
2.4262
0.0218602
0.0250331
0.0218616
0.0223194
0.0222909
0.0837081
0.0221715
0.228089
0.022093
0.0580176
0.0218955
0.0231667
0.0219252
0.0391672
0.061988
6.12876
2.53301
1.74208
0.0467182
0.0219189
2.9173
3.75584
0.0603026
0.0220823
0.0220846
1.98149
0.0218779
3.04837
0.0216565
0.0295177
0.0222586
0.0222698
0.0218001
8.23631
3.12729
2.80119
0.0741009
4.82449
0.0219543
2.64618
10.2616
0.0222705
0.0220976
0.021735
3.99151
0.0215731
4.53517
0.0327401
0.132638
0.0222752
0.817182
7.04289
1.74511
0.0295065
0.0314556
0.0220407
19.2365
0.0215597
0.639934
0.200487
0.0687187
9.55504
3.11017
0.0239452
0.0233869
0.021949
0.0998058
4.8203
5.06052
0.0217492
3.8865
0.0263299
0.117214
0.127817
1.31474
1.35255
0.0217003
0.0261655
0.030349
0.02439
0.0242334
2.38244
0.0221968
11.3519
0.0218099
0.0216752
0.0758904
0.106272
3.93038
0.0226509
21.0422
12.3671
0.641106
0.0271763
0.022233
0.0226522
0.022227
0.0219296
0.722652
2.97774
0.0221854
0.0219298
0.0316968
1.71664
0.0257777
0.021929
0.433849
0.0219437
0.0222749
0.0215701
0.0591041
0.02203
0.0251545
4.20293
0.0592559
0.0223015
4.15378
0.132484
0.0219401
0.0231856
0.0332163
0.0222624
0.0219652
0.0217613
12.3209
3.3348
0.0222243
0.0348255
0.036793
0.607842
0.0219652
2.89756
0.0218643
0.0217568
0.734466
0.238168
0.0628671
0.0220574
0.0218999
5.17187
1.33236
0.265927
2.83124
0.0221025
0.0241195
0.0220155
7.43566
0.0243025
3.18963
0.0227725
0.0219417
0.023869
0.0216958
0.0218774
0.0637652
0.0217868
2.8263
0.0218425
0.0222205
0.0215923
0.0251167
1.60394
2.67735
0.0515863
4.89963
0.0219805
0.0359262
0.0234549
7.50092
0.0219251
0.0216799
2.29508
0.0347625
0.0330233
0.0221114
0.223546
8.24328
2.19923
0.0221584
0.0348087
0.956804
0.0314723
0.73594
0.114903
0.0785044
0.0217809
0.022629
0.0599296
0.0770714
0.0219876
0.102254
0.0217427
0.0221829
0.022282
0.021776
0.0219202
0.0219907
0.808382
0.0256316
0.0229631
0.0454612
0.0217574
0.0219333
0.0377635
2.58828
0.0860753
0.0596292
2.14638
0.0222339
10.1458
0.029278
5.26703
0.0608665
0.0222018
0.0221403
0.0235298
9.56894
1.72722
0.0499089
0.150946
0.0216644
0.0219241
0.022248
0.022201
6.88327
0.0255795
0.0219977
0.145758
0.305349
5.41225
0.0227562
2.14163
0.0568879
0.0395181
0.0320748
0.450625
0.230757
0.0222552
1.37841
0.268288
0.0393076
2.06816
0.044209
0.0222649
0.0222638
0.0219245
0.0231862
0.0274144
21.3936
0.0494576
0.0218712
0.278843
0.0220035
3.97956
3.33928
0.0219571
28.0992
0.0218327
0.0217649
0.0221178
1.37136
13.6314
0.0477933
0.0315939
0.0217714
0.466952
0.0222313
0.0306846
0.0220904
0.0221705
0.0219368
4.72627
0.0228376
0.0427254
0.0289497
0.0222115
0.350626
0.126217
0.0341254
0.0253187
0.02384
1.70153
2.19872
0.0219885
0.0217731
0.0219866
0.0225965
4.65357
12.2315
0.191929
0.0256081
0.0217922
8.87513
4.82528
0.0222175
22.7026
0.0217184
0.0806959
12.804
0.0217487
5.63645
8.54983
0.119082
5.60158
5.14256
0.0218629
0.022712
2.45895
1.39363
0.0225828
4.50213
0.0248681
0.0219204
0.0222738
0.0232737
0.0392467
0.0251632
0.312047
5.75837
0.239293
0.0346083
0.0220789
0.0589995
2.17593
0.0217687
3.60798
0.0468776
0.0222199
0.0246012
0.0222415
0.0222241
0.0317602
2.29545
0.02259
0.0217957
5.18688
1.33285
0.0684826
0.0222613
0.0547225
0.0219346
0.0219313
3.62994
7.06279
0.0219213
0.0214933
2.42469
4.04979
0.0475281
0.0222887
9.75987
0.02279
0.0219283
0.0243098
0.0219322
0.0216582
0.0216276
9.41162
0.246811
0.0258897
1.64852
0.044392
1.31277
7.8542
1.84951
0.151743
0.0219542
0.0222386
0.0223721
0.0219923
0.0741109
0.0218836
0.111428
0.0289163
3.40979
0.0220466
1.39297
0.0369221
4.97379
0.0219248
1.73997
0.0299976
0.168161
0.237423
0.0307981
0.0216243
8.39408
0.054507
1.19476
0.0216153
4.79354
0.0220263
4.1264
0.454152
0.043547
0.0219294
0.0220892
1.61292
6.41192
0.0317068
0.0216179
2.39376
0.0832199
0.04391
2.38002
0.0784321
0.0219439
3.15586
0.0219271
0.0330033
0.0216526
7.54019
0.0216572
0.023907
0.302298
3.6037
0.0222218
0.0652019
0.0245118
0.0792663
0.0218817
0.311597
0.0235521
0.0633002
0.0219601
0.0219851
1.90682
0.0285392
4.23098
3.78674
5.06618
0.0227917
0.0216703
0.0217706
0.0255925
0.0361888
0.0309382
5.38588
0.0235374
1.56978
0.0419112
0.022281
0.0219533
0.0676752
0.365606
7.91221
0.0219211
1.50403
0.0218646
4.7934
1.44322
0.0458629
0.0219965
0.021744
0.0424115
1.44312
0.0242752
0.0222687
0.0241197
0.0438
0.0230854
1.42419
2.02962
3.82711
0.0221561
0.0262351
11.0914
0.0221865
0.063411
0.0218183
0.743969
0.0363938
0.0219519
0.0433691
0.186078
0.0220301
1.85072
0.0219245
0.130044
0.240692
0.422397
0.302078
0.0221662
0.0222322
17.5856
0.022181
0.039824
0.0803208
0.0235423
0.0215504
10.7074
0.0250947
0.422097
0.0237198
0.0667305
0.0225613
0.422047
0.0253706
0.0246158
2.01919
1.1663
0.0220886
0.022273
0.160457
1.95028
1.93478
0.770958
0.0294516
0.0219274
0.0218138
1.64352
0.0221383
5.06833
0.0951163
2.12561
0.022107
0.0217246
0.0217992
0.0421788
0.0470425
3.66087
1.3555
0.722188
0.214286
0.0216091
2.5157
0.0230369
0.062729
0.022981
0.0395447
0.0622517
0.0219319
0.0215798
0.0632772
0.0216436
0.038875
0.0722066
3.24411
3.87504
0.0380718
1.61336
0.0217542
0.0216656
0.0220737
0.200769
0.0617963
0.0457205
0.10775
2.90669
0.0395353
0.150706
0.0218238
0.0221784
17.3865
0.0219392
0.284563
0.0214739
0.0218764
1.91861
0.331078
0.0218708
0.0771415
0.511423
3.19246
2.04797
0.0250147
0.0666026
0.04866
3.62036
0.0220741
4.47885
5.91313
0.0238565
0.0263019
0.0216203
0.47569
0.0218012
0.0219841
1.38751
0.0222462
0.0215769
0.186956
0.0587073
1.33427
1.32019
3.29808
1.64639
0.0216713
0.0219217
0.0218776
0.022205
8.14674
0.0220902
1.64136
0.0230159
4.0688
0.0246599
0.0221486
0.0216869
0.0222708
0.0304365
0.0220728
0.0215392
0.308374
0.0218304
0.0511346
0.0225064
6.26801
0.0247287
0.0220792
0.0220303
0.0517969
0.0219074
0.0217655
0.0220882
0.0222146
0.0249514
0.0218676
0.0233925
0.0319981
3.16912
5.24403
4.08312
2.39263
0.0217742
0.0220046
0.0219298
0.0214366
0.0219373
0.0217414
0.205015
0.0218745
0.0222518
0.0220683
0.0220423
0.0219535
7.26528
0.0245426
0.0219715
20.7744
0.0428794
0.0217167
8.73449
6.88381
0.0220191
0.425612
0.688222
0.0220618
0.0467484
0.0241058
0.0215619
0.0274281
0.0221116
0.0405435
0.0220121
0.0222473
0.0217524
25.4205
0.0287934
0.0458389
0.0220321
0.0222653
4.0499
0.025986
0.0220353
0.0238258
0.02418
0.0222519
0.227721
14.1412
0.889295
1.36078
0.227793
0.0376075
0.0222598
10.4007
0.151337
0.0227663
0.0581011
0.0222932
0.0219129
0.0222463
2.54235
0.0462599
0.0219979
0.0220411
0.172105
0.0217363
0.42017
0.0219786
1.85475
0.214388
4.47831
0.0220798
0.0233009
0.0322223
0.035657
0.0222792
0.0390452
0.0883597
5.77867
0.0220492
0.509494
9.2465
0.0215821
1.70232
0.0436935
0.353642
0.101778
0.0219275
0.0277682
0.0399653
0.0216901
0.0250314
0.0215482
4.61549
1.43271
0.0326954
0.0218299
0.141513
0.0760872
2.75444
0.289874
0.0233596
0.0281721
0.0219502
0.0219479
0.040029
0.0517925
21.1668
0.0218257
0.473051
0.0227077
9.35827
0.16602
2.05109
0.0216051
0.02303
2.03636
1.78422
0.0434557
1.86816
0.0230744
0.263735
0.021914
0.0218695
2.55084
0.748792
0.0252137
0.0220936
0.0747696
2.1618
0.192956
0.0658452
0.0217792
0.0220133
0.0217213
2.3634
4.2161
0.0217651
0.0443153
1.6053
0.0720665
0.260825
1.52712
6.00839
1.87202
0.0217816
0.0229818
1.50049
0.0218965
0.0494833
1.55096
10.6607
0.0235112
0.0306247
4.8982
0.655529
2.00991
4.50309
1.55751
1.30082
0.0221105
0.0216286
0.021991
0.0226807
22.0595
0.0558129
0.371958
0.360444
0.0565169
0.0219627
0.979345
0.0217247
0.0304317
0.0219223
0.0409457
8.60943
1.71422
0.0220709
0.0216123
0.0391957
4.43979
0.174465
7.85832
0.0452264
0.0220752
0.083732
0.0214729
0.0974736
0.0324685
0.0219236
4.34876
0.176
0.48804
0.0566286
0.0222599
0.0216026
4.49988
0.0254756
0.0216292
0.0221451
0.0222559
0.021688
5.36948
9.09878
1.86975
1.43253
6.7054
0.0243227
0.021945
2.57159
0.0244372
0.0884192
6.08205
0.0218678
4.7342
2.72346
0.0585964
0.0340362
0.836105
0.0231384
1.82483
0.0373428
1.83463
0.0218323
0.0228914
0.0408824
3.22932
0.108176
0.0687185
4.62083
1.82594
0.0733795
0.150427
3.27069
0.024189
0.384859
16.6099
0.03573
0.0631045
2.72006
0.0321434
0.0368688
0.0221031
0.0362727
0.0386206
0.0552056
0.0220879
8.16049
0.164666
1.65
4.68644
2.05421
0.0397675
1.5937
8.20558
0.0218485
2.32626
2.65093
8.14666
0.027801
0.0244237
1.43037
8.3494
0.0216232
0.236775
0.0217567
0.0219109
4.1738
0.0256486
2.20209
1.3598
1.8382
8.14032
0.0216262
0.0348026
0.0220037
0.0218456
0.117409
0.0555276
0.0264935
2.75924
1.74597
0.0222731
0.0261947
1.33975
0.0235517
0.379375
0.0486501
1.35089
1.3377
0.364526
8.70041
6.3041
1.69483
1.3401
1.64077
0.0318825
0.0253354
0.114341
0.117086
1.58159
7.96866
0.0221318
0.0227747
5.60892
2.2142
0.0248816
4.57418
0.0219428
0.853877
4.18669
4.07197
0.0219234
1.50327
1.50944
0.0267584
0.0346635
4.96085
4.35162
4.22785
3.43293
0.0220074
4.91297
1.49883
0.0409371
0.21113
0.109323
0.0217392
0.0265216
3.41095
2.12454
0.0245214
0.0221716
1.35811
0.0886923
1.73241
0.0719371
2.11441
1.35618
0.0219917
10.8041
0.0222852
0.030476
0.0220857
0.02188
0.0217087
0.0369219
0.26903
0.0214977
12.5848
0.0714048
6.01941
8.5441
1.88009
0.0219096
4.076
1.54851
1.91722
0.0343938
0.0219309
2.5421
0.380323
1.90109
0.0565431
0.0235744
0.0216919
3.42771
5.31868
0.0334282
12.7165
0.0315093
0.0222062
1.27745
0.0552913
18.4143
0.0219227
0.0300583
1.5409
4.20683
1.37353
0.217755
1.35101
1.59398
4.90548
0.0220473
8.82079
0.0476014
0.0218509
0.0215673
0.0219449
4.92635
0.0502399
1.34752
1.44339
0.0369992
0.155129
0.0803326
2.45171
0.277218
5.30121
4.67381
1.29215
0.0869463
0.0216633
1.00046
0.0569411
0.11855
1.27181
2.4503
1.69652
0.022095
0.0240931
0.0492685
0.0220589
0.0219745
0.0275659
1.35923
0.0291274
0.0257293
1.25821
0.0724693
0.288509
3.27495
1.38011
0.397427
1.7385
4.41701
2.1225
0.0630386
0.0308621
0.0221357
1.32668
0.102378
0.206327
0.0641144
0.0617526
0.0214533
0.165218
5.68233
0.0269364
0.0215899
0.0231936
2.71016
0.0218786
0.0220253
0.0609865
1.42448
0.0288085
0.0551719
0.174366
0.0307535
0.0579387
0.0218766
0.0219821
0.0407189
0.209012
0.022264
0.0310188
0.281034
6.43589
0.0221493
11.5249
0.0218933
1.38123
0.023342
0.0234935
0.0215572
0.166896
0.0344734
5.67014
13.133
0.0688339
0.0221619
0.0220058
5.09192
2.07419
0.0218784
0.228223
1.49386
0.0515624
0.0783242
0.0214359
0.0226774
0.0219306
1.29363
0.0417225
0.0220498
6.4067
0.0223799
0.0589154
0.237978
0.0217406
0.0962706
0.058615
18.8401
0.0224554
0.0264176
0.0235136
0.0532839
0.0214107
0.0219125
5.29159
0.300713
0.0724262
0.0219442
1.73224
0.0223955
0.0223827
0.0219575
0.404085
6.09024
0.0237326
9.78041
1.12867
0.0624603
2.89532
3.59892
4.98218
6.07112
0.0521522
0.0626235
0.199819
0.0472524
0.0219505
0.0304495
0.029506
8.42398
0.0220787
2.9917
0.0219791
0.428301
0.0875408
0.0228015
0.0231911
6.27491
14.7512
5.33616
1.45424
0.0218157
0.0670562
4.14223
0.0259929
9.1511
0.0411419
0.110276
1.49942
0.0348158
0.0219926
0.117802
0.138969
0.0219282
1.37558
0.636086
0.0217147
0.0222393
0.0221211
0.022009
7.05447
0.0220745
0.0467513
0.0220245
0.0224554
0.0328345
0.0219416
1.31078
0.0803315
0.0221592
0.0216351
0.103785
0.0233524
0.0565363
7.01114
4.47349
0.052347
0.269694
0.0407376
0.0215995
0.12709
11.3547
0.0375992
1.34859
5.8449
0.0764158
0.0383342
0.0285404
0.0648158
0.0379451
5.16044
0.0221131
0.0221675
0.021876
2.19903
8.36464
0.0359269
0.103984
0.0218886
0.0269692
0.10589
0.24455
0.0219343
0.0588618
1.72662
0.0896437
0.0219914
0.0219464
19.8473
4.96805
0.0219392
0.522361
0.0305798
0.182463
0.343459
0.0218672
2.79127
0.0290274
0.0220246
2.42076
0.186962
0.0219286
0.0221623
0.238097
0.0217837
0.0220406
0.153453
0.0424143
0.0460875
5.78169
0.0251576
0.0419319
1.66264
0.0218535
8.72074
4.26379
0.0250337
0.0585392
0.166189
0.0219806
0.14741
0.0214718
1.87084
1.49559
0.0220031
6.49022
7.22201
0.0219576
0.021948
0.56455
0.0381884
1.42424
1.39927
0.0220955
0.0424345
4.51366
0.0227369
0.0473412
0.067355
0.0337533
2.74205
0.18938
0.0235785
0.204886
4.59649
0.0461414
2.75669
0.0219126
0.0215544
0.0222674
0.0427691
4.4123
0.0220655
0.033387
13.0018
2.60728
0.0222176
0.0295653
1.91091
1.36484
0.0222246
8.8682
0.0330399
0.0834581
0.0339014
0.0230681
0.0258019
0.021977
0.0219637
5.67064
0.0219335
0.052802
0.0219832
4.34822
0.0235616
0.0243132
0.0215963
0.023768
0.0219828
0.0406275
5.08293
1.67776
0.0374547
0.0429418
0.0219672
0.0317705
0.0499762
1.91039
5.24553
0.0218333
0.679955
0.0220231
2.4044
1.25964
4.89438
0.0218311
0.103461
0.0680819
5.68784
0.23061
0.0218628
2.15686
0.328241
0.0382506
4.08591
0.0222326
0.0220065
0.0394286
3.001
0.0219349
6.60392
0.0343618
1.86123
0.0902882
0.0224732
1.85573
0.0279121
0.0221307
0.248704
0.0219386
2.73569
10.0934
0.150304
0.0277472
0.156567
0.0219433
0.0970872
0.0433044
9.26028
0.0220336
0.0216413
0.0266939
0.0292302
0.0421183
1.61419
3.29535
0.0362443
0.233889
0.0218188
2.93667
5.99896
0.171383
0.0219307
0.0222602
0.0234074
2.36968
0.0220771
0.0262312
2.01874
0.0797075
0.0219979
0.266334
0.0745956
0.0219885
0.0249923
0.111852
1.60264
0.0670794
0.0424026
1.77467
1.33118
0.607
0.0265168
0.0221337
0.0242909
0.0248404
0.129014
0.0544801
0.0273934
0.0733981
4.76621
0.0242209
0.0219964
4.54742
0.280717
1.53614
0.173215
0.0255864
0.0238322
0.02362
0.0217731
0.0219057
0.0421525
0.0215629
0.022988
0.0220251
0.0229195
0.0235161
0.0219504
0.0386916
0.0362292
0.0221082
0.0219398
0.022119
0.022785
0.0223649
0.262406
0.0220583
0.023516
1.37842
0.0217116
0.0231967
0.0222722
0.0270563
4.44522
10.8966
2.483
2.57043
2.49601
0.188261
0.0218831
0.056574
0.0220101
0.592205
0.0233134
0.0293071
0.0221946
0.0517026
0.0219606
0.030365
0.0217909
2.19998
0.150554
0.0220784
4.00213
2.3278
0.0221987
0.0897891
0.0219535
0.0216043
6.71106
0.0221432
0.0622563
0.176667
0.0221054
0.0215647
0.0688187
1.56374
0.0251941
0.0234463
1.34586
0.0219463
3.87863
0.0480092
7.43238
0.0216777
1.42958
0.021939
0.0221806
0.213133
0.0556043
2.28062
1.64731
5.93692
2.46342
0.146943
0.128326
0.022046
0.133054
0.0220808
0.0218249
0.0955203
0.0219156
0.0219845
0.0216119
0.0216174
0.0545638
4.10968
1.37651
0.353221
2.43887
0.0235379
0.0305452
0.0228889
0.0227431
0.0704866
0.0220471
0.0217968
0.0218218
0.023669
0.023233
0.192494
0.0794253
0.0447667
0.0221088
0.0550495
0.0565209
1.95249
4.70397
0.0246205
0.0380719
0.0220889
11.199
1.43993
0.0219274
0.0219339
0.0243184
0.0222129
1.3178
0.256923
4.16178
0.0221405
3.09728
0.0221089
2.59126
0.0482194
0.021814
0.0277736
4.47478
0.0270664
0.0275158
0.0296142
0.0765501
3.94163
0.0218364
0.0219159
0.0278651
0.161887
0.0218799
1.89004
3.18844
0.0219721
0.0214292
5.72955
0.0627397
0.0219308
4.13911
13.6958
1.89492
3.35508
0.0276872
1.93895
0.0220709
4.27085
2.77206
0.794003
0.0626172
0.0237906
5.16055
0.0248635
0.0218724
0.021452
1.22115
0.0216414
5.45531
0.0228024
0.0221718
0.0250393
1.38469
0.0237573
0.0227648
0.0220735
9.24801
3.94085
10.6612
1.40829
0.0409926
0.0219355
0.0242496
0.313666
0.113554
0.0219881
0.0480345
0.392625
4.2177
0.021959
4.05225
4.31468
0.0373868
0.0220629
0.0237163
0.0219545
0.0217527
0.0219435
0.0220317
0.0223342
0.0990874
0.0220953
0.118692
0.0226209
0.0226763
4.68251
0.06664
0.0236982
0.022756
2.09086
0.0215729
0.0229436
0.0258757
0.0218183
3.35078
0.0306854
0.0227299
0.0447419
0.0219619
0.0269818
0.021925
0.133131
0.0218282
0.0219274
6.06524
0.0237261
0.17188
0.0322578
0.0238367
0.0788314
0.0214136
0.022088
0.0226301
4.69519
0.0238675
0.0219288
1.91528
0.0219969
0.0216301
0.0218852
0.616095
0.0321568
0.131638
0.033771
0.0308731
0.0503808
0.0237601
0.0268946
0.0479516
2.17489
0.0222633
0.0281439
0.021812
0.237865
0.185658
0.0219049
0.0290676
2.64546
0.0300066
0.0215587
7.57177
0.0256817
0.0805148
2.24977
0.0281376
0.0219172
0.0288106
0.0219295
0.0245421
0.0219063
0.0232919
0.0257414
0.02197
0.022068
0.0320856
0.0221713
0.0852372
0.0219168
0.0237952
0.0219514
0.0296506
1.43326
0.0220849
0.0220043
0.0978479
0.0233204
0.021958
0.291767
5.17387
2.85653
0.0220784
0.0243341
0.0345041
0.0222447
0.0221249
0.0328013
0.180537
0.0215378
0.0526333
0.0219777
0.0218949
0.0217721
0.0215305
0.0228873
0.0417225
0.0329647
0.0266962
1.58607
0.0240881
0.0279019
0.0217346
1.94406
3.68906
2.15791
0.0220564
0.0449743
0.0277943
0.0220315
0.02212
0.0412952
1.41631
2.30983
0.0220031
0.0274045
7.68078
0.0228079
0.16445
4.1928
1.51988
0.0289615
0.0220041
0.0373986
0.042606
0.127779
10.7186
7.69564
1.46503
0.0227049
0.0221737
0.0219457
0.0960535
0.0219262
0.021694
0.0366436
0.0219317
0.0218906
0.0218789
0.0528228
0.0219723
0.0217822
0.0219727
2.30515
0.0215606
0.0220411
0.0221065
0.0227294
0.021939
0.0732697
0.0663668
6.79772
0.0216175
0.0280499
0.10813
5.43258
2.28797
0.0222364
0.0222753
0.0525909
0.0980204
0.025662
0.380645
0.0219359
3.63042
0.0222781
1.31735
0.0227843
0.021937
0.0436186
0.0219575
0.0220742
0.0227251
0.668499
0.0243234
0.0224838
0.0221782
0.0219755
0.0385891
0.0220898
0.0219203
0.0257771
0.100288
0.0241969
0.0219747
1.33528
5.8648
0.0219998
1.75022
0.0221429
0.0302542
0.0715901
0.191542
0.0233824
0.0229587
0.0220848
0.262024
0.0281138
0.0222319
0.0219168
0.0232095
0.33964
0.0222322
0.0342003
0.0237959
0.0352567
0.0513306
0.0366768
0.0871036
3.57097
0.0248568
0.0220385
6.32846
0.306806
0.0219308
0.0214927
0.0220644
0.0219797
0.0219312
0.0238321
0.0216805
0.0220795
3.69037
1.35738
0.0318224
0.0219548
2.71305
0.0237847
0.0217052
6.24285
0.0238918
0.0216615
0.022095
0.0220373
0.0362561
0.0220672
0.0538329
0.0219296
0.0217865
0.0219592
0.0315566
0.0347165
0.0218981
0.054974
1.37287
0.023225
0.0219017
0.0615319
0.0217259
0.0220152
0.0218727
0.030055
0.0220518
4.18937
0.0223464
0.251556
3.1107
0.0538576
0.0234723
0.0222963
0.0220545
0.0219431
0.029164
0.148961
0.106106
0.0218177
0.0239359
4.75135
0.0216127
0.163338
0.0219653
0.0234231
0.0303225
0.0609854
0.0219568
0.033396
0.028035
0.0578464
1.27534
6.92242
0.0219384
0.0219273
0.0328549
0.0229725
0.0226458
0.0480515
0.0228051
0.0969048
0.0217868
0.0699242
0.0221059
0.0805046
0.0548125
1.34022
5.02711
0.0219241
0.0375747
0.889151
0.187017
0.0216061
0.0218744
0.117321
0.0219461
0.0219526
0.0217507
0.0215223
0.0696537
0.0709337
19.7822
0.0220197
0.0436892
0.022255
0.0215967
0.0230324
1.60513
0.164714
0.0219392
0.0221372
0.021852
7.32423
0.0220092
0.0219442
0.0224944
0.0219592
0.0430039
0.0218363
1.74922
0.0219857
0.0227321
0.0223786
0.0219226
0.0217531
0.0220068
10.2575
0.021787
0.0219582
0.210856
0.0219062
0.0220435
0.0221115
0.0221559
0.05181
0.02193
0.021976
2.44767
0.0237449
0.0220379
0.0222794
0.0215588
1.41515
0.0230318
0.0222312
0.0219251
0.0259631
0.0219693
4.87968
0.0217983
0.0220104
5.48936
0.0219769
0.059635
0.0222011
0.0214187
0.0215296
0.0308723
0.0369286
0.0218665
0.0222862
0.0242013
0.0219193
0.0221111
0.0221156
0.0219428
0.0218334
0.021928
5.73064
0.0219601
0.0218512
1.82963
0.0219569
0.0266273
0.113237
1.38966
0.0218291
0.0220871
0.0219612
0.0216441
0.023006
0.0380476
0.0239514
0.0369628
0.0217801
0.0257261
0.0220068
0.0214796
0.0285153
0.0566043
0.0235653
0.0295015
0.0220259
0.0219604
0.0221201
2.00404
0.0237504
0.0220112
3.59271
0.0231762
2.47438
0.0220642
0.0219368
0.0217464
1.38354
0.0219622
0.0248838
0.0230782
0.0220733
0.0219674
0.022089
0.0220357
0.0243542
0.0219232
0.0390022
0.0222478
0.0380952
0.0215307
0.0216394
0.0240545
7.7656
0.0221482
0.0220493
0.0226339
0.0219386
0.0242038
1.9239
0.0227903
0.027185
1.81059
1.024
0.0227385
0.022886
0.141933
0.0884924
0.0233264
0.0221145
0.0219647
3.56997
0.0228059
5.74803
0.021718
0.0215436
0.0221051
0.022039
0.0232611
0.0215905
0.0219877
0.0222651
0.0586413
0.0238941
0.0226289
0.0216394
0.344126
0.0625285
0.0215226
0.022105
0.0235407
0.022239
0.0220584
0.0216022
1.29901
0.0216177
0.0219567
0.0655019
0.0215902
1.96175
0.021826
0.0440235
0.0276567
0.0219703
0.0215543
0.0219305
0.0223473
0.022044
0.0218798
0.0216283
3.05809
1.49341
1.773
0.0216201
4.34627
0.0219947
0.0548525
0.0219297
0.0219319
0.0221092
5.29396
0.0219509
0.0219194
0.022126
0.0219897
2.84643
0.0219434
1.66953
0.0214556
0.022649
2.26537
4.58653
0.0219827
0.0219595
0.0267489
0.0220161
0.132682
0.0217577
0.484125
0.0217793
0.0350715
0.0221391
0.0218241
0.0219467
0.0219846
0.0232509
0.0219019
0.0307738
0.0350783
0.115417
0.0218325
2.94296
0.021905
12.3538
0.0219223
5.11262
0.979807
0.0217548
0.0219205
0.0216121
0.0218858
0.0220437
0.0221757
0.0215982
0.0226522
0.021448
0.0830876
0.0221112
1.38
0.0215885
0.0215515
0.0219329
0.021929
0.0228028
3.42742
0.0231977
2.65356
0.0215838
0.0221189
0.0351162
0.0215896
0.13323
0.0232543
0.0219359
0.0390295
0.0215107
0.0219717
0.0224303
0.0217666
0.0287627
0.0394524
0.0216479
0.0221124
0.0220458
5.8111
0.0235065
0.0216285
4.24732
0.0514384
0.0216362
0.0219235
0.142213
0.0229718
0.0214476
3.56594
0.218951
0.0229834
0.0214551
0.0222399
0.0349218
0.0215743
0.168055
0.0216272
0.0217056
0.0405895
0.0515066
0.0216203
0.0216321
0.0215437
0.0217467
0.0217579
0.0413121
0.0219708
0.0217666
0.0221115
0.0218506
2.64938
0.0222722
2.60646
0.0263554
0.0277607
0.0221421
1.54626
0.0219296
1.68944
0.0215741
0.0219615
0.456725
0.0219737
0.0228066
0.0216647
0.0247337
0.0217262
0.027035
0.0216088
2.27903
0.0222023
0.0216091
0.0215494
0.0215808
0.0970802
0.021794
3.40753
0.0219227
0.0247945
0.0215046
0.0220166
0.214658
0.022
0.10489
0.0218248
0.0230575
0.0221734
0.0221329
0.0224413
0.0219405
0.0219825
0.256863
0.0215783
0.0219494
0.0225887
0.0220568
0.0220538
0.0323312
0.0219757
0.0219236
0.0218675
0.0216368
0.0217684
0.0219959
8.90142
0.178807
4.42917
0.0214429
0.023759
0.0221258
0.0263901
0.111061
0.235464
0.0316063
0.0215802
0.0219794
0.0220893
0.0221438
0.0221144
0.021918
1.99803
0.0498752
0.0219288
1.36523
0.0221369
5.40319
0.0219638
0.0218999
0.0218098
0.0216008
0.0214873
0.0219111
0.0216683
0.0218091
0.0422062
0.0231011
0.0219306
1.6906
0.0215717
0.0228924
0.0219865
0.021649
0.0219341
0.277212
0.0218048
6.11433
0.0219319
0.0216171
0.0349639
0.0219077
0.0276958
0.0756585
0.0216967
1.35453
0.070417
0.021614
0.0226938
0.0215442
0.227939
0.0216184
0.027773
0.0231849
0.0218037
0.021742
0.021852
0.0219611
0.0225887
0.0217627
0.0225128
6.54941
1.63003
0.022968
0.0219651
0.239142
0.0318616
1.56425
0.0218055
0.0218936
0.0219657
0.0223787
0.0219312
0.0216302
0.0216189
0.0219751
0.0426724
0.0216673
0.0220144
0.026033
0.0219877
0.0299645
0.0220421
2.11749
0.0218789
0.0219271
0.0232168
0.0396489
4.94903
0.0219271
0.0221554
0.0218801
0.022135
2.0612
0.0225754
0.0219462
1.30587
0.0218498
0.0219958
4.47908
0.0221141
0.0218685
0.0214747
0.0219224
0.0218031
0.022001
0.0349888
0.0218
1.24788
0.0220987
0.0238324
7.05771
0.0219866
0.0216537
0.022062
0.0214467
0.0216243
1.85527
0.0219723
0.0220102
0.0226088
0.0219026
6.37653
0.021816
0.118972
0.0217303
0.066903
0.160862
0.0724834
2.00596
0.0266907
0.0347342
0.0285671
0.0218896
0.021991
0.0232404
0.173919
0.0563898
0.0215409
0.0220072
0.0219726
0.0217626
0.0216101
0.127136
1.3841
0.149522
0.0222781
0.0221622
0.0310829
0.0220146
0.0220801
0.0219756
0.0220601
0.0219471
1.033
0.0230961
0.0224522
0.0215088
0.0620082
0.0216441
0.0220736
0.0217312
0.0215616
0.0219071
0.0220479
0.0483893
0.0217952
0.0257365
5.81295
0.0216765
0.0221052
0.0216774
3.81905
0.0215297
0.0217847
0.0447255
0.0219816
0.068806
0.0217762
0.0215674
0.0226251
2.05403
0.0222524
0.0220938
0.0216895
0.0217829
3.7226
0.023192
0.0217511
0.14404
0.0219214
0.021772
1.81498
0.0222936
0.0222941
0.022293
0.0222925
0.0222919
0.0217498
0.0235301
0.0233829
0.0689297
0.0215887
1.6524
4.8717
0.0315329
0.0220431
0.0218119
0.021916
0.0220522
0.0217832
0.0221339
0.0217566
0.162384
0.0219439
0.021796
0.021768
6.40242
0.0221035
0.0221347
0.0220836
0.0219592
0.0219048
0.0218027
0.0228122
0.0236462
0.0221674
0.0230149
0.0233387
0.0222505
0.0224166
0.0225941
0.0219763
0.0222859
0.0215562
0.0218083
0.0217099
0.0226751
0.0217985
6.77445
0.0218692
0.0218673
0.021962
0.0214279
0.0232725
0.0219748
0.0220343
0.0219307
4.6868
1.92533
0.0215942
0.0218021
0.135349
0.0345518
3.02666
0.0218394
0.0243256
0.034911
0.0215579
0.0221956
0.0219621
0.022202
0.0219304
0.148756
0.0288395
0.033781
0.0219577
1.43806
0.0221244
0.0221359
1.29792
1.75378
0.02174
0.0218735
0.0222615
0.0229792
0.0219208
0.0219959
0.0218657
0.0238988
0.0215731
0.136812
0.0218004
1.87578
0.0217964
0.0220127
0.793235
0.02306
0.0218245
0.0224783
0.0218897
0.0220242
0.0282033
0.0221679
0.345112
3.11061
7.34163
0.0217724
0.115162
0.0218833
0.0221237
0.02198
0.0218468
0.02174
0.0219967
1.88768
0.021823
0.0219378
0.0216041
0.0218666
0.0218914
0.0215769
0.0226409
0.0219842
0.0217376
0.0219457
0.0220271
3.24368
0.021934
2.33526
0.0222944
0.0220044
0.0217905
4.19688
1.42587
0.0216048
0.0216538
7.93026
0.0455377
0.0219376
0.0220264
0.0298248
0.0217824
0.0219282
0.0217878
1.91712
0.0220906
0.0220546
0.0222839
0.0218936
0.0219578
3.75615
0.0218351
0.0217096
0.0218115
0.0220775
0.0219257
0.0218945
0.0219516
0.021936
12.0725
0.0221023
0.0220068
0.0216856
0.0311625
0.0217209
0.0330368
0.0220383
0.0216867
0.0219546
0.0217876
0.0219092
0.0219972
0.0221212
0.0216363
0.0218008
6.36876
0.0219677
0.0339887
0.0219727
0.0219115
0.0216508
0.0219017
0.0309444
0.0220185
0.0215534
0.0219568
0.0219131
0.0243003
0.62368
0.0217435
0.0214908
0.0220315
0.0220593
0.0219973
0.151758
0.0218102
0.0220045
0.0322884
0.0217596
0.0457023
0.0218405
3.56381
0.0219372
0.0217867
0.0220951
0.021988
0.0219517
0.0257335
0.0218887
0.022023
0.0219108
0.0219826
0.0221246
0.0217577
0.0218948
0.0216625
8.65813
0.0219742
0.0222321
0.0807785
0.0240557
0.0218036
0.0215914
0.650392
0.0228765
4.76065
0.0218014
0.0922539
0.022284
0.0241196
0.0215414
0.0220289
0.0219245
0.0217688
0.0219289
0.0219232
0.0219525
4.4957
0.0214251
0.0220387
4.99452
0.0221216
0.0216321
0.0223395
0.0219301
0.0302931
0.0217069
0.030966
0.021864
0.0221209
0.0221251
0.0221281
0.0218421
0.0219639
0.0245829
2.39247
0.0221665
0.0221302
0.0218481
0.0220062
0.0216278
12.282
0.0230938
0.0220398
0.0218964
0.0215964
0.0217036
0.0271072
0.0217972
0.0214738
0.022066
0.0219721
0.0215179
0.0227171
1.2392
0.0221242
0.0218151
0.0222762
0.0220081
0.0220424
0.02146
0.0220723
0.0220251
0.0220733
0.0221388
0.0215295
0.0219123
0.022021
0.0219365
0.0221562
9.40418
4.26688
0.0220561
0.0234084
0.0218534
0.0255558
0.106301
0.0216107
0.0217993
0.0274956
0.0228258
0.0315994
0.0220266
0.0219698
0.021942
0.0219863
0.0216043
0.0218801
1.92039
0.0337399
0.021582
0.0242388
0.0225746
0.262618
0.0216708
0.0216364
0.021526
0.0217408
0.0219113
0.0764571
0.021846
0.103444
0.0433449
0.0243125
0.0218871
0.0220824
0.0218579
0.0219219
0.0223162
0.0218966
0.0218999
0.0293233
0.0220456
0.0218293
0.0221603
0.022034
0.0219763
0.0220088
0.0219874
0.0217373
0.0220105
0.0218978
0.0220286
0.022015
0.0336866
8.79439
0.0329173
0.0217261
2.405
0.0220442
0.0216897
0.0589545
0.0222787
0.0218855
0.0219053
0.0218997
0.02194
0.0216939
0.0220307
0.0224982
0.0219287
0.0219141
0.0218045
10.1297
0.0217852
0.0219014
0.0291454
0.0217718
0.0217643
0.0219846
0.022293
0.0221483
22.9187
0.0218839
0.0423512
0.021974
0.0430279
0.121582
0.0214611
4.57769
0.0219494
0.0219655
0.0217193
11.0104
2.65582
0.0216125
0.0275397
0.0221253
0.0231975
3.59945
0.0242975
0.0219526
0.0216054
1.08402
0.0219725
0.0229987
0.0220102
4.28082
0.0219358
0.0215628
0.0217741
12.1819
0.0218018
0.0219804
0.0220019
0.0217032
0.0220137
0.0220895
0.0219985
2.29919
10.6271
0.0219953
0.0234122
0.0246955
0.0741538
0.0217252
0.172765
9.62075
0.0215719
0.0216554
13.9028
0.0265734
0.0220153
0.0218034
0.0222928
2.40883
4.12526
0.022163
0.022138
0.0226858
0.0220727
0.0219774
0.0224883
0.022256
0.0220475
0.0219271
0.0330368
0.0215409
0.0234173
0.0225131
15.6094
0.0215652
0.0220581
0.0219079
0.0225531
17.0318
0.022129
0.0531796
0.0226121
0.0219959
4.95092
0.0220786
4.91841
13.266
0.0218517
0.0221219
0.021935
0.0224721
0.021998
0.0218379
0.0271941
0.0214397
0.334424
2.02993
1.3888
0.0220007
0.0249864
0.0219491
0.0215798
0.0219954
0.0221428
2.07265
0.022084
0.02208
0.0218166
0.0221383
0.022182
0.0221638
0.0219995
0.0219961
0.0221052
0.0215229
0.0953291
0.0225684
0.0689428
0.0221325
0.0219174
0.0219614
0.0220281
0.0217035
0.0220465
0.0226261
0.0245234
0.0216909
1.37352
0.0220974
0.0943153
0.0219216
0.021915
0.0760849
0.0292996
0.0219387
0.0219814
0.0220304
0.0219444
0.0216158
17.7607
0.0411057
0.0219139
0.0215478
0.0221149
0.0219975
0.0846502
0.0219937
0.0215164
0.022043
1.35177
7.26286
0.0216996
0.0218308
0.0219745
0.0219516
0.0233448
5.94799
0.0297909
0.0644484
0.0216193
0.0405252
0.128254
0.0221007
0.0222377
0.145178
0.0227809
0.0216626
0.172369
0.0236814
0.0230681
0.02179
0.0480713
0.0220336
0.0219969
0.0592101
0.0219673
0.0236716
0.0220211
0.0687028
0.0215204
0.0220257
4.17502
0.0261764
0.0221278
0.0313717
0.0216264
0.0285177
0.0254242
2.14275
5.36356
0.0222741
0.0217206
0.0324439
0.0220305
2.6673
1.42343
0.022082
0.0220542
2.92493
0.0216494
0.0221459
0.0507518
1.93191
0.0609927
0.0216533
0.0219382
0.0219198
0.0218017
0.021735
0.0220313
0.0390299
0.022027
0.0215031
0.0219064
0.0219594
9.00105
0.0321191
0.0221831
0.0233756
0.021539
0.0222696
0.0289462
0.0220991
0.0373318
0.0218976
6.72502
0.0215166
0.0217998
0.0368032
0.02218
0.0220982
0.0221924
0.0249827
0.0215511
0.0226232
0.0215699
0.0218863
0.0216939
0.0234151
0.0219902
0.0219112
0.0220652
1.40907
0.0374949
0.0215912
0.0219248
0.0219253
0.0215355
0.0566251
0.0624662
0.0218758
0.0220429
0.0218168
7.1333
11.3432
0.0220641
0.0215971
0.0215533
0.0216343
0.0222178
0.0218888
0.02179
0.0218652
0.0406167
0.0219296
1.24402
0.0220267
0.0218319
0.0220173
0.0583453
0.0217265
0.0371435
0.0218123
0.0219511
0.0219251
0.0308969
0.0220113
2.47904
0.021988
0.0222927
0.022011
0.0217381
0.0300197
0.022597
0.0218624
0.0215869
0.0220899
0.0220423
1.37654
0.0484238
0.022074
0.0863174
0.0218618
0.0221405
0.025954
3.30119
0.0220173
0.0223254
0.0293223
0.0263968
2.83084
0.021635
0.0218927
0.0626291
0.0506018
0.0214317
0.0221147
0.0221747
0.0217905
0.0236048
0.0219297
0.0219186
0.0265178
0.0215316
0.0442469
0.0217942
0.0218209
0.0219596
0.0218511
0.0216607
0.0220495
0.170385
0.0222521
0.0218468
0.0217596
0.0216919
0.0218166
0.0220011
0.0322352
0.0528134
0.0217225
0.0222101
15.1167
0.0570278
0.0624326
6.25497
0.0219244
0.0217575
0.0217335
0.021724
0.0552594
0.0221225
0.0962965
3.84611
1.44296
0.022047
0.022301
0.0215854
0.0222381
0.0219756
0.0263134
0.0222631
0.0262065
17.0697
0.0218163
1.17681
0.0255174
2.2457
0.0220647
0.0217681
0.0217106
4.77213
0.021803
0.0222589
2.0475
1.4927
0.0219269
0.0218669
0.0223612
0.0216541
0.021789
0.0544902
0.0217936
0.0218521
0.0263185
0.0220973
0.0218204
0.0216129
0.980559
0.0219341
0.0221297
0.0219574
0.0560682
0.0217748
0.0220108
0.0281874
0.0235909
0.0218838
0.0641965
0.0353293
0.0240591
0.0493693
0.0232337
0.0219965
0.0218817
0.0217611
0.0217066
0.0218592
0.0221585
0.0221062
0.0265412
0.0221855
0.0219823
0.05107
0.0471448
0.0219348
0.0216001
0.0220198
0.022022
0.545421
0.0217465
0.0233216
0.0338727
0.351465
0.305099
0.0218627
0.0346835
0.0504646
2.44044
0.0218926
0.0219839
0.0226201
0.0218626
0.0222724
0.0219034
0.0415021
0.0214438
4.2441
0.0219176
0.0219792
0.0217477
0.0219521
0.0220358
0.0222654
0.022025
0.022126
0.0222454
0.0219426
3.83911
0.0217839
0.0219418
0.406414
0.0220206
0.0220099
0.0462073
0.021995
0.0220765
0.0270196
0.0221457
0.0218432
0.0222717
0.0219504
0.0218295
0.0219191
2.6778
0.0257013
0.0226543
0.0218989
0.0219028
0.0218952
4.38796
5.22602
0.0227755
0.0220001
0.0219427
0.0243791
0.0219596
0.030031
0.0219483
0.0221956
0.0220405
0.500074
0.0374396
0.02176
0.0357048
0.0219439
0.0307795
0.0221204
0.0217138
0.0221053
0.0221455
0.0218109
0.0217821
0.0218908
0.0221696
0.167224
0.0237055
0.0218707
0.0272091
0.0242916
0.0491333
0.0225317
0.0222526
0.0219741
0.0231148
0.0218869
0.0224149
0.0217138
2.59176
0.330027
0.0225832
0.0336578
0.0215605
0.0219566
0.0219177
0.0217075
0.0219147
0.0223705
0.0220953
0.0219922
0.0222134
0.262649
0.0241802
0.0217211
0.0219262
0.105463
0.0220154
0.021871
0.0434737
5.42705
0.0219737
0.0218553
0.0219449
0.0218289
0.0219585
0.152615
0.0218345
0.0217293
0.0219726
0.0220062
0.0222004
0.0221686
0.0216934
0.0260174
0.0219584
0.115746
0.0221777
0.0232586
0.0376961
0.021989
0.0220932
0.0219285
0.0222941
0.0220894
0.0221364
0.0226402
2.44164
0.0220345
0.0217347
0.0503381
0.0220047
1.05673
0.132064
0.0219694
0.0220207
0.0220793
0.0217776
0.022067
0.0217954
0.0219868
0.0395158
0.0222926
0.0216022
2.44218
0.0222045
0.0220936
0.0222076
0.021798
0.0651103
0.0279924
0.0220756
0.0219485
0.0216669
0.0220368
0.021932
0.0221077
0.0291146
0.0277649
0.0219806
0.0221535
0.0214584
0.0219799
0.0216942
0.0219293
0.0219915
2.91568
0.0232676
0.0219422
4.87044
0.022148
0.0220907
0.0222932
0.0221092
0.0219826
0.0219356
0.0221234
0.0221644
0.0220222
0.021846
0.0222849
0.0221413
0.0219176
0.0222937
0.0221343
0.0221747
0.0219031
0.0221744
0.0217062
0.0222865
0.021877
0.0221242
0.0221206
6.63747
0.0220502
0.0220265
0.0218222
0.0356189
0.0220449
0.021918
0.0217865
0.0219246
0.0231971
0.022293
0.0221449
0.0217378
0.0222935
0.0221738
0.0221302
0.0227904
0.0222917
0.0222277
0.021918
0.022293
0.0221047
0.14056
0.0218687
4.55766
0.0221798
0.0220571
0.0304854
7.21347
0.0227804
0.0219432
0.0220401
0.0215917
0.0221137
0.0220274
0.0217198
0.0266936
0.0217865
0.0219778
0.0221003
0.0398726
0.0236139
0.0218107
1.5636
0.0481662
0.0218973
0.0218435
0.0220567
0.0233035
0.0219081
0.0237702
0.0246518
0.0217744
0.0215403
0.0221352
0.0220237
0.0220864
0.0220757
0.0221867
0.0222497
2.88596
0.0219896
0.0220427
0.0221182
0.0216995
0.0467929
0.0217974
0.0221568
0.0221747
0.0221285
0.0220638
4.7423
0.0389472
0.0218694
0.0218065
1.46262
0.0217585
0.0221233
5.58768
0.170674
7.74652
0.0221732
0.0221684
0.0394493
0.0225703
0.0219971
0.0218459
0.0217273
0.0219495
0.0218126
0.0219953
0.0321005
0.0221058
0.0221276
0.0218598
0.0215305
0.0219952
0.0217212
0.0218835
0.0221419
0.0215857
10.472
0.0221786
0.0220181
0.0328767
0.0220382
0.0218532
0.022061
0.222388
0.0218011
4.43555
0.0219768
0.021827
0.0232582
3.55634
0.0220441
0.0220315
1.7272
0.0221983
0.0230749
0.0220416
0.0219111
0.0321767
0.0216798
0.0285354
4.03452
0.021935
2.04962
0.0222419
8.25657
1.03537
0.0938577
0.0222428
0.0218958
0.0214076
0.0221278
0.0218416
1.6723
2.1106
0.021685
0.0221751
0.0722379
0.021898
0.0222358
0.976402
0.0218968
0.0222757
0.021956
0.0409882
0.0904228
0.0218469
0.0230531
0.022132
0.0219898
0.0217633
0.0916078
1.9639
0.0235506
0.025913
0.0219569
3.40979
6.7389
0.0220585
0.021923
0.0221995
0.0217105
0.0220228
0.0220319
0.0221968
0.0226167
0.0214222
0.0309459
3.81996
2.45116
0.0221426
0.0221822
1.20575
0.0221614
0.0223522
5.45464
0.0221556
4.00752
0.0259511
0.022181
0.0219504
0.0274686
0.0217588
0.178757
0.0221994
5.75562
4.80432
0.0220028
0.0222002
0.0221215
4.47466
2.86157
0.0215087
4.76763
0.0219684
0.0222301
0.0218055
0.0217363
0.705846
0.0267056
0.0218377
0.0221606
0.0246117
0.02181
0.022009
0.022223
0.022141
0.0218571
0.0216877
0.0754491
0.0222256
0.0214888
0.0639065
0.0221786
0.022203
0.0221383
0.0221266
0.0214573
1.43222
0.0225228
0.0268366
0.175182
0.0221905
0.0220907
0.0215888
0.0221717
0.02219
0.0536828
0.0268968
0.0216819
0.021729
0.022203
0.0217399
0.0222289
0.0259899
0.0219751
0.0222081
0.0221171
0.0222072
1.48104
9.27258
0.0216387
0.0228705
0.0218515
0.0215813
0.0756598
0.0311155
0.0221522
0.0221865
0.0217432
0.0219622
0.0220706
0.0219531
0.0214546
0.0240924
0.0222435
0.0222153
0.0222086
0.0221616
0.0219926
0.0216887
0.0221521
0.0217702
0.0220383
0.0216691
0.022151
0.0222194
0.054782
0.0215363
0.022115
0.0217922
0.0221538
0.0221859
0.0221426
0.0228099
0.185402
7.49965
0.0221324
0.0225907
0.022046
0.0218389
0.0222454
0.0216772
0.0217003
0.0219531
0.0219845
0.0238998
0.022246
0.0221992
0.0219141
0.0219303
1.53813
0.0222325
0.0219547
0.0216439
0.0218418
0.0218052
0.0215558
0.025647
1.93021
0.0220993
4.57119
0.0220798
0.022517
0.0221106
0.0217517
0.0455313
0.0221673
0.0220577
0.0219292
0.0245611
0.0216657
0.0219863
0.0221842
0.0218978
0.0216886
0.110622
0.0220526
0.0217299
0.0219536
0.0217629
0.021824
0.117355
0.021888
0.0240892
0.0221079
0.022081
0.187545
0.0227132
0.0216026
0.0219424
0.0217733
0.0217991
0.0221721
0.0221179
0.021678
0.0248313
1.3448
0.0221933
0.0218323
0.0215581
0.0218817
0.022227
0.0220778
0.022072
0.0222131
0.0786206
0.0214858
0.0218988
0.0214699
0.0386606
0.0222192
0.0221787
0.0218998
0.0221078
0.0222687
0.0216262
0.0216701
0.0218657
0.0216088
0.021877
0.0220253
0.0216303
0.0215911
0.0221651
0.0222272
8.72321
4.93801
0.0220648
4.03949
0.0220309
1.90889
0.0222822
0.0219739
0.049496
0.0220345
0.0219116
4.93587
0.0218162
0.0217877
0.182873
0.0217743
18.1542
0.0225707
0.0221316
0.0221857
0.0217969
0.0217144
0.0224948
0.0218103
0.0221568
0.0218597
0.0221552
0.0221361
0.0218033
0.0217833
0.0224458
0.0223741
0.0221579
0.0219061
5.79997
0.0220098
0.0418396
0.0221506
0.0223882
0.0215694
0.0217698
0.0492168
0.0221064
0.186577
0.0217437
0.0221292
0.0219337
0.0217843
0.0220069
0.0221952
0.02928
1.79148
0.0219451
0.0858593
0.0220686
0.0215536
0.0220564
1.60813
0.0219155
0.0217563
0.0224496
0.021936
0.0652998
0.0314108
0.0220567
0.0219514
0.0218787
0.0219536
0.0218023
0.0219328
0.0221649
0.0218699
0.0254847
0.022057
0.0219622
0.0220134
0.0220838
0.0221504
0.0220873
0.022129
0.0219199
0.0218913
0.0218384
0.0219526
0.0221301
0.0219692
0.217346
0.0219884
12.9807
0.0217294
0.194174
0.0219848
0.0218565
1.63858
4.10346
0.0218748
0.0217461
1.48662
0.0219102
0.0220574
0.0432343
0.0249758
0.0220868
0.0249077
4.38526
0.0220156
0.0326787
0.0222001
0.0220001
0.0221725
0.0220892
0.0220313
0.0222658
0.0222425
0.021998
1.5304
0.0215127
0.0226151
0.0220722
0.0365799
0.021876
0.0222119
5.16097
1.32828
0.022137
0.0222072
0.024255
0.0215312
0.0216986
0.0219325
0.0220595
0.0263698
0.0219217
0.02151
0.0221159
2.04979
0.0220949
0.02204
0.0288987
0.0220764
0.0222227
2.84267
6.05596
0.0214954
0.0221878
0.0219048
0.131793
0.0221494
0.0215068
0.0216786
0.0218022
0.0220276
0.0220916
0.0220473
0.0222857
0.0218661
0.0218858
0.0215938
0.0215115
0.0218669
0.0220692
0.021468
0.0279882
0.0217426
0.0222847
0.0220227
4.54581
0.0216931
0.0218167
0.0217961
0.022081
0.0220238
0.0218001
0.0220921
0.0221997
0.022059
0.0221433
0.0216842
0.0220526
0.0220782
0.0222179
0.021634
0.0221847
0.0214713
0.0217157
0.0218118
0.0219314
0.0221595
0.0221634
0.0221026
0.0218886
0.0219671
1.94786
0.0219306
0.0219634
0.022001
0.0221255
0.0218917
0.027818
0.0254091
0.0313547
1.61722
0.0667653
0.0219795
0.0215123
0.0217205
0.0221763
0.022196
0.0227996
0.0217021
0.0220892
1.26473
0.0220588
3.54749
0.0215354
2.2347
0.0220743
0.0223786
0.0216888
0.0216283
0.0221819
0.0215769
0.0219589
0.0219722
0.0217934
0.0277955
0.318497
0.0221476
0.0219535
0.0217297
0.0221814
0.0375916
0.0220204
0.0219391
0.0221669
0.0219837
0.126734
0.0214562
0.0221845
0.0220306
0.0220403
0.0221664
0.0221874
0.0220604
0.02177
2.92575
0.0220949
0.247268
0.0300922
0.021935
0.0218891
0.0218925
0.0219846
0.023475
0.0222186
0.0222458
0.0434701
0.022009
0.0221683
0.0218908
0.0409446
0.129113
0.0222251
0.0220009
0.0216875
0.0218756
0.0219819
0.0221809
0.027205
0.0220684
0.0236734
0.0345234
1.52029
0.0219627
0.021941
0.0219496
0.0297552
0.0391049
0.0221605
4.14019
2.84819
0.0219565
2.41365
0.0219331
3.45053
0.0218927
0.0219432
0.0220625
0.0217166
0.0220561
0.0221681
0.0219452
0.0221529
0.0222027
0.0234461
0.0219468
0.0221104
0.0214419
1.33316
0.0215988
0.0218494
0.0259342
0.0307704
0.0216916
0.0224915
0.0220362
0.0218015
0.0221498
0.0216477
1.95025
0.02205
4.72875
0.021986
0.0221325
0.0224278
0.0219077
0.0216543
0.0226144
0.0219318
0.0219285
0.0215985
0.0217537
0.0220281
0.0220481
0.0233538
0.0222047
0.0235819
0.0220145
0.0221156
0.0220039
0.0220956
0.0298748
1.95062
0.0220037
0.0215245
0.0219637
0.0221388
0.0218393
0.0218581
1.95448
0.0217971
0.0220091
0.0262516
0.0805179
0.119629
0.021937
0.0215391
1.70729
0.022044
0.0215579
0.0338715
2.18682
0.021846
0.0219217
0.0219519
0.0217947
0.0220038
4.89422
0.0432755
1.87319
0.0217389
0.0252193
0.0221448
0.0218564
0.0215877
0.0214651
0.0217053
0.021864
1.33432
0.0220089
0.133524
0.0218553
0.0217045
0.0220033
0.0219503
0.021817
0.0222672
0.0217031
4.18084
0.0222061
5.52347
0.0221184
0.0218676
0.0219744
0.0321161
0.0216966
0.0218518
0.0217231
0.0215643
0.0391141
0.0233831
1.76002
0.0219076
0.0219009
0.0214091
4.73596
2.03438
0.0218865
0.0218501
0.0222896
6.17162
0.0218641
0.0217177
0.0222241
0.021693
0.127707
0.0217786
0.0218276
0.378705
0.0219331
0.0219941
0.0219475
1.48465
0.0371259
0.0218286
0.0216894
0.0218919
0.021956
2.90839
0.0218474
0.0221176
0.0218129
0.0219896
0.0265178
0.0218442
0.0219675
0.0217441
0.0218311
0.0222051
0.0236304
0.0332151
0.0219668
0.0219073
0.0220966
0.0221388
0.021938
0.022062
0.0219706
0.0222261
0.0218526
0.0219045
0.0242467
0.0224401
0.0219432
0.0224749
0.0221072
0.0221549
10.6749
0.0220759
0.0225195
6.60243
0.0219837
0.0221569
0.0219972
0.313636
0.0215725
0.02348
0.0371367
0.0216747
0.0222538
0.0221881
0.204658
0.0220563
0.0219454
0.02192
0.0221104
0.0220066
0.0801218
0.0257829
0.0242186
0.021873
0.0217374
0.0221926
0.0218498
0.0219972
0.0216324
0.022544
0.229783
0.0219151
0.0221126
0.490973
1.20041
0.0219681
0.0219758
0.0221021
0.0609099
0.08299
0.0219153
0.0219218
7.27554
0.0219398
0.0219461
0.0220929
0.0217608
0.0220855
0.0222281
1.48132
0.0221608
0.0221052
0.0219276
0.0218431
0.0221281
0.864873
0.0218917
0.0219144
0.0218995
0.0337455
0.0221976
0.0218629
0.0219688
2.78849
0.0216554
0.0221437
0.0218221
0.0222057
0.0217407
0.0233777
0.0219626
0.02186
0.0219068
0.0662353
0.0221485
0.0222077
0.0221438
0.0220619
0.0222271
0.0220662
2.5223
0.022049
0.061894
0.0222342
0.0217404
0.0222136
0.0222048
0.0216401
0.0217174
0.0216785
0.0218188
0.238649
0.027183
0.0218368
0.045682
0.0214692
0.151197
0.0221361
0.0217322
0.021689
0.969329
0.0217338
0.0218366
0.0215408
0.0218387
0.0260308
0.0220629
0.0218771
0.0217323
0.02159
0.0220141
0.0217186
0.0214883
1.05911
0.10347
0.0218207
0.0220629
0.0220613
0.0218279
0.0264633
0.0216217
0.0220735
0.021838
0.0219442
0.0222466
0.0219113
0.0216733
0.026612
0.0294613
0.0221673
0.0218234
0.0218046
0.0216058
0.0227314
0.0219377
0.0221126
0.0219642
1.16487
0.0219696
0.0221127
0.0217706
0.0219276
0.0230592
0.021791
0.0217763
0.0218741
0.0216866
0.0214569
0.0296248
0.021829
0.0219672
0.0216025
0.0220138
0.0217086
0.0220553
0.0734337
0.0221864
0.021583
0.0226007
0.0219418
0.0219112
7.71482
0.0217782
0.021841
0.0216935
0.815348
0.0217505
0.0219331
0.0356017
0.0352366
0.0214725
0.0222463
0.022219
0.0217669
0.0219609
0.021936
0.02186
0.0381191
0.0225502
0.0221073
0.0221203
0.0219862
0.0221077
0.0218403
0.0217225
0.0237519
3.02707
0.0219557
0.0219413
0.0219493
0.0216878
10.3328
0.0219029
0.0219453
0.0219855
0.0220958
0.0225111
0.0215211
0.0218436
0.0220152
0.0224714
0.0219587
0.0219379
0.0376613
0.0256005
0.0220799
0.0786444
0.0218254
0.0217599
6.55413
0.0218704
0.0220366
0.0219264
0.0221993
0.0219581
0.0217607
0.022207
0.0218006
0.0218136
25.5411
27.5044
25.7012
3.10584
0.0216446
0.0218965
0.0217596
0.0219118
0.0228735
0.0217818
0.021727
0.0221445
0.0220738
0.022064
0.0215321
0.107413
0.0221283
24.603
0.0221491
0.022112
0.0221802
0.0684153
0.0217708
0.0218456
0.0221283
0.0217603
0.0218822
27.3443
0.0218079
12.6266
0.212414
0.0219085
10.1543
0.021846
0.0634335
0.0217546
0.02218
0.0640721
0.0240369
0.0220633
0.0221441
0.0218818
0.0220616
0.0219147
0.0218554
0.0217589
16.7238
30.8874
24.3741
19.6907
22.2158
24.4566
17.2934
13.7008
21.6343
11.2425
28.6888
25.7478
13.4497
29.9188
22.9376
24.5679
12.2158
28.3279
7.30319
22.1305
0.0221573
0.021768
0.021548
0.0641954
0.0217564
0.0216921
0.0218671
0.02224
0.0222264
0.0219073
0.0220338
0.0218342
0.0218418
0.0218687
0.681907
0.0220033
0.0582044
0.0219011
0.0221388
0.0216723
0.0218905
0.0218476
0.0220241
0.0214418
0.0218551
0.0218982
0.0219255
0.0219449
0.0221817
0.0218683
8.24863
8.89458
8.47672
7.65106
6.60522
0.0219351
0.0222191
0.0659802
0.0221798
0.0218384
0.021886
0.0217766
0.0221234
0.0218907
0.0613895
0.0220782
0.0218461
0.021836
0.0219492
8.10423
0.0218376
0.0219354
0.0218784
0.0215526
1.9422
0.0218907
1.46484
0.0397837
7.34745
0.0255312
0.0418816
6.92045
0.0220105
0.0217333
6.97603
0.17564
1.70135
1.70477
0.0335289
0.0214918
0.0232118
0.0216094
0.0218582
0.0215222
0.0217327
0.0217987
0.0221993
0.0222167
0.0565334
0.0268299
0.021881
0.0217257
0.022076
0.0222398
0.0228894
0.0219245
0.0218079
0.0254206
0.0217059
0.0218815
0.0217356
0.0218876
2.01095
0.021771
0.0222393
0.0221793
0.0220881
0.0216425
0.0220419
0.0221613
0.0216879
0.0221991
0.0219173
0.0216807
0.0219372
3.26236
0.0215051
0.0219609
0.0216097
0.0526119
0.0219356
0.0219498
0.0222114
0.0218566
2.47993
0.134928
3.10967
0.0216351
0.0218444
0.0218396
0.021899
0.0221305
0.0221352
0.0219681
0.0218388
0.0218744
0.0218262
0.021878
0.025186
0.0770629
0.0216749
0.0219177
0.0219371
1.30167
0.021842
3.14814
0.0225315
0.021849
0.0218321
6.52396
0.0216694
0.0219328
0.0220973
0.0219721
0.0214372
7.2364
0.0215462
0.0222912
0.0530419
0.0220683
0.0219659
0.0301183
0.0405182
0.0216698
0.0218367
0.022502
0.0219041
0.0216976
0.0491933
0.0220987
0.0218598
0.0224763
0.0216095
0.514458
0.022527
0.0219723
0.0222355
0.02193
0.0219912
1.011
4.85833
0.0218566
0.0219508
0.0220927
4.14277
0.0216726
0.0359038
0.0216508
0.0220298
0.0216234
0.021837
0.02196
0.0219538
0.0216737
0.0216058
0.0216787
0.0222181
0.0269939
0.0220726
0.0217052
0.0215355
0.0217146
0.0223037
0.0241796
0.0218339
0.0218046
1.44118
0.0218332
0.0214236
0.0216892
0.0338876
0.0217802
0.0214856
0.0214045
0.0461075
0.0220457
0.0217759
0.0220641
0.0216764
1.66421
7.87201
0.0242094
0.0214054
0.0222297
0.0217711
0.0220833
0.0219688
0.0219481
0.0215021
0.021841
0.0222937
0.022715
0.0216866
0.0266302
0.0466952
0.0220404
8.44457
0.0220089
0.0221918
0.0217752
0.0221311
0.0216599
0.021733
6.10846
0.0228045
0.021538
0.0217383
4.23841
0.0221427
0.0221818
0.0470439
11.4059
0.0219402
0.0214885
0.0291744
0.159888
0.0217123
0.021961
0.0434261
0.0216318
0.0220029
0.0221613
0.0215389
0.0221692
0.0216761
0.0217614
0.0220085
0.0215494
0.115939
0.0223958
0.0320539
0.0404997
0.0221724
0.0220641
0.18674
0.0214526
0.0220476
0.0216837
0.0221174
0.0214897
0.0218887
0.0252151
0.0220496
0.0221747
0.0220093
0.0219549
9.13486
0.0219288
0.0218901
0.021965
0.256207
0.0217255
0.0221136
0.0222598
0.021924
0.0464986
27.8952
28.6973
0.0218937
0.0220355
0.0221942
0.0222485
0.0217874
0.0606405
0.0218933
0.836548
2.25667
0.040935
0.0215362
13.0972
0.0220784
0.0222604
0.02154
0.0221552
0.0217541
20.2565
0.0222348
0.0390019
0.0433316
0.0214864
2.29677
0.0217317
3.77853
0.021572
0.0217436
0.0217643
2.07567
0.0280991
0.0220388
26.4143
0.0266655
0.0220082
0.0216935
0.0220094
0.023443
0.0217141
0.022073
0.0219223
0.0220959
0.0218436
0.0219045
0.0217823
0.0215032
0.022239
25.7313
25.1643
0.0219256
0.0222164
0.0224907
0.0221877
0.0230178
0.0217295
0.021868
0.0219332
0.0218398
0.0221247
0.0215065
0.115726
4.87929
0.021827
0.0215747
0.0220084
0.0215059
9.91359
13.0785
0.0216827
0.0237484
0.0222557
0.0218845
0.157357
0.0218947
0.0217352
0.0220892
0.0235444
0.0221242
0.0216707
0.0215488
0.0219324
4.86822
0.0219152
0.0250243
1.30996
0.0290678
0.0219705
0.0217571
0.021894
4.83547
0.0221636
2.3006
0.134464
0.0233592
0.0221078
0.0218751
0.0298069
0.0221383
0.0216419
0.0309339
0.0221874
0.0231222
0.0220451
0.140551
0.0219199
22.1415
23.932
0.0220891
0.021828
0.0315225
0.022223
0.0218381
0.0220123
0.0221062
0.0218725
0.0219746
0.0216587
2.66807
0.0218429
0.0215953
0.0230114
0.0219153
0.0299862
0.0216904
0.0218966
0.0215401
0.0219367
0.0220724
0.0218517
0.0218552
0.021909
0.0218749
0.0220248
0.0219914
0.152286
0.0215409
0.0224997
0.0221287
17.424
0.0349578
0.021732
0.0252923
0.0218991
0.0394562
1.47151
0.0229087
0.021938
0.086743
0.0218436
0.0221617
0.0229877
0.0218834
0.0967322
0.0219304
0.0227136
0.0219686
0.0218552
0.0220897
0.02167
0.0216797
0.0214951
0.0217009
10.7046
8.85977
0.0299895
0.0216982
0.0221793
0.0512255
0.0216444
0.0220019
0.0218851
0.112399
6.14207
0.0221977
27.0934
0.164706
0.0219304
0.0218922
0.021489
0.0721272
0.021842
0.0218369
0.0220955
27.5042
0.0549035
0.0219152
0.0221459
0.0217872
0.0217669
0.043391
0.0218385
0.02174
0.0232321
0.0214998
0.0220454
0.0251859
0.0221868
1.17618
1.81662
0.161297
0.0220527
0.0219496
0.0218297
0.0217192
0.0218695
0.103015
0.0218198
20.2846
0.0260836
0.0220046
0.0217998
1.96553
0.0218533
25.3848
0.0694941
0.0232499
11.2848
0.0215693
0.0221374
0.0220577
0.0219121
0.0221938
0.0386989
0.0243678
0.0632759
26.325
26.6292
0.0221057
0.0221221
0.0329632
0.0240229
0.0219215
0.0220219
0.0226614
0.0217602
0.0219358
0.12047
0.0219964
0.0220742
12.4642
7.70106
0.0219518
0.0248649
0.144919
0.0222873
3.69062
0.022774
0.0462025
0.0219319
12.1251
0.0218246
3.07096
2.16511
0.0215396
4.09693
1.40234
0.163389
0.0222079
0.0215735
0.0335246
0.137913
33.0554
0.0218495
27.9075
0.0220466
0.0221234
0.118491
1.21911
0.0219424
23.2833
4.31548
0.0215853
25.0317
0.0218197
4.16194
0.0219306
0.022244
16.7198
0.0220195
0.0218934
12.3028
3.52758
0.021896
0.0243003
0.0220161
13.3912
0.031861
0.0218555
0.021914
0.0215395
0.0217246
0.0214388
0.0216776
24.836
0.0215191
1.37132
0.0220738
0.0218253
0.02185
0.0220596
0.0218625
0.0221552
0.0220449
0.0226442
0.0789179
0.153638
0.0256237
0.0216215
6.24078
7.11752
0.0219009
0.0221265
0.026538
14.0597
0.0222284
0.0281192
0.255479
1.42461
0.0366362
0.0346796
0.0221743
2.00638
4.26835
1.1281
0.0251026
0.0883311
0.0220826
3.12438
0.0221857
0.0219663
0.0342465
0.0345054
0.0214901
0.0218969
0.0219066
0.0220305
1.07045
0.022092
0.0219448
0.150328
0.0216515
1.42575
0.0218779
0.025206
0.021754
0.0345651
0.0221803
0.0221319
0.0220786
0.0254237
0.0218064
0.0219188
16.4058
0.0220637
3.40442
0.0218824
0.0219391
0.0220042
0.0217465
0.0353792
0.021881
0.0219702
0.02219
0.0218639
0.120963
0.021922
15.541
0.0269798
0.0218932
0.0217816
0.0218581
0.0220167
0.0219271
2.24231
0.0261507
0.0223828
0.109685
0.0224854
0.0220833
0.0220298
26.8605
6.75704
0.0415052
0.751076
2.46527
0.0246895
0.193882
0.022139
0.0218826
0.0221562
0.055087
0.0219546
0.021728
0.0917335
0.0259118
2.2653
0.0221562
0.0652128
0.0222098
0.0217651
16.652
0.477916
0.484494
0.0219538
0.0218573
0.0219834
0.0216634
0.03471
0.024695
16.6858
0.0218631
0.0224076
0.0215259
0.0222472
0.0215477
0.0217197
2.96223
0.021981
0.022365
0.0220959
0.0303458
0.0219095
0.0463394
0.287909
1.49446
0.0218401
0.138108
0.0260232
0.0222856
0.0257944
0.0219388
0.021946
0.0254246
0.0221729
22.7577
0.0219283
0.024897
0.168043
0.0220436
0.106844
0.0217551
0.148573
0.0224208
0.0218533
2.40293
0.0828262
0.0221149
0.0215708
0.0298634
0.021831
0.0387111
0.0320023
0.0397094
0.0225878
0.0218394
0.0218748
0.0217155
17.5936
0.022191
0.0214199
0.0219276
0.0426194
0.028576
0.0217688
0.0222787
0.0223653
0.0217792
0.0221016
0.0220118
0.0220111
10.3928
7.87092
0.0237057
0.022285
0.0222837
0.0927887
0.0217756
0.0221776
0.0727232
0.022189
0.0230392
0.0216864
0.0220401
0.021793
0.0215646
0.0219925
1.65308
0.0792729
1.94544
0.034516
0.0220162
6.40305
0.0220371
0.0218047
0.0219211
0.0651867
2.8191
0.0217704
0.0333685
0.022187
0.0241333
1.33578
0.0217864
0.0221926
0.0222802
0.573939
28.5971
0.0244778
0.046548
2.2316
0.0216927
0.021957
0.021863
0.0217318
0.0217285
0.0217194
1.63011
2.65251
2.69655
0.0219631
0.021742
0.0233368
0.0227796
0.0223902
8.20418
7.91942
2.26976
0.0215312
0.0217152
0.0275447
0.0217769
0.0219896
0.0227251
0.0230524
2.6356
0.022143
0.0217762
0.021877
1.73702
0.179504
0.0216055
1.5238
1.30412
7.11924
0.0219377
3.685
0.0466414
0.0222745
0.021764
15.2761
0.027656
1.57831
0.0218307
1.47991
0.0217657
0.0218273
0.02362
0.0220111
8.27458
0.0907539
0.0237343
0.0240077
0.0220782
2.77219
1.93423
0.47935
0.15264
0.0217065
0.0459546
0.0229598
2.20309
1.27981
0.0218353
3.0755
0.0217273
1.72622
0.0221995
0.0244147
0.021702
2.71373
30.0146
0.0763213
1.99656
0.0217772
0.0217299
0.0222866
0.021463
0.0219538
0.0222849
0.0218877
23.4425
0.0277654
0.0221713
27.9069
0.0219951
0.0221048
0.0217926
1.85424
0.0231358
0.0217522
0.0217336
2.61783
0.0230215
0.0710992
20.8797
0.104834
0.0217018
0.0224733
1.52889
0.029233
31.8986
0.0256659
0.0284431
0.0215223
24.8648
0.0388855
0.041415
0.022123
0.022274
0.022084
0.0230173
0.0224577
0.0343881
0.0822016
0.0215752
0.0215174
0.0215044
0.0217256
0.0217057
17.6827
1.81379
0.119506
2.12346
0.116602
1.33302
0.0220733
0.0221902
0.0216228
0.0216933
0.0222023
0.0255091
0.0219068
0.0232946
0.0215237
0.0222939
0.185729
0.0370581
0.0221241
0.0215543
0.0228446
0.0221385
0.0223049
0.123999
0.0247166
0.0220625
0.0216388
1.69056
0.0220913
0.0235151
17.3267
0.0216257
0.0218141
0.0621354
0.0219634
0.0221486
0.0224425
27.4087
0.0216876
0.022254
0.0226006
0.0227951
0.0229721
0.0229472
0.0217801
0.0265427
0.132935
0.0221927
0.0223409
0.0310392
0.0373178
0.0217763
0.0223002
0.0217436
0.0221752
0.933072
0.0214961
17.3754
0.0215199
0.0225478
0.0965131
0.0655219
0.0268035
0.0285801
1.05363
0.0218406
4.53076
0.0220841
0.077658
0.0222973
0.0271696
0.0219091
0.0224203
0.022456
1.93803
0.119123
0.0224434
0.282313
0.0222425
0.0226335
0.0220486
0.212526
0.640575
0.0274129
0.0978708
0.219017
0.023778
0.0220427
0.254796
0.0225969
0.0221732
0.0341367
17.4409
0.323877
0.0288522
0.022209
0.07287
1.56997
0.436841
0.0221895
0.0222171
0.0344039
0.0227561
0.0215224
0.385909
25.2016
0.0264024
0.136718
0.0264541
0.0220368
0.0217105
0.0218127
0.0250667
0.0219286
0.0220776
0.0663367
0.021478
0.0218253
0.0225659
0.0221914
0.0221462
0.0218519
0.0221722
0.108041
0.0220692
7.33765
0.0225834
0.0218797
6.20633
0.0270562
0.0226602
0.672838
0.0215345
0.0219665
0.0232808
0.0298931
0.0582832
0.0220162
0.0220079
0.0232016
0.0218981
0.0221497
0.0395734
0.0668248
0.0228616
0.225678
0.02216
0.0221903
0.0214688
0.0231168
0.0582486
5.62203
0.21669
0.0219227
0.0279909
0.0284404
0.0621957
0.0271477
0.0259983
0.0247274
10.7895
0.0319849
0.0219086
0.0245851
0.0259395
0.0220424
0.021857
0.0250005
0.0520564
0.114095
3.39753
0.0216647
21.387
21.5249
0.0231477
0.0223743
0.0217493
0.0224271
2.0904
0.022935
0.0249643
14.3359
0.0795121
0.021471
15.5618
9.1211
0.0228177
0.0223574
0.023258
0.0242245
6.34598
0.0538534
0.0236788
1.57103
2.82735
3.58733
0.0518819
0.0286552
1.07693
16.4473
0.0300059
0.350045
0.022041
11.0486
14.3142
0.022354
0.0220019
0.0220199
0.0217122
0.0499461
0.0222111
0.943382
2.33009
0.0224975
0.199359
0.0961792
0.0229044
0.0234939
0.0218064
0.0314842
0.135018
0.0240567
0.0222741
2.87714
0.0233517
0.021986
0.0220791
0.0215575
0.0220605
0.0292699
0.0236222
2.04019
0.0221617
0.0230865
0.0219481
0.041238
10.6869
0.0217617
0.0253604
0.021742
1.55237
0.0218364
0.0214545
0.0337797
0.0219171
8.95748
0.022159
0.0219378
0.0222417
0.0218998
0.0215163
2.53199
0.0368556
0.0467913
0.060168
0.0219993
18.9774
0.0221557
0.0228267
1.54468
1.02435
6.07023
0.0297211
0.0226314
4.56527
0.0238655
17.1412
17.8164
0.0246512
0.0220654
1.58572
0.0222992
0.0222189
2.69111
0.119014
0.0251032
0.185446
1.50945
0.0240132
0.0218993
0.0220446
2.70671
6.77987
0.0366656
3.18068
0.0655371
0.124822
0.0253172
0.0220081
0.0242732
4.01481
0.0275109
0.0242726
3.6998
13.584
0.0217184
0.112547
9.93886
0.0273398
1.97937
0.025067
0.0215087
0.0298126
0.0219051
0.0478345
0.0219553
0.121939
0.0215026
0.021965
0.0214367
0.0220503
0.0220008
16.0183
0.0220893
0.090882
0.0223876
0.0219206
0.0216477
0.021885
0.0531885
0.0225059
7.16397
16.5061
0.0237648
0.0254423
0.022237
0.026761
0.0229435
0.0219958
0.0237824
0.0222287
0.0216662
0.0219381
0.0217215
0.0217014
0.390234
0.0224343
0.0218893
0.022089
0.0220223
13.4188
10.596
0.0471656
0.0234855
0.0228258
0.133105
0.021931
0.0222261
0.0222711
0.0309398
0.0217686
0.0218334
0.0259964
0.02919
1.39985
16.0152
0.0218586
0.0219356
0.0216846
0.0230731
0.0217129
0.0217546
0.0214939
0.0230896
2.48676
17.3409
0.0241703
0.0221465
0.0269685
0.0219507
0.0222788
0.0282137
1.49465
26.7891
0.0220335
0.860561
0.0247269
0.0217768
0.0222478
0.024739
0.0219762
0.0230623
0.989809
0.0218852
0.0218006
0.02155
0.0232344
6.65015
0.022098
0.0299987
2.11817
5.5813
0.0244252
9.9324
0.0265391
0.0306532
0.0220451
3.1413
0.0221018
1.84178
0.0218914
0.0221105
0.0354672
0.0296638
0.0223107
2.98893
0.0221444
0.0221769
0.0218134
0.0221631
0.0217449
0.0236251
0.0251721
0.022498
0.030355
16.6144
0.0235179
0.913641
0.0222006
0.0264395
13.8108
0.0260892
0.0226566
11.0229
0.0218286
0.0221555
0.0220726
0.0226412
0.0314706
0.0222723
8.36717
0.0245154
0.0218544
0.0283817
3.61852
0.0221679
0.0223625
0.0223687
2.0745
1.77577
4.5703
0.2483
2.81543
0.0267963
0.107599
0.0259208
0.0276904
0.0217063
0.0221616
0.0239476
0.0222056
0.0221843
0.021657
6.09645
0.0237227
0.0219042
0.120356
0.0223196
2.48228
0.0584634
0.0227903
0.0218931
0.0223393
0.0234649
0.0224107
0.0249027
0.0242843
0.021912
0.0219384
0.021774
0.0233534
0.0500508
5.22052
0.0278475
5.21342
4.3746
0.731773
14.3293
0.0225855
1.46595
0.0679193
1.47761
0.0335457
0.0234398
0.0223394
0.0219933
31.3297
0.0256093
2.55502
0.0290686
0.0226077
0.0240045
0.0273562
0.0221779
0.0223865
4.82637
0.0217189
0.0251783
22.1126
0.0228557
0.0219564
0.0291185
0.0216979
0.0218723
0.0319204
0.0225372
2.01284
0.0222393
0.109148
0.0225343
1.39831
0.0234369
0.0223378
4.26459
0.0229764
0.198012
0.0216606
0.0225239
4.44966
20.191
0.0215188
3.07759
1.29868
1.69708
0.124496
0.0257727
0.0218172
0.0256826
3.11819
8.07067
0.0227504
0.0221416
32.8598
0.0219199
0.0651142
0.0227309
0.0221219
0.0749689
0.0677159
0.0220094
0.0218894
0.0227495
0.0215549
0.0216843
0.0467185
0.0254412
0.0314833
0.0429394
0.0262081
2.33132
0.0345746
0.0292297
6.89795
0.0282429
0.0220913
0.135628
0.0272906
0.0238309
3.00295
0.0216757
0.0605644
0.0227476
0.0217091
0.0222939
0.120203
0.0218104
8.16286
8.53034
1.4277
0.0217893
0.0214969
0.0285597
0.02204
0.0695947
21.8987
22.0002
0.022766
0.0218929
0.025624
0.030055
0.0276132
4.97293
0.0267376
0.0263558
0.0425748
0.0221967
0.0290715
0.0253876
1.68512
0.0274202
0.021653
1.44719
1.28367
0.0219321
0.0221994
16.2694
0.03143
1.85931
18.5909
0.0230323
0.0245004
0.0238672
0.0233882
0.0219831
0.0226244
0.0264363
0.0229986
0.0460186
10.0839
0.0220876
0.0219307
0.168591
1.81151
0.0221974
0.0222357
0.0218523
0.0285855
0.121096
0.0218779
0.02206
1.90452
0.0232992
0.0222244
0.0219263
1.82889
0.0216487
1.41295
17.5474
0.021793
0.0892322
0.0324366
1.76851
0.0231042
0.0896954
5.73446
7.10851
0.0317891
0.0243447
0.0222775
0.0331686
0.0494839
34.4101
0.0217875
0.0214988
0.0219734
1.64401
0.0278193
1.65337
0.0219497
0.0617543
0.0353753
0.0303107
0.0221054
0.0544441
0.0219323
0.0659997
8.07275
0.0350565
0.0217452
0.0221043
1.85021
0.0222273
0.0222421
19.0633
0.0216713
0.0247144
11.1057
4.15552
0.0216545
0.0229935
0.022064
0.0286586
3.66164
0.0237718
0.0489789
0.0214745
0.998804
0.0216408
0.13026
14.8096
0.0219205
0.0221988
1.83615
0.0222226
0.0216953
0.0216624
1.6945
2.90417
0.0222874
0.0219258
0.0218541
0.0218228
0.021743
1.28634
0.021874
18.0933
0.0217376
0.02171
0.0218582
0.0218239
0.0222801
0.0310282
0.0221869
13.072
11.9944
0.0243642
1.61186
0.140979
0.164698
0.0250957
0.0219034
0.0333352
0.148515
0.0221223
0.109215
0.0216731
2.77041
0.022217
0.0218681
0.0256098
0.0263035
0.0237076
0.021645
1.5001
0.022822
11.225
0.0945728
6.9651
0.0220403
2.08646
0.0998029
0.0223797
0.0719464
0.0987044
0.0251239
0.0308338
0.0214912
0.0672709
1.88277
0.021912
3.26862
0.022112
0.121785
0.0219239
0.169628
1.56437
0.0228308
1.64356
0.0215557
0.0232169
0.0848117
0.034468
0.554135
0.0218789
0.0232998
0.0328832
0.0769374
1.78569
0.021863
0.0218875
0.0219719
2.10408
0.0239634
0.0273334
1.44821
0.0229364
0.0229745
0.0214453
0.0355971
2.91015
0.0532696
0.0292469
0.0221449
0.524483
0.731213
0.0223086
0.0269697
0.0219063
0.0218312
0.0222069
12.2801
0.0583907
0.0615152
0.0362309
0.0216144
16.6374
17.2147
0.0223409
0.0236633
4.36064
0.0242593
0.0229848
0.0217266
0.0261689
0.0217726
0.0222481
0.0301424
0.0249906
0.0223864
0.314726
0.0219912
1.64903
0.0740979
1.67494
0.0544543
0.0357305
0.0215211
0.342764
0.0329268
0.0222396
0.0219041
2.39023
0.021507
1.38699
2.69684
5.50626
0.0359007
0.0257367
0.0259931
0.0223653
0.0220895
1.09545
0.0218003
0.0782643
0.0219104
12.2815
0.0218683
0.0217819
0.0239323
0.0222608
2.30921
0.0265666
0.0448054
21.9221
0.0501217
0.0262489
7.09372
0.0219276
0.0230453
0.226129
6.22238
0.584286
0.184636
0.0219076
0.0222832
1.82756
0.0275527
7.57105
0.106973
0.431617
1.47211
0.0220209
2.02681
0.0873686
0.0216719
0.190925
0.0220819
0.0319379
5.01507
0.0220713
0.0289606
0.0221455
3.78911
0.0229089
0.0221388
0.02187
0.022016
3.61254
1.66381
0.802595
1.52472
1.58741
8.63678
0.0284107
0.0219294
0.0269882
0.0216438
0.0214892
0.39616
0.0219654
22.3578
0.0295847
15.5646
0.0247213
0.101188
0.0598874
0.0220304
0.0216454
0.0217064
0.0292585
0.0224938
0.0323401
1.37823
14.669
0.0224349
6.40151
0.0218464
4.02763
0.0222393
0.0827878
16.8022
0.108966
16.7223
0.0221005
0.021995
0.0383441
0.0219367
0.027187
4.37108
0.104932
4.38345
0.0369403
5.79183
0.0363432
0.746066
0.0214227
1.85673
0.0328101
0.0219801
0.0221922
0.023091
2.05653
0.02989
0.0216345
1.0512
1.92104
0.0224542
16.213
0.02223
0.0306802
0.0220175
0.0355634
5.03777
0.0343773
17.3457
7.5696
0.0223463
0.0219715
0.03545
0.0841241
0.0516859
2.4514
1.6404
0.0221895
5.60854
0.0219424
0.0217008
2.029
0.151107
4.02367
0.0282037
0.021911
0.0552947
1.91011
1.47458
6.74327
0.230613
18.5829
1.66547
0.136837
0.091179
31.2113
18.7421
4.42975
9.76653
24.1404
13.0806
11.5172
0.0216558
2.28957
0.0215092
0.0305328
8.61981
0.0255814
0.0279845
1.59961
0.0329114
0.0263729
0.0221855
0.0360845
0.10496
0.0327082
0.0219994
0.0221719
0.0228595
1.15427
0.0220816
0.112244
0.0220559
0.0222762
0.0214834
0.0223783
1.42902
2.27465
0.0282558
9.35983
0.0221924
14.269
0.0216651
0.0219333
0.132114
0.0220161
0.0221391
0.0221741
0.0605043
0.0252282
0.0447713
0.021943
0.022017
0.039372
1.89103
1.49021
0.0573199
2.49418
0.691356
0.0219388
1.59732
2.01632
14.2274
0.0220099
0.0222382
0.0228385
0.186898
0.0219766
1.42396
0.0219422
0.116705
0.0220177
6.39325
0.0223677
0.0854685
0.0247838
0.0221912
0.0222945
0.0973301
0.023547
1.75581
1.26982
0.0219073
0.0217033
2.1068
0.11308
1.88834
0.0222262
0.172881
0.0223647
0.021605
0.0720223
12.1016
0.124762
0.035864
0.0226329
0.0264943
0.0394522
0.0221262
0.276339
0.0229764
0.0341663
0.0962024
2.85536
0.0346609
0.0221562
0.0217719
13.282
0.0225945
0.033686
0.0217894
5.64417
5.27087
0.0220407
0.0217085
0.186019
7.3834
9.3795
1.57379
0.0230442
0.117108
0.0490431
1.27436
10.5765
0.026065
0.0239592
0.0274034
0.107167
0.0222269
0.100054
0.029582
0.103507
0.348365
0.0216581
0.0223754
0.0343926
0.0219312
8.32869
0.021846
0.0220101
0.588352
0.0968227
1.99685
0.0255554
0.119329
0.039
0.0219148
0.0323274
0.023732
0.0549663
1.85505
2.25929
0.0230087
0.021521
0.0596782
0.0874364
0.0246637
0.0249108
0.0224794
0.0214034
0.0525039
0.0748963
0.0219958
15.1401
0.0220586
2.99478
1.7129
0.0222939
0.0370488
0.0226199
0.0247094
0.0455653
0.0584533
0.0232483
0.0222883
0.0921976
0.0218279
0.18389
0.0216698
1.45939
0.037366
1.43767
0.419913
1.28021
0.0649113
0.0214656
1.79898
0.021434
0.0230197
0.0221845
0.0224045
0.0302789
0.0231597
0.032688
0.0222881
0.241816
0.0526723
0.0791049
0.0531217
1.55269
0.0218812
0.0370163
0.0218174
0.0221815
0.021797
0.0218763
3.54001
0.0224325
0.02223
0.0314952
0.341545
0.047739
0.0219452
0.0979023
0.370419
5.50937
0.0247351
2.41193
1.83234
0.0220078
0.0234819
0.074186
0.0638072
9.48944
0.108441
0.0220858
0.0478741
0.0215051
0.161233
0.788562
14.9174
2.09587
0.0218566
29.8534
0.0218247
0.0218102
0.0254986
0.0581236
0.0375284
0.0940078
0.0374918
0.0214974
14.7431
0.0564803
6.1365
2.83326
1.44187
0.0290144
0.0234645
0.0230256
0.0230492
0.0219891
0.0252399
32.1458
14.4518
5.82222
0.217931
0.227492
0.0219909
0.0220376
0.0230666
0.0247436
4.46791
0.0230519
0.022238
0.0217426
0.0217486
0.021587
0.0380783
0.0325536
0.0218975
0.0281873
2.12722
3.70416
0.0378017
5.54914
0.0218814
5.4696
2.36271
0.121362
0.021794
0.0218668
0.0221967
3.09593
0.0263014
0.0294194
0.0460357
0.210545
0.0374407
0.0222869
0.0221473
0.0617003
0.0219625
0.110653
0.0251104
0.0294197
0.0217647
1.67091
0.03241
0.021952
3.59238
0.022286
0.104143
0.0226395
0.022034
1.88133
0.0551478
0.043633
0.0218902
0.0217746
0.0217167
0.0216126
0.022175
0.0907672
4.54036
1.14926
0.0396723
0.0822405
0.021794
0.103556
0.0222784
2.94617
1.84765
0.0262831
0.0218871
0.0218137
1.9118
2.14775
0.0241755
0.132033
0.0304302
0.0222265
1.29622
0.0221914
0.0914129
9.62927
0.0224579
10.8872
0.0214066
0.0225728
0.0377024
30.7285
0.0218418
0.0246753
6.50073
2.98982
1.68936
0.0217372
0.0222208
3.75247
7.07377
4.59221
14.8235
0.0589366
0.0221964
0.0218235
0.0226453
0.0217033
0.0221562
3.40086
2.30716
3.80512
1.97348
0.0215144
0.0216805
1.92505
0.0294332
0.0224156
0.0217285
0.0221289
1.31959
0.0397524
2.33028
0.0222322
0.0219928
0.0222192
0.037144
0.0260909
0.0231813
0.0249245
7.85867
1.45258
0.0234824
3.86103
0.0220184
0.02213
0.13494
0.844511
0.0214656
0.110989
0.021946
17.7586
0.0220469
0.736046
0.0222953
0.0376455
0.0218047
0.022524
0.0232349
0.0982488
0.0704906
1.99731
0.0220049
0.0221979
0.0215269
23.0376
5.46481
0.0246081
0.127333
0.0714707
0.0233046
0.0266944
4.16424
0.0464603
0.0215646
1.65341
3.7883
0.133496
0.022274
0.0217094
0.0222135
0.0220205
0.0474097
0.0222714
0.0221663
0.026654
1.82188
0.0222492
17.7122
7.62147
2.89784
0.0785564
7.11859
7.47918
3.27211
1.23596
1.64726
1.18013
0.0686384
0.118169
0.0218157
0.704468
0.0219755
17.6934
3.94687
0.0214744
7.34467
0.0466916
0.0217154
0.158287
1.3269
0.0217961
0.0653061
0.0218238
1.4705
6.19523
4.97542
0.0220597
3.37702
4.66227
9.20966
0.0564604
0.042646
2.75633
0.0215142
1.70684
3.30987
2.16731
0.0220835
0.0253749
0.021631
19.7137
0.0220348
0.78366
0.0354942
0.0294682
0.671411
0.0247775
0.0221888
0.0219663
0.0220427
0.0224066
10.1104
0.0218969
0.0278747
20.7578
7.98076
0.162248
0.0229788
0.0372439
0.42476
0.0216239
0.0223748
0.0240499
5.88921
0.0248656
0.71372
0.0221549
0.0216226
0.0657589
0.0417599
0.0401495
22.2369
0.0217443
0.486332
0.025617
0.0220295
0.0517736
0.896366
0.0221541
8.14826
0.0283631
0.773145
1.74757
0.191471
0.021895
13.8324
1.81794
0.0323999
0.0262515
2.83363
0.235032
0.021921
0.0218225
2.69892
0.021715
0.0215946
0.0230276
0.0977606
1.27121
0.0215752
0.0395271
0.0645965
0.0709609
2.56971
0.0219304
0.0223331
0.0219327
0.0222659
2.35957
1.82138
0.0435865
0.0219601
0.0214366
0.107434
0.0220954
0.0249068
3.30124
0.0225248
0.024571
1.73444
0.0218329
0.0220351
0.0285875
0.0221729
0.0219141
5.0273
0.0733933
0.0897203
0.0222109
0.0230394
0.0393239
0.055208
0.0221736
0.0415241
0.0215153
0.0253094
3.26182
0.0225471
9.85476
0.0214744
25.0439
1.57316
0.0217936
0.0290869
2.19872
0.0255183
1.11399
5.33391
0.022295
0.0396883
0.0218233
2.99738
1.07095
0.0220752
10.9274
0.0222977
0.0218098
4.34918
0.086946
0.566717
5.07032
0.142635
0.0217015
2.32873
0.0218581
16.9852
0.0224123
0.0890279
21.0034
0.0222454
0.0217376
0.0386819
0.0215436
0.46097
5.3191
0.021826
0.0216694
0.0218064
0.0216882
1.74525
0.46267
0.0394926
0.83216
0.0285574
0.0270919
0.0242597
0.032353
0.0292484
0.02154
0.0223424
0.0216714
0.0218186
0.025221
0.08137
0.0222522
0.315923
8.60026
0.0216837
1.93982
0.0216136
0.799451
0.0227185
1.42813
3.04317
0.0221612
0.213571
0.0222864
0.327677
0.782572
0.0221239
0.0222689
0.0970549
0.0312512
0.0222249
0.0454902
14.2856
0.0222833
41.8412
0.0233546
0.0218826
0.178354
1.35007
0.0233421
0.0219019
0.0278581
0.0220798
0.0426878
0.0217782
0.0218911
0.0215067
0.0222388
1.80967
0.0277559
0.0222285
0.0217544
0.0274143
2.05587
2.98937
0.129139
0.0216966
0.258173
0.0446494
0.0214357
0.0219588
2.12006
0.0222508
0.0217679
25.6336
0.0308142
9.97978
0.0228646
0.0445173
8.82897
2.25406
0.832751
0.021827
0.0732108
0.0221623
0.0231183
0.0216599
24.1116
0.0593832
0.0217793
0.371596
2.59691
1.75293
0.0219935
3.29616
0.0225068
0.0223625
0.185734
5.55518
0.027073
3.95617
0.0704468
7.90472
0.0216725
0.0306783
0.0762656
0.0220226
0.0222064
0.495302
0.0365735
11.6097
12.3835
0.0218124
16.9194
0.0255615
8.37243
0.0221793
0.527429
1.52934
0.073181
0.0222194
0.0219339
7.0391
0.0220737
0.0216942
0.185857
0.0314292
0.0219304
12.2698
0.0219613
0.0217681
0.0221807
0.0221906
0.0216989
0.0219453
0.0216416
4.35558
6.86919
0.0225575
0.0215894
0.0219486
0.0218557
0.0273161
0.0217727
2.27948
0.0327217
0.488979
0.03013
0.0278552
2.08366
0.0218409
0.078695
2.65048
0.0256263
0.390832
12.6603
3.04456
0.0214253
0.0220453
0.0218361
6.91915
0.415877
2.57279
12.5763
0.0324547
0.0218257
14.5681
0.0287368
0.0222525
0.0219137
0.0222508
4.21276
0.0360582
1.73144
0.0218945
0.0221829
3.46107
0.0217175
0.023153
0.0218232
5.00238
0.0216185
0.0218379
0.0807384
0.0222163
0.0221713
0.0247872
0.088022
0.0365453
0.353077
0.0826166
0.0222462
5.75724
0.0325337
0.0217914
0.0220026
7.02702
0.0219828
13.8003
2.37276
0.021648
4.6366
0.0218107
1.303
0.384395
2.24265
0.0447218
0.160829
10.2721
0.0359231
11.4817
0.708987
0.0219276
0.0217822
0.0515241
0.0622829
6.36025
0.0284995
0.0275445
0.0219788
0.0227867
0.0218813
0.0328306
0.0443218
5.67007
0.0435574
0.0221925
3.72227
0.0398803
0.0220774
0.0219271
0.0218764
0.0215529
0.023314
0.0222313
0.0444728
0.0320326
4.62825
4.71958
2.36631
0.0217521
0.0218749
0.0385359
0.0273951
0.0217556
0.0256877
0.0216624
1.89362
0.021955
0.083687
6.68436
0.0222122
0.0220159
0.021881
4.61817
0.0794424
0.0509302
1.58184
0.0219256
0.0233817
1.26434
7.70488
0.0222309
15.5702
0.0227857
0.0459935
2.3934
0.0218504
0.0221469
0.022066
1.37499
2.95469
6.71255
18.1197
0.0222515
0.0220647
0.0219736
0.106129
0.0221494
0.0217556
0.0223024
0.0217919
10.2434
0.0222927
0.0222917
1.35509
0.489108
11.6651
0.0260896
0.0291059
0.0343516
0.177846
0.11318
1.99458
1.54741
0.343305
0.0218209
1.59972
0.0218061
0.0247356
0.0221106
5.23318
0.0215984
0.0218165
0.0221058
0.0222645
4.86019
0.0227401
0.022294
2.78166
18.7656
0.0218812
0.0217725
0.0713985
0.021714
0.0221268
0.0218274
0.0219097
0.0365009
0.135893
0.0281067
0.240956
6.71557
0.0250183
3.19989
0.129105
0.028816
2.13868
0.0216801
2.0558
3.91281
24.1878
7.19282
1.45266
4.9206
0.0355452
0.0219228
0.023252
0.0218659
1.58245
0.0219301
1.40967
6.8994
0.0221804
6.10046
0.0739421
0.0217492
26.2521
0.123378
0.0214814
13.3733
0.0225885
0.031809
7.20595
0.0238969
0.183345
16.222
0.0216066
1.50263
0.652775
0.0220787
12.7189
0.0217205
0.047753
0.0220144
0.0218907
1.59352
0.0218096
0.0219793
1.16406
18.2109
0.739152
0.0219333
2.13443
1.56386
0.130136
1.50156
0.0217145
0.0218512
1.26797
0.0217668
0.0217514
0.0222103
0.0222236
1.3913
19.248
0.0435887
0.0216569
0.027666
0.0219686
13.0538
0.0221632
0.0250314
2.31516
10.2874
10.8405
4.25364
0.234976
0.0219192
9.73514
0.0218509
12.5775
1.76896
0.125263
0.0223212
0.0220844
0.321452
0.0218473
2.20465
0.0217857
0.0215515
0.0216092
7.12127
1.72306
0.0218442
0.0214208
0.159482
12.1696
9.27268
13.6396
0.021901
7.05066
0.0254779
0.0220772
0.0310039
8.28235
0.0219325
0.022618
0.0219333
8.7985
1.88419
0.0219806
0.0220776
6.1844
0.0759162
4.52015
9.53735
0.503334
0.300144
0.0583174
0.0219207
12.4307
0.0218173
7.71729
0.0221156
1.00195
0.0218559
0.0476968
0.262329
2.93164
11.4734
0.0219088
0.0887083
0.0249593
0.0219594
0.0548189
0.0219271
0.039451
0.0221353
0.0218866
0.0220177
0.0491028
0.0271936
0.0214442
0.0220282
0.0217282
0.097543
0.0221292
0.0551254
0.0217078
0.022528
1.26316
0.0232994
0.0597733
0.0904142
0.0217593
0.0218194
34.7643
0.0886169
0.0216749
4.33681
0.02166
0.0219371
5.06578
0.0214156
0.0222001
0.0398182
0.0223648
0.152674
0.332432
0.7264
0.0897324
0.0221418
14.0344
0.0222944
0.0222667
0.12893
0.0244448
26.0132
0.0219057
0.0215561
0.0221303
20.6045
23.9085
0.0218125
0.0285471
0.0222486
0.0578287
0.0217066
0.021898
6.53935
0.0222502
0.0218501
1.77945
0.0223655
1.91777
0.0219395
2.3181
0.0219518
2.78535
0.0990693
0.0221266
0.0219619
0.0222507
0.0224443
3.9111
0.0358679
0.0526969
3.52164
9.49252
0.0219351
0.0224334
4.23905
0.0946642
0.0224174
0.022264
0.0219446
0.0547247
0.0375452
0.0832028
0.0294577
0.0216841
0.021977
10.6406
0.0221733
0.0218612
0.0247173
0.0316059
0.0219936
0.0219487
0.0241989
0.0408027
0.0216772
3.42914
0.0217541
0.203424
0.0214199
2.60716
0.0216166
0.0236156
5.04389
3.99263
7.19862
0.713766
3.22421
0.021949
6.66384
0.0217135
0.0216811
0.0380214
2.45328
5.84764
0.0216011
1.50587
12.5287
1.4217
0.0222639
0.0218426
0.0217556
0.0222978
2.16999
0.107318
0.0691037
1.58391
0.0225031
0.0214349
0.0216652
0.0218165
0.185818
7.22112
0.0220829
18.8958
0.105148
0.196639
0.0578458
5.8995
2.16802
0.0217446
0.0219946
20.7422
15.8019
2.56402
0.0221794
0.180826
8.35863
0.021551
0.022192
18.4018
0.0216985
0.128188
0.0994906
0.0228926
19.7474
0.0219383
0.0741593
13.93
0.0275003
3.36218
0.0219389
2.71829
4.64239
0.0218852
19.7911
0.0217026
0.028344
0.0219133
6.93695
2.69527
0.0282705
0.0215342
15.0058
0.0222875
0.0214725
0.0218897
0.0282197
2.46186
0.0215044
0.0231319
0.02177
4.93612
4.649
0.0233578
0.138308
0.555651
0.131401
0.116619
0.0221888
0.0466656
0.0282518
18.0379
0.0242292
0.0239143
14.3164
0.0328198
0.121771
0.0270806
0.0220417
1.87415
0.0219658
0.0219878
0.0217616
1.54438
0.0219393
3.42169
0.0221266
1.2653
0.0219981
0.0326124
2.70976
2.85476
0.0217137
0.0222619
0.0220666
4.24475
0.0216585
1.55604
0.179703
0.9182
0.0219567
0.0215124
3.32127
0.0910892
20.9387
0.031398
17.2025
0.0307128
0.0220331
0.0219523
0.0716878
1.27618
0.0219091
0.0329436
0.0219139
0.391846
0.0218438
0.0988621
3.94011
0.0217202
0.0214642
0.0668988
0.0217862
0.336348
19.4929
0.0222243
0.273799
0.191257
0.0453791
0.021593
0.0218084
0.0407505
0.039928
0.0263571
0.0498471
0.217751
0.0221167
0.0296593
0.0478704
0.0217933
0.526059
0.0226489
2.84453
14.7163
0.0221064
0.0227703
1.71834
17.0828
6.46695
4.45657
0.0217459
1.66295
0.556959
0.02169
0.0274185
0.0218623
0.021975
0.0216627
0.0220024
0.0224234
0.0436809
0.0215856
0.0228351
0.0288229
2.5932
0.0224333
4.21235
4.67125
0.0216428
0.0220899
0.022064
0.0220953
4.21271
0.608137
0.022138
0.0218546
0.0219622
0.0222692
0.0219692
0.0248399
0.0217457
0.333782
0.607185
8.99067
0.0283926
0.0223183
0.0274322
0.0244532
0.0220031
0.121884
0.0222457
9.60172
0.0306804
0.185911
0.0222876
0.0221784
7.15437
0.0219201
0.0487239
0.022059
0.138913
0.0846397
0.0905556
0.0221735
0.0245094
0.696059
0.0218805
0.0222151
0.0238407
0.0220726
0.0217413
3.09391
0.583524
0.0217546
0.0218123
2.71745
0.129412
0.0218711
0.0219832
0.0563639
0.0226043
0.0270702
0.372575
0.69466
0.0231437
0.0538459
2.35035
0.0219332
0.0221935
0.0219546
0.0217793
0.0218373
2.06269
5.91365
4.73618
0.0246669
0.0398979
0.0219061
0.0222595
0.0262914
0.745564
0.0521557
0.0271337
0.0511455
0.0667444
9.04356
0.0219981
0.612438
0.0426855
3.37802
0.0371952
0.0218016
0.316767
5.00515
0.0351263
9.00753
1.08164
0.0217206
0.0517809
1.28949
0.0215678
0.0222328
6.65487
5.49849
0.021489
0.0218421
0.125451
0.0215913
4.53782
0.0216657
0.0218504
0.0220971
1.31406
0.0295145
0.0781308
1.51917
0.0832295
0.0296141
5.13522
0.0216758
0.0216911
0.0218961
0.152771
0.712583
0.0497377
0.0246787
0.0218327
0.0218548
6.1893
0.0219344
0.0220043
27.3612
15.5528
0.400977
0.022007
1.98196
0.0219255
0.0220461
0.310648
0.466774
0.0219648
0.784751
0.0219262
0.0228266
0.0268797
0.0237649
0.0218543
0.0216013
6.6238
4.7451
0.0217285
0.0216578
0.127649
0.0307995
0.0220204
0.0268851
0.0222924
0.0218149
0.0401939
0.0216808
0.0222443
3.79569
7.26058
0.0263685
0.0219485
6.09138
0.0214051
0.0217323
5.37835
0.0220219
4.22099
0.146819
0.0267945
1.33783
0.0219222
0.0218424
0.0219109
0.02181
0.165104
0.0279948
0.0219364
0.0220216
3.74931
1.29915
0.0217587
2.68127
5.42741
0.0219711
16.2037
4.93761
0.0277716
0.0220124
18.4601
0.0220207
0.0218501
0.0218662
0.0218272
0.0220668
0.0879861
0.0752522
4.71096
0.0222886
5.97213
3.49417
4.32149
0.0220139
0.253633
0.0217321
0.0281613
12.2542
0.0219327
0.0747808
5.97822
0.0257943
0.0393286
0.107121
0.0214735
0.0218411
0.0486367
0.0219989
4.99697
0.551335
0.0220897
0.0219438
0.0281642
0.022148
0.0442516
0.0221251
0.238526
0.0218843
0.0218197
0.0640659
0.0319599
6.5721
0.0996546
0.0231981
2.33984
0.0772986
0.196546
0.0222134
0.876755
0.46638
0.0221104
1.72918
21.9877
0.0217899
0.0222945
0.112493
0.0875493
0.0218207
0.0428659
1.11758
0.0214735
0.0220804
0.0435002
0.0222183
0.0575333
0.0221979
3.44494
1.05223
0.0426091
3.95255
0.0215198
0.553312
5.67664
1.14355
0.0320291
0.021801
0.0228051
0.0974178
0.0220838
0.0216463
0.0222491
0.157826
0.0219161
0.0216946
0.0222665
0.0214814
0.0227927
4.51185
0.626002
0.0221994
0.0218151
0.0218374
0.0220228
0.167726
0.231491
0.952679
0.071994
4.57674
0.0220137
12.2991
0.630945
0.0285159
0.0220025
0.0392314
0.0220203
0.0219166
0.0214876
0.069889
3.33661
0.021854
0.129371
0.0952702
0.0330428
0.0221471
8.38633
0.0221591
0.0241722
0.10862
0.273283
0.0223271
0.0220761
0.0216468
0.0235758
2.13541
0.0224038
3.48126
0.0221014
0.021902
1.31836
0.023023
0.0219505
0.0222358
7.4012
0.0222171
0.0911957
0.0308563
9.89139
0.0898331
2.76404
0.0218848
0.0225895
0.0217056
0.0218176
0.0277613
0.0220971
0.0219297
4.79184
0.0222855
0.0224927
9.19377
3.07486
0.0218614
0.0604654
0.021759
0.0214767
0.0232179
0.0216561
3.38053
7.26544
0.021454
0.0221618
0.0710762
2.83398
0.0220226
0.0526947
15.6753
0.0220723
33.7592
0.0227429
1.55262
0.0222231
1.00354
5.33629
0.0218421
1.58803
0.0237236
0.021656
0.0219851
1.18505
3.40116
0.0639803
0.0221719
4.17715
0.0219954
0.0228274
0.0219442
9.97139
0.0793936
0.0433845
4.67192
0.021823
1.35218
15.8371
11.7462
5.03161
0.0357771
0.0338422
6.99648
0.0219868
0.0228095
0.0736093
1.31684
0.0214635
0.0222853
0.021901
0.0219589
0.0219835
0.0333689
0.290891
0.021861
26.7111
0.0219073
0.0231163
0.0220353
0.0491487
1.49629
0.0221654
0.0217321
0.0524772
15.7164
1.12192
6.66792
0.644632
0.0218832
0.0218651
0.021503
0.527171
0.0226177
0.0220535
17.4281
0.0220014
0.0897949
11.8317
0.0219611
4.52767
3.21571
0.881213
0.0477279
0.120265
15.6786
0.255274
0.021925
0.0216589
0.0336798
0.0223227
0.046272
34.6647
11.671
0.0284146
5.38339
0.973893
6.37908
0.0214509
0.0221797
0.0219499
0.0217136
0.0220215
1.53612
1.25801
0.0220437
3.36712
0.0220313
0.0219263
0.311957
0.0217882
0.614142
1.43848
6.46753
0.0217433
0.0218798
0.022247
0.0222439
12.0712
0.0219713
0.0263911
0.02233
0.100242
0.0241992
0.0221517
0.0219465
4.43851
0.0216762
0.482053
0.0218777
2.69077
0.0220275
0.0219572
0.0232364
0.27998
0.0216924
0.0221966
4.79865
0.021926
0.0391484
0.197758
0.364135
0.0363905
0.021767
0.0219285
0.756125
0.0286188
0.0217018
0.0784738
0.114804
2.05136
0.0219696
0.0220105
0.021941
0.0217585
0.022039
0.0224571
1.41899
0.0228482
14.5173
1.37391
0.0403532
0.0230321
0.0218756
0.322707
4.77411
0.0217286
0.022014
0.0748123
0.0222745
0.0229859
7.19025
1.74589
0.021888
3.53692
0.0228284
5.53156
0.021735
0.0220169
0.0218977
5.11841
0.0216504
0.021912
1.58011
0.0218626
0.032857
0.0663901
0.0219114
18.0531
0.0274471
2.30095
1.51366
0.0219473
0.0222535
2.60565
0.0218554
0.0221281
0.0219734
0.0290475
0.0220722
15.6743
14.3391
1.92541
1.77374
0.0217413
0.843643
0.0218727
1.32356
0.0265512
0.0288413
0.0221477
5.9339
0.0220577
0.0226997
5.64677
0.0217412
0.0367434
0.0355712
0.0222792
11.9562
0.0217451
3.16597
0.0278719
0.0219789
0.021863
0.0214726
1.29463
0.0217545
1.4835
0.0222666
0.0245062
0.0239025
0.0258782
8.86536
0.0220908
0.0241127
0.167078
0.0513872
0.14736
0.0220613
0.021875
12.9693
0.0214547
6.8048
0.0303863
0.0218656
0.021902
11.9851
0.260883
0.022384
10.9952
0.0218385
0.0230031
0.0218319
0.0489796
0.0233476
0.0490853
5.21855
0.0218924
0.0217251
0.0219345
6.11367
0.0218879
0.0224513
1.32204
0.0218759
0.118963
0.0221483
0.0269909
0.0220408
0.0222116
0.0222926
0.148931
0.032223
0.0218087
0.132672
0.0221036
2.71508
0.0219661
0.146488
0.0219483
0.0219202
0.0219374
38.5932
0.0262739
0.0223796
0.296633
0.0224303
0.0289461
0.0228229
0.0247029
0.0222729
0.0218991
0.0224555
4.68046
0.0219757
0.0218349
1.27159
0.0220029
0.0217731
0.0219799
1.34814
0.0222055
0.0496283
0.0280623
0.307681
0.0222109
0.0431853
0.0217349
0.0222966
0.0280114
9.22183
0.0222927
0.0216924
0.0219309
0.140321
0.475099
0.022548
0.0218656
0.0219248
4.85182
0.0216252
0.0351561
0.0411163
6.64877
0.0222948
0.0217156
2.36086
0.0224223
0.0472321
0.0291275
0.0214633
0.0393927
0.0219821
0.0282967
0.0215144
0.0217623
0.0219361
7.94812
0.0220111
0.306745
0.0216926
9.8569
3.78715
0.164978
0.0220081
6.76675
0.395085
0.0303587
0.0219977
0.0299955
23.4169
0.022111
4.32623
0.0222559
0.120462
0.0250412
0.0222149
0.138937
3.50505
0.0218375
0.024364
0.0219226
0.0334697
0.0218628
0.0217259
0.0220376
2.90538
12.202
0.0222912
0.02194
0.0220909
1.82876
0.0219284
0.1286
0.0220482
1.77166
5.49425
5.11593
0.0420065
0.0222518
0.0220892
6.35718
0.0220992
0.0370574
0.0222662
0.0348227
18.0032
2.75327
0.0222869
0.0216773
0.0307301
5.85935
0.0549928
0.0218139
4.35399
26.9093
0.0216341
0.41868
0.0215168
0.0437487
0.0219249
0.0225523
0.0222856
0.0348599
0.0219754
0.021507
4.85589
0.0242332
0.0225843
1.38439
3.15986
0.0220288
4.86376
0.0220991
6.30884
0.0245012
0.0215242
0.0215888
0.022014
0.0253796
0.360408
0.256804
0.0220054
0.0226283
6.36937
0.0220386
0.0216293
0.0218646
0.0219871
0.234336
0.0219357
0.0216258
0.0216429
4.4696
0.0222667
0.0219281
0.0216588
2.52537
0.0221625
3.2251
12.1344
0.0219085
9.46385
33.7548
0.0221648
0.0482784
0.0993204
0.0216015
0.0217016
0.0231158
0.0220118
0.996027
0.02682
0.0221432
0.0216533
0.0218895
0.0220273
0.0219864
0.0222292
3.7474
0.021661
0.0218698
0.0259314
0.0219209
1.31796
0.0218811
0.0220526
0.0221147
0.0221431
2.52821
5.11284
1.84228
1.99451
0.0223165
10.6838
0.0218648
0.0216208
3.15971
4.31834
0.0222141
0.0219822
0.08051
0.111565
4.34929
8.24375
0.0429295
1.92622
0.0227659
6.1497
0.0219034
0.0253525
0.0218734
3.45123
0.0219522
13.9582
0.0222535
0.0241941
0.0221463
0.0226342
0.492543
0.0216207
0.0214915
2.31854
0.055125
0.0222464
0.0216785
0.0216162
0.0228886
0.0222551
0.0222411
0.0218788
19.6576
0.0218197
0.0228488
0.0222552
0.0216149
0.0217289
0.0376034
0.0222971
0.0379609
0.0221639
6.25358
0.0217288
0.0842387
0.0583272
0.0218108
0.894018
0.0214813
1.52338
0.0220422
0.0220182
0.0219136
0.0215984
0.0874357
0.0218742
0.0224316
0.0215878
1.53315
0.154792
0.0220234
0.0222711
0.898127
1.80007
39.5323
0.402402
3.9604
0.0218587
0.0218793
0.0330099
0.0222139
31.6428
0.0222582
0.0983536
0.0219053
0.0222472
0.0282494
0.021537
0.0222506
0.0418886
0.380984
0.0216706
0.0215855
0.0222091
0.021981
0.0221235
0.0216732
0.0219449
0.0218703
0.0294858
0.0463585
5.83281
5.1425
37.527
0.0215951
1.33398
0.0219022
0.110621
1.00829
0.0220315
1.95454
0.021884
1.64295
6.1773
0.0638906
0.0220134
19.8473
0.0241207
0.168655
0.022602
0.0295867
7.44819
2.98016
0.287834
0.0243856
23.9802
0.198801
40.5708
0.0267962
20.2078
39.9337
13.1493
0.021658
0.0222741
1.51497
0.0214899
0.0219522
0.395499
0.0219869
0.0220948
0.037525
7.64065
1.55842
5.28271
0.021888
0.0218372
0.0222075
10.7232
2.0539
0.308759
0.0258096
7.0992
0.0218908
0.0296656
2.26679
0.0246873
0.46496
0.0224541
0.022234
1.45308
0.0218117
0.966575
0.0219495
0.022545
0.0431801
0.0217959
0.0237115
0.0690282
0.0222667
8.68037
0.0218783
0.0214822
4.028
0.0224274
0.0219107
1.96532
0.0718009
6.13755
2.03356
12.4409
0.0225532
0.0942657
5.89782
0.0848874
0.0276795
0.0225566
4.68076
0.0217711
0.0220544
0.141006
0.0858616
0.0408534
0.0222753
0.0222311
0.0218261
1.49663
0.0501741
2.63725
0.0222712
14.309
0.0218777
0.042382
0.02406
0.0217785
0.205063
0.432209
0.032622
0.154919
6.25511
0.0222725
0.0238223
0.0266715
0.0312776
0.022702
0.0270565
0.0270573
0.0998772
0.0215584
6.28437
6.09448
0.0226977
2.04426
1.58216
2.33953
0.022271
0.0216159
1.29941
0.0219425
5.25927
0.0222309
0.0222725
2.26102
0.0237603
0.02205
29.5476
0.0255461
0.0663024
0.0219163
4.65333
0.0528668
0.0876596
0.0336959
0.022542
0.113159
0.0224343
32.1863
0.0256431
0.265362
0.586678
4.0477
0.164399
4.53508
0.0246728
0.0684297
0.0371198
0.702168
15.8669
0.0218231
0.332807
0.022045
0.0218903
2.92927
0.069896
0.0216644
0.0636422
1.33022
5.11543
0.578377
3.00254
0.0757197
0.0222637
0.0242586
0.0217072
5.06569
0.0219971
2.09248
0.559236
0.0242126
1.82559
6.8144
0.021669
3.24214
5.68663
3.03921
0.0219741
0.0219243
0.0222872
0.0388927
0.022273
1.84744
5.2448
0.0426501
2.26318
0.0226208
2.64356
1.46389
1.29083
0.0220276
0.28787
0.0259257
0.0908156
0.0310946
0.199077
0.0393699
5.24208
0.0222481
0.0218607
0.0216404
0.350385
2.95442
0.0219285
4.46677
0.0617913
0.0807665
0.0218756
0.106721
0.0221592
2.54691
1.68433
1.26641
0.123629
4.75073
0.0624155
1.68968
0.104723
0.0220877
0.493847
0.0218297
0.0422967
0.0219529
3.91142
0.0220444
0.0258113
4.35295
0.046615
0.0439226
0.065967
6.66072
7.97134
2.80532
1.26184
0.0388678
0.0219091
0.0220215
0.0417347
9.34148
5.26501
0.031082
0.0282968
0.0988961
0.0405307
0.113055
0.280979
0.0998692
0.0507828
0.0616737
0.406769
0.0216362
12.3726
0.0217567
0.0222808
0.157974
0.029918
5.86897
28.3521
0.147097
0.317485
0.507799
0.0218727
1.91264
1.28213
0.0394118
0.0276717
1.29389
0.0396627
0.0457944
1.90001
2.71056
0.0218977
3.49944
5.1272
0.0217004
1.29071
0.0224831
0.021655
0.0214746
0.0307271
0.51842
1.31593
0.453396
0.0514683
0.0488461
0.0415609
1.83798
)
;

boundaryField
{
    frontback
    {
        type            empty;
    }
    topbottom
    {
        type            fixedValue;
        value           uniform 0.0223;
    }
    outlet
    {
        type            zeroGradient;
    }
    inlet
    {
        type            fixedValue;
        value           uniform 0.0223;
    }
    walls
    {
        blending        binomial2;
        n               2;
        beta1           0.075;
        type            omegaWallFunction;
        value           nonuniform List<scalar> 
120
(
13.5607
23.0968
21.7298
25.4205
25.5411
27.5044
25.7012
24.603
27.3443
16.7238
30.8874
24.3741
19.6907
22.2158
24.4566
17.2934
13.7008
21.6343
11.2425
28.6888
25.7478
13.4497
29.9188
22.9376
24.5679
12.2158
28.3279
7.30319
22.1305
8.24863
8.89458
8.47672
7.65106
6.60522
27.8952
28.6973
13.0972
20.2565
26.4143
25.7313
25.1643
13.0785
22.1415
23.932
17.424
27.0934
27.5042
20.2846
25.3848
26.325
26.6292
12.1251
33.0554
27.9075
23.2833
25.0317
16.7198
12.3028
24.836
6.24078
7.11752
26.8605
16.652
22.7577
28.5971
8.20418
7.91942
8.27458
30.0146
23.4425
27.9069
20.8797
31.8986
24.8648
17.6827
17.3267
27.4087
17.4409
25.2016
7.33765
8.95748
18.9774
7.16397
26.7891
31.3297
22.1126
8.07067
32.8598
8.53034
18.5909
34.4101
6.9651
12.2801
8.61981
9.35983
9.85476
25.0439
25.6336
24.1116
24.1878
26.2521
13.3733
18.2109
26.0132
20.9387
27.3612
33.7592
26.7111
11.8317
34.6647
11.671
19.6576
39.5323
31.6428
37.527
19.8473
23.9802
40.5708
39.9337
13.1493
)
;
    }
    procBoundary0to1
    {
        type            processor;
        value           nonuniform List<scalar> 
80
(
2.00017
0.0344009
0.0220441
1.96556
0.0221351
0.0257096
2.46461
0.0240774
0.0240774
0.0247363
0.021618
0.0249426
0.032842
0.030895
0.0472307
0.0214004
2.8508
2.14869
3.2521
0.0235262
0.030895
0.0219831
0.0214168
0.0295305
0.0422718
0.0218776
0.0215336
0.0215708
0.777039
2.36057
0.0235262
0.0213939
2.33845
0.0214684
0.0222865
0.0215064
0.0214346
0.0214346
0.0217903
0.0279682
0.0214584
0.0213947
0.0422718
0.0214466
0.0749151
0.0749151
0.0379691
0.777039
0.0214299
0.0213904
0.02166
0.0217193
0.0214466
0.09493
0.150136
0.0231353
2.78101
0.0379691
0.0214858
0.150136
0.0614455
0.0267835
0.0548141
0.104868
0.0213882
0.0214253
0.0214168
0.0238201
0.0226413
0.104868
0.0214253
3.47731
0.09493
2.99478
3.37147
0.0490672
2.17599
2.36057
0.0224557
0.0228634
)
;
    }
    procBoundary0to2
    {
        type            processor;
        value           nonuniform List<scalar> 
165
(
9.828
14.5255
20.1893
0.159352
0.0220293
6.22359
3.51144
8.22311
14.5609
12.5968
14.5255
0.0281628
0.0294916
0.021972
0.0219956
20.1893
0.0219784
4.52046
1.69925
0.0261065
0.0229869
0.0227864
0.126369
1.90824
9.11294
0.0227864
0.119031
8.38754
2.6878
0.0232003
5.63725
0.02208
2.15736
2.37775
2.15736
0.0220021
9.90058
0.0219448
0.0739447
0.0739447
8.72152
8.74996
2.19536
0.0221114
0.716365
0.386525
0.021941
1.55568
0.046256
1.53844
0.716365
0.022089
1.43613
0.0253313
3.02101
2.99935
3.08544
0.0246645
0.0242725
0.0221211
7.37076
0.386525
1.54117
0.0219815
0.0220498
0.0220586
5.73569
7.5563
0.0219562
0.0572885
0.0223547
0.02382
0.021933
0.021949
3.1104
0.0222937
0.0428255
0.0219619
0.0221445
0.0226063
0.0219619
0.0222701
0.0516037
0.064247
0.0219562
0.0278286
0.265314
7.71114
0.0219274
0.0219322
2.35036
0.0220037
1.54117
0.0224802
0.0318309
0.0221786
0.0265634
0.0904677
0.0516037
0.0219351
0.0331591
0.022214
1.44174
3.20662
0.0220785
0.0397728
0.02204
1.96945
3.42837
3.28747
0.0222661
0.022155
0.0219264
2.84876
9.68782
8.79057
8.24629
3.18187
1.69379
0.0235134
9.48808
0.0370926
0.0397728
3.26157
0.0219253
8.71838
9.46963
8.9276
0.0221873
0.0351174
0.0219256
1.72984
0.0222524
8.40725
0.0294916
8.97685
0.21574
0.0904677
0.0221311
0.0220208
1.4176
0.0221895
2.46966
9.23675
11.3297
6.20231
2.53461
10.0619
9.23541
6.61501
8.34305
16.4923
9.05116
6.18433
1.37245
13.7319
2.18271
0.0305686
8.89531
28.7959
0.0222255
1.36425
1.33407
13.1818
10.1598
)
;
    }
}


// ************************************************************************* //
