/*--------------------------------*- C++ -*----------------------------------*\
| =========                 |                                                 |
| \\      /  F ield         | OpenFOAM: The Open Source CFD Toolbox           |
|  \\    /   O peration     | Version:  v2012                                 |
|   \\  /    A nd           | Website:  www.openfoam.com                      |
|    \\/     M anipulation  |                                                 |
\*---------------------------------------------------------------------------*/
FoamFile
{
    version     2.0;
    format      ascii;
    class       volScalarField;
    location    "750";
    object      omega_0;
}
// * * * * * * * * * * * * * * * * * * * * * * * * * * * * * * * * * * * * * //

dimensions      [0 0 -1 0 0 0 0];


internalField   nonuniform List<scalar> 
9793
(
0.0224378
13.9915
0.0219417
2.52298
0.0222597
0.188135
0.0806784
4.75764
0.022162
13.5773
0.0221966
0.0221873
0.0219193
1.54624
0.0218019
0.0268188
0.0520332
0.0219363
2.13287
0.021567
0.0216458
0.0222916
2.5057
4.94684
1.63854
0.0267322
0.022099
0.022262
0.0215776
0.0771001
6.91909
0.346566
0.0220116
0.0219478
0.0218691
0.0284469
0.0247925
0.0251537
1.4486
0.030455
0.066757
8.4129
3.78174
0.0222717
0.0219631
0.022043
5.33464
0.0222843
0.0217721
0.0219433
0.0281992
0.0218524
0.0369352
0.0222686
0.0332633
2.10162
0.0219274
0.0878878
0.0217758
0.0222914
0.0272862
0.0961971
0.0219546
0.0350489
0.0219629
0.0220868
23.0717
0.024245
0.0253115
2.97292
0.0220011
0.103971
4.27965
3.60105
3.84096
0.0222625
0.046277
10.387
0.0219829
0.0222705
0.0496098
2.0819
0.05023
0.0239801
0.0253309
0.224384
0.0222611
0.0673401
1.45111
0.0930526
1.72438
0.99927
1.17916
0.0407048
3.61025
0.0219137
4.31217
0.0494386
0.0246999
0.0222685
1.28191
0.0351023
2.00812
0.0219681
3.13239
10.2123
3.70685
0.02188
0.021987
0.0222835
0.0222335
2.04516
3.25872
6.69672
0.0219778
0.0221124
0.0247187
0.0220509
1.77446
0.0220288
2.6824
0.0716864
6.09706
0.0415186
0.0248273
0.0220347
0.0590767
5.43832
0.186865
0.202916
0.0239531
0.021813
0.0223276
0.0234652
0.027359
0.150843
0.585433
0.0247651
0.0222736
0.0592288
2.21578
0.0276185
0.0219625
0.0551256
5.17116
0.563439
0.0220356
4.13958
0.0218102
0.0220294
0.0220694
16.8186
0.024249
0.0220919
0.0219296
1.04372
0.0553294
0.0219501
0.478186
0.0219343
0.0632027
0.0240542
0.021652
0.356079
0.0221577
8.74784
1.91108
0.0223609
0.0218809
0.0222173
0.0219781
5.78498
27.2866
1.67475
0.0219133
0.172489
0.132032
0.724523
0.0219685
0.0241867
3.4762
6.56978
0.0790355
0.0220358
0.0220735
0.0218745
6.64371
4.14546
19.7548
2.13026
0.0220128
24.5446
0.416281
0.0256035
0.0218371
0.0233769
1.9974
0.0216037
0.0219349
0.0222039
0.0220232
0.021652
0.0292554
0.0253207
1.65885
0.0219384
0.0279516
0.0223619
0.0223918
0.467136
0.05685
2.37183
0.0216413
2.63137
0.0240041
0.0442709
0.0218127
0.146873
0.0221213
0.0513758
0.0527101
0.0216535
1.45879
1.75834
0.0390363
0.0219028
0.0501528
1.78271
0.0503856
0.0511224
1.48999
0.137072
0.041767
0.0357392
0.386534
0.0216367
4.24959
5.71817
0.0216093
0.0222223
8.06769
0.0219215
0.0222313
0.10737
0.11839
0.0220778
0.0242356
0.0289631
0.038109
0.0243219
0.0219744
0.0436384
2.82533
0.0216498
1.68414
0.022262
0.0221699
0.0216694
2.03987
0.021979
1.92716
2.57994
0.0221032
0.022131
2.45285
0.0218672
0.0222397
0.0218413
2.36009
0.269601
0.0250586
0.424581
0.0820829
1.93144
3.71889
0.0223734
17.226
0.0222643
1.79465
8.29613
1.44776
2.78838
0.134747
0.0239904
0.0465626
0.0248997
0.0218829
0.0224991
0.444197
0.0269077
0.0221395
0.0222838
0.0216389
0.0216918
0.0216515
2.29378
0.0218714
0.0217925
0.0219063
0.0219208
4.98255
0.539391
0.0656571
0.0229632
0.0555287
0.022029
3.69777
12.6785
0.0219732
2.94816
0.0332378
0.0219579
21.7938
3.87354
0.0220193
0.0458057
13.661
0.0221802
0.0344607
0.0217931
0.0222712
1.94458
0.0411844
0.0219562
0.0220223
0.022828
0.165116
3.34589
0.0219451
0.0218742
0.0217779
6.39576
5.18996
8.08254
0.0216247
0.0434524
0.0353656
2.04199
0.0662943
0.0216445
0.0217034
0.0217785
0.0450702
0.0220961
7.53887
0.0220882
0.0217891
2.21163
2.17962
2.32423
0.0217741
1.28445
0.0247058
4.19095
6.50524
1.56932
0.0236367
0.0314925
0.680783
1.58857
1.97787
0.0267902
0.0222634
0.02547
0.021738
0.0218562
0.0220778
0.0220812
0.022292
8.89704
0.0222065
0.0593519
0.0301057
6.19448
0.0216407
0.0240622
5.32774
0.511428
1.64504
0.0644858
0.0217917
0.0237133
0.0219447
0.417243
0.021571
2.24135
0.153975
0.0810823
6.27574
1.96639
0.0221373
0.0219012
1.04002
0.366764
0.0219368
5.4441
0.0221313
0.0221756
6.79746
0.0216397
0.0892929
0.0216447
1.93606
0.0220936
0.0221719
2.25985
0.0970435
0.0544744
0.025612
0.0220745
0.0218514
5.51421
0.0492109
0.0215928
0.0221946
0.034528
0.0354902
0.0543637
6.35772
0.0221956
0.0219449
0.339072
0.022081
2.45414
0.705546
0.0220653
0.0220164
0.0224527
0.0221163
0.021765
1.29528
0.0517831
4.03355
0.0293691
0.0236117
0.0417165
0.0248567
1.62724
0.0264938
0.0222678
0.024264
0.465195
0.0219669
0.0219383
0.0219999
0.021574
0.0219865
0.0218117
0.0220445
0.0221576
0.0229227
0.0248686
0.106646
0.0220101
1.46268
0.0257984
0.20479
4.65311
0.0218871
2.35897
0.0786506
0.0218422
0.0215747
0.0219696
3.12496
0.0832998
0.0215709
0.0221207
0.0221971
0.0690989
0.14869
10.2873
0.0219762
0.0219304
0.0319528
5.97706
1.41345
0.0238106
0.0234637
1.74756
8.75962
0.258893
0.0222248
0.0218011
1.56448
0.0219183
0.12996
6.84461
0.0215815
0.237212
0.0269131
1.28637
0.0218517
1.87104
0.258167
0.0263104
1.904
0.0219158
1.80973
0.0220948
0.0218972
0.0222231
0.0219499
3.23923
0.0219092
0.0217504
0.0229087
0.0216324
0.021802
0.045699
0.0228283
0.0343812
0.0220337
0.022038
4.05647
0.0763272
0.0237593
1.72491
0.0244383
0.022222
0.0219835
0.0217646
10.3342
0.0217431
0.0220692
7.23956
8.19103
0.0389297
0.0219265
0.0222841
0.0221651
0.0222409
1.61689
0.0222315
2.47294
0.0244212
1.8925
0.022262
16.5531
0.0222475
0.212371
0.0219243
0.0878765
3.98094
0.0221034
8.43809
0.0219151
0.0222182
0.0216354
4.35602
1.70494
0.0219775
0.0276797
0.0217425
1.7068
0.0218811
0.0442727
1.78723
0.0254712
0.0220264
0.0459557
0.0222451
0.0222232
0.021794
0.100118
0.0219558
1.85807
0.0220516
0.0221118
0.0390563
0.0761021
2.02338
0.0217799
15.8726
0.0218968
0.191712
0.0219284
0.0223205
0.021914
0.0220495
0.0222682
0.206011
0.0419049
8.54673
0.103992
0.035607
0.0343474
5.36295
0.0237523
1.5741
3.54718
0.245551
9.61537
5.70977
0.16974
0.0222315
3.38914
0.0387482
0.0222102
0.329138
0.0222509
0.438897
0.0358047
0.205076
0.0279939
1.84191
3.98636
0.0367965
0.187629
0.022216
0.61931
0.0229682
0.0219268
0.0220841
0.0239278
0.0457043
1.43537
0.265162
4.11861
0.0234658
0.0234903
1.27113
0.350842
0.023202
0.0595499
0.0224161
4.92098
2.34633
0.0220592
0.0659257
0.300103
4.06419
0.0219578
0.0259333
7.11493
0.0286432
7.23985
0.0916207
6.14431
0.0257479
0.0238543
0.0219348
0.021929
0.384655
0.0222842
0.643943
0.122538
0.079077
0.0222596
0.0222238
0.0239159
0.0222738
0.0218348
0.0219226
0.0954059
3.22607
1.68218
0.0222797
0.308265
0.0219506
4.13986
0.0459002
0.0476772
0.0347123
0.24041
0.0217537
0.0220602
0.0433887
0.021918
0.0221159
0.0583179
1.295
0.0216512
0.276508
1.51522
0.0245016
1.83785
1.58715
0.0218287
0.0533405
0.0274792
0.0220056
0.0216299
0.103557
1.49786
4.13421
0.0219844
0.0220168
0.021675
0.0251725
0.0228559
0.0238472
0.598576
0.0456224
0.0221514
5.42811
0.0293556
0.0338706
0.0220724
17.0412
0.0238423
0.0219182
0.0805018
2.11427
0.021603
0.0220506
0.0219505
0.025776
0.0217495
0.0374879
0.548029
0.0221979
0.0996331
0.0229869
0.0220205
2.70287
2.91855
0.453159
0.0220747
0.0216185
4.89666
0.0260959
3.82382
0.0215799
0.0219178
5.92747
2.2901
0.0295313
0.0966346
0.0642622
0.0219
0.0222717
0.0219613
3.17732
0.0220571
0.0222928
1.46448
0.0278034
0.266631
0.0333315
0.0219363
2.59357
0.0222681
0.0219231
0.0219505
0.0306899
3.36314
0.0221618
0.0219724
0.0219167
0.021906
0.0219426
0.0219466
12.0045
0.0317155
0.0228528
0.0221097
0.0317912
0.0592727
0.0267848
0.0288747
0.0222839
0.0216683
0.0233239
2.05516
2.21963
0.0234622
4.01446
0.0222153
0.0253077
0.953067
2.21165
0.0217944
0.0221803
0.363377
0.0500424
0.0219074
0.0222486
1.92117
0.0222681
0.0666891
0.0220114
0.620963
0.0222475
0.0223087
0.022127
0.0306358
0.0222211
0.0246113
0.0263942
0.172573
0.0218662
0.0219971
0.0222498
0.0218927
0.0221983
0.0220442
0.0303823
0.0221114
0.0510705
1.76584
0.042042
0.0611254
0.0222018
0.0217935
6.03575
3.78646
0.0216199
1.7748
6.60032
0.0216248
0.0219681
0.0218846
0.0921754
0.0529304
2.42469
0.0218602
0.0250349
0.0218616
0.0223194
0.0222912
0.083669
0.0221724
0.22805
0.022093
0.0580113
0.0218955
0.0231669
0.0219252
0.0392115
0.0619904
6.12112
2.52803
1.74218
0.0467279
0.0219189
2.91592
3.75526
0.0603212
0.0220831
0.0220846
1.98214
0.0218779
3.04821
0.0216567
0.0295347
0.0222598
0.0222698
0.0218002
8.24204
3.11877
2.80098
0.0741018
4.82003
0.0219543
2.64045
10.2429
0.0222705
0.0220975
0.021735
4.02203
0.0215731
4.5214
0.0327408
0.132651
0.0222754
0.82152
7.03793
1.74526
0.0295049
0.0314624
0.0220407
19.2282
0.0215598
0.64015
0.200762
0.0686176
9.53964
3.10307
0.023949
0.0233879
0.021949
0.100053
4.80641
5.05742
0.0217492
3.88615
0.0263429
0.117298
0.127835
1.31482
1.35289
0.0217005
0.0261658
0.0303632
0.0243965
0.0242401
2.38834
0.0221968
11.3399
0.0218098
0.0216754
0.0758771
0.106321
3.97237
0.0226524
21.0712
12.3436
0.610072
0.0271764
0.022233
0.0226537
0.022227
0.0219296
0.749446
3.01668
0.0221858
0.0219298
0.0317143
1.71588
0.0257788
0.021929
0.433818
0.0219437
0.0222749
0.0215702
0.059132
0.02203
0.025163
4.20327
0.0592546
0.0223018
4.15348
0.132468
0.0219402
0.0231893
0.0332245
0.0222624
0.0219652
0.0217614
12.3162
3.36092
0.0222243
0.0348356
0.036792
0.605602
0.0219652
2.89156
0.0218643
0.0217568
0.73441
0.238784
0.0628712
0.0220574
0.0218999
5.16674
1.33174
0.265866
2.831
0.0221025
0.0241257
0.0220156
7.42878
0.0243025
3.23099
0.0227726
0.0219419
0.0238745
0.0216958
0.0218774
0.063749
0.0217868
2.8202
0.0218425
0.0222204
0.0215923
0.0251251
1.60543
2.67688
0.0516125
4.89382
0.0219805
0.035929
0.0234588
7.49118
0.0219258
0.0216801
2.28989
0.0347629
0.0330238
0.0221114
0.224053
8.25419
2.19678
0.0221583
0.034809
0.957192
0.031493
0.743429
0.114878
0.0784843
0.0217811
0.022629
0.0599469
0.0773788
0.0219876
0.102287
0.0217427
0.0221829
0.0222821
0.021776
0.0219202
0.0219907
0.80282
0.0256336
0.0229648
0.0454624
0.0217573
0.0219333
0.0377688
2.5843
0.0860733
0.0596247
2.15139
0.0222339
10.131
0.0292798
5.26411
0.060863
0.0222018
0.0221412
0.0235331
9.55955
1.72741
0.0499123
0.150876
0.0216644
0.0219241
0.022248
0.022201
6.87622
0.025584
0.0219983
0.145745
0.305451
5.39814
0.0227576
2.1373
0.0568885
0.0395285
0.032095
0.450784
0.230571
0.0222554
1.37879
0.268965
0.0393083
2.06602
0.0442223
0.022266
0.0222638
0.0219245
0.0231863
0.0274145
21.391
0.0494709
0.0218712
0.271652
0.0220035
3.97343
3.33982
0.0219571
28.0849
0.0218327
0.021765
0.0221188
1.37207
13.6208
0.047812
0.0315944
0.0217717
0.455577
0.0222313
0.0306883
0.0220904
0.0221705
0.0219372
4.71405
0.0228375
0.0427261
0.0289521
0.0222115
0.350619
0.126174
0.0341492
0.0253196
0.0238438
1.70085
2.19376
0.0219893
0.0217732
0.0219873
0.0225966
4.64442
12.2273
0.191748
0.0256081
0.0217922
8.85006
4.81767
0.0222176
22.6911
0.0217184
0.0806888
12.8001
0.0217487
5.63001
8.53532
0.119035
5.59541
5.12968
0.0218628
0.022712
2.45857
1.39306
0.0225827
4.49648
0.0248709
0.0219204
0.0222738
0.0232771
0.0392574
0.0251668
0.312137
5.75186
0.239455
0.0346086
0.0220789
0.0589734
2.17556
0.0217688
3.60623
0.0468809
0.0222199
0.0246018
0.0222415
0.0222241
0.0317592
2.2953
0.0225921
0.0217957
5.18256
1.3326
0.0685015
0.0222613
0.0547241
0.0219346
0.0219313
3.62093
7.08586
0.0219213
0.0214933
2.41959
4.04541
0.0475316
0.0222886
9.73918
0.0227924
0.0219283
0.0243164
0.0219322
0.0216582
0.0216276
9.39893
0.250787
0.0258902
1.64941
0.0444092
1.31219
7.83081
1.8476
0.151811
0.0219542
0.0222386
0.0223734
0.0219923
0.0741983
0.0218836
0.111428
0.0289219
3.44038
0.0220466
1.3929
0.0369112
4.96312
0.0219248
1.73995
0.0300143
0.168137
0.238448
0.0308013
0.0216243
8.3657
0.0545085
1.15592
0.0216153
4.78153
0.0220263
4.11726
0.453393
0.0435661
0.0219294
0.0220892
1.61107
6.40764
0.0317238
0.021618
2.43672
0.083172
0.0439192
2.3753
0.0783564
0.0219438
3.14706
0.0219271
0.0330221
0.0216527
7.55284
0.0216573
0.0239126
0.300072
3.60439
0.0222218
0.0651967
0.0245185
0.0791416
0.0218818
0.31113
0.0235522
0.0632862
0.0219601
0.0219851
1.90682
0.0285508
4.22051
3.7766
5.0788
0.0227915
0.0216705
0.0217706
0.025597
0.0361999
0.0309465
5.38523
0.02354
1.62294
0.0419097
0.022281
0.0219533
0.0676995
0.368533
7.9034
0.0219211
1.50363
0.0218646
4.78083
1.44349
0.0458782
0.0219965
0.0217441
0.0424167
1.469
0.0242767
0.0222686
0.024126
0.0438094
0.0230888
1.42084
2.02846
3.82709
0.0221561
0.0262403
11.0774
0.0221865
0.0634135
0.0218184
0.752762
0.0363939
0.0219519
0.0433697
0.186556
0.022031
1.84953
0.0219245
0.130069
0.240753
0.419809
0.305553
0.0221662
0.0222321
17.5972
0.022181
0.0398246
0.0803458
0.0235447
0.0215505
10.6991
0.0250947
0.422206
0.0237249
0.066696
0.0225613
0.422473
0.0253707
0.0246189
2.01543
1.16428
0.0220886
0.022273
0.160425
1.94797
1.93464
0.770153
0.0294684
0.0219274
0.0218137
1.64165
0.0221383
5.05556
0.0950524
2.12996
0.022107
0.0217246
0.0217992
0.0421838
0.0471011
3.66055
1.35523
0.789941
0.214286
0.0216091
2.51539
0.0230376
0.062764
0.0229837
0.0395504
0.062249
0.0219319
0.0215798
0.0632998
0.0216436
0.0388797
0.0722035
3.2419
3.86587
0.0381092
1.6118
0.0217543
0.0216658
0.0220737
0.200916
0.0618001
0.0457268
0.107756
2.88193
0.0395344
0.150721
0.0218239
0.0221782
17.3815
0.0219396
0.28235
0.0214739
0.0218764
1.92251
0.331013
0.0218708
0.0771388
0.511229
3.18501
2.05176
0.0250164
0.0666437
0.0486833
3.64372
0.0220742
4.46751
5.90726
0.0238567
0.0263148
0.0216203
0.483479
0.0218016
0.0219841
1.38819
0.0222463
0.0215769
0.187044
0.0587424
1.33374
1.31981
3.29863
1.64638
0.0216715
0.0219217
0.0218775
0.022205
8.14805
0.0220903
1.64094
0.0230165
4.05957
0.0246601
0.0221486
0.0216869
0.0222706
0.0304379
0.0220736
0.0215392
0.311964
0.0218304
0.0511641
0.0225062
6.26115
0.024729
0.0220792
0.0220311
0.0518007
0.0219074
0.0217655
0.0220882
0.0222146
0.0249602
0.0218675
0.0233934
0.0319988
3.16025
5.23278
4.07585
2.39192
0.0217742
0.0220046
0.0219298
0.0214366
0.0219373
0.0217414
0.206887
0.0218745
0.0222517
0.0220683
0.0220423
0.0219537
7.25055
0.0245501
0.0219715
20.7673
0.0428999
0.0217167
8.72632
6.87684
0.0220191
0.424025
0.687686
0.0220619
0.0467496
0.024106
0.0215619
0.0274289
0.0221115
0.0405854
0.0220121
0.0222473
0.0217523
25.3934
0.0288127
0.0458462
0.0220321
0.0222653
4.0388
0.0259864
0.0220353
0.023827
0.0241819
0.0222519
0.232379
14.1412
0.873946
1.3617
0.227768
0.0376082
0.0222598
10.4031
0.151186
0.0227667
0.058101
0.0222932
0.0219129
0.0222463
2.54849
0.0462633
0.0219979
0.0220412
0.172251
0.0217363
0.421773
0.0219786
1.85434
0.213297
4.51001
0.0220798
0.0233008
0.0322221
0.0356559
0.0222794
0.039045
0.0883513
5.80282
0.0220492
0.512501
9.22296
0.0215822
1.70055
0.0436912
0.353737
0.101762
0.0219275
0.0277695
0.0399802
0.0216901
0.0250353
0.0215482
4.62144
1.31893
0.0326958
0.0218299
0.141445
0.0760873
2.75422
0.283666
0.0233603
0.0281842
0.0219502
0.0219479
0.0400439
0.0517691
21.1593
0.0218257
0.473167
0.0227079
9.35018
0.16598
2.04689
0.0216051
0.0230298
2.03667
1.78402
0.043454
1.86904
0.0230779
0.260821
0.021914
0.0218695
2.55071
0.761448
0.0252236
0.0220937
0.0748233
2.16184
0.192945
0.0657674
0.0217792
0.0220133
0.0217213
2.36313
4.20711
0.0217651
0.0443328
1.60645
0.0720605
0.260531
1.52689
6.0073
1.86965
0.0217817
0.0229849
1.49995
0.0218965
0.0494779
1.55086
10.6522
0.0235113
0.0306259
4.90053
0.655746
2.00979
4.48756
1.55617
1.30046
0.0221105
0.0216286
0.021991
0.022683
22.0507
0.0558118
0.371842
0.371103
0.0565393
0.0219631
1.01348
0.0217248
0.0304457
0.0219224
0.0409435
8.60938
1.81452
0.0220709
0.0216123
0.0392392
4.43386
0.174341
7.84947
0.0452161
0.0220753
0.0837272
0.0214729
0.0974619
0.0324726
0.0219236
4.3455
0.1762
0.478828
0.0566211
0.0222601
0.0216027
4.47988
0.0254763
0.0216292
0.0221451
0.0222559
0.021688
5.36679
9.10922
1.86929
1.43281
6.69836
0.0243296
0.021945
2.57775
0.0244428
0.088646
6.07012
0.0218678
4.71845
2.72177
0.0585936
0.0340353
0.836376
0.0231386
1.82498
0.0373452
1.83433
0.0218323
0.0228917
0.0408805
3.22993
0.10815
0.0686532
4.61558
1.82479
0.0733808
0.1505
3.26959
0.0241913
0.384695
16.5909
0.0357331
0.0630841
2.71391
0.0321633
0.0368696
0.0221031
0.036285
0.0386376
0.0552032
0.0220879
8.15053
0.164743
1.64995
4.68136
2.05358
0.0397685
1.59317
8.19371
0.0218485
2.36113
2.64466
8.15523
0.027802
0.024424
1.43183
8.36684
0.0216232
0.236695
0.0217567
0.0219109
4.17455
0.0256487
2.20178
1.35993
1.83714
8.13694
0.0216261
0.0348163
0.0220037
0.0218456
0.117417
0.0555307
0.0265004
2.75876
1.74554
0.0222731
0.0262022
1.33962
0.0235557
0.38015
0.0486493
1.3503
1.33702
0.365091
8.68086
6.29702
1.69457
1.33938
1.64028
0.0319128
0.0253358
0.114345
0.11709
1.58271
7.96502
0.0221318
0.0227748
5.60121
2.2137
0.0248891
4.56831
0.0219428
0.853999
4.17619
4.06091
0.0219234
1.50335
1.50871
0.026759
0.0346647
4.94481
4.33782
4.22122
3.42281
0.0220074
4.91847
1.49839
0.0409394
0.211028
0.109313
0.0217392
0.0265265
3.41186
2.12182
0.0245244
0.0221716
1.35911
0.0886803
1.7319
0.0719307
2.11067
1.35541
0.0219917
10.799
0.0222852
0.0304962
0.0220856
0.02188
0.0217086
0.0369276
0.268608
0.0214977
12.5075
0.0714483
6.04898
8.53346
1.87951
0.0219096
4.06597
1.54854
1.91681
0.0343968
0.0219309
2.54761
0.373402
1.89871
0.0565384
0.0235745
0.0216919
3.36756
5.31591
0.0334262
12.7097
0.0315163
0.0222062
1.27723
0.0552901
18.3509
0.0219231
0.0300837
1.54075
4.20048
1.37291
0.218371
1.35031
1.59351
4.93375
0.0220473
8.81963
0.0475924
0.0218508
0.0215673
0.0219448
4.92272
0.0502383
1.34678
1.44281
0.0370375
0.154702
0.0804856
2.45108
0.277298
5.28458
4.66822
1.29226
0.0869204
0.0216633
1.01468
0.0569808
0.118755
1.27148
2.44676
1.69607
0.022095
0.0240958
0.0491948
0.0220589
0.0219749
0.0275687
1.35844
0.0291495
0.0257407
1.25803
0.0725251
0.290689
3.27409
1.37936
0.404828
1.73636
4.41115
2.12224
0.0629991
0.0308705
0.0221356
1.32684
0.102366
0.205309
0.0641155
0.0617518
0.0214533
0.165054
5.66899
0.0269514
0.0215899
0.023197
2.70109
0.0218787
0.0220254
0.0609845
1.42402
0.0288281
0.0551126
0.174347
0.0307534
0.0579539
0.0218765
0.0219821
0.0407222
0.209617
0.022264
0.0310235
0.281083
6.42458
0.0221492
11.5127
0.0218934
1.38035
0.023342
0.0234934
0.0215572
0.166864
0.0345029
5.66825
13.1248
0.0688298
0.0221619
0.0220066
5.07558
2.09694
0.0218789
0.228383
1.49329
0.0515642
0.0783199
0.0214359
0.0226777
0.0219306
1.2934
0.0417251
0.0220498
6.38726
0.0223799
0.0589118
0.238061
0.0217406
0.096293
0.0586121
18.8319
0.0224554
0.0264178
0.0235136
0.0532853
0.0214107
0.0219125
5.27915
0.299725
0.07242
0.021944
1.73055
0.0223955
0.0223828
0.0219575
0.420711
6.07113
0.0237346
9.75854
1.10717
0.0624574
2.89544
3.63264
4.97515
6.09931
0.052175
0.0626581
0.199903
0.0472566
0.0219505
0.0304517
0.0295196
8.40594
0.0220787
2.98574
0.0219791
0.42843
0.0875326
0.0228022
0.023191
6.27122
14.7543
5.33737
1.45415
0.0218157
0.0671085
4.13416
0.0260006
9.15886
0.0411286
0.110274
1.49822
0.034855
0.0219927
0.117746
0.138918
0.0219282
1.37517
0.671576
0.0217147
0.0222393
0.0221211
0.0220091
7.04461
0.0220754
0.0467566
0.0220245
0.0224571
0.0328341
0.0219416
1.31071
0.0803262
0.0221593
0.0216351
0.103756
0.023355
0.0565375
7.01077
4.46765
0.0523549
0.269931
0.0407422
0.0215995
0.127068
11.3417
0.0376025
1.34809
5.84208
0.07643
0.038337
0.0285609
0.0648104
0.0379458
5.14414
0.0221131
0.0221676
0.0218765
2.1963
8.37943
0.0359281
0.104284
0.0218889
0.0269843
0.105969
0.245627
0.0219342
0.0588566
1.72533
0.0896444
0.0219914
0.0219464
19.8391
4.96241
0.0219392
0.495642
0.0306
0.182301
0.347258
0.0218672
2.79131
0.0290415
0.0220246
2.42664
0.187287
0.0219286
0.0221623
0.237919
0.0217837
0.0220406
0.153602
0.0424095
0.0460973
5.7752
0.0251613
0.041972
1.66139
0.0218536
8.71236
4.2542
0.0250375
0.0585764
0.166405
0.0219806
0.147385
0.0214718
1.87269
1.49537
0.0220031
6.51524
7.19889
0.0219576
0.021948
0.564333
0.0382254
1.42449
1.39926
0.0220955
0.0424394
4.50802
0.0227393
0.0473592
0.0673854
0.0337487
2.74891
0.189606
0.0235834
0.205142
4.62088
0.0461439
2.75124
0.0219126
0.0215544
0.0222674
0.0427701
4.40103
0.0220655
0.0334149
13.0819
2.60545
0.0222176
0.0295678
1.91046
1.36438
0.0222246
8.85612
0.0330481
0.0834507
0.0339118
0.0230686
0.0258061
0.021977
0.0219637
5.65825
0.0219336
0.0527991
0.0219832
4.33106
0.0235665
0.0243199
0.0215963
0.0237711
0.0219828
0.0406319
5.07982
1.70485
0.0374601
0.0429436
0.0219672
0.0317702
0.0499773
1.90783
5.23884
0.0218333
0.663136
0.0220231
2.40643
1.25944
4.89005
0.0218311
0.10343
0.0680945
5.67116
0.230578
0.0218627
2.15213
0.328196
0.0382515
4.09975
0.0222337
0.0220065
0.0394299
2.99393
0.0219349
6.59525
0.0343631
1.88372
0.090285
0.0224736
1.85601
0.0279129
0.0221306
0.249286
0.0219387
2.73525
10.0833
0.150372
0.0277474
0.156519
0.0219433
0.0970643
0.0433088
9.25892
0.0220336
0.0216414
0.0266948
0.0292331
0.0421352
1.61321
3.28882
0.0362434
0.233932
0.0218188
2.93116
6.02843
0.171284
0.0219307
0.0222602
0.0234117
2.3753
0.0220771
0.0262385
2.0223
0.0797341
0.0219979
0.266094
0.074614
0.0219885
0.024994
0.111804
1.60305
0.0670602
0.0424053
1.77258
1.33111
0.62007
0.0265186
0.0221337
0.0242923
0.0248406
0.128963
0.0544817
0.0274038
0.073418
4.74734
0.024221
0.0219964
4.54187
0.27862
1.53654
0.173353
0.0255877
0.0238324
0.0236206
0.0217731
0.0219057
0.0421691
0.0215629
0.0229882
0.0220252
0.0229199
0.0235166
0.0219504
0.038687
0.0362627
0.022109
0.0219398
0.022119
0.0227851
0.0223649
0.262499
0.0220582
0.0235161
1.37814
0.0217117
0.0231973
0.0222723
0.0270647
4.4396
10.8846
2.4832
2.56464
2.48974
0.1885
0.0218831
0.0565732
0.0220101
0.596892
0.0233175
0.0293073
0.0221946
0.0517062
0.0219606
0.0303744
0.0217909
2.20483
0.150496
0.0220784
3.98692
2.32219
0.0221998
0.0899579
0.0219535
0.0216043
6.70624
0.022144
0.0622536
0.176379
0.0221054
0.0215647
0.0688137
1.56325
0.0251945
0.0234496
1.34592
0.0219463
3.87647
0.0480127
7.44662
0.0216777
1.42927
0.0219389
0.0221806
0.213722
0.0556066
2.27781
1.64702
5.93076
2.46931
0.145822
0.128262
0.022046
0.133431
0.0220818
0.0218249
0.0955256
0.0219156
0.0219845
0.0216119
0.0216174
0.0545976
4.10148
1.37631
0.353241
2.43552
0.0235411
0.0305458
0.0228915
0.0227432
0.0704992
0.022047
0.0217972
0.0218217
0.0236722
0.0232331
0.192447
0.0795423
0.0447707
0.0221088
0.0550475
0.0565212
1.951
4.69768
0.0246234
0.0380854
0.0220889
11.1998
1.44131
0.0219274
0.0219339
0.02432
0.0222129
1.35382
0.254763
4.15451
0.0221404
3.0906
0.0221089
2.59177
0.0482229
0.021814
0.0277759
4.49385
0.0270665
0.0275185
0.0296282
0.0765448
3.9318
0.0218369
0.0219159
0.027865
0.163993
0.0218798
1.88963
3.18259
0.0219721
0.0214292
5.7252
0.0627845
0.0219308
4.12447
13.679
1.89692
3.34983
0.0276972
1.93836
0.022071
4.26471
2.77885
0.793239
0.0626627
0.0237918
5.15602
0.0248641
0.0218724
0.021452
1.24738
0.0216414
5.48749
0.022805
0.0221718
0.0250394
1.38416
0.023759
0.0227655
0.0220735
9.23698
3.9409
10.6643
1.40742
0.0410258
0.0219355
0.0242498
0.320845
0.113553
0.0219881
0.0480607
0.403598
4.22356
0.0219594
4.05926
4.30814
0.0374175
0.0220629
0.0237182
0.0219546
0.0217529
0.0219435
0.0220318
0.0223355
0.0990947
0.0220953
0.118858
0.0226209
0.0226765
4.67809
0.0666944
0.0237033
0.0227564
2.09073
0.0215729
0.0229437
0.0258765
0.0218183
3.40135
0.0307019
0.0227302
0.0447433
0.021962
0.0269882
0.0219256
0.133195
0.0218282
0.0219274
6.05676
0.0237313
0.172079
0.0322674
0.0238366
0.0788777
0.0214136
0.022088
0.0226303
4.68129
0.0238723
0.0219288
1.91588
0.0219968
0.02163
0.0218852
0.621152
0.0321569
0.13189
0.0337721
0.0308737
0.0503801
0.0237615
0.026896
0.0479521
2.17477
0.0222631
0.0281458
0.021812
0.237927
0.185519
0.0219049
0.0290891
2.65219
0.0300065
0.0215588
7.55268
0.0256837
0.0805819
2.24936
0.0281497
0.0219171
0.0288136
0.0219295
0.0245495
0.0219064
0.0232924
0.0257429
0.0219701
0.022068
0.0320857
0.0221713
0.0852308
0.0219171
0.0237955
0.0219513
0.0296737
1.43303
0.022085
0.0220048
0.0978498
0.0233245
0.021958
0.294354
5.15397
2.85681
0.0220784
0.0243356
0.0345327
0.0222447
0.0221249
0.0328138
0.18166
0.0215378
0.0526332
0.0219778
0.0218949
0.0217724
0.0215305
0.0228899
0.0417265
0.0329768
0.0267051
1.58554
0.0240907
0.0279038
0.0217346
1.94775
3.69302
2.16245
0.0220563
0.0449778
0.0277969
0.0220315
0.02212
0.0412953
1.41568
2.30954
0.0220039
0.0274149
7.64846
0.022808
0.164367
4.20854
1.51933
0.0289755
0.0220041
0.037404
0.0426268
0.128593
10.7166
7.68835
1.46444
0.0227064
0.0221737
0.0219457
0.0960415
0.0219265
0.0216939
0.0366591
0.0219317
0.0218909
0.0218789
0.0528214
0.0219727
0.0217822
0.0219728
2.30527
0.0215607
0.0220411
0.0221065
0.0227318
0.021939
0.0732785
0.0664062
6.81478
0.0216176
0.0280517
0.108239
5.4291
2.28679
0.0222364
0.0222753
0.0526216
0.0980293
0.0256626
0.380763
0.0219359
3.62938
0.0222781
1.31673
0.0227849
0.0219369
0.0436578
0.0219575
0.0220752
0.0227254
0.667148
0.0243248
0.0224839
0.0221782
0.0219755
0.0386064
0.0220907
0.0219203
0.0257814
0.100155
0.0241992
0.0219753
1.33472
5.85026
0.0219997
1.79089
0.0221429
0.0302794
0.0715845
0.191343
0.0233834
0.0229592
0.0220848
0.261923
0.0281159
0.022233
0.0219168
0.02321
0.353099
0.0222334
0.0342244
0.0237974
0.0352566
0.0513277
0.0366924
0.0870263
3.57169
0.0248577
0.0220385
6.32457
0.304373
0.0219308
0.0214927
0.0220643
0.0219797
0.0219312
0.0238333
0.0216805
0.0220795
3.73242
1.35679
0.0318472
0.0219547
2.70739
0.0237865
0.0217052
6.24009
0.0238971
0.0216615
0.022095
0.0220373
0.0362889
0.0220672
0.0538246
0.0219296
0.0217865
0.0219592
0.031567
0.0347302
0.0218982
0.0550036
1.37253
0.0232251
0.0219017
0.0615352
0.021726
0.0220153
0.0218727
0.0300717
0.0220518
4.1827
0.0223464
0.251604
3.11089
0.0538591
0.0234766
0.0222974
0.0220544
0.0219431
0.0291664
0.148939
0.106098
0.0218177
0.0239361
4.74424
0.0216128
0.163348
0.0219654
0.0234275
0.0303261
0.0609763
0.0219569
0.0334257
0.0280369
0.0578986
1.27524
6.89181
0.021939
0.0219273
0.0328568
0.0229756
0.0226459
0.048054
0.0228076
0.0969716
0.0217868
0.069927
0.0221059
0.0805008
0.0548132
1.33978
5.02326
0.0219241
0.0375858
0.886911
0.18732
0.0216062
0.0218749
0.117312
0.0219461
0.021953
0.0217507
0.0215223
0.0696548
0.0709815
19.7673
0.0220197
0.0437273
0.022255
0.0215967
0.0230332
1.60507
0.164891
0.0219391
0.0221372
0.0218519
7.32131
0.0220092
0.0219442
0.0224945
0.0219592
0.043001
0.0218363
1.74883
0.0219857
0.0227346
0.0223798
0.0219225
0.0217532
0.0220068
10.2546
0.021787
0.0219582
0.211218
0.0219065
0.0220434
0.0221115
0.0221559
0.0518104
0.02193
0.021976
2.4471
0.0237499
0.022038
0.0222795
0.0215588
1.41428
0.0230319
0.0222311
0.0219251
0.0259709
0.0219694
4.90815
0.0217983
0.0220104
5.46903
0.0219769
0.0596305
0.0222011
0.0214187
0.0215296
0.0308689
0.0369331
0.0218664
0.0222862
0.0242076
0.0219193
0.0221111
0.0221154
0.0219434
0.0218339
0.0219286
5.72725
0.0219601
0.0218511
1.82857
0.0219569
0.0266335
0.113224
1.38915
0.021829
0.0220871
0.0219613
0.0216441
0.0230062
0.0380518
0.0239514
0.0370018
0.0217801
0.025737
0.0220068
0.0214796
0.0285355
0.0565983
0.0235651
0.0295247
0.0220259
0.0219604
0.0221201
2.0012
0.0237557
0.0220112
3.58222
0.0231798
2.47256
0.0220642
0.0219368
0.0217464
1.3837
0.0219622
0.0248852
0.0230815
0.0220733
0.0219675
0.022089
0.0220362
0.02436
0.0219232
0.038997
0.0222478
0.0381086
0.0215307
0.0216394
0.0240601
7.74861
0.0221482
0.0220492
0.0226339
0.0219386
0.0242096
1.92796
0.0227904
0.0271852
1.81051
1.04302
0.0227385
0.0228889
0.141909
0.0885443
0.0233304
0.0221145
0.0219654
3.56321
0.0228086
5.7299
0.0217182
0.0215436
0.0221051
0.0220397
0.0232612
0.0215904
0.0219877
0.0222651
0.058688
0.0238942
0.022631
0.0216394
0.344169
0.0625865
0.0215226
0.022105
0.0235408
0.022239
0.0220584
0.0216022
1.2992
0.0216177
0.0219567
0.0654368
0.0215902
1.96033
0.021826
0.0440808
0.027674
0.0219703
0.0215544
0.0219306
0.0223487
0.022044
0.0218803
0.0216283
3.10097
1.49345
1.77262
0.0216201
4.37638
0.0219946
0.0548896
0.0219297
0.0219319
0.0221092
5.28269
0.0219509
0.0219194
0.022126
0.0219897
2.88474
0.0219434
1.66893
0.0214556
0.0226512
2.26202
4.57937
0.0219827
0.0219596
0.0267556
0.0220161
0.132631
0.0217577
0.484013
0.0217793
0.0350745
0.0221391
0.0218241
0.0219467
0.0219845
0.023251
0.0219018
0.0307906
0.0351111
0.115402
0.0218329
2.9073
0.021905
12.3488
0.0219223
5.11755
1.01476
0.0217548
0.0219205
0.0216121
0.0218858
0.0220437
0.0221768
0.0215983
0.0226545
0.021448
0.0830813
0.0221112
1.37982
0.0215885
0.0215515
0.0219329
0.021929
0.0228055
3.4463
0.0232014
2.6477
0.0215839
0.0221189
0.0351503
0.0215896
0.133262
0.0232571
0.0219359
0.039032
0.0215107
0.0219717
0.0224309
0.0217669
0.028762
0.0394564
0.0216479
0.0221124
0.0220458
5.79023
0.0235066
0.0216286
4.24102
0.0514735
0.0216362
0.0219235
0.142364
0.0229749
0.0214476
3.5644
0.218979
0.0229865
0.0214551
0.0222399
0.034926
0.0215743
0.1691
0.0216272
0.0217058
0.0406087
0.0515085
0.0216203
0.0216322
0.0215438
0.0217468
0.0217579
0.0413128
0.0219708
0.0217667
0.0221115
0.0218507
2.64489
0.0222722
2.63024
0.0263644
0.0277706
0.0221421
1.54467
0.02193
1.69126
0.0215742
0.0219616
0.456767
0.0219737
0.0228075
0.0216647
0.0247346
0.0217264
0.0270456
0.0216089
2.27436
0.0222023
0.0216092
0.0215494
0.0215808
0.097055
0.021794
3.39967
0.0219228
0.0247953
0.0215046
0.0220166
0.21521
0.022
0.104864
0.0218247
0.0230582
0.0221734
0.0221329
0.0224419
0.0219405
0.0219825
0.256731
0.0215783
0.0219495
0.0225888
0.0220568
0.0220538
0.0323407
0.0219764
0.0219237
0.0218675
0.0216368
0.0217684
0.0219959
8.90715
0.178739
4.4645
0.0214429
0.0237637
0.0221258
0.0263966
0.111014
0.235536
0.0316169
0.0215802
0.0219794
0.0220902
0.0221438
0.0221144
0.021918
2.00658
0.0498741
0.0219288
1.40422
0.0221369
5.39963
0.0219638
0.0219
0.0218098
0.0216009
0.0214873
0.0219117
0.0216683
0.0218091
0.0422075
0.0231011
0.0219306
1.6899
0.0215717
0.0228953
0.0219866
0.0216491
0.0219341
0.277017
0.0218047
6.09296
0.0219319
0.0216172
0.0349663
0.0219076
0.0277133
0.0757018
0.0216968
1.35471
0.0704532
0.021614
0.022696
0.0215442
0.227713
0.0216184
0.0277855
0.0231886
0.0218037
0.021742
0.021852
0.0219611
0.0225908
0.0217627
0.0225147
6.52558
1.63181
0.0229697
0.0219651
0.239083
0.0318857
1.57584
0.0218055
0.0218936
0.0219657
0.0223787
0.0219312
0.0216302
0.021619
0.0219752
0.0426724
0.0216673
0.0220144
0.0260333
0.0219878
0.0299639
0.0220421
2.11301
0.0218789
0.0219271
0.0232169
0.0396545
4.94551
0.0219271
0.0221554
0.0218801
0.022135
2.05913
0.0225757
0.0219462
1.30535
0.02185
0.0219959
4.4679
0.022115
0.0218685
0.0214747
0.0219224
0.0218031
0.0220011
0.0349888
0.0218
1.25197
0.0220987
0.0238327
7.03764
0.0219865
0.0216537
0.022062
0.0214467
0.0216243
1.85475
0.0219723
0.0220102
0.022609
0.0219025
6.35456
0.021816
0.118997
0.0217303
0.0669622
0.160331
0.072545
2.00322
0.0266996
0.0347352
0.0285816
0.0218896
0.021991
0.0232424
0.173125
0.0563901
0.0215409
0.0220073
0.0219726
0.0217626
0.0216101
0.127083
1.38329
0.149632
0.0222781
0.0221622
0.0310799
0.0220147
0.0220801
0.0219763
0.0220599
0.0219472
1.02276
0.0230982
0.0224539
0.0215088
0.062005
0.0216441
0.0220736
0.0217312
0.0215616
0.0219072
0.0220479
0.0484227
0.0217952
0.0257367
5.85104
0.0216765
0.0221052
0.0216774
3.81828
0.0215297
0.0217847
0.0447293
0.0219817
0.0688007
0.0217762
0.0215675
0.0226251
2.05784
0.0222524
0.0220938
0.0216895
0.0217829
3.71319
0.0231948
0.0217511
0.144052
0.0219214
0.0217719
1.81248
0.0222936
0.0222941
0.022293
0.0222925
0.0222919
0.0217498
0.0235305
0.0233828
0.0689253
0.0215887
1.65121
4.86767
0.031534
0.0220438
0.0218119
0.021916
0.0220524
0.0217832
0.0221339
0.0217566
0.162384
0.0219438
0.021796
0.0217681
6.42981
0.0221043
0.0221347
0.0220845
0.0219592
0.0219049
0.0218028
0.0228125
0.0236461
0.0221675
0.023015
0.0233387
0.0222507
0.022417
0.0225944
0.0219763
0.0222859
0.0215562
0.0218083
0.0217099
0.0226754
0.0217985
6.75154
0.0218692
0.0218672
0.021962
0.0214279
0.0232763
0.0219748
0.0220342
0.0219307
4.68189
1.92603
0.0215943
0.0218021
0.13542
0.034546
3.0684
0.0218394
0.0243312
0.0349116
0.0215578
0.0221956
0.0219622
0.0222021
0.0219305
0.148787
0.0288427
0.0337803
0.0219577
1.43847
0.0221244
0.0221368
1.2974
1.75654
0.0217401
0.0218735
0.0222615
0.0229794
0.0219209
0.021996
0.0218657
0.0239042
0.0215731
0.137233
0.0218004
1.87639
0.0217964
0.0220128
0.829384
0.0230633
0.0218245
0.0224783
0.0218897
0.0220242
0.028222
0.0221679
0.345185
3.10306
7.31766
0.0217724
0.11535
0.0218833
0.0221238
0.02198
0.0218468
0.0217402
0.0219968
1.88741
0.0218229
0.0219378
0.0216041
0.0218669
0.0218914
0.0215768
0.0226431
0.0219842
0.0217376
0.0219458
0.0220271
3.23673
0.021934
2.33532
0.0222944
0.0220043
0.0217905
4.18836
1.42539
0.0216047
0.0216538
7.90616
0.0455447
0.0219377
0.0220264
0.0298349
0.0217824
0.0219282
0.0217878
1.91479
0.0220906
0.0220546
0.0222839
0.0218936
0.0219577
3.74576
0.0218355
0.0217097
0.0218115
0.0220775
0.0219257
0.0218945
0.0219516
0.021936
12.0782
0.0221023
0.0220068
0.0216855
0.0311622
0.0217209
0.0330376
0.0220383
0.0216866
0.0219546
0.0217876
0.0219095
0.0219978
0.0221212
0.0216363
0.0218008
6.38577
0.0219677
0.0339896
0.0219727
0.0219115
0.0216508
0.0219022
0.0309443
0.0220185
0.0215535
0.0219567
0.0219132
0.0243004
0.624027
0.0217435
0.0214908
0.0220315
0.0220593
0.0219973
0.151866
0.0218102
0.0220045
0.0322883
0.0217596
0.0457318
0.0218405
3.55572
0.0219372
0.0217867
0.0220951
0.0219886
0.0219517
0.0257412
0.0218887
0.022023
0.0219108
0.0219826
0.0221246
0.0217577
0.0218948
0.0216624
8.63555
0.0219742
0.0222321
0.0808106
0.0240612
0.0218036
0.0215915
0.628098
0.0228793
4.75616
0.0218015
0.0924928
0.022284
0.024125
0.0215414
0.0220289
0.0219245
0.0217688
0.0219289
0.0219232
0.0219525
4.48937
0.0214251
0.0220387
4.99001
0.0221216
0.0216321
0.022341
0.0219301
0.0303026
0.0217069
0.0309639
0.0218641
0.0221209
0.0221251
0.0221281
0.0218421
0.021964
0.0245903
2.39272
0.0221666
0.0221302
0.0218481
0.0220062
0.0216279
12.2716
0.0230972
0.0220397
0.0218964
0.0215964
0.0217036
0.0271073
0.0217972
0.0214738
0.022066
0.0219721
0.0215179
0.0227195
1.23915
0.0221242
0.0218151
0.0222762
0.0220081
0.0220424
0.02146
0.0220723
0.0220251
0.0220733
0.0221388
0.0215295
0.0219123
0.022021
0.0219366
0.0221562
9.38328
4.26027
0.0220561
0.02341
0.0218535
0.0255559
0.106387
0.0216108
0.0217993
0.0275119
0.0228259
0.0316273
0.0220265
0.0219698
0.021942
0.0219863
0.0216042
0.0218803
1.91688
0.0337402
0.021582
0.0242404
0.0225767
0.262487
0.0216707
0.0216363
0.021526
0.0217408
0.0219114
0.076453
0.0218461
0.10344
0.0433707
0.0243135
0.0218873
0.0220824
0.0218579
0.0219219
0.0223173
0.0218966
0.0219001
0.0293264
0.0220456
0.0218293
0.0221603
0.022034
0.0219764
0.0220088
0.0219874
0.0217373
0.0220105
0.0218978
0.0220286
0.0220151
0.0336976
8.7734
0.0329416
0.0217261
2.41071
0.0220442
0.0216897
0.058983
0.022279
0.0218855
0.0219054
0.0218997
0.02194
0.0216941
0.0220307
0.0224982
0.0219287
0.0219142
0.0218045
10.111
0.0217852
0.0219014
0.0291483
0.0217718
0.0217642
0.0219846
0.022293
0.0221483
22.9108
0.0218839
0.0423542
0.021974
0.0430728
0.121638
0.0214611
4.55835
0.0219494
0.0219655
0.0217193
10.994
2.64965
0.0216126
0.0275391
0.0221253
0.0231976
3.59797
0.0242983
0.0219526
0.0216054
1.08396
0.0219725
0.0229988
0.0220102
4.27807
0.0219359
0.0215629
0.0217741
12.1686
0.0218018
0.0219804
0.022002
0.0217033
0.0220137
0.0220895
0.0219985
2.30442
10.6312
0.0219954
0.0234135
0.0246955
0.0741756
0.0217252
0.172952
9.60675
0.0215719
0.0216554
13.8937
0.0265756
0.0220153
0.0218034
0.0222928
2.41528
4.11455
0.022163
0.022138
0.0226879
0.0220727
0.0219775
0.0224884
0.022256
0.0220475
0.0219271
0.0330378
0.0215409
0.0234183
0.0225133
15.6015
0.0215652
0.0220582
0.0219084
0.0225533
17.0203
0.022129
0.0531866
0.0226128
0.0219959
4.99659
0.0220786
4.89738
13.2544
0.0218516
0.0221219
0.021935
0.0224722
0.021998
0.0218379
0.0271953
0.0214397
0.336901
2.02918
1.38815
0.0220008
0.0249952
0.0219491
0.0215798
0.0219954
0.0221428
2.07086
0.022084
0.02208
0.0218166
0.0221383
0.022182
0.0221638
0.0219995
0.0219961
0.0221052
0.0215229
0.0954017
0.0225688
0.0689585
0.0221324
0.0219173
0.0219621
0.0220281
0.0217035
0.0220466
0.0226262
0.0245266
0.0216908
1.3727
0.0220974
0.0943544
0.0219216
0.021915
0.076096
0.0292995
0.0219387
0.0219814
0.0220304
0.0219444
0.0216158
17.765
0.041129
0.021914
0.0215478
0.0221149
0.0219975
0.0846462
0.0219937
0.0215165
0.022043
1.35148
7.25398
0.0216996
0.0218308
0.0219745
0.0219516
0.0233474
5.94782
0.0298106
0.0644589
0.0216194
0.0405683
0.128273
0.0221007
0.0222377
0.145018
0.0227812
0.0216627
0.172498
0.0236837
0.023069
0.02179
0.0480733
0.0220336
0.0219969
0.0592131
0.0219673
0.0236748
0.0220211
0.0686983
0.0215204
0.0220257
4.16765
0.0261762
0.0221278
0.0314012
0.0216264
0.0285195
0.0254344
2.1382
5.34795
0.0222741
0.0217206
0.0324447
0.0220304
2.60199
1.42336
0.022082
0.0220542
2.92546
0.0216494
0.0221459
0.0507502
2.0522
0.0609995
0.0216533
0.0219382
0.0219198
0.0218017
0.021735
0.0220313
0.0390507
0.0220271
0.0215031
0.0219063
0.0219594
8.99314
0.0321249
0.0221831
0.0233774
0.021539
0.0222708
0.0289631
0.022099
0.0373341
0.0218976
6.71835
0.0215166
0.0217998
0.0368053
0.02218
0.0220982
0.0221924
0.0249843
0.0215511
0.0226232
0.0215699
0.0218863
0.0216939
0.023415
0.0219902
0.0219112
0.0220652
1.40832
0.0375257
0.0215912
0.0219248
0.0219253
0.0215356
0.0566321
0.0624667
0.0218757
0.0220429
0.0218168
7.49049
11.3287
0.0220641
0.0215971
0.0215533
0.0216343
0.0222178
0.0218887
0.02179
0.0218651
0.0406357
0.0219296
1.24474
0.0220268
0.0218319
0.0220173
0.0583948
0.0217265
0.0371628
0.0218126
0.0219511
0.0219252
0.0309201
0.0220113
2.47294
0.021988
0.0222927
0.022011
0.0217383
0.0300239
0.0225977
0.0218624
0.0215869
0.0220899
0.0220422
1.37645
0.0484332
0.022074
0.0863687
0.0218622
0.0221405
0.0259661
3.29829
0.0220173
0.0223268
0.0293245
0.0263971
2.8248
0.021635
0.0218927
0.0626263
0.0506067
0.0214317
0.0221147
0.0221747
0.0217905
0.0236092
0.0219297
0.0219186
0.0265204
0.0215317
0.04426
0.0217943
0.0218209
0.0219595
0.021851
0.0216607
0.0220495
0.170586
0.0222521
0.0218468
0.0217596
0.0216919
0.0218166
0.0220019
0.032263
0.0528201
0.0217227
0.0222102
15.1115
0.0570206
0.0624929
6.25107
0.0219245
0.0217575
0.0217337
0.0217241
0.0552585
0.0221225
0.0962836
3.8354
1.44185
0.022047
0.0223015
0.0215854
0.0222381
0.0219756
0.0263255
0.0222631
0.0262063
17.0483
0.0218163
1.17643
0.0255177
2.24592
0.0220647
0.0217681
0.0217106
4.7599
0.021803
0.0222589
2.0475
1.49169
0.0219269
0.0218669
0.0223612
0.0216541
0.021789
0.0545353
0.0217936
0.021852
0.0263274
0.0220973
0.0218204
0.0216129
0.980347
0.0219342
0.0221297
0.0219575
0.0560686
0.0217748
0.0220108
0.0282061
0.0235911
0.0218838
0.0642136
0.0353467
0.0240592
0.0493762
0.0232373
0.0219965
0.0218818
0.0217611
0.0217067
0.0218592
0.0221585
0.0221062
0.0265552
0.0221855
0.0219823
0.0511069
0.0472003
0.0219348
0.0216001
0.0220198
0.022022
0.555452
0.0217465
0.0233256
0.0339055
0.351937
0.30084
0.0218627
0.0346758
0.0504697
2.44031
0.0218926
0.021984
0.0226201
0.0218626
0.0222724
0.0219035
0.0415033
0.0214438
4.22887
0.0219176
0.0219792
0.0217477
0.0219521
0.0220358
0.0222654
0.022025
0.022126
0.0222454
0.0219427
3.82963
0.0217839
0.0219418
0.412149
0.0220206
0.0220099
0.0462141
0.0219951
0.0220765
0.0270302
0.0221457
0.0218431
0.0222717
0.0219505
0.0218295
0.0219191
2.67855
0.0257091
0.0226544
0.0218988
0.0219028
0.0218952
4.38168
5.21799
0.0227756
0.0220001
0.0219426
0.0243792
0.0219597
0.0300312
0.0219482
0.0221956
0.0220405
0.488162
0.037445
0.02176
0.0357431
0.0219439
0.0308069
0.0221204
0.0217139
0.0221053
0.0221455
0.0218109
0.0217821
0.0218907
0.0221696
0.16737
0.0237057
0.0218707
0.0272252
0.0242917
0.0491346
0.0225329
0.0222526
0.0219741
0.023115
0.0218869
0.0224149
0.0217138
2.59223
0.329817
0.0225837
0.033673
0.0215606
0.0219566
0.0219177
0.0217075
0.0219148
0.0223705
0.0220952
0.0219922
0.0222134
0.264226
0.0241864
0.0217211
0.0219262
0.105454
0.0220155
0.021871
0.0434802
5.4046
0.0219737
0.0218553
0.0219449
0.0218289
0.0219586
0.15275
0.0218345
0.0217293
0.0219733
0.0220062
0.0222003
0.0221686
0.0216934
0.0260191
0.0219584
0.115733
0.0221777
0.0232613
0.0377399
0.021989
0.0220932
0.0219285
0.0222941
0.0220894
0.0221364
0.0226402
2.43847
0.0220345
0.0217347
0.0503394
0.0220047
1.05599
0.131948
0.0219694
0.0220207
0.0220794
0.0217776
0.0220669
0.0217957
0.0219868
0.0395201
0.0222926
0.0216022
2.43695
0.0222045
0.0220936
0.0222076
0.0217981
0.0651063
0.0280109
0.0220756
0.0219485
0.0216669
0.0220368
0.0219321
0.0221077
0.0291146
0.0277774
0.0219806
0.0221535
0.0214584
0.0219799
0.0216943
0.0219293
0.0219915
2.91691
0.0232679
0.0219422
4.89563
0.022148
0.0220907
0.0222932
0.0221092
0.0219826
0.0219356
0.0221234
0.0221644
0.0220222
0.021846
0.0222849
0.0221413
0.0219176
0.0222937
0.0221343
0.0221747
0.0219031
0.0221744
0.0217064
0.0222865
0.0218775
0.0221242
0.0221206
6.62192
0.0220501
0.0220265
0.0218222
0.0356465
0.0220449
0.021918
0.0217867
0.0219246
0.0231999
0.022293
0.0221449
0.0217378
0.0222935
0.0221738
0.0221302
0.0227904
0.0222917
0.0222277
0.021918
0.022293
0.0221047
0.140556
0.0218687
4.55695
0.0221799
0.0220571
0.0304856
7.19655
0.0227826
0.0219432
0.0220401
0.0215917
0.0221137
0.0220274
0.0217198
0.0266928
0.0217865
0.0219778
0.0221003
0.0399227
0.0236184
0.0218107
1.56263
0.0482013
0.0218973
0.0218434
0.0220567
0.0233036
0.0219082
0.0237703
0.0246521
0.0217744
0.0215404
0.0221352
0.0220237
0.0220864
0.0220757
0.0221867
0.0222497
2.87831
0.0219896
0.0220427
0.0221182
0.0216996
0.0467962
0.0217978
0.0221568
0.0221747
0.0221285
0.0220638
4.73744
0.0389488
0.0218694
0.0218065
1.46217
0.0217585
0.0221233
5.58216
0.170867
7.73025
0.0221732
0.0221684
0.0394843
0.0225714
0.021997
0.0218459
0.0217275
0.0219495
0.0218126
0.0219953
0.0321324
0.0221058
0.0221276
0.0218598
0.0215305
0.0219952
0.0217212
0.0218835
0.0221419
0.0215858
10.4673
0.0221786
0.0220181
0.0329012
0.0220382
0.0218532
0.022061
0.222203
0.0218011
4.42955
0.0219768
0.021827
0.0232619
3.48753
0.0220441
0.0220315
1.72457
0.0221983
0.023075
0.0220415
0.0219111
0.0321901
0.0216798
0.0285498
4.08435
0.021935
2.05357
0.0222419
8.22828
1.00363
0.0942199
0.0222428
0.0218958
0.0214076
0.0221278
0.0218416
1.66997
2.10685
0.0216851
0.0221751
0.0722343
0.021898
0.0222358
0.976118
0.0218968
0.0222757
0.021956
0.0409949
0.09041
0.021847
0.0230563
0.0221319
0.0219898
0.0217636
0.0915788
1.9604
0.0235545
0.0259133
0.0219568
3.40019
6.73535
0.0220585
0.021923
0.0221995
0.0217105
0.0220228
0.0220319
0.0221968
0.0226186
0.0214222
0.0309575
3.80808
2.44694
0.0221426
0.0221822
1.24473
0.0221614
0.0223532
5.45096
0.0221556
3.99657
0.0259512
0.022181
0.0219503
0.0274847
0.0217588
0.178296
0.0221994
5.75196
4.79908
0.0220028
0.0222002
0.0221215
4.46742
2.85953
0.0215087
4.76298
0.0219684
0.0222301
0.0218055
0.0217366
0.726406
0.0267065
0.0218377
0.0221606
0.024612
0.02181
0.022009
0.022223
0.022141
0.0218571
0.0216878
0.0754369
0.0222256
0.0214888
0.0639044
0.0221786
0.022203
0.0221383
0.0221266
0.0214573
1.43159
0.0225245
0.0268366
0.175206
0.0221905
0.0220907
0.0215888
0.0221717
0.02219
0.0536842
0.0268968
0.021682
0.021729
0.022203
0.0217399
0.0222289
0.0260001
0.0219751
0.0222081
0.0221171
0.0222072
1.48045
9.25444
0.0216387
0.0228733
0.0218518
0.0215814
0.075661
0.0311164
0.0221522
0.0221865
0.0217432
0.0219622
0.0220706
0.0219531
0.0214546
0.0240935
0.0222435
0.0222153
0.0222086
0.0221616
0.0219926
0.0216886
0.0221521
0.0217705
0.0220382
0.0216692
0.022151
0.0222194
0.0547817
0.0215363
0.022115
0.0217922
0.0221538
0.022187
0.0221426
0.0228126
0.190408
7.32985
0.0221325
0.0225928
0.022046
0.0218389
0.0222454
0.0216772
0.0217004
0.021953
0.0219845
0.0238999
0.022246
0.0221992
0.0219141
0.0219304
1.53757
0.0222325
0.0219547
0.0216439
0.0218418
0.0218052
0.0215558
0.025657
1.92947
0.0220993
4.5655
0.0220798
0.022519
0.0221106
0.0217517
0.0455615
0.0221675
0.0220577
0.0219292
0.0245685
0.0216657
0.0219866
0.0221842
0.0218978
0.0216887
0.110607
0.0220526
0.0217299
0.0219536
0.0217629
0.021824
0.117378
0.021888
0.0240895
0.0221079
0.022081
0.187394
0.0227156
0.0216025
0.0219424
0.0217733
0.0217991
0.0221721
0.0221179
0.021678
0.0248319
1.4271
0.0221933
0.0218323
0.0215581
0.0218817
0.022227
0.0220787
0.0220721
0.0222131
0.0786556
0.0214858
0.0218988
0.0214699
0.0386676
0.0222192
0.0221787
0.0218998
0.0221078
0.0222687
0.0216262
0.0216702
0.0218657
0.0216088
0.021877
0.0220253
0.0216303
0.0215911
0.022165
0.0222272
8.71938
4.92647
0.0220648
4.03344
0.022031
1.78745
0.0222822
0.0219739
0.0494952
0.0220345
0.0219116
4.92778
0.0218161
0.0217877
0.182864
0.0217743
18.147
0.0225727
0.0221316
0.0221857
0.0217969
0.0217146
0.0224965
0.0218103
0.0221568
0.0218597
0.0221552
0.0221361
0.0218033
0.0217833
0.0224475
0.0223742
0.0221579
0.0219061
5.77685
0.0220098
0.0418774
0.0221506
0.0223897
0.0215694
0.0217698
0.0491903
0.0221064
0.186626
0.0217437
0.0221292
0.0219337
0.0217843
0.0220069
0.0221952
0.0292807
1.79413
0.0219451
0.0858977
0.0220686
0.0215536
0.0220564
1.60756
0.0219155
0.0217563
0.0224514
0.021936
0.0653019
0.0314099
0.0220567
0.0219515
0.0218786
0.0219536
0.0218027
0.0219328
0.0221649
0.0218699
0.0254852
0.0220571
0.0219623
0.0220134
0.0220838
0.0221504
0.0220873
0.022129
0.0219205
0.0218919
0.0218384
0.0219526
0.0221301
0.0219692
0.216833
0.0219884
12.9731
0.0217294
0.194539
0.0219848
0.0218565
1.6381
4.09642
0.0218748
0.0217461
1.48613
0.0219102
0.0220574
0.0432606
0.0249846
0.0220868
0.0249095
4.37769
0.0220156
0.0326829
0.0222001
0.0220002
0.0221725
0.0220892
0.0220313
0.0222659
0.0222425
0.021998
1.55161
0.0215127
0.0226151
0.0220722
0.0365862
0.021876
0.0222119
5.15702
1.32875
0.022137
0.0222072
0.0242562
0.0215312
0.0216986
0.0219325
0.0220595
0.0263807
0.0219217
0.02151
0.0221159
2.04557
0.0220949
0.02204
0.0289156
0.0220764
0.0222227
2.84305
6.0487
0.0214954
0.0221878
0.0219047
0.131878
0.0221494
0.0215068
0.0216788
0.0218022
0.0220275
0.0220916
0.0220473
0.0222857
0.0218661
0.0218858
0.0215939
0.0215115
0.0218674
0.0220692
0.021468
0.0279899
0.0217426
0.0222847
0.0220227
4.56156
0.0216933
0.0218167
0.021796
0.022081
0.0220238
0.0218002
0.0220921
0.0221997
0.022059
0.0221433
0.0216841
0.0220526
0.0220788
0.0222179
0.0216339
0.0221847
0.0214713
0.0217157
0.0218118
0.0219314
0.0221595
0.0221634
0.0221026
0.0218886
0.0219671
1.95141
0.0219306
0.0219634
0.022001
0.0221255
0.0218916
0.0278177
0.0254193
0.0313755
1.61534
0.066754
0.0219795
0.0215123
0.0217205
0.0221763
0.022196
0.0227997
0.0217021
0.0220892
1.26443
0.0220588
3.58538
0.0215354
2.23981
0.0220743
0.0223786
0.0216888
0.0216283
0.0221819
0.021577
0.0219589
0.0219722
0.0217934
0.0278023
0.319918
0.0221476
0.0219535
0.0217297
0.0221814
0.037597
0.0220204
0.0219391
0.0221669
0.0219837
0.126682
0.0214562
0.0221845
0.0220307
0.0220403
0.0221664
0.0221874
0.0220604
0.02177
2.91834
0.0220949
0.248883
0.0300889
0.0219351
0.0218891
0.0218925
0.0219846
0.0234793
0.0222186
0.0222458
0.0434743
0.022009
0.0221683
0.0218908
0.0409676
0.129114
0.0222251
0.0220009
0.0216875
0.0218756
0.0219819
0.0221809
0.0272051
0.0220684
0.0236755
0.0345272
1.5209
0.0219627
0.021941
0.0219496
0.029775
0.0391041
0.0221605
4.12953
2.85522
0.0219565
2.44427
0.0219332
3.44178
0.0218927
0.0219432
0.0220625
0.0217167
0.0220561
0.0221681
0.0219452
0.0221529
0.0222027
0.0234506
0.0219468
0.0221104
0.0214419
1.33288
0.0215988
0.0218494
0.0259462
0.0307937
0.0216916
0.0224915
0.0220362
0.0218015
0.0221498
0.0216477
1.94735
0.02205
4.72064
0.0219859
0.0221325
0.0224279
0.0219077
0.0216543
0.0226144
0.0219318
0.0219291
0.0215985
0.0217537
0.0220281
0.0220481
0.0233555
0.0222047
0.0235866
0.0220146
0.0221156
0.0220039
0.0220956
0.0298778
1.95322
0.0220037
0.0215245
0.0219637
0.0221388
0.0218393
0.0218581
1.95208
0.0217971
0.0220091
0.0262517
0.0805189
0.119689
0.021937
0.0215391
1.7091
0.022044
0.0215579
0.0338755
2.18347
0.021846
0.0219217
0.0219519
0.021795
0.0220038
4.88885
0.0433243
1.87259
0.0217389
0.0252194
0.0221448
0.0218564
0.0215877
0.0214651
0.0217053
0.021864
1.33419
0.022009
0.133627
0.0218553
0.0217045
0.0220033
0.0219503
0.021817
0.0222672
0.0217032
4.18125
0.0222061
5.51013
0.0221184
0.0218676
0.0219744
0.0321441
0.0216966
0.0218518
0.0217231
0.0215643
0.0391357
0.0233846
1.75916
0.0219077
0.0219009
0.0214091
4.72385
2.03031
0.0218865
0.0218501
0.0222901
6.14779
0.0218641
0.0217177
0.0222241
0.021693
0.128103
0.0217786
0.0218276
0.384638
0.0219331
0.0219941
0.0219475
1.50208
0.0371262
0.0218286
0.0216894
0.0218919
0.021956
2.90136
0.0218474
0.0221176
0.0218129
0.0219896
0.0265316
0.0218442
0.0219675
0.0217441
0.021831
0.0222051
0.0236343
0.0332072
0.0219668
0.0219073
0.0220966
0.0221388
0.021938
0.022062
0.0219706
0.0222261
0.0218526
0.0219045
0.0242476
0.0224401
0.0219432
0.022475
0.0221072
0.0221549
10.6742
0.0220759
0.0225197
6.6468
0.0219837
0.0221569
0.0219972
0.313365
0.0215726
0.02348
0.0371566
0.0216747
0.0222538
0.0221881
0.204693
0.0220563
0.0219454
0.0219205
0.0221104
0.0220066
0.0801224
0.0257889
0.0242192
0.021873
0.0217374
0.0221926
0.0218498
0.0219972
0.0216324
0.0225443
0.230673
0.0219151
0.0221126
0.491941
1.20086
0.021968
0.0219758
0.0221021
0.0609077
0.0832049
0.0219153
0.0219218
7.25817
0.0219398
0.0219461
0.0220929
0.0217611
0.0220855
0.0222281
1.48008
0.0221608
0.0221052
0.0219276
0.0218431
0.0221281
0.870924
0.0218917
0.0219143
0.0218995
0.0337785
0.0221976
0.0218629
0.0219689
2.78215
0.0216554
0.0221437
0.0218221
0.0222057
0.0217407
0.0233789
0.0219626
0.02186
0.0219068
0.0662324
0.0221485
0.0222077
0.0221438
0.0220619
0.0222271
0.0220662
2.51809
0.022049
0.0619315
0.0222342
0.0217404
0.0222136
0.0222048
0.0216401
0.0217175
0.0216785
0.0218188
0.245293
0.0271989
0.0218368
0.0456969
0.0214692
0.15135
0.0221361
0.0217321
0.0216891
0.974093
0.0217338
0.0218366
0.0215408
0.0218387
0.0260364
0.0220629
0.0218771
0.0217326
0.0215899
0.0220141
0.0217186
0.0214883
1.08121
0.103437
0.0218207
0.0220629
0.0220613
0.0218279
0.0264658
0.0216216
0.0220736
0.021838
0.0219442
0.0222466
0.0219113
0.0216734
0.0266123
0.0294665
0.0221673
0.0218234
0.0218046
0.0216057
0.0227315
0.0219378
0.0221126
0.0219642
1.16196
0.0219696
0.0221127
0.0217706
0.0219276
0.0230592
0.021791
0.0217763
0.0218741
0.0216868
0.0214569
0.0296323
0.021829
0.0219671
0.0216025
0.0220137
0.0217089
0.0220553
0.0734551
0.0221864
0.021583
0.0226007
0.0219418
0.0219112
7.71823
0.0217782
0.021841
0.0216935
0.816196
0.0217505
0.0219331
0.0356403
0.0352552
0.0214725
0.0222463
0.022219
0.0217668
0.0219609
0.021936
0.0218599
0.0381231
0.0225506
0.0221073
0.0221203
0.0219862
0.0221085
0.0218403
0.0217226
0.0237565
3.02103
0.0219557
0.0219413
0.0219494
0.0216878
10.3409
0.021903
0.0219454
0.0219855
0.0220958
0.0225111
0.0215212
0.0218436
0.0220152
0.0224715
0.0219588
0.0219379
0.0377054
0.025607
0.0220799
0.0788484
0.0218255
0.0217599
6.52983
0.0218703
0.0220366
0.0219265
0.0221993
0.0219581
0.0217607
0.022207
0.0218006
0.0218136
25.5501
27.5396
25.7029
3.09868
0.0216447
0.0218965
0.0217596
0.0219118
0.0228763
0.0217818
0.021727
0.0221445
0.0220738
0.022064
0.0215321
0.107552
0.0221283
24.6098
0.0221491
0.022112
0.0221802
0.0684326
0.0217709
0.0218455
0.0221283
0.0217603
0.0218822
27.3403
0.021808
12.6157
0.212712
0.0219085
10.148
0.021846
0.0634507
0.0217546
0.02218
0.0640862
0.0240428
0.0220633
0.0221441
0.0218817
0.0220616
0.0219146
0.0218555
0.0217589
16.7192
30.9188
24.3571
19.6856
22.208
24.4308
17.3529
13.7076
21.6485
11.2368
28.7037
25.7591
13.445
29.9726
22.9251
24.5402
12.2201
28.3126
7.30678
22.1402
0.0221573
0.0217681
0.021548
0.0642061
0.0217564
0.0216921
0.0218674
0.02224
0.0222264
0.0219074
0.0220338
0.0218342
0.0218417
0.0218687
0.676746
0.0220033
0.0582653
0.0219012
0.0221388
0.0216724
0.0218905
0.0218475
0.0220241
0.0214418
0.0218551
0.0218983
0.0219255
0.0219449
0.0221817
0.0218683
8.24984
8.89258
8.47772
7.6507
6.61645
0.0219351
0.0222191
0.0660227
0.0221798
0.0218384
0.0218862
0.0217767
0.0221234
0.0218907
0.0613972
0.0220782
0.0218461
0.021836
0.0219492
8.09923
0.0218376
0.0219353
0.0218786
0.0215526
1.94072
0.0218907
1.466
0.0398335
7.33844
0.0255402
0.0418838
6.89554
0.0220105
0.0217333
6.9721
0.176493
1.69688
1.70437
0.0335445
0.0214918
0.0232119
0.0216094
0.0218581
0.0215222
0.0217327
0.0217987
0.0221993
0.0222167
0.0565415
0.0268303
0.021881
0.0217257
0.022076
0.0222398
0.0228913
0.0219245
0.0218082
0.0254271
0.0217059
0.0218816
0.0217356
0.0218876
2.00733
0.021771
0.0222393
0.0221793
0.0220881
0.0216425
0.0220419
0.0221613
0.021688
0.0221991
0.0219173
0.0216807
0.0219372
3.26251
0.0215051
0.0219609
0.0216096
0.0526185
0.0219357
0.0219499
0.0222114
0.0218566
2.47787
0.13483
3.10124
0.0216351
0.0218444
0.0218399
0.0218994
0.0221305
0.0221352
0.0219681
0.0218388
0.0218748
0.0218265
0.0218785
0.0251926
0.0770817
0.0216751
0.0219181
0.0219372
1.30167
0.0218419
3.19098
0.0225326
0.021849
0.0218321
6.55071
0.0216693
0.0219328
0.0220973
0.0219726
0.0214372
7.21148
0.0215462
0.0222926
0.0530407
0.0220683
0.0219659
0.030118
0.0405197
0.0216698
0.0218367
0.0225034
0.0219041
0.0216975
0.0492006
0.0220987
0.0218598
0.0224763
0.0216095
0.510946
0.0225288
0.0219723
0.0222355
0.02193
0.0219912
1.0289
4.854
0.0218566
0.0219508
0.0220927
4.13586
0.0216726
0.0359037
0.0216508
0.0220298
0.0216234
0.021837
0.02196
0.0219538
0.0216737
0.0216057
0.0216786
0.0222181
0.0270012
0.0220726
0.0217053
0.0215354
0.0217146
0.0223047
0.0241841
0.0218338
0.0218046
1.44194
0.0218332
0.0214236
0.0216892
0.0338918
0.0217802
0.0214856
0.0214045
0.0461146
0.0220457
0.0217759
0.0220641
0.0216764
1.58368
7.84641
0.0242101
0.0214054
0.0222297
0.0217711
0.0220833
0.0219689
0.0219481
0.0215021
0.0218414
0.0222937
0.0227152
0.0216866
0.0266304
0.0467012
0.0220404
8.41931
0.0220089
0.0221929
0.0217752
0.0221311
0.0216598
0.021733
6.10769
0.0228046
0.021538
0.0217383
4.22636
0.0221427
0.0221818
0.0471014
11.4079
0.0219402
0.0214885
0.0291746
0.159965
0.0217124
0.021961
0.043433
0.0216318
0.0220029
0.0221613
0.0215389
0.0221692
0.0216761
0.0217617
0.0220085
0.0215494
0.115911
0.0223974
0.0320674
0.0405046
0.0221724
0.0220641
0.186769
0.0214526
0.0220484
0.0216838
0.0221184
0.0214897
0.0218887
0.025223
0.0220496
0.0221747
0.0220093
0.0219549
9.11119
0.0219294
0.0218901
0.021965
0.256267
0.0217255
0.0221136
0.0222598
0.021924
0.0464985
27.9081
28.7108
0.0218942
0.0220356
0.0221942
0.0222485
0.0217876
0.0606458
0.0218933
0.854744
2.25166
0.040942
0.0215361
13.0935
0.0220784
0.0222604
0.02154
0.0221553
0.0217542
20.2662
0.0222348
0.0390059
0.0433354
0.0214864
2.29413
0.0217317
3.76946
0.021572
0.0217436
0.0217643
2.07994
0.0281136
0.0220395
26.423
0.0266781
0.0220082
0.0216935
0.0220102
0.0234439
0.0217142
0.022073
0.0219228
0.0220959
0.0218436
0.0219045
0.0217822
0.0215032
0.022239
25.7257
25.1753
0.0219257
0.0222164
0.0224925
0.0221877
0.02302
0.0217296
0.0218685
0.0219332
0.0218398
0.0221247
0.0215064
0.115871
4.87449
0.021827
0.0215747
0.0220084
0.0215059
9.8929
13.0839
0.0216827
0.0237535
0.0222557
0.0218846
0.157913
0.0218947
0.0217351
0.0220892
0.023544
0.0221242
0.0216708
0.0215488
0.0219324
4.90961
0.0219152
0.0250319
1.30937
0.0290683
0.0219705
0.0217574
0.021894
4.82202
0.0221636
2.29527
0.134528
0.0233625
0.0221078
0.0218751
0.0298173
0.0221383
0.0216419
0.0309458
0.0221874
0.023125
0.0220451
0.140508
0.0219199
22.1291
23.916
0.0220891
0.021828
0.031527
0.0222242
0.0218383
0.0220123
0.0221062
0.0218728
0.0219746
0.0216587
2.66126
0.0218429
0.0215954
0.0230115
0.0219158
0.0299859
0.0216904
0.0218966
0.0215401
0.0219367
0.0220724
0.0218517
0.0218552
0.021909
0.0218749
0.0220248
0.0219914
0.152393
0.0215409
0.0225012
0.0221287
17.4192
0.0349605
0.0217322
0.0252926
0.0218991
0.0394606
1.4707
0.022909
0.021938
0.0867525
0.0218436
0.0221617
0.0229878
0.0218834
0.0967322
0.0219304
0.0227154
0.0219692
0.0218552
0.0220897
0.0216701
0.0216798
0.0214951
0.0217009
10.6859
8.86893
0.0299893
0.0216982
0.0221793
0.0512205
0.0216444
0.0220019
0.021885
0.112394
6.12632
0.0221977
27.0989
0.164691
0.0219305
0.0218922
0.021489
0.0721024
0.021842
0.0218369
0.0220955
27.5021
0.0549048
0.0219152
0.0221459
0.0217871
0.021767
0.043395
0.0218385
0.0217401
0.0232321
0.0214998
0.0220454
0.0251863
0.0221879
1.17594
1.81689
0.160272
0.0220527
0.0219496
0.0218297
0.0217193
0.0218695
0.102982
0.0218198
20.2789
0.0260928
0.0220045
0.0218
1.96536
0.0218533
25.3598
0.0694896
0.0232504
11.2689
0.0215693
0.0221374
0.0220577
0.0219121
0.0221938
0.038706
0.0243748
0.0632912
26.3439
26.5785
0.0221057
0.0221221
0.0329631
0.0240287
0.0219214
0.0220219
0.0226633
0.0217602
0.0219358
0.120461
0.0219965
0.0220742
12.4509
7.67099
0.0219518
0.0248669
0.144874
0.0222887
3.68003
0.0227765
0.0461998
0.0219318
12.1291
0.0218245
3.06272
2.1629
0.0215396
4.09236
1.40201
0.161006
0.0222079
0.0215735
0.0335337
0.137756
33.0821
0.0218495
27.9203
0.0220475
0.0221244
0.118699
1.21944
0.0219424
23.2932
4.31692
0.0215853
25.004
0.0218201
4.14545
0.0219306
0.0222453
16.7165
0.0220194
0.0218933
12.2987
3.52822
0.021896
0.0243048
0.0220161
13.3804
0.0318622
0.0218555
0.0219141
0.0215395
0.0217246
0.0214388
0.0216777
24.849
0.0215191
1.37058
0.0220738
0.0218253
0.02185
0.0220596
0.0218625
0.0221552
0.0220449
0.0226465
0.0789265
0.153566
0.0256301
0.0216216
6.24132
7.11681
0.0219008
0.0221264
0.02654
14.0498
0.0222284
0.0281337
0.256363
1.44686
0.0366428
0.0346819
0.0221743
2.00957
4.26143
1.12509
0.025112
0.0883342
0.022083
3.11583
0.0221857
0.0219662
0.0342488
0.034507
0.0214901
0.0218969
0.0219065
0.0220305
1.08499
0.022092
0.0219448
0.15053
0.0216516
1.4262
0.0218779
0.0252126
0.021754
0.0345664
0.0221803
0.0221319
0.0220789
0.0254302
0.0218067
0.0219188
16.3904
0.0220637
3.39611
0.0218824
0.0219391
0.0220042
0.0217465
0.0353796
0.021881
0.0219703
0.02219
0.0218639
0.120969
0.0219226
15.5326
0.0269923
0.0218932
0.0217816
0.0218581
0.0220167
0.0219271
2.23934
0.0261639
0.0223844
0.109026
0.0224854
0.0220833
0.0220299
26.8548
6.77305
0.0415135
0.756138
2.45944
0.0246898
0.194025
0.022139
0.0218826
0.0221568
0.0551371
0.0219545
0.0217283
0.0917342
0.0259129
2.27043
0.0221562
0.0652085
0.0222098
0.0217651
16.6618
0.4836
0.475668
0.0219538
0.0218573
0.0219835
0.0216634
0.0347156
0.0246957
16.6775
0.0218631
0.0224083
0.0215259
0.0222472
0.0215477
0.0217197
2.96966
0.021981
0.022365
0.0220958
0.030369
0.0219096
0.0463427
0.287975
1.49502
0.0218404
0.138227
0.0260339
0.022286
0.0258002
0.0219387
0.0219466
0.0254292
0.0221729
22.7437
0.0219283
0.024901
0.168219
0.0220445
0.106839
0.0217551
0.148659
0.0224213
0.0218533
2.4041
0.0830982
0.0221149
0.0215708
0.0298646
0.0218314
0.0387108
0.0320084
0.039709
0.0225885
0.0218393
0.0218748
0.0217155
17.5783
0.022191
0.0214199
0.0219276
0.0426244
0.0285822
0.0217688
0.0222787
0.0223652
0.0217792
0.0221015
0.0220118
0.0220111
10.398
7.86268
0.0237058
0.022285
0.0222837
0.0928633
0.0217756
0.0221776
0.0728485
0.0221889
0.0230396
0.0216866
0.0220401
0.021793
0.0215646
0.0219926
1.65247
0.0792654
1.97311
0.0345534
0.0220161
6.3984
0.0220371
0.021805
0.0219212
0.0651838
2.8135
0.0217704
0.0333681
0.022187
0.0241339
1.33546
0.0217865
0.0221926
0.0222816
0.5839
28.5904
0.0244781
0.0465499
2.2649
0.0216927
0.0219569
0.0218631
0.0217319
0.0217285
0.0217196
1.63036
2.65896
2.74711
0.0219632
0.021742
0.0233385
0.0227808
0.0223919
8.20335
7.91776
2.26483
0.0215312
0.0217152
0.0275464
0.0217772
0.0219896
0.0227251
0.0230533
2.64226
0.022143
0.0217762
0.0218775
1.73644
0.184577
0.0216055
1.52347
1.30364
7.10941
0.0219377
3.70958
0.046644
0.0222745
0.021764
15.2689
0.0276703
1.57702
0.0218308
1.47935
0.0217657
0.0218273
0.0236223
0.0220111
8.27575
0.0906823
0.0237344
0.0240105
0.0220782
2.77907
1.95935
0.483731
0.152607
0.0217066
0.045991
0.0229598
2.20399
1.27953
0.0218354
3.08284
0.0217273
1.72439
0.0221995
0.024418
0.0217021
2.71315
30.0199
0.0763336
1.99273
0.0217772
0.0217299
0.0222866
0.021463
0.0219538
0.0222852
0.0218877
23.4338
0.0277653
0.0221713
27.9073
0.0219951
0.0221048
0.0217926
1.85122
0.0231392
0.0217523
0.0217336
2.62465
0.023023
0.0712183
20.8734
0.104796
0.0217018
0.0224734
1.52735
0.0292356
31.9275
0.0256759
0.0284432
0.0215222
24.8428
0.0388873
0.0414418
0.022123
0.022274
0.022084
0.0230195
0.0224578
0.0343924
0.0822114
0.0215752
0.0215175
0.0215044
0.0217258
0.0217057
17.6788
1.81638
0.119466
2.12802
0.11673
1.33284
0.0220733
0.0221902
0.0216228
0.0216934
0.0222022
0.0255119
0.0219068
0.0232946
0.0215237
0.0222938
0.185913
0.0370566
0.0221241
0.0215542
0.0228469
0.0221385
0.0223049
0.123911
0.0247221
0.0220624
0.0216387
1.6902
0.0220913
0.0235153
17.3175
0.0216257
0.0218141
0.0622003
0.0219634
0.0221492
0.0224425
27.3952
0.0216876
0.0222547
0.0226024
0.0227958
0.0229736
0.0229474
0.0217802
0.0265546
0.131849
0.0221927
0.0223418
0.0310373
0.0373398
0.0217763
0.0223001
0.0217436
0.0221752
0.933029
0.0214961
17.371
0.0215199
0.0225493
0.0965945
0.0656087
0.0268038
0.0285835
1.05327
0.0218406
4.51978
0.0220841
0.0777227
0.0222984
0.0271731
0.021909
0.0224203
0.0224559
1.93793
0.119184
0.022445
0.284361
0.0222425
0.0226336
0.0220486
0.212819
0.661408
0.0274158
0.0978343
0.219723
0.0237791
0.0220434
0.253327
0.0225968
0.0221743
0.0341539
17.4371
0.322903
0.0288518
0.022209
0.0729011
1.5702
0.443084
0.02219
0.0222182
0.0344093
0.0227574
0.0215224
0.387438
25.2014
0.0264051
0.136665
0.0264544
0.0220368
0.0217105
0.021813
0.0250668
0.0219286
0.0220776
0.066332
0.021478
0.0218256
0.022567
0.0221914
0.0221461
0.0218519
0.0221725
0.108087
0.0220691
7.33819
0.0225839
0.0218797
6.00184
0.0270643
0.0226601
0.685702
0.0215345
0.0219664
0.0232841
0.029897
0.0582863
0.0220162
0.0220078
0.0232037
0.0218981
0.0221497
0.0395813
0.06692
0.0228617
0.225521
0.02216
0.0221903
0.0214688
0.0231197
0.0583154
5.70428
0.216498
0.0219227
0.0279955
0.0284435
0.0622764
0.027146
0.0259984
0.0247275
10.8597
0.0319892
0.0219086
0.0245906
0.0259397
0.0220424
0.0218574
0.0250007
0.0520491
0.114313
3.38813
0.0216649
21.4075
21.5502
0.0231477
0.0223753
0.0217493
0.0224271
2.14007
0.0229351
0.0249644
14.3757
0.0795088
0.021471
15.5587
9.1171
0.0228176
0.0223575
0.0232581
0.0242251
6.3355
0.0538628
0.0236792
1.56971
2.82036
3.5774
0.0519481
0.0286553
1.07669
16.4595
0.0300105
0.35637
0.0220409
11.1269
14.3648
0.0223541
0.0220019
0.0220199
0.0217125
0.0499451
0.0222111
0.943529
2.32478
0.022499
0.199175
0.0961527
0.0229068
0.0234941
0.0218064
0.0314981
0.135134
0.0240614
0.0222741
2.8842
0.0233535
0.0219861
0.0220791
0.0215575
0.0220605
0.0292796
0.0236261
2.03638
0.0221617
0.0230875
0.021948
0.0412693
10.6934
0.0217617
0.0253604
0.0217421
1.55442
0.0218364
0.0214545
0.0337867
0.0219171
8.95554
0.022159
0.0219378
0.0222416
0.0219003
0.0215163
2.53834
0.0368616
0.046801
0.0601815
0.0219992
18.9882
0.0221557
0.0228285
1.54355
1.02458
6.07356
0.0297226
0.0226336
4.55717
0.0238684
17.1231
17.7942
0.0246513
0.0220653
1.58528
0.0222996
0.0222189
2.69773
0.118725
0.0251088
0.185429
1.50877
0.0240134
0.0218992
0.0220447
2.69985
6.78043
0.0366649
3.17227
0.0655326
0.124256
0.0253172
0.0220082
0.0242749
4.01171
0.0275113
0.0242726
3.70009
13.5778
0.0217184
0.112487
9.92485
0.0273469
1.98248
0.025067
0.0215088
0.0298137
0.021905
0.0478351
0.0219553
0.121788
0.0215026
0.0219651
0.0214367
0.0220503
0.0220008
16.045
0.0220898
0.0908973
0.0223878
0.0219206
0.0216476
0.021885
0.0531904
0.0225076
7.16447
16.5176
0.0237657
0.0254425
0.0222379
0.0267624
0.0229463
0.0219958
0.0237835
0.0222287
0.0216664
0.0219381
0.0217215
0.0217014
0.390987
0.0224349
0.0218892
0.022089
0.0220223
13.3671
10.5848
0.0471654
0.0234856
0.0228266
0.132723
0.021931
0.0222273
0.0222711
0.0309662
0.0217686
0.0218334
0.0260015
0.0291917
1.39977
16.0052
0.021859
0.0219356
0.0216847
0.0230744
0.0217129
0.0217546
0.0214939
0.0230895
2.48087
17.3189
0.0241749
0.0221465
0.0269744
0.0219507
0.0222794
0.0282203
1.49587
26.7652
0.0220336
0.866941
0.024735
0.0217768
0.0222478
0.0247432
0.0219768
0.0230637
1.04646
0.0218851
0.0218008
0.02155
0.0232345
6.62875
0.0220979
0.0299992
2.11367
5.55769
0.0244285
9.93679
0.0265396
0.0306538
0.0220451
3.14834
0.0221018
1.83916
0.0218914
0.0221105
0.0354726
0.029671
0.0223108
2.99627
0.0221444
0.0221768
0.0218134
0.0221631
0.0217449
0.0236274
0.0251724
0.0224998
0.0303562
16.5933
0.0235179
0.913468
0.0222006
0.0264409
13.8057
0.0260931
0.0226584
11.0198
0.0218286
0.0221555
0.0220726
0.0226413
0.0314776
0.0222722
8.34428
0.0245155
0.0218544
0.0283816
3.61739
0.0221679
0.0223625
0.0223688
2.07855
1.77325
4.55506
0.248194
2.82233
0.0267965
0.1076
0.0259209
0.0276902
0.0217064
0.0221622
0.0239477
0.0222056
0.0221846
0.021657
6.07894
0.0237266
0.0219043
0.120311
0.022321
2.47769
0.0585221
0.0227915
0.0218932
0.0223393
0.0234651
0.0224115
0.0249069
0.024284
0.021912
0.0219385
0.0217741
0.0233567
0.0500533
5.20249
0.0278477
5.21424
4.38305
0.745562
14.32
0.0225866
1.46675
0.0678572
1.47635
0.0335458
0.0234431
0.0223393
0.0219934
31.3497
0.0256204
2.55528
0.0290678
0.0226082
0.0240072
0.0273686
0.0221779
0.0223864
4.85219
0.0217189
0.0251785
22.1219
0.0228558
0.0219563
0.0291193
0.021698
0.0218723
0.0319267
0.0225372
2.0096
0.0222393
0.109197
0.0225343
1.39899
0.0234371
0.0223393
4.25764
0.0229765
0.198063
0.0216605
0.0225239
4.43731
20.2218
0.0215187
3.06963
1.2986
1.69693
0.124412
0.0257729
0.0218176
0.025685
3.15528
8.06936
0.0227518
0.0221416
32.8501
0.0219199
0.0651046
0.0227309
0.0221219
0.0749701
0.0676853
0.0220094
0.0218894
0.0227496
0.0215549
0.0216843
0.0467224
0.0254459
0.0314827
0.0429446
0.0262134
2.33203
0.0345802
0.0292378
6.9073
0.0282472
0.0220915
0.135746
0.0272963
0.0238348
2.99549
0.0216757
0.0606004
0.0227478
0.0217091
0.0222942
0.120261
0.0218104
8.155
8.53141
1.42731
0.0217893
0.0214969
0.0285658
0.02204
0.0696343
21.9192
22.0226
0.0227684
0.0218929
0.0256267
0.0300615
0.0276137
4.96212
0.0267521
0.0263576
0.0425773
0.0221967
0.0290719
0.0253881
1.6842
0.0274233
0.0216529
1.44707
1.28376
0.0219321
0.0221994
16.2799
0.0314291
1.85597
18.5864
0.0230324
0.0245009
0.023867
0.0233886
0.0219831
0.0226266
0.0264392
0.0229986
0.0460188
10.0812
0.0220876
0.0219306
0.168618
1.80864
0.0221974
0.0222357
0.0218528
0.0285893
0.121436
0.0218779
0.0220599
1.90124
0.0232993
0.0222244
0.0219263
1.82867
0.0216487
1.41194
17.5577
0.021793
0.089238
0.0324403
1.7664
0.0231064
0.0897005
5.73486
7.10625
0.0317887
0.0243516
0.0222775
0.0331695
0.0494841
34.4682
0.0217875
0.0214988
0.0219734
1.64335
0.0278194
1.65349
0.0219504
0.0618089
0.0353739
0.0303145
0.0221054
0.0544606
0.0219323
0.0659985
8.07429
0.0350563
0.0217452
0.0221043
1.84692
0.0222273
0.0222434
19.0617
0.0216713
0.0247225
11.096
4.18864
0.0216545
0.0229935
0.022064
0.0286589
3.65165
0.0237719
0.0489656
0.0214745
1.01133
0.0216408
0.130324
14.8179
0.0219205
0.0221988
1.833
0.0222226
0.0216953
0.0216624
1.69539
2.89631
0.0222874
0.0219259
0.0218545
0.0218227
0.021743
1.30455
0.021874
18.106
0.0217376
0.02171
0.0218583
0.0218239
0.0222801
0.0310294
0.0221872
13.1265
12.0663
0.0243644
1.61393
0.140938
0.164699
0.025105
0.0219034
0.0333356
0.14843
0.0221233
0.109259
0.021673
2.76427
0.0222179
0.0218682
0.0256209
0.026304
0.0237086
0.021645
1.50021
0.0228231
11.2175
0.0945183
7.00977
0.0220403
2.08209
0.0998395
0.0223813
0.0719573
0.0987135
0.025124
0.0308328
0.0214912
0.0672677
1.87989
0.021912
3.25979
0.022112
0.121883
0.0219239
0.169824
1.56495
0.0228317
1.64471
0.0215556
0.023217
0.0848053
0.0344689
0.55647
0.0218789
0.0232997
0.0328868
0.0769479
1.78461
0.0218631
0.0218876
0.0219719
2.10832
0.023967
0.0273459
1.44868
0.0229392
0.0229768
0.0214453
0.0356053
2.90269
0.0532863
0.0292549
0.0221449
0.5285
0.741521
0.0223086
0.0269819
0.0219063
0.0218316
0.0222069
12.2742
0.0584567
0.0615338
0.0362736
0.0216144
16.6178
17.1934
0.0223424
0.0236634
4.34997
0.0242592
0.0229864
0.0217266
0.0261817
0.0217726
0.0222481
0.030144
0.0249907
0.0223873
0.314061
0.0219912
1.67013
0.0740951
1.67278
0.0545115
0.0357497
0.0215211
0.342847
0.0329275
0.0222396
0.0219041
2.42158
0.021507
1.38629
2.69184
5.48041
0.0359054
0.025737
0.0259937
0.0223653
0.0220898
1.10192
0.0218003
0.0782737
0.0219104
12.2679
0.0218684
0.0217819
0.0239319
0.0222615
2.30473
0.0265668
0.044806
21.9514
0.0501223
0.02625
7.0874
0.0219277
0.0230467
0.226065
6.20804
0.585436
0.184926
0.0219077
0.0222846
1.82944
0.0275532
7.55914
0.106968
0.437109
1.47192
0.0220209
2.02509
0.0873419
0.0216719
0.190912
0.0220819
0.0319381
4.99746
0.0220713
0.0289627
0.0221455
3.83396
0.0229112
0.0221388
0.02187
0.022016
3.60044
1.66491
0.802414
1.52479
1.58797
8.6344
0.028409
0.0219294
0.0269883
0.0216438
0.0214892
0.398828
0.0219654
22.356
0.0295867
15.5555
0.0247281
0.101338
0.0598862
0.0220304
0.0216454
0.0217064
0.0292588
0.0224956
0.0323423
1.39456
14.6521
0.0224357
6.37342
0.0218463
4.01769
0.0222393
0.0827964
16.8248
0.108962
16.739
0.0221005
0.021995
0.0383551
0.0219366
0.0271907
4.36485
0.105089
4.37528
0.0369465
5.7814
0.0363433
0.750922
0.0214227
1.8538
0.0328128
0.0219807
0.0221922
0.0230922
2.05313
0.0298907
0.0216346
1.0517
1.91742
0.0224542
16.2017
0.02223
0.0306831
0.0220175
0.0355914
5.01492
0.0344149
17.3187
7.56536
0.0223463
0.0219715
0.0354548
0.0841394
0.0517441
2.44643
1.63963
0.0221903
5.60226
0.0219424
0.0217008
2.0249
0.150959
4.01263
0.0282103
0.021911
0.0552861
1.90659
1.47394
6.73119
0.231241
18.5972
1.66446
0.136838
0.091157
31.199
18.7563
4.43057
9.75484
24.1632
12.9868
11.4259
0.0216558
2.31725
0.0215091
0.0305334
8.62111
0.0255839
0.0279845
1.59933
0.0329167
0.0263837
0.0221859
0.0361271
0.105095
0.0327244
0.0219994
0.0221723
0.0228594
1.15442
0.0220825
0.111991
0.0220559
0.0222762
0.0214835
0.0223792
1.4292
2.27996
0.02826
9.35803
0.0221924
14.26
0.0216652
0.0219333
0.132114
0.022016
0.0221391
0.0221741
0.0605033
0.0252333
0.044771
0.0219429
0.0220175
0.0393728
1.88773
1.4899
0.0573299
2.50038
0.690802
0.0219388
1.59673
2.01472
14.221
0.0220106
0.0222382
0.0228409
0.186756
0.0219766
1.42315
0.0219422
0.116702
0.0220177
6.3977
0.0223688
0.0854688
0.0247867
0.0221912
0.0222949
0.097366
0.0235471
1.75504
1.26947
0.0219073
0.0217033
2.10287
0.112997
1.8879
0.0222262
0.172937
0.0223647
0.021605
0.0720185
12.0871
0.124757
0.0358857
0.0226328
0.0264992
0.0394521
0.0221262
0.277823
0.0229786
0.0341858
0.0962147
2.85243
0.0346663
0.0221573
0.0217719
13.2723
0.0225955
0.0336932
0.0217894
5.64722
5.27217
0.0220407
0.0217085
0.186114
7.35441
9.35534
1.57202
0.023047
0.117071
0.049032
1.27424
10.5563
0.0260743
0.0239591
0.0274042
0.107164
0.0222269
0.100051
0.0295826
0.103026
0.349855
0.0216581
0.0223764
0.0343966
0.0219312
8.30178
0.0218459
0.0220108
0.595504
0.0967905
2.02144
0.0255583
0.119279
0.0389997
0.0219148
0.0323276
0.0237358
0.0549748
1.85432
2.25806
0.0230087
0.021521
0.0596888
0.0874386
0.0246641
0.0249161
0.0224809
0.0214034
0.0525002
0.0748348
0.0219958
15.1318
0.0220586
2.99396
1.71363
0.0222939
0.0370527
0.02262
0.0247096
0.045566
0.0584442
0.0232484
0.0222883
0.0921749
0.0218279
0.183602
0.0216698
1.45893
0.0373649
1.43681
0.420773
1.27978
0.0649082
0.0214656
1.79802
0.021434
0.0230204
0.0221845
0.0224045
0.0302905
0.0231597
0.0327048
0.0222881
0.247889
0.0526717
0.0790979
0.0531329
1.55213
0.0218811
0.0370166
0.0218174
0.0221815
0.021797
0.0218763
3.53087
0.0224329
0.02223
0.0315096
0.350625
0.0477374
0.0219453
0.0979001
0.370353
5.49915
0.0247404
2.41812
1.83027
0.0220078
0.0234826
0.0741857
0.0637837
9.49048
0.108465
0.0220858
0.0478757
0.0215051
0.161264
0.760527
14.9098
2.1414
0.0218566
29.8399
0.021825
0.0218102
0.0255066
0.0581214
0.0375368
0.0940973
0.0374928
0.0214974
14.7162
0.0564916
6.13278
2.82799
1.44118
0.0290157
0.0234649
0.0230258
0.023052
0.0219891
0.0252448
32.1333
14.445
5.79419
0.219079
0.22839
0.021991
0.0220376
0.0230677
0.0247479
4.45955
0.0230531
0.022238
0.0217427
0.0217486
0.0215869
0.0380784
0.0325577
0.021898
0.0281885
2.13181
3.73271
0.0378001
5.55551
0.0218814
5.46423
2.36863
0.121309
0.021794
0.0218668
0.0221967
3.08757
0.0263048
0.0294207
0.0460388
0.211082
0.0374496
0.0222869
0.0221473
0.0616993
0.0219625
0.11064
0.0251159
0.0294301
0.021765
1.67016
0.0324138
0.021952
3.5828
0.022286
0.104103
0.0226414
0.022034
1.87994
0.0551288
0.0436337
0.0218902
0.0217746
0.0217167
0.0216125
0.0221754
0.0907453
4.52935
1.18335
0.039699
0.0822141
0.021794
0.103526
0.0222784
2.98938
1.71563
0.0262834
0.0218871
0.0218139
1.91309
2.14699
0.0241787
0.131941
0.0304424
0.0222265
1.29651
0.0221914
0.0914332
9.51257
0.0224593
10.8886
0.0214067
0.0225738
0.0377258
30.7196
0.0218422
0.024675
6.51555
3.0272
1.68841
0.0217374
0.0222208
3.73954
7.06757
4.59774
14.8155
0.058932
0.0221964
0.0218235
0.0226476
0.0217033
0.0221562
3.39175
2.3041
3.79635
1.97341
0.0215144
0.0216805
1.9231
0.029433
0.0224161
0.0217285
0.0221289
1.31902
0.0397777
2.32552
0.0222322
0.0219928
0.0222192
0.037149
0.0260912
0.0231813
0.0249299
7.83704
1.45276
0.0234824
3.8753
0.0220184
0.02213
0.134715
0.844611
0.0214656
0.110932
0.0219461
17.7348
0.0220469
0.716032
0.0222953
0.037645
0.0218047
0.022524
0.0232368
0.0982562
0.0704769
1.99391
0.0220049
0.0221979
0.0215269
23.033
5.46111
0.024608
0.127298
0.0714671
0.0233065
0.026705
4.16463
0.046461
0.0215646
1.50394
3.86843
0.13371
0.022274
0.0217094
0.0222135
0.0220205
0.0474081
0.0222714
0.0221663
0.0266645
1.82436
0.0222492
17.7202
7.61661
2.89846
0.078539
7.11643
7.47673
3.26485
1.23673
1.64514
1.17991
0.0686348
0.118121
0.0218157
0.704124
0.0219755
17.6825
3.95121
0.0214744
7.33688
0.046694
0.0217154
0.15831
1.32722
0.0217961
0.0653039
0.0218238
1.46937
6.19098
4.9711
0.0220597
3.407
4.6623
9.21068
0.0564529
0.0426455
2.74923
0.0215142
1.70439
3.30113
2.17219
0.0220835
0.0253783
0.021631
19.73
0.0220347
0.783824
0.0355029
0.0294683
0.668872
0.0247775
0.0221887
0.0219663
0.0220427
0.0224069
10.1159
0.0218969
0.0278752
20.7743
7.97519
0.162233
0.0229788
0.0372386
0.424857
0.021624
0.022375
0.0240506
5.88226
0.0248681
0.716408
0.0221556
0.0216226
0.0657565
0.0417678
0.0401515
22.2575
0.0217443
0.48526
0.0256192
0.0220295
0.0517608
0.896198
0.0221552
8.13716
0.0283798
0.773394
1.74923
0.19149
0.021895
13.8196
1.84101
0.0324034
0.0262547
2.50819
0.233804
0.0219211
0.0218227
2.69861
0.021715
0.0215946
0.0230291
0.0977579
1.27141
0.0215752
0.0395227
0.0646124
0.0709636
2.56317
0.0219304
0.0223346
0.0219327
0.0222659
2.38909
1.82028
0.0436198
0.0219601
0.0214366
0.107454
0.0220954
0.024909
3.29269
0.0225252
0.0245765
1.73619
0.0218329
0.0220351
0.0285879
0.0221729
0.0219141
5.04388
0.0734082
0.0897249
0.0222109
0.0230395
0.0393594
0.0551639
0.0221738
0.0415529
0.0215153
0.0253096
3.25488
0.0225476
9.85418
0.0214744
25.0551
1.573
0.0217936
0.0290867
2.19473
0.0255262
1.12562
5.32774
0.022295
0.0396881
0.0218233
2.99653
1.06492
0.0220752
10.935
0.0222977
0.0218098
4.37289
0.086984
0.564481
5.05684
0.142643
0.0217015
2.32473
0.021858
16.9688
0.0224126
0.0890912
20.9737
0.0222454
0.0217376
0.0386779
0.0215435
0.45972
5.31255
0.021826
0.0216695
0.0218068
0.0216882
1.73508
0.468128
0.0394863
0.827082
0.0285578
0.0270923
0.0242597
0.0323843
0.0292503
0.02154
0.0223424
0.0216714
0.0218186
0.0252215
0.08137
0.0222522
0.315315
8.59864
0.0216836
1.94306
0.0216136
0.800164
0.0227203
1.42745
3.03502
0.0221612
0.212398
0.0222864
0.329798
0.781923
0.0221245
0.0222689
0.0970315
0.031253
0.0222249
0.0454975
14.2785
0.0222833
41.821
0.0233584
0.0218826
0.17846
1.35068
0.0233422
0.0219019
0.0278751
0.0220798
0.0426884
0.0217785
0.0218912
0.0215067
0.0222388
1.8095
0.0277566
0.0222285
0.0217544
0.027429
2.05378
2.98943
0.129095
0.0216966
0.257843
0.044651
0.0214357
0.0219589
2.11563
0.0222508
0.0217679
25.6144
0.0308153
9.95745
0.0228646
0.0445211
8.80344
2.25382
0.833706
0.0218271
0.0732504
0.0221623
0.0231215
0.0216599
24.1003
0.0593777
0.0217794
0.375047
2.59469
1.75204
0.0219935
3.29735
0.0225081
0.022364
0.185628
5.5565
0.0270734
3.94565
0.0704492
7.87675
0.0216725
0.0306794
0.076272
0.0220228
0.0222064
0.495497
0.0365788
11.5998
12.3906
0.0218126
16.9057
0.0255704
8.35286
0.0221793
0.527569
1.52874
0.0731774
0.0222194
0.0219339
7.0321
0.0220737
0.0216944
0.185896
0.0314276
0.0219304
12.2011
0.0219613
0.0217681
0.0221807
0.0221906
0.0216991
0.0219458
0.0216416
4.34874
6.84046
0.0225575
0.0215894
0.0219487
0.0218558
0.0273219
0.0217727
2.2849
0.0327234
0.485083
0.0301319
0.0278625
2.08036
0.0218409
0.0786924
2.64399
0.0256268
0.383641
12.6489
3.03823
0.0214253
0.0220453
0.0218363
6.91359
0.423803
2.56806
12.5695
0.0324554
0.021826
14.5919
0.028745
0.0222533
0.0219137
0.0222515
4.20192
0.0360586
1.76267
0.0218944
0.0221829
3.45117
0.0217178
0.023153
0.0218232
5.00341
0.0216184
0.0218378
0.0807484
0.0222163
0.0221713
0.0247892
0.0880099
0.0365496
0.348086
0.0825917
0.0222462
5.74267
0.0325355
0.0217914
0.0220026
7.027
0.0219828
13.7931
2.36757
0.021648
4.62534
0.0218107
1.3027
0.378698
2.23869
0.0447685
0.160822
10.2707
0.0359278
11.4652
0.708012
0.0219277
0.0217822
0.0515743
0.0622828
6.36459
0.0285003
0.0275522
0.0219788
0.0227885
0.0218818
0.0328314
0.044324
5.67114
0.0435886
0.0221925
3.71358
0.0398825
0.0220774
0.0219271
0.0218764
0.0215529
0.023314
0.0222313
0.0444741
0.0320366
4.61586
4.70902
2.36652
0.0217523
0.0218749
0.0385386
0.0273952
0.0217556
0.02569
0.0216624
1.89175
0.021955
0.0836883
6.67925
0.0222122
0.0220159
0.021881
4.60702
0.0794263
0.0509468
1.58112
0.0219261
0.0233817
1.26424
7.7001
0.0222309
15.6061
0.0227876
0.0460298
2.38878
0.0218504
0.0221469
0.0220664
1.43646
2.95386
6.70031
18.099
0.0222515
0.0220647
0.0219736
0.106017
0.0221494
0.0217559
0.022303
0.0217923
10.2469
0.0222927
0.0222917
1.35601
0.489021
11.6597
0.0260936
0.0291086
0.0343524
0.178053
0.113131
1.993
1.54635
0.34535
0.0218211
1.59782
0.0218065
0.0247367
0.0221106
5.23028
0.0215985
0.0218165
0.0221058
0.0222645
4.8953
0.0227401
0.022294
2.81871
18.8154
0.0218812
0.0217725
0.0713867
0.021714
0.0221267
0.0218273
0.0219097
0.0365021
0.135932
0.0281082
0.240846
6.67621
0.0250248
3.19638
0.129068
0.0288246
2.13446
0.02168
2.05176
3.90245
24.1783
7.16837
1.45196
4.91667
0.0355458
0.0219228
0.0232523
0.0218659
1.582
0.0219302
1.40894
6.90657
0.0221804
6.10136
0.0739464
0.0217492
26.2643
0.123533
0.0214814
13.3796
0.0225885
0.0318135
7.17547
0.0238968
0.183484
16.2099
0.0216066
1.50197
0.655595
0.0220787
12.7116
0.0217205
0.0477558
0.0220143
0.0218907
1.5926
0.0218096
0.0219797
1.1614
18.222
0.738713
0.0219333
2.13464
1.56323
0.130679
1.50039
0.0217145
0.0218512
1.26803
0.0217668
0.0217514
0.0222103
0.0222244
1.3904
19.231
0.0435902
0.0216569
0.0276714
0.0219685
13.0433
0.0221632
0.025038
2.28003
10.2662
10.8217
4.246
0.23556
0.0219192
9.71223
0.0218509
12.5677
1.87477
0.125383
0.0223212
0.0220846
0.319306
0.0218474
2.19966
0.0217857
0.0215515
0.0216092
7.12263
1.7244
0.0218443
0.0214208
0.159422
12.1571
9.2479
13.6313
0.0219009
7.03752
0.025478
0.0220772
0.0310059
8.25392
0.0219325
0.0226188
0.0219334
8.7721
1.99999
0.0219805
0.0220776
6.18246
0.0758133
4.52223
9.54151
0.510491
0.300062
0.0583089
0.0219207
12.472
0.0218173
7.68706
0.0221156
0.999091
0.0218559
0.047688
0.263168
2.95806
11.4571
0.0219088
0.0887043
0.0249612
0.0219595
0.0548894
0.0219271
0.0394591
0.0221353
0.0218866
0.022018
0.0490977
0.0272073
0.0214442
0.0220282
0.0217282
0.0975767
0.0221292
0.0551009
0.0217078
0.0225281
1.26311
0.0233012
0.0597871
0.0904306
0.0217593
0.0218193
34.7395
0.0886144
0.0216749
4.32965
0.02166
0.0219371
5.06051
0.0214156
0.0222001
0.0398182
0.022365
0.152464
0.334121
0.727642
0.0897536
0.0221418
14.0283
0.0222944
0.0222667
0.128851
0.0244447
25.9915
0.0219057
0.0215561
0.0221304
20.6222
23.9383
0.0218125
0.0285462
0.0222486
0.0577941
0.0217066
0.0218979
6.24794
0.0222502
0.0218501
1.7777
0.0223657
1.91648
0.0219396
2.31864
0.0219518
2.7862
0.098481
0.0221272
0.0219619
0.0222507
0.022445
3.89942
0.0358676
0.052693
3.54659
9.49017
0.0219353
0.0224334
4.23131
0.0947617
0.0224178
0.0222654
0.0219446
0.0547302
0.0375487
0.0832217
0.0294799
0.0216841
0.021977
10.6443
0.0221738
0.0218612
0.0247242
0.0316336
0.0219935
0.0219493
0.0241991
0.0408077
0.0216772
3.4189
0.0217541
0.203181
0.0214199
2.60091
0.0216166
0.0236161
5.0594
3.99114
7.16651
0.713694
3.22528
0.021949
6.65958
0.0217135
0.0216811
0.0380234
2.44915
5.84111
0.0216011
1.50456
12.4943
1.4207
0.0222639
0.021843
0.0217558
0.0222984
2.16768
0.107516
0.0690983
1.61571
0.0225048
0.0214349
0.0216653
0.0218165
0.185806
7.21354
0.022083
18.8847
0.105231
0.196498
0.0578237
5.88702
2.1728
0.0217446
0.0219946
20.7619
15.7969
2.56466
0.0221794
0.180795
8.36407
0.021551
0.022192
18.4171
0.0216986
0.127924
0.0995163
0.0228944
19.7845
0.0219384
0.0741606
13.9398
0.0275024
3.36085
0.0219389
2.71751
4.62286
0.0218852
19.8194
0.0217026
0.0283604
0.0219133
6.93981
2.69682
0.0282711
0.0215342
14.9881
0.0222875
0.0214725
0.0218897
0.0282199
2.46386
0.0215044
0.0231319
0.02177
5.01421
4.6443
0.0233616
0.138425
0.555404
0.131887
0.116702
0.0221888
0.0467128
0.0282529
18.0123
0.0242293
0.0239144
14.3105
0.0328229
0.122088
0.0270849
0.0220417
1.91355
0.0219657
0.0219878
0.0217616
1.54561
0.0219393
3.41096
0.0221266
1.26505
0.0219984
0.0326144
3.00806
2.84838
0.0217137
0.0222619
0.022067
4.25116
0.0216585
1.55437
0.179691
0.91812
0.0219567
0.0215124
3.31169
0.0910771
20.932
0.0313987
17.1646
0.0307135
0.0220331
0.0219523
0.0716728
1.27597
0.0219091
0.0329759
0.0219139
0.394375
0.0218438
0.0988872
3.94267
0.0217202
0.0214642
0.066903
0.0217862
0.336012
19.4914
0.0222243
0.273045
0.191804
0.0453791
0.021593
0.0218084
0.0407516
0.0399278
0.026357
0.0498498
0.216484
0.0221177
0.0296805
0.0478671
0.0217933
0.51649
0.0226489
2.83741
14.711
0.0221064
0.0227717
1.71788
17.0966
6.46801
4.46068
0.0217459
1.66148
0.556605
0.0216901
0.0274182
0.0218627
0.0219749
0.0216628
0.0220024
0.0224234
0.0436824
0.0215856
0.0228356
0.0288226
2.58862
0.0224349
4.21209
4.67689
0.0216428
0.0220899
0.022064
0.0220953
4.20227
0.607968
0.0221387
0.0218547
0.0219622
0.0222692
0.0219693
0.0248401
0.0217457
0.333838
0.607228
8.99769
0.0283929
0.0223197
0.0274325
0.0244531
0.0220031
0.121788
0.0222457
9.604
0.0306808
0.186105
0.0222876
0.0221795
7.14143
0.0219201
0.0487646
0.022059
0.138932
0.0848718
0.0904851
0.0221735
0.0245096
0.696132
0.021881
0.0222151
0.0238413
0.0220725
0.0217413
3.09392
0.581873
0.0217546
0.0218122
2.72408
0.12916
0.0218711
0.0219831
0.0563713
0.0226051
0.0270742
0.374835
0.697131
0.023144
0.0538373
2.356
0.0219332
0.0221935
0.0219546
0.0217796
0.0218374
2.06046
5.90878
4.73075
0.0246674
0.0398884
0.0219061
0.0222595
0.026295
0.751162
0.0521648
0.0271341
0.0511579
0.0667483
9.03893
0.0219981
0.612447
0.0426853
3.39676
0.0371958
0.021802
0.311292
4.98601
0.0351267
9.0061
1.08156
0.0217206
0.0518286
1.28985
0.0215678
0.0222328
6.67631
5.48212
0.021489
0.0218421
0.125429
0.0215913
4.52598
0.0216657
0.0218505
0.0220971
1.31369
0.0295173
0.0781316
1.53465
0.0832254
0.0296176
5.12915
0.0216758
0.0216913
0.0218961
0.152927
0.712339
0.0497356
0.0246789
0.0218327
0.021855
6.15939
0.0219345
0.0220043
27.3682
15.5444
0.401849
0.022007
1.98019
0.0219257
0.0220461
0.310956
0.466667
0.0219649
0.791611
0.0219263
0.0228276
0.0268844
0.023765
0.0218543
0.0216012
6.60867
4.7391
0.0217285
0.0216578
0.127625
0.0308021
0.0220205
0.0268846
0.0222924
0.0218149
0.0401919
0.0216809
0.0222443
3.7826
7.26911
0.0263702
0.0219484
6.08587
0.0214051
0.0217323
5.37538
0.0220219
4.20604
0.146796
0.0267952
1.35363
0.0219222
0.0218424
0.0219109
0.02181
0.164866
0.0279955
0.0219364
0.0220224
3.738
1.29891
0.0217587
2.63413
5.4168
0.0219711
16.2021
4.93138
0.0277877
0.0220124
18.4586
0.0220207
0.0218503
0.0218662
0.0218272
0.0220668
0.0879875
0.0753131
4.70546
0.0222899
5.97311
3.50408
4.31271
0.022014
0.253707
0.0217321
0.0281696
12.2449
0.0219327
0.0747887
5.97398
0.0257956
0.039331
0.107091
0.0214735
0.0218415
0.0486776
0.0219989
4.98392
0.551481
0.02209
0.0219438
0.0281658
0.022148
0.0442939
0.0221251
0.23814
0.0218843
0.0218196
0.0640726
0.031957
6.542
0.0997221
0.0232002
2.33439
0.0772981
0.196948
0.0222134
0.874967
0.466228
0.0221104
1.72794
22.0107
0.0217902
0.0222945
0.112448
0.0876277
0.0218207
0.0428673
1.12642
0.0214735
0.0220807
0.0435017
0.0222183
0.0575598
0.0221991
3.43522
1.06938
0.0426099
3.96917
0.0215198
0.556594
5.65337
1.22257
0.0320324
0.0218014
0.022806
0.0974236
0.0220838
0.0216463
0.0222491
0.158095
0.0219162
0.0216946
0.0222665
0.0214815
0.0227929
4.49282
0.635502
0.0221994
0.0218151
0.0218375
0.0220228
0.167891
0.230248
0.955317
0.0720075
4.56716
0.0220137
12.2923
0.630628
0.0285333
0.0220027
0.0392382
0.0220203
0.0219166
0.0214876
0.0698861
3.33863
0.021854
0.129407
0.0951987
0.0330451
0.0221471
8.38171
0.0221591
0.0241725
0.108593
0.271516
0.0223274
0.0220761
0.0216469
0.0235757
2.13106
0.0224039
3.46997
0.022102
0.021902
1.32035
0.023026
0.0219505
0.0222358
7.39683
0.0222171
0.0912189
0.0308584
9.91172
0.0898244
2.43628
0.0218849
0.0225895
0.0217056
0.0218176
0.0277617
0.0220971
0.0219297
4.78595
0.0222855
0.0224946
9.17774
3.07502
0.0218614
0.0606176
0.0217593
0.0214767
0.0232179
0.021656
3.41636
7.25731
0.021454
0.0221618
0.0711411
2.82736
0.0220227
0.0526942
15.6683
0.0220723
33.8066
0.0227429
1.55212
0.0222231
1.00261
5.33307
0.0218424
1.58693
0.0237243
0.021656
0.0219855
1.18287
3.40146
0.0639881
0.0221719
4.1633
0.0219954
0.0228292
0.0219442
10.026
0.0794495
0.0433825
4.67232
0.0218229
1.3487
15.8316
11.7357
5.01976
0.0357823
0.0338479
6.99644
0.0219868
0.0228105
0.073646
1.3175
0.0214635
0.0222853
0.021901
0.021959
0.0219835
0.0334043
0.295129
0.0218609
26.7005
0.0219073
0.0231163
0.0220353
0.0492005
1.49709
0.0221654
0.0217321
0.0524827
15.7086
1.12158
6.71816
0.644816
0.0218832
0.0218651
0.021503
0.528819
0.0226186
0.022054
17.4087
0.0220014
0.0898191
11.8333
0.0219611
4.52172
3.21803
0.88137
0.0477817
0.120259
15.6909
0.25482
0.0219251
0.0216589
0.0336843
0.0223228
0.0463139
34.6886
11.6752
0.0284237
5.38069
0.961856
6.37172
0.0214509
0.0221797
0.0219499
0.0217136
0.0220217
1.53483
1.25792
0.0220442
3.36702
0.0220318
0.0219263
0.314929
0.0217882
0.621447
1.4374
6.50127
0.0217433
0.0218798
0.022247
0.0222439
12.0648
0.0219713
0.0263912
0.0223312
0.100731
0.0241988
0.0221519
0.0219466
4.43574
0.0216762
0.488396
0.0218776
2.68376
0.0220275
0.0219572
0.02324
0.281754
0.0216924
0.0221978
4.7769
0.021926
0.0391505
0.197879
0.365924
0.0363966
0.021767
0.0219285
0.762329
0.0286194
0.0217017
0.0784903
0.114938
2.05542
0.0219697
0.0220106
0.0219411
0.0217585
0.022039
0.0224571
1.43892
0.0228482
14.5113
1.37204
0.0403548
0.0230352
0.0218756
0.326377
4.76976
0.0217286
0.0220141
0.0748592
0.0222745
0.0229859
7.18425
1.74442
0.021888
3.53936
0.022831
5.50745
0.0217352
0.0220169
0.0218977
5.11422
0.0216505
0.021912
1.5784
0.0218627
0.0328621
0.0663412
0.0219115
18.0453
0.0274473
2.29608
1.51277
0.0219473
0.0222535
2.61242
0.0218553
0.0221281
0.0219734
0.0290445
0.0220722
15.6666
14.3812
1.9284
1.77539
0.0217415
0.845891
0.0218727
1.32412
0.0265532
0.0288612
0.0221487
5.93167
0.0220577
0.0227012
5.63439
0.0217412
0.0367545
0.0355721
0.0222792
11.9537
0.0217451
3.15854
0.0278726
0.0219789
0.0218631
0.0214726
1.29424
0.0217546
1.48258
0.0222666
0.0245105
0.0239023
0.0258779
8.86013
0.0220908
0.0241134
0.16708
0.0513956
0.147352
0.0220613
0.0218751
12.9623
0.0214547
6.79724
0.0304117
0.0218657
0.021902
11.9742
0.260719
0.0223856
10.9817
0.0218385
0.0230032
0.0218318
0.0489962
0.0233482
0.0491325
5.19474
0.0218924
0.0217251
0.0219345
6.10838
0.0218879
0.0224525
1.32142
0.0218759
0.118924
0.0221494
0.0269932
0.0220409
0.0222116
0.0222927
0.148831
0.0322544
0.0218088
0.13266
0.0221036
2.70877
0.0219661
0.14639
0.0219483
0.0219202
0.0219374
38.5761
0.0262773
0.02238
0.296331
0.022432
0.0289652
0.022823
0.0247078
0.0222729
0.0218992
0.0224571
4.6748
0.0219757
0.0218349
1.27178
0.0220029
0.0217731
0.0219798
1.34558
0.0222055
0.0496305
0.028064
0.305153
0.0222109
0.0431874
0.0217349
0.0222966
0.0280114
9.19903
0.0222927
0.0216924
0.0219309
0.140374
0.476443
0.022548
0.0218656
0.0219247
4.84707
0.0216252
0.0351565
0.0411154
6.63596
0.0222948
0.0217158
2.38785
0.022423
0.0472352
0.0291297
0.0214633
0.039391
0.0219821
0.028297
0.0215144
0.0217623
0.0219362
7.7125
0.0220111
0.307728
0.0216926
9.85096
3.78621
0.164285
0.0220081
6.76091
0.394904
0.0303821
0.0219976
0.0300192
23.469
0.022111
4.32978
0.0222559
0.120559
0.0250408
0.0222149
0.139067
3.50185
0.0218375
0.0243703
0.0219226
0.0334702
0.0218628
0.0217259
0.0220376
2.8976
12.193
0.0222912
0.0219401
0.0220919
1.82716
0.0219284
0.128596
0.0220486
1.77485
5.48204
5.12662
0.0420035
0.0222518
0.0220892
6.34957
0.0221002
0.0370584
0.0222662
0.0348238
17.9867
2.75624
0.0222869
0.0216774
0.0307317
5.83192
0.0550057
0.0218139
4.35226
26.9386
0.0216342
0.421549
0.0215168
0.0437638
0.0219248
0.0225538
0.0222856
0.0348613
0.0219753
0.021507
4.84981
0.0242334
0.0225852
1.38349
3.15637
0.0220288
4.85952
0.0220991
6.29492
0.0245088
0.0215242
0.0215888
0.0220141
0.0253829
0.361224
0.257778
0.0220054
0.0226283
6.34212
0.0220386
0.0216292
0.0218646
0.0219871
0.234421
0.0219358
0.0216258
0.0216429
4.46356
0.0222667
0.0219281
0.0216588
2.51951
0.0221625
3.2684
12.1254
0.0219085
9.45863
33.7315
0.0221648
0.0482942
0.0992905
0.0216016
0.0217016
0.023119
0.0220118
1.00784
0.0268197
0.0221431
0.0216533
0.0218895
0.0220273
0.0219871
0.0222292
3.737
0.0216609
0.0218698
0.025941
0.0219208
1.31754
0.0218811
0.0220526
0.0221147
0.0221431
2.52203
5.11501
1.84086
1.99804
0.0223171
10.6696
0.0218648
0.0216208
3.17698
4.32597
0.0222141
0.0219822
0.0804056
0.111661
4.3431
8.23806
0.0429302
1.92929
0.0227661
6.15429
0.0219034
0.0253606
0.0218734
3.44727
0.0219522
13.9506
0.0222535
0.0241944
0.0221463
0.0226359
0.492105
0.0216207
0.0214915
2.32138
0.0550856
0.0222464
0.0216786
0.0216162
0.0228914
0.0222551
0.0222411
0.0218788
19.6688
0.0218198
0.0228513
0.0222552
0.0216149
0.0217292
0.037601
0.0222971
0.0379622
0.0221638
6.23859
0.0217288
0.0843243
0.0583426
0.0218108
0.894593
0.0214813
1.52427
0.0220422
0.0220182
0.0219136
0.0215983
0.0874206
0.0218742
0.0224329
0.0215878
1.53202
0.15494
0.0220234
0.0222711
0.89746
1.80185
39.5698
0.402535
3.95
0.0218587
0.0218793
0.0330422
0.0222151
31.7252
0.0222582
0.0982603
0.0219052
0.0222472
0.028252
0.021537
0.0222506
0.041882
0.382666
0.0216706
0.0215855
0.0222091
0.021981
0.0221245
0.0216731
0.0219449
0.0218703
0.0294876
0.0464034
5.82992
5.14423
37.5489
0.0215951
1.33485
0.0219021
0.110585
1.00867
0.0220315
1.95778
0.021884
1.63374
6.17802
0.0638886
0.0220137
19.8414
0.0241209
0.168631
0.0226019
0.0295898
7.44046
2.98723
0.292279
0.0243856
23.9956
0.198503
40.6474
0.0267989
20.2096
39.9429
13.1399
0.0216579
0.0222741
1.51424
0.0214899
0.0219522
0.395593
0.0219869
0.0220948
0.0375247
7.63201
1.55764
5.26902
0.021888
0.0218372
0.0222075
10.7058
2.04975
0.309959
0.0258095
7.09496
0.0218908
0.0296863
2.27245
0.0246918
0.467377
0.022454
0.022234
1.45225
0.0218117
0.966347
0.0219494
0.0225452
0.0431788
0.0217959
0.0237122
0.069025
0.0222667
8.65392
0.0218783
0.0214822
4.01297
0.0224282
0.0219107
1.96736
0.0718136
6.11668
2.03734
12.4341
0.022555
0.0942395
5.91028
0.0848773
0.027694
0.0225585
4.66978
0.0217711
0.0220545
0.140912
0.0858837
0.0408544
0.0222759
0.0222311
0.0218261
1.49583
0.0500765
2.63201
0.0222712
14.304
0.0218777
0.0423811
0.0240604
0.0217788
0.205523
0.432092
0.032633
0.155063
6.22703
0.0222725
0.0238225
0.0266734
0.0312801
0.0227042
0.0270594
0.0270593
0.0998398
0.0215584
6.27631
6.08287
0.0227
2.04016
1.59425
2.33429
0.022271
0.0216159
1.29988
0.0219425
5.25562
0.0222309
0.0222725
2.25589
0.0237604
0.0220508
29.53
0.0255489
0.066299
0.0219163
4.65224
0.0529231
0.0876439
0.0337313
0.0225419
0.113144
0.022435
32.1597
0.0256462
0.267056
0.594562
4.04614
0.164341
4.52739
0.0246808
0.068426
0.0371203
0.70352
15.8676
0.0218231
0.328821
0.022045
0.0218903
2.92138
0.069911
0.0216645
0.0636406
1.49203
5.10404
0.57714
2.99517
0.0757295
0.0222637
0.0242587
0.0217072
5.05509
0.0219974
2.09677
0.559102
0.0242192
1.82793
6.81725
0.021669
3.23398
6.20886
3.04292
0.0219741
0.0219243
0.0222872
0.038902
0.022273
1.84495
5.14873
0.0426526
2.26881
0.0226223
2.63679
1.46312
1.29039
0.0220278
0.291179
0.0259354
0.09091
0.0310979
0.198828
0.0393705
5.22324
0.0222481
0.0218607
0.0216404
0.357591
2.94741
0.0219285
4.45755
0.0617896
0.0808264
0.0218756
0.106644
0.0221592
2.54046
1.68625
1.26641
0.123791
4.73964
0.0624141
1.68933
0.104451
0.0220877
0.493713
0.0218297
0.042298
0.0219529
3.90027
0.0220452
0.0258113
4.34395
0.046614
0.0439233
0.0659633
6.64981
7.96274
2.79852
1.26185
0.0388696
0.0219091
0.0220222
0.041731
9.34288
5.26891
0.0311096
0.028314
0.0988665
0.0405336
0.113151
0.282042
0.0997677
0.050694
0.0617485
0.409421
0.0216363
12.3658
0.0217567
0.0222808
0.157605
0.0299408
5.86557
28.3415
0.147169
0.322091
0.507711
0.0218727
1.91095
1.28229
0.0394139
0.0276736
1.29425
0.0396611
0.0457975
1.90281
2.70349
0.0218977
3.50015
5.13022
0.0217004
1.29114
0.0224844
0.0216551
0.0214746
0.0307291
0.512348
1.31666
0.452524
0.0515389
0.0489085
0.0415614
1.84035
)
;

boundaryField
{
    frontback
    {
        type            empty;
    }
    topbottom
    {
        type            fixedValue;
        value           uniform 0.0223;
    }
    outlet
    {
        type            zeroGradient;
    }
    inlet
    {
        type            fixedValue;
        value           uniform 0.0223;
    }
    walls
    {
        blending        binomial2;
        n               2;
        beta1           0.075;
        type            omegaWallFunction;
        value           nonuniform List<scalar> 
120
(
13.5773
23.0717
21.7938
25.3934
25.5501
27.5396
25.7029
24.6098
27.3403
16.7192
30.9188
24.3571
19.6856
22.208
24.4308
17.3529
13.7076
21.6485
11.2368
28.7037
25.7591
13.445
29.9726
22.9251
24.5402
12.2201
28.3126
7.30678
22.1402
8.24984
8.89258
8.47772
7.6507
6.61645
27.9081
28.7108
13.0935
20.2662
26.423
25.7257
25.1753
13.0839
22.1291
23.916
17.4192
27.0989
27.5021
20.2789
25.3598
26.3439
26.5785
12.1291
33.0821
27.9203
23.2932
25.004
16.7165
12.2987
24.849
6.24132
7.11681
26.8548
16.6618
22.7437
28.5904
8.20335
7.91776
8.27575
30.0199
23.4338
27.9073
20.8734
31.9275
24.8428
17.6788
17.3175
27.3952
17.4371
25.2014
7.33819
8.95554
18.9882
7.16447
26.7652
31.3497
22.1219
8.06936
32.8501
8.53141
18.5864
34.4682
7.00977
12.2742
8.62111
9.35803
9.85418
25.0551
25.6144
24.1003
24.1783
26.2643
13.3796
18.222
25.9915
20.932
27.3682
33.8066
26.7005
11.8333
34.6886
11.6752
19.6688
39.5698
31.7252
37.5489
19.8414
23.9956
40.6474
39.9429
13.1399
)
;
    }
    procBoundary0to1
    {
        type            processor;
        value           nonuniform List<scalar> 
80
(
2.00319
0.034441
0.022044
1.96472
0.022136
0.0257211
2.46014
0.0240834
0.0240834
0.0247442
0.0216181
0.0249514
0.032876
0.0309231
0.0472959
0.0214004
2.8459
2.14528
3.24756
0.0235308
0.0309231
0.0219837
0.0214168
0.0295549
0.0423285
0.021878
0.0215337
0.0215709
0.798754
2.39696
0.0235308
0.0213939
2.3448
0.0214684
0.0222878
0.0215064
0.0214346
0.0214346
0.0217907
0.0279867
0.0214584
0.0213947
0.0423285
0.0214466
0.0750953
0.0750953
0.038017
0.798754
0.0214299
0.0213905
0.0216601
0.0217195
0.0214466
0.0950594
0.152808
0.0231387
2.78802
0.038017
0.0214858
0.152808
0.0615251
0.0267985
0.0548864
0.104575
0.0213882
0.0214253
0.0214168
0.02382
0.0226434
0.104575
0.0214253
3.47886
0.0950594
3.00186
3.37803
0.0491346
2.18143
2.39696
0.0224573
0.022866
)
;
    }
    procBoundary0to2
    {
        type            processor;
        value           nonuniform List<scalar> 
165
(
9.8457
14.568
20.2043
0.159641
0.0220293
6.22908
3.51827
8.23163
14.5839
12.6026
14.568
0.0281631
0.0294921
0.021972
0.0219956
20.2043
0.0219784
4.52183
1.69999
0.026107
0.022987
0.0227865
0.126378
1.91262
9.12304
0.0227865
0.119018
8.39925
2.69526
0.0232004
5.64047
0.02208
2.16258
2.38384
2.16258
0.0220022
9.9094
0.0219448
0.0739631
0.0739631
8.72919
8.75734
2.20092
0.0221114
0.719065
0.385787
0.021941
1.55623
0.0462614
1.54092
0.719065
0.022089
1.43781
0.0253313
3.02888
3.0075
3.0934
0.0246647
0.0242726
0.0221211
7.37754
0.385787
1.54335
0.0219815
0.0220498
0.0220586
5.74065
7.56301
0.0219562
0.057283
0.0223547
0.0238203
0.021933
0.021949
3.11826
0.0222937
0.0428291
0.0219619
0.0221445
0.0226064
0.0219619
0.0222702
0.0515991
0.0642529
0.0219562
0.0278289
0.265807
7.72169
0.0219274
0.0219322
2.35626
0.0220037
1.54335
0.0224803
0.0318313
0.0221786
0.0265632
0.0904608
0.0515991
0.0219351
0.0331593
0.022214
1.4428
3.21456
0.0220785
0.0397708
0.02204
1.97422
3.43549
3.29511
0.0222661
0.022155
0.0219264
2.85652
9.69878
8.80194
8.25389
3.18998
1.69693
0.0235136
9.50185
0.0370955
0.0397708
3.26947
0.0219253
8.72657
9.48071
8.93864
0.0221873
0.0351176
0.0219256
1.73328
0.0222524
8.41861
0.0294921
8.98935
0.215777
0.0904608
0.0221311
0.0220208
1.41907
0.0221895
2.47319
9.24621
11.3472
6.20765
2.5414
10.0712
9.25218
6.61706
8.35063
16.4899
9.06092
6.18674
1.37372
13.767
2.1861
0.0305691
8.9033
28.7899
0.0222255
1.36546
1.3369
13.209
10.1799
)
;
    }
}


// ************************************************************************* //
