/*--------------------------------*- C++ -*----------------------------------*\
| =========                 |                                                 |
| \\      /  F ield         | OpenFOAM: The Open Source CFD Toolbox           |
|  \\    /   O peration     | Version:  v2012                                 |
|   \\  /    A nd           | Website:  www.openfoam.com                      |
|    \\/     M anipulation  |                                                 |
\*---------------------------------------------------------------------------*/
FoamFile
{
    version     2.0;
    format      ascii;
    class       volScalarField::Internal;
    location    "450";
    object      V0;
}
// * * * * * * * * * * * * * * * * * * * * * * * * * * * * * * * * * * * * * //

dimensions      [0 3 0 0 0 0 0];


value           nonuniform List<scalar> 
9793
(
0.0430591
0.212595
0.0467189
0.133448
0.046056
0.104416
0.168503
0.160567
0.0695485
0.0457585
0.0326788
0.067548
0.166558
0.157229
0.182637
0.167646
0.171453
0.180558
0.0595902
0.161571
0.0738375
0.0567758
0.129786
0.210928
0.121467
0.170857
0.167585
0.170599
0.0324221
0.0753066
0.0757334
0.159627
0.153496
0.171555
0.0425957
0.0749932
0.153787
0.0588708
0.147362
0.181934
0.0934516
0.185474
0.154696
0.174613
0.191015
0.141219
0.037181
0.156089
0.0922829
0.123473
0.0412342
0.0301606
0.0850422
0.0802998
0.0352492
0.0789372
0.0872478
0.0239066
0.0897303
0.126386
0.166409
0.0819759
0.0828678
0.17076
0.038494
0.159609
0.108703
0.0916121
0.0642483
0.0336651
0.0413906
0.177522
0.122276
0.177809
0.0416429
0.096956
0.106612
0.172175
0.131259
0.178368
0.124789
0.142587
0.157922
0.174641
0.0981725
0.153651
0.182133
0.0963049
0.0897911
0.148405
0.191555
0.0386327
0.13291
0.161792
0.078864
0.174124
0.0753736
0.166605
0.127683
0.140993
0.156298
0.143302
0.136797
0.137629
0.178914
0.100933
0.0750753
0.162977
0.0920848
0.154977
0.157942
0.0777751
0.10432
0.0818962
0.029228
0.1025
0.13446
0.0396738
0.139569
0.163988
0.134711
0.138902
0.105117
0.0907319
0.0666308
0.0737671
0.0235731
0.152249
0.131562
0.11104
0.182521
0.0910719
0.0941594
0.135116
0.0684532
0.0947539
0.16754
0.170714
0.126201
0.165432
0.0970109
0.121147
0.155082
0.139014
0.163728
0.154628
0.1755
0.159993
0.152137
0.0349318
0.043755
0.193163
0.0426827
0.0465839
0.14931
0.117655
0.174327
0.116647
0.173126
0.13215
0.134689
0.152831
0.164127
0.064377
0.19511
0.0871591
0.148573
0.0496439
0.16662
0.145577
0.135323
0.112983
0.192429
0.105642
0.0665465
0.0529413
0.0925796
0.172253
0.105275
0.0357485
0.021383
0.0457777
0.163406
0.114176
0.0987025
0.136231
0.0262889
0.101373
0.102026
0.159468
0.0690998
0.113782
0.0947754
0.0757616
0.0868039
0.0404807
0.0554476
0.131825
0.0489118
0.137277
0.0598308
0.0651992
0.0749185
0.101876
0.0827402
0.166262
0.0870328
0.150468
0.0977924
0.0539737
0.038454
0.100054
0.0914025
0.0705751
0.049843
0.178535
0.130996
0.0972741
0.150859
0.0809674
0.041703
0.104689
0.0600815
0.140053
0.152664
0.0587122
0.107478
0.146165
0.0370262
0.0266963
0.205889
0.193979
0.0413486
0.143125
0.0252851
0.0771684
0.109297
0.126603
0.0772042
0.155789
0.0973123
0.149628
0.124735
0.14538
0.123843
0.134543
0.171151
0.12262
0.141761
0.140098
0.0594628
0.0427042
0.0323899
0.0245811
0.118836
0.0663948
0.13028
0.0389738
0.105183
0.162543
0.119416
0.121366
0.0312798
0.147494
0.0476808
0.136187
0.166034
0.036301
0.0603213
0.101499
0.12955
0.158186
0.0554731
0.095076
0.156008
0.156113
0.0879384
0.0789049
0.136637
0.0255889
0.12473
0.159164
0.161857
0.172753
0.0177165
0.0781692
0.0633875
0.0457485
0.172865
0.0827382
0.10541
0.115996
0.0919783
0.157106
0.160329
0.132032
0.0594783
0.04308
0.142892
0.062133
0.132832
0.10833
0.125412
0.156035
0.160467
0.121791
0.0503592
0.0438206
0.1092
0.0939414
0.148842
0.124508
0.0453502
0.070142
0.0690564
0.136189
0.152384
0.123563
0.0533465
0.0475949
0.121563
0.166144
0.0547812
0.177369
0.167026
0.0162779
0.0599677
0.0874332
0.0358317
0.152399
0.0396295
0.0430533
0.136674
0.0969378
0.0218511
0.152373
0.131714
0.0650592
0.15286
0.145758
0.0467215
0.101168
0.119332
0.0635578
0.149562
0.158105
0.166151
0.0604456
0.182196
0.0483613
0.062868
0.0677616
0.0768825
0.13827
0.108318
0.0764279
0.0727798
0.178119
0.028927
0.0373603
0.023713
0.0279477
0.0734023
0.12541
0.0534751
0.136318
0.124825
0.13494
0.136633
0.130912
0.0989315
0.0522486
0.0693031
0.0234651
0.0569739
0.0998968
0.119919
0.131864
0.0338395
0.179878
0.0597924
0.0744564
0.103883
0.139554
0.059662
0.173228
0.147049
0.160625
0.0757498
0.0649596
0.0948861
0.0540127
0.0259805
0.12943
0.0541111
0.0258839
0.154326
0.178589
0.0540089
0.037932
0.127109
0.146061
0.0462056
0.0539091
0.158938
0.0743753
0.111838
0.0647459
0.160522
0.0399405
0.0864273
0.0304233
0.0801366
0.140854
0.109475
0.111042
0.0569271
0.114766
0.149234
0.0769123
0.148554
0.0545513
0.120774
0.0572291
0.028535
0.0753999
0.104
0.0581105
0.163227
0.0351191
0.158903
0.0712432
0.163325
0.119928
0.159836
0.111702
0.137288
0.104513
0.131206
0.137666
0.167354
0.0519477
0.0965051
0.133675
0.039721
0.160404
0.101509
0.0581162
0.0670281
0.0584145
0.0347619
0.0993271
0.102132
0.104038
0.0663962
0.0405879
0.038839
0.161721
0.127363
0.134758
0.108279
0.0239687
0.108737
0.137226
0.102013
0.152132
0.162938
0.0801412
0.0337327
0.0972713
0.142683
0.0548352
0.174429
0.176359
0.172323
0.134229
0.0667763
0.128383
0.105047
0.161231
0.153544
0.0929142
0.10854
0.16017
0.102144
0.123217
0.0960829
0.0588021
0.0703922
0.104863
0.172128
0.152396
0.0581419
0.0947644
0.0607858
0.154458
0.140415
0.125844
0.113283
0.116389
0.157893
0.0292385
0.139741
0.0959831
0.0464378
0.128747
0.0974764
0.143053
0.0742368
0.104323
0.0658836
0.154463
0.121013
0.0301606
0.101925
0.0298969
0.131391
0.0484988
0.133269
0.0247576
0.0972018
0.140874
0.105234
0.0214023
0.100855
0.142135
0.115873
0.114032
0.135356
0.0230957
0.0442947
0.092822
0.104018
0.117099
0.0755338
0.151342
0.11864
0.0728664
0.0230233
0.153324
0.0980399
0.036508
0.096797
0.144965
0.0688407
0.165899
0.0231469
0.102401
0.0866725
0.0186712
0.122572
0.0847458
0.0439486
0.0967842
0.131397
0.122783
0.137549
0.162407
0.101056
0.0910501
0.136676
0.0400799
0.024232
0.065359
0.0409004
0.144088
0.0260395
0.0936612
0.13865
0.066371
0.099502
0.159382
0.141373
0.13988
0.0441038
0.122726
0.0174163
0.150619
0.165506
0.0384548
0.0476334
0.0325488
0.0921317
0.105012
0.0941222
0.0962698
0.0509171
0.0843602
0.129092
0.0534367
0.111712
0.137681
0.0449418
0.0463815
0.0980837
0.0746327
0.0975442
0.0412191
0.0435942
0.0445293
0.147423
0.135598
0.0652349
0.0443478
0.0735511
0.0468482
0.106981
0.0819721
0.0538456
0.0337856
0.129689
0.103457
0.136084
0.122947
0.124899
0.118703
0.114973
0.163372
0.118255
0.12179
0.12517
0.06979
0.154497
0.0407814
0.142043
0.0704742
0.0705503
0.0328451
0.0253775
0.146769
0.119898
0.100273
0.14262
0.158722
0.130394
0.157613
0.123912
0.0644893
0.152637
0.036507
0.160155
0.165244
0.0770055
0.0980647
0.115629
0.15648
0.0266421
0.135892
0.0830588
0.0159584
0.0918444
0.157325
0.168745
0.0166609
0.130611
0.0233561
0.0374472
0.131169
0.134159
0.0889429
0.0706751
0.133582
0.110215
0.159465
0.162713
0.0983834
0.0348965
0.100248
0.0206339
0.0804123
0.0942269
0.0771128
0.134328
0.10515
0.124335
0.0302769
0.120953
0.0429272
0.0658672
0.0170161
0.0674413
0.11975
0.112977
0.0253458
0.119974
0.0913287
0.0229926
0.0197212
0.119295
0.147841
0.0895212
0.13307
0.150985
0.122291
0.142939
0.136587
0.0621724
0.106903
0.118044
0.131146
0.153615
0.121622
0.157659
0.0744723
0.156712
0.12553
0.0377011
0.148359
0.0303642
0.0721683
0.0313637
0.101468
0.0621336
0.0979755
0.0738475
0.0194926
0.16051
0.127469
0.13933
0.0962699
0.0559421
0.129356
0.140736
0.126785
0.117007
0.147068
0.119711
0.0258963
0.111518
0.0380551
0.0300137
0.0653367
0.0650871
0.155695
0.132155
0.160104
0.130973
0.063433
0.125176
0.0844615
0.144816
0.157465
0.124142
0.117166
0.0883446
0.0974874
0.0898997
0.160456
0.10327
0.100534
0.0369144
0.146643
0.140937
0.135989
0.100516
0.122427
0.0928885
0.0248453
0.123546
0.143949
0.140772
0.124192
0.073157
0.0386887
0.0440094
0.0368144
0.14113
0.0209047
0.134263
0.136649
0.101543
0.0921327
0.114791
0.0495792
0.140738
0.0639734
0.132339
0.114011
0.152691
0.155111
0.128006
0.0853809
0.0884681
0.039784
0.114588
0.0575868
0.0423074
0.0155492
0.136583
0.0196912
0.129081
0.0251077
0.114071
0.146035
0.125987
0.143831
0.0356089
0.128627
0.0581806
0.165247
0.141701
0.15611
0.0414674
0.150959
0.0422913
0.122945
0.122655
0.149686
0.140452
0.0733493
0.130882
0.150326
0.123627
0.100111
0.140985
0.0680245
0.0787978
0.0921251
0.145546
0.147301
0.147405
0.11129
0.0260474
0.101467
0.0970024
0.0392414
0.147176
0.164242
0.132329
0.14499
0.0414751
0.0337103
0.0576463
0.152897
0.08943
0.120288
0.165409
0.0585781
0.0634836
0.152205
0.0529871
0.1693
0.0659623
0.113155
0.0935196
0.0242175
0.133233
0.156893
0.0409265
0.150886
0.0284255
0.0852594
0.131261
0.139601
0.155524
0.133919
0.06128
0.0250463
0.162124
0.151635
0.129636
0.160008
0.129054
0.151298
0.0617933
0.148542
0.148628
0.140265
0.107705
0.0320623
0.0704016
0.13364
0.0190461
0.145547
0.0932306
0.0763737
0.134904
0.0743664
0.133256
0.107415
0.0229658
0.131588
0.124821
0.153313
0.0536133
0.0685809
0.0234094
0.127554
0.128644
0.0266605
0.153905
0.160302
0.0327557
0.128948
0.0360285
0.144043
0.151445
0.147173
0.0544962
0.1517
0.170332
0.158504
0.151593
0.128856
0.0552966
0.0314718
0.132956
0.0342089
0.11687
0.0872684
0.0635916
0.0839485
0.0415156
0.0353453
0.115591
0.122482
0.0811923
0.0300417
0.0224934
0.118164
0.128866
0.147233
0.153243
0.0248021
0.0348706
0.0458166
0.144828
0.0334306
0.118423
0.125601
0.116993
0.14788
0.0752184
0.150295
0.12275
0.0247509
0.0754964
0.0268501
0.119342
0.0244654
0.0631525
0.0414062
0.140178
0.0978192
0.147658
0.156627
0.0723262
0.0469858
0.12854
0.174801
0.100956
0.136454
0.0336166
0.118149
0.1499
0.132727
0.068513
0.13679
0.105383
0.146572
0.0217638
0.136072
0.0690244
0.12681
0.146704
0.0744501
0.156153
0.0191685
0.106439
0.0394067
0.0542166
0.151706
0.144141
0.0210383
0.128712
0.142127
0.111214
0.0234764
0.103086
0.116106
0.100195
0.153381
0.0654434
0.0828693
0.0313424
0.0479501
0.0968123
0.09035
0.105257
0.0632375
0.177501
0.0648077
0.100182
0.0711657
0.145071
0.139848
0.062918
0.158763
0.0637832
0.124452
0.0763742
0.146543
0.0855113
0.0970062
0.144424
0.0959878
0.144246
0.101315
0.126295
0.079855
0.0763039
0.149555
0.134525
0.136714
0.0433819
0.0906458
0.151237
0.0280512
0.108684
0.0238158
0.0740967
0.130108
0.0967322
0.120229
0.104293
0.0883
0.129499
0.0962013
0.144944
0.0272404
0.0709335
0.141029
0.117835
0.123596
0.103776
0.0598417
0.0861091
0.144202
0.0746302
0.129836
0.0653399
0.019724
0.0684588
0.0747611
0.134673
0.09496
0.0478469
0.0958538
0.13721
0.127147
0.133738
0.126092
0.064665
0.14365
0.0240912
0.133496
0.105961
0.148278
0.0238895
0.0763019
0.109195
0.0220829
0.0685802
0.141999
0.0802247
0.144391
0.0230792
0.0996483
0.15858
0.0211226
0.0430975
0.178351
0.115043
0.0331975
0.0889153
0.0611446
0.135898
0.0670944
0.0624821
0.149343
0.107701
0.0636686
0.13278
0.148029
0.158494
0.0734766
0.156611
0.158046
0.0228402
0.115927
0.0772043
0.0527537
0.155921
0.0613941
0.0977257
0.149652
0.0430791
0.115507
0.0991843
0.0998269
0.157653
0.0731728
0.135808
0.0973861
0.0592721
0.129812
0.119838
0.0626728
0.103343
0.0819843
0.150708
0.168165
0.0355096
0.0924504
0.157666
0.101459
0.157442
0.034099
0.123986
0.0605986
0.139417
0.151033
0.109522
0.138675
0.0261514
0.0936211
0.140263
0.145249
0.123188
0.144792
0.112709
0.128891
0.131166
0.0455065
0.118892
0.102442
0.0972809
0.163388
0.148524
0.142234
0.0597493
0.147484
0.0623649
0.0810209
0.106435
0.0672015
0.0273708
0.141469
0.145351
0.0217128
0.113256
0.0201438
0.0162692
0.148909
0.146379
0.157685
0.0401496
0.0407371
0.130639
0.144822
0.157674
0.0246003
0.0408331
0.157402
0.0973521
0.0738453
0.116054
0.0322029
0.0344947
0.0154558
0.0243495
0.147137
0.0406667
0.0228545
0.136318
0.0303038
0.135464
0.144623
0.10006
0.146381
0.121935
0.0279253
0.0203405
0.0242097
0.0256318
0.157002
0.123159
0.0257801
0.117575
0.131526
0.0619581
0.0678884
0.0336858
0.149961
0.14416
0.147599
0.0686502
0.105963
0.174027
0.125325
0.0668663
0.126139
0.0213882
0.0659501
0.0693612
0.0201261
0.0542776
0.102586
0.0696992
0.156849
0.0165078
0.0152502
0.0999994
0.149692
0.0983842
0.0182488
0.145712
0.038223
0.0510297
0.149928
0.150266
0.116441
0.030333
0.0323808
0.109712
0.019468
0.0936327
0.138701
0.141509
0.153694
0.0803533
0.0952015
0.0657979
0.0286429
0.128976
0.154414
0.146018
0.134919
0.026887
0.0657601
0.0241248
0.0984407
0.108305
0.0395945
0.131517
0.148534
0.109638
0.148361
0.114998
0.0300221
0.0610414
0.153426
0.144426
0.130682
0.129664
0.149637
0.0479825
0.119337
0.0988063
0.118523
0.0191187
0.129598
0.0195788
0.100771
0.0708536
0.0519642
0.11267
0.0343529
0.0670632
0.018772
0.027441
0.130976
0.0389915
0.0446359
0.153409
0.0225092
0.0298323
0.0208929
0.0530516
0.148633
0.0400757
0.103751
0.0246227
0.0934713
0.021996
0.0252984
0.155177
0.0189813
0.0887367
0.058421
0.0362423
0.0505603
0.0215911
0.127969
0.0534462
0.113993
0.135858
0.0701703
0.0884044
0.16983
0.0429793
0.0507556
0.0972147
0.11412
0.128427
0.0313789
0.0853465
0.122122
0.0773506
0.0665544
0.0251219
0.0985425
0.143442
0.0510028
0.0294533
0.0358178
0.0773125
0.146063
0.0543842
0.147021
0.149946
0.146581
0.164098
0.140876
0.0948217
0.0538515
0.0420447
0.119088
0.144887
0.156162
0.0358789
0.150434
0.0485523
0.115678
0.0183935
0.125798
0.149405
0.103348
0.0207695
0.0246852
0.150898
0.173259
0.050625
0.0422622
0.145317
0.0963391
0.138757
0.0525957
0.117796
0.0736769
0.0570226
0.050899
0.10674
0.0190858
0.148312
0.148639
0.137145
0.046148
0.0344449
0.10468
0.149638
0.11744
0.0159297
0.0335373
0.070965
0.0685605
0.0355966
0.140203
0.100544
0.0551682
0.0730834
0.0941761
0.0665366
0.154273
0.153608
0.0227158
0.0242049
0.170162
0.0352202
0.150497
0.0354185
0.0383295
0.111663
0.103817
0.0717659
0.116851
0.0747825
0.0785928
0.0366144
0.0283405
0.063414
0.154699
0.101162
0.153812
0.0674676
0.0531136
0.0476737
0.0226664
0.101742
0.0616417
0.127152
0.0236258
0.0786274
0.0235658
0.0819498
0.0735976
0.156479
0.0250953
0.0413015
0.151002
0.0265203
0.0653732
0.0736915
0.131654
0.0959603
0.148409
0.171054
0.0345682
0.10696
0.0586845
0.0519444
0.0368551
0.0403267
0.0246668
0.0880934
0.0351735
0.126519
0.143035
0.148237
0.0989037
0.169583
0.0265402
0.136596
0.104223
0.0745541
0.124308
0.0542954
0.14831
0.0489825
0.122753
0.119588
0.0470541
0.0738272
0.15946
0.0551498
0.0507445
0.0219838
0.0633263
0.124364
0.0670182
0.0219076
0.114968
0.0233762
0.0264623
0.0762006
0.0961397
0.136292
0.0800124
0.0322471
0.149615
0.111236
0.0748041
0.0241817
0.0797814
0.0632222
0.0476082
0.0284449
0.0386594
0.0432085
0.0498115
0.0351981
0.12823
0.072995
0.145646
0.0297376
0.0179204
0.0412422
0.0367476
0.0599617
0.0610606
0.103199
0.137664
0.100311
0.0527683
0.0779265
0.0494037
0.145029
0.0365947
0.0695228
0.100481
0.106409
0.154185
0.0538103
0.124199
0.0537381
0.0480742
0.0902942
0.0755075
0.0211184
0.12921
0.0942006
0.0596324
0.102017
0.0365378
0.0773008
0.111382
0.0763612
0.147442
0.0669136
0.0381321
0.0743606
0.0550992
0.0762031
0.081696
0.0744215
0.0553708
0.0313423
0.0550151
0.123432
0.144506
0.0733723
0.0212633
0.0714206
0.0485852
0.147207
0.0818152
0.0671739
0.0456536
0.0796394
0.100849
0.06183
0.077789
0.149214
0.135191
0.131012
0.135327
0.0457179
0.134901
0.0710698
0.0785536
0.0989177
0.150856
0.151269
0.028431
0.0669055
0.150238
0.0700497
0.117353
0.0993908
0.0170766
0.126841
0.148235
0.118518
0.164624
0.0562843
0.128464
0.0671822
0.151779
0.119323
0.130544
0.150569
0.0557396
0.0921124
0.0620082
0.151514
0.0627883
0.0245694
0.0936505
0.116919
0.112881
0.0812142
0.0959942
0.117526
0.100156
0.0684746
0.0742062
0.165544
0.0345987
0.0858194
0.0957754
0.0161288
0.0247244
0.0953495
0.0908383
0.116388
0.0528933
0.0970788
0.127583
0.0632428
0.147308
0.126132
0.103224
0.105316
0.0922708
0.105865
0.0817049
0.019087
0.0233011
0.0976342
0.0980711
0.14622
0.144168
0.154647
0.0518599
0.1358
0.126049
0.0569282
0.101472
0.099636
0.0573679
0.0780361
0.166359
0.0467665
0.149794
0.0881084
0.101843
0.0868367
0.0934497
0.130649
0.155383
0.110016
0.0480347
0.146636
0.131563
0.151106
0.154803
0.126276
0.0506466
0.0910033
0.149219
0.0457622
0.0405294
0.0500186
0.15106
0.110107
0.0523889
0.0816684
0.102586
0.0968321
0.0507735
0.102275
0.10377
0.154283
0.0256191
0.140285
0.0409881
0.0613556
0.072428
0.158521
0.148619
0.144002
0.095241
0.0626047
0.100752
0.0540474
0.0254184
0.0736604
0.141765
0.123586
0.03983
0.0531786
0.118003
0.0228224
0.075854
0.123546
0.152532
0.0633486
0.0920661
0.132645
0.122699
0.0705619
0.112615
0.081642
0.0349473
0.118231
0.0479927
0.021806
0.0928443
0.0705475
0.106223
0.164686
0.108857
0.0598646
0.1422
0.0975405
0.0881915
0.0828912
0.0356973
0.0736271
0.134434
0.0502935
0.136512
0.10988
0.108344
0.0952107
0.146821
0.119244
0.0910353
0.107856
0.0996017
0.0605833
0.0697988
0.122352
0.133889
0.0959597
0.147269
0.153308
0.110033
0.127676
0.129718
0.0940313
0.0827744
0.0955549
0.147001
0.122884
0.0684483
0.143804
0.0872926
0.150098
0.108056
0.154252
0.066401
0.0739066
0.0618295
0.0522786
0.144943
0.0514011
0.0860594
0.127289
0.113191
0.14802
0.0556031
0.040599
0.068033
0.0622548
0.1178
0.107161
0.0241199
0.0841863
0.152278
0.146502
0.0536124
0.0451203
0.096564
0.1177
0.155963
0.158408
0.150795
0.141818
0.136404
0.154835
0.102573
0.112721
0.0983616
0.112458
0.0179688
0.165666
0.150917
0.0277153
0.0987247
0.146884
0.115814
0.162578
0.103656
0.0237043
0.107559
0.0614882
0.0834978
0.0596063
0.0494063
0.15268
0.151724
0.0740455
0.021203
0.149651
0.100175
0.11047
0.106442
0.104957
0.0796443
0.0990726
0.136764
0.0952161
0.0597668
0.0694956
0.123449
0.146506
0.143006
0.0980345
0.0378233
0.151954
0.0769599
0.0853476
0.0243847
0.0977107
0.154085
0.124105
0.121884
0.104505
0.0811971
0.142504
0.0865274
0.150006
0.0971369
0.101678
0.0203885
0.111769
0.103656
0.117236
0.0418162
0.126154
0.109694
0.146937
0.0695032
0.0560883
0.0663667
0.172385
0.0605525
0.0364
0.0997784
0.153165
0.0975673
0.149451
0.143447
0.0790206
0.0825097
0.0280892
0.106731
0.11999
0.125106
0.0919833
0.0931625
0.116935
0.0723254
0.1147
0.0685852
0.0984417
0.118175
0.127336
0.0971294
0.0908188
0.120445
0.125664
0.143253
0.0939871
0.0558379
0.0970564
0.0193319
0.124062
0.118345
0.119385
0.102607
0.114856
0.0973406
0.109776
0.110949
0.148857
0.0964442
0.152088
0.102577
0.0525711
0.100256
0.14864
0.100927
0.141179
0.0395992
0.121952
0.0913738
0.0762772
0.149948
0.0760253
0.0998031
0.0226743
0.111464
0.132272
0.110492
0.0711526
0.110689
0.148881
0.0620459
0.0489202
0.0261028
0.0890353
0.144578
0.0957132
0.153517
0.0245923
0.0957417
0.122307
0.0848614
0.0963534
0.117898
0.129056
0.131083
0.0919971
0.119424
0.0879796
0.0931221
0.0990289
0.11723
0.139175
0.126274
0.148874
0.0562616
0.102776
0.153303
0.0587845
0.0666106
0.096304
0.0681222
0.112561
0.153479
0.148743
0.0623811
0.113344
0.0717846
0.132792
0.147595
0.0907038
0.0688899
0.16698
0.0972743
0.156697
0.0793741
0.0173128
0.146403
0.100753
0.094726
0.0793887
0.0954277
0.0982255
0.119725
0.165741
0.136624
0.0958745
0.105222
0.151485
0.086365
0.153514
0.115367
0.0993475
0.100992
0.139043
0.112748
0.0902652
0.0904575
0.0906007
0.109635
0.0904227
0.0442
0.0917487
0.14854
0.147013
0.107282
0.0900744
0.0498105
0.0216057
0.131912
0.0674622
0.100266
0.0739423
0.144439
0.147232
0.147995
0.0738636
0.149673
0.0920602
0.0797031
0.0968958
0.0611214
0.0953274
0.0995051
0.0738298
0.0662569
0.118915
0.0517649
0.0998771
0.0977044
0.149907
0.0696939
0.0932808
0.0934747
0.113526
0.0640226
0.115387
0.113129
0.110978
0.12733
0.118845
0.0977001
0.0440611
0.126578
0.0969848
0.0677563
0.102949
0.0994943
0.096468
0.108037
0.0645104
0.0901748
0.121359
0.124792
0.0574609
0.0992869
0.0358011
0.114384
0.0930427
0.147433
0.0844366
0.115091
0.100584
0.141844
0.0787078
0.153716
0.0893892
0.10575
0.0941222
0.0966621
0.068692
0.111871
0.153112
0.109434
0.148894
0.115939
0.10316
0.0828203
0.0358427
0.154569
0.127408
0.0968269
0.153363
0.107683
0.0561818
0.0654401
0.112307
0.145095
0.122884
0.123259
0.147922
0.154724
0.115609
0.103503
0.11474
0.0973537
0.128964
0.0830233
0.0971169
0.0974325
0.100591
0.135702
0.14175
0.110595
0.142281
0.101106
0.154067
0.113804
0.157262
0.102035
0.135554
0.116288
0.149348
0.153666
0.0962137
0.10715
0.156581
0.0854814
0.15
0.101041
0.0967538
0.10041
0.111149
0.114413
0.15183
0.146289
0.0965407
0.0636027
0.148458
0.130745
0.113522
0.155602
0.0659585
0.100565
0.0983321
0.0658802
0.117495
0.101751
0.155756
0.0824392
0.0557411
0.140031
0.124299
0.124006
0.11624
0.125485
0.151697
0.114227
0.116533
0.126472
0.0475745
0.172912
0.149766
0.151962
0.104734
0.134569
0.142298
0.069373
0.106937
0.126404
0.150628
0.137535
0.149696
0.126678
0.148723
0.150709
0.148796
0.130552
0.104242
0.0822825
0.129841
0.117743
0.0213055
0.09778
0.153355
0.107111
0.0349695
0.126326
0.111804
0.0809452
0.1375
0.149308
0.128113
0.151906
0.122056
0.122895
0.147558
0.116715
0.150225
0.0632817
0.077212
0.0541801
0.0939205
0.140177
0.081202
0.0447414
0.103349
0.0465415
0.150353
0.14603
0.128741
0.12782
0.126237
0.152967
0.094958
0.148503
0.150472
0.0920074
0.115935
0.112106
0.0996301
0.120752
0.125442
0.0685002
0.0554337
0.121513
0.111043
0.148171
0.0876307
0.0800177
0.129885
0.0214328
0.150361
0.153012
0.0823867
0.0984318
0.151631
0.0641953
0.114227
0.147402
0.108924
0.152548
0.128289
0.154359
0.0795915
0.142583
0.11933
0.131985
0.10603
0.0684554
0.123425
0.0374265
0.134426
0.134179
0.127568
0.0607158
0.0409232
0.145079
0.123222
0.13014
0.122145
0.128728
0.0310715
0.100199
0.118165
0.105808
0.1491
0.131591
0.0552823
0.109356
0.124695
0.135488
0.101125
0.148828
0.0783492
0.147649
0.14256
0.127311
0.104659
0.118956
0.0238711
0.119919
0.133529
0.0915118
0.141477
0.0305376
0.154437
0.116817
0.0888634
0.150391
0.109601
0.132789
0.0685189
0.169352
0.159922
0.0537434
0.135351
0.120564
0.131902
0.101086
0.095485
0.0694658
0.0892498
0.151607
0.126119
0.123229
0.113402
0.0281005
0.142289
0.143445
0.139012
0.0623027
0.115448
0.107721
0.123863
0.110574
0.105368
0.111945
0.13315
0.107171
0.112728
0.130962
0.131319
0.120101
0.110695
0.124703
0.13904
0.108236
0.146612
0.0905424
0.153195
0.109674
0.14604
0.0539388
0.132263
0.114227
0.133717
0.151193
0.113572
0.0325318
0.0211958
0.0982247
0.0420783
0.100812
0.101996
0.110564
0.035826
0.0641058
0.116679
0.0362581
0.148992
0.141748
0.117525
0.110836
0.100726
0.149022
0.145713
0.154093
0.114108
0.112987
0.121172
0.149385
0.147898
0.0421813
0.134843
0.0706306
0.0906173
0.148608
0.101469
0.126334
0.147247
0.105364
0.0578892
0.117696
0.136271
0.100989
0.148466
0.0223289
0.141955
0.120802
0.157973
0.0976277
0.13613
0.137474
0.0380994
0.152884
0.110407
0.0984318
0.127655
0.105609
0.152465
0.103319
0.122744
0.144194
0.146334
0.146977
0.153218
0.0517786
0.0974186
0.14516
0.0970118
0.0971967
0.119265
0.130636
0.0991457
0.135638
0.127497
0.141765
0.131318
0.0691017
0.079463
0.0899205
0.131519
0.110991
0.148752
0.0807157
0.122072
0.111626
0.100437
0.0701574
0.136206
0.150051
0.0670691
0.0776507
0.146238
0.116002
0.13414
0.149236
0.128594
0.0395503
0.134384
0.124805
0.146198
0.140727
0.142962
0.15286
0.129801
0.124996
0.148337
0.128069
0.13621
0.139931
0.06161
0.148608
0.13162
0.153116
0.0476405
0.140691
0.115798
0.103792
0.114342
0.148412
0.132767
0.149136
0.151843
0.126219
0.136608
0.0918723
0.140646
0.132393
0.117042
0.0323576
0.0506264
0.12346
0.102323
0.146438
0.153359
0.135357
0.134516
0.136148
0.147432
0.152735
0.103903
0.152458
0.12137
0.115812
0.103713
0.113693
0.140706
0.0963763
0.129066
0.0692054
0.110863
0.116954
0.136263
0.152592
0.0969333
0.102031
0.128077
0.0564394
0.112288
0.0582561
0.0891349
0.12018
0.106886
0.150029
0.141073
0.161682
0.0979409
0.0356827
0.110152
0.116195
0.137686
0.0488041
0.113602
0.0638284
0.116738
0.116682
0.141115
0.127486
0.115831
0.108889
0.129052
0.129051
0.121596
0.141585
0.121062
0.140218
0.125659
0.118824
0.101806
0.136037
0.0343363
0.0308853
0.138942
0.132718
0.0368269
0.0936823
0.125056
0.142666
0.124302
0.143194
0.150765
0.115803
0.0997088
0.127992
0.118413
0.105818
0.119133
0.126936
0.072307
0.077157
0.0705699
0.115965
0.0943543
0.109243
0.139597
0.147982
0.0911443
0.140599
0.0387237
0.0582067
0.118029
0.152493
0.12743
0.123321
0.131513
0.126047
0.140922
0.118098
0.118341
0.132677
0.117215
0.101637
0.153217
0.140285
0.118229
0.121369
0.0877737
0.109547
0.152076
0.131462
0.0988026
0.103165
0.125143
0.119812
0.099681
0.153135
0.116627
0.152851
0.125448
0.122722
0.152709
0.074563
0.117239
0.0838336
0.154054
0.119116
0.146485
0.135244
0.0396135
0.101495
0.140102
0.146149
0.148018
0.153153
0.133335
0.135822
0.108189
0.128144
0.0460327
0.0761651
0.167485
0.107098
0.100033
0.123515
0.131909
0.148607
0.132055
0.143069
0.0907149
0.149683
0.116873
0.11557
0.120855
0.149518
0.0413878
0.111158
0.136061
0.148007
0.0823213
0.136131
0.0976398
0.0286607
0.100224
0.142676
0.0453105
0.129915
0.147322
0.14393
0.129923
0.148778
0.0218763
0.123371
0.106932
0.143373
0.101245
0.127248
0.124849
0.126506
0.0982489
0.14243
0.0983877
0.132796
0.152372
0.132432
0.049589
0.139592
0.145581
0.130904
0.106618
0.0489056
0.152682
0.0555831
0.100681
0.12582
0.136711
0.128186
0.0991585
0.154033
0.147961
0.121459
0.134519
0.128933
0.105884
0.0554632
0.139704
0.131634
0.109766
0.105409
0.126981
0.147577
0.124068
0.0682373
0.139654
0.0348093
0.119498
0.108726
0.153931
0.153874
0.126862
0.135706
0.124984
0.152317
0.102947
0.092749
0.120097
0.117986
0.122392
0.149362
0.129354
0.0358081
0.131721
0.0937339
0.144891
0.148785
0.0630112
0.117778
0.154046
0.130723
0.130151
0.0285828
0.142729
0.131902
0.119732
0.143836
0.130441
0.131198
0.0991899
0.145962
0.0533689
0.154095
0.11477
0.133204
0.124106
0.0773443
0.136877
0.124301
0.151867
0.142092
0.126297
0.130606
0.169877
0.0905143
0.125383
0.143214
0.116449
0.142597
0.105584
0.134091
0.120647
0.130272
0.0760922
0.112883
0.0578578
0.143071
0.139723
0.132537
0.13129
0.146426
0.111977
0.1348
0.109124
0.107538
0.123612
0.123068
0.130435
0.137106
0.135762
0.141315
0.125196
0.133627
0.140943
0.101544
0.128682
0.127888
0.139268
0.127787
0.0839614
0.131839
0.130851
0.156519
0.137137
0.056056
0.0392433
0.0697653
0.142297
0.126505
0.123942
0.157758
0.112091
0.147204
0.138433
0.147256
0.155158
0.1412
0.066302
0.134165
0.142175
0.140775
0.149045
0.149054
0.128787
0.128674
0.143394
0.0829652
0.14734
0.034838
0.131166
0.145535
0.0978742
0.141272
0.148242
0.133174
0.152265
0.103236
0.14387
0.125401
0.142723
0.160034
0.112416
0.144379
0.106407
0.151105
0.135533
0.128901
0.148745
0.134954
0.13881
0.132943
0.153236
0.124098
0.119805
0.136693
0.130077
0.130088
0.079789
0.0260715
0.133249
0.144512
0.0771025
0.139022
0.146073
0.134091
0.0364654
0.14577
0.0971819
0.0274851
0.148513
0.118026
0.147489
0.112863
0.141189
0.113897
0.148679
0.116253
0.134583
0.107879
0.132153
0.143209
0.156173
0.132197
0.0842019
0.0828997
0.113595
0.147507
0.136142
0.138084
0.129768
0.133414
0.137807
0.118641
0.129551
0.098865
0.153116
0.151884
0.0256955
0.135314
0.145934
0.125639
0.148893
0.15317
0.130301
0.141712
0.136472
0.146114
0.147145
0.11769
0.152479
0.137057
0.103086
0.152873
0.148686
0.165042
0.0427908
0.080189
0.033645
0.127732
0.13385
0.180231
0.132479
0.147806
0.0980966
0.117396
0.142074
0.152544
0.0990731
0.130297
0.025235
0.132276
0.146159
0.121399
0.152033
0.152781
0.147335
0.145229
0.14749
0.140772
0.111924
0.146114
0.148558
0.134485
0.13155
0.0905484
0.14653
0.136156
0.147075
0.161824
0.0922716
0.141057
0.151584
0.1616
0.152355
0.104691
0.141955
0.133359
0.127004
0.102062
0.0934339
0.129525
0.142846
0.143581
0.0417806
0.0664557
0.145371
0.143845
0.105171
0.126254
0.155507
0.0884887
0.115337
0.148657
0.129199
0.130806
0.132764
0.148884
0.133
0.117413
0.129649
0.147728
0.0909992
0.0615856
0.136248
0.0913874
0.110804
0.128963
0.0278688
0.147437
0.152276
0.146481
0.146122
0.13463
0.148694
0.1548
0.0263998
0.147323
0.146027
0.144754
0.148572
0.146491
0.0979953
0.135195
0.0496641
0.152986
0.149079
0.0988508
0.131748
0.132731
0.128515
0.0717411
0.113925
0.147538
0.148714
0.143914
0.125028
0.135465
0.134472
0.159976
0.119245
0.132217
0.0868417
0.136516
0.136096
0.126657
0.133181
0.132009
0.185829
0.146038
0.142713
0.138343
0.137643
0.144975
0.14715
0.134359
0.129636
0.129995
0.154749
0.090255
0.147298
0.145847
0.144446
0.135887
0.139998
0.147931
0.131485
0.114989
0.146581
0.111071
0.143646
0.125396
0.0555716
0.143265
0.101877
0.152372
0.14695
0.145816
0.133821
0.0990062
0.115218
0.135086
0.130452
0.153778
0.148098
0.144926
0.137286
0.132516
0.131808
0.115702
0.132181
0.137911
0.147588
0.128375
0.147565
0.146535
0.144855
0.148161
0.141181
0.132327
0.151264
0.138793
0.150955
0.136789
0.147116
0.101229
0.0684183
0.0641337
0.148728
0.104396
0.122722
0.134483
0.14832
0.0876367
0.131564
0.146838
0.100389
0.129271
0.102236
0.148715
0.127327
0.14686
0.132636
0.13496
0.146536
0.135646
0.135747
0.137231
0.146873
0.148267
0.127008
0.152915
0.132148
0.14467
0.147349
0.151688
0.145832
0.149395
0.148746
0.054285
0.0764702
0.0402068
0.131664
0.153129
0.124704
0.132422
0.144518
0.129318
0.147733
0.112217
0.13318
0.152178
0.118251
0.151445
0.12187
0.14857
0.148715
0.127984
0.0724881
0.146245
0.124357
0.141519
0.146052
0.167268
0.145338
0.143298
0.137861
0.133865
0.143064
0.146149
0.130687
0.0943132
0.142769
0.16155
0.150774
0.171165
0.155834
0.143073
0.103783
0.12254
0.146074
0.131069
0.143091
0.117356
0.124008
0.160164
0.146977
0.146324
0.138621
0.135345
0.097211
0.148224
0.132328
0.1168
0.142995
0.131718
0.149342
0.148845
0.16612
0.136756
0.143271
0.131377
0.153355
0.134448
0.101949
0.149821
0.147913
0.137361
0.0719751
0.148491
0.144466
0.134494
0.141532
0.132303
0.14887
0.147322
0.102967
0.152473
0.123528
0.150812
0.142555
0.148538
0.146508
0.138511
0.143643
0.151765
0.143618
0.147511
0.148566
0.148439
0.148947
0.147719
0.142386
0.148792
0.143734
0.133183
0.144429
0.132766
0.136604
0.134244
0.147817
0.142033
0.147463
0.115656
0.130981
0.0950127
0.142027
0.146073
0.148929
0.0530231
0.147311
0.149159
0.145654
0.148323
0.115549
0.148544
0.148607
0.148811
0.134393
0.144276
0.135141
0.0791495
0.14527
0.136719
0.149008
0.143054
0.116006
0.14784
0.149293
0.148218
0.14626
0.146797
0.14647
0.153134
0.145794
0.141016
0.134795
0.11436
0.148295
0.130055
0.119762
0.132873
0.150393
0.145709
0.125442
0.0973344
0.112785
0.106183
0.148931
0.140809
0.145548
0.145552
0.147071
0.134662
0.153045
0.127717
0.148148
0.150462
0.147437
0.148608
0.150252
0.152987
0.14738
0.153254
0.153275
0.151687
0.148668
0.148731
0.143463
0.105385
0.147498
0.145373
0.155519
0.157982
0.147707
0.146336
0.152846
0.155549
0.14758
0.143606
0.142583
0.153297
0.144642
0.145877
0.150831
0.148105
0.138278
0.153194
0.132468
0.152958
0.146884
0.143178
0.135911
0.0504915
0.146402
0.143285
0.151978
0.151211
0.144875
0.13439
0.129738
0.131389
0.138385
0.143188
0.149974
0.143229
0.0567229
0.146783
0.135747
0.11723
0.149994
0.153218
0.0660516
0.128829
0.022627
0.148691
0.0950911
0.11421
0.155511
0.145965
0.150391
0.152987
0.141559
0.148148
0.0627666
0.146854
0.149006
0.152528
0.148139
0.110786
0.122615
0.141794
0.141289
0.149137
0.143738
0.151724
0.149044
0.147852
0.0495407
0.149072
0.150626
0.135481
0.137971
0.150844
0.155623
0.132541
0.127013
0.131979
0.149086
0.09677
0.141352
0.0687898
0.152996
0.143484
0.159537
0.134969
0.147895
0.169512
0.14801
0.150044
0.145165
0.15408
0.151534
0.124937
0.153298
0.152271
0.0642698
0.130098
0.13216
0.148771
0.152703
0.119683
0.152152
0.146326
0.152013
0.135276
0.151935
0.13762
0.129613
0.144121
0.164619
0.127969
0.146105
0.150829
0.153012
0.147806
0.148923
0.0953969
0.153639
0.151169
0.144568
0.14965
0.13386
0.147061
0.148621
0.158807
0.144275
0.118202
0.156163
0.138211
0.146375
0.131538
0.103542
0.146826
0.151598
0.147067
0.130996
0.116261
0.128594
0.149216
0.142948
0.109277
0.131417
0.15327
0.133178
0.150938
0.14698
0.147484
0.149834
0.152162
0.105242
0.148411
0.152394
0.136782
0.148393
0.149378
0.155447
0.145834
0.153271
0.14489
0.152488
0.0279855
0.152763
0.0347634
0.106726
0.147189
0.114844
0.0902689
0.0259322
0.150241
0.132742
0.150638
0.148466
0.123697
0.149066
0.137918
0.154153
0.148376
0.131549
0.149704
0.0193744
0.148424
0.15597
0.0516485
0.150699
0.149542
0.152956
0.151913
0.0431029
0.152533
0.143323
0.133705
0.0409573
0.148398
0.149376
0.148153
0.150525
0.152624
0.0983622
0.135102
0.147435
0.148806
0.143949
0.136108
0.0554391
0.145307
0.142998
0.14434
0.106749
0.157686
0.145837
0.15351
0.147704
0.149119
0.148987
0.149657
0.153655
0.14663
0.151796
0.151938
0.140358
0.089646
0.154102
0.151539
0.152524
0.0815368
0.148395
0.148893
0.150318
0.146054
0.102624
0.0936025
0.145788
0.182837
0.132136
0.129667
0.150697
0.150418
0.145483
0.149085
0.153161
0.116332
0.146812
0.0570678
0.147526
0.134951
0.146503
0.15321
0.130691
0.148496
0.177735
0.152089
0.154028
0.117562
0.14965
0.125254
0.147786
0.141459
0.142523
0.152571
0.15239
0.152423
0.146574
0.134333
0.140674
0.145891
0.0859427
0.043198
0.147774
0.136426
0.151325
0.148348
0.152707
0.147418
0.136328
0.144985
0.142794
0.148699
0.0459295
0.151832
0.175263
0.154432
0.13499
0.146052
0.167439
0.069331
0.145595
0.130463
0.13651
0.152185
0.0936259
0.127816
0.151488
0.148226
0.132576
0.147953
0.1525
0.133999
0.11419
0.152517
0.146234
0.149407
0.148451
0.152027
0.145622
0.148253
0.153198
0.152458
0.12064
0.132381
0.148764
0.150569
0.148052
0.147624
0.127236
0.148098
0.153061
0.148206
0.152992
0.137492
0.141156
0.152713
0.137211
0.152104
0.147332
0.0484692
0.0604644
0.136321
0.152534
0.0678719
0.149908
0.149343
0.151018
0.153966
0.136717
0.158592
0.152193
0.152336
0.152906
0.147573
0.147347
0.107452
0.141042
0.152065
0.152262
0.152581
0.147052
0.141933
0.14499
0.152737
0.151244
0.153136
0.0925871
0.14904
0.13654
0.151656
0.0917131
0.149125
0.152738
0.152301
0.152267
0.153208
0.150463
0.149723
0.152706
0.144982
0.152901
0.179336
0.148928
0.144706
0.152793
0.121293
0.153044
0.151916
0.148638
0.146527
0.148691
0.152673
0.152534
0.154843
0.152785
0.152575
0.125866
0.152998
0.145849
0.132339
0.153267
0.14651
0.152581
0.153933
0.131056
0.151612
0.15312
0.15192
0.152417
0.152313
0.0969709
0.151726
0.152236
0.155919
0.151678
0.1439
0.147075
0.0643491
0.149374
0.153048
0.149915
0.150768
0.137246
0.154711
0.146812
0.153547
0.147994
0.146282
0.154506
0.131564
0.172104
0.149365
0.176629
0.110845
0.153308
0.131923
0.146368
0.136163
0.152072
0.128662
0.152371
0.152343
0.138168
0.15313
0.120103
0.152588
0.126854
0.147567
0.136136
0.152039
0.153569
0.147745
0.129969
0.0405684
0.129096
0.148994
0.140929
0.153319
0.183633
0.121481
0.152226
0.134447
0.123757
0.146491
0.148166
0.152352
0.143552
0.137707
0.152105
0.15131
0.149043
0.151094
0.103755
0.154177
0.114783
0.120125
0.152711
0.15261
0.136363
0.152478
0.1483
0.107826
0.131556
0.159709
0.152651
0.0975878
0.152826
0.149987
0.148081
0.117406
0.152994
0.152022
0.125861
0.138281
0.152692
0.151096
0.151189
0.142905
0.152159
0.149329
0.137284
0.114709
0.0945862
0.123012
0.148304
0.132393
0.15201
0.153045
0.152883
0.131767
0.118485
0.152011
0.15127
0.152898
0.148552
0.150948
0.142365
0.112579
0.170542
0.151557
0.0663126
0.152844
0.152798
0.103902
0.134416
0.152899
0.146593
0.140018
0.117685
0.145163
0.145998
0.151761
0.153177
0.152852
0.1191
0.140789
0.148372
0.144431
0.148631
0.147262
0.144877
0.152862
0.126923
0.142217
0.148701
0.137417
0.151558
0.1206
0.125294
0.153262
0.139242
0.153374
0.153393
0.149942
0.135006
0.0488822
0.148192
0.102284
0.153284
0.151218
0.129239
0.0783557
0.152691
0.147427
0.145596
0.153275
0.112787
0.152706
0.152889
0.146967
0.135342
0.137715
0.141576
0.148785
0.14406
0.151883
0.15262
0.151555
0.151914
0.153864
0.134597
0.1525
0.125681
0.152836
0.139281
0.154155
0.153525
0.174987
0.151677
0.148982
0.146448
0.111152
0.150771
0.133784
0.137356
0.152688
0.154384
0.153102
0.148855
0.150096
0.153737
0.117896
0.14181
0.138116
0.153298
0.151222
0.153941
0.147232
0.140729
0.164892
0.150864
0.0239272
0.150232
0.118099
0.152867
0.153358
0.154
0.131382
0.147812
0.154177
0.0771476
0.153206
0.143657
0.148239
0.149114
0.146299
0.0690688
0.15323
0.102925
0.142345
0.149504
0.129914
0.148556
0.154921
0.149631
0.151916
0.154337
0.15759
0.153942
0.119552
0.0783865
0.151275
0.148578
0.129896
0.149025
0.115895
0.15303
0.118092
0.14625
0.135189
0.178661
0.148617
0.14423
0.154388
0.148298
0.0571747
0.148391
0.149099
0.158173
0.139117
0.121158
0.153842
0.146384
0.140071
0.152508
0.150607
0.147547
0.119899
0.138269
0.093928
0.153777
0.152544
0.149611
0.136439
0.154772
0.137795
0.154305
0.135987
0.161977
0.136171
0.153037
0.143171
0.149194
0.154357
0.153896
0.132413
0.153591
0.149142
0.148822
0.153678
0.154218
0.144288
0.153075
0.148296
0.14903
0.152972
0.146153
0.150986
0.149951
0.140926
0.134052
0.145928
0.0345347
0.150555
0.135587
0.0997467
0.127538
0.153838
0.148363
0.143007
0.149994
0.153393
0.150673
0.150871
0.157896
0.124428
0.164474
0.172747
0.0608951
0.14968
0.153329
0.148277
0.150401
0.134185
0.148253
0.151618
0.145025
0.1453
0.141593
0.153776
0.153963
0.151788
0.143477
0.148915
0.145283
0.149111
0.154969
0.144754
0.173875
0.152978
0.184131
0.137478
0.14466
0.151512
0.15128
0.0282395
0.0795184
0.129561
0.140812
0.142748
0.147834
0.152589
0.147972
0.140764
0.146028
0.142925
0.148685
0.135603
0.15384
0.156355
0.154321
0.153322
0.158586
0.146619
0.138154
0.154283
0.1427
0.148477
0.153571
0.150442
0.148076
0.153324
0.129291
0.150823
0.149219
0.144035
0.1461
0.15335
0.152639
0.151285
0.123393
0.149229
0.151778
0.171304
0.184072
0.151776
0.146419
0.149876
0.153422
0.14908
0.172822
0.154477
0.154473
0.18301
0.16123
0.145169
0.169738
0.177892
0.160706
0.153488
0.157836
0.143413
0.15208
0.153684
0.147038
0.147425
0.162831
0.147187
0.167938
0.151951
0.141768
0.172857
0.150249
0.147374
0.154008
0.149497
0.149495
0.158799
0.15228
0.156715
0.149559
0.159979
0.152738
0.149436
0.168253
0.154386
0.15439
0.152678
0.155635
0.159191
0.15029
0.139615
0.150431
0.162434
0.139574
0.149066
0.154337
0.147165
0.148241
0.17191
0.154369
0.143704
0.140679
0.180937
0.15195
0.17275
0.144392
0.154339
0.146847
0.163481
0.154337
0.147567
0.145787
0.142913
0.140365
0.141853
0.153007
0.1451
0.0828517
0.135634
0.143597
0.136526
0.152665
0.153296
0.134539
0.150035
0.147376
0.151616
0.153672
0.153723
0.114652
0.151075
0.0652817
0.153308
0.148156
0.122397
0.131283
0.149877
0.123149
0.1484
0.15836
0.147591
0.149103
0.152737
0.153002
0.148612
0.143813
0.152093
0.154092
0.152678
0.15389
0.15083
0.153229
0.149016
0.152725
0.150322
0.148606
0.0911931
0.169874
0.140836
0.133
0.15302
0.124224
0.151094
0.130311
0.143888
0.117635
0.148078
0.154005
0.14974
0.114344
0.153269
0.135424
0.151768
0.152783
0.0963918
0.143487
0.145168
0.154177
0.135475
0.164132
0.147392
0.153133
0.1541
0.140671
0.147798
0.152906
0.109963
0.120548
0.146918
0.154143
0.153971
0.12803
0.158758
0.14176
0.152525
0.143404
0.149549
0.147362
0.153098
0.158619
0.151293
0.15371
0.151739
0.137221
0.152836
0.074716
0.152526
0.124137
0.153191
0.152351
0.14472
0.149131
0.118727
0.148716
0.145962
0.123827
0.147829
0.153991
0.151802
0.151175
0.145357
0.150885
0.162457
0.143574
0.152881
0.135702
0.148517
0.13228
0.154392
0.135367
0.152531
0.113517
0.120674
0.133361
0.144915
0.143871
0.153914
0.146427
0.131529
0.146979
0.147146
0.151714
0.151273
0.129997
0.136745
0.164343
0.153127
0.15344
0.14975
0.154102
0.153285
0.1523
0.154052
0.150554
0.14573
0.130621
0.127333
0.149299
0.153375
0.133978
0.1533
0.153982
0.0818292
0.152484
0.147111
0.146999
0.15382
0.147626
0.0765924
0.118695
0.153578
0.153549
0.135925
0.150851
0.149566
0.156639
0.147796
0.135221
0.101236
0.146569
0.154011
0.090936
0.136922
0.148289
0.0412901
0.152484
0.131958
0.132283
0.151839
0.148907
0.0403885
0.0836439
0.152725
0.154356
0.151911
0.153604
0.149416
0.147662
0.153249
0.14991
0.152066
0.134203
0.0819224
0.15017
0.1638
0.149175
0.157238
0.146691
0.148261
0.159595
0.148518
0.153239
0.152886
0.117047
0.150003
0.153051
0.149314
0.153442
0.147287
0.13851
0.0941394
0.159217
0.153136
0.15298
0.151347
0.147053
0.151525
0.153379
0.14472
0.14882
0.0848035
0.153974
0.143667
0.152914
0.153376
0.100582
0.154059
0.150904
0.152289
0.153732
0.15341
0.153997
0.144594
0.151889
0.149142
0.0675107
0.153379
0.148
0.153056
0.151951
0.146867
0.142009
0.136561
0.0898998
0.147883
0.147899
0.153013
0.153182
0.153197
0.152689
0.151929
0.136244
0.141916
0.153116
0.0880098
0.149885
0.147602
0.0713029
0.121301
0.140316
0.153532
0.144806
0.149117
0.14837
0.140078
0.153389
0.150287
0.150281
0.120364
0.154541
0.15293
0.150622
0.122094
0.136806
0.14778
0.148426
0.153375
0.148364
0.148725
0.147813
0.150513
0.152658
0.154021
0.150125
0.139764
0.142319
0.149421
0.153207
0.141108
0.14513
0.151205
0.165946
0.14927
0.144945
0.151553
0.149971
0.153293
0.153322
0.14924
0.137514
0.147968
0.174908
0.157862
0.0263309
0.148759
0.108955
0.153624
0.153456
0.152856
0.153403
0.145214
0.153153
0.152229
0.142433
0.153431
0.156422
0.0210381
0.144583
0.155826
0.138202
0.150115
0.146247
0.072586
0.151518
0.153509
0.155489
0.152035
0.130865
0.0611688
0.137641
0.149686
0.15208
0.150826
0.0346524
0.152687
0.137996
0.145465
0.133021
0.152433
0.151937
0.138609
0.150954
0.140006
0.0485128
0.128986
0.152515
0.152558
0.15208
0.104072
0.145578
0.150979
0.150526
0.144675
0.146855
0.145284
0.15596
0.0191347
0.125797
0.14233
0.146689
0.152904
0.146237
0.129349
0.14867
0.148814
0.145834
0.14761
0.150972
0.157975
0.146073
0.153199
0.150834
0.152308
0.14637
0.148185
0.13479
0.169157
0.134926
0.0953741
0.0293136
0.150817
0.127368
0.129832
0.0992528
0.153002
0.152335
0.15345
0.135287
0.153263
0.172557
0.153242
0.150943
0.149203
0.131432
0.143524
0.151148
0.152524
0.159483
0.145888
0.100298
0.0995918
0.0774219
0.151247
0.151692
0.124986
0.161052
0.150918
0.153407
0.153144
0.131071
0.158292
0.127501
0.133722
0.11805
0.0605532
0.152705
0.142208
0.153163
0.159267
0.151157
0.151465
0.14712
0.138333
0.13733
0.148523
0.153119
0.15322
0.15834
0.145645
0.150478
0.144908
0.15135
0.151921
0.152914
0.150588
0.133138
0.131743
0.137508
0.0799522
0.152631
0.131443
0.144647
0.145438
0.137088
0.147956
0.146668
0.153101
0.153172
0.149795
0.149718
0.0849909
0.153148
0.126862
0.147297
0.148363
0.151136
0.151431
0.152795
0.146402
0.153342
0.142962
0.150941
0.101742
0.150705
0.149079
0.120424
0.148658
0.148806
0.151046
0.153339
0.152566
0.14708
0.13107
0.143813
0.152032
0.153272
0.149071
0.150839
0.152907
0.135705
0.157485
0.14741
0.153366
0.132936
0.151936
0.0979797
0.147603
0.151646
0.145673
0.150371
0.151635
0.111872
0.141738
0.153492
0.151565
0.0626252
0.14398
0.15257
0.148937
0.151203
0.151364
0.129252
0.151354
0.136304
0.145196
0.131973
0.148492
0.147286
0.151741
0.147873
0.148502
0.148671
0.149745
0.152451
0.152002
0.138989
0.129748
0.137193
0.15304
0.143722
0.143639
0.148939
0.141301
0.147121
0.15632
0.0978931
0.153377
0.152942
0.150661
0.151397
0.150484
0.121536
0.151146
0.149249
0.146305
0.147898
0.148357
0.150356
0.136613
0.131071
0.150304
0.150564
0.152005
0.1312
0.13451
0.14839
0.0697135
0.144059
0.150757
0.146108
0.144804
0.137389
0.152351
0.151371
0.141397
0.152979
0.0702899
0.148123
0.131628
0.150382
0.145933
0.150162
0.145954
0.148052
0.156903
0.152994
0.127951
0.153083
0.0971286
0.115266
0.152033
0.153649
0.148238
0.147835
0.147897
0.153039
0.095372
0.141048
0.151355
0.146645
0.14868
0.11521
0.150337
0.150624
0.149564
0.153191
0.144635
0.153424
0.131213
0.15354
0.152799
0.162203
0.14904
0.147457
0.144482
0.141936
0.153309
0.149097
0.150748
0.144715
0.149203
0.152243
0.152256
0.148376
0.15244
0.151233
0.153257
0.144723
0.141995
0.14673
0.140765
0.158023
0.150357
0.14985
0.145764
0.152354
0.145526
0.164356
0.151323
0.151933
0.15339
0.142229
0.0213184
0.144878
0.149257
0.131817
0.132603
0.149593
0.150625
0.152047
0.112102
0.137352
0.147923
0.152139
0.149714
0.14996
0.150126
0.145451
0.150055
0.151717
0.152026
0.147659
0.148148
0.150967
0.152449
0.108873
0.150041
0.150363
0.125964
0.149261
0.166593
0.148898
0.152897
0.160532
0.146017
0.0424162
0.136099
0.146249
0.11084
0.145709
0.130419
0.152415
0.171894
0.148257
0.152729
0.153339
0.149484
0.149104
0.146726
0.146517
0.150918
0.149226
0.151093
0.148137
0.149191
0.153755
0.152907
0.145329
0.141046
0.148478
0.148833
0.147494
0.143628
0.105882
0.151728
0.152223
0.148052
0.148552
0.149118
0.148519
0.0742912
0.149666
0.152141
0.141047
0.150814
0.146662
0.148409
0.161501
0.151934
0.151282
0.137169
0.148494
0.152218
0.158526
0.151515
0.15046
0.15331
0.127034
0.140703
0.146703
0.150977
0.146955
0.143071
0.105412
0.152736
0.151924
0.150059
0.146957
0.137275
0.153188
0.166198
0.137417
0.167309
0.147248
0.147594
0.149381
0.119806
0.134931
0.129404
0.14681
0.152111
0.143755
0.0755879
0.12545
0.175521
0.150084
0.149186
0.139103
0.147902
0.122763
0.14689
0.147471
0.149071
0.13913
0.118925
0.150304
0.151801
0.150907
0.146539
0.146574
0.14762
0.154171
0.148067
0.148537
0.148853
0.145069
0.151571
0.151527
0.154553
0.151914
0.156587
0.12959
0.158691
0.152515
0.15231
0.148177
0.149347
0.149588
0.146173
0.148895
0.133001
0.153404
0.120783
0.148568
0.147782
0.150501
0.142931
0.142271
0.148254
0.149395
0.147687
0.139619
0.0645092
0.112626
0.152925
0.15021
0.152476
0.147896
0.149491
0.148326
0.149781
0.148458
0.149129
0.149387
0.13398
0.149539
0.142672
0.143573
0.149294
0.149892
0.150209
0.149906
0.148606
0.145845
0.13174
0.15461
0.152248
0.150953
0.145137
0.129038
0.146179
0.149273
0.149272
0.149342
0.151417
0.114064
0.153456
0.143846
0.131949
0.1264
0.0752852
0.119711
0.131713
0.130925
0.120338
0.138023
0.146745
0.151921
0.144863
0.147595
0.149157
0.15442
0.156054
0.0966104
0.147719
0.151474
0.149472
0.147212
0.147034
0.149421
0.151643
0.134381
0.136337
0.139895
0.148733
0.0407603
0.151405
0.152504
0.122345
0.129881
0.14449
0.0403131
0.142585
0.116762
0.151821
0.145218
0.15132
0.138111
0.154784
0.152901
0.153093
0.172464
0.131991
0.117898
0.142707
0.146871
0.144621
0.159963
0.144258
0.132025
0.146599
0.147908
0.143934
0.146536
0.140991
0.126984
0.153559
0.0567376
0.15679
0.14883
0.146072
0.132794
0.146511
0.0877098
0.132206
0.149379
0.120397
0.119453
0.139513
0.149891
0.101896
0.040258
0.151998
0.131861
0.149498
0.151703
0.150277
0.148846
0.145341
0.151563
0.151165
0.151389
0.143466
0.150044
0.151711
0.151062
0.141797
0.149503
0.131022
0.127016
0.134444
0.148162
0.127085
0.139796
0.150841
0.12583
0.0911101
0.150005
0.126286
0.151381
0.151064
0.137017
0.153511
0.130952
0.148154
0.151913
0.153474
0.146039
0.147635
0.149778
0.115729
0.124993
0.151458
0.14768
0.151068
0.152959
0.13855
0.100765
0.127745
0.102539
0.146367
0.134026
0.149049
0.112985
0.142865
0.149248
0.101647
0.129743
0.064105
0.138037
0.148648
0.155812
0.150966
0.147941
0.149608
0.147632
0.148666
0.138523
0.150506
0.147086
0.135102
0.149836
0.149803
0.149672
0.131985
0.151297
0.148068
0.150069
0.0485637
0.138002
0.124789
0.160097
0.148893
0.151096
0.151519
0.0633687
0.145716
0.145723
0.15101
0.125794
0.137714
0.0823809
0.149665
0.139223
0.151528
0.14943
0.149795
0.143406
0.13064
0.142429
0.146858
0.152438
0.0644127
0.12544
0.151841
0.143259
0.133932
0.149
0.14474
0.141881
0.153528
0.0996255
0.148824
0.136067
0.135494
0.15123
0.148304
0.148811
0.128886
0.144505
0.0354098
0.153014
0.152333
0.152678
0.137525
0.149195
0.150559
0.147751
0.152126
0.147919
0.1483
0.149013
0.152653
0.141619
0.128359
0.152228
0.133298
0.148779
0.150787
0.140589
0.0992803
0.148049
0.0985978
0.156987
0.154305
0.150944
0.0282861
0.141359
0.150227
0.136382
0.137363
0.136704
0.150854
0.150653
0.121313
0.143064
0.145783
0.0745102
0.0923011
0.149821
0.106719
0.145072
0.149625
0.148091
0.152487
0.135907
0.14114
0.14316
0.149383
0.0967009
0.139134
0.144266
0.13471
0.153571
0.140878
0.152718
0.149395
0.109156
0.147563
0.148899
0.0719626
0.135921
0.149391
0.128976
0.136804
0.145317
0.142447
0.136539
0.147136
0.150964
0.124936
0.149534
0.150387
0.134463
0.14163
0.144891
0.140657
0.149276
0.141465
0.147987
0.150895
0.143571
0.144219
0.149491
0.142967
0.17045
0.133704
0.144497
0.14008
0.148421
0.138123
0.132705
0.147747
0.15071
0.142851
0.133797
0.149395
0.127237
0.150284
0.149159
0.150796
0.150241
0.118801
0.148663
0.149936
0.151913
0.152588
0.150571
0.148066
0.091529
0.150617
0.0984013
0.143705
0.1467
0.149842
0.151919
0.148102
0.134605
0.15112
0.148143
0.1545
0.149979
0.120407
0.138995
0.15009
0.130514
0.0655252
0.117879
0.127622
0.114962
0.106144
0.14863
0.14098
0.109516
0.0643255
0.138675
0.118082
0.149696
0.151705
0.149385
0.148879
0.151637
0.143028
0.150772
0.119426
0.110464
0.148236
0.151537
0.147352
0.148454
0.149451
0.150926
0.153446
0.149849
0.135525
0.148998
0.149354
0.152956
0.0621574
0.138379
0.146916
0.138111
0.138907
0.152096
0.143283
0.137604
0.149045
0.148436
0.146633
0.106808
0.150807
0.142541
0.149878
0.146488
0.148509
0.150953
0.124641
0.144759
0.137791
0.118637
0.147028
0.142431
0.147017
0.152149
0.150734
0.146213
0.120557
0.104477
0.148912
0.142124
0.148103
0.148568
0.148392
0.143008
0.137353
0.145803
0.146293
0.139412
0.139948
0.144881
0.148253
0.148688
0.153439
0.117894
0.138223
0.148552
0.150152
0.148444
0.136725
0.134586
0.14764
0.140992
0.148432
0.140008
0.128985
0.153869
0.135658
0.150321
0.104236
0.147085
0.129877
0.150784
0.114464
0.15066
0.111983
0.147896
0.118322
0.133111
0.145984
0.134258
0.147453
0.144333
0.0639634
0.1442
0.148889
0.145269
0.153729
0.148166
0.145378
0.144841
0.153734
0.141196
0.14985
0.151834
0.101078
0.130548
0.132357
0.145733
0.142488
0.149328
0.150387
0.150964
0.133932
0.123904
0.104762
0.1471
0.148856
0.149978
0.143337
0.130013
0.139801
0.148177
0.129787
0.151014
0.149067
0.145643
0.151606
0.14949
0.153165
0.141178
0.151452
0.148408
0.147032
0.148559
0.142235
0.12725
0.148915
0.147867
0.151511
0.11881
0.143632
0.141134
0.143044
0.134296
0.155452
0.133541
0.0911241
0.139527
0.139726
0.131803
0.148423
0.138748
0.151899
0.148448
0.14806
0.150586
0.0835714
0.141144
0.147401
0.123468
0.139162
0.145515
0.0962973
0.12881
0.130762
0.125721
0.150357
0.076543
0.144777
0.129425
0.102885
0.107519
0.149785
0.149366
0.148433
0.145665
0.143474
0.141898
0.124787
0.149661
0.129627
0.0412774
0.131397
0.146923
0.14117
0.0520016
0.14645
0.152043
0.145664
0.150258
0.151251
0.145837
0.149179
0.123602
0.139139
0.148697
0.148887
0.13583
0.152647
0.148812
0.14935
0.147717
0.126784
0.125327
0.142405
0.137623
0.130953
0.130193
0.150014
0.145801
0.133579
0.149088
0.147481
0.161179
0.122378
0.147531
0.147076
0.135184
0.126192
0.0333573
0.13349
0.148858
0.14885
0.126916
0.131832
0.141607
0.112321
0.147808
0.13542
0.146538
0.147128
0.139456
0.147074
0.146479
0.132332
0.105024
0.125064
0.145176
0.133679
0.150163
0.129671
0.145263
0.0977197
0.146487
0.0252336
0.142653
0.147369
0.0858535
0.13546
0.117253
0.120017
0.137707
0.132176
0.0979522
0.151182
0.149197
0.142953
0.136801
0.143021
0.11745
0.136667
0.150089
0.138629
0.122954
0.0230477
0.151732
0.115438
0.133919
0.147201
0.0963181
0.126625
0.123521
0.130185
0.146841
0.150154
0.148362
0.150353
0.148067
0.0835364
0.149179
0.145424
0.149429
0.153546
0.114462
0.1501
0.14996
0.0360163
0.148031
0.10308
0.151568
0.153772
0.148853
0.15035
0.131068
0.114066
0.0779187
0.149454
0.127213
0.142539
0.146521
0.149469
0.137648
0.0897336
0.118729
0.148915
0.153782
0.149007
0.148614
0.123311
0.124498
0.145767
0.151589
0.152851
0.137711
0.151707
0.05084
0.14288
0.144365
0.118023
0.113134
0.14851
0.133407
0.0923581
0.0980267
0.149034
0.082572
0.136696
0.118502
0.14032
0.126439
0.135762
0.149363
0.134381
0.148953
0.120967
0.118756
0.0684813
0.118431
0.137216
0.145393
0.136078
0.143071
0.142365
0.122597
0.150288
0.153617
0.141235
0.139206
0.129175
0.127334
0.142482
0.143805
0.149415
0.147555
0.141959
0.123113
0.13861
0.125881
0.124441
0.149924
0.11696
0.149534
0.12498
0.137845
0.150953
0.13172
0.150653
0.15214
0.0340511
0.113065
0.100603
0.0985203
0.145582
0.130176
0.135421
0.132041
0.147266
0.0568873
0.169758
0.130167
0.150171
0.0763974
0.116773
0.114997
0.126027
0.137049
0.126474
0.0703371
0.150389
0.0184329
0.128542
0.125728
0.136963
0.130069
0.147161
0.079184
0.150042
0.0808379
0.144282
0.124864
0.132164
0.149579
0.135419
0.148333
0.151451
0.146322
0.125108
0.139821
0.122099
0.134364
0.14393
0.132873
0.142866
0.147329
0.143615
0.13162
0.104069
0.124053
0.15078
0.147754
0.116239
0.145785
0.145499
0.112075
0.147835
0.145741
0.154046
0.112828
0.122641
0.148608
0.145493
0.149387
0.132789
0.146407
0.151858
0.144071
0.0775417
0.119594
0.12278
0.143843
0.148223
0.132628
0.13152
0.132281
0.151326
0.146741
0.142244
0.131004
0.149469
0.14162
0.1311
0.141695
0.118864
0.149298
0.13454
0.125024
0.146878
0.148949
0.140405
0.146639
0.129209
0.13803
0.103129
0.132822
0.058205
0.134521
0.183428
0.144938
0.138408
0.126307
0.138294
0.134639
0.137636
0.0969896
0.149069
0.114226
0.136724
0.132265
0.136226
0.118066
0.105915
0.141392
0.130091
0.129809
0.143583
0.147971
0.134756
0.150163
0.123188
0.115109
0.131316
0.114483
0.13135
0.121106
0.147303
0.15141
0.144434
0.151314
0.137937
0.130356
0.149145
0.116083
0.0677927
0.0800786
0.138717
0.118115
0.129138
0.134133
0.14269
0.106764
0.12671
0.126173
0.151598
0.0993842
0.148524
0.146153
0.149346
0.0346441
0.118431
0.14996
0.136175
0.132199
0.14471
0.147362
0.132689
0.0776509
0.120619
0.128429
0.13915
0.136974
0.133051
0.118357
0.135418
0.119018
0.126494
0.122015
0.0792697
0.148065
0.134912
0.14327
0.152143
0.144341
0.148895
0.124857
0.151352
0.149707
0.117656
0.142223
0.144337
0.128864
0.123337
0.140185
0.047835
0.0941917
0.0657229
0.15066
0.114148
0.143743
0.125655
0.12668
0.119178
0.0945759
0.066684
0.150271
0.103196
0.132842
0.0576078
0.12169
0.174984
0.149226
0.0423741
0.0911348
0.138153
0.116251
0.147652
0.134264
0.126699
0.13447
0.146299
0.132137
0.150332
0.150273
0.129948
0.075771
0.153536
0.122499
0.113783
0.063364
0.119208
0.150997
0.11175
0.1362
0.134288
0.113005
0.115705
0.0996157
0.100585
0.148302
0.153304
0.068593
0.128072
0.123548
0.0695493
0.14107
0.152702
0.119677
0.0530815
0.133879
0.151928
0.12672
0.15134
0.15337
0.138939
0.117784
0.131558
0.15373
0.136821
0.148437
0.127423
0.132762
0.0772941
0.141837
0.0622125
0.104895
0.132788
0.149638
0.130128
0.138704
0.143923
0.13752
0.153137
0.131852
0.152381
0.176071
0.107808
0.150986
0.0361097
0.126405
0.148838
0.145323
0.143451
0.0924995
0.147857
0.144742
0.0977308
0.131369
0.144496
0.150558
0.128191
0.127819
0.132005
0.152132
0.145084
0.16555
0.134315
0.0234578
0.122926
0.13001
0.135484
0.146951
0.141236
0.135634
0.141536
0.117977
0.148489
0.0992611
0.135014
0.144145
0.126488
0.10248
0.0367019
0.123558
0.118157
0.13688
0.150111
0.154451
0.151225
0.121138
0.136008
0.149527
0.110966
0.150889
0.0293247
0.0766182
0.147412
0.132253
0.129851
0.119489
0.104786
0.129635
0.135416
0.118618
0.144089
0.070256
0.148782
0.151864
0.133142
0.0681194
0.115885
0.118249
0.149681
0.077393
0.0979483
0.149191
0.0236032
0.162384
0.137999
0.148412
0.130676
0.149199
0.135902
0.0997981
0.101685
0.0265326
0.148121
0.0859708
0.145751
0.101358
0.147668
0.123845
0.124932
0.152093
0.146277
0.170513
0.147707
0.146353
0.14698
0.149569
0.131359
0.133127
0.146951
0.150809
0.148337
0.11734
0.0761708
0.103972
0.132692
0.167943
0.130292
0.157092
0.148961
0.0541012
0.15815
0.130649
0.137768
0.130383
0.103212
0.10055
0.126746
0.101915
0.151644
0.12528
0.145427
0.136415
0.106769
0.131343
0.128043
0.114485
0.13516
0.105856
0.118136
0.149334
0.102224
0.125648
0.149479
0.13393
0.0160456
0.126228
0.0798534
0.0960133
0.140705
0.123266
0.149307
0.136115
0.149832
0.112702
0.134339
0.112982
0.146937
0.0954279
0.129423
0.137662
0.148822
0.130196
0.145256
0.0566129
0.100552
0.0595458
0.105586
0.138467
0.119512
0.093556
0.116505
0.144708
0.1535
0.104717
0.157473
0.10633
0.0503972
0.0938243
0.1376
0.106572
0.152704
0.0642096
0.143875
0.149969
0.129057
0.0225224
0.147626
0.121249
0.117156
0.128163
0.153377
0.0363957
0.0646984
0.113797
0.100542
0.0959817
0.0657745
0.140567
0.131134
0.0814768
0.130787
0.0990361
0.145972
0.148158
0.133149
0.139106
0.119173
0.118598
0.149181
0.130157
0.029923
0.132679
0.147946
0.0794817
0.0548535
0.0880276
0.0677043
0.11555
0.100571
0.139018
0.14096
0.0485644
0.0896852
0.130297
0.138282
0.14504
0.13762
0.134
0.106803
0.147797
0.0968637
0.102842
0.150116
0.149271
0.147456
0.102305
0.132705
0.0991465
0.0974631
0.114684
0.146204
0.0292185
0.0933819
0.136083
0.0873176
0.147538
0.130518
0.147316
0.132987
0.14916
0.133768
0.100178
0.146026
0.0977044
0.110131
0.149335
0.116659
0.129957
0.124465
0.0355002
0.143108
0.130621
0.144236
0.0953329
0.126444
0.065803
0.131325
0.147615
0.140523
0.144285
0.14829
0.120042
0.110586
0.0299708
0.123572
0.148619
0.141589
0.120857
0.105868
0.14909
0.131447
0.028064
0.139824
0.12297
0.132874
0.128512
0.121386
0.119439
0.129694
0.148427
0.0907206
0.145641
0.0569956
0.153423
0.0954407
0.118353
0.147424
0.129568
0.129807
0.0811507
0.0921747
0.0695923
0.100778
0.137681
0.0576113
0.133218
0.129208
0.0788701
0.103183
0.130768
0.149203
0.11374
0.151996
0.122217
0.119017
0.117343
0.0914674
0.114941
0.136155
0.0687676
0.147968
0.107014
0.0952101
0.139998
0.125852
0.0968151
0.0660389
0.0859498
0.151004
0.147339
0.14554
0.0222484
0.12727
0.0559
0.117543
0.143653
0.14572
0.147975
0.133594
0.117914
0.147553
0.129004
0.149476
0.148673
0.141718
0.0939143
0.134866
0.149171
0.136518
0.140431
0.139813
0.132477
0.141216
0.141517
0.134819
0.130945
0.141329
0.15175
0.147161
0.144755
0.143138
0.151323
0.151812
0.129687
0.119114
0.148099
0.0386173
0.13175
0.13856
0.115049
0.128667
0.144124
0.149196
0.147913
0.0997961
0.143868
0.150348
0.149585
0.142036
0.147616
0.131525
0.13444
0.0585843
0.130141
0.123076
0.069631
0.149317
0.134898
0.0858221
0.067521
0.0988903
0.0642925
0.138883
0.0474863
0.0717144
0.131944
0.129771
0.10536
0.0461649
0.0918067
0.0239337
0.104148
0.130479
0.112104
0.130752
0.052777
0.119671
0.122677
0.129693
0.0653069
0.0613983
0.095485
0.116565
0.123958
0.118126
0.130169
0.0826928
0.115322
0.142787
0.113419
0.157328
0.0257871
0.143126
0.128304
0.100151
0.117085
0.1478
0.137343
0.0348755
0.128867
0.145727
0.0854773
0.104464
0.150992
0.124359
0.129619
0.0866015
0.0263884
0.0789836
0.114562
0.0623662
0.137011
0.134008
0.150486
0.147381
0.149399
0.115515
0.0418678
0.0561598
0.131492
0.130953
0.137721
0.139271
0.110367
0.122722
0.10015
0.140293
0.121845
0.130825
0.149462
0.096589
0.14219
0.149201
0.106035
0.138597
0.148054
0.0762301
0.147984
0.0360426
0.129482
0.0349598
0.147328
0.102947
0.113942
0.103691
0.116943
0.149387
0.127433
0.149495
0.125525
0.126347
0.0576059
0.117811
0.0572647
0.15208
0.125628
0.0839797
0.0772219
0.120674
0.128232
0.118742
0.102433
0.0224131
0.11858
0.136259
0.147829
0.105981
0.141744
0.0581029
0.149798
0.05849
0.0833494
0.115229
0.15216
0.0235254
0.136593
0.144624
0.0287838
0.0719401
0.0950829
0.107248
0.0621459
0.066093
0.0879821
0.0885011
0.149471
0.144081
0.135036
0.136862
0.0975575
0.125939
0.141126
0.108829
0.0622308
0.137886
0.122209
0.14534
0.103496
0.149783
0.130425
0.133074
0.0970301
0.0469797
0.102047
0.0685518
0.150202
0.112375
0.0846527
0.168799
0.114012
0.081309
0.134626
0.137239
0.115817
0.111869
0.0178866
0.149753
0.132051
0.128379
0.10852
0.132204
0.098887
0.147383
0.132163
0.150093
0.10314
0.164436
0.148914
0.135111
0.149853
0.0879724
0.0782565
0.0954284
0.134197
0.0704425
0.12195
0.140814
0.118888
0.135726
0.147202
0.106214
0.0501568
0.149996
0.131771
0.117504
0.107627
0.0616919
0.0801034
0.149084
0.107425
0.107321
0.123172
0.118219
0.109373
0.0980599
0.124187
0.120126
0.151927
0.11944
0.130939
0.0836138
0.103287
0.0269304
0.147459
0.126802
0.171998
0.130841
0.118335
0.117794
0.13182
0.148264
0.168064
0.104192
0.138896
0.0205937
0.149693
0.147412
0.130541
0.0729619
0.131341
0.150492
0.134429
0.103355
0.105385
0.107248
0.155816
0.174535
0.145831
0.147951
0.140424
0.136094
0.136503
0.13335
0.0807878
0.0992942
0.0713046
0.100816
0.0490966
0.0697418
0.149741
0.0957525
0.122801
0.150198
0.0691911
0.102801
0.0669723
0.124472
0.125337
0.152077
0.105373
0.139227
0.0414877
0.0972614
0.141128
0.137368
0.137038
0.036101
0.148936
0.152402
0.101301
0.085766
0.15172
0.0243411
0.0482772
0.0944094
0.0999281
0.114848
0.0762876
0.136934
0.148105
0.147726
0.150088
0.0823068
0.154361
0.145857
0.0994243
0.103395
0.150994
0.135594
0.108177
0.115543
0.125425
0.111484
0.0888713
0.126931
0.0416974
0.103607
0.0990626
0.0972786
0.0652656
0.1152
0.0875268
0.126942
0.141827
0.127974
0.140861
0.104888
0.101872
0.0280648
0.0626382
0.133652
0.112798
0.134774
0.0901758
0.148088
0.115716
0.118753
0.130119
0.0976513
0.117989
0.179119
0.148248
0.0790712
0.0502636
0.134601
0.135319
0.136586
0.103542
0.148618
0.12798
0.0719414
0.101292
0.118211
0.107846
0.100074
0.129969
0.148078
0.0208739
0.0475455
0.118373
0.0964857
0.106911
0.0222432
0.0202545
0.1527
0.101795
0.164512
0.136592
0.158923
0.104263
0.133157
0.131898
0.106464
0.0815876
0.0698535
0.10009
0.148125
0.132207
0.0160974
0.152294
0.132177
0.150211
0.0598834
0.128126
0.118046
0.102127
0.0509251
0.148131
0.0729457
0.151348
0.0253972
0.0586957
0.149454
0.0483704
0.0422582
0.109817
0.145241
0.116679
0.128782
0.145632
0.137638
0.0512763
0.0248166
0.138183
0.0685629
0.131076
0.10647
0.0728201
0.0963956
0.103886
0.131519
0.0495625
0.0264627
0.121363
0.048936
0.115399
0.112361
0.0948045
0.0429437
0.151226
0.102826
0.136879
0.130537
0.14607
0.0326305
0.120109
0.11121
0.0902609
0.0767935
0.0697902
0.128692
0.0910963
0.0935464
0.118946
0.151996
0.0223437
0.0506797
0.0945685
0.145501
0.0227016
0.0935749
0.104465
0.0683617
0.136258
0.116468
0.142719
0.140272
0.152398
0.1452
0.120958
0.142376
0.0400202
0.0259165
0.0657073
0.148722
0.132703
0.127474
0.104424
0.134872
0.141421
0.0261025
0.148299
0.145889
0.104427
0.166642
0.0437427
0.0903678
0.136083
0.0905203
0.0870142
0.102129
0.099457
0.0925135
0.0689436
0.0915354
0.126302
0.103158
0.0641301
0.149323
0.161503
0.14986
0.0754505
0.102755
0.146206
0.148439
0.148423
0.134267
0.149249
0.149948
0.0905869
0.101595
0.110596
0.074244
0.148567
0.102309
0.0864215
0.0901901
0.127205
0.0561494
0.0444313
0.11945
0.0792426
0.0690676
0.145426
0.0963816
0.126334
0.144907
0.148611
0.0778189
0.0485048
0.131444
0.130226
0.0776795
0.148848
0.15177
0.0250569
0.13984
0.0792165
0.0931508
0.119106
0.0809243
0.085324
0.0787022
0.11687
0.143829
0.122449
0.0828001
0.0988774
0.0413078
0.13514
0.13748
0.0916606
0.0535908
0.123287
0.142476
0.147779
0.148062
0.131148
0.0348556
0.130201
0.123469
0.0743967
0.105545
0.075871
0.0894286
0.0670253
0.15363
0.103569
0.142741
0.11548
0.136143
0.149515
0.122591
0.0710773
0.0277535
0.0700018
0.126388
0.156991
0.0711319
0.130364
0.124581
0.0767862
0.150718
0.0653614
0.0739401
0.0921406
0.132043
0.0687185
0.0856169
0.150551
0.088624
0.134737
0.0490201
0.112531
0.165862
0.0692453
0.0621765
0.115225
0.0663206
0.112888
0.130829
0.0867837
0.078157
0.148512
0.061967
0.105918
0.101796
0.0501618
0.113742
0.164772
0.12983
0.0681356
0.021122
0.13979
0.131977
0.148237
0.105554
0.0835087
0.123803
0.0986733
0.0797119
0.0719844
0.149192
0.0760143
0.0932363
0.0958729
0.126753
0.0500822
0.0409549
0.110971
0.106503
0.118754
0.0785628
0.121596
0.114311
0.112895
0.135915
0.167734
0.159556
0.0775841
0.101035
0.094213
0.116945
0.117925
0.0926279
0.0232483
0.129337
0.026908
0.0758884
0.132992
0.120473
0.0640522
0.0979599
0.139216
0.149162
0.0410706
0.0942958
0.0838652
0.0759695
0.123587
0.0573521
0.147154
0.132929
0.0718822
0.0853115
0.0864932
0.0961852
0.0859604
0.132172
0.0504277
0.132681
0.0920017
0.132293
0.0235262
0.0950279
0.0402806
0.105379
0.0799318
0.0913748
0.116507
0.119454
0.0746824
0.12009
0.149481
0.129662
0.124893
0.0525727
0.0237318
0.157381
0.0984137
0.148282
0.141853
0.0571886
0.0850491
0.146028
0.130305
0.0575122
0.0557964
0.127525
0.127753
0.087661
0.134346
0.144202
0.138304
0.0746455
0.114512
0.136291
0.0209788
0.115905
0.133424
0.0949197
0.13111
0.0763647
0.149915
0.112358
0.0583322
0.13262
0.135612
0.132031
0.140883
0.0489916
0.0500075
0.149602
0.0752863
0.0686357
0.0588889
0.0769701
0.0757109
0.0671376
0.100919
0.0176379
0.132538
0.0260588
0.0777075
0.066253
0.12172
0.106138
0.0570781
0.10417
0.104329
0.0345037
0.0912802
0.103817
0.147429
0.129903
0.148098
0.0966326
0.128742
0.103702
0.0641528
0.147666
0.12413
0.147824
0.12173
0.0732447
0.149082
0.027701
0.102867
0.143723
0.116532
0.106488
0.0560031
0.0951009
0.116716
0.0956927
0.147993
0.120296
0.0839807
0.110349
0.143386
0.119067
0.0842851
0.141216
0.145769
0.0733135
0.131816
0.151384
0.0932509
0.149207
0.0850975
0.124616
0.0683864
0.0568109
0.149566
0.0406127
0.129205
0.113177
0.114059
0.0611338
0.0962776
0.0534452
0.121678
0.0546956
0.0580199
0.121885
0.15127
0.143019
0.118586
0.0587948
0.126557
0.146574
0.149956
0.113916
0.116336
0.0980725
0.0619481
0.0267911
0.133546
0.104441
0.128846
0.148506
0.0476869
0.0709849
0.152755
0.065197
0.0217781
0.131523
0.133833
0.118611
0.0955148
0.145218
0.0989107
0.117997
0.0568228
0.0404208
0.102864
0.0406007
0.129212
0.0931146
0.0550428
0.0348703
0.115066
0.0518906
0.111457
0.085174
0.0797609
0.14063
0.0676823
0.0708539
0.09707
0.0903236
0.105321
0.0811384
0.139656
0.111296
0.154417
0.134579
0.135739
0.117848
0.10231
0.12949
0.125113
0.0590018
0.0722292
0.141947
0.0622895
0.0708284
0.0240601
0.14783
0.122152
0.0667577
0.116571
0.0283567
0.0788175
0.134914
0.154963
0.130579
0.149075
0.149119
0.130251
0.086276
0.0214772
0.127494
0.128988
0.138254
0.148036
0.0633967
0.134939
0.15115
0.139504
0.105217
0.132016
0.115101
0.151174
0.0770884
0.136701
0.133305
0.130759
0.131628
0.122597
0.0683012
0.125919
0.10331
0.0630786
0.126919
0.0359292
0.13918
0.058303
0.127341
0.0808598
0.112248
0.131858
0.124626
0.124154
0.112681
0.0783514
0.0209342
0.0150164
0.0279777
0.0580878
0.145072
0.136695
0.0589442
0.11957
0.148723
0.0247609
0.149208
0.0866346
0.132456
0.100801
0.131391
0.0640031
0.131037
0.123908
0.130952
0.0593525
0.0704378
0.0468287
0.0476026
0.11672
0.143318
0.148132
0.156188
0.0654573
0.152064
0.124793
0.0389445
0.125323
0.117924
0.0700614
0.132995
0.100576
0.148749
0.154729
0.111346
0.110435
0.131358
0.144941
0.159257
0.0266174
0.0363359
0.146841
0.0253913
0.0483886
0.0453327
0.149064
0.0603086
0.114784
0.149235
0.0914246
0.128372
0.0626793
0.0376653
0.09797
0.0659582
0.15511
0.13311
0.131299
0.130769
0.062859
0.139421
0.0799901
0.174854
0.0964149
0.128418
0.149865
0.122782
0.147796
0.116592
0.0769955
0.0706165
0.149008
0.0590497
0.150204
0.0521246
0.0614123
0.105481
0.144566
0.149303
0.0841869
0.0502051
0.143875
0.107513
0.115383
0.148437
0.149979
0.148692
0.13973
0.057752
0.0984555
0.128723
0.148699
0.118151
0.0702231
0.0625193
0.125074
0.0586918
0.14712
0.120813
0.0359589
0.0751917
0.0517868
0.0574721
0.148614
0.149806
0.148831
0.122411
0.045694
0.0714927
0.0931435
0.0789962
0.157197
0.117399
0.0494264
0.11375
0.0756113
0.105976
0.14915
0.0586276
0.0365106
0.0631484
0.0367073
0.0785075
0.105949
0.15228
0.0369339
0.129442
0.145642
0.0690914
0.0588509
0.103117
0.144347
0.0986392
0.0424354
0.118845
0.118657
0.117013
0.125452
0.137449
0.0358858
0.111917
0.0674406
0.0584552
0.0710791
0.0196381
0.0285705
0.118709
0.103478
0.0355461
0.0502938
0.0218841
0.0271538
0.149912
0.0273822
0.069089
0.148879
0.0681008
0.0851212
0.055021
0.0607673
0.0525183
0.0709741
0.0583058
0.113614
0.0398804
0.14816
0.147451
0.0734057
0.0653649
0.150109
0.16167
0.0638411
0.0612954
0.103274
0.0536198
0.117115
0.0801996
0.14906
0.0593459
0.144324
0.119342
0.14991
0.096781
0.0874819
0.146739
0.0704387
0.072099
0.101424
0.119682
0.115165
0.147811
0.121653
0.0217496
0.143838
0.113653
0.0553737
0.0299436
0.130938
0.0535228
0.146486
0.133142
0.130976
0.114284
0.0826019
0.126469
0.128201
0.0728425
0.102256
0.0684846
0.120675
0.0848596
0.120004
0.155847
0.113836
0.0531109
0.151274
0.0270937
0.103283
0.0408346
0.0763563
0.0842317
0.148173
0.148868
0.15214
0.0581376
0.0297135
0.130758
0.0352518
0.0400158
0.0831703
0.016975
0.0827275
0.0718586
0.0534683
0.144142
0.0460613
0.0831153
0.115403
0.0209512
0.0563305
0.149508
0.0719418
0.0625944
0.113163
0.0445551
0.0812623
0.123923
0.148097
0.0165794
0.0415313
0.0229484
0.14099
0.0823348
0.0375276
0.136825
0.148903
0.0649731
0.119492
0.165521
0.0415012
0.0372171
0.150393
0.109656
0.0727737
0.113392
0.102539
0.0247798
0.0795559
0.0627037
0.121371
0.0340086
0.144304
0.133813
0.0993556
0.0856534
0.0874647
0.130552
0.111469
0.14695
0.0288254
0.0788485
0.131522
0.0209994
0.147108
0.0303751
0.125282
0.147766
0.11988
0.0352675
0.0301065
0.069028
0.0387197
0.0424175
0.0377233
0.11126
0.0404268
0.090869
0.145515
0.147484
0.0298061
0.0378636
0.130773
0.0805531
0.0365387
0.0420199
0.0501755
0.135425
0.0352418
0.0277263
0.116605
0.0292085
0.0770944
0.143881
0.0226624
0.117009
0.056899
0.131718
0.0906204
0.114556
0.12279
0.0340443
0.0437726
0.124838
0.101106
0.129347
0.129517
0.0505692
0.0587868
0.056316
0.0957002
0.0575287
0.0357441
0.129311
0.040323
0.0348524
0.132651
0.091184
0.103775
0.148631
0.111404
0.148512
0.08071
0.0660344
0.147535
0.0296651
0.0531813
0.0452831
0.0794138
0.131072
0.0915821
0.0437438
0.128782
0.157079
0.0920745
0.0798127
0.0417346
0.0202474
0.148928
0.0618528
0.0562609
0.0343183
0.129092
0.154876
0.143593
0.14768
0.132195
0.123463
0.0604064
0.148534
0.148757
0.0695047
0.0512761
0.122977
0.0566443
0.142775
0.0444333
0.0399082
0.0865015
0.150407
0.123703
0.029821
0.149895
0.135015
0.142379
0.0721674
0.121314
0.0499442
0.0784069
0.129951
0.119125
0.156462
0.0864207
0.124404
0.113428
0.0875793
0.0861575
0.0599761
0.0426613
0.0309819
0.148973
0.11594
0.123411
0.032819
0.0155655
0.0199687
0.0694955
0.0376178
0.0981476
0.018423
0.148422
0.0389631
0.039129
0.0855567
0.0336025
0.100297
0.0375006
0.112727
0.142779
0.0270849
0.121847
0.098997
0.0304384
0.0620912
0.147879
0.0243581
0.106074
0.030059
0.131171
0.132668
0.0359669
0.0556271
0.111227
0.0955833
0.134327
0.073752
0.148943
0.0313561
0.0232547
0.0639947
0.144602
0.0839036
0.042188
0.021416
0.0795248
0.149259
0.072966
0.0347214
0.123728
0.0843526
0.137063
0.128249
0.0895737
0.0401466
0.109477
0.0389544
0.0248461
0.0571265
0.133323
0.0273898
0.0397812
0.0428557
0.133018
0.121411
0.0849913
0.149228
0.04004
0.126157
0.141215
0.132739
0.146273
0.0428223
0.133435
0.147395
0.113512
0.0237617
0.0419419
0.0258549
0.0214003
0.0277176
0.0261944
0.0508003
0.0213327
0.0948337
0.127912
0.120196
0.129966
0.0217462
0.0425094
0.0364938
0.130299
0.144556
0.063252
0.149708
0.0835895
0.0241533
0.0235143
0.0930513
0.103856
0.048743
0.0336713
0.0428276
0.0307757
0.119446
0.0711496
0.0752984
0.148473
0.0417886
0.151978
0.147673
0.143656
0.0562908
0.148729
0.150066
0.0849561
0.0841227
0.032068
0.111192
0.0209707
0.128575
0.145903
0.0715961
0.144256
0.151531
0.0810622
0.0433586
0.0469545
0.0701691
0.151347
0.0666878
0.13075
0.113772
0.129926
0.130847
0.0873961
0.0441185
0.0310404
0.0474387
0.155128
0.0922776
0.0409085
0.102967
0.0368547
0.139026
0.146243
0.0190727
0.148108
0.061975
0.149057
0.0582228
0.14831
0.0496332
0.148987
0.0305062
0.149223
0.11438
0.0326295
0.118065
0.0380863
0.14548
0.0922298
0.127061
0.147855
0.0445985
0.0371398
0.12464
0.143686
0.144463
0.0442647
0.0225753
0.119117
0.0365974
0.127336
0.0413262
0.0689753
0.114258
0.142686
0.0830537
0.123988
0.0232916
0.124668
0.0540518
0.0437697
0.0354289
0.128942
0.0617095
0.149127
0.145487
0.138337
0.0459398
0.118608
0.0258622
0.125835
0.149814
0.0446619
0.0363998
0.101268
0.129565
0.136329
0.0726122
0.142787
0.080845
0.0953772
0.0871311
0.14996
0.113452
0.147848
0.105601
0.145849
0.0359428
0.0362115
0.115621
0.0424225
0.0651077
0.118216
0.0576877
0.0828051
0.142406
0.116036
0.148218
0.122439
0.068794
0.022533
0.143968
0.0301228
0.0707681
0.129518
0.114631
0.0365279
0.140859
0.0989844
0.113901
0.124759
0.0579955
0.0577241
0.0387093
0.117671
0.119729
0.109841
0.0938363
0.116658
0.143647
0.133924
0.149366
0.0364892
0.142652
0.0721085
0.147467
0.0376312
0.0293636
0.0690801
0.108537
0.115829
0.149131
0.148524
0.147902
0.0695356
0.030577
0.0282119
0.102304
0.0550304
0.133537
0.148947
0.147588
0.140792
0.0865303
0.0406657
0.0775445
0.116494
0.0966059
0.132614
0.0382419
0.118871
0.131781
0.0374969
0.14246
0.14248
0.148506
0.0294383
0.128811
0.0335344
0.01564
0.0287205
0.123038
0.100013
0.0228434
0.14043
0.0324864
0.106127
0.123465
0.145788
0.0940601
0.139592
0.148369
0.0867135
0.128415
0.131411
0.139097
0.148974
0.133218
0.0708567
0.14419
0.0297436
0.153426
0.0580596
0.067813
0.042872
0.0297257
0.144799
0.174323
0.142705
0.118758
0.115173
0.0196354
0.153432
0.0597789
0.0792881
0.0284511
0.132606
0.0159602
0.0405753
0.0378671
0.148754
0.0588274
0.149035
0.0458988
0.131995
0.129664
0.0301558
0.128123
0.130754
0.0690439
0.108632
0.113111
0.0524877
0.128196
0.0982011
0.0394393
0.0255186
0.0242183
0.106736
0.147689
0.0697228
0.0950923
0.105243
0.0838771
0.123293
0.0265279
0.141946
0.0662886
0.12243
0.0950245
0.0465907
0.0683894
0.140695
0.0373553
0.0401327
0.131138
0.139442
0.0448579
0.145325
0.141324
0.135709
0.115603
0.0885743
0.0148553
0.0520031
0.131592
0.057701
0.0538549
0.123298
0.148047
0.146825
0.0660021
0.119606
0.0668585
0.148933
0.156114
0.142048
0.122754
0.127294
0.109121
0.140109
0.0705648
0.147916
0.119842
0.0661698
0.0499181
0.0490231
0.143617
0.127619
0.151991
0.157569
0.157579
0.098457
0.144268
0.0156746
0.0450492
0.131001
0.0754175
0.141633
0.0981661
0.13058
0.137977
0.138667
0.0902143
0.128696
0.0684124
0.0347325
0.0150164
0.131578
0.143954
0.138899
0.137958
0.147929
0.057665
0.0783875
0.148869
0.123953
0.040753
0.0549691
0.0466965
0.132911
0.0570188
0.122846
0.0410395
0.121078
0.12288
0.0371538
0.131028
0.147139
0.13689
0.0435507
0.114441
0.123061
0.161419
0.130142
0.145181
0.121518
0.154835
0.125114
0.142619
0.128264
0.135724
0.125969
0.0436257
0.122492
0.0177436
0.0647498
0.125629
0.118385
0.118639
0.0495695
0.13784
0.130951
0.0665064
0.131858
0.147786
0.0922244
0.14175
0.0913578
0.0786154
0.144048
0.125939
0.123301
0.132136
0.144451
0.0395823
0.11494
0.0552015
0.103521
0.101469
0.165475
0.0425388
0.0702013
0.115306
0.127562
0.12579
0.125918
0.0771023
0.0266869
0.113828
0.0405419
0.147865
0.131556
0.114447
0.0626482
0.0274985
0.14502
0.147135
0.0259599
0.146177
0.128309
0.0979576
0.0854773
0.0462243
0.105882
0.147699
0.137877
0.132922
0.0570802
0.0395115
0.132024
0.0585265
0.0853002
0.0994869
0.122837
0.140378
0.0320285
0.122372
0.139908
0.125252
0.1225
0.0903714
0.137064
0.0341607
0.0921177
0.0672157
0.122219
0.043206
0.143963
0.130089
0.125979
0.0406367
0.137692
0.0574394
0.142172
0.115503
0.149898
0.0582094
0.118511
0.133931
0.133737
0.0485235
0.0353371
0.0562557
0.138337
0.126298
0.0785081
0.109807
0.122347
0.13411
0.0891695
0.0782244
0.118061
0.146714
0.0943408
0.147565
0.120069
0.0547586
0.0556737
0.12647
0.0572892
0.0388901
0.149463
0.141579
0.120113
0.0839817
0.131117
0.0784308
0.137147
0.107465
0.0759529
0.0608303
0.0775952
0.0495535
0.057414
0.119565
0.0367453
0.130369
0.0340062
0.0458491
0.130827
0.111498
0.0578631
0.145184
0.0571961
0.0526554
0.0881015
0.107713
0.0679146
0.0531084
0.14187
0.0498075
0.127367
0.0604344
0.145274
0.0422101
0.146578
0.141634
0.171345
0.0265907
0.125546
0.135188
0.151007
0.0231083
0.118063
0.143637
0.0782217
0.0933534
0.100486
0.0699979
0.100493
0.138526
0.0295956
0.116422
0.0813268
0.0919192
0.0462269
0.142033
0.102008
0.0582889
0.124265
0.135562
0.136484
0.150905
0.0809219
0.0982914
0.141159
0.0308533
0.113142
0.103649
0.150374
0.144579
0.128125
0.147362
0.119534
0.0232567
0.144214
0.138657
0.142619
0.0562624
0.026443
0.141867
0.144243
0.0262511
0.0865725
0.0638407
0.115672
0.149509
0.147082
0.137588
0.0146401
0.125605
0.0271903
0.0268527
0.0907657
0.114075
0.125779
0.0906343
0.120365
0.0442793
0.0156392
0.129016
0.0962429
0.145831
0.0224643
0.130846
0.146919
0.0204861
0.0545077
0.129424
0.144487
0.0805589
0.0329669
0.13414
0.100888
0.143073
0.0248592
0.0126876
0.0427049
0.0213915
0.0529082
0.139218
0.055449
0.145497
0.0262491
0.133665
0.0210156
0.0228927
0.157255
0.0448287
0.0549302
0.0860891
0.149774
0.0288571
0.0170848
0.134069
0.0390753
0.121841
0.0810575
0.13275
0.104303
0.121689
0.138745
0.0783382
0.0360809
0.140969
0.0166097
0.111912
0.142292
0.0256384
0.0419839
0.0265985
0.0259491
0.0346074
0.0534999
0.100697
0.0755979
0.117039
0.0298544
0.142609
0.115612
0.0688454
0.135549
0.127639
0.0344842
0.0478852
0.0212643
0.0269381
0.107524
0.153387
0.0852884
0.0352691
0.0559474
0.115697
0.144087
0.0609285
0.115834
0.12314
0.0374006
0.130081
0.0407766
0.0593861
0.0970115
0.151375
0.026294
0.0989758
0.128764
0.152741
0.145507
0.0937457
0.142379
0.142362
0.137409
0.0782577
0.147147
0.165772
0.027654
0.0430921
0.116961
0.122836
0.0983807
0.112127
0.0957124
0.0650024
0.150465
0.0407745
0.03086
0.0588702
0.0470145
0.0580645
0.0330691
0.130576
0.122825
0.0695676
0.130879
0.088804
0.0224308
0.112372
0.164323
0.143122
0.0985145
0.144889
0.130073
0.105121
0.155043
0.0859215
0.1094
0.0697902
0.11735
0.0801633
0.124108
0.126784
0.143799
0.144738
0.134513
0.0651363
0.117814
0.0965868
0.0238414
0.0745084
0.0548752
0.125651
0.165534
0.0181845
0.0287231
0.0966831
0.0452
0.134097
0.0269092
0.0703483
0.125897
0.0741789
0.14065
0.0961114
0.146795
0.0586504
0.0370266
0.0252069
0.0164111
0.150717
0.0234801
0.0470447
0.0978327
0.0308041
0.13217
0.0315751
0.100735
0.0441421
0.044857
0.128448
0.116699
0.134838
0.0389088
0.111847
0.0228493
0.0826428
0.136026
0.0676966
0.15807
0.155679
0.134086
0.0848761
0.0147917
0.0153554
0.0414857
0.138879
0.118888
0.144141
0.125368
0.0557152
0.133934
0.0722138
0.156934
0.126758
0.0580564
0.114381
0.037981
0.0417122
0.130347
0.0903879
0.143662
0.042611
0.122689
0.127042
0.0594341
0.0948561
0.130796
0.15834
0.101283
0.0528379
0.13292
0.145062
0.123029
0.0898625
0.132871
0.0682493
0.0383585
0.0802968
0.146819
0.138926
0.156148
0.114114
0.100732
0.0892712
0.153145
0.0976852
0.118862
0.133395
0.129994
0.124043
0.147524
0.0509296
0.123167
0.0657905
0.0569635
0.106641
0.112332
0.0609822
0.139813
0.0977327
0.0303213
0.107334
0.0916734
0.0293547
0.0833964
0.0501416
0.0320387
0.0958963
0.0288817
0.104038
0.0425882
0.116683
0.143697
0.134635
0.0148994
0.143758
0.123373
0.0927978
0.141457
0.0537003
0.0453247
0.0404582
0.0250662
0.0432694
0.121425
0.135336
0.113585
0.126631
0.0787152
0.152268
0.152201
0.112048
0.0162241
0.113315
0.098023
0.057014
0.127615
0.0388964
0.127556
0.139843
0.110172
0.019569
0.170679
0.0937926
0.113622
0.0946773
0.113636
0.133973
0.0743242
0.0929895
0.130622
0.130331
0.110858
0.0549837
0.091949
0.135363
0.100189
0.043084
0.0333701
0.134877
0.0335663
0.118431
0.128515
0.135518
0.0620902
0.122534
0.0419434
0.105537
0.12067
0.136643
0.044568
0.0750863
0.135408
0.0686088
0.122436
0.0583067
0.136295
0.112337
0.0968388
0.121648
0.0527312
0.133894
0.123733
0.0937135
0.131856
0.0996432
0.0904186
0.126031
0.0901648
0.121305
0.0591244
0.0507834
0.0276827
0.0790913
0.121223
0.15036
0.139751
0.118656
0.0882789
0.0683923
0.0499449
0.142533
0.100314
0.0220923
0.0257275
0.0427453
0.139505
0.150188
0.106092
0.140922
0.132372
0.133386
0.0248624
0.0380909
0.132672
0.126377
0.158618
0.104217
0.0879425
0.127409
0.0632731
0.129228
0.125498
0.13821
0.143876
0.0756051
0.0780769
0.0782105
0.115889
0.108206
0.0927392
0.128266
0.0948762
0.0941217
0.125609
0.13106
0.144834
0.134532
0.0569601
0.0684341
0.0341036
0.0340676
0.103874
0.124162
0.0219505
0.129491
0.0307456
0.145918
0.0496224
0.100614
0.131092
0.100036
0.133235
0.138382
0.139934
0.0964821
0.100853
0.109565
0.0381257
0.0905412
0.050304
0.0245921
0.0903295
0.125201
0.126748
0.0837351
0.0245581
0.0385204
0.138378
0.108418
0.0255082
0.131132
0.128021
0.151923
0.125583
0.112498
0.0905146
0.040666
0.10652
0.0907198
0.0927215
0.112465
0.117077
0.0423542
0.0332535
0.129062
0.0748405
0.127007
0.129073
0.0530551
0.0456792
0.13274
0.0996254
0.137085
0.035495
0.134604
0.130838
0.0726645
0.0236098
0.0493306
0.0673333
0.102544
0.151295
0.128247
0.0569323
0.0624832
0.109897
0.138289
0.102211
0.134804
0.11608
0.140265
0.0782707
0.118227
0.125069
0.130793
0.0773438
0.109871
0.0904569
0.129556
0.067485
0.120427
0.129552
0.144975
0.123419
0.0222196
0.127664
0.0251863
0.0938012
0.136257
0.115569
0.140393
0.0999841
0.0566171
0.1433
0.0360049
0.134472
0.100547
0.15123
0.130458
0.0506915
0.0848005
0.0555407
0.0574774
0.0898441
0.124252
0.0618763
0.14882
0.022394
0.114538
0.103659
0.0482877
0.0754765
0.0279057
0.128962
0.134399
0.119841
0.0346315
0.0332374
0.11103
0.049573
0.0860353
0.131141
0.136033
0.112897
0.102988
0.0346193
0.139639
0.0782271
0.0938243
0.087184
0.0294005
0.112596
0.0879588
0.146509
0.0429307
0.0427376
0.0221425
0.0655173
0.14007
0.023207
0.100397
0.129827
0.0146483
0.0686007
0.144218
0.0726198
0.1507
0.129082
0.14741
0.128621
0.0404407
0.122818
0.115406
0.126506
0.120689
0.131597
0.0678688
0.121248
0.122482
0.130825
0.110741
0.0482681
0.134191
0.0790304
0.0716059
0.106514
0.129136
0.0665011
0.127057
0.0763472
0.0327306
0.0471784
0.0648463
0.131277
0.0998524
0.153727
0.106481
0.13753
0.102518
0.0948964
0.0348683
0.115382
0.119568
0.0930463
0.129846
0.127372
0.1248
0.125785
0.0459372
0.141817
0.138291
0.10458
0.107105
0.0958709
0.10849
0.11862
0.0985657
0.0545279
0.133591
0.0898016
0.0281215
0.0939166
0.128865
0.114671
0.117561
0.141689
0.109716
0.11336
0.0632772
0.0342349
0.0771816
0.0771282
0.107284
0.140039
0.110689
0.0910676
0.119157
0.065022
0.058859
0.0672806
0.116379
0.0251025
0.0996945
0.0454456
0.0609381
0.0789915
0.0881352
0.0547115
0.112167
0.137841
0.128481
0.107175
0.117796
0.147141
0.114319
0.129912
0.126241
0.135356
0.0989808
0.0356832
0.100621
0.0378487
0.113637
0.125206
0.0658065
0.136381
0.131976
0.0479709
0.116036
0.121431
0.131764
0.0670553
0.126439
0.0454525
0.132925
0.133958
0.0997262
0.0608831
0.132062
0.098111
0.120619
0.0889798
0.148781
0.0668705
0.101486
0.111041
0.0810387
0.0918222
0.0666898
0.0626897
0.13781
0.0549619
0.126427
0.101315
0.0956659
0.141559
0.0458796
0.0249759
0.127929
0.0924947
0.126989
0.174421
0.0886407
0.0651593
0.125865
0.0130954
0.102627
0.117722
0.110865
0.0239245
0.0526522
0.139736
0.0311604
0.135074
0.0765453
0.0861089
0.0640118
0.0570811
0.113367
0.12102
0.127228
0.0495902
0.106255
0.0382595
0.0243482
0.0905917
0.0757848
0.119412
0.0412632
0.0672073
0.0311271
0.0127401
0.131285
0.0420745
0.133783
0.0628768
0.128752
0.117934
0.115608
0.0361526
0.0628294
0.13234
0.127408
0.0247244
0.0884281
0.055779
0.0800829
0.143416
0.0551172
0.126441
0.117353
0.114712
0.130182
0.135742
0.134858
0.0783747
0.0658913
0.0972528
0.107441
0.106394
0.127531
0.0854139
0.093275
0.102765
0.0512832
0.123826
0.151531
0.0919699
0.0666392
0.0624032
0.0212877
0.0774896
0.0791319
0.0723496
0.0942197
0.106943
0.124063
0.127994
0.0359359
0.109325
0.0849693
0.133148
0.0931622
0.0528012
0.0447293
0.0194655
0.0326843
0.101999
0.0237552
0.0842717
0.127628
0.115527
0.127593
0.0748824
0.0808513
0.02844
0.109697
0.0898236
0.0416318
0.101631
0.0964307
0.136774
0.134785
0.0954653
0.143439
0.130981
0.019753
0.130406
0.057919
0.0697225
0.112051
0.0368541
0.130616
0.132892
0.0836941
0.13246
0.121758
0.0602422
0.142089
0.0436112
0.113416
0.138145
0.0956582
0.128906
0.0367437
0.140957
0.0925088
0.119915
0.0643458
0.124093
0.12464
0.0134534
0.138007
0.0149595
0.139831
0.0856445
0.0389778
0.0922635
0.0631479
0.0980916
0.0390755
0.0148662
0.0662244
0.166865
0.0754728
0.0887407
0.131289
0.026429
0.0210798
0.023886
0.06064
0.140023
0.0824711
0.094922
0.0231694
0.0712761
0.02887
0.0772566
0.10337
0.125434
0.134874
0.119185
0.0368158
0.0660067
0.0379709
0.026382
0.0224712
0.0950602
0.140532
0.0229715
0.100059
0.0666879
0.135462
0.040267
0.0898668
0.0266577
0.122956
0.0478519
0.0906315
0.0925063
0.0821261
0.116081
0.110949
0.0396851
0.112096
0.11501
0.112029
0.10263
0.115137
0.111911
0.116882
0.12335
0.135527
0.140088
0.027672
0.0260366
0.0947313
0.0945124
0.117282
0.131593
0.0702503
0.123542
0.031956
0.0393703
0.023384
0.0612375
0.135451
0.0672966
0.0164715
0.0375019
0.126578
0.0916765
0.041237
0.120412
0.102723
0.119174
0.0261576
0.0941485
0.141742
0.103866
0.06294
0.0815742
0.142587
0.0540106
0.127571
0.118476
0.0473095
0.150505
0.108375
0.113733
0.0377735
0.0253051
0.129012
0.0815026
0.0976613
0.133578
0.0933851
0.0724375
0.134191
0.105612
0.0438775
0.0476659
0.115149
0.113966
0.134938
0.0349726
0.124337
0.0861154
0.0991946
0.0409011
0.0975857
0.0995613
0.119188
0.120331
0.0605424
0.121023
0.0714479
0.128112
0.119347
0.111424
0.0285963
0.10763
0.125743
0.104546
0.110141
0.122544
0.129184
0.0588478
0.0862732
0.132517
0.119649
0.0344557
0.123703
0.0384189
0.11218
0.127669
0.0233244
0.0225119
0.127664
0.114427
0.0909125
0.133531
0.043011
0.0711311
0.110674
0.0808715
0.0929636
0.0967366
0.0696274
0.110412
0.133819
0.136205
0.092603
0.12215
0.0818695
0.131348
0.13511
0.0249488
0.120211
0.114634
0.152843
0.101175
0.0786971
0.0927091
0.0952955
0.0311666
0.0951608
0.105234
0.132591
0.078632
0.0481578
0.140144
0.0244776
0.13522
0.122193
0.0617639
0.0672509
0.0994919
0.129797
0.117891
0.128414
0.0683451
0.128061
0.083043
0.0345326
0.134521
0.0971054
0.0402485
0.0966774
0.113733
0.0629945
0.105138
0.0646447
0.126404
0.133781
0.0704813
0.0317723
0.0668388
0.0590982
0.0405206
0.0967812
0.0393092
0.124287
0.0636519
0.0739462
0.0394435
0.104619
0.0311584
0.146568
0.0379099
0.0891209
0.057407
0.0550274
0.066541
0.119135
0.0964384
0.0866026
0.108937
0.0643455
0.0777345
0.131923
0.0569465
0.101363
0.122344
0.0269042
0.0686314
0.120092
0.0375177
0.0307123
0.136608
0.0770607
0.112706
0.0231057
0.0632368
0.0265578
0.0999067
0.09117
0.11214
0.117321
0.0978034
0.083337
0.131808
0.0467419
0.150619
0.122345
0.137392
0.108813
0.125754
0.0887569
0.0618059
0.120453
0.113841
0.130001
0.134624
0.125159
0.0807717
0.136208
0.0136205
0.114121
0.0646466
0.0879564
0.121503
0.104327
0.0954385
0.131533
0.0827413
0.12891
0.129513
0.0211568
0.120524
0.0377819
0.124675
0.120109
0.112981
0.0871788
0.0233667
0.0858941
0.0482773
0.0439862
0.128919
0.064419
0.0924064
0.128043
0.0146195
0.103711
0.0493455
0.0624481
0.0393114
0.0821988
0.114014
0.0908707
0.0430981
0.0914051
0.12207
0.0590359
0.0367214
0.0142152
0.0970445
0.0382793
0.11409
0.0394922
0.0904059
0.0615353
0.139753
0.128319
0.118783
0.0994739
0.132437
0.0952034
0.0821285
0.0239802
0.0431517
0.106959
0.0378167
0.132913
0.0306813
0.11545
0.0628642
0.0896929
0.129778
0.0908041
0.116115
0.120683
0.046588
0.129011
0.0392704
0.101969
0.0632143
0.0387648
0.0915384
0.0968136
0.0804291
0.0366813
0.112178
0.0658867
0.111522
0.112589
0.131605
0.025986
0.0618982
0.105727
0.0261791
0.136346
0.0378948
0.129185
0.0885387
0.0203252
0.120982
0.0984577
0.107432
0.0902351
0.13003
0.122847
0.124931
0.100739
0.0939433
0.0300577
0.0477173
0.12513
0.0812121
0.0197858
0.105692
0.12062
0.109973
0.084557
0.120251
0.139449
0.0137609
0.0933421
0.0994662
0.0648683
0.0429394
0.0885215
0.0440663
0.108346
0.0996794
0.11583
0.0824204
0.102616
0.100771
0.0876068
0.0238421
0.0942346
0.124054
0.068129
0.111136
0.0192889
0.123504
0.0950314
0.0651967
0.117965
0.0655842
0.127765
0.104538
0.0813967
0.127466
0.0608519
0.0527432
0.075958
0.135943
0.120965
0.0416119
0.0139591
0.0533274
0.0873145
0.0481034
0.0890148
0.124325
0.0355968
0.117558
0.138092
0.0759273
0.0826538
0.0818498
0.0324807
0.0800327
0.126002
0.135643
0.0993711
0.0789737
0.0805186
0.092603
0.0417795
0.0595375
0.117772
0.0209799
0.0407569
0.0925648
0.077651
0.108621
0.0860731
0.107941
0.0801624
0.115715
0.0329608
0.0525922
0.0622711
0.0976995
0.0384875
0.110276
0.0218258
0.0565142
0.148546
0.0585889
0.081818
0.078879
0.077403
0.112139
0.0438865
0.0482552
0.0419914
0.11003
0.106133
0.0606792
0.0620136
0.039366
0.0702165
0.0802243
0.0859247
0.0567582
0.111363
0.0218936
0.0388732
0.114038
0.0642353
0.112833
0.0282557
0.0652765
0.0721736
0.0147127
0.0117508
0.0509498
0.0675994
0.126538
0.0432834
0.108112
0.0635627
0.0991765
0.0453153
0.045421
0.113141
0.101758
0.10474
0.0822805
0.121583
0.03557
0.110213
0.0887398
0.0769989
0.0843022
0.10567
0.110004
0.13619
0.0538163
0.0936029
0.064367
0.0729482
0.124561
0.104051
0.0399296
0.116817
0.112781
0.0635334
0.117137
0.0710788
0.117338
0.121157
0.114143
0.0749246
0.0390504
0.125606
0.0513978
0.0869062
0.0824195
0.0831842
0.0287915
0.0394859
0.118087
0.0132012
0.0876976
0.123758
0.076473
0.13995
0.0625311
0.0217767
0.0381197
0.0365409
0.0403691
0.0239035
0.076063
0.0409319
0.0347665
0.0692361
0.115113
0.0775745
0.100481
0.112172
0.122945
0.0951703
0.0351481
0.121864
0.0768647
0.0830221
0.0991648
0.0574127
0.0127147
0.106501
0.0661627
0.0942772
0.0942798
0.10699
0.0663704
0.136603
0.0579846
0.0333368
0.117571
0.0743632
0.0723597
0.107769
0.122862
0.066217
0.0458423
0.0144903
0.0855778
0.128459
0.112692
0.0952667
0.0260839
0.110488
0.0946421
0.0318403
0.104817
0.0776355
0.117694
0.0643615
0.109294
0.112323
0.0999178
0.0124297
0.111859
0.0423559
0.0568658
0.123922
0.0857939
0.112788
0.0377272
0.12395
0.0996857
0.0399784
0.0984993
0.0201941
0.116983
0.055103
0.0398752
0.121154
0.100519
0.0947389
0.117987
0.0790122
0.106753
0.0779691
0.0902722
0.0239709
0.079768
0.0835682
0.115916
0.0362909
0.102891
0.107236
0.100152
0.0805146
0.0792713
0.0874079
0.0709821
0.0207225
0.105949
0.0724324
0.0952427
0.0187766
0.052563
0.049407
0.0623762
0.0773931
0.101757
0.0514783
0.10554
0.0760493
0.103196
0.0614209
0.0994463
0.0498482
0.106879
0.112275
0.101499
0.101496
0.0599288
0.112314
0.115109
0.110849
0.115536
0.0720242
0.110131
0.110283
0.0223404
0.107929
0.0920386
0.132582
0.112174
0.0513191
0.0187062
0.0312094
0.0906093
0.0790339
0.116595
0.125117
0.0559259
0.0984032
0.0207231
0.104995
0.10909
0.127943
0.01296
0.0367594
0.0896557
0.103014
0.0969327
0.112134
0.111505
0.039127
0.106921
0.10512
0.109294
0.0892652
0.100383
0.0950257
0.0533433
0.0681346
0.103056
0.0916791
0.0821813
0.0514547
0.0771358
0.0683863
0.0966584
0.0716407
0.0948122
0.0940376
0.0992882
0.0504219
0.0775779
0.103368
0.0983856
0.0629818
0.040109
0.0766444
0.108016
0.0337286
0.0455225
0.0530949
0.0601511
0.0912896
0.021343
0.0680493
0.0964939
0.0468814
0.0932789
0.0979248
0.100873
0.0728509
0.101575
0.0834324
0.106797
0.101486
0.0308049
0.08853
0.0606695
0.0688158
0.0509352
0.0509701
0.095146
0.0857682
0.0530351
0.103318
0.0806398
0.0376816
0.0545987
0.0619802
0.0300314
0.117359
0.110461
0.0111932
0.0882156
0.113876
0.0758868
0.0148026
0.0996905
0.0623446
0.100506
0.102511
0.108719
0.085008
0.117141
0.0614156
0.0977035
0.0983809
0.0390719
0.0202904
0.0331904
0.0862056
0.0461492
0.0714761
0.0699846
0.0431784
0.0965954
0.10374
0.0867595
0.040317
0.0636649
0.0834899
0.0887169
0.0156103
0.0705965
0.0984279
0.105062
0.10149
0.0805328
0.100131
0.0646191
0.0963427
0.0777099
0.0828507
0.0202267
0.0976439
0.0864251
0.109747
0.0843733
0.0854823
0.0203497
0.114405
0.0450407
0.0702009
0.0120709
0.0657795
0.0738394
0.102978
0.053451
0.0159009
0.034683
0.0565604
0.114519
0.0513763
0.0413486
0.0696288
0.0542694
0.0638907
0.0211493
0.106394
0.032711
0.0440013
0.0978946
0.0937652
0.0850053
0.0660584
0.0222083
0.106047
0.0690758
0.101367
0.0809477
0.111545
0.0946882
0.100063
0.107016
0.0128812
0.0579007
0.0131024
0.098035
0.0113684
0.0634086
0.111986
0.105623
0.0905407
0.0934404
0.0968055
0.109235
0.098903
0.0948112
0.0552759
0.0108298
0.0983618
0.111403
0.0338777
0.107782
0.106163
0.0627562
0.0103312
0.0348357
0.108245
0.0897426
0.0962321
0.0849244
0.0292147
0.0906864
0.102228
0.0967292
0.0924221
0.103824
0.0712063
0.10281
0.0890684
0.0508814
0.109699
0.0224964
0.0784677
0.0985255
0.086948
0.117745
0.0546053
0.0102629
0.0940626
0.102974
0.108011
0.0311582
0.105152
0.0844712
0.0736617
0.0673768
0.0449179
0.0861696
0.0676564
0.0954403
0.0596276
0.0610715
0.0674051
0.0949465
0.0893922
0.0389063
0.0931703
0.0329098
0.0269329
0.0692717
0.0741204
0.0917141
0.089766
0.0808138
0.0130564
0.0571169
0.0924835
0.0105316
0.0334846
0.0835542
0.0865851
0.0299426
0.0355612
0.0681104
0.0343765
0.054952
)
;


// ************************************************************************* //
