/*--------------------------------*- C++ -*----------------------------------*\
| =========                 |                                                 |
| \\      /  F ield         | OpenFOAM: The Open Source CFD Toolbox           |
|  \\    /   O peration     | Version:  v2012                                 |
|   \\  /    A nd           | Website:  www.openfoam.com                      |
|    \\/     M anipulation  |                                                 |
\*---------------------------------------------------------------------------*/
FoamFile
{
    version     2.0;
    format      ascii;
    class       volScalarField;
    location    "1000";
    object      omega;
}
// * * * * * * * * * * * * * * * * * * * * * * * * * * * * * * * * * * * * * //

dimensions      [0 0 -1 0 0 0 0];


internalField   nonuniform List<scalar> 
9793
(
0.0224608
13.3958
0.0219344
2.52595
0.0222599
0.235094
0.0890682
6.98175
0.0221718
21.3408
0.0221975
0.0221883
0.0219143
1.58474
0.0217995
0.0260923
0.0561697
0.021928
1.95912
0.0215654
0.0216294
0.0222917
2.49699
6.98623
1.66214
0.0269217
0.0221004
0.0222621
0.0215758
0.0862963
9.39578
0.450834
0.0220097
0.0219403
0.0218683
0.0291002
0.0242768
0.025155
1.31765
0.0318228
0.0736658
9.19188
5.31669
0.0222717
0.0219631
0.0220426
7.27689
0.0222844
0.0216973
0.0219348
0.0287264
0.0218508
0.0393736
0.0222688
0.0336449
2.09698
0.0219237
0.0970899
0.0217047
0.0222914
0.0273479
0.100867
0.0219484
0.0361537
0.0219634
0.0220974
30.2868
0.0243356
0.0246628
4.08269
0.0220024
0.104977
6.71901
1.36579
5.46442
0.0222627
0.0472354
11.0115
0.0219802
0.0222707
0.0511613
1.89308
0.0542948
0.0242048
0.0247404
0.278163
0.0222614
0.0732448
1.32873
0.0970428
1.74427
1.83792
2.2333
0.042474
4.85163
0.0219028
6.33607
0.0525456
0.0249894
0.0222686
1.30444
0.0373746
3.30347
0.0219681
3.73928
10.8469
0.92437
0.0218768
0.0219844
0.0222835
0.0222338
2.05828
3.27262
8.7993
0.0219761
0.0221136
0.0238288
0.0220503
1.74809
0.0220287
2.93167
0.0785918
8.5421
0.0447612
0.0243236
0.0220345
0.0644781
7.51485
0.177664
0.181489
0.0237609
0.0218081
0.0223532
0.0234584
0.0278416
0.176869
0.597076
0.0238816
0.0222737
0.0652217
2.04371
0.0281293
0.0219644
0.0595453
7.43538
0.675765
0.0220355
6.13976
0.0218062
0.0220294
0.0220701
13.3968
0.024478
0.0220931
0.0219269
1.8565
0.0602036
0.0219429
0.661413
0.0219281
0.069108
0.0238847
0.0216363
0.361798
0.0220406
10.3912
2.76998
0.0222288
0.021878
0.022218
0.02198
6.79517
26.3102
1.69971
0.0219078
0.211898
0.147657
0.781729
0.0219646
0.0242559
4.47871
8.27169
0.0843754
0.0220354
0.0220731
0.0218714
8.75731
6.40669
22.9362
3.51366
0.0220258
13.1639
0.440498
0.0256919
0.0217287
0.0234895
2.03063
0.0216028
0.0219252
0.0222049
0.0220262
0.0216263
0.0299857
0.0250818
1.57899
0.0219369
0.0288231
0.0222243
0.0224229
0.488284
0.062133
2.23676
0.02164
3.32027
0.0242206
0.0429737
0.0218149
0.172177
0.0221225
0.0514603
0.0566282
0.0216304
1.40404
1.92065
0.0405886
0.0218916
0.0546656
2.01916
0.0507406
0.0516871
1.44072
0.136506
0.0404855
0.0369706
0.376777
0.0215891
4.36572
7.57427
0.0216087
0.022223
8.21836
0.0219141
0.0222315
0.114889
0.129263
0.0220926
0.0242809
0.0300637
0.0391178
0.0243105
0.021971
0.0456711
2.90999
0.0216284
1.75407
0.0222623
0.0221712
0.0216664
1.99785
0.0219802
3.69087
2.95766
0.0221043
0.0221323
4.83571
0.0218474
0.0222402
0.0218181
2.53227
0.28774
0.0252404
0.463471
0.0914686
2.98719
3.54096
0.0222598
23.3555
0.0222645
1.94339
7.61754
1.38281
3.09983
0.131561
0.0237694
0.049599
0.0247246
0.0217545
0.0222952
0.48386
0.0270947
0.0221409
0.0222838
0.0216378
0.0217045
0.0216322
2.27968
0.0218672
0.0217923
0.0219227
0.0219166
5.28714
0.652582
0.0652633
0.0229924
0.0602238
0.0220459
0.331345
9.78947
0.0219734
3.71119
0.0341665
0.021957
20.9263
0.422569
0.0220177
0.0480859
13.0579
0.0222032
0.0344261
0.0217904
0.0222962
1.80734
0.042004
0.0219495
0.0220217
0.0228547
0.188513
3.30181
0.0219386
0.0218706
0.021741
7.4851
5.1902
6.8093
0.021586
0.0445529
0.0353014
2.26978
0.0742086
0.0215832
0.0216328
0.0217418
0.0480581
0.0221291
7.10269
0.0220886
0.0217859
3.02219
2.18907
2.55027
0.0217851
1.29547
0.0250154
4.07834
7.0385
1.51595
0.0238324
0.0330232
0.684581
1.61929
1.97418
0.0267448
0.0222635
0.0256286
0.0216686
0.0218519
0.0221058
0.0220825
0.022292
7.91087
0.0222073
0.0648439
0.0314432
4.81921
0.0215798
0.0242986
5.39797
0.506936
1.61285
0.0721141
0.021788
0.0239138
0.0219378
0.50886
0.0215733
2.35342
0.170824
0.0894192
5.96944
1.84638
0.0221382
0.0218901
0.800054
0.44959
0.0219354
6.44583
0.0221322
0.0221768
6.70326
0.0216384
0.0987844
0.0215989
2.48612
0.0220941
0.0220485
2.92202
0.0979399
0.0547834
0.0256838
0.0220754
0.0218477
7.96778
0.0524329
0.021574
0.0221955
0.034937
0.0353298
0.0539415
8.56657
0.0221967
0.0219368
0.428572
0.022082
2.45671
0.749883
0.0220649
0.0220146
0.0222708
0.0221173
0.0217254
1.3104
0.0519513
8.32523
0.0292766
0.0231019
0.0449753
0.0248607
1.61482
0.026579
0.0222679
0.0243454
0.564603
0.0219648
0.0219328
0.0220005
0.0215763
0.0219835
0.0218155
0.0220441
0.0221584
0.0230231
0.0246804
0.114135
0.0220078
1.50853
0.0259475
0.229368
4.36307
0.0217613
3.33142
0.0870629
0.0217381
0.0215763
0.021975
3.88433
0.0933162
0.021573
0.0221212
0.0221982
0.0687339
0.164342
10.9124
0.0219768
0.0219283
0.0321118
7.50028
1.3531
0.0238845
0.0231833
1.85531
10.2501
0.244894
0.0222596
0.0217971
1.47117
0.0219073
0.145531
6.09856
0.021563
0.256942
0.027548
1.31679
0.0218467
1.73221
0.345664
0.0256456
3.66875
0.0219052
2.02285
0.0220952
0.0218861
0.0222236
0.021942
4.26893
0.021898
0.0216928
0.0229575
0.0215951
0.0217976
0.0479209
0.0229323
0.0355165
0.0220344
0.0220388
4.28618
0.0765179
0.0238321
1.77826
0.0242672
0.0222651
0.0219847
0.0217238
8.39259
0.0216825
0.0220697
9.62626
8.74957
0.0399866
0.0219221
0.0222842
0.0221261
0.0222414
1.66202
0.0222518
4.1737
0.0240022
1.82916
0.0222622
23.0038
0.0222464
0.248726
0.0219134
0.0896703
4.40088
0.0221038
9.63891
0.0219056
0.0222182
0.0216198
6.02675
1.63184
0.0219827
0.0284537
0.0216765
1.82357
0.0218773
0.0464253
1.62752
0.0254675
0.0220271
0.0468945
0.0222452
0.0221682
0.0217601
0.106361
0.0219558
2.07709
0.0220525
0.0221468
0.0406115
0.0811881
0.769397
0.0217799
20.7217
0.0218858
0.21841
0.021921
0.0221742
0.0219029
0.0220503
0.0222683
0.237639
0.0410088
9.84748
0.123061
0.0358624
0.0349074
5.28617
0.0237735
1.60185
4.14441
0.288479
13.0937
3.45232
0.194399
0.0221739
3.41164
0.0401171
0.0220918
0.397636
0.022251
0.470558
0.0367004
0.23328
0.0279257
1.91674
7.83271
0.0379703
0.212595
0.0222168
0.704948
0.0229554
0.021916
0.0221118
0.0231337
0.0482163
1.37858
0.303703
7.37219
0.0234691
0.0236208
1.31374
0.366671
0.0229658
0.0661515
0.0224507
4.90353
3.12826
0.0220588
0.0655217
0.278781
8.27857
0.0219583
0.0261264
10.0223
0.0291278
8.99873
0.0926835
3.6132
0.0260391
0.0239051
0.0219322
0.0219257
0.21548
0.0222843
0.226371
0.148424
0.0858302
0.0222596
0.0222241
0.0233045
0.0220004
0.0218325
0.0219154
0.111524
4.12643
1.70895
0.0222797
0.374575
0.0219477
4.20937
0.0493634
0.0475773
0.0346958
0.315957
0.0217497
0.0220606
0.0442596
0.0219069
0.0220711
0.0644417
1.39262
0.0216254
0.204647
1.40049
0.0245698
1.82593
1.44523
0.021831
0.0573001
0.0267936
0.0220205
0.0216179
0.106073
1.40983
6.961
0.0219849
0.0220164
0.0216674
0.024107
0.0229659
0.024036
0.576004
0.0489985
0.0221522
7.38727
0.0300964
0.0341471
0.0220266
21.9018
0.023585
0.0219178
0.0876026
2.13163
0.0215777
0.0220501
0.0219441
0.0250949
0.0217454
0.0390243
0.662009
0.0222411
0.105683
0.0227888
0.0219771
1.02266
2.90125
0.288706
0.0220756
0.021589
4.01512
0.0261517
0.52001
0.0215569
0.0219088
8.08902
3.93077
0.0307112
0.106303
0.0642294
0.0218885
0.0222717
0.0219782
3.81409
0.0220577
0.0222928
1.50642
0.0277479
0.340426
0.0333045
0.0219331
2.58869
0.0222681
0.0219145
0.0219681
0.0311217
3.29627
0.0221632
0.0219735
0.0219051
0.0218947
0.0219392
0.0219499
14.0994
0.0321584
0.0229314
0.0221111
0.0321901
0.064891
0.0259652
0.0288125
0.0222839
0.0216607
0.0234701
2.0126
1.85938
0.0229378
6.87556
0.0222161
0.0255682
1.47874
2.16019
0.0217841
0.0221815
0.346257
0.0545755
0.0219068
0.022249
2.1229
0.0222682
0.0734751
0.0220092
0.638339
0.0222479
0.0222794
0.0221277
0.0314727
0.0219609
0.0247619
0.0263619
0.165412
0.0218618
0.0219947
0.0222498
0.0218815
0.0221272
0.0219067
0.0317604
0.0221119
0.055229
1.68982
0.0444902
0.0677999
0.0222028
0.021759
7.78258
5.12982
0.0216083
1.76961
9.0379
0.0215947
0.0219692
0.0218761
0.103511
0.0574778
2.38479
0.0218558
0.0254089
0.0218584
0.0223479
0.0222702
0.0909505
0.022103
0.283742
0.0220942
0.0601535
0.021892
0.0232736
0.0219175
0.03814
0.061326
8.33481
3.23632
1.82307
0.0507189
0.021911
3.00265
3.73434
0.065941
0.0220152
0.022086
2.01973
0.0218691
3.06828
0.0216018
0.0296291
0.0221654
0.0222699
0.0217934
8.64535
3.83009
2.76049
0.0737621
6.26292
0.0219473
2.99591
10.8634
0.0222705
0.0221296
0.021731
1.49585
0.0215589
7.41032
0.0329395
0.159541
0.0223232
1.13456
12.8579
1.69597
0.0299561
0.0331311
0.0220413
18.027
0.021538
0.605778
0.253163
0.0711722
10.5995
4.29536
0.023903
0.0235452
0.0219488
0.0954682
7.32336
5.70265
0.021745
3.92792
0.0254761
0.125822
0.124649
1.40404
1.45333
0.0216273
0.0263231
0.0311553
0.023977
0.0235065
1.92993
0.0221979
11.5707
0.021803
0.021609
0.084146
0.117105
1.10164
0.0226035
23.5867
15.2753
0.823283
0.0271439
0.0222331
0.0226104
0.022227
0.0219227
0.958875
0.44337
0.0221968
0.0219228
0.0325096
1.70732
0.0262808
0.0219286
0.450765
0.0219361
0.0222749
0.0215473
0.0639147
0.0220296
0.0247669
3.90576
0.0647731
0.0223058
4.2589
0.133745
0.0219313
0.0227624
0.0352339
0.0222624
0.0219628
0.0217591
12.9352
0.249163
0.0222733
0.0369102
0.036795
0.705411
0.0219616
3.34043
0.0218605
0.0217526
0.648235
0.280893
0.0702313
0.0220809
0.0218916
8.36525
1.31978
0.318932
2.86171
0.022104
0.0233249
0.022014
9.84624
0.0244699
0.676073
0.0227948
0.0219498
0.0232835
0.0216848
0.0218745
0.0666284
0.0217831
3.26921
0.0218185
0.0222424
0.021565
0.024696
1.59249
2.68075
0.0554963
6.82548
0.0219787
0.0368034
0.0231767
8.57202
0.0217781
0.021619
3.61962
0.0352924
0.0333424
0.022113
0.224149
8.72665
2.13608
0.0221911
0.0350056
0.904752
0.0317858
1.1362
0.138072
0.0869512
0.0217696
0.0226522
0.065744
0.0810324
0.0219862
0.0980584
0.0217386
0.0221841
0.0223305
0.0217776
0.0219116
0.0219919
0.825745
0.0261007
0.0229657
0.0476888
0.0217548
0.0219287
0.0391587
2.912
0.0870022
0.0647946
1.8971
0.0222341
8.60697
0.0297568
5.60634
0.0640271
0.0222026
0.0220572
0.0234657
7.85639
1.77262
0.0528063
0.167263
0.0216582
0.0219293
0.0222484
0.0222019
9.30559
0.0259009
0.0219486
0.176774
0.290866
7.36548
0.0227576
3.3848
0.0569287
0.0424125
0.0326449
0.430709
0.272736
0.0223054
1.46124
0.292075
0.0394149
1.90652
0.0478639
0.0221775
0.0222638
0.0219165
0.0232858
0.0274739
17.6362
0.0536566
0.0218704
0.346289
0.0220035
4.27732
3.38261
0.0219542
27.2201
0.0218104
0.0217571
0.0219525
1.51292
15.198
0.0517525
0.0316908
0.0216903
0.646265
0.0222313
0.0314807
0.0220917
0.0221803
0.0219023
6.51052
0.0229183
0.0428281
0.0294315
0.0222119
0.383889
0.147185
0.0348613
0.0256711
0.023761
1.52707
2.93764
0.0218272
0.0217733
0.0218246
0.0226707
9.62588
13.0377
0.237342
0.025947
0.0217884
10.6697
3.52695
0.0222644
22.343
0.021715
0.0918291
11.1611
0.0217457
10.4895
7.56399
0.138508
7.73075
6.9936
0.0218622
0.0227773
2.49351
1.34201
0.0226483
5.94638
0.0251906
0.0219117
0.0222739
0.0230756
0.0421766
0.0254774
0.327904
7.94447
0.259032
0.0348036
0.0220794
0.0631909
2.19285
0.0217695
3.62709
0.0495915
0.0222202
0.0248905
0.0222418
0.0222586
0.0319748
2.28885
0.0223777
0.0217911
5.64228
1.3661
0.0753034
0.0222616
0.0587885
0.0219286
0.0219314
4.87691
9.95634
0.0219207
0.0214932
2.63983
4.47727
0.0503553
0.0223202
10.6946
0.0226304
0.021926
0.0233344
0.0219318
0.0216517
0.0216266
10.4145
0.19108
0.0262428
1.58775
0.0479683
1.30579
10.1023
1.61929
0.171105
0.0219503
0.022239
0.0222651
0.0219928
0.0786329
0.0218797
0.112694
0.0300158
1.25913
0.0220461
1.44896
0.0366686
6.08995
0.0219249
1.74002
0.0303872
0.19113
0.300587
0.0316119
0.0216236
10.749
0.0596202
1.98876
0.0216064
6.60732
0.0220249
6.61586
0.551488
0.0443615
0.0219216
0.0220887
1.62362
10.0299
0.0326038
0.0215606
0.479989
0.0904301
0.0473771
3.98816
0.081918
0.0219518
4.81176
0.0219191
0.034076
0.0216098
10.1762
0.0216169
0.0231184
0.385131
3.52854
0.0222224
0.0718869
0.0241816
0.0822055
0.021878
0.381869
0.0235484
0.0663031
0.0219647
0.0219855
1.84961
0.0290472
6.8837
5.05702
5.67286
0.0228197
0.0216351
0.0217692
0.0259283
0.0386297
0.0324227
5.35302
0.0235743
0.24916
0.0429924
0.0222811
0.0219726
0.0743103
0.440718
10.7807
0.0219124
1.50114
0.0218615
6.65373
1.50335
0.0496719
0.0219966
0.0217349
0.0444632
2.51587
0.0245265
0.0222688
0.0233371
0.0472694
0.0226422
1.61973
1.88122
3.92846
0.022157
0.0266705
11.2453
0.0221878
0.0630957
0.0218192
0.976246
0.0372693
0.0219499
0.0444201
0.191901
0.0218682
2.33635
0.021916
0.154973
0.27155
0.505454
0.366484
0.0221676
0.0222538
20.2714
0.0222169
0.0409345
0.0887792
0.02359
0.021529
11.1858
0.0250863
0.406934
0.0229426
0.0691308
0.0226356
0.413131
0.0255261
0.0248457
2.7907
1.23939
0.0220898
0.0222731
0.176174
1.74466
1.92234
0.820656
0.0295769
0.0219267
0.0218129
1.50404
0.0221391
6.92471
0.106424
1.83226
0.0221073
0.0217215
0.0217944
0.044601
0.046502
3.71923
1.37953
1.18561
0.247091
0.0216093
2.49577
0.0231552
0.0674811
0.0227904
0.0416084
0.0620006
0.0219268
0.0215782
0.0690906
0.02164
0.0403426
0.0720815
3.20408
5.19389
0.038092
1.44298
0.0217453
0.0216292
0.0220747
0.205891
0.0633151
0.0482478
0.123154
5.77244
0.040365
0.165292
0.0218231
0.0221918
14.029
0.0219039
0.314204
0.0214707
0.0218709
1.79051
0.34753
0.0218784
0.0865889
0.527723
4.21015
2.31111
0.025402
0.071367
0.0524073
6.34539
0.0221053
6.17882
5.8834
0.0238511
0.025403
0.0216137
0.519407
0.021704
0.0219846
1.50972
0.0222965
0.0215658
0.23006
0.0628696
1.33586
1.34165
3.32834
1.74122
0.021604
0.0219128
0.0218839
0.022206
8.32842
0.0221216
1.64348
0.0231371
6.76198
0.0246744
0.0221648
0.0216841
0.0222878
0.0308064
0.0220083
0.0215193
0.361938
0.0218256
0.0546917
0.0225584
8.65898
0.0247005
0.0220787
0.0218657
0.0565217
0.0219048
0.0217614
0.0220893
0.0222153
0.0238428
0.0218688
0.0235462
0.032013
4.76092
6.11286
6.79877
2.36209
0.0217709
0.0220051
0.0219278
0.0214331
0.0219317
0.0217382
0.170808
0.0218672
0.0222519
0.0220692
0.0220416
0.0219621
7.06063
0.0235928
0.0219691
18.828
0.04607
0.0217131
7.33283
8.67825
0.0220193
0.512872
0.754196
0.0220942
0.0468515
0.0241383
0.0215625
0.0278323
0.0221013
0.040556
0.0220128
0.0222476
0.0217498
30.2459
0.0279857
0.0468478
0.0220328
0.0222654
6.89973
0.0260285
0.0220358
0.0240235
0.0243957
0.022252
0.241844
11.0218
1.64339
1.53356
0.243039
0.0382497
0.0222597
13.3595
0.180776
0.0228677
0.0641156
0.0222932
0.0219028
0.0222467
1.90648
0.0476179
0.021997
0.0220405
0.210389
0.0217333
0.458578
0.0219851
1.88843
0.267241
1.63394
0.0220795
0.023356
0.0322675
0.0363012
0.022329
0.0397352
0.0899926
2.37315
0.0220197
0.496089
10.6081
0.021568
1.50617
0.044615
0.339182
0.116213
0.0219195
0.0282606
0.0430036
0.0216872
0.0252833
0.0215483
1.41236
2.40182
0.0333171
0.0218263
0.168914
0.0772326
2.86599
0.312724
0.0235129
0.028436
0.0219484
0.0219498
0.043039
0.0535886
19.3043
0.0218213
0.456587
0.0226547
10.3718
0.203184
2.30191
0.0216054
0.023068
1.9789
1.79109
0.0438121
1.94324
0.0226313
0.236219
0.0219119
0.0218666
2.56566
0.307823
0.024173
0.0220944
0.0790225
2.15581
0.199139
0.0683235
0.0217758
0.022013
0.0217176
2.38166
8.2155
0.0217647
0.0479012
1.57303
0.0804421
0.313405
1.53787
5.80307
2.3559
0.021783
0.0225288
1.40854
0.0218879
0.0506381
1.57767
8.66855
0.023526
0.030655
5.05358
0.632192
2.02611
7.26596
1.39173
1.33048
0.0221119
0.0216255
0.0219916
0.0224557
26.0392
0.0560122
0.387518
0.46417
0.0586339
0.0219464
0.222101
0.0216995
0.0312594
0.0219196
0.0416496
6.42767
3.46044
0.0220717
0.0216063
0.0384139
2.4282
0.211517
6.81694
0.0457199
0.0221084
0.0847626
0.0214684
0.0974333
0.0325227
0.0219156
1.85628
0.170237
0.646541
0.0607137
0.0223101
0.021577
8.90141
0.0254192
0.0216256
0.0221459
0.0222561
0.0216854
5.93507
10.1714
1.78324
1.39289
6.18304
0.0235093
0.0219459
1.90937
0.0242794
0.0865946
7.53473
0.0218651
7.68418
2.67284
0.0635641
0.03428
0.782558
0.0232761
1.77559
0.0386087
1.88169
0.0218279
0.0230047
0.0419357
3.27591
0.128797
0.0712604
5.81175
2.24029
0.0731146
0.18186
3.27458
0.0243841
0.368595
19.9914
0.0367977
0.0646525
3.20826
0.0327713
0.0376729
0.0221045
0.0387495
0.0413138
0.0592216
0.0220891
9.49901
0.16467
1.71031
6.35784
1.98941
0.0406193
1.58058
9.67071
0.0218451
0.218845
4.43219
8.25
0.0282884
0.0243953
1.60508
10.3473
0.0216144
0.251244
0.0217527
0.0219062
4.19512
0.0256175
2.16923
1.42213
1.65041
8.67148
0.0216254
0.0369187
0.0220053
0.0218422
0.114287
0.0611403
0.0268541
2.74349
1.71235
0.0222732
0.0263831
1.34882
0.0233213
0.423477
0.0488125
1.297
1.28683
0.479042
10.3315
8.79329
1.70359
1.29721
1.51978
0.0300677
0.0254352
0.124427
0.128156
1.5621
8.41965
0.0221328
0.0227184
5.92754
2.20251
0.0245038
5.81967
0.0219383
0.816456
5.73434
5.18956
0.0219211
1.57941
1.56881
0.0272055
0.0354967
7.85079
7.15508
7.17788
4.24665
0.0220327
8.27519
1.48469
0.0416497
0.24566
0.111794
0.0217352
0.0270514
3.38867
2.00734
0.0247227
0.0221717
1.54191
0.0857986
1.62233
0.0797336
2.31452
1.32238
0.0219918
11.3694
0.0222852
0.0305229
0.0221087
0.0218704
0.0217054
0.0381624
0.304515
0.0214975
17.69
0.0756536
7.36522
7.20188
1.88887
0.0219074
5.52852
1.53506
1.88456
0.0351476
0.0219271
5.3129
0.448506
1.70502
0.0560536
0.0235858
0.0216891
6.95593
5.65835
0.0341053
17.6477
0.0315042
0.022248
1.33717
0.0551011
20.6067
0.021905
0.0285391
1.5625
6.65112
1.31243
0.225639
1.2886
1.57042
6.78581
0.022047
7.49572
0.0491611
0.0218482
0.0215571
0.0219448
5.80269
0.0503281
1.2912
1.36973
0.0363868
0.15706
0.0804763
2.50756
0.267487
7.5858
5.76491
1.33528
0.0929806
0.021651
0.360949
0.0586699
0.102174
1.31694
2.60501
1.68773
0.0220946
0.0242357
0.0488289
0.0220598
0.0219632
0.0283746
1.31071
0.0277058
0.0244618
1.33487
0.0766015
0.32988
5.29997
1.35629
0.488468
1.57701
5.96398
2.08489
0.0634277
0.0323408
0.0221483
1.30207
0.116912
0.258883
0.0643984
0.0621553
0.0214546
0.204477
7.17807
0.0258376
0.0215913
0.0229585
4.79852
0.0218729
0.0220242
0.0663279
1.41102
0.0279544
0.056077
0.188789
0.0309452
0.0635609
0.0218838
0.021978
0.0424392
0.246625
0.0223089
0.031794
0.276034
7.62164
0.0221642
11.5819
0.0218811
1.34258
0.0233661
0.0235505
0.0215572
0.203901
0.0345683
5.82459
10.5623
0.0697327
0.022163
0.0218978
7.39273
4.22632
0.0217688
0.271352
1.42139
0.0551502
0.0796358
0.0214312
0.0227695
0.0219226
1.34507
0.0437291
0.0220505
7.40246
0.0224399
0.0586967
0.29469
0.0217366
0.0994569
0.0636513
17.818
0.0224781
0.0264384
0.0235151
0.0571477
0.0214076
0.0219018
6.88951
0.367686
0.0808966
0.0219585
1.51008
0.0224496
0.0224433
0.0219577
0.557667
7.53016
0.0238625
10.7042
2.35497
0.0680809
2.86537
5.91549
5.81035
7.62854
0.0563657
0.067442
0.246017
0.050018
0.0219506
0.0304638
0.0301124
7.82555
0.0220796
3.68017
0.0219795
0.410401
0.0986442
0.022892
0.0231502
11.064
9.92377
4.78675
1.48386
0.0218112
0.0708774
6.14429
0.0260571
10.3831
0.0415896
0.109407
1.36027
0.0326947
0.0219924
0.137195
0.16606
0.0219207
1.3676
0.998285
0.0217111
0.0222399
0.0221216
0.022009
6.48529
0.0219094
0.0494258
0.0220248
0.0222383
0.0327729
0.021943
1.37448
0.091269
0.0222017
0.0216307
0.123254
0.0233221
0.0563839
6.04377
5.85254
0.0555961
0.253869
0.0413392
0.0215978
0.153842
9.46912
0.0388181
1.32028
5.22504
0.076797
0.0397336
0.0270201
0.0714522
0.0386082
7.80459
0.0221145
0.0222037
0.0217627
2.13128
10.4687
0.0365946
0.0944915
0.021865
0.0259319
0.109956
0.31232
0.0219345
0.0629507
1.47739
0.0894329
0.0219908
0.0219429
19.8118
6.97191
0.0219333
0.672706
0.03063
0.228042
0.251717
0.0218599
2.72655
0.0293707
0.0220253
1.90475
0.234283
0.02192
0.0221632
0.302595
0.0217858
0.0220401
0.142293
0.0427084
0.0465333
7.51731
0.0254607
0.0427247
1.43132
0.0218431
9.82896
6.43988
0.0252976
0.0622149
0.196358
0.0219819
0.179759
0.0214716
1.94602
1.48518
0.0220023
5.55723
9.58425
0.0219549
0.0219462
0.590074
0.0382569
1.52228
1.47055
0.0220954
0.044486
6.22528
0.022499
0.0511611
0.0737155
0.0343232
2.01339
0.211896
0.0229413
0.259224
6.90309
0.04618
2.93411
0.02191
0.0215552
0.0222675
0.0429232
6.12132
0.0220662
0.0331615
16.1693
2.49924
0.0222184
0.0302359
2.03227
1.37205
0.0222254
10.0684
0.0348253
0.0940397
0.0359683
0.0231992
0.0262091
0.021975
0.0219614
7.05268
0.0219334
0.053068
0.0219799
6.44605
0.0229213
0.0233512
0.0215943
0.0237742
0.0219795
0.04254
5.69472
0.370558
0.0388027
0.0430339
0.0219674
0.0320231
0.0540619
2.58767
5.81918
0.0218297
1.05461
0.0220219
2.24669
1.33198
5.69966
0.0218267
0.113284
0.0760134
7.07965
0.242557
0.0218617
3.11371
0.32933
0.0384286
0.479333
0.0221296
0.0220077
0.0400808
3.74723
0.0219304
7.08048
0.034398
3.10096
0.0924837
0.0224278
2.18596
0.0284267
0.0221578
0.293666
0.0219507
2.77114
10.7909
0.167316
0.0278373
0.157855
0.0219405
0.110945
0.0454514
10.1761
0.022036
0.0216153
0.027178
0.029966
0.0454409
1.65985
1.24288
0.0362583
0.230532
0.0218172
1.56878
5.25055
0.198896
0.0219249
0.0222605
0.0227576
1.86718
0.0220814
0.0264364
1.92882
0.0875277
0.0219976
0.280748
0.0829677
0.0219855
0.0253625
0.130527
1.55076
0.0728377
0.0443724
1.58343
1.38452
0.281518
0.0269583
0.0221387
0.0245536
0.0247897
0.154146
0.059579
0.0275599
0.0814377
7.3891
0.0241893
0.021996
5.85811
0.326855
1.64384
0.189543
0.0260301
0.023814
0.0237423
0.0217744
0.0219036
0.0454713
0.0215495
0.0229893
0.0220504
0.0230371
0.0236968
0.0219472
0.0391751
0.0362359
0.0220526
0.0219353
0.02212
0.0227865
0.022368
0.248347
0.0220577
0.0235071
1.4912
0.0216886
0.0233346
0.0222764
0.0273563
5.99812
8.95683
2.4576
3.00393
3.73093
0.222353
0.0218734
0.0612166
0.0220367
0.728963
0.0227708
0.0297657
0.0221994
0.0564158
0.0219545
0.0316219
0.0217867
1.82187
0.183754
0.0220795
5.87815
3.37301
0.0220871
0.0880526
0.0219459
0.0215976
7.99714
0.022086
0.0683515
0.215725
0.0221053
0.0215568
0.0767908
1.4557
0.0251392
0.0233329
1.43688
0.0219383
4.47489
0.0517896
11.2641
0.0216748
1.43446
0.0219361
0.02222
0.256689
0.061222
2.12089
1.57829
8.15622
1.90802
0.149591
0.149713
0.0220468
0.126451
0.0219481
0.0218203
0.0943027
0.0219052
0.0219837
0.0216063
0.021617
0.0582184
2.89668
1.40001
0.433529
2.62986
0.0234745
0.0306434
0.0226816
0.0228367
0.0787454
0.0220782
0.0216953
0.0218167
0.0236175
0.0232305
0.200892
0.0821395
0.0473008
0.0221098
0.0552925
0.0563381
1.75102
6.48469
0.0248594
0.040832
0.0220886
12.2997
1.59599
0.0219188
0.0219328
0.0245746
0.0222135
0.272206
0.31676
5.97018
0.02215
2.45931
0.0221445
2.68218
0.0520567
0.0218102
0.0284898
0.838179
0.0271718
0.0282958
0.0301895
0.086963
5.38474
0.0217212
0.0219142
0.0282362
0.137622
0.0218819
1.82463
0.907987
0.021971
0.021426
6.91208
0.0668716
0.0219259
5.63174
16.9303
2.00973
0.533605
0.0280304
1.8646
0.022072
6.15631
2.00775
0.843375
0.0662366
0.0239857
5.66612
0.0252128
0.0218658
0.0214528
0.158888
0.0216385
5.06637
0.0224206
0.0222115
0.0252371
1.35026
0.0239246
0.0228546
0.0220742
10.3373
4.00192
11.7173
1.38054
0.0425652
0.0219321
0.0242376
0.197047
0.114315
0.0219854
0.0514612
0.149066
0.901339
0.0219274
3.38315
6.0196
0.0380916
0.0220636
0.0238571
0.0219512
0.0217326
0.0219391
0.0220307
0.0220225
0.0975282
0.0220966
0.116916
0.0226244
0.0227695
5.96413
0.0700517
0.022914
0.0228571
2.06085
0.0215548
0.0228906
0.0263602
0.0218145
0.506059
0.0312645
0.0228247
0.0447896
0.0219813
0.027498
0.0217591
0.150285
0.0218224
0.021925
7.31011
0.0231113
0.188724
0.0340651
0.023868
0.084095
0.0214114
0.0220886
0.0227169
7.44999
0.0235936
0.0219232
1.95568
0.0220213
0.0216267
0.0218831
0.905556
0.032439
0.126068
0.0338302
0.0310162
0.0503227
0.0239495
0.0274092
0.0480525
2.15502
0.0223058
0.0287203
0.0218156
0.270357
0.225845
0.0219046
0.0277793
2.01636
0.0301357
0.0215486
7.53526
0.0261246
0.0857272
2.24954
0.0283944
0.0219169
0.0297292
0.0219229
0.023579
0.0219032
0.0234448
0.0262028
0.0219704
0.0220687
0.0321412
0.0221939
0.0984312
0.0219058
0.0238074
0.0219496
0.0284695
1.44859
0.0221162
0.0219691
0.100073
0.0227853
0.0219787
0.236482
8.2001
2.77682
0.0220855
0.0245977
0.0346698
0.022245
0.0221265
0.0345443
0.192577
0.0215389
0.0539295
0.0219795
0.021887
0.0217488
0.0215297
0.0226804
0.0437206
0.0347398
0.0268342
1.44324
0.0242427
0.0283206
0.0217262
1.77535
0.283686
1.86114
0.0220625
0.0478674
0.0285554
0.0220454
0.0221212
0.0419754
1.33095
2.26945
0.0218676
0.0275889
10.4896
0.0228119
0.20378
7.28471
1.39318
0.0293268
0.0220049
0.039126
0.0457737
0.133736
11.4814
8.46076
1.35762
0.0226926
0.0221743
0.0219413
0.112816
0.0219213
0.0216907
0.0390749
0.0219297
0.0218667
0.0218765
0.052574
0.0219467
0.0217778
0.0219678
2.31019
0.0215434
0.0220437
0.0221078
0.022414
0.0219389
0.072775
0.0711045
5.65155
0.021575
0.0285753
0.110111
5.73075
2.21924
0.0222829
0.0222753
0.0536478
0.0963381
0.026106
0.366417
0.0219323
0.432823
0.0222782
1.29531
0.0228832
0.0219321
0.0451458
0.0219555
0.0219068
0.0228215
0.739335
0.0245939
0.022489
0.0221788
0.0219753
0.0413343
0.0218688
0.0219135
0.0261688
0.10545
0.0243864
0.0217968
1.29951
7.83095
0.0220267
0.331725
0.0221445
0.0286056
0.0793745
0.235984
0.0235338
0.0230767
0.0220883
0.277181
0.0287732
0.0221266
0.0219066
0.0233558
0.145164
0.0219601
0.034856
0.0239829
0.0352675
0.0509351
0.0390867
0.0919125
3.61235
0.0252045
0.0220389
7.26566
0.377384
0.0219315
0.0214933
0.0220637
0.0219805
0.0219255
0.0240346
0.0216775
0.0220788
7.17523
1.35277
0.0317111
0.0219514
3.04316
0.0239481
0.021702
5.94404
0.0234526
0.0216501
0.0220944
0.0220365
0.0363545
0.0221012
0.0561242
0.0219255
0.0217821
0.0219601
0.033092
0.0368548
0.0218904
0.0590435
1.37739
0.0232319
0.0218905
0.0616916
0.0217189
0.0220413
0.0218639
0.0304166
0.0220525
6.05355
0.0223899
0.243631
3.19426
0.0578093
0.0230798
0.0222242
0.0220832
0.0219377
0.0298217
0.177577
0.126085
0.0218119
0.0239228
5.79943
0.0215824
0.179421
0.0219617
0.0227799
0.0313515
0.0636678
0.0219543
0.0330505
0.0283699
0.0597923
1.35697
9.94339
0.0218276
0.0219258
0.0328872
0.0225187
0.0227367
0.0511934
0.0225831
0.101446
0.0217824
0.0705019
0.0221067
0.0826174
0.0588318
1.32709
5.67411
0.0219177
0.0402113
0.918658
0.234895
0.0215979
0.0217335
0.140362
0.0219425
0.021926
0.021747
0.0215167
0.0729514
0.0741379
20.2871
0.0220201
0.0452741
0.0222551
0.0215908
0.0231451
1.65076
0.15988
0.0219364
0.0221412
0.0218452
6.53334
0.0220312
0.0219452
0.022498
0.0219604
0.0438973
0.0218331
1.66578
0.021982
0.0224188
0.0223139
0.0219291
0.021751
0.0220053
13.1691
0.0217826
0.0219575
0.269281
0.0218879
0.0220431
0.022113
0.0221569
0.0558265
0.0219257
0.0219723
2.45285
0.023277
0.0220387
0.0222825
0.0215227
1.29929
0.0230449
0.022252
0.0219204
0.0259973
0.0219639
4.91634
0.0217944
0.0220084
8.56005
0.0219774
0.0647667
0.0222049
0.0214155
0.0215102
0.0308551
0.0381127
0.0218682
0.0222862
0.0237052
0.0219101
0.0221108
0.022125
0.0218321
0.0217138
0.0217651
4.09682
0.0219537
0.021845
1.62828
0.0219557
0.0270861
0.135988
1.39079
0.0218248
0.0220959
0.0219549
0.0216406
0.0230054
0.0396336
0.0240692
0.0361906
0.0217821
0.024997
0.0220318
0.0214783
0.026883
0.060774
0.0236965
0.0277003
0.0220263
0.0219539
0.0221205
1.83792
0.0231226
0.02201
4.23409
0.0226328
2.64145
0.0220636
0.0219279
0.0217444
1.43185
0.0219843
0.0252546
0.0227499
0.0220726
0.021966
0.0220883
0.0220018
0.0240929
0.0219169
0.0394844
0.0222482
0.040832
0.0215028
0.0216364
0.023672
9.48902
0.0221497
0.0220488
0.0226353
0.021936
0.0238951
1.81098
0.0227959
0.0274285
1.83694
0.355292
0.0227696
0.022515
0.135777
0.0944214
0.0229206
0.022116
0.0218296
0.688385
0.0224251
7.58601
0.0216866
0.0215446
0.0221046
0.0218339
0.0232648
0.0215896
0.0219883
0.0222653
0.0617396
0.0238682
0.0224426
0.0216307
0.355655
0.0653781
0.0215162
0.0221042
0.0235259
0.0222394
0.0220592
0.0215912
1.41945
0.0216025
0.0219537
0.0682201
0.0215818
1.75994
0.0218217
0.042391
0.0263409
0.0219682
0.021541
0.0219232
0.0220234
0.0220437
0.0217291
0.0216218
0.894519
1.55307
1.70472
0.0216158
4.92937
0.0220165
0.0580348
0.0219227
0.0219245
0.02211
6.78168
0.0219469
0.0219095
0.0221271
0.022013
0.337578
0.021942
1.51589
0.0214522
0.022328
2.23998
5.81077
0.0219834
0.0219564
0.0271819
0.0220144
0.154103
0.0217535
0.657115
0.0217804
0.0361849
0.02214
0.0218186
0.0219422
0.0220044
0.0232442
0.021904
0.0313612
0.0346628
0.125436
0.0217002
6.60677
0.0218938
12.6872
0.0219133
5.87233
1.85106
0.0217505
0.0219105
0.0216001
0.0218983
0.0220443
0.0219197
0.0215898
0.022332
0.0214455
0.093689
0.0221106
1.41466
0.0215818
0.0215344
0.0219258
0.0219256
0.0225014
4.20934
0.0227719
4.15908
0.0215445
0.0221198
0.0345365
0.0215893
0.157289
0.0231926
0.0219291
0.0405421
0.0215114
0.0219723
0.0224698
0.0216815
0.0291211
0.0410927
0.0216389
0.0221128
0.0220464
8.67688
0.0235398
0.0215773
6.37925
0.0546132
0.0216294
0.0219133
0.174846
0.0226222
0.0214442
0.34674
0.216501
0.0226307
0.0214508
0.0222401
0.0360303
0.0215738
0.194149
0.0216217
0.0216747
0.0435755
0.0550771
0.021616
0.0216112
0.0215109
0.0217407
0.0217546
0.0417169
0.0219655
0.0217604
0.0221114
0.0218495
2.94502
0.0222722
3.72308
0.0263451
0.0281321
0.0221423
1.45821
0.0219211
1.62441
0.0215317
0.0219558
0.471232
0.0219723
0.0228836
0.0216619
0.0250595
0.021705
0.0270385
0.021566
3.93486
0.0222088
0.0215741
0.0215402
0.02158
0.110534
0.021796
4.36687
0.0219124
0.0251351
0.0215052
0.0220149
0.210556
0.0219979
0.114835
0.0218191
0.0231855
0.0221904
0.0221341
0.0224843
0.0219352
0.0219785
0.267248
0.0215782
0.0219417
0.0226116
0.0220577
0.0220547
0.0341086
0.0218023
0.0219131
0.0218618
0.0216251
0.021764
0.021993
12.0953
0.207585
1.15165
0.0214408
0.0234368
0.0221271
0.0267243
0.129598
0.225518
0.0331263
0.0215749
0.0219781
0.0218718
0.0221451
0.0221158
0.0219074
3.05049
0.0528356
0.0219276
0.155811
0.0221381
6.24417
0.0219577
0.0218895
0.021805
0.0215651
0.0214879
0.0217998
0.0216653
0.0218135
0.0423896
0.023048
0.0219243
1.48929
0.021572
0.0225217
0.0219829
0.0215934
0.0219355
0.333885
0.0218078
8.60039
0.0219266
0.0215979
0.0360402
0.0219123
0.0264444
0.0808516
0.0216713
1.46499
0.0756575
0.0216106
0.0225302
0.0215321
0.259605
0.0216181
0.027803
0.022646
0.0218055
0.021738
0.0218576
0.0219616
0.0223244
0.0217559
0.0222454
9.14816
1.62909
0.0229702
0.0219591
0.251242
0.0318191
2.69892
0.0218018
0.0218833
0.0219602
0.0223838
0.0219323
0.0216295
0.0215947
0.0219703
0.0427925
0.0216644
0.0220315
0.0262413
0.021984
0.0300952
0.0220414
2.45504
0.0218695
0.0219239
0.0232381
0.0416691
5.85341
0.021921
0.0221566
0.0218779
0.0221405
1.89452
0.0225227
0.0219468
1.2919
0.0218341
0.0219928
6.23302
0.0220217
0.0218599
0.0214751
0.0219125
0.0218048
0.0219984
0.0359839
0.0217958
2.19515
0.0220997
0.0238735
7.51693
0.0220043
0.0216506
0.0220629
0.0214458
0.0216214
1.83971
0.021967
0.0220082
0.0225527
0.0219017
8.36993
0.0218109
0.140717
0.0217248
0.0692927
0.156455
0.0753354
3.3868
0.0268324
0.035694
0.0286493
0.0218795
0.0219887
0.0232704
0.17918
0.0609638
0.0215252
0.022006
0.0219676
0.0217625
0.021609
0.151941
1.29265
0.175219
0.0222783
0.0221635
0.0310684
0.0220402
0.022084
0.0218655
0.0220783
0.0219421
1.93079
0.0230771
0.0222352
0.02151
0.0679743
0.0216429
0.022073
0.0217279
0.0215607
0.0219
0.0220474
0.0514903
0.0217961
0.0257768
3.71548
0.0216736
0.0221049
0.0216749
3.81554
0.0215302
0.0217857
0.0472791
0.0219777
0.0766781
0.0217722
0.0215313
0.0226349
1.97693
0.0222527
0.0220947
0.0216866
0.0217785
5.09969
0.0230886
0.0217498
0.178157
0.0219111
0.0217682
1.6653
0.0222936
0.0222941
0.022293
0.0222926
0.0222919
0.0217456
0.0237128
0.0233412
0.0762031
0.0215847
1.72255
5.94429
0.0318235
0.0218311
0.021807
0.0219054
0.0221
0.0217789
0.0221342
0.0217504
0.166428
0.0219404
0.0217915
0.0217649
3.9973
0.0218664
0.0221355
0.0219823
0.0219571
0.0218942
0.0218035
0.0227523
0.0235937
0.0221991
0.0229593
0.0232796
0.0222832
0.0224067
0.0225508
0.0219733
0.0222859
0.0215495
0.0218129
0.0217065
0.0226235
0.0217941
8.31949
0.0218668
0.0218619
0.0219831
0.0214266
0.022638
0.0219758
0.0220368
0.0219292
5.73123
2.82128
0.0215641
0.0218057
0.149803
0.0353941
0.516608
0.0218347
0.0241068
0.0358676
0.021559
0.0222034
0.0219584
0.0222206
0.0219251
0.181728
0.0297993
0.0345955
0.0219592
1.55845
0.0221259
0.0220519
1.29026
1.71686
0.0217209
0.021866
0.0222617
0.0229766
0.0219146
0.0219942
0.0218749
0.0234678
0.0215657
0.121978
0.0218024
2.25843
0.0217919
0.022012
1.34867
0.0225253
0.0218197
0.02248
0.0218862
0.0220239
0.0271511
0.0221691
0.363688
4.01269
8.33507
0.021768
0.11203
0.0218755
0.0221612
0.021977
0.0218437
0.0217013
0.0219941
1.8411
0.0218178
0.0219309
0.0216032
0.021854
0.0218885
0.0215777
0.0224449
0.0219804
0.0217322
0.0219399
0.0220265
4.11794
0.0219283
2.32085
0.0222944
0.022007
0.0217917
6.11819
1.39842
0.0216005
0.0216522
8.35765
0.0468101
0.0219319
0.0220263
0.0308512
0.0217784
0.0219184
0.0217838
2.66688
0.0220918
0.0220553
0.022284
0.0218911
0.0219766
5.4033
0.0217071
0.0216831
0.0218072
0.0220784
0.021916
0.0218923
0.0219471
0.021937
8.29487
0.0221031
0.0220052
0.0216827
0.0315242
0.0217171
0.0332323
0.022039
0.0216838
0.0219504
0.0217834
0.0218878
0.0219473
0.022122
0.0216337
0.0218016
9.71704
0.0219658
0.0340065
0.021972
0.0219009
0.021648
0.021832
0.0312741
0.0220182
0.0215232
0.0219555
0.0219142
0.0243148
0.601631
0.0217397
0.0214918
0.0220305
0.0220588
0.0219985
0.164728
0.0218085
0.0220047
0.0323278
0.0217553
0.0486884
0.0218362
4.62585
0.0219343
0.0217824
0.0221045
0.0217945
0.0219443
0.0256984
0.0218798
0.0220224
0.021904
0.0219812
0.022126
0.021757
0.0218873
0.0216597
8.54719
0.0219701
0.0222321
0.088049
0.0236851
0.021799
0.0215521
1.07567
0.0224244
5.69464
0.0217969
0.0953575
0.0222841
0.0238437
0.0215428
0.022029
0.0219158
0.0217644
0.0219194
0.0219132
0.0219501
6.22001
0.0214229
0.0220387
6.38904
0.0221213
0.021623
0.0221609
0.0219194
0.031519
0.0217035
0.0309727
0.0218616
0.0221224
0.0221264
0.0221296
0.0218372
0.0219606
0.0240029
2.44566
0.0222095
0.0221318
0.0218453
0.0220068
0.0216121
9.99335
0.0227613
0.0220652
0.0218945
0.0215911
0.0217003
0.0270896
0.0217928
0.0214764
0.0220668
0.0219702
0.0215006
0.0223348
1.28552
0.0221299
0.0218116
0.0222769
0.0220087
0.0220436
0.0214598
0.0220732
0.022024
0.0220744
0.0221402
0.0215057
0.0219108
0.0220215
0.0219322
0.0221575
8.80768
5.92898
0.022057
0.0235292
0.0218507
0.0259362
0.10817
0.0215951
0.0217955
0.0265977
0.0228412
0.0307702
0.0220495
0.0219691
0.0219391
0.0219868
0.021605
0.0218688
2.20356
0.0337959
0.0215737
0.0244846
0.022252
0.257687
0.0216686
0.0216355
0.0215272
0.0217368
0.0219038
0.0868604
0.0218417
0.10409
0.046197
0.0245934
0.0218846
0.0220833
0.0218503
0.0219125
0.0222646
0.0218937
0.021903
0.030086
0.0220464
0.0218246
0.022161
0.0220347
0.0219715
0.022009
0.021984
0.0217333
0.0220112
0.0218953
0.0220293
0.0220134
0.0356977
10.6042
0.0331914
0.0217224
1.886
0.0220528
0.0216867
0.0636214
0.0223227
0.021878
0.0219126
0.0218976
0.0219401
0.0216663
0.0220298
0.0225069
0.0219247
0.0219244
0.0218
9.12473
0.0217813
0.0218996
0.0299939
0.0217675
0.0217617
0.0219832
0.022293
0.0221499
23.025
0.0218815
0.0424154
0.0219717
0.0430856
0.137223
0.0214589
6.93782
0.0219494
0.0219607
0.0217156
9.6024
3.22253
0.0215926
0.0279868
0.0221683
0.0231394
3.5517
0.0245752
0.0219528
0.0216015
1.12012
0.021973
0.0229908
0.02203
4.57299
0.0219358
0.0215322
0.0217697
10.5546
0.0217974
0.0219802
0.0219993
0.0216697
0.0220143
0.0220893
0.0219992
1.84394
12.009
0.0219932
0.0235539
0.0249042
0.0815857
0.0217214
0.182275
8.14098
0.0215655
0.0216523
11.3919
0.02722
0.022016
0.0217995
0.0222929
2.23743
5.83066
0.0221644
0.0221375
0.0225191
0.0220758
0.0219727
0.022488
0.0222562
0.022047
0.0219193
0.0337596
0.0215317
0.0235699
0.0225883
13.3225
0.0215647
0.0220587
0.0217947
0.022633
15.6009
0.0221304
0.0570927
0.0226703
0.0219966
3.5424
0.0220794
7.55698
11.5705
0.0218493
0.0221219
0.0219324
0.0225432
0.0219984
0.0218349
0.0275574
0.0214385
0.445369
1.93848
1.30893
0.0219986
0.0243081
0.0219502
0.0215749
0.0219924
0.0221444
1.92775
0.0220848
0.0220797
0.0218139
0.0221391
0.022183
0.0221649
0.0219969
0.0219952
0.0221061
0.0215237
0.099235
0.0226478
0.0765099
0.0221481
0.0219293
0.0218268
0.0220278
0.0217002
0.0220463
0.0226221
0.0247146
0.0216879
1.29565
0.0220982
0.102601
0.0219178
0.0219303
0.0765986
0.0293405
0.0219369
0.0219789
0.0220305
0.0219425
0.0216129
17.3312
0.0437518
0.0219264
0.0215403
0.0221157
0.0219984
0.0975404
0.0219943
0.0214952
0.022043
1.31468
11.4951
0.0216963
0.0218275
0.0219748
0.0219527
0.0233112
3.78899
0.0295717
0.0716576
0.0215935
0.0404326
0.124608
0.0221017
0.0222382
0.152725
0.0227229
0.021654
0.206961
0.0237818
0.0231816
0.0217861
0.0512645
0.0220339
0.0219975
0.0657663
0.0219641
0.0236356
0.0220348
0.075957
0.0215215
0.0220271
5.92008
0.0262798
0.0221273
0.0298621
0.0216239
0.0289265
0.0246247
3.18045
7.59196
0.0222819
0.0217168
0.0327962
0.0220342
5.82933
1.4839
0.022083
0.0220547
2.98366
0.0216447
0.0221907
0.0507621
3.95879
0.0677529
0.0216506
0.021933
0.0219231
0.0217975
0.0217316
0.022032
0.0414674
0.0220275
0.0215043
0.0219074
0.0219597
10.037
0.0328177
0.0221833
0.0234736
0.0215395
0.0219708
0.0288192
0.0221139
0.037289
0.0218908
9.14748
0.0214913
0.0218039
0.0379808
0.0221814
0.0220994
0.0221929
0.0253638
0.0215254
0.0226377
0.0215708
0.0218785
0.0216909
0.0233682
0.0219907
0.0219116
0.0220661
1.39542
0.0382319
0.0215901
0.0219192
0.0219234
0.0215236
0.0624583
0.0697374
0.0218667
0.0220436
0.0218126
10.5931
15.1432
0.0220649
0.0215971
0.0215546
0.0216148
0.0222187
0.0218794
0.0217928
0.0218747
0.0435747
0.0219275
1.2038
0.0220273
0.0218277
0.022018
0.0607986
0.0217227
0.0393381
0.0217813
0.0219519
0.0219182
0.0306688
0.022012
3.80895
0.0219885
0.0222927
0.0220115
0.0217153
0.0312058
0.02265
0.0218545
0.0215872
0.022111
0.0220466
1.40812
0.0494544
0.0220785
0.0917308
0.0218058
0.0221421
0.0249887
3.30896
0.0220163
0.0221766
0.0298911
0.0266248
2.98537
0.0216306
0.0218929
0.068266
0.0539654
0.0214295
0.022115
0.0221748
0.0217928
0.0232413
0.0219278
0.021908
0.0271509
0.0215163
0.0479744
0.0217832
0.0218174
0.0219579
0.0218571
0.0216588
0.0220502
0.178973
0.0222521
0.0218428
0.0217581
0.0216891
0.0218122
0.0218655
0.0317726
0.0578179
0.0216934
0.0222344
17.8339
0.0561886
0.0644446
7.19275
0.0219144
0.0217569
0.021704
0.0217192
0.0593165
0.022124
0.113127
5.51524
1.39726
0.0220477
0.0223312
0.0215744
0.0222387
0.0219761
0.025742
0.0222631
0.0263008
18.2588
0.0218112
1.12784
0.0257383
2.23712
0.0220658
0.0217683
0.021707
6.6026
0.0217982
0.022259
2.00942
1.32916
0.0219174
0.0218597
0.0223616
0.0216457
0.0217844
0.0571826
0.0217935
0.0218523
0.0263059
0.02213
0.021817
0.0216118
0.995234
0.0219266
0.0221313
0.0219511
0.0582494
0.0217705
0.0220087
0.0270285
0.0236253
0.0218736
0.0645104
0.0372697
0.0242264
0.0536739
0.0229099
0.0219935
0.0218724
0.021757
0.0216978
0.0218627
0.0221587
0.0221441
0.025382
0.0221866
0.0219781
0.0538503
0.0468539
0.021929
0.0215856
0.022021
0.0220363
0.8104
0.0217451
0.0229106
0.0331261
0.459684
0.376003
0.0218562
0.0355109
0.0537967
2.44382
0.0218828
0.0219798
0.0226449
0.0218598
0.0222724
0.0218935
0.0423235
0.0214385
6.47839
0.0219162
0.0219791
0.021744
0.0219642
0.0220365
0.0222654
0.0220239
0.022127
0.0222454
0.0219347
5.17328
0.021786
0.0219355
0.534032
0.0220213
0.022008
0.0498315
0.0219923
0.0220986
0.0270065
0.022147
0.0218456
0.0222717
0.0219453
0.0218234
0.0219179
2.71171
0.0256409
0.0227346
0.0218892
0.0219013
0.0218924
6.12281
5.87685
0.0227701
0.0219975
0.0219425
0.0243703
0.021956
0.0302468
0.0219651
0.022196
0.02204
0.71416
0.0391603
0.0217581
0.0346622
0.0219453
0.0292879
0.0221212
0.0216949
0.0221059
0.0221457
0.0218084
0.0217818
0.0219035
0.0221698
0.199604
0.0238798
0.0218619
0.0258223
0.0244643
0.0489998
0.022514
0.0222528
0.0219742
0.0231717
0.0218851
0.0224496
0.0217103
2.61296
0.319226
0.0226573
0.0353477
0.0215345
0.0219568
0.0219347
0.0217042
0.0219049
0.0223772
0.0220945
0.0219903
0.0222329
0.314735
0.023686
0.0217178
0.0219169
0.1253
0.022015
0.0218689
0.0465373
8.48994
0.0219722
0.0218529
0.0219376
0.0218234
0.0219567
0.159366
0.0218288
0.021726
0.0218629
0.0220066
0.022235
0.0221701
0.0216903
0.0263271
0.0219584
0.138329
0.0221778
0.0232062
0.0362953
0.021988
0.0220944
0.0219241
0.0222941
0.0221158
0.0221367
0.0226473
2.8034
0.0220352
0.0217312
0.0500485
0.0220042
1.14046
0.136769
0.0219668
0.0220205
0.0221108
0.0217736
0.0220742
0.0216759
0.021987
0.0411231
0.0222926
0.021601
4.06848
0.0222046
0.0221098
0.0222077
0.0217938
0.0711029
0.0263192
0.0220767
0.021944
0.0216639
0.0220371
0.0219307
0.0221097
0.0292881
0.0277683
0.0219787
0.0221539
0.0214602
0.0219804
0.0216528
0.0219293
0.0219903
2.90977
0.0233964
0.0219424
1.84203
0.0221484
0.0220938
0.0222932
0.0221174
0.0219829
0.0219348
0.0221237
0.0221646
0.0220212
0.0218408
0.0222849
0.0221422
0.0219104
0.0222938
0.0221377
0.0221759
0.0218923
0.0221755
0.0216631
0.0222865
0.0217404
0.0221254
0.022126
8.61535
0.0220673
0.0220272
0.021819
0.036302
0.0220456
0.0219122
0.0217631
0.0219245
0.0230974
0.022293
0.0221466
0.0217344
0.0222935
0.0221747
0.0221318
0.0228038
0.0222917
0.0222277
0.021914
0.022293
0.0221054
0.139153
0.0218627
0.961134
0.0222162
0.0220581
0.0305322
7.22094
0.0226304
0.0219409
0.0220409
0.0215772
0.0221142
0.0220281
0.0217169
0.0270391
0.0217891
0.0219753
0.0221121
0.0381459
0.0232517
0.0218062
1.35743
0.0509494
0.021892
0.0218433
0.0220573
0.0233259
0.0219013
0.0239074
0.0247451
0.0217704
0.0215123
0.0221356
0.0220242
0.0220872
0.0220763
0.0221868
0.0222497
4.53525
0.0219858
0.0220434
0.0221191
0.0216794
0.0464007
0.021689
0.0221571
0.0221757
0.022129
0.0220648
6.43282
0.0402172
0.0218668
0.0218029
1.34758
0.0217549
0.022124
5.32752
0.174617
9.28649
0.0221735
0.0221685
0.0402518
0.0225721
0.0220089
0.0218474
0.0217101
0.0219429
0.0218083
0.0219931
0.0302054
0.0221062
0.0221273
0.0218518
0.0215259
0.0219958
0.0217181
0.0218743
0.0221426
0.0215527
9.07365
0.0221788
0.0220187
0.0331147
0.0220389
0.0218485
0.0220617
0.266073
0.0218049
6.05425
0.0219727
0.0218229
0.0226191
7.20786
0.0220443
0.0220305
1.71996
0.0221983
0.0232046
0.0220442
0.0219093
0.0335933
0.0216769
0.028613
3.46082
0.0219298
1.77548
0.0222419
10.5605
1.39631
0.0840505
0.0222428
0.0218884
0.0214052
0.0221277
0.0218376
1.64384
3.69288
0.0216636
0.0221764
0.0730955
0.0218878
0.0222363
1.066
0.0218878
0.0222758
0.0219777
0.0436487
0.105026
0.021845
0.0225136
0.0221454
0.0219864
0.0216727
0.102973
2.56981
0.0233122
0.0259168
0.0219766
4.92849
6.07047
0.0220649
0.0219139
0.0222
0.021707
0.0220235
0.0220432
0.0221969
0.0224862
0.0214206
0.0321549
6.56261
2.67271
0.0221441
0.0221827
0.189224
0.0221629
0.0223101
6.20289
0.0221558
2.41688
0.0260718
0.0221811
0.0219677
0.0264956
0.0217548
0.22395
0.0222004
5.79205
5.73416
0.0220005
0.0222003
0.022121
5.8192
2.914
0.0214916
6.32834
0.0219687
0.0222301
0.0218058
0.0216608
0.170504
0.027224
0.0218327
0.0221621
0.0247092
0.0218068
0.0220078
0.022223
0.0221425
0.0218533
0.021681
0.08371
0.0222263
0.0214889
0.063642
0.022179
0.0222032
0.0221389
0.0221271
0.0214562
1.32745
0.0223847
0.0269667
0.190283
0.0221906
0.022092
0.021585
0.0221727
0.022191
0.0575886
0.0268961
0.0216547
0.021725
0.0222038
0.0217373
0.022229
0.0256097
0.0219764
0.0222082
0.0221175
0.0222073
1.35393
10.5977
0.0216364
0.0224161
0.0218361
0.0215537
0.0863151
0.0313785
0.0221529
0.0221865
0.0217393
0.0219629
0.0220713
0.0219536
0.0214542
0.0242901
0.0222439
0.0222154
0.0222092
0.0221619
0.0219933
0.0216859
0.022153
0.0217445
0.0220658
0.0216646
0.022152
0.0222196
0.0587694
0.0215377
0.0221159
0.0217951
0.0221549
0.0219175
0.0221442
0.0225102
0.152818
10.0357
0.0221697
0.0223273
0.0220458
0.0218375
0.0222458
0.0216747
0.0216925
0.0219558
0.0219845
0.0239202
0.0222461
0.0221994
0.0219129
0.0219294
1.39095
0.0222329
0.021955
0.0216427
0.0218394
0.0218042
0.0215498
0.0251092
3.12329
0.0221
6.32788
0.0220809
0.0222491
0.0221118
0.0217507
0.0483022
0.0222039
0.0220574
0.0219305
0.0239805
0.0216631
0.0219765
0.0221845
0.0218963
0.0216535
0.132119
0.0220532
0.021726
0.0219497
0.0217626
0.0218187
0.137909
0.0218785
0.0242652
0.0221084
0.0220815
0.221288
0.0223283
0.0216026
0.0219378
0.0217738
0.0217983
0.0221723
0.0221186
0.0216755
0.0249118
2.28356
0.0221934
0.0218292
0.0215596
0.0218799
0.022227
0.0219826
0.022073
0.0222133
0.0854118
0.0214869
0.0218891
0.0214703
0.0409217
0.0222192
0.0221789
0.0218916
0.0221091
0.0222706
0.0216258
0.0216646
0.0218635
0.0216093
0.0218679
0.022024
0.0216301
0.0215924
0.0221654
0.0222272
7.16193
6.61325
0.0220644
4.56351
0.0220301
3.13517
0.0222883
0.021969
0.0523432
0.0220353
0.0219057
5.86025
0.0218126
0.0217874
0.224914
0.0217704
15.7964
0.0222475
0.0221319
0.0221861
0.0217924
0.0216521
0.022334
0.0218055
0.0221582
0.0218562
0.0221559
0.0221367
0.0217998
0.0217791
0.0221742
0.0223759
0.0221582
0.0219014
8.93655
0.022008
0.042667
0.0221509
0.0220656
0.0215709
0.0217658
0.0502068
0.0221079
0.217852
0.0217398
0.0221296
0.0219245
0.0217803
0.0220178
0.0221956
0.0293374
1.69154
0.0219447
0.0932131
0.0220696
0.0215557
0.0220565
1.44512
0.0219153
0.0217525
0.0221778
0.0219361
0.0652397
0.0314426
0.0220567
0.0219272
0.0218692
0.0219516
0.0217118
0.0219245
0.0221654
0.0218622
0.0258514
0.0220569
0.0219561
0.0220141
0.0220845
0.0221516
0.0220881
0.0221316
0.0218306
0.0217993
0.0218359
0.0219539
0.0221309
0.0219677
0.20041
0.0219847
10.35
0.0217254
0.19221
0.0219837
0.0218546
1.5359
6.44858
0.0218734
0.021742
1.45579
0.0219005
0.0220572
0.045965
0.0242714
0.0220874
0.0252621
8.10146
0.0220154
0.0331188
0.0222004
0.0219995
0.0221731
0.0220898
0.0220316
0.0222657
0.0222426
0.0219966
0.854564
0.0215094
0.0227018
0.0220729
0.038557
0.0218713
0.0222123
5.67384
1.46724
0.0221373
0.0222074
0.0245157
0.0215274
0.0216954
0.0219234
0.0220601
0.0260622
0.0219123
0.021514
0.0221164
2.40232
0.0220954
0.0220401
0.0287484
0.0220776
0.0222229
2.81663
6.01689
0.0214928
0.022189
0.0219114
0.153308
0.0221509
0.021486
0.0216505
0.0217981
0.0220504
0.0221092
0.022048
0.0222857
0.0218576
0.0218844
0.0215826
0.0215072
0.0217711
0.0220701
0.0214702
0.0286536
0.021739
0.0222847
0.0220233
0.692395
0.0216425
0.0218133
0.0217991
0.0220817
0.0220245
0.0217956
0.0220928
0.0222006
0.0220587
0.0221447
0.0216813
0.0220533
0.0220491
0.0222184
0.0216337
0.0221851
0.0214734
0.0217123
0.021807
0.0219315
0.0221604
0.0221639
0.0221037
0.0218898
0.0219629
1.76315
0.0219319
0.0219631
0.0220017
0.0221261
0.02189
0.0278109
0.0245718
0.0316215
1.50749
0.0673185
0.0219773
0.0214985
0.0217169
0.0221768
0.0221967
0.0227976
0.021699
0.0220899
1.31599
0.0220596
3.64337
0.0215341
1.91821
0.0220741
0.0223885
0.0216858
0.0216282
0.0221831
0.021544
0.021958
0.0219677
0.0217966
0.0285102
0.388719
0.0221491
0.0219732
0.0217262
0.0221825
0.0389901
0.0220211
0.0219372
0.0221683
0.0219839
0.153991
0.0214458
0.0221854
0.0220314
0.0220411
0.0221674
0.0221887
0.0220611
0.0217659
3.75529
0.0220959
0.213427
0.0300316
0.0219304
0.0218913
0.0218926
0.0219805
0.0230856
0.0222193
0.0222461
0.0458801
0.0220072
0.0221698
0.0218847
0.0435557
0.156534
0.0222257
0.0220014
0.0216847
0.021868
0.0219821
0.0221819
0.027309
0.0220691
0.023784
0.0355771
1.5175
0.0219631
0.0219395
0.0219456
0.0294728
0.0397014
0.0221607
5.79301
1.9962
0.0219553
2.90855
0.0219257
4.66668
0.0218883
0.021942
0.0220674
0.0217006
0.0220566
0.0221695
0.0219444
0.0221532
0.0222035
0.0229259
0.0219462
0.022111
0.0214412
1.35711
0.0215802
0.0218432
0.0249247
0.0305513
0.0216886
0.022506
0.0220356
0.0217978
0.0221514
0.0216453
1.80066
0.0220495
5.84445
0.0219941
0.0221341
0.0224946
0.0219007
0.0216528
0.0226138
0.02193
0.0217937
0.0215951
0.0217497
0.0220288
0.0220488
0.0234603
0.0222057
0.0230991
0.0220129
0.0221168
0.0220037
0.0220968
0.0298718
2.12457
0.022003
0.021526
0.0219604
0.0221391
0.0218365
0.0218562
2.70185
0.021793
0.0220096
0.0262397
0.0922831
0.1319
0.0219364
0.0215151
1.62902
0.0220458
0.0215593
0.035037
2.10911
0.0218438
0.0219157
0.0219514
0.0216817
0.022004
6.79087
0.0431173
2.49018
0.0217351
0.0252028
0.0221452
0.0218547
0.0215881
0.0214645
0.0217022
0.0218624
1.39623
0.0220081
0.146907
0.0218647
0.0217013
0.0220039
0.0219496
0.021813
0.0222673
0.0216854
0.663524
0.0222071
7.40811
0.0221195
0.0218657
0.0219749
0.0316661
0.0216933
0.0218488
0.0217194
0.0215591
0.0415621
0.0235109
1.54722
0.0218964
0.0218902
0.0214072
6.19614
2.75531
0.0218994
0.0218433
0.022313
9.1223
0.0218585
0.0217142
0.0222246
0.021685
0.121546
0.021775
0.0218221
0.231997
0.0219244
0.0219926
0.0219464
2.2482
0.0375777
0.0218273
0.0216853
0.0218909
0.0219492
3.69838
0.0218437
0.022118
0.0218089
0.0219899
0.0253052
0.0218377
0.0219693
0.0217401
0.0218347
0.0222054
0.0234499
0.0330742
0.0219662
0.0218964
0.0220971
0.0221399
0.0219356
0.0220625
0.0219705
0.0222268
0.0218455
0.0219033
0.0245229
0.0225078
0.0219434
0.0225464
0.0221078
0.0221886
11.6032
0.022077
0.0225948
7.48561
0.0219817
0.0221579
0.0219941
0.334682
0.0215449
0.0234203
0.0393059
0.021672
0.022254
0.0221886
0.21551
0.0220565
0.0219439
0.0217692
0.0221109
0.0220063
0.0812695
0.0260651
0.0244826
0.0218712
0.0217336
0.0221934
0.0218473
0.0219943
0.0216306
0.0226242
0.218796
0.021915
0.0221141
0.661112
2.02443
0.0219676
0.0219747
0.0221027
0.0662452
0.0781582
0.0219069
0.0219185
9.19679
0.0219353
0.0219463
0.0220942
0.0216656
0.0220867
0.0222288
1.3657
0.0221622
0.0221065
0.021921
0.0218367
0.0221293
0.882883
0.0218867
0.0219087
0.0218925
0.0329273
0.022198
0.021857
0.0219636
3.29124
0.0216504
0.0221449
0.0218192
0.0222064
0.0217388
0.0235234
0.0219618
0.0218585
0.0219027
0.067071
0.0221496
0.0222085
0.0221448
0.0220623
0.0222275
0.0220672
2.68183
0.0220484
0.0664465
0.0222347
0.0217378
0.0222142
0.0222051
0.0216395
0.021712
0.0216754
0.0218155
0.130669
0.0257327
0.0218311
0.0495027
0.0214707
0.161679
0.0221373
0.0217298
0.0216695
1.56311
0.02173
0.0218305
0.0215424
0.0218325
0.0263672
0.0220631
0.0218715
0.0216532
0.0215897
0.0220126
0.0217112
0.0214896
0.286794
0.122625
0.0218176
0.022063
0.0220612
0.0218252
0.0270799
0.0216219
0.0220747
0.0218313
0.0219423
0.022247
0.0219072
0.0216527
0.0266918
0.0306413
0.0221688
0.0218203
0.0218022
0.0216069
0.0227666
0.0219297
0.0221137
0.0219602
1.33772
0.0219669
0.0221141
0.0217691
0.0219249
0.0230797
0.0217872
0.0217756
0.0218725
0.0216529
0.0214569
0.0308276
0.0218236
0.0219656
0.0216026
0.0220344
0.0216436
0.022056
0.0807024
0.0221876
0.0215797
0.0226669
0.0219422
0.0219279
6.11472
0.021776
0.0218351
0.0216905
1.5371
0.0217463
0.021925
0.0343303
0.0371433
0.0214732
0.0222467
0.0222198
0.0217648
0.0219566
0.0219283
0.0218697
0.0396614
0.0226236
0.0221088
0.0221209
0.0219845
0.0220206
0.0218337
0.0217123
0.0234247
3.63413
0.0219561
0.0219373
0.0219418
0.0216849
12.2969
0.0218937
0.0219386
0.0219834
0.0220958
0.0225438
0.0215073
0.0218369
0.022017
0.0224694
0.0219534
0.0219375
0.0358971
0.0257089
0.0220798
0.078993
0.0218225
0.021756
9.11085
0.0218789
0.0220358
0.0219215
0.0222004
0.0219588
0.021757
0.022208
0.0217955
0.0218088
26.0855
26.3986
25.7268
3.421
0.0216154
0.0218921
0.0217556
0.0219083
0.0225971
0.0217774
0.0217232
0.0221443
0.0220748
0.0220638
0.0215236
0.0924527
0.0221288
24.3565
0.0221507
0.0221121
0.0221816
0.0757428
0.0217545
0.0218522
0.0221285
0.0217564
0.0218769
27.6392
0.0218046
10.5387
0.263543
0.02192
8.3246
0.0218394
0.0663872
0.0217506
0.0221813
0.0686168
0.0234857
0.0220631
0.0221447
0.0218751
0.0220623
0.0219072
0.0218497
0.0217549
17.5061
23.112
29.9932
20.5576
23.8077
32.2711
23.7876
13.1078
19.6087
12.6929
23.4866
22.591
13.8475
22.8843
26.5964
30.7402
12.0894
23.7493
6.39714
20.3676
0.0221578
0.0217537
0.0215429
0.0712098
0.0217524
0.0216889
0.0218554
0.0222405
0.0222271
0.0219223
0.022038
0.0218313
0.0218369
0.02186
0.995998
0.0220006
0.0574782
0.0219085
0.0221394
0.0216381
0.0218892
0.0218408
0.0220232
0.0214429
0.0218474
0.0218987
0.0219168
0.0219407
0.0221824
0.0218625
8.17877
8.90737
8.42462
7.52762
6.6077
0.0219269
0.0222199
0.0682268
0.0221811
0.0218411
0.0218851
0.0217718
0.0221239
0.0218804
0.0681008
0.0220793
0.0218389
0.0218361
0.021949
10.318
0.021835
0.0219304
0.0218707
0.0215542
1.75711
0.0218899
1.5854
0.0376263
8.43895
0.0251728
0.0437827
8.99325
0.0220111
0.0217296
7.92926
0.192526
1.92074
1.66131
0.0352024
0.0214943
0.0232014
0.0216091
0.0218621
0.0215191
0.0217305
0.0217967
0.0222004
0.0222169
0.0622397
0.0271277
0.0218937
0.0217231
0.022077
0.0222401
0.0228738
0.021915
0.0217618
0.0254508
0.0217025
0.0218805
0.0217332
0.021877
2.95841
0.0217703
0.0222398
0.0221794
0.0220893
0.0216416
0.0220423
0.0221629
0.021635
0.0222003
0.0219287
0.0216739
0.0219299
3.3382
0.0215024
0.0219598
0.0216103
0.057541
0.0219262
0.0219438
0.022212
0.0218494
2.2773
0.163914
4.27584
0.0216333
0.0218515
0.0218175
0.0218522
0.0221316
0.0221374
0.0219679
0.0218371
0.0218441
0.0217994
0.0218051
0.0251584
0.0862471
0.0216302
0.0218765
0.0219286
1.39987
0.0218365
0.290664
0.0225206
0.021842
0.0218283
11.3363
0.021667
0.0219337
0.0220977
0.0219171
0.0214364
8.79746
0.0215501
0.0221051
0.0532348
0.0220694
0.0219654
0.0306758
0.0422457
0.0216675
0.0218328
0.0224669
0.0219003
0.0216941
0.0534148
0.0220992
0.0218697
0.0224966
0.0216109
0.8243
0.0223959
0.0219724
0.0222357
0.0219308
0.0219916
0.512266
6.06607
0.0218544
0.0219507
0.0220932
6.22598
0.02167
0.0364266
0.0216485
0.0220289
0.0216221
0.0218406
0.0219585
0.0219535
0.0216711
0.0216069
0.0216758
0.022219
0.0274382
0.0220732
0.0216986
0.0215375
0.0217103
0.0222575
0.0241016
0.0218349
0.0218017
1.52373
0.0218314
0.0214224
0.0216855
0.0351369
0.0217774
0.0214873
0.0214026
0.0496515
0.0220461
0.0217743
0.0220651
0.0216737
3.4316
8.87284
0.0244715
0.0214038
0.0222301
0.021769
0.0220846
0.0219635
0.0219477
0.0215039
0.0217827
0.0222937
0.0227516
0.0216821
0.0266548
0.0493528
0.02204
8.88691
0.0220079
0.0220368
0.0217696
0.0221327
0.0216575
0.0217301
5.30841
0.0228219
0.02154
0.0217365
5.72904
0.0221443
0.0221826
0.0466092
10.0166
0.0219325
0.0214905
0.0293186
0.198554
0.0217059
0.0219605
0.0464213
0.0216304
0.0220034
0.022163
0.0215416
0.0221701
0.0216718
0.02166
0.022008
0.0215517
0.126492
0.0221729
0.0334271
0.0424447
0.0221723
0.0220639
0.183509
0.0214527
0.0219423
0.0216786
0.0219914
0.0214925
0.0218872
0.0248936
0.0220491
0.0221756
0.0220092
0.0219533
9.02297
0.0217959
0.0218893
0.0219649
0.246247
0.0217229
0.0221152
0.0222601
0.0219239
0.0465161
24.0711
24.0211
0.0218028
0.0220348
0.0221953
0.0222487
0.0217656
0.0627307
0.0218893
0.207431
2.67112
0.0435962
0.0215386
13.2185
0.0220792
0.0222606
0.0215426
0.0221965
0.0217377
18.5825
0.0222351
0.0405801
0.0454808
0.0214886
2.42381
0.0217294
5.14442
0.021573
0.0217397
0.0217604
2.54342
0.0279152
0.0219699
26.6216
0.026155
0.0220084
0.0216874
0.0219016
0.0236137
0.0217052
0.0220732
0.0218573
0.0220972
0.0218415
0.0218934
0.0217797
0.0214898
0.0222395
25.8972
25.2043
0.0219176
0.0222168
0.0223341
0.0221879
0.022972
0.0217153
0.0217753
0.0219324
0.0218374
0.0221263
0.0215079
0.105238
5.69122
0.0218244
0.0215716
0.0220091
0.0215041
9.35479
12.8603
0.0216784
0.0232692
0.0222558
0.0218798
0.164225
0.0218844
0.0217258
0.0220901
0.0235902
0.0221258
0.0216219
0.0215445
0.0219304
1.80024
0.0219319
0.0247115
1.28939
0.0291457
0.0219693
0.0216524
0.0218853
6.88827
0.0221644
3.53316
0.153489
0.0232047
0.0221093
0.0218738
0.0307883
0.0221381
0.0216366
0.0320966
0.0221882
0.0229889
0.0220445
0.130543
0.0219372
25.9225
29.078
0.0220901
0.0218241
0.0328442
0.0219923
0.0218159
0.0220106
0.0221075
0.0218424
0.0219715
0.0216572
4.23262
0.0218392
0.0215482
0.0230447
0.0218742
0.0303353
0.0216854
0.0218902
0.0215366
0.0219372
0.022073
0.0218452
0.0218645
0.0218979
0.0218764
0.0220238
0.0219911
0.157338
0.0215383
0.0224157
0.0221291
18.1295
0.0360436
0.0216466
0.0253274
0.0218978
0.0410972
1.46544
0.0230233
0.0219382
0.0853145
0.0218413
0.0221618
0.0229993
0.0218818
0.0959143
0.0219264
0.0226225
0.0219124
0.0218494
0.0220897
0.0216478
0.0216627
0.0214936
0.0216951
9.76722
11.9549
0.0301885
0.0216949
0.0221796
0.0506959
0.0216426
0.0219992
0.0218814
0.111018
8.24206
0.022198
27.553
0.206673
0.0219212
0.0218814
0.0214809
0.0735647
0.0218364
0.0218314
0.0220957
27.1956
0.0591589
0.0219122
0.0221465
0.0217853
0.0217504
0.0457429
0.0218459
0.021725
0.02318
0.0214894
0.0220462
0.0252354
0.022031
1.17057
2.03663
0.165583
0.0220534
0.0219424
0.0218341
0.0217065
0.0218641
0.115871
0.021825
21.2662
0.025947
0.0220061
0.0217806
1.91638
0.0218462
33.3637
0.0789594
0.0233943
10.0438
0.0215705
0.0221384
0.0220584
0.0219029
0.0221946
0.0409515
0.0237265
0.0697023
25.1706
25.6842
0.0221058
0.0221223
0.0336629
0.0234646
0.0219342
0.022021
0.022552
0.0217593
0.021935
0.119827
0.0219951
0.0220748
10.9888
10.3561
0.0219509
0.0251983
0.164885
0.022102
3.29019
0.0223285
0.0473039
0.0219332
11.8825
0.021824
4.05954
2.0875
0.021533
1.24193
1.4121
0.178366
0.022208
0.0215694
0.0343161
0.142542
25.5689
0.0218427
23.7289
0.0219395
0.0219941
0.111311
1.20034
0.021941
21.1561
4.14467
0.021586
32.364
0.0217596
6.3042
0.0219308
0.0220516
17.3246
0.0220394
0.0218833
12.6882
3.41899
0.0218849
0.0242966
0.0220163
11.9334
0.0324361
0.0218478
0.0219049
0.0215337
0.0217211
0.0214384
0.0216719
22.8288
0.0215208
1.28969
0.0220737
0.0218278
0.0218443
0.0220593
0.0218608
0.0221551
0.0220444
0.0223948
0.0782184
0.177789
0.0257556
0.0215705
6.22926
6.88258
0.0219097
0.0221593
0.0271511
11.8189
0.0222286
0.027955
0.284097
0.542956
0.0385761
0.0357042
0.0221751
2.59201
5.87077
1.20626
0.0242403
0.0877107
0.0220889
4.79633
0.022187
0.0219761
0.0350971
0.0354396
0.0214811
0.0218919
0.0219013
0.0220298
0.670506
0.0220925
0.0219369
0.145025
0.0216447
1.47415
0.0218729
0.0251823
0.0217525
0.0355191
0.0221816
0.0221324
0.022104
0.025465
0.0217589
0.0219172
18.5206
0.0220742
1.91511
0.0218949
0.0219375
0.0220031
0.0217428
0.0357591
0.0218798
0.0219669
0.0221907
0.0218557
0.118858
0.0218325
13.4543
0.0265929
0.0218853
0.0217797
0.0218545
0.022016
0.0219276
2.23051
0.0249107
0.022111
0.118061
0.0224972
0.0220858
0.022029
26.5215
4.5547
0.0446325
0.780157
3.98196
0.0247851
0.198016
0.0221395
0.0218751
0.0221564
0.057094
0.0219708
0.0216394
0.101759
0.0264384
1.83283
0.0221569
0.0711674
0.0222102
0.0217637
15.6644
0.41359
0.681545
0.0219515
0.0218493
0.0219801
0.021661
0.0364424
0.0250051
15.5993
0.0218596
0.0224154
0.021515
0.0222473
0.0215465
0.0217161
1.98741
0.0219787
0.0224214
0.022107
0.0296829
0.0219005
0.0473994
0.300032
1.50348
0.0217802
0.140575
0.0255938
0.0223192
0.0260534
0.0219386
0.0218606
0.0256972
0.022173
27.1394
0.0219237
0.0250953
0.171601
0.0219076
0.125757
0.0217512
0.171733
0.0224658
0.021846
2.41015
0.0769552
0.0221407
0.0215723
0.0298788
0.021751
0.0390105
0.0336304
0.039794
0.0226488
0.0218465
0.0218848
0.0217119
17.105
0.0221913
0.0214189
0.0219276
0.0423379
0.0295396
0.0217662
0.0222787
0.0223983
0.0217754
0.0221269
0.0220104
0.0220105
12.1978
8.63155
0.0237983
0.022285
0.0222837
0.085596
0.0217717
0.0221784
0.0734892
0.0222273
0.0231537
0.0216273
0.0220411
0.021791
0.0215601
0.021991
1.71245
0.0891966
0.590367
0.0331174
0.0220232
5.99383
0.0220544
0.0217303
0.0219125
0.0725246
2.91968
0.0217664
0.0334351
0.0221883
0.0243827
1.34689
0.0217826
0.0221951
0.0220489
0.469542
27.6914
0.0247066
0.0462634
0.583244
0.0216896
0.0219628
0.0218667
0.0217209
0.0217248
0.0216806
1.62209
1.91781
5.38439
0.0219615
0.0217382
0.0234229
0.0228211
0.0221687
8.11151
7.91304
2.57665
0.0215238
0.0217117
0.0279551
0.0217126
0.022002
0.0227772
0.0231637
1.9883
0.0221444
0.0217723
0.0218031
1.60765
0.127291
0.0216053
1.52726
1.29834
8.42162
0.021941
0.419155
0.0497469
0.0222745
0.0217596
12.5734
0.0272717
1.39025
0.0218331
1.48074
0.0217648
0.0218289
0.023697
0.0220125
8.20931
0.0963212
0.0238682
0.0241126
0.0220789
1.94434
0.246895
0.184914
0.146994
0.0216924
0.0481982
0.0230423
2.17046
1.25967
0.0218321
1.98745
0.0217246
1.88209
0.0222014
0.024565
0.0216917
2.74888
19.6898
0.0863633
2.52595
0.0217735
0.0217271
0.0222866
0.0214573
0.0219505
0.0223241
0.0218794
25.9571
0.0277686
0.0221721
27.9099
0.0219958
0.0221057
0.021789
2.13824
0.0225127
0.0217403
0.0217268
2.09335
0.0230717
0.0723793
22.0196
0.122067
0.0216985
0.0224889
1.46624
0.0298159
24.3033
0.0251562
0.0285565
0.021524
32.2014
0.0394777
0.0436409
0.0221244
0.022274
0.022086
0.0229614
0.0225233
0.0354323
0.0938009
0.0215764
0.0215065
0.0215064
0.0216324
0.0217022
18.3131
1.68486
0.133209
1.85088
0.117805
1.38055
0.0220733
0.0221905
0.0216232
0.0216778
0.0222213
0.0259377
0.0219021
0.0233691
0.0215148
0.0223254
0.186164
0.0375038
0.0221368
0.0215565
0.0227098
0.0221385
0.0223563
0.132243
0.0247017
0.02207
0.0216383
1.63769
0.0220921
0.0235597
19.3491
0.0216256
0.0218127
0.063442
0.0219588
0.0221431
0.0224843
25.7818
0.0216846
0.0222515
0.0224827
0.0228846
0.0230026
0.0229966
0.0217673
0.026118
0.141621
0.0221934
0.0223069
0.031578
0.0392178
0.0217735
0.0223269
0.0217421
0.0221755
0.979423
0.0214764
18.0702
0.0215228
0.0224727
0.0990518
0.066443
0.0268117
0.0295144
1.09911
0.021838
6.47696
0.0220846
0.0805091
0.0222203
0.027908
0.0218983
0.0224556
0.0225188
3.16609
0.136445
0.0222684
0.362173
0.0222429
0.022688
0.0220493
0.232862
0.164742
0.0281825
0.106696
0.202496
0.0239748
0.0219702
0.298939
0.0226385
0.0219494
0.0355956
18.0559
0.404488
0.0288421
0.0222092
0.0793847
1.52463
0.586955
0.0222068
0.0220736
0.0354898
0.0227807
0.0215204
0.507356
31.667
0.026997
0.166149
0.0266029
0.0220375
0.0216986
0.0217966
0.0253053
0.02193
0.0220782
0.0667744
0.0214641
0.0217985
0.0225731
0.022192
0.0221767
0.0218496
0.0222058
0.121569
0.022091
7.20314
0.0226554
0.0218847
9.40195
0.0274144
0.02274
0.850808
0.0215326
0.0219759
0.0230855
0.0310083
0.0613585
0.0220189
0.0220232
0.0232056
0.021889
0.0221502
0.0423118
0.0673364
0.0229364
0.221187
0.0221605
0.0221904
0.0214697
0.0229796
0.0581285
8.96582
0.26181
0.0219387
0.0288865
0.0288621
0.0616805
0.0274887
0.0260109
0.0247599
15.8518
0.0330975
0.0219014
0.0245066
0.0262797
0.0220431
0.0218213
0.0251356
0.0542884
0.11546
5.0395
0.0216139
16.7426
15.937
0.0232472
0.022343
0.021748
0.0224432
0.226614
0.0230341
0.0252532
16.1089
0.0910658
0.0214723
18.3236
9.77582
0.0228665
0.0223714
0.0233767
0.0244202
6.3037
0.0590978
0.0238275
1.59168
3.67929
5.19357
0.0513309
0.0286677
1.04171
14.0809
0.0304847
0.226799
0.0220509
17.0129
16.5232
0.0224142
0.0220015
0.0220186
0.0216569
0.0530054
0.0222112
0.900608
2.85171
0.0224086
0.201423
0.103727
0.0227943
0.0236192
0.021803
0.032606
0.143087
0.0239096
0.0222907
1.9939
0.0234297
0.0219853
0.0220791
0.0215536
0.0220614
0.0301385
0.023449
2.03075
0.0221615
0.0231952
0.0219586
0.0429476
10.3457
0.0217577
0.0254581
0.0217302
1.67601
0.0218337
0.021455
0.0356793
0.0219337
8.98274
0.0221603
0.0219317
0.0222827
0.0218302
0.0215151
1.94815
0.0381826
0.0507752
0.0663826
0.022004
17.3065
0.022156
0.0227786
1.35907
1.03431
5.60054
0.0300973
0.0222534
5.8624
0.0239288
21.8267
24.1869
0.0248609
0.0220755
1.55068
0.0223365
0.0222198
1.92772
0.109163
0.0251457
0.219086
1.51267
0.0241733
0.0218918
0.0220452
3.61943
6.11253
0.0366854
4.4406
0.0697539
0.123392
0.025345
0.0220066
0.024526
0.921097
0.0275248
0.0243099
3.71921
14.6983
0.0217143
0.100767
10.73
0.027923
2.19004
0.0251187
0.021498
0.0297671
0.0218989
0.0502272
0.0219519
0.112696
0.021505
0.0219622
0.0214371
0.0220511
0.0219997
14.6799
0.022094
0.10401
0.0224507
0.0219132
0.0216457
0.0218799
0.0544909
0.0221304
6.87349
13.3086
0.0239726
0.0256785
0.0222062
0.0274226
0.0224171
0.0219946
0.0239823
0.0222291
0.0215953
0.0219395
0.0217179
0.0216979
0.433598
0.0224827
0.0218834
0.0220891
0.0220224
16.3825
16.9137
0.0487885
0.0234662
0.0229126
0.127884
0.0219278
0.0219979
0.0222712
0.0299158
0.0217644
0.0218407
0.0263563
0.0294683
1.42198
17.752
0.0218228
0.0219364
0.0216692
0.0231512
0.0217082
0.0217535
0.021481
0.0231443
3.12878
24.5021
0.0240937
0.022147
0.0275248
0.0219471
0.0222845
0.029043
1.58881
28.8488
0.0220339
0.846711
0.0239876
0.021773
0.0222479
0.024867
0.0218933
0.0231237
1.27728
0.0218878
0.0217819
0.0215492
0.0232191
9.10521
0.0221088
0.0302558
2.55746
15.0708
0.0245645
10.079
0.0265544
0.030917
0.022045
1.99292
0.0221023
2.18252
0.0218822
0.022112
0.0369484
0.0308742
0.0223626
1.98715
0.0221444
0.022194
0.0218081
0.0221634
0.0217415
0.0236934
0.0252893
0.022177
0.0302729
21.0024
0.0236229
0.986811
0.0222013
0.0267072
14.6856
0.0265839
0.0225443
10.5849
0.0218261
0.0221556
0.0220736
0.0226537
0.0329887
0.0222964
10.339
0.0246242
0.0218523
0.0285194
3.62437
0.0221683
0.0224197
0.0223672
1.79255
1.6582
6.85162
0.256684
1.9567
0.0269308
0.126791
0.0260439
0.0279668
0.0217014
0.0221574
0.0240364
0.0222066
0.0222164
0.0216549
7.07519
0.0235829
0.0218996
0.137858
0.0220492
2.5987
0.0601429
0.0228254
0.0218878
0.0223528
0.0235308
0.0224134
0.0250927
0.0245173
0.0219089
0.0219386
0.0217639
0.0231944
0.052975
6.70819
0.0279816
5.19118
4.32247
0.426094
12.8224
0.0226
1.52165
0.0731682
1.43211
0.0339077
0.0233266
0.0223823
0.0219933
30.5672
0.0245698
2.5875
0.0290874
0.0226775
0.0241008
0.0271921
0.0221785
0.0224223
1.24633
0.0217152
0.0252048
20.2204
0.0228991
0.0219559
0.029343
0.0216844
0.0218708
0.0335588
0.0225878
3.05679
0.0222397
0.120158
0.0226116
1.54849
0.0235013
0.0221085
5.9189
0.0229988
0.192375
0.0216584
0.0225694
6.07148
15.0947
0.0215211
4.72414
1.37874
1.76093
0.150301
0.02579
0.0217551
0.0261607
1.83955
8.04147
0.0227567
0.0221421
34.4009
0.0219344
0.0656054
0.0227885
0.0221223
0.0855539
0.0709834
0.0220096
0.0218824
0.0228127
0.0215577
0.0216808
0.0464927
0.0256896
0.03139
0.0427242
0.0266252
2.28511
0.0356706
0.0302491
5.78014
0.0292058
0.022119
0.144091
0.0279365
0.0237455
3.93459
0.0216733
0.0649535
0.0228418
0.0217057
0.0223393
0.139124
0.0218073
10.7871
8.47605
1.43168
0.0217866
0.0214902
0.0295171
0.0220398
0.07537
16.9929
16.7991
0.022322
0.0218932
0.0260761
0.0314445
0.0280725
6.51684
0.0252813
0.0267211
0.0424247
0.0221969
0.0295393
0.0256938
1.77588
0.0282264
0.0216512
1.4546
1.40273
0.021931
0.0222006
10.4138
0.0319365
1.99803
19.3238
0.0231506
0.0247578
0.0240659
0.0235495
0.0219837
0.0222455
0.0270387
0.0230841
0.0459898
9.92216
0.0220879
0.0219283
0.193544
1.74764
0.0221976
0.0222359
0.0217753
0.0296096
0.107964
0.02189
0.0220773
2.26167
0.0234131
0.022225
0.0219275
1.78293
0.0216445
1.33913
15.6565
0.0217903
0.102853
0.0334198
1.97683
0.023083
0.0884114
5.63847
7.13049
0.0316587
0.0236945
0.0222872
0.0330374
0.052014
27.1226
0.0217838
0.0214825
0.0219736
1.43456
0.0279603
1.65948
0.0218633
0.0624178
0.0357502
0.0313987
0.0221057
0.0594025
0.0219257
0.0742527
8.05815
0.0348649
0.0217425
0.0221049
1.92003
0.0222275
0.0220495
17.9437
0.0216692
0.023951
13.8492
2.0993
0.0216506
0.0230595
0.0220649
0.0288337
5.34006
0.0239307
0.0501843
0.0214722
0.444927
0.0216391
0.119155
13.4331
0.0219225
0.0221994
1.83603
0.0222232
0.0216913
0.0216582
1.66663
4.49323
0.0222874
0.0219271
0.0217796
0.0218282
0.0217412
0.462825
0.0218839
15.4531
0.0217355
0.0217066
0.0218563
0.021821
0.0222802
0.0312731
0.0222135
16.4311
16.4558
0.0245659
1.68003
0.16037
0.16377
0.0242065
0.0218941
0.0331676
0.171736
0.0219012
0.124041
0.0216708
3.55572
0.0221727
0.0218756
0.0245085
0.0266874
0.0238984
0.0216434
1.50011
0.0228718
11.9729
0.105637
12.967
0.0220409
2.62797
0.112264
0.0221075
0.080894
0.114469
0.0253565
0.0313816
0.0214872
0.0733507
2.30186
0.0219011
4.6664
0.0221123
0.128479
0.0219236
0.167722
1.54835
0.0229043
1.5981
0.0215577
0.0232505
0.0969043
0.0348382
0.414819
0.0218902
0.0233794
0.0338133
0.0872
1.52987
0.0218666
0.0218791
0.0219709
1.82755
0.0239405
0.0271551
1.4822
0.0224093
0.0228868
0.021437
0.0377117
3.91664
0.0580973
0.0302793
0.0221451
0.329998
1.08271
0.0223366
0.0266307
0.0219027
0.021755
0.022208
13.9516
0.0591249
0.0621523
0.0344231
0.0216143
22.0494
23.2244
0.022112
0.023752
4.30059
0.0243792
0.0230062
0.0217229
0.0248373
0.0217683
0.0222486
0.0307164
0.0251136
0.0223731
0.336578
0.0219905
1.6487
0.0844285
1.57392
0.0557945
0.0374505
0.0215235
0.343661
0.0332344
0.0222399
0.0218941
1.69756
0.0215096
1.29544
2.96661
8.43462
0.0372617
0.02586
0.0262463
0.0223779
0.0221133
1.42586
0.0217969
0.0773971
0.0219006
16.0366
0.0218746
0.0217775
0.0241295
0.022252
2.36324
0.0267054
0.0470897
16.4635
0.0532631
0.0266685
9.01909
0.0219181
0.0231129
0.222719
8.21159
0.860259
0.198637
0.0218998
0.0220535
1.77856
0.0277104
6.81345
0.105051
0.579387
1.47493
0.022021
1.83264
0.0898115
0.02167
0.234984
0.0220828
0.0326565
7.47448
0.0220719
0.0293605
0.0221459
1.51152
0.0227992
0.0221391
0.0218682
0.0220165
5.3389
1.61631
0.84407
1.52071
1.56809
8.63645
0.0287289
0.0219223
0.0272203
0.0216372
0.0214735
0.330801
0.0219659
17.7302
0.0302177
17.1353
0.0244701
0.10121
0.0657279
0.0220311
0.0216339
0.021703
0.0295486
0.0221736
0.0331074
0.696696
17.7584
0.0224488
9.5747
0.0218421
5.52098
0.0222398
0.0946315
15.2535
0.124611
14.4314
0.0221014
0.021994
0.0410828
0.0219409
0.0279256
6.08004
0.104172
5.87218
0.0382596
6.18982
0.0368523
0.493972
0.0214229
1.75918
0.033676
0.0218966
0.0221934
0.0231849
1.94617
0.0301444
0.0216087
1.04409
2.03828
0.0224989
18.2128
0.0222305
0.0315938
0.0220236
0.036153
7.71035
0.0327148
24.9226
6.52675
0.022372
0.0219706
0.0369671
0.0954608
0.0519018
2.6066
1.40765
0.0221592
5.86604
0.0219393
0.0216976
2.47571
0.179622
5.70566
0.0290192
0.0219024
0.0573018
1.95191
1.32997
6.5682
0.251836
16.1813
1.42172
0.135679
0.104213
30.8877
15.8026
4.32649
10.6191
7.91502
16.7628
16.7799
0.0216546
3.00793
0.0215119
0.0307772
8.54953
0.026033
0.0279529
1.61119
0.0345218
0.0260852
0.0222115
0.0338651
0.0913701
0.0339697
0.021997
0.0221914
0.0229312
1.10989
0.0219476
0.108207
0.0220563
0.0222763
0.0214722
0.0223729
1.45387
1.9542
0.0292166
9.38194
0.0221926
12.9977
0.0216473
0.0219314
0.115316
0.0220194
0.0221393
0.0221748
0.0637066
0.0254145
0.0470499
0.0219497
0.0219944
0.0395764
1.8588
1.58222
0.0632031
1.92237
0.779119
0.0219386
1.40878
1.85436
15.217
0.0219293
0.0222383
0.0227016
0.235184
0.0219758
1.29885
0.0219364
0.118298
0.0220177
6.38839
0.0223063
0.0919163
0.0250721
0.0221918
0.022337
0.108041
0.0236794
1.94681
1.30689
0.021899
0.021699
2.07616
0.0986327
2.57907
0.0222263
0.165217
0.0223784
0.0216043
0.0814542
11.1627
0.124083
0.037395
0.0226904
0.0270232
0.0396135
0.0221265
0.34452
0.022891
0.0355111
0.10654
2.89383
0.0364071
0.0219948
0.021768
12.4867
0.0226243
0.0356744
0.0217857
5.38301
5.06731
0.0220468
0.0217055
0.22236
9.94215
9.88225
1.51674
0.0228767
0.130463
0.0503955
1.35647
10.1737
0.0259056
0.0240816
0.0277169
0.106527
0.0222276
0.0997208
0.0297889
0.104999
0.459631
0.0216562
0.0223476
0.035479
0.0219306
9.82601
0.0218442
0.0219316
0.727922
0.105531
0.908786
0.0259871
0.142031
0.0391024
0.0219139
0.0326286
0.0235993
0.0569726
1.73781
2.13552
0.0230313
0.0215236
0.0621827
0.08707
0.0246952
0.0249457
0.0223754
0.0214022
0.0548524
0.076273
0.0219968
14.0766
0.0220582
3.11023
1.70214
0.0222939
0.0373817
0.0226598
0.0247035
0.0477553
0.0616361
0.0232847
0.0222883
0.100397
0.021823
0.231499
0.0216676
1.51699
0.0377693
1.42174
0.415585
1.2985
0.0722498
0.0214624
1.57071
0.0214275
0.0231465
0.0221848
0.0224584
0.0312852
0.0232448
0.0339033
0.0222881
0.158411
0.0558771
0.0890238
0.0582146
1.5619
0.0218783
0.0370139
0.0218206
0.0221818
0.0217935
0.0218749
4.88667
0.0224882
0.0222301
0.0325648
0.176965
0.0495195
0.0219148
0.114709
0.385816
5.68694
0.0247227
2.06803
2.2195
0.0220061
0.0236541
0.0798097
0.0682096
13.86
0.125975
0.0220867
0.0498239
0.0214995
0.156986
0.913569
14.1317
0.17802
0.0218513
30.6135
0.0217802
0.0218055
0.0253582
0.0584243
0.0399041
0.096439
0.0380344
0.0214903
16.6559
0.0621611
7.02629
3.59827
1.43653
0.0292246
0.0236373
0.0229599
0.0228845
0.021989
0.0254368
33.5745
15.53
8.91887
0.286744
0.284913
0.0219882
0.0220445
0.0231653
0.0248564
5.87434
0.0231358
0.0222382
0.0217387
0.021747
0.0215888
0.0391661
0.0334807
0.0218512
0.0285619
2.07078
1.95715
0.0378445
6.05527
0.0218727
4.36041
2.02488
0.132379
0.0217906
0.0218655
0.0221967
4.48833
0.0268666
0.0294713
0.0470463
0.237789
0.0398601
0.0222869
0.0221487
0.0685796
0.0219836
0.110103
0.0251864
0.0302763
0.0217202
1.43921
0.0333216
0.0219502
3.22713
0.022286
0.121237
0.0222014
0.0220331
1.6287
0.0585787
0.0450728
0.0219021
0.0217705
0.0217137
0.0216126
0.0222048
0.103755
4.13532
0.19997
0.0417419
0.0881721
0.0217904
0.116505
0.0222785
1.41672
2.46455
0.0265746
0.0218859
0.021798
2.40921
2.19586
0.024296
0.151388
0.0314134
0.0222266
1.43657
0.0221919
0.101474
13.2991
0.0223666
11.9667
0.0214064
0.0225935
0.0395556
32.7592
0.0217448
0.0247125
9.86338
0.277225
1.43994
0.0217101
0.0222215
5.68984
8.85447
5.09169
16.1747
0.0593742
0.0221965
0.0218184
0.0223982
0.0217002
0.0221567
4.77878
2.45625
1.54934
1.94457
0.0215175
0.0216715
2.86212
0.029476
0.0224663
0.0217247
0.0221304
1.29077
0.0419329
2.46568
0.0222323
0.0219924
0.02222
0.0384701
0.0260278
0.023236
0.0249627
9.92051
1.46697
0.023581
0.34498
0.0220454
0.0221314
0.138583
0.835726
0.021455
0.124861
0.0219398
24.8512
0.0220476
0.814078
0.0222953
0.0382011
0.0218014
0.0225672
0.0232743
0.11369
0.0714904
1.91015
0.0220207
0.0221985
0.0215297
19.1371
6.28032
0.0247597
0.144279
0.080853
0.0233591
0.0265575
4.20546
0.0466199
0.0215627
1.82269
5.12247
0.139186
0.022274
0.0217055
0.0222138
0.0220202
0.0497351
0.0222714
0.0221666
0.0265118
1.68443
0.0222493
11.1283
7.6804
2.85102
0.0844549
7.10612
7.51744
4.09798
1.20621
1.57499
1.24427
0.0729896
0.140442
0.0218209
0.734757
0.0219721
17.3066
0.546071
0.0214736
9.41756
0.0464764
0.0217123
0.157172
1.46214
0.0217915
0.069649
0.0218287
1.44241
5.90647
6.25628
0.0220606
5.95622
4.74974
9.18984
0.0582799
0.0444323
3.78378
0.0215073
1.6486
3.68087
2.12407
0.0220845
0.0257594
0.0216303
16.1957
0.022047
0.803388
0.0376305
0.0296847
1.04121
0.0250547
0.0222024
0.0219664
0.0220434
0.0224666
9.60998
0.021893
0.0281451
16.7926
6.79317
0.167365
0.0230414
0.0369659
0.447469
0.0215962
0.0224346
0.0242875
7.78657
0.0252023
0.70025
0.0221475
0.0216219
0.0740093
0.044892
0.0402162
23.6284
0.0217421
0.771978
0.0260876
0.0220292
0.0535332
0.934115
0.0219924
17.8747
0.027895
0.725196
1.66244
0.189232
0.0219066
15.2606
1.31546
0.0333215
0.0268128
4.18836
0.307538
0.021913
0.0218135
2.68991
0.0217114
0.0215954
0.0230709
0.114455
1.40722
0.0215765
0.0392747
0.0712936
0.0803597
3.52012
0.02193
0.0221563
0.0219263
0.022266
1.4136
1.57199
0.0457371
0.0219553
0.0214369
0.123921
0.0220965
0.0252443
4.50637
0.0224899
0.0245003
1.64753
0.0218273
0.0220341
0.0287666
0.0221809
0.0219057
2.00224
0.0790407
0.103641
0.0222114
0.0229785
0.0401152
0.0568215
0.0221851
0.0436458
0.021507
0.0255945
4.05529
0.0225244
9.61704
0.0214634
22.4572
1.57403
0.0217901
0.0290282
3.87354
0.0253879
1.57829
7.49331
0.0222951
0.0395334
0.0218182
2.99532
1.24163
0.0220761
10.1807
0.0222977
0.0218049
0.964655
0.0944688
0.662166
7.08641
0.141372
0.0216978
2.33233
0.0218531
20.4769
0.0224701
0.0933429
27.8803
0.0222454
0.0217356
0.0397996
0.0215432
0.540409
5.34704
0.0218332
0.0216531
0.0217274
0.0216789
2.24777
0.329952
0.0406099
0.987326
0.0287874
0.0272482
0.0243843
0.0308095
0.0298105
0.0215423
0.0223561
0.021668
0.0218242
0.0253281
0.0934384
0.0222522
0.366322
8.25006
0.0216803
1.73992
0.0216115
0.78735
0.0226288
1.30908
4.32823
0.0221625
0.254176
0.0222864
0.301009
0.819321
0.0220907
0.0222689
0.10184
0.0318872
0.0222255
0.0454152
14.1912
0.0222833
44.089
0.0230486
0.0218808
0.19398
1.50786
0.0234508
0.0218915
0.0270606
0.0220811
0.0426268
0.0217185
0.0218858
0.021498
0.0222389
1.75784
0.02797
0.0222286
0.0217502
0.0268164
1.87694
2.99057
0.146413
0.021692
0.302478
0.0445589
0.0214356
0.021979
2.35392
0.0222509
0.0217636
32.2151
0.0314547
10.012
0.022941
0.0468065
9.81883
2.2413
0.807052
0.0218338
0.0796709
0.0221628
0.0228639
0.0216581
27.4479
0.0597353
0.0217754
0.30634
2.75048
1.51166
0.0219936
3.44521
0.0224652
0.0221942
0.2115
9.29339
0.0270951
6.85619
0.0798665
9.91279
0.0216702
0.031257
0.0756882
0.0220446
0.0222066
0.472641
0.0378281
11.5812
11.8014
0.0217804
18.2813
0.0252558
10.1557
0.0221806
0.777241
1.36126
0.0832885
0.0222198
0.0219247
8.32591
0.0220732
0.0216138
0.183342
0.0320372
0.0219203
24.2064
0.0219561
0.0217639
0.0221818
0.0221907
0.0216203
0.0218845
0.0216409
5.84586
9.81978
0.0225792
0.0215905
0.0219602
0.0218556
0.0279756
0.0217684
1.9074
0.0335267
0.68939
0.0306921
0.0285306
3.69301
0.0218356
0.0898712
4.26517
0.0259454
0.538709
11.6648
3.61945
0.0214205
0.0220459
0.0218306
8.43542
0.639733
2.7202
10.1479
0.0332298
0.0217814
15.2539
0.0295895
0.0222334
0.0219027
0.0222349
5.92987
0.0365017
0.185106
0.0219045
0.0221933
4.95394
0.0216648
0.0232555
0.0218182
4.96071
0.0216159
0.0218324
0.079926
0.0222165
0.0221716
0.0251075
0.0990802
0.0377985
0.462378
0.0885014
0.0222463
7.78281
0.0333672
0.0217877
0.0220025
7.30322
0.0219828
13.4411
2.67884
0.0216353
6.35723
0.0218077
1.33678
0.509956
2.2118
0.0454328
0.199209
10.1121
0.0372305
10.7288
0.745012
0.0219282
0.0217778
0.0531931
0.0694942
6.32247
0.0287318
0.0280962
0.021994
0.0227159
0.0218297
0.0331927
0.0465641
5.3332
0.0458942
0.0222006
4.95407
0.0414693
0.0220776
0.0219271
0.0218706
0.0215554
0.0234189
0.0222317
0.0468075
0.0331955
6.47926
10.0524
2.3222
0.0217245
0.0218661
0.0398566
0.0273237
0.0217536
0.0261706
0.0216578
1.66217
0.0219549
0.0835901
8.09558
0.0222122
0.0220158
0.021877
6.40279
0.0853403
0.0553038
1.36983
0.02186
0.0235287
1.35233
6.60321
0.0222312
16.1688
0.0227164
0.0480829
2.46405
0.0218591
0.0221483
0.0220661
1.8258
2.97663
8.24323
25.4745
0.0222517
0.0220642
0.0219688
0.0895219
0.022151
0.021703
0.0223228
0.0217451
12.1778
0.0222927
0.0222917
1.53756
0.515749
9.42612
0.0265862
0.0298918
0.0347112
0.21108
0.127346
1.83322
1.59231
0.446384
0.0218114
1.57714
0.0217199
0.0249947
0.0221202
5.61972
0.0215524
0.0218168
0.0221069
0.0222758
2.55357
0.0228057
0.022294
0.205623
15.2912
0.0218713
0.0217683
0.0755752
0.0217108
0.0221515
0.0218247
0.0218983
0.0366471
0.149645
0.0285538
0.300029
15.6283
0.0249329
3.34053
0.131359
0.0296719
2.19158
0.021677
2.12786
5.52178
26.8066
9.70391
1.31241
6.04646
0.0355674
0.0219225
0.0233028
0.0218657
1.52461
0.0219274
1.29762
5.22161
0.0221811
6.19178
0.0736773
0.0217472
23.2272
0.124691
0.0214719
12.9328
0.0226146
0.0331029
10.1378
0.0239267
0.170347
18.4624
0.0216038
1.33578
0.931475
0.0220792
12.1246
0.0217162
0.0506063
0.0220245
0.0218799
1.37026
0.0218134
0.0219613
1.35212
16.9633
1.05281
0.021927
2.14181
1.37224
0.137835
1.49024
0.0217108
0.0218462
1.388
0.0217635
0.0217462
0.0222108
0.0222027
1.30873
22.8056
0.0453835
0.0216536
0.0284404
0.0219659
12.5982
0.0221638
0.0249357
4.93935
10.4588
10.6586
5.87014
0.289224
0.0219083
10.3122
0.0218454
12.0031
4.09011
0.12853
0.0223786
0.0221134
0.429059
0.0218227
2.47139
0.0217812
0.0215497
0.0216065
7.06014
1.66506
0.0218513
0.0214201
0.186426
11.5877
10.2838
13.3726
0.021907
9.24559
0.0257338
0.0220773
0.031734
10.2778
0.0219322
0.0226685
0.0219264
10.2539
2.9274
0.0219958
0.0220781
6.39234
0.0775145
3.66196
8.71275
0.302612
0.310382
0.0585443
0.0219198
15.9231
0.0218134
10.2478
0.0221538
1.40922
0.0218493
0.0493601
0.242816
0.195028
10.9399
0.0219004
0.102941
0.0253154
0.0219546
0.0532208
0.0219276
0.0422249
0.0221366
0.0218775
0.0220262
0.0504031
0.0266707
0.0214385
0.0220269
0.0217244
0.0982866
0.0221308
0.0581927
0.0217043
0.0225621
1.36249
0.0233612
0.0658812
0.102885
0.0217552
0.0218218
37.4523
0.102677
0.0216728
5.85936
0.0216585
0.0219349
6.64929
0.0214159
0.0222006
0.0412621
0.0224248
0.178197
0.414053
0.752901
0.0908506
0.0221432
14.1404
0.0222944
0.0222776
0.147832
0.0244985
33.3768
0.0219048
0.0215577
0.0221312
16.7025
18.0153
0.0218152
0.0285427
0.0222486
0.0610421
0.0217034
0.0219048
9.14951
0.0222504
0.0218586
2.02541
0.0224276
1.71696
0.0219398
2.36321
0.0219468
2.81899
0.103797
0.0221151
0.0219567
0.0222507
0.0224803
6.61586
0.0363086
0.0543234
6.77123
10.4495
0.0219309
0.0224946
5.9019
0.100943
0.0223799
0.022001
0.0219426
0.0559427
0.0387559
0.0938557
0.0284296
0.0216813
0.0219764
10.7233
0.0221773
0.0218543
0.0244277
0.0308065
0.0220005
0.0218876
0.0242866
0.0425663
0.0216709
5.06513
0.0217508
0.249181
0.0214195
3.26778
0.0216214
0.0238087
1.36513
4.0082
10.1866
0.747064
3.20039
0.0219475
6.87489
0.0217105
0.0216781
0.0393422
2.8214
7.99308
0.0216014
1.48109
16.199
1.32156
0.0222639
0.0217506
0.0217303
0.0223149
2.16538
0.107307
0.0733907
0.275976
0.0221281
0.0214361
0.0216555
0.0218217
0.191384
9.83967
0.0220843
22.3395
0.109888
0.240167
0.0611015
6.35448
1.81418
0.0217406
0.0219927
16.3797
16.2761
2.48175
0.0221798
0.184273
13.5698
0.0215485
0.0221926
16.2109
0.0216606
0.138579
0.113822
0.0228765
17.4159
0.0219315
0.0739537
12.6199
0.0278429
3.36782
0.0219326
2.70637
7.14423
0.0218656
15.3358
0.0216995
0.0279435
0.0219054
6.21793
2.624
0.0284512
0.0215338
16.6204
0.0222875
0.0214677
0.0218808
0.0284176
2.37013
0.0214993
0.0232139
0.0217657
8.95594
6.08063
0.0230533
0.141998
0.586766
0.136652
0.117445
0.0221999
0.0471264
0.0282744
25.6616
0.0242318
0.023916
15.1466
0.033684
0.132164
0.0277811
0.0220427
0.505837
0.0219736
0.0219876
0.0217585
1.57344
0.021937
4.59822
0.0221268
1.32668
0.0219999
0.0334857
4.57867
3.82969
0.0217106
0.0222619
0.0220661
4.21469
0.0216565
1.522
0.184265
0.895117
0.0219503
0.0215115
4.84046
0.0989111
22.2506
0.0321573
21.702
0.0305873
0.0220378
0.0219468
0.0757545
1.34011
0.0218983
0.03178
0.0219023
0.418428
0.0218504
0.112305
3.36748
0.0217176
0.0214551
0.0751721
0.0217815
0.385036
20.67
0.0222244
0.346495
0.242223
0.0478076
0.0215949
0.0218099
0.0424141
0.0399847
0.0263436
0.053072
0.265946
0.0219503
0.0289731
0.049833
0.0217873
0.606444
0.0227021
4.57986
15.5637
0.0221079
0.0227872
1.82551
14.981
6.61662
4.46699
0.0217419
1.44541
0.632695
0.0216778
0.0274553
0.0218066
0.0219882
0.0216484
0.0220028
0.0224885
0.0445895
0.0215865
0.0229451
0.0288001
3.19943
0.0221141
4.78566
1.14873
0.0216421
0.0220912
0.0220646
0.0220966
5.70891
0.599268
0.022116
0.0218518
0.0219565
0.0222693
0.0219643
0.0249328
0.0217415
0.34474
0.564021
9.8086
0.0284581
0.0220465
0.0275913
0.0245108
0.0220038
0.132044
0.0222458
9.49077
0.0313004
0.197024
0.0222876
0.0219474
9.57823
0.0219199
0.0509195
0.0220598
0.136993
0.0866371
0.0964392
0.022174
0.0247518
0.679318
0.021829
0.0222153
0.0240561
0.0220801
0.0217374
3.06671
0.649623
0.0217506
0.0218129
2.00651
0.138129
0.0218623
0.0219836
0.0567399
0.0226505
0.0277776
0.342388
0.920775
0.0232812
0.0560706
1.90214
0.0219305
0.0221936
0.021949
0.0217259
0.0218423
1.9065
7.26874
3.48005
0.0249648
0.039746
0.0219056
0.0222596
0.0268462
0.920169
0.0537062
0.0273131
0.055767
0.0750387
7.42084
0.0219964
0.637169
0.0445034
0.244933
0.0374005
0.0217404
0.451454
7.5408
0.0352394
8.33022
0.966195
0.0217176
0.0539685
1.43942
0.0215648
0.0222329
12.0324
7.22479
0.0214846
0.0218391
0.12497
0.021592
5.84461
0.0216631
0.0218433
0.022098
1.32185
0.0302198
0.0813054
1.35703
0.084546
0.0301659
7.16002
0.0216719
0.0216479
0.0218908
0.153668
0.752584
0.0522214
0.0249122
0.0218407
0.0218531
9.32669
0.0219245
0.0220047
27.4394
15.2091
0.443049
0.022008
3.47892
0.0219077
0.0220469
0.298242
0.486577
0.0219602
0.968974
0.0219189
0.0228886
0.0275203
0.0238356
0.0218541
0.0216029
6.78393
6.39594
0.0217257
0.0216543
0.155026
0.031453
0.0220456
0.0272161
0.0223465
0.0218097
0.0416352
0.0216689
0.0222553
5.3606
10.2308
0.0267322
0.0219581
7.72081
0.0214043
0.0217284
5.69662
0.0220225
6.37824
0.180603
0.0271817
1.3554
0.0219115
0.0218367
0.0218991
0.0218098
0.206558
0.0285482
0.021927
0.0218363
5.48829
1.34799
0.0217546
4.5348
6.1265
0.0219705
14.1936
6.83083
0.0270752
0.0220129
17.6351
0.0220214
0.0218449
0.021858
0.0218221
0.0220673
0.0875333
0.0798372
6.40182
0.0221349
5.94042
0.221961
6.05531
0.0220395
0.316081
0.0217283
0.0288517
12.3641
0.0219299
0.0797762
7.03026
0.0263475
0.0407443
0.118449
0.0214644
0.0218002
0.0505352
0.0219996
6.5796
0.529305
0.0221081
0.0219442
0.0281876
0.0221493
0.0451096
0.022131
0.299137
0.0218741
0.021817
0.0632126
0.0326885
9.79975
0.105087
0.0232013
3.00226
0.0862408
0.172825
0.0222138
1.06758
0.482805
0.0221113
1.47755
26.9145
0.02174
0.0222945
0.133769
0.0911556
0.0218202
0.0445632
1.34361
0.0214781
0.0221014
0.0453034
0.0222188
0.0580952
0.0220018
5.07218
1.53363
0.0426682
0.640495
0.0215187
0.693757
8.46515
2.29397
0.0327764
0.0217358
0.0228707
0.107775
0.0220849
0.0216452
0.0222491
0.155325
0.0219154
0.0216841
0.0222665
0.0214741
0.0227314
6.9346
0.342505
0.0222001
0.0218121
0.0218421
0.0220219
0.165764
0.287345
1.23947
0.0776468
6.00471
0.0220122
12.5718
0.647017
0.0279944
0.0220179
0.0390779
0.0220202
0.021916
0.0214854
0.0792802
3.5121
0.0218492
0.132453
0.0973061
0.0339378
0.0221473
9.34748
0.0221598
0.0241949
0.12053
0.340132
0.0223486
0.0220774
0.0216105
0.0235309
2.27364
0.0224694
4.82918
0.0220804
0.0218933
1.26263
0.0227559
0.0219508
0.0222362
8.42166
0.0222176
0.10308
0.0316498
14.4741
0.104173
4.61323
0.0218779
0.0226189
0.0217023
0.0218152
0.0279584
0.0220985
0.0219281
6.63943
0.0222855
0.0222847
10.4547
3.21412
0.0218556
0.0616075
0.0217098
0.0214768
0.0232557
0.0216542
0.380227
9.78389
0.021447
0.0221619
0.0767625
3.19251
0.0220218
0.0551127
12.6842
0.0220724
25.3874
0.0228125
1.49186
0.0222233
1.02118
6.00839
0.0218012
1.37786
0.0239222
0.0216547
0.0219784
1.39331
3.43792
0.0642275
0.0221726
6.63792
0.0219956
0.0227867
0.0219356
14.1401
0.0836218
0.0450177
9.42018
0.0218207
1.55841
16.0076
11.9354
6.2897
0.036943
0.0351927
6.4351
0.0219863
0.0228642
0.0783711
1.48789
0.0214569
0.0222854
0.0218999
0.0219537
0.0219839
0.0314506
0.365781
0.0218534
29.0107
0.0219065
0.0232493
0.0220364
0.049905
1.52442
0.0221655
0.0217282
0.0549252
15.2819
1.35163
12.1162
0.60824
0.0218754
0.0218574
0.0215021
0.499326
0.0226601
0.0220366
22.272
0.0220045
0.100658
11.7287
0.0219592
6.24248
3.34171
0.92309
0.0480693
0.122826
14.1757
0.302615
0.0219149
0.021657
0.0350985
0.0223811
0.0477035
27.2884
10.9177
0.0291037
5.84211
1.17018
8.36055
0.0214531
0.0221804
0.0219441
0.0217105
0.0220381
1.53129
1.35504
0.0220183
3.46351
0.0220165
0.0219186
0.391977
0.0217844
0.746762
1.34284
7.507
0.0217392
0.0218708
0.022247
0.0222439
12.3297
0.021967
0.0266851
0.0222459
0.106906
0.024292
0.022189
0.0219409
4.86306
0.0216655
0.595413
0.0218775
4.02513
0.0220269
0.0219513
0.0229146
0.34494
0.0216895
0.0219986
8.62563
0.0219182
0.0391806
0.248818
0.527153
0.0376075
0.0217628
0.0219281
0.901187
0.0291114
0.0216987
0.0883062
0.117477
2.69887
0.0219651
0.0220113
0.0219319
0.0217544
0.02204
0.0224761
0.930631
0.022917
14.8612
1.46728
0.0418869
0.0227585
0.0218663
0.454657
6.0126
0.0217247
0.0220389
0.0793091
0.0222746
0.0230689
8.83974
1.93611
0.0218872
0.268884
0.0225934
8.34744
0.0216926
0.0220176
0.021897
3.7762
0.02164
0.0219004
1.57474
0.0218559
0.0343989
0.0710902
0.0219111
15.8128
0.027472
2.51358
1.3299
0.0219462
0.0222536
2.02053
0.0218494
0.0221024
0.0219728
0.0295483
0.0220726
12.7974
14.1094
1.7544
1.70304
0.0216921
0.702683
0.0218649
1.47852
0.0269615
0.0278697
0.021954
6.27545
0.0220583
0.022686
6.28397
0.0217372
0.0391906
0.0355608
0.0222792
13.2273
0.021741
2.66222
0.0280674
0.0219787
0.0218554
0.021465
1.31021
0.0217504
1.32012
0.0222667
0.0245539
0.0239487
0.0261421
9.95254
0.0220921
0.0243594
0.1729
0.05308
0.153235
0.0220686
0.0218673
13.3671
0.0214466
9.35744
0.0292074
0.0218611
0.0219012
11.9892
0.323324
0.0220666
11.2024
0.0218325
0.0230914
0.0218284
0.0531437
0.0235049
0.0502024
8.04475
0.0218914
0.0217213
0.0219322
7.61056
0.0218815
0.0224045
1.28705
0.0218749
0.136341
0.0219501
0.0275282
0.022042
0.0222586
0.0223483
0.18396
0.0308536
0.0218055
0.134499
0.0221047
4.22711
0.0219658
0.154183
0.0219442
0.0219124
0.0219341
38.8869
0.026835
0.0223648
0.358253
0.0221115
0.0283374
0.0227701
0.0247142
0.022273
0.0218939
0.022083
6.49451
0.0219754
0.0218294
1.41099
0.0220036
0.021769
0.0219816
1.45588
0.0222055
0.0528031
0.0286738
0.399739
0.0222115
0.0453139
0.0217303
0.0222966
0.0280481
10.601
0.0222927
0.0216894
0.0219215
0.14195
0.63103
0.0225955
0.0218576
0.0219248
4.81812
0.021625
0.0351689
0.0425875
8.14449
0.0222948
0.0216746
1.94059
0.0224507
0.050003
0.029754
0.0214603
0.0406832
0.0219785
0.0283478
0.021522
0.0217581
0.0219334
11.9095
0.0220096
0.257105
0.0216895
8.0904
3.77886
0.170041
0.0220084
6.83515
0.403232
0.0296952
0.0220008
0.0289765
18.3315
0.0220878
3.39432
0.0222561
0.12593
0.0253323
0.022215
0.145137
3.61773
0.0218317
0.0240455
0.0219221
0.0338389
0.0218553
0.0217225
0.0220375
4.22657
15.1704
0.0222912
0.0219316
0.0219048
1.58211
0.0219371
0.131779
0.022039
1.73832
6.32872
2.26325
0.0435304
0.0222521
0.0220897
8.71877
0.0219058
0.0372321
0.0222662
0.0352687
21.6904
2.52825
0.0222869
0.0216636
0.0314305
9.00641
0.0602732
0.021811
4.80197
20.3619
0.0216109
0.552706
0.0215167
0.0454372
0.0219366
0.022479
0.0222856
0.0352811
0.0219894
0.0215076
6.54749
0.0243156
0.0226198
1.31746
3.5129
0.0220281
5.70379
0.0220995
8.01928
0.0236774
0.0215241
0.0215904
0.0220146
0.0257625
0.414476
0.258717
0.022004
0.0226849
9.34125
0.0220384
0.0216286
0.0218596
0.0219876
0.299025
0.0219269
0.0216239
0.0216417
6.15206
0.0222667
0.021927
0.021657
3.05424
0.022164
0.683466
12.3454
0.021908
7.74715
35.819
0.0221661
0.0523701
0.115722
0.0215722
0.0216983
0.0228593
0.0220128
0.728561
0.0267431
0.0221447
0.0216517
0.0218886
0.0220279
0.0218177
0.0222296
5.34937
0.0216635
0.0218614
0.0256883
0.02193
1.31239
0.0218754
0.022053
0.0221206
0.0221433
3.26544
4.92455
1.5931
1.75343
0.0223301
11.0901
0.0218572
0.0216196
0.189054
4.63012
0.0222143
0.0219821
0.0806925
0.11582
6.03227
16.765
0.0447948
1.72921
0.0228592
6.53036
0.0219027
0.0251248
0.0218653
3.91222
0.0219481
15.1125
0.0222537
0.0242835
0.0221465
0.0225714
0.444771
0.0216194
0.0214897
2.21509
0.0567982
0.0222464
0.0216367
0.0216156
0.0226177
0.0222553
0.0222548
0.0218743
18.4962
0.0218163
0.0223406
0.0222554
0.0216147
0.0216783
0.0374328
0.0222971
0.0390607
0.0221651
6.62427
0.0217249
0.0866538
0.0640601
0.0218068
0.880329
0.0214752
1.53395
0.0220421
0.022017
0.0219245
0.0215953
0.100419
0.0218651
0.0223747
0.0215886
1.54131
0.157733
0.0220223
0.0222712
0.935758
1.72725
29.1391
0.356564
5.5899
0.0218557
0.0218695
0.0319156
0.0220687
26.5175
0.0222585
0.101569
0.0219126
0.0222475
0.0288499
0.0215432
0.0222506
0.0417444
0.482719
0.0216672
0.0215833
0.0222092
0.0219832
0.0219045
0.0216708
0.021943
0.0218656
0.0301118
0.0476561
6.5695
1.62425
30.2063
0.0215928
1.51618
0.0219088
0.13124
0.956941
0.0220306
1.73684
0.0218733
1.83806
6.67121
0.0712239
0.0220224
20.5545
0.0242079
0.166109
0.0226874
0.030187
10.0251
1.97993
0.371499
0.0245752
22.0171
0.24359
34.426
0.0273392
15.1285
40.4039
12.8597
0.0216557
0.0222741
1.33193
0.0214842
0.0219468
0.407087
0.0219872
0.0220957
0.0375473
9.96347
1.35211
6.55562
0.0218771
0.0218319
0.0222076
11.0873
2.21319
0.307618
0.0257992
8.15494
0.0218899
0.0291123
2.21358
0.0247355
0.318441
0.0224983
0.0222343
1.30655
0.0218086
0.938829
0.0219634
0.0226136
0.0444722
0.0217926
0.0239149
0.0780382
0.0222668
10.5769
0.0218773
0.0214798
6.13349
0.0224463
0.0219104
2.97123
0.0806238
8.63152
1.775
13.4109
0.0221767
0.109598
6.59959
0.0970152
0.0272526
0.0221807
6.26111
0.021767
0.0220548
0.164043
0.0923607
0.0425079
0.0222849
0.0222313
0.0218234
1.32213
0.050661
2.67691
0.0222713
14.6835
0.0218708
0.0441129
0.0242482
0.0217289
0.187953
0.445928
0.0334886
0.136164
9.26995
0.0222725
0.0238958
0.0272808
0.0319808
0.0222546
0.0276171
0.0274353
0.116884
0.0215552
13.1082
6.37298
0.0222575
2.65431
1.82216
2.7437
0.022271
0.0216157
1.46152
0.0219405
4.51281
0.022231
0.0222726
2.78213
0.0239061
0.0218683
29.5739
0.0259786
0.0746578
0.0219048
4.66101
0.0539594
0.100627
0.0320414
0.0225955
0.129393
0.0224586
35.4762
0.0260795
0.342502
0.69051
4.04775
0.161784
5.0906
0.0239033
0.0774094
0.037196
0.741889
13.8668
0.0218202
0.425691
0.0220449
0.0218895
4.31914
0.069111
0.0216253
0.0710261
2.44661
5.479
0.512915
3.98171
0.0746964
0.0222638
0.0242903
0.0217039
6.06945
0.0220015
2.35304
0.573881
0.023485
1.69069
6.58203
0.0216668
3.71368
9.83724
2.75457
0.0219697
0.021916
0.0223402
0.0415875
0.022273
2.11846
9.00814
0.0425421
2.29366
0.022562
3.7121
1.31104
1.29976
0.0220462
0.37121
0.0256584
0.0934066
0.0318398
0.243388
0.0392586
7.77508
0.0222483
0.021854
0.0216373
0.478121
4.0357
0.0219277
5.98236
0.0684912
0.0851926
0.0218676
0.120832
0.0221606
3.62212
1.61
1.37743
0.125838
6.22997
0.0693861
1.63645
0.106142
0.0220881
0.520707
0.0218272
0.0442111
0.0219472
5.74851
0.0218617
0.0257943
6.02163
0.0486782
0.0452771
0.0743283
15.933
10.7952
4.52237
1.37553
0.0402688
0.0219088
0.0218382
0.0431988
13.7989
5.20039
0.0298786
0.0276886
0.106384
0.042223
0.118346
0.393486
0.105781
0.0517353
0.0632393
0.529993
0.0216084
9.93839
0.0217525
0.0222808
0.155984
0.0290468
6.57969
26.3183
0.134852
0.413031
0.519404
0.0218661
1.67918
1.40839
0.0408291
0.0282554
1.44009
0.0396368
0.0477963
1.73562
3.96362
0.0218973
3.37982
4.81933
0.0216971
1.45186
0.0224298
0.0216192
0.0214724
0.0313883
0.620182
1.49536
0.555178
0.0500779
0.0478067
0.0415735
1.70226
)
;

boundaryField
{
    frontback
    {
        type            empty;
    }
    topbottom
    {
        type            fixedValue;
        value           uniform 0.0223;
    }
    outlet
    {
        type            zeroGradient;
    }
    inlet
    {
        type            fixedValue;
        value           uniform 0.0223;
    }
    walls
    {
        blending        binomial2;
        n               2;
        beta1           0.075;
        type            omegaWallFunction;
        value           nonuniform List<scalar> 
120
(
21.3408
30.2868
20.9263
30.2459
26.0855
26.3986
25.7268
24.3565
27.6392
17.5061
23.112
29.9932
20.5576
23.8077
32.2711
23.7876
13.1078
19.6087
12.6929
23.4866
22.591
13.8475
22.8843
26.5964
30.7402
12.0894
23.7493
6.39714
20.3676
8.17877
8.90737
8.42462
7.52762
6.6077
24.0711
24.0211
13.2185
18.5825
26.6216
25.8972
25.2043
12.8603
25.9225
29.078
18.1295
27.553
27.1956
21.2662
33.3637
25.1706
25.6842
11.8825
25.5689
23.7289
21.1561
32.364
17.3246
12.6882
22.8288
6.22926
6.88258
26.5215
15.6644
27.1394
27.6914
8.11151
7.91304
8.20931
19.6898
25.9571
27.9099
22.0196
24.3033
32.2014
18.3131
19.3491
25.7818
18.0559
31.667
7.20314
8.98274
17.3065
6.87349
28.8488
30.5672
20.2204
8.04147
34.4009
8.47605
19.3238
27.1226
12.967
13.9516
8.54953
9.38194
9.61704
22.4572
32.2151
27.4479
26.8066
23.2272
12.9328
16.9633
33.3768
22.2506
27.4394
25.3874
29.0107
11.7287
27.2884
10.9177
18.4962
29.1391
26.5175
30.2063
20.5545
22.0171
34.426
40.4039
12.8597
)
;
    }
    procBoundary0to1
    {
        type            processor;
        value           nonuniform List<scalar> 
80
(
2.97531
0.0320677
0.0220613
3.46875
0.0218784
0.0243961
3.23248
0.0231338
0.0231338
0.0235962
0.0215606
0.0238311
0.030622
0.0289745
0.0453492
0.0213973
1.18923
3.77138
0.419474
0.0227718
0.0289745
0.0217884
0.0214124
0.0276386
0.0400464
0.021723
0.0215014
0.0215272
0.13989
0.168856
0.0227718
0.021393
2.3957
0.021455
0.0219727
0.0214818
0.0214276
0.0214276
0.021668
0.0261868
0.021446
0.0213922
0.0400464
0.0214369
0.071571
0.071571
0.0356483
0.13989
0.0214336
0.0213881
0.0215889
0.0216243
0.0214369
0.0830826
0.116072
0.0225076
2.0547
0.0356483
0.0214669
0.116072
0.0611677
0.025204
0.0524719
0.0972125
0.0213865
0.0214195
0.0214124
0.0237628
0.0222002
0.0972125
0.0214195
0.235188
0.0830826
1.99066
0.205157
0.0478788
2.60553
0.168856
0.02208
0.02234
)
;
    }
    procBoundary0to2
    {
        type            processor;
        value           nonuniform List<scalar> 
165
(
5.94016
15.6079
17.5538
0.156781
0.0220295
5.2316
3.11154
6.43284
4.4046
12.1108
15.6079
0.0280648
0.0293916
0.021974
0.0219969
17.5538
0.0219802
4.4227
1.81414
0.026036
0.022969
0.0227764
0.123325
1.85452
7.07213
0.0227764
0.115737
6.43672
2.09068
0.0231797
5.38352
0.0220792
1.9193
2.02162
1.9193
0.0220028
8.12176
0.0219466
0.072658
0.072658
7.1676
7.11816
1.98351
0.0221106
0.676639
0.381114
0.0219431
1.69109
0.0457955
1.71734
0.676639
0.0220881
1.63489
0.0252679
2.16342
2.16471
2.13253
0.0246133
0.0242327
0.0221203
6.14244
0.381114
1.68516
0.0219822
0.0220495
0.022058
5.10026
6.3174
0.0219578
0.056324
0.0223517
0.0237884
0.0219349
0.0219509
2.12345
0.0222937
0.0424277
0.0219636
0.022144
0.0225994
0.0219636
0.0222681
0.0509602
0.0632353
0.0219578
0.0277573
0.258764
6.00637
0.0219293
0.0219342
1.98428
0.0220047
1.68516
0.0224751
0.031672
0.0221785
0.0264908
0.0880423
0.0509602
0.0219369
0.0329568
0.0222141
1.61457
2.0936
0.022079
0.0394446
0.0220406
1.87142
2.06072
2.0649
0.0222662
0.0221546
0.0219284
2.15853
7.49734
6.7956
6.59637
2.1025
1.78666
0.0234882
7.42349
0.0368343
0.0394446
2.07163
0.0219272
6.95813
7.33364
6.91536
0.0221869
0.0348912
0.0219274
1.7851
0.0222525
6.63891
0.0293916
6.94319
0.211833
0.0880423
0.022131
0.0220213
1.61959
0.0221894
2.34865
7.229
8.57843
5.29828
2.0495
8.36034
6.59462
6.63281
6.82065
18.5627
7.01947
6.33518
1.57533
8.5446
2.07767
0.0304342
7.58098
31.8314
0.0222256
1.56394
1.25576
6.90903
7.80308
)
;
    }
}


// ************************************************************************* //
