/*--------------------------------*- C++ -*----------------------------------*\
| =========                 |                                                 |
| \\      /  F ield         | OpenFOAM: The Open Source CFD Toolbox           |
|  \\    /   O peration     | Version:  v2012                                 |
|   \\  /    A nd           | Website:  www.openfoam.com                      |
|    \\/     M anipulation  |                                                 |
\*---------------------------------------------------------------------------*/
FoamFile
{
    version     2.0;
    format      ascii;
    class       volScalarField;
    location    "1000";
    object      omega_0;
}
// * * * * * * * * * * * * * * * * * * * * * * * * * * * * * * * * * * * * * //

dimensions      [0 0 -1 0 0 0 0];


internalField   nonuniform List<scalar> 
9793
(
0.0224607
13.3683
0.0219345
2.52594
0.0222599
0.234895
0.0890008
6.9855
0.0221713
21.3092
0.0221975
0.0221883
0.0219143
1.58295
0.0217994
0.0260844
0.0561325
0.021928
1.9615
0.0215654
0.0216294
0.0222917
2.49632
6.99124
1.6598
0.0269202
0.0221004
0.0222621
0.0215758
0.0862313
9.39289
0.449679
0.0220097
0.0219403
0.0218683
0.0290877
0.0242726
0.025155
1.31869
0.0318104
0.0736184
9.16873
5.32844
0.0222717
0.0219631
0.0220426
7.2693
0.0222844
0.0216974
0.0219348
0.0287145
0.0218508
0.0393517
0.0222688
0.0336415
2.09698
0.0219237
0.0971189
0.0217048
0.0222914
0.0273476
0.100846
0.0219484
0.0361274
0.0219634
0.0220969
30.2848
0.024332
0.0246579
4.0901
0.0220025
0.104951
6.72029
1.36056
5.47293
0.0222627
0.0472847
11.0192
0.0219802
0.0222707
0.0511437
1.89561
0.0542583
0.024203
0.0247353
0.277777
0.0222614
0.0731865
1.32979
0.0968568
1.74388
1.80279
2.06492
0.0424553
4.86181
0.0219028
6.34486
0.052518
0.0249855
0.0222687
1.30422
0.0373565
3.30307
0.0219681
3.74761
10.8616
0.921907
0.0218768
0.0219844
0.0222835
0.0222338
2.05774
3.27317
8.79626
0.0219761
0.0221136
0.0238263
0.0220503
1.74818
0.0220287
2.93851
0.0785393
8.54867
0.0447337
0.0243194
0.0220345
0.0644341
7.51246
0.177451
0.181239
0.0237577
0.0218082
0.0223532
0.0234561
0.0278316
0.176779
0.591781
0.0238789
0.0222737
0.0651718
2.04711
0.0281187
0.0219645
0.0594964
7.4224
0.67645
0.0220355
6.14841
0.0218062
0.0220294
0.02207
13.4196
0.0244746
0.0220931
0.0219269
1.68708
0.0601614
0.0219429
0.656426
0.0219281
0.0690558
0.0238814
0.0216363
0.362286
0.0220402
10.3783
2.76956
0.0222282
0.021878
0.022218
0.0219801
6.79452
26.3279
1.70197
0.0219078
0.211725
0.147641
0.783138
0.0219646
0.0242524
4.4869
8.26219
0.0843059
0.0220354
0.0220731
0.0218714
8.76059
6.4064
22.9336
3.51336
0.0220255
13.1638
0.441686
0.0256914
0.0217288
0.0234888
2.03062
0.0216028
0.0219253
0.0222049
0.0220262
0.0216263
0.0299712
0.0250763
1.57957
0.0219369
0.0288134
0.0222237
0.0224227
0.480455
0.0620899
2.24112
0.0216401
3.32657
0.0242186
0.0429378
0.0218148
0.172392
0.0221225
0.0514654
0.0565933
0.0216304
1.40325
1.9231
0.0405713
0.0218917
0.0546262
2.02103
0.0507326
0.0516808
1.44109
0.136424
0.0404526
0.0369427
0.377059
0.0215891
4.36451
7.57106
0.0216087
0.022223
8.18278
0.0219142
0.0222315
0.114853
0.128707
0.0220921
0.0242772
0.0300522
0.039112
0.0243066
0.021971
0.0456566
2.91075
0.0216284
1.75631
0.0222623
0.0221712
0.0216664
1.99794
0.0219802
3.79598
2.96433
0.0221043
0.0221323
4.796
0.0218474
0.0222402
0.0218181
2.53808
0.285702
0.0252393
0.462547
0.0912662
2.98709
3.53984
0.0222591
23.3424
0.0222645
1.94488
7.61933
1.38382
3.10725
0.131464
0.0237662
0.0495667
0.0247197
0.0217547
0.0222946
0.478229
0.0270932
0.0221409
0.0222838
0.0216378
0.0217045
0.0216322
2.27873
0.0218672
0.0217922
0.0219227
0.0219166
5.28935
0.654843
0.0652606
0.0229922
0.0601748
0.0220459
0.330687
9.80673
0.0219734
3.71893
0.0341433
0.021957
20.8899
0.421312
0.0220177
0.0480707
13.0566
0.0222032
0.0344243
0.0217903
0.0222961
1.80802
0.0420026
0.0219495
0.0220217
0.0228545
0.188455
3.30228
0.0219386
0.0218706
0.021741
7.48469
5.19071
6.81936
0.021586
0.0445461
0.0353065
2.26883
0.0741403
0.0215834
0.0216329
0.0217417
0.048031
0.022129
7.11714
0.0220885
0.0217859
3.02477
2.18797
2.5556
0.0217851
1.29538
0.0250132
4.07886
7.05124
1.51634
0.0238307
0.0330148
0.679639
1.61875
1.97374
0.0267451
0.0222635
0.0256274
0.0216686
0.0218519
0.0221057
0.0220824
0.022292
7.93086
0.0222073
0.0648018
0.0314296
4.79846
0.02158
0.0242967
5.39887
0.50735
1.61151
0.0720519
0.021788
0.0239119
0.0219378
0.509711
0.0215733
2.35831
0.170828
0.0894051
5.97389
1.84718
0.0221382
0.0218901
0.800609
0.441011
0.0219355
6.45326
0.0221322
0.0221768
6.70506
0.0216385
0.0986772
0.021599
2.48593
0.0220941
0.0220481
2.92549
0.0979868
0.0547314
0.0256831
0.0220754
0.0218478
7.97571
0.0524054
0.021574
0.0221955
0.0349335
0.0353173
0.0538908
8.54744
0.0221967
0.0219368
0.430759
0.022082
2.4573
0.747735
0.0220649
0.0220146
0.0222702
0.0221173
0.0217253
1.31027
0.0519496
8.29297
0.0292775
0.0231002
0.0449474
0.0248607
1.61487
0.0265785
0.0222679
0.0243416
0.562524
0.0219648
0.0219328
0.0220006
0.0215763
0.0219835
0.0218154
0.0220441
0.0221583
0.0230226
0.0246756
0.114095
0.0220079
1.50828
0.0259465
0.22946
4.36175
0.0217614
3.33393
0.0869857
0.0217382
0.0215763
0.0219751
3.89202
0.0933009
0.021573
0.0221212
0.0221982
0.0687391
0.164311
10.9214
0.0219768
0.0219283
0.0321115
7.49446
1.35394
0.023884
0.0231812
1.85786
10.2334
0.244725
0.0222595
0.0217971
1.47181
0.0219074
0.145502
6.0736
0.021563
0.257034
0.0275402
1.31648
0.0218467
1.73378
0.343993
0.0256387
3.72675
0.0219053
2.02565
0.0220952
0.0218861
0.0222236
0.021942
4.27705
0.0218981
0.0216928
0.0229574
0.0215952
0.0217976
0.047907
0.0229314
0.0354913
0.0220344
0.0220388
4.28687
0.0765158
0.0238316
1.78078
0.0242631
0.0222648
0.0219848
0.0217238
8.40943
0.0216825
0.0220697
9.62661
8.71719
0.0399783
0.0219221
0.0222842
0.0221256
0.0222414
1.66373
0.0222518
4.17208
0.0239987
1.82887
0.0222622
23.0066
0.0222462
0.248677
0.0219134
0.089577
4.40196
0.0221038
9.63529
0.0219057
0.0222182
0.0216198
6.034
1.63235
0.0219827
0.0284442
0.0216766
1.82579
0.0218774
0.0464101
1.62914
0.0254677
0.0220271
0.0468735
0.0222452
0.0221677
0.02176
0.106248
0.0219558
2.07998
0.0220525
0.0221466
0.0405781
0.0811016
0.76571
0.0217798
20.7352
0.0218858
0.218405
0.0219211
0.0221737
0.0219029
0.0220503
0.0222683
0.237108
0.0409745
9.84473
0.122945
0.0358609
0.0349022
5.28788
0.0237707
1.60321
4.14574
0.288843
13.0982
3.42919
0.194352
0.0221733
3.41205
0.040083
0.0220914
0.397598
0.022251
0.465584
0.0366924
0.234272
0.027926
1.91543
7.82968
0.0379397
0.212492
0.0222168
0.708478
0.0229554
0.0219161
0.0221116
0.0231326
0.0481943
1.379
0.302281
7.36432
0.0234667
0.0236197
1.31331
0.366515
0.0229641
0.066096
0.0224505
4.90436
3.13163
0.0220588
0.0655216
0.281401
8.27436
0.0219583
0.0261251
10.0337
0.0291148
8.99945
0.0926007
3.5953
0.0260375
0.0239021
0.0219319
0.0219258
0.215199
0.0222843
0.226062
0.148227
0.085631
0.0222596
0.0222241
0.0233025
0.0220005
0.0218325
0.0219154
0.111422
4.13418
1.70622
0.0222797
0.374966
0.0219477
4.21347
0.0493239
0.0475156
0.0347186
0.312534
0.0217498
0.0220606
0.0442669
0.0219069
0.0220707
0.0643919
1.39135
0.0216254
0.204401
1.40185
0.0245656
1.82698
1.44688
0.0218309
0.057264
0.0267844
0.0220202
0.0216179
0.106057
1.4111
6.96444
0.021985
0.0220164
0.0216674
0.0241041
0.022965
0.0240337
0.576614
0.0489596
0.0221522
7.35069
0.030082
0.0341456
0.0220263
21.8976
0.0235821
0.0219178
0.0876874
2.13179
0.0215778
0.0220501
0.0219441
0.0250892
0.0217455
0.0389927
0.65025
0.0222407
0.105552
0.0227874
0.0219768
1.01674
2.90418
0.288034
0.0220756
0.0215891
3.98216
0.0261515
0.516789
0.0215569
0.0219089
8.08482
3.9294
0.0306999
0.105971
0.0642272
0.0218885
0.0222717
0.0219779
3.82091
0.0220577
0.0222928
1.50588
0.0277479
0.336083
0.0332989
0.0219331
2.59027
0.0222681
0.0219146
0.0219679
0.0311185
3.29642
0.0221632
0.0219735
0.0219051
0.0218948
0.0219392
0.0219496
14.0958
0.0321617
0.0229308
0.0221111
0.0321846
0.0648452
0.0259579
0.0288124
0.0222839
0.0216607
0.0234685
2.01315
1.85802
0.0229364
6.87752
0.0222161
0.0255666
1.41033
2.16036
0.021784
0.0221815
0.346252
0.0545363
0.0219068
0.022249
2.12619
0.0222682
0.0734288
0.0220092
0.638645
0.0222479
0.0222793
0.0221277
0.0314644
0.0219612
0.024761
0.0263625
0.1654
0.0218618
0.0219947
0.0222498
0.0218816
0.0221267
0.0219066
0.0317476
0.0221119
0.0551881
1.68806
0.0444688
0.0677453
0.0222028
0.0217589
7.78011
5.12221
0.0216083
1.77066
9.0355
0.0215947
0.0219692
0.0218761
0.103456
0.0574355
2.38525
0.0218559
0.0254051
0.0218584
0.0223478
0.0222701
0.0909075
0.0221025
0.283433
0.0220942
0.0601226
0.021892
0.0232731
0.0219175
0.0381107
0.0613359
8.33473
3.23695
1.82455
0.0506856
0.0219111
3.00119
3.7346
0.0658945
0.0220148
0.022086
2.01986
0.0218691
3.06834
0.0216019
0.0296141
0.0221648
0.0222699
0.0217933
8.62142
3.83813
2.7604
0.0737716
6.26015
0.0219473
3.0021
10.8802
0.0222705
0.0221294
0.021731
1.48736
0.0215589
7.41819
0.0329389
0.159288
0.0223227
1.16166
12.803
1.69579
0.0299524
0.033116
0.0220413
18.0434
0.0215381
0.605714
0.253185
0.071138
10.6077
4.30309
0.0238999
0.0235434
0.0219488
0.0953811
7.328
5.70223
0.021745
3.92755
0.0254697
0.125746
0.124654
1.40281
1.45175
0.0216275
0.0263219
0.0311387
0.0239735
0.0235044
1.92843
0.0221979
11.5842
0.0218031
0.0216091
0.0840897
0.117047
1.09643
0.0226024
23.5819
15.2726
0.870137
0.0271442
0.0222331
0.0226092
0.022227
0.0219227
0.96788
0.441051
0.0221963
0.0219228
0.0324897
1.7077
0.0262767
0.0219286
0.450704
0.0219361
0.0222749
0.0215473
0.0638624
0.0220296
0.0247618
3.90451
0.0647309
0.0223056
4.25842
0.13372
0.0219313
0.0227612
0.0352176
0.0222624
0.0219628
0.0217591
12.946
0.248709
0.0222729
0.0368922
0.0367976
0.707051
0.0219616
3.34779
0.0218605
0.0217526
0.648134
0.277663
0.0701703
0.0220809
0.0218916
8.34281
1.32
0.31781
2.86177
0.0221039
0.0233234
0.022014
9.84304
0.0244689
0.67108
0.0227946
0.0219496
0.0232815
0.0216849
0.0218745
0.0666105
0.0217831
3.2761
0.0218186
0.0222423
0.021565
0.024691
1.59111
2.68055
0.055451
6.82214
0.0219787
0.0367936
0.0231747
8.56141
0.0217783
0.0216191
3.61999
0.0352911
0.0333406
0.022113
0.224138
8.70252
2.14143
0.0221909
0.0350046
0.906112
0.0317662
1.20738
0.137894
0.0868703
0.0217695
0.0226522
0.0656951
0.0808075
0.0219862
0.097966
0.0217386
0.0221841
0.0223304
0.0217776
0.0219117
0.0219919
0.831912
0.0260961
0.0229641
0.0476753
0.0217548
0.0219287
0.0391502
2.91876
0.0870291
0.0647567
1.89454
0.0222341
8.63021
0.0297526
5.60724
0.0640113
0.0222026
0.0220569
0.0234631
7.8739
1.77256
0.0527876
0.167224
0.0216582
0.0219293
0.0222484
0.0222019
9.30455
0.0258949
0.0219483
0.176472
0.290868
7.37058
0.0227562
3.38518
0.0569268
0.0423882
0.0326232
0.430719
0.272483
0.0223049
1.45985
0.292416
0.0394133
1.91106
0.0478323
0.0221769
0.0222638
0.0219166
0.0232846
0.0274734
17.6525
0.0536156
0.0218704
0.344504
0.0220035
4.27909
3.38248
0.0219541
27.2396
0.0218105
0.021757
0.0219524
1.51071
15.1991
0.0517137
0.0316895
0.0216904
0.63906
0.0222313
0.0314725
0.0220917
0.0221803
0.0219021
6.51698
0.0229177
0.0428239
0.0294265
0.0222119
0.384096
0.147069
0.0348366
0.025668
0.0237579
1.52845
2.94056
0.0218273
0.0217733
0.0218247
0.0226701
9.60746
13.0482
0.236731
0.0259445
0.0217884
10.6786
3.49561
0.022264
22.3536
0.0217151
0.0917479
11.1736
0.0217457
10.4511
7.58218
0.138386
7.72892
6.99608
0.0218623
0.022777
2.49384
1.3424
0.0226479
5.94456
0.0251861
0.0219117
0.0222739
0.0230737
0.0421516
0.0254724
0.327119
7.9432
0.259714
0.0348029
0.0220794
0.063167
2.19273
0.0217694
3.62767
0.0495698
0.0222202
0.0248884
0.0222418
0.0222585
0.0319736
2.2891
0.0223769
0.0217911
5.64325
1.36572
0.0752404
0.0222616
0.0587544
0.0219287
0.0219314
4.885
9.92543
0.0219207
0.0214932
2.64514
4.47884
0.0503325
0.02232
10.7069
0.0226292
0.021926
0.0233336
0.0219317
0.0216517
0.0216267
10.4219
0.190871
0.0262412
1.58623
0.0479341
1.30591
10.1078
1.62213
0.170548
0.0219503
0.022239
0.0222644
0.0219928
0.078819
0.0218797
0.112774
0.0300043
1.24995
0.0220461
1.44824
0.0366586
6.09455
0.0219249
1.74117
0.0303706
0.190845
0.29962
0.0316033
0.0216236
10.7581
0.0595785
2.0092
0.0216064
6.61251
0.0220249
6.61611
0.550192
0.0443225
0.0219216
0.0220887
1.62544
9.9937
0.0325841
0.0215607
0.477957
0.090407
0.0473489
3.98469
0.0820028
0.0219518
4.81169
0.0219191
0.0340533
0.0216099
10.1504
0.0216169
0.0231174
0.37704
3.52831
0.0222224
0.07184
0.0241776
0.0822467
0.021878
0.381599
0.0235484
0.0662892
0.0219648
0.0219855
1.85011
0.0290344
6.88576
5.04989
5.67426
0.0228196
0.0216351
0.0217692
0.0259223
0.0386066
0.0324068
5.35108
0.0235718
0.248821
0.0429868
0.0222811
0.0219724
0.0742406
0.435035
10.777
0.0219125
1.50121
0.0218615
6.6604
1.5034
0.0496379
0.0219966
0.0217349
0.0444447
2.48825
0.0245235
0.0222688
0.0233355
0.0472421
0.0226413
1.62417
1.88327
3.9281
0.022157
0.0266634
11.2651
0.0221878
0.0630931
0.0218191
0.943591
0.0372646
0.0219499
0.04441
0.193628
0.0218683
2.33797
0.0219161
0.154843
0.270937
0.502965
0.364823
0.0221676
0.0222537
20.2415
0.0222167
0.040927
0.0886466
0.0235875
0.021529
11.1977
0.0250866
0.406861
0.0229419
0.0692546
0.0226352
0.412872
0.0255251
0.0248415
2.79266
1.24406
0.0220898
0.0222731
0.176062
1.7481
1.92279
0.827881
0.0295619
0.0219267
0.0218129
1.50601
0.0221391
6.93041
0.106307
1.83271
0.0221073
0.0217215
0.0217944
0.0445797
0.0464607
3.71907
1.37928
1.22026
0.244515
0.0216093
2.49632
0.0231538
0.0674255
0.022789
0.0415905
0.0620043
0.0219268
0.0215782
0.0690374
0.02164
0.0403299
0.0720854
3.20598
5.20183
0.0380614
1.4448
0.0217452
0.0216292
0.0220747
0.208057
0.063344
0.0482262
0.123118
5.75125
0.0403624
0.165119
0.021823
0.0221919
14.0518
0.0219037
0.316228
0.0214707
0.021871
1.78813
0.346354
0.0218784
0.0865228
0.528886
4.21828
2.31063
0.0253982
0.071308
0.0523657
6.20553
0.022105
6.18608
5.88718
0.0238512
0.0253969
0.0216137
0.513318
0.0217041
0.0219846
1.50759
0.0222961
0.0215658
0.229771
0.0628167
1.33594
1.34146
3.32839
1.7399
0.0216041
0.0219128
0.0218839
0.022206
8.29939
0.0221213
1.64343
0.0231358
6.76271
0.0246743
0.0221648
0.0216841
0.0222878
0.0308018
0.0220079
0.0215194
0.357778
0.0218256
0.0546457
0.0225581
8.65586
0.0247007
0.0220786
0.0218658
0.0564825
0.0219048
0.0217614
0.0220893
0.0222153
0.0238408
0.0218688
0.0235444
0.0320131
4.76243
6.11785
6.7945
2.36309
0.0217709
0.0220051
0.0219278
0.0214331
0.0219317
0.0217382
0.170607
0.0218672
0.0222519
0.0220692
0.0220416
0.0219618
7.07461
0.0235911
0.0219691
18.8514
0.046035
0.0217131
7.34675
8.6768
0.0220193
0.512917
0.758242
0.0220939
0.0468482
0.0241382
0.0215625
0.0278286
0.0221015
0.0405217
0.0220128
0.0222476
0.0217498
30.2647
0.0279743
0.0468277
0.0220328
0.0222654
6.9043
0.0260284
0.0220358
0.0240211
0.0243925
0.022252
0.239447
11.0331
1.58454
1.53098
0.243319
0.0382452
0.0222597
13.3446
0.180705
0.0228666
0.0640669
0.0222932
0.0219029
0.0222467
1.90619
0.0476058
0.021997
0.0220405
0.210269
0.0217333
0.458512
0.0219852
1.88899
0.265008
1.62076
0.0220795
0.0233557
0.0322677
0.0362938
0.0223286
0.0397323
0.0899586
2.35451
0.0220199
0.497363
10.62
0.0215681
1.50833
0.0446095
0.339156
0.116137
0.0219196
0.0282578
0.0429748
0.0216872
0.0252783
0.0215483
1.3969
2.53209
0.0333074
0.0218263
0.168823
0.0772092
2.86586
0.31632
0.0235112
0.0284241
0.0219484
0.0219499
0.0430102
0.0536137
19.3255
0.0218213
0.456775
0.0226549
10.3743
0.203086
2.30566
0.0216054
0.0230678
1.97858
1.79159
0.0438119
1.94164
0.0226304
0.239573
0.0219118
0.0218667
2.56597
0.307089
0.0241698
0.0220944
0.0790887
2.15607
0.200199
0.0683388
0.0217758
0.0220129
0.0217177
2.38157
8.20314
0.0217646
0.047867
1.57241
0.0803822
0.313172
1.53775
5.80489
2.35807
0.0217829
0.0225282
1.40916
0.0218879
0.0506398
1.57879
8.687
0.0235259
0.0306537
5.05422
0.632167
2.02688
7.27923
1.39328
1.33017
0.0221119
0.0216255
0.0219916
0.0224548
26.0316
0.0560133
0.386483
0.454869
0.0586316
0.0219461
0.221849
0.0216994
0.0312426
0.0219196
0.0416534
6.43788
3.62283
0.0220717
0.0216063
0.0383834
2.40902
0.210889
6.82881
0.0457117
0.0221081
0.0848265
0.0214684
0.0975103
0.0325215
0.0219156
1.84129
0.171575
0.615036
0.0606968
0.0223096
0.021577
8.8713
0.0254192
0.0216256
0.0221459
0.0222561
0.0216854
5.9353
10.1597
1.78407
1.39294
6.18934
0.0235075
0.0219459
1.90927
0.0242754
0.0865123
7.53004
0.0218651
7.69515
2.67512
0.0635271
0.034278
0.784153
0.023275
1.77495
0.0385994
1.88083
0.021828
0.0230037
0.0419319
3.27658
0.128671
0.0714374
5.81035
2.24205
0.0731368
0.181717
3.275
0.0243807
0.368366
19.9987
0.0367909
0.0645945
3.21462
0.0327498
0.03767
0.0221045
0.0387254
0.041285
0.0592015
0.0220891
9.49702
0.164833
1.70924
6.3548
1.99035
0.0406139
1.58096
9.66819
0.0218451
0.21856
4.42918
8.21614
0.028284
0.0243955
1.60211
10.3284
0.0216144
0.2516
0.0217527
0.0219062
4.19468
0.0256176
2.16946
1.42117
1.65243
8.6525
0.0216254
0.0368942
0.0220053
0.0218422
0.114324
0.0610947
0.026846
2.74293
1.71252
0.0222732
0.0263754
1.34975
0.023319
0.423149
0.048815
1.2974
1.28725
0.48031
10.3356
8.78923
1.70334
1.29763
1.52064
0.030053
0.0254344
0.12432
0.128061
1.56129
8.39827
0.0221328
0.0227186
5.9311
2.20228
0.0244992
5.8186
0.0219383
0.816216
5.74227
5.18134
0.0219211
1.5783
1.5696
0.027201
0.0354889
7.85946
7.16491
7.16919
4.254
0.0220325
8.22862
1.48484
0.041645
0.245688
0.111769
0.0217352
0.027044
3.38906
2.0121
0.0247187
0.0221717
1.53921
0.0857146
1.62322
0.0796875
2.31762
1.32283
0.0219918
11.3792
0.0222852
0.0305058
0.0221087
0.0218706
0.0217054
0.0381534
0.303513
0.0214975
17.7534
0.0755853
7.30756
7.21643
1.88869
0.0219074
5.53664
1.53515
1.88479
0.0351404
0.0219272
5.1434
0.455189
1.70816
0.05606
0.0235858
0.0216891
6.87708
5.65916
0.0341054
17.6213
0.0315093
0.0222477
1.33649
0.0551027
20.6163
0.0219048
0.0285271
1.56226
6.64547
1.31288
0.225277
1.28908
1.57061
6.73428
0.0220469
7.50225
0.0491586
0.0218482
0.0215571
0.0219448
5.80184
0.0503327
1.2917
1.37024
0.0363591
0.155269
0.0803997
2.50846
0.267502
7.59301
5.76415
1.33526
0.0930161
0.021651
0.35977
0.0585904
0.102055
1.31645
2.6113
1.68784
0.0220946
0.0242324
0.0489503
0.0220598
0.0219629
0.0283676
1.31125
0.0276955
0.0244582
1.33402
0.0765339
0.335071
5.01474
1.35677
0.483888
1.57939
5.96236
2.08565
0.063584
0.0323245
0.0221483
1.30189
0.116845
0.258956
0.0643867
0.0621526
0.0214545
0.204069
7.17449
0.0258305
0.0215913
0.0229569
4.73883
0.0218729
0.0220242
0.0662925
1.41119
0.0279431
0.0559906
0.188658
0.030944
0.0635134
0.0218838
0.021978
0.0424226
0.247973
0.0223087
0.0317848
0.276046
7.61398
0.0221642
11.5997
0.0218811
1.34315
0.023366
0.0235501
0.0215572
0.203673
0.0345434
5.82611
10.5833
0.0697151
0.022163
0.0218976
7.40092
4.195
0.0217688
0.270778
1.42192
0.0551225
0.0795861
0.0214312
0.0227687
0.0219226
1.34448
0.0437096
0.0220505
7.4157
0.0224394
0.0587255
0.290811
0.0217366
0.099563
0.0636143
17.8357
0.022478
0.0264383
0.0235151
0.0571182
0.0214076
0.0219019
6.88586
0.362907
0.0808364
0.0219586
1.51233
0.0224492
0.0224428
0.0219577
0.582383
7.54181
0.0238598
10.7178
2.30269
0.0680411
2.86557
5.86088
5.81209
7.58201
0.0563212
0.0673869
0.244945
0.049995
0.0219506
0.0304617
0.0300974
7.84566
0.0220796
3.68807
0.0219795
0.410351
0.0986064
0.0228908
0.0231505
11.0302
9.9452
4.78529
1.48348
0.0218112
0.0708137
6.14323
0.0260499
10.3758
0.0415982
0.109414
1.36154
0.0326742
0.0219924
0.137072
0.165968
0.0219208
1.3677
1.05948
0.0217111
0.0222399
0.0221216
0.022009
6.49446
0.0219094
0.0494035
0.0220248
0.0222379
0.0327636
0.021943
1.37366
0.0911884
0.0222013
0.0216307
0.123121
0.0233199
0.0563833
6.04818
5.85129
0.0555816
0.25492
0.041331
0.0215978
0.153611
9.49325
0.0388076
1.32052
5.20496
0.076812
0.039723
0.0270111
0.0714055
0.0386045
7.8118
0.0221145
0.0222033
0.0217627
2.13662
10.4526
0.0365894
0.0943872
0.0218648
0.0259246
0.109861
0.313911
0.0219346
0.0629002
1.47958
0.0894277
0.0219908
0.0219429
19.8229
6.96818
0.0219333
0.635127
0.0306128
0.227746
0.251229
0.0218599
2.72577
0.0293567
0.0220253
1.90384
0.233881
0.02192
0.0221632
0.303364
0.0217858
0.0220401
0.142148
0.0427153
0.046527
7.51554
0.0254558
0.0426865
1.43323
0.0218431
9.82489
6.4403
0.0252927
0.0621608
0.196554
0.0219819
0.179471
0.0214716
1.94719
1.4855
0.0220023
5.5097
9.58823
0.0219549
0.0219462
0.590183
0.038226
1.52087
1.46963
0.0220954
0.0444678
6.22323
0.0224981
0.0511219
0.0736565
0.0343223
2.01251
0.211675
0.0229401
0.260034
6.87173
0.0461775
2.93474
0.02191
0.0215552
0.0222675
0.0429209
6.1279
0.0220662
0.0331393
16.2253
2.50135
0.0222184
0.0302302
2.03199
1.3721
0.0222254
10.0674
0.0348091
0.0939855
0.0359483
0.0231979
0.0262031
0.021975
0.0219614
7.04706
0.0219334
0.0530742
0.0219799
6.46287
0.0229202
0.0233499
0.0215943
0.0237714
0.0219795
0.0425211
5.6947
0.369323
0.038793
0.0430293
0.0219674
0.0320221
0.0540252
2.58936
5.8211
0.0218297
1.05251
0.0220219
2.24616
1.33117
5.69948
0.0218268
0.113274
0.0759373
7.08903
0.24259
0.0218618
3.11563
0.329267
0.0384321
0.476281
0.0221291
0.0220076
0.0400757
3.75432
0.0219304
7.06009
0.0343924
3.15811
0.0924609
0.0224278
2.18721
0.0284234
0.0221577
0.295936
0.0219505
2.77065
10.798
0.167208
0.0278366
0.157387
0.0219406
0.110865
0.0454321
10.1742
0.022036
0.0216154
0.0271744
0.0299592
0.0454092
1.66126
1.24169
0.0362644
0.230548
0.0218173
1.56764
5.20981
0.1989
0.021925
0.0222605
0.0227571
1.86747
0.0220814
0.0264287
1.92965
0.0874382
0.0219976
0.278621
0.0828635
0.0219855
0.0253588
0.130433
1.55074
0.0728612
0.0443553
1.58593
1.38382
0.281094
0.0269534
0.0221387
0.0245507
0.02479
0.154022
0.0595357
0.0275498
0.0814149
7.40863
0.0241895
0.021996
5.85639
0.327297
1.64218
0.189209
0.0260266
0.0238141
0.0237413
0.0217744
0.0219036
0.0454394
0.0215495
0.0229893
0.0220502
0.0230359
0.0236953
0.0219472
0.0391796
0.0362082
0.0220522
0.0219353
0.02212
0.0227865
0.022368
0.248309
0.0220577
0.0235071
1.491
0.0216886
0.0233333
0.0222764
0.027347
5.99613
8.97902
2.45797
3.00965
3.7328
0.222578
0.0218734
0.0611818
0.0220365
0.727102
0.0227699
0.0297647
0.0221995
0.0563765
0.0219545
0.031606
0.0217867
1.82124
0.183572
0.0220795
5.89184
3.3752
0.0220867
0.0879665
0.021946
0.0215976
7.99645
0.0220856
0.0683079
0.216159
0.0221053
0.0215569
0.0767343
1.45644
0.0251394
0.0233305
1.43571
0.0219383
4.47328
0.0517568
11.2543
0.0216748
1.43445
0.0219362
0.0222197
0.254843
0.0611756
2.12369
1.57878
8.15224
1.90735
0.149352
0.149617
0.0220468
0.126332
0.0219479
0.0218203
0.0942965
0.0219052
0.0219837
0.0216063
0.021617
0.0581688
2.88178
1.39978
0.433084
2.63607
0.023472
0.0306417
0.0226803
0.0228359
0.0786807
0.022078
0.0216954
0.0218168
0.0236148
0.0232304
0.2012
0.0820635
0.0472769
0.0221098
0.0552953
0.056338
1.75357
6.4841
0.0248553
0.0408053
0.0220886
12.3084
1.59317
0.0219188
0.0219328
0.0245715
0.0222135
0.271769
0.315854
5.96931
0.02215
2.45787
0.0221443
2.68271
0.0520236
0.0218102
0.0284834
0.830202
0.027171
0.0282891
0.0301743
0.0868889
5.39271
0.0217214
0.0219142
0.0282337
0.137478
0.0218819
1.82537
0.90821
0.021971
0.021426
6.91105
0.0668148
0.0219259
5.58423
16.9685
2.01086
0.534218
0.0280199
1.86436
0.022072
6.15289
2.00711
0.847931
0.066178
0.0239833
5.6671
0.0252103
0.0218658
0.0214528
0.158715
0.0216385
4.99477
0.0224201
0.0222112
0.0252358
1.35055
0.023922
0.0228534
0.0220742
10.3416
4.002
11.7217
1.38117
0.0425264
0.0219322
0.0242377
0.196777
0.114227
0.0219854
0.0514195
0.148991
0.894839
0.0219272
3.38209
6.01876
0.0380606
0.0220636
0.0238545
0.0219512
0.0217325
0.0219391
0.0220307
0.0220228
0.0975124
0.0220966
0.116813
0.0226244
0.0227687
5.962
0.069986
0.0229135
0.022856
2.06118
0.0215548
0.0228909
0.0263567
0.0218145
0.503476
0.0312472
0.0228237
0.0447876
0.0219811
0.0274892
0.0217595
0.15021
0.0218224
0.021925
7.30315
0.0231097
0.188483
0.0340473
0.0238679
0.0840246
0.0214114
0.0220886
0.0227161
7.45573
0.0235907
0.0219232
1.95572
0.0220212
0.0216267
0.0218831
0.86173
0.0324375
0.125965
0.033829
0.0310148
0.0503254
0.023947
0.0274035
0.0480533
2.15569
0.0223056
0.0287162
0.0218155
0.269752
0.224299
0.0219046
0.0277685
2.01504
0.030135
0.0215486
7.55277
0.0261208
0.0856193
2.24916
0.0283826
0.0219169
0.0297213
0.0219229
0.0235774
0.0219032
0.0234434
0.0261988
0.0219704
0.0220687
0.0321424
0.0221939
0.0983334
0.0219055
0.0238073
0.0219496
0.0284573
1.44847
0.0221159
0.0219688
0.100148
0.0227842
0.0219785
0.235971
8.21687
2.77628
0.0220855
0.0245947
0.0346449
0.022245
0.0221265
0.0345231
0.192043
0.0215389
0.0539668
0.0219795
0.021887
0.0217488
0.0215297
0.022679
0.0437008
0.0347188
0.0268254
1.44421
0.0242394
0.028316
0.0217262
1.77344
0.283076
1.8617
0.0220626
0.0478411
0.0285488
0.0220454
0.0221212
0.0419736
1.33154
2.26963
0.0218675
0.0275788
10.5027
0.0228119
0.203419
7.35758
1.394
0.0293127
0.0220049
0.0391092
0.0457384
0.133657
11.488
8.44494
1.35832
0.0226913
0.0221743
0.0219414
0.11269
0.0219211
0.0216907
0.0390474
0.0219298
0.0218665
0.0218765
0.0525773
0.0219464
0.0217778
0.0219678
2.31063
0.0215434
0.0220438
0.0221077
0.0224133
0.0219389
0.0727802
0.0710458
5.61704
0.0215751
0.0285705
0.110016
5.73187
2.22116
0.0222826
0.0222753
0.0535463
0.0963201
0.0261036
0.366426
0.0219323
0.432314
0.0222782
1.29556
0.0228821
0.0219322
0.0451042
0.0219555
0.0219068
0.0228206
0.743095
0.0245911
0.022489
0.0221788
0.0219753
0.041305
0.0218691
0.0219135
0.0261628
0.105577
0.0243832
0.0217971
1.29979
7.83351
0.0220266
0.331062
0.0221445
0.0285936
0.0793291
0.235416
0.0235319
0.0230756
0.0220883
0.277627
0.028767
0.0221262
0.0219066
0.0233547
0.14491
0.0219604
0.0348313
0.0239804
0.0352694
0.050935
0.0390596
0.0918876
3.61163
0.0252015
0.0220389
7.26575
0.372534
0.0219315
0.0214933
0.0220638
0.0219805
0.0219256
0.0240322
0.0216775
0.0220788
7.09393
1.35297
0.0316916
0.0219515
3.0499
0.0239455
0.021702
5.94805
0.0234502
0.0216501
0.0220944
0.0220365
0.0363265
0.0221009
0.0561104
0.0219255
0.0217821
0.0219601
0.0330737
0.0368299
0.0218904
0.0589947
1.37739
0.0232318
0.0218905
0.061689
0.0217189
0.0220411
0.0218639
0.0304
0.0220525
6.05099
0.0223897
0.244396
3.19446
0.0577803
0.023078
0.0222236
0.0220831
0.0219377
0.0298163
0.176821
0.125927
0.021812
0.0239229
5.80073
0.0215825
0.179275
0.0219617
0.0227791
0.0313421
0.0636388
0.0219543
0.0330285
0.028369
0.0597813
1.35599
9.95766
0.0218276
0.0219258
0.0328845
0.0225183
0.022736
0.0511638
0.0225821
0.101354
0.0217824
0.0705593
0.0221067
0.0825632
0.0588066
1.32722
5.67485
0.0219177
0.0401878
0.91661
0.234808
0.0215979
0.0217337
0.14017
0.0219425
0.0219258
0.0217471
0.0215167
0.0729454
0.0740725
20.3005
0.0220201
0.0452335
0.0222551
0.0215908
0.0231436
1.65006
0.159728
0.0219365
0.0221412
0.0218452
6.53961
0.0220311
0.0219452
0.0224979
0.0219604
0.043901
0.0218331
1.66647
0.021982
0.0224182
0.0223132
0.0219292
0.0217509
0.0220053
13.4325
0.0217826
0.0219575
0.267845
0.0218877
0.0220431
0.0221129
0.0221569
0.055789
0.0219257
0.0219723
2.45319
0.023275
0.0220387
0.0222825
0.0215228
1.30015
0.0230448
0.022252
0.0219205
0.0259902
0.0219639
4.86865
0.0217944
0.0220084
8.57411
0.0219773
0.0647295
0.0222049
0.0214155
0.0215103
0.0308547
0.0381022
0.0218683
0.0222862
0.0237024
0.0219102
0.0221108
0.0221251
0.0218321
0.0217139
0.0217654
4.06086
0.0219537
0.0218451
1.63048
0.0219558
0.0270777
0.135819
1.39097
0.0218249
0.022096
0.0219549
0.0216407
0.0230054
0.0396179
0.0240686
0.0361637
0.021782
0.0249915
0.0220316
0.0214783
0.0268748
0.0607593
0.023696
0.0276902
0.0220263
0.0219539
0.0221205
1.84169
0.0231211
0.02201
4.24065
0.0226324
2.6398
0.0220636
0.0219279
0.0217444
1.43105
0.0219841
0.0252512
0.0227487
0.0220726
0.021966
0.0220883
0.0220014
0.0240891
0.0219169
0.0394791
0.0222482
0.0408055
0.0215029
0.0216364
0.0236692
9.48832
0.0221497
0.0220488
0.0226353
0.0219361
0.0238917
1.80822
0.0227959
0.0274269
1.83626
0.354428
0.0227694
0.0225143
0.135586
0.0943542
0.0229191
0.022116
0.0218296
0.686811
0.0224246
7.5959
0.0216866
0.0215445
0.0221046
0.0218342
0.0232649
0.0215896
0.0219883
0.0222653
0.0616842
0.0238684
0.0224417
0.0216307
0.355525
0.0653159
0.0215162
0.0221042
0.023526
0.0222394
0.0220592
0.0215912
1.41786
0.0216025
0.0219537
0.0682171
0.0215818
1.76322
0.0218217
0.0423569
0.0263331
0.0219682
0.021541
0.0219233
0.0220237
0.0220437
0.0217295
0.0216218
0.888974
1.55217
1.70532
0.0216158
4.81389
0.0220164
0.0579838
0.0219227
0.0219246
0.0221099
6.77818
0.0219469
0.0219095
0.0221271
0.0220129
0.336459
0.0219421
1.51706
0.0214522
0.0223276
2.24559
5.81162
0.0219833
0.0219564
0.0271734
0.0220144
0.153816
0.0217535
0.654517
0.0217804
0.0361734
0.02214
0.0218187
0.0219422
0.0220043
0.0232442
0.0219041
0.0313436
0.0346379
0.125343
0.0217005
6.48496
0.0218939
12.7003
0.0219133
5.87404
1.86394
0.0217505
0.0219106
0.0216001
0.0218983
0.0220443
0.0219201
0.0215898
0.0223316
0.0214455
0.0936304
0.0221106
1.41427
0.0215818
0.0215345
0.0219258
0.0219256
0.0225005
4.21896
0.0227707
4.15537
0.0215446
0.0221198
0.0345119
0.0215893
0.156759
0.0231905
0.0219292
0.0405254
0.0215114
0.0219723
0.0224689
0.0216816
0.029117
0.0410765
0.0216389
0.0221128
0.0220464
8.68874
0.0235396
0.0215774
6.37507
0.0545655
0.0216295
0.0219133
0.174541
0.0226212
0.0214442
0.346298
0.216504
0.0226297
0.0214508
0.0222401
0.036021
0.0215738
0.193389
0.0216217
0.0216747
0.0435425
0.0550492
0.021616
0.0216113
0.021511
0.0217406
0.0217546
0.0417144
0.0219655
0.0217604
0.0221114
0.0218495
2.95194
0.0222722
3.63707
0.0263372
0.0281213
0.0221423
1.4597
0.0219208
1.62346
0.0215318
0.0219558
0.471431
0.0219723
0.0228823
0.0216619
0.0250563
0.0217049
0.0270292
0.0215661
3.93265
0.0222089
0.0215742
0.0215402
0.02158
0.110455
0.021796
4.37507
0.0219124
0.0251311
0.0215052
0.0220149
0.210287
0.0219979
0.114828
0.0218191
0.023184
0.0221904
0.0221341
0.0224835
0.0219353
0.0219785
0.267025
0.0215782
0.0219417
0.0226114
0.0220576
0.0220547
0.0340909
0.0218026
0.0219131
0.0218619
0.0216251
0.0217641
0.021993
12.0818
0.207534
1.14272
0.0214408
0.0234343
0.0221271
0.0267164
0.129517
0.225505
0.0331082
0.021575
0.0219781
0.0218721
0.0221451
0.0221158
0.0219075
3.04251
0.0528189
0.0219276
0.155771
0.0221381
6.24401
0.0219577
0.0218895
0.021805
0.0215652
0.0214879
0.0217998
0.0216653
0.0218135
0.0423876
0.0230483
0.0219243
1.49086
0.021572
0.0225209
0.0219829
0.0215935
0.0219355
0.333437
0.0218078
8.61149
0.0219267
0.021598
0.0360317
0.0219124
0.0264362
0.0807845
0.0216713
1.46355
0.0755972
0.0216106
0.0225292
0.0215321
0.259647
0.0216182
0.0277919
0.0226454
0.0218055
0.021738
0.0218577
0.0219616
0.0223239
0.021756
0.022245
9.15554
1.62728
0.0229687
0.0219591
0.251018
0.0317996
2.68899
0.0218018
0.0218834
0.0219602
0.0223837
0.0219322
0.0216295
0.0215947
0.0219703
0.0427909
0.0216644
0.0220314
0.02624
0.021984
0.0300949
0.0220413
2.45891
0.0218696
0.0219239
0.0232381
0.0416513
5.85228
0.021921
0.0221566
0.0218779
0.0221405
1.89803
0.0225228
0.0219468
1.29201
0.0218339
0.0219928
6.23864
0.0220214
0.0218599
0.0214751
0.0219125
0.0218047
0.0219984
0.0359752
0.0217959
2.10577
0.0220997
0.0238735
7.5329
0.0220042
0.0216506
0.0220629
0.0214458
0.0216214
1.83963
0.021967
0.0220082
0.0225528
0.0219018
8.38219
0.0218109
0.140585
0.0217247
0.0692303
0.15628
0.0752632
3.38555
0.0268238
0.035685
0.0286365
0.0218796
0.0219887
0.0232683
0.179399
0.0609289
0.0215252
0.022006
0.0219676
0.0217625
0.021609
0.151811
1.29335
0.175216
0.0222783
0.0221635
0.0310737
0.02204
0.022084
0.0218654
0.0220783
0.0219421
1.96891
0.0230752
0.0222348
0.02151
0.0679322
0.0216429
0.022073
0.0217279
0.0215607
0.0219
0.0220473
0.0514465
0.0217961
0.0257767
3.69614
0.0216736
0.0221049
0.0216749
3.81651
0.0215302
0.0217857
0.0472552
0.0219777
0.0766229
0.0217722
0.0215314
0.0226348
1.97768
0.0222527
0.0220947
0.0216866
0.0217785
5.10747
0.0230867
0.0217498
0.177929
0.0219112
0.0217683
1.66805
0.0222936
0.0222941
0.022293
0.0222926
0.0222919
0.0217456
0.0237114
0.0233414
0.0761568
0.0215847
1.72423
5.94343
0.0318212
0.0218314
0.021807
0.0219055
0.0220996
0.0217789
0.0221342
0.0217503
0.166575
0.0219404
0.0217915
0.0217648
3.94808
0.0218668
0.0221355
0.021982
0.0219571
0.0218942
0.0218035
0.0227524
0.023594
0.022199
0.0229595
0.0232799
0.0222829
0.0224065
0.0225508
0.0219733
0.0222859
0.0215495
0.0218128
0.0217065
0.0226236
0.0217941
8.33444
0.0218668
0.021862
0.0219829
0.0214266
0.0226376
0.0219758
0.0220368
0.0219292
5.73007
2.81986
0.0215642
0.0218057
0.150013
0.0353829
0.51293
0.0218347
0.0241029
0.0358616
0.021559
0.0222034
0.0219584
0.0222205
0.0219252
0.181355
0.0297912
0.0345919
0.0219592
1.55675
0.0221259
0.0220515
1.29033
1.71451
0.0217208
0.021866
0.0222617
0.0229766
0.0219146
0.0219942
0.0218749
0.0234653
0.0215657
0.12184
0.0218023
2.25943
0.0217919
0.022012
1.34984
0.022525
0.0218197
0.02248
0.0218862
0.0220239
0.0271414
0.0221691
0.363034
4.01974
8.35271
0.021768
0.111921
0.0218755
0.0221609
0.021977
0.0218437
0.0217013
0.0219941
1.84138
0.0218178
0.0219309
0.0216032
0.0218539
0.0218885
0.0215777
0.022444
0.0219804
0.0217322
0.0219399
0.0220265
4.12626
0.0219283
2.32049
0.0222944
0.022007
0.0217917
6.11805
1.39868
0.0216005
0.0216522
8.37799
0.0468077
0.0219319
0.0220263
0.030836
0.0217784
0.0219184
0.0217838
2.66819
0.0220917
0.0220553
0.022284
0.0218911
0.0219764
5.40908
0.0217073
0.0216831
0.0218072
0.0220784
0.0219161
0.0218923
0.0219471
0.021937
8.30223
0.0221031
0.0220052
0.0216827
0.0315208
0.0217171
0.0332313
0.022039
0.0216838
0.0219504
0.0217834
0.0218875
0.021947
0.0221219
0.0216337
0.0218016
9.68185
0.0219658
0.034003
0.021972
0.0219009
0.021648
0.0218318
0.0312716
0.0220182
0.0215233
0.0219556
0.0219141
0.0243148
0.601726
0.0217397
0.0214918
0.0220305
0.0220588
0.0219985
0.164264
0.0218085
0.0220047
0.0323287
0.0217553
0.0486484
0.0218363
4.63414
0.0219343
0.0217824
0.0221045
0.0217949
0.0219443
0.0256918
0.0218798
0.0220224
0.021904
0.0219812
0.022126
0.021757
0.0218873
0.0216598
8.56998
0.0219701
0.0222321
0.0879628
0.0236822
0.0217991
0.0215522
1.02997
0.0224242
5.69392
0.021797
0.0954584
0.0222841
0.0238404
0.0215428
0.022029
0.0219158
0.0217645
0.0219194
0.0219132
0.0219501
6.21956
0.0214229
0.0220386
6.38665
0.0221213
0.021623
0.0221605
0.0219194
0.0315031
0.0217035
0.0309756
0.0218616
0.0221224
0.0221264
0.0221296
0.0218373
0.0219606
0.0239994
2.44556
0.0222091
0.0221318
0.0218453
0.0220068
0.0216121
10.0166
0.0227601
0.0220651
0.0218945
0.0215911
0.0217004
0.0270898
0.0217928
0.0214764
0.0220668
0.0219702
0.0215006
0.0223345
1.28607
0.0221299
0.0218116
0.0222769
0.0220087
0.0220436
0.0214598
0.0220732
0.022024
0.0220744
0.0221402
0.0215058
0.0219108
0.0220215
0.0219322
0.0221575
8.83217
5.9284
0.022057
0.0235271
0.0218507
0.025934
0.108093
0.0215951
0.0217956
0.026589
0.0228412
0.0307528
0.0220495
0.0219692
0.0219391
0.0219868
0.021605
0.0218686
2.2066
0.0337957
0.0215737
0.0244815
0.0222517
0.257652
0.0216686
0.0216355
0.0215272
0.0217368
0.0219038
0.0867876
0.0218417
0.104113
0.0461591
0.0245907
0.0218844
0.0220833
0.0218503
0.0219125
0.022264
0.0218937
0.0219028
0.030079
0.0220464
0.0218246
0.022161
0.0220347
0.0219715
0.022009
0.021984
0.0217334
0.0220112
0.0218953
0.0220293
0.0220134
0.0356772
10.611
0.0331695
0.0217224
1.88636
0.0220528
0.0216867
0.0635701
0.0223221
0.021878
0.0219124
0.0218976
0.0219401
0.0216663
0.0220298
0.0225069
0.0219247
0.0219242
0.0218
9.15029
0.0217813
0.0218996
0.0299863
0.0217675
0.0217617
0.0219832
0.022293
0.0221499
23.0368
0.0218815
0.0424098
0.0219717
0.0430476
0.136904
0.0214589
6.95577
0.0219494
0.0219607
0.0217156
9.62812
3.22829
0.0215926
0.0279849
0.0221681
0.0231397
3.55211
0.0245726
0.0219528
0.0216015
1.12035
0.021973
0.0229908
0.0220299
4.57457
0.0219358
0.0215323
0.0217697
10.5794
0.0217974
0.0219802
0.0219993
0.0216697
0.0220143
0.0220893
0.0219992
1.84393
12.0148
0.0219932
0.0235519
0.0249029
0.081508
0.0217214
0.182004
8.16113
0.0215655
0.0216524
11.4166
0.0272142
0.022016
0.0217995
0.0222929
2.23556
5.83864
0.0221643
0.0221375
0.022518
0.0220759
0.0219727
0.022488
0.0222562
0.022047
0.0219193
0.0337561
0.0215317
0.023568
0.0225876
13.3471
0.0215647
0.0220587
0.0217947
0.0226322
15.6227
0.0221304
0.057065
0.0226693
0.0219966
3.48247
0.0220794
7.57835
11.594
0.0218493
0.0221219
0.0219324
0.0225426
0.0219984
0.0218349
0.0275525
0.0214385
0.451199
1.93964
1.30948
0.0219986
0.024304
0.0219502
0.0215749
0.0219924
0.0221444
1.93179
0.0220848
0.0220797
0.0218139
0.0221391
0.022183
0.0221649
0.0219969
0.0219952
0.022106
0.0215237
0.0991416
0.0226469
0.0764704
0.0221481
0.0219293
0.0218269
0.0220278
0.0217002
0.0220463
0.0226222
0.0247105
0.0216879
1.29632
0.0220982
0.102534
0.0219178
0.0219301
0.0766116
0.0293407
0.0219369
0.0219789
0.0220304
0.0219425
0.0216129
17.3469
0.0437159
0.0219262
0.0215403
0.0221157
0.0219984
0.0974402
0.0219943
0.0214953
0.022043
1.31415
11.4578
0.0216963
0.0218275
0.0219748
0.0219527
0.023309
3.75256
0.0295567
0.0715879
0.0215935
0.0403988
0.124604
0.0221017
0.0222382
0.151532
0.022723
0.021654
0.206623
0.0237791
0.0231801
0.0217862
0.0512351
0.0220338
0.0219975
0.065713
0.0219641
0.0236329
0.0220348
0.0759096
0.0215215
0.0220271
5.91956
0.0262789
0.0221273
0.0298475
0.0216239
0.0289256
0.02462
3.18191
7.598
0.0222818
0.0217168
0.0327932
0.0220343
5.68816
1.48418
0.022083
0.0220546
2.98415
0.0216447
0.0221904
0.0507676
3.8628
0.0676964
0.0216507
0.0219331
0.0219231
0.0217975
0.0217316
0.022032
0.0414356
0.0220275
0.0215042
0.0219075
0.0219597
10.0341
0.0328175
0.0221833
0.0234714
0.0215395
0.0219713
0.0288058
0.0221139
0.0372852
0.0218908
9.1457
0.0214913
0.0218038
0.0379719
0.0221813
0.0220994
0.0221929
0.0253602
0.0215254
0.0226376
0.0215708
0.0218786
0.0216909
0.0233685
0.0219907
0.0219116
0.0220661
1.39594
0.0382008
0.0215902
0.0219192
0.0219234
0.0215236
0.0624083
0.069678
0.0218668
0.0220436
0.0218126
10.1338
15.1775
0.0220649
0.0215971
0.0215546
0.0216148
0.0222187
0.0218794
0.0217928
0.0218747
0.0435423
0.0219276
1.20348
0.0220273
0.0218277
0.022018
0.0607421
0.0217227
0.0393087
0.0217812
0.0219519
0.0219182
0.0306515
0.022012
3.81007
0.0219885
0.0222927
0.0220114
0.0217153
0.0311953
0.022649
0.0218546
0.0215873
0.022111
0.0220467
1.40768
0.0494608
0.0220785
0.0916646
0.0218057
0.0221421
0.0249835
3.31057
0.0220163
0.0221761
0.0298867
0.0266232
2.98288
0.0216306
0.0218929
0.0682269
0.053938
0.0214295
0.022115
0.0221748
0.0217928
0.0232392
0.0219278
0.021908
0.0271448
0.0215163
0.0479427
0.0217831
0.0218174
0.021958
0.0218571
0.0216588
0.0220502
0.178857
0.0222521
0.0218429
0.0217581
0.0216891
0.0218122
0.0218654
0.031753
0.0577752
0.0216934
0.0222342
17.8756
0.0561949
0.0643845
7.19282
0.0219144
0.0217569
0.0217039
0.0217192
0.0592942
0.022124
0.113002
5.51798
1.39818
0.0220477
0.0223305
0.0215744
0.0222387
0.0219761
0.0257348
0.0222631
0.0263001
18.2528
0.0218112
1.12714
0.0257369
2.23759
0.0220658
0.0217683
0.0217071
6.60657
0.0217982
0.022259
2.00979
1.33038
0.0219174
0.0218598
0.0223616
0.0216457
0.0217844
0.0571309
0.0217935
0.0218523
0.026298
0.0221299
0.0218171
0.0216119
0.994823
0.0219266
0.0221312
0.0219511
0.0582373
0.0217705
0.0220087
0.0270193
0.0236251
0.0218736
0.064457
0.0372431
0.0242254
0.0536378
0.0229084
0.0219935
0.0218724
0.021757
0.0216977
0.0218628
0.0221587
0.0221439
0.025376
0.0221866
0.0219781
0.0538026
0.0468121
0.0219291
0.0215856
0.022021
0.0220362
0.833604
0.0217451
0.0229092
0.033104
0.449409
0.379647
0.0218562
0.0355159
0.0537688
2.44402
0.0218829
0.0219798
0.022645
0.0218598
0.0222724
0.0218935
0.0423165
0.0214385
6.49445
0.0219162
0.0219791
0.021744
0.0219642
0.0220365
0.0222654
0.0220239
0.022127
0.0222454
0.0219347
5.18144
0.0217859
0.0219355
0.550173
0.0220213
0.0220079
0.0498011
0.0219923
0.0220986
0.0269972
0.0221469
0.0218456
0.0222717
0.0219453
0.0218234
0.0219179
2.71182
0.0256344
0.022734
0.0218893
0.0219013
0.0218925
6.12217
5.87964
0.0227701
0.0219975
0.0219426
0.0243704
0.021956
0.0302455
0.0219651
0.022196
0.02204
0.68061
0.0391438
0.0217581
0.0346378
0.0219453
0.0292739
0.0221212
0.0216949
0.0221059
0.0221457
0.0218084
0.0217818
0.0219034
0.0221698
0.199014
0.0238781
0.021862
0.0258156
0.0244633
0.0489989
0.022513
0.0222528
0.0219742
0.0231713
0.0218851
0.0224495
0.0217103
2.61374
0.31913
0.0226564
0.0353241
0.0215346
0.0219568
0.0219345
0.0217042
0.021905
0.0223772
0.0220945
0.0219903
0.0222328
0.312599
0.0236832
0.0217178
0.0219169
0.125141
0.022015
0.0218689
0.0465116
8.50999
0.0219722
0.0218529
0.0219376
0.0218235
0.0219567
0.159042
0.0218289
0.021726
0.0218628
0.0220066
0.0222348
0.0221701
0.0216903
0.0263251
0.0219585
0.138138
0.0221778
0.0232041
0.0362688
0.021988
0.0220944
0.0219241
0.0222941
0.0221157
0.0221367
0.0226473
2.80951
0.0220352
0.0217312
0.0500507
0.0220042
1.14053
0.137604
0.0219668
0.0220205
0.0221105
0.0217736
0.0220742
0.0216761
0.021987
0.0411079
0.0222926
0.021601
4.06542
0.0222046
0.0221097
0.0222077
0.0217938
0.071061
0.0263119
0.0220767
0.021944
0.0216639
0.0220371
0.0219307
0.0221097
0.0292875
0.0277573
0.0219787
0.0221539
0.0214601
0.0219804
0.0216528
0.0219293
0.0219903
2.9099
0.0233958
0.0219424
1.82396
0.0221484
0.0220938
0.0222932
0.0221174
0.0219829
0.0219348
0.0221237
0.0221646
0.0220212
0.0218409
0.0222849
0.0221422
0.0219105
0.0222938
0.0221377
0.0221759
0.0218924
0.0221755
0.0216632
0.0222865
0.0217407
0.0221254
0.022126
8.61507
0.0220673
0.0220272
0.021819
0.0362746
0.0220456
0.0219122
0.021763
0.0219245
0.0230954
0.022293
0.0221466
0.0217344
0.0222935
0.0221747
0.0221318
0.0228038
0.0222917
0.0222278
0.0219141
0.022293
0.0221054
0.139167
0.0218627
0.950328
0.0222157
0.022058
0.030532
7.23626
0.0226292
0.0219409
0.0220409
0.0215773
0.0221142
0.0220281
0.0217169
0.0270384
0.0217891
0.0219752
0.0221121
0.038117
0.0232495
0.0218062
1.35889
0.0509043
0.021892
0.0218433
0.0220573
0.0233259
0.0219013
0.0239066
0.0247448
0.0217704
0.0215124
0.0221356
0.0220242
0.0220871
0.0220763
0.0221868
0.0222497
4.53586
0.0219858
0.0220434
0.0221191
0.0216794
0.0463934
0.0216892
0.0221571
0.0221757
0.022129
0.0220648
6.42914
0.0402066
0.0218668
0.021803
1.34794
0.021755
0.022124
5.30672
0.174427
9.28604
0.0221735
0.0221685
0.0402172
0.0225711
0.022009
0.0218475
0.02171
0.0219429
0.0218083
0.0219931
0.0301898
0.0221062
0.0221273
0.0218519
0.0215259
0.0219958
0.0217181
0.0218744
0.0221426
0.0215528
9.08498
0.0221788
0.0220187
0.0330929
0.0220389
0.0218485
0.0220617
0.265992
0.0218049
6.05344
0.0219727
0.0218229
0.022619
7.10683
0.0220443
0.0220305
1.72246
0.0221983
0.0232035
0.0220442
0.0219093
0.033573
0.0216769
0.0286003
3.43931
0.0219298
1.77544
0.0222419
10.5708
1.40998
0.0839956
0.0222428
0.0218884
0.0214052
0.0221277
0.0218377
1.64605
3.69086
0.0216636
0.0221764
0.0730732
0.0218879
0.0222363
1.06613
0.0218878
0.0222758
0.0219775
0.0436268
0.104926
0.021845
0.0225134
0.0221454
0.0219864
0.0216728
0.102936
2.5722
0.0233099
0.0259168
0.0219765
4.92369
6.07576
0.0220648
0.0219139
0.0222
0.021707
0.0220235
0.0220432
0.0221969
0.0224852
0.0214206
0.0321374
6.5655
2.67829
0.0221441
0.0221826
0.188914
0.0221629
0.0223093
6.2031
0.0221558
2.40129
0.0260708
0.0221811
0.0219676
0.0264871
0.0217549
0.224139
0.0222004
5.79428
5.73409
0.0220005
0.0222003
0.022121
5.82004
2.91524
0.0214916
6.32504
0.0219687
0.0222301
0.0218058
0.0216609
0.170325
0.0272194
0.0218327
0.0221621
0.0247086
0.0218068
0.0220078
0.022223
0.0221425
0.0218533
0.021681
0.0836579
0.0222263
0.0214889
0.063646
0.022179
0.0222032
0.0221389
0.0221271
0.0214562
1.32814
0.0223838
0.0269658
0.190071
0.0221906
0.022092
0.0215851
0.0221727
0.022191
0.0575609
0.0268962
0.0216547
0.021725
0.0222038
0.0217373
0.022229
0.0256029
0.0219764
0.0222082
0.0221175
0.0222073
1.35474
10.6043
0.0216364
0.0224159
0.021836
0.0215538
0.086224
0.0313768
0.0221529
0.0221865
0.0217393
0.0219629
0.0220713
0.0219536
0.0214541
0.0242878
0.0222439
0.0222154
0.0222092
0.0221619
0.0219933
0.021686
0.022153
0.0217444
0.0220657
0.0216646
0.022152
0.0222196
0.0587459
0.0215377
0.0221159
0.0217951
0.0221549
0.0219179
0.0221442
0.0225093
0.152632
10.1439
0.0221694
0.0223268
0.0220458
0.0218375
0.0222458
0.0216748
0.0216925
0.0219559
0.0219845
0.0239201
0.0222461
0.0221994
0.0219129
0.0219294
1.39189
0.0222329
0.021955
0.0216427
0.0218394
0.0218042
0.0215498
0.0251034
3.12162
0.0221
6.3262
0.0220809
0.0222487
0.0221118
0.0217507
0.0482612
0.0222034
0.0220574
0.0219305
0.0239771
0.0216631
0.0219762
0.0221845
0.0218963
0.0216535
0.131966
0.0220532
0.021726
0.0219497
0.0217626
0.0218187
0.137639
0.0218786
0.0242648
0.0221084
0.0220815
0.221117
0.0223281
0.0216027
0.0219379
0.0217738
0.0217984
0.0221723
0.0221186
0.0216755
0.0249111
2.3818
0.0221934
0.0218292
0.0215596
0.0218799
0.022227
0.0219823
0.022073
0.0222133
0.0853077
0.0214869
0.0218891
0.0214702
0.0409022
0.0222192
0.0221789
0.0218917
0.0221091
0.0222706
0.0216258
0.0216646
0.0218635
0.0216093
0.021868
0.022024
0.0216301
0.0215924
0.0221654
0.0222272
7.17365
6.61152
0.0220644
4.56459
0.0220301
3.2024
0.0222883
0.021969
0.0523254
0.0220353
0.0219057
5.86242
0.0218126
0.0217874
0.224851
0.0217704
15.8203
0.0222473
0.0221319
0.0221861
0.0217924
0.0216522
0.0223333
0.0218055
0.0221582
0.0218563
0.0221559
0.0221367
0.0217999
0.0217791
0.022174
0.0223759
0.0221582
0.0219014
8.95363
0.022008
0.0426295
0.0221509
0.0220658
0.0215709
0.0217658
0.0501705
0.0221079
0.216675
0.0217398
0.0221296
0.0219245
0.0217803
0.0220178
0.0221956
0.0293366
1.69
0.0219447
0.0931473
0.0220696
0.0215557
0.0220565
1.44622
0.0219153
0.0217526
0.0221776
0.0219361
0.0652336
0.0314486
0.0220567
0.0219272
0.0218693
0.0219516
0.0217119
0.0219245
0.0221654
0.0218623
0.0258495
0.0220569
0.0219561
0.0220141
0.0220845
0.0221516
0.0220881
0.0221316
0.0218305
0.0217993
0.0218359
0.0219539
0.0221309
0.0219677
0.201808
0.0219847
10.3712
0.0217254
0.192006
0.0219837
0.0218546
1.53665
6.445
0.0218734
0.021742
1.45608
0.0219005
0.0220571
0.0459268
0.0242675
0.0220874
0.0252584
8.0885
0.0220154
0.0331106
0.0222004
0.0219995
0.0221731
0.0220898
0.0220316
0.0222657
0.0222426
0.0219966
0.846101
0.0215094
0.0227012
0.0220729
0.0385388
0.0218714
0.0222123
5.67456
1.46527
0.0221373
0.0222074
0.024513
0.0215274
0.0216954
0.0219234
0.0220601
0.0260544
0.0219123
0.021514
0.0221164
2.40579
0.0220954
0.0220401
0.028735
0.0220775
0.0222229
2.81572
6.02198
0.0214928
0.0221889
0.0219114
0.15334
0.0221509
0.0214861
0.0216505
0.0217981
0.0220503
0.0221091
0.022048
0.0222857
0.0218576
0.0218844
0.0215826
0.0215072
0.0217711
0.0220701
0.0214702
0.0286472
0.021739
0.0222847
0.0220233
0.685375
0.0216426
0.0218133
0.021799
0.0220817
0.0220245
0.0217956
0.0220928
0.0222006
0.0220587
0.0221447
0.0216814
0.0220533
0.0220487
0.0222184
0.0216337
0.0221851
0.0214734
0.0217124
0.021807
0.0219315
0.0221604
0.0221639
0.0221037
0.0218899
0.0219629
1.76151
0.0219318
0.0219631
0.0220017
0.0221261
0.0218901
0.0278111
0.0245674
0.0316022
1.50927
0.0673161
0.0219773
0.0214985
0.0217169
0.0221768
0.0221967
0.0227976
0.021699
0.0220899
1.31546
0.0220596
3.58774
0.0215341
1.9187
0.0220741
0.0223884
0.0216858
0.0216282
0.0221831
0.0215441
0.021958
0.0219677
0.0217966
0.0284998
0.392183
0.0221491
0.0219732
0.0217262
0.0221825
0.0389771
0.0220211
0.0219372
0.0221683
0.0219839
0.153829
0.0214458
0.0221854
0.0220314
0.0220411
0.0221674
0.0221887
0.0220611
0.0217659
3.7494
0.0220959
0.212993
0.0300291
0.0219304
0.0218913
0.0218926
0.0219805
0.0230838
0.0222193
0.0222461
0.045856
0.0220072
0.0221698
0.0218847
0.0435189
0.15629
0.0222257
0.0220014
0.0216848
0.021868
0.0219821
0.0221818
0.0273086
0.0220691
0.0237814
0.0355657
1.51701
0.0219631
0.0219394
0.0219456
0.029458
0.039698
0.0221607
5.80005
1.99601
0.0219553
2.95503
0.0219257
4.67425
0.0218883
0.021942
0.0220674
0.0217006
0.0220566
0.0221695
0.0219444
0.0221532
0.0222035
0.0229246
0.0219462
0.022111
0.0214412
1.35688
0.0215802
0.0218432
0.0249197
0.030534
0.0216886
0.0225059
0.0220356
0.0217978
0.0221514
0.0216453
1.80412
0.0220495
5.84624
0.0219942
0.0221341
0.022494
0.0219007
0.0216528
0.0226138
0.02193
0.0217938
0.0215951
0.0217497
0.0220288
0.0220488
0.0234582
0.0222057
0.0230974
0.0220129
0.0221168
0.0220037
0.0220968
0.0298687
2.12531
0.022003
0.021526
0.0219604
0.0221391
0.0218365
0.0218562
2.57961
0.021793
0.0220096
0.0262399
0.0921803
0.131562
0.0219364
0.0215152
1.62832
0.0220458
0.0215593
0.0350252
2.11421
0.0218438
0.0219157
0.0219514
0.021682
0.022004
6.78704
0.0430791
2.49116
0.0217351
0.025203
0.0221452
0.0218547
0.0215881
0.0214645
0.0217022
0.0218624
1.39552
0.0220081
0.146518
0.0218646
0.0217014
0.0220039
0.0219496
0.0218131
0.0222673
0.0216854
0.659205
0.0222071
7.40957
0.0221195
0.0218657
0.0219749
0.0316465
0.0216933
0.0218488
0.0217194
0.0215592
0.0415293
0.0235088
1.54917
0.0218965
0.0218903
0.0214072
6.19314
2.75757
0.0218994
0.0218433
0.0223124
9.13717
0.0218585
0.0217142
0.0222246
0.021685
0.121481
0.021775
0.0218222
0.231792
0.0219244
0.0219926
0.0219464
2.32759
0.0375734
0.0218274
0.0216853
0.0218909
0.0219492
3.70466
0.0218437
0.022118
0.0218089
0.0219899
0.0252995
0.0218378
0.0219693
0.0217401
0.0218347
0.0222054
0.0234473
0.0330648
0.0219662
0.0218964
0.0220971
0.0221398
0.0219356
0.0220625
0.0219705
0.0222268
0.0218456
0.0219033
0.0245203
0.0225073
0.0219434
0.0225458
0.0221078
0.0221885
11.6086
0.022077
0.0225941
7.43337
0.0219817
0.0221578
0.0219941
0.33441
0.021545
0.0234206
0.0392759
0.021672
0.022254
0.0221886
0.215829
0.0220565
0.0219438
0.0217694
0.0221109
0.0220063
0.0812689
0.0260583
0.0244803
0.0218712
0.0217336
0.0221934
0.0218473
0.0219943
0.0216306
0.0226234
0.218403
0.021915
0.0221141
0.658867
1.92027
0.0219676
0.0219747
0.0221027
0.0662093
0.0780953
0.021907
0.0219185
9.19829
0.0219353
0.0219464
0.0220942
0.0216657
0.0220867
0.0222288
1.36691
0.0221622
0.0221065
0.021921
0.0218368
0.0221293
0.879139
0.0218867
0.0219088
0.0218926
0.0329056
0.022198
0.021857
0.0219636
3.29833
0.0216504
0.0221448
0.0218192
0.0222064
0.0217388
0.0235214
0.0219618
0.0218585
0.0219027
0.0670648
0.0221496
0.0222085
0.0221448
0.0220623
0.0222275
0.0220672
2.68837
0.0220484
0.0663696
0.0222347
0.0217378
0.0222142
0.0222051
0.0216395
0.021712
0.0216754
0.0218155
0.1305
0.0257265
0.0218312
0.0494695
0.0214707
0.161418
0.0221373
0.0217298
0.0216695
1.60294
0.0217301
0.0218305
0.0215424
0.0218325
0.0263601
0.0220631
0.0218715
0.0216533
0.0215898
0.0220126
0.0217112
0.0214896
0.286228
0.122497
0.0218176
0.022063
0.0220612
0.0218252
0.0270741
0.0216219
0.0220747
0.0218313
0.0219423
0.022247
0.0219072
0.0216527
0.0266911
0.0306302
0.0221687
0.0218203
0.0218022
0.0216069
0.0227662
0.0219298
0.0221137
0.0219602
1.33862
0.0219669
0.022114
0.0217691
0.0219249
0.0230796
0.0217872
0.0217757
0.0218725
0.0216529
0.0214569
0.0308134
0.0218236
0.0219657
0.0216026
0.0220343
0.0216436
0.022056
0.080685
0.0221876
0.0215797
0.0226666
0.0219422
0.0219277
6.11655
0.021776
0.0218351
0.0216905
1.47771
0.0217463
0.021925
0.0343067
0.0371166
0.0214732
0.0222467
0.0222198
0.0217648
0.0219566
0.0219283
0.0218696
0.0396458
0.0226227
0.0221088
0.0221209
0.0219845
0.0220203
0.0218337
0.0217122
0.0234222
3.64202
0.0219561
0.0219373
0.0219418
0.0216849
12.2999
0.0218937
0.0219386
0.0219834
0.0220958
0.0225437
0.0215073
0.0218369
0.0220171
0.0224694
0.0219534
0.0219375
0.0358719
0.0257025
0.0220798
0.078905
0.0218226
0.021756
9.12435
0.0218789
0.0220358
0.0219215
0.0222004
0.0219588
0.021757
0.022208
0.0217955
0.0218088
26.0872
26.3848
25.7258
3.42568
0.0216154
0.0218921
0.0217557
0.0219083
0.022596
0.0217774
0.0217233
0.0221443
0.0220748
0.0220638
0.0215236
0.0923508
0.0221288
24.3587
0.0221507
0.0221121
0.0221816
0.0756357
0.0217546
0.0218522
0.0221285
0.0217565
0.0218769
27.64
0.0218046
10.5625
0.263304
0.0219198
8.33969
0.0218395
0.0663884
0.0217507
0.0221813
0.0686281
0.0234833
0.0220631
0.0221447
0.0218752
0.0220623
0.0219073
0.0218497
0.0217549
17.5088
23.1214
29.9835
20.5611
23.809
32.266
23.7296
13.1033
19.604
12.6949
23.5004
22.5969
13.8503
22.8577
26.5906
30.7534
12.0866
23.8071
6.39776
20.3666
0.0221578
0.0217536
0.0215429
0.0711618
0.0217524
0.021689
0.0218552
0.0222405
0.0222271
0.0219221
0.0220381
0.0218313
0.021837
0.0218601
1.038
0.0220006
0.0574277
0.0219083
0.0221394
0.0216381
0.0218892
0.0218408
0.0220232
0.0214429
0.0218475
0.0218985
0.0219169
0.0219407
0.0221824
0.0218625
8.17811
8.90841
8.4242
7.52835
6.61087
0.021927
0.0222199
0.0681573
0.0221811
0.0218411
0.0218849
0.0217718
0.0221239
0.0218805
0.0680465
0.0220793
0.021839
0.0218361
0.021949
10.4329
0.021835
0.0219304
0.0218705
0.0215542
1.76
0.0218899
1.58282
0.037599
8.4294
0.025167
0.0437643
9.00776
0.0220111
0.0217296
7.92936
0.192315
1.92424
1.6616
0.0351788
0.0214943
0.0232014
0.0216091
0.0218621
0.0215191
0.0217305
0.0217968
0.0222004
0.0222169
0.0621903
0.0271245
0.0218936
0.0217231
0.022077
0.0222401
0.0228722
0.021915
0.0217617
0.0254448
0.0217026
0.0218805
0.0217332
0.0218771
2.95966
0.0217703
0.0222398
0.0221794
0.0220892
0.0216416
0.0220422
0.0221629
0.021635
0.0222003
0.0219286
0.0216739
0.0219299
3.33837
0.0215024
0.0219598
0.0216104
0.0574984
0.0219262
0.0219438
0.022212
0.0218495
2.27993
0.163773
4.28436
0.0216334
0.0218515
0.0218173
0.021852
0.0221316
0.0221374
0.0219679
0.0218371
0.0218439
0.0217993
0.021805
0.0251528
0.0861771
0.0216303
0.0218763
0.0219286
1.39869
0.0218365
0.289836
0.0225195
0.0218421
0.0218283
11.3363
0.021667
0.0219337
0.0220977
0.0219168
0.0214364
8.81396
0.0215501
0.0221048
0.0532414
0.0220694
0.0219654
0.030671
0.0422275
0.0216675
0.0218328
0.022466
0.0219004
0.0216941
0.0533791
0.0220992
0.0218696
0.0224966
0.0216109
0.786437
0.022395
0.0219724
0.0222357
0.0219308
0.0219916
0.509576
6.0644
0.0218544
0.0219507
0.0220932
6.2231
0.0216701
0.0364242
0.0216485
0.0220289
0.0216221
0.0218406
0.0219585
0.0219535
0.0216712
0.0216069
0.0216758
0.022219
0.0274289
0.0220732
0.0216985
0.0215375
0.0217104
0.0222568
0.0240979
0.0218349
0.0218017
1.52206
0.0218315
0.0214224
0.0216855
0.0351243
0.0217774
0.0214873
0.0214026
0.0496218
0.0220461
0.0217744
0.022065
0.0216738
3.30372
8.8923
0.0244692
0.0214038
0.0222301
0.0217691
0.0220846
0.0219635
0.0219477
0.0215039
0.0217826
0.0222937
0.0227512
0.0216822
0.0266547
0.0493306
0.02204
8.90897
0.0220079
0.0220366
0.0217696
0.0221327
0.0216575
0.0217302
5.29428
0.0228218
0.02154
0.0217365
5.72496
0.0221443
0.0221826
0.0465682
10.0243
0.0219325
0.0214905
0.0293178
0.198225
0.0217058
0.0219605
0.0463959
0.0216305
0.0220034
0.0221629
0.0215416
0.0221701
0.0216718
0.0216602
0.022008
0.0215517
0.126478
0.0221726
0.0334069
0.0424258
0.0221723
0.0220639
0.183516
0.0214527
0.021942
0.0216786
0.0219912
0.0214925
0.0218872
0.0248884
0.0220491
0.0221756
0.0220092
0.0219533
9.04747
0.021796
0.0218893
0.0219649
0.246209
0.0217229
0.0221152
0.0222601
0.0219239
0.0465167
24.0797
24.0332
0.0218028
0.0220348
0.0221953
0.0222487
0.0217655
0.0626248
0.0218893
0.207231
2.67533
0.0435741
0.0215386
13.222
0.0220792
0.0222606
0.0215426
0.0221962
0.0217376
18.5806
0.0222351
0.0405636
0.0454613
0.0214886
2.4294
0.0217294
5.15262
0.021573
0.0217397
0.0217604
2.54129
0.0279038
0.0219696
26.6239
0.0261469
0.0220084
0.0216874
0.0219014
0.0236118
0.0217052
0.0220732
0.0218571
0.0220971
0.0218415
0.0218935
0.0217797
0.0214899
0.0222395
25.8971
25.2055
0.0219176
0.0222168
0.0223333
0.0221879
0.0229703
0.0217152
0.0217753
0.0219324
0.0218374
0.0221263
0.0215079
0.10512
5.69106
0.0218244
0.0215716
0.0220091
0.0215041
9.38062
12.8564
0.0216784
0.0232673
0.0222558
0.0218798
0.164111
0.0218845
0.0217259
0.0220901
0.02359
0.0221258
0.021622
0.0215445
0.0219304
1.79268
0.0219317
0.0247065
1.2896
0.0291459
0.0219693
0.0216527
0.0218854
6.89538
0.0221644
3.53426
0.153152
0.0232025
0.0221092
0.0218738
0.0307732
0.0221381
0.0216366
0.0320791
0.0221882
0.0229872
0.0220445
0.130435
0.0219371
25.9158
29.0687
0.0220901
0.0218241
0.0328345
0.0219923
0.0218157
0.0220106
0.0221075
0.0218422
0.0219715
0.0216572
4.23312
0.0218392
0.0215484
0.0230445
0.021874
0.0303341
0.0216854
0.0218903
0.0215366
0.0219372
0.0220729
0.0218453
0.0218644
0.021898
0.0218764
0.0220238
0.0219912
0.157165
0.0215384
0.0224148
0.0221291
18.1321
0.0360347
0.0216468
0.0253273
0.0218978
0.0410811
1.46616
0.0230223
0.0219382
0.0852893
0.0218413
0.0221618
0.0229992
0.0218818
0.095914
0.0219264
0.0226213
0.0219122
0.0218494
0.0220897
0.0216478
0.0216627
0.0214936
0.0216951
9.79402
11.9473
0.0301869
0.0216949
0.0221796
0.0506852
0.0216426
0.0219992
0.0218815
0.111027
8.24419
0.022198
27.5573
0.206338
0.0219212
0.0218815
0.0214809
0.0736204
0.0218364
0.0218314
0.0220957
27.2042
0.0591243
0.0219123
0.0221465
0.0217854
0.0217503
0.0457187
0.0218459
0.021725
0.0231802
0.0214894
0.0220462
0.0252351
0.0220308
1.16968
2.03815
0.164338
0.0220534
0.0219424
0.0218341
0.0217065
0.0218641
0.115797
0.0218249
21.2696
0.0259397
0.0220061
0.0217805
1.91698
0.0218463
33.3557
0.0788837
0.0233928
10.0698
0.0215705
0.0221384
0.0220584
0.021903
0.0221946
0.0409331
0.0237237
0.0696698
25.162
25.6814
0.0221058
0.0221223
0.0336582
0.0234624
0.0219342
0.022021
0.0225509
0.0217593
0.021935
0.119846
0.0219951
0.0220748
11.0141
10.3666
0.0219509
0.0251945
0.164817
0.0221017
3.27954
0.0223284
0.0472857
0.0219333
11.8811
0.021824
4.06798
2.09251
0.021533
1.23494
1.41212
0.179055
0.022208
0.0215694
0.0343042
0.141548
25.5855
0.0218427
23.7391
0.0219393
0.0219938
0.111185
1.19999
0.021941
21.1572
4.14482
0.021586
32.369
0.0217596
6.31824
0.0219308
0.0220514
17.3273
0.0220393
0.0218833
12.6916
3.4185
0.021885
0.0242927
0.0220163
11.9566
0.0324279
0.0218479
0.0219049
0.0215337
0.0217211
0.0214384
0.021672
22.8253
0.0215208
1.29029
0.0220737
0.0218278
0.0218443
0.0220593
0.0218608
0.0221551
0.0220444
0.0223941
0.0782233
0.177724
0.0257492
0.0215706
6.22898
6.88041
0.0219098
0.0221592
0.0271455
11.8435
0.0222286
0.0279435
0.283583
0.541207
0.0385589
0.0356968
0.0221751
2.59033
5.87118
1.21218
0.0242367
0.0877128
0.0220885
4.79269
0.022187
0.0219761
0.035087
0.0354302
0.0214811
0.0218919
0.0219013
0.0220298
0.669358
0.0220925
0.0219369
0.144879
0.0216447
1.4731
0.021873
0.0251767
0.0217525
0.0355102
0.0221816
0.0221324
0.0221037
0.025459
0.0217588
0.0219172
18.5357
0.0220742
1.91143
0.0218948
0.0219375
0.0220031
0.0217428
0.0357569
0.0218798
0.0219669
0.0221907
0.0218558
0.118866
0.0218324
13.4788
0.026584
0.0218854
0.0217798
0.0218546
0.022016
0.0219276
2.2352
0.0249059
0.0221108
0.117916
0.0224972
0.0220858
0.022029
26.5223
4.51655
0.0446084
0.774903
3.98155
0.0247847
0.197884
0.0221395
0.0218752
0.0221559
0.0570407
0.0219708
0.0216396
0.101798
0.0264341
1.83262
0.0221569
0.0711341
0.0222102
0.0217637
15.6592
0.412399
0.671217
0.0219515
0.0218494
0.0219801
0.021661
0.036428
0.0250029
15.6218
0.0218596
0.0224146
0.021515
0.0222473
0.0215465
0.0217162
1.98774
0.0219787
0.0224208
0.022107
0.0296676
0.0219006
0.0473892
0.298346
1.50285
0.0217802
0.140569
0.0255871
0.0223185
0.0260468
0.0219386
0.0218604
0.0256913
0.022173
27.1315
0.0219237
0.0250905
0.171611
0.0219075
0.125589
0.0217513
0.170977
0.022465
0.0218461
2.41023
0.0768702
0.0221406
0.0215723
0.0298789
0.021751
0.039009
0.0336168
0.0397964
0.0226479
0.0218464
0.0218847
0.0217119
17.1192
0.0221913
0.0214189
0.0219276
0.0423507
0.0295282
0.0217662
0.0222787
0.0223982
0.0217754
0.0221268
0.0220104
0.0220105
12.1989
8.61715
0.0237978
0.022285
0.0222837
0.0855134
0.0217717
0.0221784
0.073414
0.0222271
0.0231528
0.0216274
0.0220411
0.021791
0.0215601
0.021991
1.71387
0.0891315
0.587746
0.0330959
0.0220232
5.998
0.0220544
0.0217303
0.0219125
0.0724712
2.92314
0.0217665
0.0334356
0.0221883
0.0243805
1.34679
0.0217826
0.0221951
0.0220488
0.468266
27.6877
0.0247056
0.0462565
0.579891
0.0216896
0.0219629
0.0218665
0.0217208
0.0217249
0.0216806
1.62269
1.918
5.32236
0.0219615
0.0217383
0.0234208
0.0228198
0.0221684
8.11273
7.91402
2.58114
0.0215238
0.0217117
0.0279509
0.0217126
0.022002
0.0227769
0.0231622
1.98813
0.0221444
0.0217723
0.0218031
1.60869
0.12725
0.0216053
1.52784
1.29837
8.41399
0.021941
0.41739
0.0497162
0.0222745
0.0217596
12.5969
0.0272616
1.39183
0.021833
1.48129
0.0217648
0.021829
0.0236944
0.0220125
8.20867
0.0963128
0.0238675
0.0241094
0.0220789
1.94469
0.246405
0.184749
0.146886
0.0216924
0.048155
0.0230417
2.17032
1.26015
0.0218319
1.98801
0.0217246
1.88421
0.0222014
0.0245611
0.0216917
2.74792
19.7186
0.0862724
2.52871
0.0217735
0.021727
0.0222866
0.0214573
0.0219506
0.0223234
0.0218795
25.956
0.0277688
0.0221721
27.917
0.0219958
0.0221057
0.021789
2.14095
0.0225129
0.0217402
0.0217268
2.09219
0.02307
0.072325
22.0224
0.121974
0.0216985
0.0224888
1.46764
0.0298107
24.3172
0.0251503
0.0285554
0.021524
32.192
0.0394711
0.0436038
0.0221244
0.022274
0.022086
0.0229597
0.0225228
0.0354217
0.0936931
0.0215764
0.0215065
0.0215064
0.0216326
0.0217022
18.3164
1.68385
0.133142
1.84893
0.117689
1.38001
0.0220733
0.0221905
0.0216232
0.0216778
0.0222212
0.0259327
0.0219021
0.0233687
0.0215148
0.0223253
0.185752
0.0375042
0.0221368
0.0215566
0.0227085
0.0221385
0.0223562
0.1324
0.024697
0.0220701
0.0216384
1.63804
0.0220921
0.0235595
19.3502
0.0216256
0.0218127
0.0633785
0.0219588
0.0221426
0.022484
25.7765
0.0216846
0.0222508
0.0224817
0.0228834
0.0230009
0.0229962
0.0217673
0.0261103
0.141417
0.0221934
0.022306
0.0315784
0.0391875
0.0217735
0.0223268
0.0217421
0.0221755
0.980095
0.0214765
18.0782
0.0215228
0.0224717
0.0989705
0.0663802
0.0268118
0.0295064
1.0998
0.021838
6.47931
0.0220846
0.0804346
0.0222196
0.0279002
0.0218984
0.0224555
0.0225185
3.16364
0.136038
0.0222678
0.363319
0.0222429
0.0226876
0.0220493
0.231856
0.164657
0.0281756
0.106644
0.20242
0.0239726
0.0219699
0.300888
0.0226384
0.0219495
0.0355706
18.0591
0.403009
0.0288424
0.0222092
0.0793308
1.52433
0.599812
0.0222062
0.0220733
0.0354803
0.0227794
0.0215204
0.509309
31.6381
0.0269909
0.165962
0.0266017
0.0220375
0.0216985
0.0217965
0.025304
0.02193
0.0220782
0.0667673
0.0214642
0.0217984
0.022572
0.022192
0.0221766
0.0218496
0.0222053
0.121582
0.022091
7.20243
0.0226546
0.0218847
9.53903
0.027405
0.0227393
0.8798
0.0215326
0.021976
0.0230836
0.0309991
0.0613527
0.022019
0.0220232
0.0232036
0.021889
0.0221502
0.0422904
0.0672808
0.0229359
0.221979
0.0221605
0.0221904
0.0214697
0.0229779
0.0580766
8.81415
0.261256
0.0219387
0.0288769
0.0288589
0.0616244
0.0274884
0.0260106
0.0247598
15.6338
0.0330874
0.0219015
0.0245022
0.0262789
0.0220431
0.0218212
0.0251347
0.0542762
0.115319
5.04332
0.021614
16.7508
15.9461
0.0232465
0.0223422
0.021748
0.0224431
0.226144
0.0230335
0.0252501
16.1113
0.0909755
0.0214723
18.3268
9.77678
0.0228663
0.0223713
0.0233766
0.0244182
6.31126
0.0590524
0.0238262
1.5931
3.68484
5.19736
0.0512844
0.0286676
1.04067
14.0824
0.0304775
0.226572
0.0220509
17.0134
16.5247
0.0224136
0.0220015
0.0220186
0.0216569
0.0529889
0.0222112
0.899761
2.85589
0.0224077
0.20212
0.103759
0.0227929
0.0236184
0.0218031
0.0325869
0.142956
0.0239062
0.0222906
1.99391
0.0234276
0.0219853
0.0220791
0.0215536
0.0220614
0.0301244
0.0234465
2.03478
0.0221615
0.0231936
0.0219586
0.0429098
10.3402
0.0217577
0.0254574
0.0217301
1.6729
0.0218337
0.021455
0.035664
0.0219336
8.98375
0.0221603
0.0219317
0.0222824
0.0218301
0.0215151
1.94841
0.0381694
0.0507418
0.06634
0.022004
17.3032
0.022156
0.0227772
1.36049
1.0346
5.60089
0.0300955
0.0222534
5.8638
0.0239258
21.8211
24.1805
0.0248598
0.0220755
1.55093
0.0223358
0.0222198
1.92802
0.109068
0.0251404
0.218884
1.51343
0.0241719
0.0218918
0.0220452
3.62394
6.11449
0.0366919
4.44631
0.0697385
0.123239
0.0253447
0.0220066
0.0245228
0.916204
0.0275248
0.0243097
3.71929
14.7007
0.0217143
0.100689
10.738
0.0279131
2.19048
0.0251185
0.021498
0.0297673
0.021899
0.050213
0.0219519
0.112564
0.021505
0.0219622
0.021437
0.0220511
0.0219997
14.6836
0.0220935
0.103871
0.02245
0.0219132
0.0216458
0.02188
0.0545647
0.0221307
6.87374
13.3072
0.0239705
0.025677
0.0222055
0.027417
0.0224171
0.0219946
0.02398
0.0222291
0.0215955
0.0219395
0.0217179
0.0216979
0.434345
0.0224819
0.0218835
0.0220891
0.0220224
16.3798
16.9139
0.0487809
0.0234663
0.0229113
0.1277
0.0219278
0.0219978
0.0222712
0.0299002
0.0217645
0.0218407
0.0263494
0.0294655
1.42167
17.7549
0.0218227
0.0219364
0.0216691
0.0231495
0.0217082
0.0217535
0.0214811
0.0231439
3.1334
24.5034
0.0240901
0.022147
0.027516
0.0219471
0.0222838
0.029032
1.58663
28.9039
0.0220339
0.845678
0.0239843
0.021773
0.0222479
0.0248624
0.0218931
0.023122
1.1413
0.0218878
0.0217818
0.0215492
0.0232192
9.11073
0.0221088
0.0302535
2.56111
15.0585
0.0245605
10.0737
0.0265544
0.0309149
0.022045
1.99348
0.0221023
2.18502
0.0218822
0.0221119
0.0369328
0.0308602
0.0223624
1.98759
0.0221444
0.022194
0.0218081
0.0221634
0.0217416
0.0236907
0.0252887
0.0221769
0.0302732
21.0113
0.0236222
0.986381
0.0222013
0.0267045
14.6882
0.0265774
0.0225432
10.5894
0.0218261
0.0221556
0.0220736
0.0226536
0.0329742
0.0222964
10.3446
0.0246236
0.0218523
0.0285186
3.62509
0.0221683
0.0224193
0.0223673
1.7927
1.66081
6.86072
0.256714
1.957
0.0269297
0.12662
0.0260429
0.027965
0.0217013
0.0221569
0.024036
0.0222066
0.0222159
0.0216549
7.08668
0.0235801
0.0218996
0.137783
0.0220493
2.60408
0.0600866
0.0228241
0.0218878
0.0223527
0.0235305
0.0224125
0.0250878
0.0245155
0.0219089
0.0219386
0.0217639
0.0231924
0.0529532
6.66833
0.0279805
5.1907
4.32281
0.42455
12.8448
0.0225989
1.52011
0.0731743
1.43321
0.0339056
0.0233242
0.0223822
0.0219933
30.5473
0.0245655
2.58793
0.0290884
0.0226766
0.0240976
0.0271822
0.0221785
0.0224222
1.23553
0.0217153
0.0252043
20.2204
0.0228988
0.0219559
0.0293413
0.0216844
0.0218708
0.0335449
0.0225876
3.05752
0.0222397
0.120233
0.0226112
1.54643
0.023501
0.0221082
5.91899
0.0229987
0.19238
0.0216584
0.0225692
6.06894
15.095
0.021521
4.72048
1.37779
1.76231
0.150191
0.0257896
0.021755
0.0261558
1.83156
8.04247
0.0227554
0.0221421
34.3866
0.0219344
0.0656267
0.0227882
0.0221223
0.0854645
0.0710011
0.0220096
0.0218825
0.0228122
0.0215577
0.0216808
0.0464848
0.0256836
0.0313898
0.0427295
0.0266181
2.28423
0.0356605
0.0302355
5.75434
0.0291962
0.0221186
0.144139
0.0279275
0.0237425
3.94075
0.0216734
0.0649641
0.0228411
0.0217057
0.0223387
0.139068
0.0218073
10.784
8.47543
1.43185
0.0217866
0.0214902
0.0295058
0.0220398
0.0753082
17.0017
16.8081
0.022322
0.0218931
0.026071
0.0314299
0.0280706
6.51494
0.0252762
0.0267171
0.0424265
0.0221969
0.0295353
0.0256916
1.77752
0.0282178
0.0216512
1.45458
1.40129
0.021931
0.0222006
10.4129
0.0319332
2.00108
19.3272
0.0231493
0.0247565
0.0240645
0.0235485
0.0219837
0.0222454
0.0270323
0.0230836
0.0459943
9.92507
0.0220878
0.0219284
0.19299
1.75051
0.0221976
0.0222359
0.0217753
0.0296003
0.107848
0.0218899
0.0220773
2.26449
0.0234123
0.022225
0.0219275
1.7833
0.0216445
1.34
15.6554
0.0217904
0.102725
0.0334103
1.97914
0.0230812
0.0884091
5.6389
7.13187
0.0316596
0.0236919
0.0222872
0.0330388
0.0520003
27.0939
0.0217838
0.0214825
0.0219736
1.43606
0.0279593
1.66036
0.0218631
0.0623629
0.0357482
0.0313894
0.0221057
0.0593586
0.0219258
0.074185
8.05684
0.0348672
0.0217425
0.0221049
1.92311
0.0222275
0.0220493
17.8965
0.0216692
0.023948
13.8457
2.08232
0.0216506
0.0230591
0.0220649
0.0288322
5.34208
0.0239299
0.0501948
0.0214722
0.443934
0.0216391
0.119056
13.4302
0.0219225
0.0221994
1.83906
0.0222232
0.0216913
0.0216582
1.66722
4.49559
0.0222874
0.0219271
0.0217795
0.0218282
0.0217412
0.460964
0.0218838
15.4548
0.0217355
0.0217066
0.0218563
0.021821
0.0222802
0.0312716
0.0222132
16.4321
16.457
0.0245649
1.67731
0.160308
0.163775
0.024203
0.0218942
0.0331676
0.171665
0.0219014
0.123796
0.0216708
3.56274
0.0221721
0.0218754
0.0245046
0.0266846
0.0238963
0.0216435
1.50006
0.0228705
11.9774
0.10549
13.4228
0.0220409
2.63109
0.112175
0.0221074
0.0808169
0.114329
0.0253551
0.0313762
0.0214872
0.0733554
2.30436
0.0219012
4.67114
0.0221123
0.128218
0.0219236
0.167359
1.54824
0.0229029
1.59793
0.0215577
0.0232504
0.096811
0.0348359
0.411655
0.0218901
0.023379
0.0338073
0.087107
1.53226
0.0218665
0.0218792
0.0219709
1.82599
0.0239373
0.0271453
1.48129
0.0224095
0.0228852
0.021437
0.0376943
3.92192
0.0580547
0.0302658
0.0221451
0.32954
1.06942
0.0223365
0.0266218
0.0219027
0.021755
0.022208
13.9474
0.0590683
0.0621271
0.0343999
0.0216143
22.043
23.218
0.0221118
0.0237515
4.27294
0.0243787
0.0230046
0.021723
0.0248331
0.0217683
0.0222486
0.0307114
0.0251129
0.0223723
0.334447
0.0219905
1.62139
0.0843448
1.57606
0.0557412
0.0374225
0.0215235
0.342332
0.0332324
0.0222399
0.0218941
1.67021
0.0215095
1.29608
2.97361
8.45631
0.0372479
0.0258592
0.0262444
0.0223778
0.0221129
1.39989
0.0217969
0.0773994
0.0219007
15.9248
0.0218745
0.0217775
0.0241283
0.0222513
2.36859
0.0267042
0.0470738
16.4681
0.0532448
0.026665
9.01691
0.0219181
0.0231112
0.22266
8.21138
0.848391
0.198156
0.0218999
0.0220534
1.77941
0.0277093
6.8252
0.105046
0.598441
1.47509
0.0220211
1.8365
0.0901898
0.02167
0.234824
0.0220828
0.0326537
7.48373
0.0220719
0.029357
0.0221459
1.49056
0.0227977
0.0221391
0.0218682
0.0220165
5.34988
1.6164
0.843521
1.52086
1.56822
8.63809
0.0287273
0.0219224
0.0272185
0.0216372
0.0214736
0.328889
0.0219659
17.7628
0.0302117
17.1381
0.0244656
0.101125
0.0656805
0.0220311
0.0216339
0.021703
0.0295465
0.0221735
0.033098
0.689993
17.6537
0.0224479
9.59319
0.0218421
5.52883
0.0222399
0.0945221
15.2585
0.12459
14.4364
0.0221014
0.0219941
0.0410589
0.021941
0.0279176
6.07837
0.104077
5.87352
0.038246
6.19614
0.0368489
0.490164
0.0214229
1.76223
0.0336683
0.0218964
0.0221934
0.0231832
1.95036
0.0301423
0.0216088
1.04416
2.04162
0.0224987
18.2152
0.0222305
0.0315849
0.0220237
0.0361255
7.7289
0.032694
24.922
6.53428
0.0223719
0.0219706
0.0369516
0.0953664
0.0518535
2.61233
1.4093
0.0221587
5.86914
0.0219393
0.0216976
2.47889
0.179399
5.7101
0.0290083
0.0219024
0.0572983
1.95529
1.33089
6.57825
0.251227
16.1801
1.42359
0.135689
0.104132
30.9071
15.8055
4.32512
10.6259
7.91718
16.7614
16.7795
0.0216546
2.99784
0.0215119
0.030775
8.54884
0.0260282
0.0279533
1.61208
0.0345085
0.0260774
0.0222109
0.0338423
0.0912873
0.0339478
0.021997
0.0221909
0.0229308
1.10947
0.0219474
0.108068
0.0220563
0.0222763
0.0214722
0.0223721
1.45334
1.95464
0.0292072
9.38292
0.0221926
13.0193
0.0216473
0.0219315
0.11519
0.0220194
0.0221393
0.0221748
0.0636923
0.025409
0.0470343
0.0219498
0.0219941
0.0395747
1.86213
1.58393
0.0631536
1.92269
0.77955
0.0219386
1.41002
1.85788
15.2202
0.0219291
0.0222383
0.0227003
0.234963
0.0219758
1.29971
0.0219364
0.118418
0.0220177
6.38766
0.0223056
0.0919234
0.0250678
0.0221918
0.0223364
0.107689
0.0236786
1.94862
1.30652
0.0218991
0.021699
2.08061
0.0985629
2.57963
0.0222263
0.165208
0.0223783
0.0216043
0.0813853
11.1882
0.124094
0.0373667
0.0226901
0.027016
0.0396144
0.0221265
0.346263
0.0228894
0.0354862
0.106545
2.89545
0.0363916
0.0219946
0.021768
12.5081
0.0226232
0.0356591
0.0217857
5.381
5.06535
0.0220468
0.0217055
0.222052
9.95758
9.90446
1.51838
0.0228752
0.130399
0.0503992
1.35553
10.1992
0.0258983
0.0240809
0.0277128
0.106531
0.0222276
0.0997213
0.0297873
0.104875
0.465376
0.0216562
0.0223468
0.0354676
0.0219305
9.84359
0.0218442
0.0219313
0.705164
0.105477
0.902973
0.0259819
0.141908
0.0391048
0.0219139
0.0326268
0.0235965
0.0569732
1.73898
2.13757
0.0230312
0.0215236
0.0621674
0.0870728
0.024695
0.0249407
0.0223746
0.0214022
0.0548415
0.0761546
0.0219969
14.098
0.0220582
3.1114
1.70301
0.0222939
0.0373807
0.0226597
0.0247036
0.0477408
0.0616164
0.0232845
0.0222883
0.100361
0.0218231
0.231121
0.0216676
1.52028
0.0377673
1.42242
0.414614
1.29834
0.072196
0.0214624
1.57294
0.0214275
0.0231451
0.0221848
0.0224582
0.0312689
0.0232443
0.0338814
0.0222881
0.158134
0.0558651
0.0889566
0.058172
1.56275
0.0218784
0.0370163
0.0218207
0.0221818
0.0217935
0.0218749
4.89385
0.0224875
0.0222301
0.0325457
0.176684
0.0495101
0.0219148
0.114565
0.384548
5.68967
0.024718
2.06763
2.2217
0.0220061
0.0236536
0.0797763
0.0682099
13.8404
0.125729
0.0220867
0.0498098
0.0214995
0.156985
0.943008
14.1521
0.177586
0.0218513
30.6302
0.0217801
0.0218055
0.025352
0.0584241
0.0398848
0.0963474
0.03803
0.0214903
16.6612
0.0621135
7.02629
3.60543
1.43706
0.0292232
0.0236361
0.0229601
0.022883
0.021989
0.0254313
33.5874
15.5328
8.93945
0.28642
0.285196
0.0219882
0.0220445
0.0231636
0.0248518
5.87589
0.0231341
0.0222382
0.0217387
0.021747
0.0215888
0.0391566
0.033472
0.021851
0.0285592
2.07106
1.93439
0.0378498
6.05645
0.0218727
4.32402
2.02483
0.132461
0.0217906
0.0218655
0.0221967
4.49171
0.0268604
0.0294703
0.047036
0.238086
0.0398402
0.0222869
0.0221487
0.0685237
0.0219834
0.110097
0.0251811
0.0302618
0.0217202
1.44093
0.0333135
0.0219503
3.21609
0.022286
0.121141
0.0222018
0.0220331
1.63164
0.058595
0.0450658
0.021902
0.0217705
0.0217137
0.0216126
0.0222042
0.103673
4.11106
0.199559
0.0417054
0.0881399
0.0217904
0.116437
0.0222785
1.4087
2.62182
0.0265708
0.0218859
0.0217979
2.40947
2.19513
0.0242924
0.151303
0.0313968
0.0222266
1.43482
0.0221919
0.101494
13.1605
0.0223657
11.9754
0.0214064
0.0225924
0.0395239
32.7787
0.0217449
0.024712
9.84229
0.276533
1.44187
0.0217101
0.0222215
5.7013
8.85289
5.09259
16.1773
0.0593701
0.0221965
0.0218184
0.0223974
0.0217002
0.0221567
4.78496
2.46136
1.54399
1.94502
0.0215175
0.0216715
2.86259
0.0294777
0.0224655
0.0217247
0.0221303
1.29101
0.0418981
2.47083
0.0222323
0.0219924
0.02222
0.0384559
0.0260277
0.0232356
0.0249577
9.92278
1.46659
0.0235804
0.343756
0.0220451
0.0221314
0.138499
0.83586
0.0214551
0.124744
0.0219399
24.8457
0.0220476
0.828089
0.0222953
0.0381986
0.0218014
0.022567
0.0232722
0.113543
0.0715082
1.91394
0.0220206
0.0221985
0.0215297
19.168
6.28043
0.0247588
0.144265
0.0807837
0.0233569
0.0265489
4.20524
0.0466163
0.0215627
1.96918
5.10864
0.140038
0.022274
0.0217055
0.0222138
0.0220202
0.0497198
0.0222714
0.0221666
0.0265032
1.68363
0.0222493
11.1261
7.68254
2.85067
0.0844224
7.10816
7.51899
4.10604
1.20593
1.57697
1.24289
0.0729752
0.140324
0.0218209
0.735161
0.021972
17.3099
0.54416
0.0214736
9.41772
0.0464781
0.0217124
0.157177
1.46041
0.0217915
0.0696431
0.0218287
1.4434
5.90981
6.25432
0.0220606
6.06792
4.74881
9.18897
0.0582803
0.0444209
3.78786
0.0215073
1.65092
3.67333
2.124
0.0220845
0.0257542
0.0216303
16.2002
0.022047
0.803339
0.0376128
0.0296831
1.0347
0.0250518
0.0222024
0.0219663
0.0220434
0.0224659
9.60643
0.021893
0.0281431
16.7992
6.80242
0.167058
0.023041
0.0369614
0.446167
0.0215962
0.022434
0.0242854
7.78629
0.025198
0.698398
0.022147
0.0216219
0.0739417
0.0448675
0.0402115
23.5966
0.0217422
0.762182
0.0260829
0.0220292
0.0535215
0.932687
0.0219922
17.8207
0.0278835
0.72511
1.6625
0.189225
0.0219066
15.263
1.30067
0.0333124
0.0268067
4.54744
0.308249
0.021913
0.0218134
2.69021
0.0217114
0.0215954
0.0230692
0.114312
1.40554
0.0215765
0.0392859
0.071212
0.0802802
3.52372
0.02193
0.0221558
0.0219264
0.022266
1.40172
1.57449
0.0456961
0.0219553
0.0214369
0.123807
0.0220965
0.0252404
4.51309
0.0224898
0.0244958
1.64732
0.0218274
0.0220341
0.0287651
0.022181
0.0219057
1.98144
0.0790011
0.103515
0.0222114
0.0229788
0.0400805
0.0568242
0.0221849
0.0436088
0.021507
0.0255926
4.06349
0.0225242
9.61803
0.0214634
22.46
1.57465
0.0217901
0.0290289
3.87033
0.0253818
1.64077
7.48981
0.0222951
0.0395441
0.0218182
2.99602
1.24305
0.0220761
10.176
0.0222977
0.0218049
0.954342
0.0944324
0.663589
7.09253
0.141381
0.0216978
2.33818
0.0218531
20.4412
0.0224694
0.0932661
27.8812
0.0222454
0.0217356
0.0397921
0.0215432
0.54258
5.32738
0.0218332
0.0216531
0.0217274
0.0216789
2.26099
0.329331
0.0406029
0.992009
0.0287853
0.0272471
0.0243836
0.0307924
0.0298067
0.0215423
0.0223561
0.021668
0.0218242
0.0253276
0.0933343
0.0222522
0.36833
8.25516
0.0216803
1.7389
0.0216115
0.787113
0.0226276
1.30986
4.33259
0.0221625
0.255636
0.0222864
0.300077
0.821025
0.0220903
0.0222689
0.101485
0.0318814
0.0222255
0.045409
14.2039
0.0222833
44.111
0.0230468
0.0218808
0.193566
1.50578
0.0234502
0.0218915
0.0270507
0.0220811
0.0426374
0.0217185
0.0218858
0.0214981
0.0222389
1.75826
0.0279683
0.0222286
0.0217502
0.0268072
1.88018
2.98981
0.146375
0.021692
0.303024
0.0445645
0.0214356
0.0219787
2.3579
0.0222509
0.0217636
32.2044
0.0314487
10.036
0.0229406
0.0467851
9.8391
2.2418
0.799064
0.0218337
0.0798284
0.0221628
0.0228623
0.0216581
27.4434
0.059739
0.0217753
0.305979
2.75036
1.51377
0.0219936
3.44666
0.0224643
0.0221936
0.2115
9.28774
0.0270947
6.85925
0.0797882
9.9282
0.0216702
0.0312531
0.0756878
0.0220443
0.0222066
0.472659
0.0378141
12.0877
11.7966
0.0217803
18.2868
0.0252498
10.1582
0.0221805
0.774701
1.36231
0.0832065
0.0222198
0.0219247
8.31911
0.0220732
0.021614
0.183432
0.0320289
0.0219204
24.1792
0.0219561
0.0217639
0.0221818
0.0221907
0.0216205
0.0218843
0.0216409
5.84619
9.83606
0.0225791
0.0215905
0.02196
0.0218555
0.0279665
0.0217684
1.9056
0.0335177
0.696519
0.0306878
0.0285199
3.69055
0.0218356
0.0897823
4.26459
0.0259422
0.565035
11.6883
3.62757
0.0214205
0.0220459
0.0218305
8.43456
0.61399
2.72682
10.1667
0.0332205
0.0217813
15.2554
0.0295769
0.0222327
0.0219027
0.0222343
5.93543
0.0364983
0.185007
0.0219045
0.0221932
4.94861
0.0216648
0.0232549
0.0218182
4.95805
0.0216159
0.0218324
0.0799121
0.0222165
0.0221716
0.0251036
0.0990422
0.0377848
0.469966
0.0884757
0.0222463
7.78654
0.0333597
0.0217877
0.0220025
7.2819
0.0219828
13.4578
2.68381
0.0216353
6.3566
0.0218077
1.33643
0.493454
2.2171
0.0453905
0.198962
10.1142
0.0372171
10.7549
0.746581
0.0219282
0.0217779
0.0531442
0.0694355
6.32318
0.0287297
0.0280858
0.021994
0.0227145
0.0218295
0.0331898
0.0465485
5.33234
0.0458552
0.0222007
4.96233
0.0414587
0.0220776
0.0219271
0.0218706
0.0215554
0.0234183
0.0222317
0.046786
0.0331851
6.48627
10.0357
2.32239
0.0217245
0.0218661
0.0398453
0.027324
0.0217536
0.0261659
0.0216578
1.6653
0.0219549
0.0835942
8.09483
0.0222122
0.0220158
0.021877
6.40584
0.0853116
0.055261
1.37123
0.0218598
0.0235274
1.3513
6.61123
0.0222312
16.1717
0.022715
0.0480388
2.46984
0.021859
0.0221483
0.0220657
1.75884
2.9755
8.23732
25.4697
0.0222517
0.0220642
0.0219688
0.0894068
0.022151
0.021703
0.0223221
0.021745
12.1771
0.0222927
0.0222917
1.53507
0.51499
9.44181
0.0265797
0.0298846
0.034709
0.210485
0.127239
1.83645
1.58968
0.441133
0.0218113
1.57891
0.02172
0.0249925
0.0221202
5.59648
0.0215526
0.0218168
0.0221069
0.0222759
2.53692
0.0228053
0.022294
0.205493
15.2667
0.0218714
0.0217683
0.0755675
0.0217108
0.0221514
0.0218247
0.0218984
0.0366448
0.149734
0.0285491
0.298214
15.6107
0.0249276
3.33815
0.131568
0.0296589
2.19598
0.0216771
2.13184
5.52854
26.8041
9.70988
1.3133
6.04505
0.0355652
0.0219225
0.0233023
0.0218656
1.52504
0.0219274
1.29837
5.18843
0.0221811
6.18925
0.0736812
0.0217472
23.2317
0.125865
0.021472
12.9287
0.0226144
0.0330914
10.1526
0.0239266
0.170112
18.4638
0.0216038
1.33681
0.920677
0.0220792
12.0648
0.0217163
0.0505825
0.0220245
0.02188
1.37182
0.0218134
0.021961
1.35207
16.9566
1.04911
0.0219271
2.14095
1.37347
0.137494
1.49133
0.0217108
0.0218462
1.38656
0.0217636
0.0217462
0.0222108
0.0222021
1.30949
22.8051
0.0453729
0.0216536
0.0284309
0.021966
12.6176
0.0221638
0.0249305
4.84499
10.4814
10.6822
5.87077
0.289241
0.0219083
10.3333
0.0218454
12.0256
4.36651
0.128521
0.0223782
0.022113
0.419914
0.0218228
2.47438
0.0217812
0.0215497
0.0216065
7.05939
1.66127
0.0218512
0.0214201
0.186295
11.6117
10.3025
13.3893
0.021907
9.2434
0.0257322
0.0220772
0.0317273
10.2915
0.0219322
0.0226674
0.0219264
10.2694
2.67482
0.0219958
0.0220781
6.39429
0.0770928
3.65895
8.71407
0.301776
0.30827
0.058545
0.0219198
15.9249
0.0218134
10.2621
0.0221536
1.40776
0.0218494
0.0493542
0.24236
0.194867
10.9642
0.0219004
0.102825
0.0253116
0.0219546
0.0531749
0.0219276
0.0422033
0.0221366
0.0218775
0.0220259
0.0504006
0.0266619
0.0214385
0.0220269
0.0217244
0.0984171
0.0221308
0.0581681
0.0217043
0.0225618
1.36133
0.0233591
0.0658333
0.102768
0.0217552
0.0218218
37.3931
0.102559
0.0216728
5.85974
0.0216585
0.0219349
6.64454
0.0214159
0.0222006
0.0412513
0.0224243
0.178119
0.414166
0.751486
0.0909629
0.0221432
14.1504
0.0222944
0.0222775
0.147771
0.0244985
33.3662
0.0219048
0.0215577
0.0221312
16.7081
18.0232
0.0218152
0.028542
0.0222486
0.0610083
0.0217034
0.0219048
9.64775
0.0222504
0.0218585
2.02763
0.0224271
1.71982
0.0219398
2.36332
0.0219468
2.81951
0.103743
0.0221146
0.0219567
0.0222507
0.0224794
6.62235
0.0363066
0.0543211
6.69232
10.4485
0.0219306
0.0224941
5.90227
0.100742
0.0223798
0.0220012
0.0219426
0.0559189
0.0387453
0.0937356
0.0284174
0.0216813
0.0219764
10.7203
0.0221768
0.0218543
0.0244232
0.0307889
0.0220006
0.0218874
0.024286
0.0425508
0.0216709
5.07404
0.0217509
0.249064
0.0214195
3.27287
0.0216214
0.023807
1.35064
4.00884
10.2023
0.749574
3.20079
0.0219475
6.88156
0.0217105
0.0216781
0.0393328
2.81935
7.99226
0.0216015
1.48229
16.1398
1.32248
0.0222639
0.0217506
0.0217302
0.0223142
2.16969
0.106943
0.0733742
0.275378
0.0221284
0.0214361
0.0216555
0.0218216
0.191064
9.8358
0.0220843
22.3391
0.109808
0.239957
0.0610727
6.36225
1.81344
0.0217406
0.0219927
16.3889
16.2894
2.48095
0.0221798
0.184382
13.6538
0.0215485
0.0221926
16.2069
0.0216607
0.138902
0.113724
0.022875
17.3753
0.0219315
0.0739578
12.6145
0.0278395
3.36827
0.0219326
2.70689
7.15827
0.0218658
15.3308
0.0216995
0.0279319
0.0219054
6.19581
2.62303
0.0284499
0.0215338
16.6352
0.0222875
0.0214677
0.0218809
0.028416
2.37002
0.0214993
0.0232134
0.0217658
8.91226
6.07795
0.0230515
0.141928
0.58682
0.136128
0.118006
0.0221998
0.0470832
0.0282737
25.6568
0.0242318
0.023916
15.1491
0.0336754
0.132954
0.027773
0.0220427
0.503379
0.0219737
0.0219876
0.0217585
1.57183
0.021937
4.6084
0.0221268
1.32601
0.0219996
0.0334773
4.04081
3.83725
0.0217106
0.0222619
0.0220657
4.21906
0.0216566
1.52353
0.184466
0.894037
0.0219504
0.0215115
4.8499
0.0988802
22.2523
0.0321492
21.6894
0.0305883
0.0220378
0.0219468
0.0757495
1.3394
0.0218983
0.0317606
0.0219024
0.415745
0.0218503
0.112089
3.36528
0.0217176
0.0214552
0.0751038
0.0217816
0.385866
20.6741
0.0222244
0.351053
0.24127
0.0477921
0.0215949
0.0218099
0.042402
0.0399872
0.0263439
0.0530484
0.269256
0.0219503
0.028959
0.0498173
0.0217873
0.615741
0.0227017
4.5769
15.566
0.0221079
0.0227858
1.82711
14.9778
6.61703
4.46768
0.021742
1.44733
0.633308
0.0216778
0.0274557
0.0218065
0.0219882
0.0216484
0.0220028
0.0224881
0.0445783
0.0215865
0.0229444
0.0288005
3.20582
0.0221142
4.78707
1.13419
0.0216421
0.0220911
0.0220646
0.0220966
5.70556
0.599848
0.0221155
0.0218518
0.0219565
0.0222693
0.0219643
0.024932
0.0217416
0.344577
0.56556
9.79909
0.0284575
0.0220465
0.0275901
0.0245105
0.0220038
0.132263
0.0222458
9.48915
0.031295
0.196625
0.0222876
0.0219475
9.60639
0.0219198
0.0508735
0.0220598
0.137023
0.0864703
0.0964451
0.022174
0.0247509
0.678743
0.0218289
0.0222153
0.0240539
0.0220801
0.0217374
3.06693
0.652624
0.0217506
0.021813
2.0061
0.138419
0.0218624
0.0219836
0.0567137
0.0226494
0.0277697
0.341399
0.915507
0.0232801
0.05606
1.9009
0.0219305
0.0221936
0.021949
0.0217259
0.0218422
1.91085
7.26759
3.44321
0.0249623
0.039736
0.0219056
0.0222596
0.0268395
0.915194
0.0537035
0.0273116
0.0557252
0.0749718
7.43296
0.0219964
0.637014
0.0444912
0.244568
0.0373989
0.0217403
0.452501
7.55287
0.0352378
8.33549
0.966558
0.0217176
0.0539194
1.43747
0.0215648
0.0222329
12.0258
7.23296
0.0214846
0.0218391
0.12494
0.0215921
5.83934
0.0216632
0.0218431
0.022098
1.32179
0.0302133
0.0811638
1.34462
0.0845346
0.0301617
7.15699
0.0216719
0.0216479
0.0218908
0.153364
0.752323
0.0522092
0.0249107
0.0218406
0.0218529
9.34847
0.0219246
0.0220047
27.4432
15.2226
0.442659
0.022008
3.47614
0.0219077
0.0220469
0.296776
0.485005
0.0219602
0.935838
0.0219189
0.0228873
0.0275124
0.0238351
0.0218541
0.0216029
6.78684
6.39497
0.0217258
0.0216544
0.154787
0.0314462
0.0220453
0.0272166
0.0223461
0.0218097
0.0416255
0.0216689
0.0222553
5.37325
10.213
0.0267282
0.0219581
7.71886
0.0214043
0.0217284
5.69824
0.0220225
6.38849
0.180487
0.0271784
1.34312
0.0219115
0.0218368
0.0218991
0.0218099
0.206172
0.0285433
0.021927
0.0218365
5.49711
1.34747
0.0217546
4.33053
6.13188
0.0219705
14.2031
6.83019
0.0270655
0.0220129
17.6284
0.0220214
0.0218447
0.021858
0.0218221
0.0220673
0.0874799
0.0797675
6.39863
0.0221345
5.93978
0.221613
6.05608
0.0220393
0.315208
0.0217283
0.0288401
12.3811
0.02193
0.0798144
7.02981
0.0263428
0.0407324
0.118422
0.0214644
0.0218001
0.0504891
0.0219996
6.58505
0.528608
0.0221077
0.0219441
0.0281864
0.0221493
0.0450686
0.022131
0.298068
0.0218741
0.021817
0.063232
0.0326896
9.81826
0.104995
0.0231993
3.00616
0.0861767
0.172191
0.0222138
1.06535
0.480442
0.0221113
1.47974
26.8772
0.0217399
0.0222945
0.133645
0.0910883
0.0218203
0.0445536
1.32751
0.0214781
0.022101
0.0452926
0.0222188
0.0580721
0.0220017
5.0705
1.43966
0.0426628
0.635872
0.0215187
0.720013
8.47785
2.45819
0.0327693
0.0217357
0.0228694
0.107789
0.0220849
0.0216452
0.0222491
0.155257
0.0219154
0.0216841
0.0222665
0.0214741
0.0227316
6.94995
0.341462
0.0222001
0.0218121
0.021842
0.0220219
0.165769
0.286562
1.23186
0.0775337
6.00726
0.0220122
12.5844
0.648546
0.0279827
0.0220175
0.0390742
0.0220202
0.021916
0.0214854
0.0792042
3.51277
0.0218492
0.132489
0.0972204
0.0339309
0.0221473
9.34833
0.0221598
0.0241948
0.120494
0.338019
0.0223482
0.0220774
0.0216105
0.0235312
2.27784
0.0224689
4.83997
0.0220799
0.0218933
1.2543
0.0227545
0.0219508
0.0222362
8.42216
0.0222176
0.102891
0.0316434
14.4547
0.104073
4.76367
0.021878
0.0226187
0.0217023
0.0218152
0.0279569
0.0220984
0.0219281
6.63854
0.0222855
0.0222841
10.4598
3.21517
0.0218557
0.0614059
0.0217098
0.0214767
0.0232555
0.0216542
0.37866
9.78367
0.021447
0.0221619
0.076776
3.19933
0.0220218
0.055115
12.7094
0.0220724
25.3749
0.0228121
1.49234
0.0222233
1.00532
6.00901
0.0218011
1.37945
0.0239202
0.0216547
0.0219781
1.38809
3.43866
0.0642409
0.0221726
6.65003
0.0219956
0.0227853
0.0219356
14.1251
0.0835481
0.0450168
9.51526
0.0218208
1.56194
16.0197
11.9504
6.29485
0.0369454
0.0351766
6.4398
0.0219863
0.0228629
0.0783984
1.48555
0.0214569
0.0222854
0.0218999
0.0219537
0.021984
0.0314324
0.375002
0.0218535
29.0102
0.0219065
0.0232482
0.0220364
0.0498585
1.52324
0.0221655
0.0217282
0.0549097
15.2972
1.36184
12.1225
0.608096
0.0218754
0.0218574
0.0215021
0.497343
0.022659
0.0220362
22.2669
0.0220045
0.100645
11.728
0.0219592
6.24023
3.34239
0.923316
0.0480237
0.122562
14.1687
0.303202
0.0219149
0.021657
0.0350845
0.0223807
0.0476599
27.3065
10.9195
0.0290913
5.84266
1.20553
8.36019
0.0214531
0.0221804
0.0219441
0.0217105
0.0220378
1.53258
1.35392
0.0220179
3.46407
0.0220161
0.0219186
0.386535
0.0217844
0.750972
1.34383
7.46855
0.0217392
0.0218708
0.022247
0.0222439
12.3448
0.021967
0.0266837
0.0222452
0.106944
0.0242909
0.0221885
0.0219409
4.86203
0.0216655
0.59283
0.0218776
4.0271
0.0220269
0.0219513
0.022913
0.345569
0.0216895
0.0219985
8.47248
0.0219182
0.0391767
0.248493
0.515985
0.0375949
0.0217628
0.0219281
0.886367
0.0291087
0.0216987
0.0881884
0.117337
2.69623
0.0219651
0.0220114
0.021932
0.0217544
0.02204
0.022476
0.921602
0.0229167
14.8717
1.47061
0.0418749
0.0227571
0.0218663
0.443302
6.01059
0.0217247
0.0220386
0.0792427
0.0222746
0.0230684
8.83872
1.93815
0.0218872
0.268482
0.0225922
8.36171
0.0216926
0.0220176
0.021897
3.74543
0.02164
0.0219004
1.57642
0.0218559
0.0343859
0.07097
0.0219111
15.8382
0.0274722
2.51838
1.33115
0.0219462
0.0222536
2.01904
0.0218495
0.0221025
0.0219728
0.0295437
0.0220726
12.8231
14.0696
1.75468
1.7035
0.021692
0.70744
0.0218649
1.47636
0.0269572
0.0278589
0.021954
6.2769
0.0220583
0.0226847
6.29077
0.0217372
0.0391684
0.0355586
0.0222792
13.2359
0.021741
2.65717
0.0280657
0.0219787
0.0218554
0.021465
1.31006
0.0217504
1.32126
0.0222667
0.0245497
0.0239489
0.0261405
9.39175
0.0220921
0.0243572
0.173186
0.0530634
0.153383
0.0220686
0.0218673
13.3712
0.0214466
9.35385
0.0291937
0.0218611
0.0219012
12.0074
0.324733
0.0220669
11.2214
0.0218325
0.0230909
0.0218285
0.0531035
0.0235033
0.0501558
8.0633
0.0218914
0.0217213
0.0219322
7.60912
0.0218815
0.0224036
1.28736
0.0218749
0.136235
0.0219501
0.0275237
0.022042
0.0222583
0.0223481
0.183826
0.0308363
0.0218055
0.134496
0.0221047
4.2232
0.0219659
0.153854
0.0219443
0.0219125
0.0219342
38.9071
0.0268286
0.0223646
0.357497
0.0221116
0.0283251
0.0227704
0.0247097
0.022273
0.0218939
0.0220834
6.49319
0.0219754
0.0218294
1.40928
0.0220036
0.021769
0.0219817
1.45962
0.0222055
0.0527837
0.0286678
0.409603
0.0222114
0.0453007
0.0217303
0.0222966
0.028047
10.6115
0.0222927
0.0216894
0.0219215
0.141651
0.629047
0.0225953
0.0218577
0.0219249
4.8204
0.021625
0.0351669
0.0425801
8.13998
0.0222948
0.0216746
1.93243
0.0224498
0.0499794
0.0297484
0.0214603
0.0406757
0.0219785
0.0283469
0.021522
0.0217582
0.0219335
11.9262
0.0220096
0.256751
0.0216895
8.10478
3.77934
0.169841
0.0220084
6.81728
0.401197
0.0296796
0.0220009
0.0289626
18.3137
0.0220879
3.389
0.0222561
0.125713
0.0253307
0.022215
0.145122
3.61893
0.0218317
0.0240418
0.0219221
0.0338365
0.0218553
0.0217226
0.0220375
4.22977
15.1657
0.0222912
0.0219316
0.0219049
1.58484
0.0219371
0.13149
0.0220386
1.73566
6.33084
2.24118
0.0435228
0.0222521
0.0220897
8.71831
0.0219059
0.0372302
0.0222662
0.0352651
21.6883
2.5271
0.0222869
0.0216636
0.0314242
9.02981
0.0602291
0.021811
4.82982
20.3721
0.0216109
0.556124
0.0215167
0.0454202
0.0219366
0.022478
0.0222856
0.0352774
0.0219894
0.0215076
6.54626
0.0243146
0.0226188
1.31816
3.49809
0.0220281
5.70334
0.0220995
8.01865
0.0236751
0.0215241
0.0215904
0.0220146
0.0257572
0.412623
0.256955
0.022004
0.0226847
9.35467
0.0220384
0.0216286
0.0218596
0.0219876
0.299863
0.0219269
0.021624
0.0216417
6.15127
0.0222667
0.021927
0.021657
3.05945
0.022164
0.67916
12.3594
0.021908
7.76048
35.8078
0.0221661
0.0523312
0.115619
0.0215723
0.0216983
0.0228577
0.0220129
0.718175
0.0267435
0.0221448
0.0216517
0.0218886
0.0220279
0.0218179
0.0222296
5.35808
0.0216635
0.0218615
0.0256813
0.02193
1.31243
0.0218754
0.0220529
0.0221206
0.0221433
3.2698
4.92394
1.59588
1.75309
0.0223293
11.1071
0.0218572
0.0216196
0.189024
4.63111
0.0222143
0.0219821
0.0808399
0.115819
6.03158
16.706
0.0447825
1.72847
0.0228588
6.53163
0.0219027
0.025119
0.0218653
3.91074
0.0219482
15.1186
0.0222537
0.024283
0.0221465
0.0225703
0.446256
0.0216194
0.0214897
2.21368
0.05675
0.0222464
0.0216367
0.0216157
0.0226166
0.0222553
0.0222548
0.0218743
18.4892
0.0218162
0.0223409
0.0222554
0.0216147
0.0216783
0.037447
0.0222971
0.0390524
0.0221651
6.63389
0.0217249
0.0865826
0.0640064
0.0218069
0.880076
0.0214752
1.53294
0.0220421
0.022017
0.0219245
0.0215953
0.100329
0.0218652
0.0223739
0.0215886
1.54242
0.15767
0.0220223
0.0222712
0.932198
1.72784
29.1442
0.35478
5.58753
0.0218558
0.0218695
0.031896
0.0220684
26.4406
0.0222585
0.101199
0.0219126
0.0222475
0.0288463
0.0215432
0.0222506
0.0417459
0.482037
0.0216672
0.0215833
0.0222092
0.0219832
0.0219047
0.0216708
0.021943
0.0218657
0.030105
0.0476118
6.56885
1.60297
30.2286
0.0215928
1.51371
0.0219088
0.131099
0.956903
0.0220306
1.73644
0.0218734
1.83778
6.67177
0.0711669
0.0220221
20.5579
0.0242075
0.166098
0.0226865
0.0301817
10.0245
1.98003
0.370885
0.0245743
22.0116
0.24356
34.4074
0.0273351
15.1473
40.3542
12.8614
0.0216557
0.0222741
1.33311
0.0214842
0.0219468
0.406885
0.0219873
0.0220957
0.037551
9.96397
1.35347
6.56262
0.0218772
0.021832
0.0222076
11.1066
2.217
0.305569
0.0257996
8.155
0.0218899
0.0290982
2.21256
0.0247309
0.317561
0.0224981
0.0222343
1.30754
0.0218086
0.939486
0.0219634
0.0226132
0.0444648
0.0217926
0.0239129
0.0779682
0.0222668
10.5884
0.0218773
0.0214798
6.1445
0.0224454
0.0219104
2.96838
0.0805505
8.63942
1.77408
13.4124
0.0221769
0.109496
6.60099
0.096929
0.0272425
0.0221808
6.26459
0.021767
0.0220548
0.164026
0.0923801
0.0424957
0.0222842
0.0222313
0.0218234
1.32328
0.0508135
2.68162
0.0222713
14.6933
0.0218708
0.044102
0.0242476
0.0217289
0.187917
0.450699
0.0334869
0.136556
9.28542
0.0222725
0.0238952
0.0272754
0.0319745
0.0222549
0.0276119
0.0274309
0.116765
0.0215552
13.0608
6.38109
0.0222577
2.65697
1.81197
2.74831
0.022271
0.0216157
1.45944
0.0219405
4.47824
0.022231
0.0222726
2.78608
0.0239047
0.0218684
29.5878
0.0259732
0.0745919
0.0219049
4.66183
0.0539083
0.10054
0.0320218
0.0225953
0.129418
0.0224577
35.4967
0.0260737
0.339658
0.663364
4.04839
0.161565
5.09084
0.0239003
0.07734
0.037197
0.743608
13.8768
0.0218202
0.418207
0.0220449
0.0218895
4.32168
0.0691077
0.0216253
0.0709681
2.59731
5.45801
0.508847
3.9763
0.0746877
0.0222638
0.0242901
0.0217039
6.07358
0.0220011
2.35198
0.575599
0.023483
1.69047
6.58227
0.0216668
3.70611
9.80019
2.75271
0.0219697
0.021916
0.0223398
0.0415652
0.022273
2.1159
8.99012
0.0425435
2.292
0.0225609
3.71531
1.31204
1.29969
0.0220459
0.370742
0.0256515
0.0933214
0.0318328
0.243131
0.0392659
7.78522
0.0222483
0.0218541
0.0216373
0.471899
4.03066
0.0219277
5.9844
0.068438
0.0851231
0.0218676
0.120801
0.0221606
3.62482
1.6071
1.37609
0.125716
6.23371
0.0693301
1.63689
0.104963
0.0220881
0.520687
0.0218272
0.0442001
0.0219472
5.75563
0.0218619
0.0257946
6.02291
0.0486661
0.0452665
0.0742626
15.8869
10.7918
4.51926
1.37417
0.0402584
0.0219088
0.0218384
0.043191
13.7909
5.20072
0.029863
0.0276778
0.10644
0.0422104
0.118239
0.396781
0.105934
0.0517976
0.0632103
0.527274
0.0216085
9.95722
0.0217526
0.0222808
0.154933
0.0290328
6.58015
26.335
0.134852
0.414626
0.524686
0.0218661
1.68243
1.40679
0.0408175
0.0282504
1.43818
0.0396311
0.0477851
1.73578
3.966
0.0218973
3.3795
4.81924
0.0216971
1.4498
0.0224289
0.0216193
0.0214724
0.0313813
0.626877
1.49295
0.55214
0.0500357
0.047766
0.0415672
1.70225
)
;

boundaryField
{
    frontback
    {
        type            empty;
    }
    topbottom
    {
        type            fixedValue;
        value           uniform 0.0223;
    }
    outlet
    {
        type            zeroGradient;
    }
    inlet
    {
        type            fixedValue;
        value           uniform 0.0223;
    }
    walls
    {
        blending        binomial2;
        n               2;
        beta1           0.075;
        type            omegaWallFunction;
        value           nonuniform List<scalar> 
120
(
21.3092
30.2848
20.8899
30.2647
26.0872
26.3848
25.7258
24.3587
27.64
17.5088
23.1214
29.9835
20.5611
23.809
32.266
23.7296
13.1033
19.604
12.6949
23.5004
22.5969
13.8503
22.8577
26.5906
30.7534
12.0866
23.8071
6.39776
20.3666
8.17811
8.90841
8.4242
7.52835
6.61087
24.0797
24.0332
13.222
18.5806
26.6239
25.8971
25.2055
12.8564
25.9158
29.0687
18.1321
27.5573
27.2042
21.2696
33.3557
25.162
25.6814
11.8811
25.5855
23.7391
21.1572
32.369
17.3273
12.6916
22.8253
6.22898
6.88041
26.5223
15.6592
27.1315
27.6877
8.11273
7.91402
8.20867
19.7186
25.956
27.917
22.0224
24.3172
32.192
18.3164
19.3502
25.7765
18.0591
31.6381
7.20243
8.98375
17.3032
6.87374
28.9039
30.5473
20.2204
8.04247
34.3866
8.47543
19.3272
27.0939
13.4228
13.9474
8.54884
9.38292
9.61803
22.46
32.2044
27.4434
26.8041
23.2317
12.9287
16.9566
33.3662
22.2523
27.4432
25.3749
29.0102
11.728
27.3065
10.9195
18.4892
29.1442
26.4406
30.2286
20.5579
22.0116
34.4074
40.3542
12.8614
)
;
    }
    procBoundary0to1
    {
        type            processor;
        value           nonuniform List<scalar> 
80
(
2.97143
0.0320489
0.0220613
3.46542
0.0218789
0.024393
3.23474
0.0231332
0.0231332
0.023595
0.0215608
0.0238293
0.0306065
0.0289613
0.0453119
0.0213973
1.19026
3.76789
0.419864
0.0227715
0.0289613
0.0217888
0.0214124
0.0276292
0.040016
0.0217234
0.0215015
0.0215273
0.139785
0.168735
0.0227715
0.021393
2.39281
0.0214551
0.0219731
0.0214818
0.0214276
0.0214276
0.0216683
0.0261803
0.021446
0.0213922
0.040016
0.0214369
0.0715009
0.0715009
0.035625
0.139785
0.0214336
0.0213881
0.0215891
0.0216246
0.0214369
0.0829962
0.116029
0.0225078
2.05346
0.035625
0.021467
0.116029
0.0611171
0.0251994
0.0524284
0.0971246
0.0213865
0.0214195
0.0214124
0.0237631
0.0222007
0.0971246
0.0214195
0.23491
0.0829962
1.99045
0.205045
0.0478378
2.60217
0.168735
0.0220805
0.0223403
)
;
    }
    procBoundary0to2
    {
        type            processor;
        value           nonuniform List<scalar> 
165
(
5.93362
15.5909
17.5522
0.157002
0.0220295
5.23041
3.11046
6.43632
4.40566
12.0998
15.5909
0.0280657
0.0293925
0.021974
0.0219969
17.5522
0.0219802
4.42437
1.81215
0.0260367
0.0229691
0.0227765
0.123373
1.85099
7.07576
0.0227765
0.11577
6.43244
2.08867
0.0231798
5.38066
0.0220792
1.91642
2.01868
1.91642
0.0220028
8.12376
0.0219466
0.0726508
0.0726508
7.16906
7.12078
1.97984
0.0221106
0.675047
0.381512
0.021943
1.68905
0.0457942
1.71369
0.675047
0.0220882
1.6316
0.0252683
2.16218
2.16316
2.13184
0.0246136
0.0242329
0.0221203
6.14175
0.381512
1.68188
0.0219822
0.0220495
0.022058
5.09803
6.31773
0.0219578
0.0563332
0.0223517
0.0237886
0.0219349
0.0219508
2.12301
0.0222937
0.0424356
0.0219636
0.022144
0.0225995
0.0219636
0.0222681
0.0509497
0.0632617
0.0219578
0.027758
0.259194
6.00453
0.0219293
0.0219342
1.98176
0.0220047
1.68188
0.0224751
0.031673
0.0221785
0.0264911
0.0880197
0.0509497
0.0219369
0.0329579
0.0222141
1.61208
2.09388
0.022079
0.0394527
0.0220406
1.86797
2.0618
2.06571
0.0222662
0.0221546
0.0219284
2.15656
7.50123
6.798
6.59951
2.10255
1.78307
0.0234884
7.4239
0.036835
0.0394527
2.07228
0.0219272
6.96146
7.33699
6.91814
0.0221869
0.0348937
0.0219274
1.78162
0.0222525
6.63808
0.0293925
6.94486
0.211743
0.0880197
0.022131
0.0220213
1.61661
0.0221894
2.34713
7.23296
8.57986
5.29683
2.04719
8.3608
6.58641
6.63052
6.82194
18.5592
7.02333
6.33111
1.57241
8.53517
2.08448
0.030435
7.57959
31.8081
0.0222257
1.56106
1.25436
6.90348
7.79469
)
;
    }
}


// ************************************************************************* //
