/*--------------------------------*- C++ -*----------------------------------*\
| =========                 |                                                 |
| \\      /  F ield         | OpenFOAM: The Open Source CFD Toolbox           |
|  \\    /   O peration     | Version:  v2012                                 |
|   \\  /    A nd           | Website:  www.openfoam.com                      |
|    \\/     M anipulation  |                                                 |
\*---------------------------------------------------------------------------*/
FoamFile
{
    version     2.0;
    format      ascii;
    class       volScalarField;
    location    "950";
    object      omega_0;
}
// * * * * * * * * * * * * * * * * * * * * * * * * * * * * * * * * * * * * * //

dimensions      [0 0 -1 0 0 0 0];


internalField   nonuniform List<scalar> 
10042
(
0.223425
0.383714
0.0409217
0.0211272
0.0210713
0.316847
0.436153
0.288912
0.0201152
0.0478798
0.280755
0.401514
0.031406
0.0208997
0.0215238
0.0208888
0.427559
0.326101
0.0228654
0.0261639
0.0311893
0.226832
0.0211118
0.459925
0.0209901
0.021615
0.0456636
0.0200348
0.356663
0.457515
0.0225355
0.0398472
0.0200855
0.0200794
0.264722
0.233535
0.0220388
0.0202606
0.0217754
0.0209125
0.459171
0.0201064
0.106961
0.589687
0.0210622
0.0209852
0.0198544
0.0215063
0.0526331
0.168421
0.110086
0.0209832
0.403451
0.0226973
0.403584
2.59261
0.0298636
0.14479
0.0215312
0.0195698
0.0555736
1.07802
0.093373
0.303344
0.0344009
0.0212724
0.0254603
0.240541
0.0198294
0.238085
0.129346
0.0223128
0.020406
0.0215123
0.0212262
0.127396
0.0386958
0.0198505
0.0416318
0.0229367
0.867383
0.459331
0.0239612
0.0208881
0.0375653
0.177935
0.0249112
0.0405428
0.020881
0.0323075
0.0261205
0.0215355
0.0916535
0.520401
0.0349073
0.0212955
2.94881
0.0255634
0.416335
0.0214967
0.0257067
0.226613
0.0216509
0.0342608
0.0234826
0.021488
1.71337
0.0211804
0.830749
0.0215188
0.0214844
0.72694
0.214257
0.279455
0.0324459
0.0198207
0.0307859
0.0223546
0.0923419
0.0197979
0.0195691
0.202387
0.185063
0.0210715
0.0341825
0.0209433
0.0209696
0.400961
0.111846
0.0265222
0.0202421
0.021065
0.0211695
0.0211389
0.911345
0.126901
0.0254757
1.66607
0.0220636
0.467859
0.0635787
0.0204606
1.64895
0.0200412
0.0242743
0.0202627
0.0320524
0.0198154
0.0222348
0.174827
0.0211196
0.0210968
0.0222544
0.0354731
0.0333434
0.0245006
0.105083
2.32537
0.0211834
0.0219139
0.0222375
0.0214175
0.128309
0.0209069
0.0218696
0.15246
0.0203964
0.0353718
0.248466
0.020047
0.0313503
0.452574
0.122005
0.0200614
0.0226539
0.13209
0.0210362
0.0202504
0.0210294
0.0198298
0.0220107
0.0234611
0.0215138
0.019786
0.216166
0.0266002
0.0223209
0.0196162
0.186385
0.0213319
0.543105
0.0297089
0.0202599
0.0233029
0.27941
0.0215329
0.216498
0.0298574
3.65115
0.0209046
0.130738
0.0771993
0.417253
0.0202631
0.462158
0.0211047
0.376375
0.0347571
0.0214629
0.0211664
0.037895
0.0201575
0.519878
0.089952
0.0221523
0.228291
0.0202054
0.0824745
0.021331
0.124906
0.424731
0.0313562
0.429529
0.230485
0.0211228
0.0797144
0.021847
0.0249556
0.0384556
0.0216792
0.0202523
0.0210189
0.0266577
0.0230467
0.0210302
0.275616
0.0241901
3.1665
0.0237944
0.455762
0.0309015
0.402921
0.0195597
0.0218819
0.212249
0.0211519
0.405497
0.0236073
0.022307
0.0215314
0.0232288
0.0202738
0.531754
0.499078
0.0221232
0.0238558
0.0216949
0.0222334
2.75559
0.0211031
0.0343782
0.0203115
0.0209695
0.0198674
0.0325964
0.445465
0.0334427
0.544819
0.0232234
0.0210388
0.0213506
0.161965
0.020781
0.147077
0.0221003
0.0444619
0.0219057
0.0210254
0.023306
0.208879
0.0200333
0.261957
0.223029
0.0218591
0.0234676
2.5556
0.0299601
0.0199002
0.212222
0.0214317
0.0285324
0.0272489
0.0238886
0.312488
0.0357607
0.0208409
0.852466
0.0248006
0.0213604
0.0202584
0.022195
0.290327
0.0196181
0.0534341
0.0348819
1.04875
0.0208817
0.0249343
0.971555
0.269569
0.0226834
0.0210773
0.0212809
0.0208421
0.0271135
0.210152
0.0198717
0.212694
0.43291
0.0198087
0.0220331
0.152984
0.0370249
0.265551
0.222569
0.0225159
0.0265103
0.0210049
0.0243577
0.0275921
0.021099
0.0213507
0.211807
0.0213226
0.416759
0.237324
1.71496
0.260735
0.02029
0.143045
0.0629488
0.0309906
0.0195639
0.0279861
0.022718
0.0202398
0.0207007
0.0212343
0.0241537
3.39283
0.0216579
0.0331902
0.0240184
0.0203511
0.764658
0.0258656
0.0218613
0.0238693
0.173522
0.0225163
0.0214539
0.0221727
0.0218578
0.421402
0.141873
0.0219199
0.0210044
0.0231317
0.0232477
0.559352
0.0195836
0.0242597
0.0208233
0.0215145
0.102752
0.0210335
0.0523863
0.388045
0.449201
0.06215
0.0213808
0.265447
0.0392507
0.0209826
0.0444535
0.0198095
0.021421
0.01979
0.0211484
0.0199
0.0220835
2.25254
0.0216458
0.0443233
0.157897
0.657042
0.0211858
0.276233
0.0220804
0.0398971
0.0209962
1.15762
0.0215171
0.60401
2.70956
0.02038
0.0580016
0.0210853
0.0335534
0.0219649
0.521249
0.0250469
0.376162
0.0216174
0.305163
0.0218599
0.0257534
0.528282
0.019911
0.0217049
0.021076
0.199919
0.0202443
0.0197712
0.0675584
0.0227644
0.0396529
0.526481
0.0210861
0.0311671
0.0227219
0.0198495
0.0250862
0.246516
0.0207745
0.0218054
1.55543
0.071259
0.0219959
2.72398
0.0200644
0.0268706
0.0312908
0.171026
0.136237
0.22239
0.300454
0.118125
0.298192
0.0197568
0.0338128
0.419117
0.32238
0.0425358
0.0211097
0.0207294
0.0312669
2.9631
0.0197885
0.0201038
0.0228241
0.0211581
0.0213565
0.021553
0.0211057
0.0239231
0.234323
0.0218697
0.0268249
0.0364252
0.125459
0.0200716
0.869764
1.55704
0.164276
0.021158
0.0249036
0.021898
0.793389
0.0213512
0.0315628
0.0216067
0.37817
0.0206113
0.0233005
0.0201024
0.0306509
0.583453
0.0217642
0.0207928
0.0211124
0.665805
0.0203015
0.0283756
0.0395538
0.0576588
0.0202575
0.0267432
0.349152
1.29976
0.0214186
0.0227394
0.323651
0.493004
0.0356786
0.40376
0.021495
0.199673
0.0296265
0.0267936
0.022994
0.380432
0.0202394
0.0210945
0.0215609
0.306825
0.021083
0.077814
0.0211587
0.0213973
0.0201173
0.025616
0.392426
0.021633
0.0217953
0.310861
0.0243853
0.0367321
0.0216123
0.0211318
0.203795
0.97705
0.0214031
0.0199553
0.0369269
0.0213167
0.0213084
0.400077
0.0202325
0.26523
0.020986
0.0433088
0.0236274
1.03877
0.0210938
0.0253047
0.0214504
0.0203672
0.32063
0.0195585
0.669435
0.035671
0.0201263
0.0240489
1.6395
0.0726879
0.0346068
0.0212883
0.019951
0.0198043
0.0204665
0.0275223
0.0215254
0.214114
0.0212736
0.0199812
1.90327
0.0234762
0.029075
0.0223087
0.0207762
1.87509
0.403411
0.0231008
0.330823
0.0213522
0.025822
0.0200274
0.0201305
0.0211348
0.0210771
0.0214351
0.0213539
2.37122
0.0215736
0.748773
0.0209914
0.0222147
0.0198817
0.0404918
0.0653043
0.0201398
0.0210146
0.218286
0.0274322
0.0199003
0.282965
0.0210299
0.189602
0.0202732
0.0221705
0.0203548
0.185423
0.0198888
0.0209147
0.0211191
0.16796
0.0219038
0.0211165
0.0213533
0.0501771
0.0211814
0.0210878
0.0204003
0.0210965
0.0231452
0.0210499
0.0218665
0.0200392
2.60588
0.653479
0.584195
0.021938
0.0233414
0.0212828
0.118994
0.022055
0.451845
0.574038
0.568797
0.190313
0.416635
0.0213536
0.0213688
0.398459
0.0474748
0.0244145
0.0715105
0.0215141
0.39267
0.0208074
0.0214302
0.0200765
0.0202917
0.0222051
0.38438
0.0218407
0.0215129
2.08561
0.0212231
0.160758
0.0207525
0.0218283
0.0285879
0.0213387
0.405907
0.021004
0.0210476
0.358423
0.0214109
0.0197799
0.0226546
0.0208444
0.020777
0.565091
0.706282
0.389935
0.0214956
0.0208568
0.0208474
0.402654
0.0224905
0.021191
0.0203971
0.0206737
0.428885
0.176595
0.115993
0.0219848
0.0234903
2.1724
0.0257939
0.0253922
0.0393208
0.205758
0.918219
0.427894
0.0207955
0.0212975
0.0210337
0.298292
0.0207836
0.0238944
0.0211271
0.0195664
0.0268584
0.0215515
0.191867
0.28711
0.0198844
0.021049
0.0197558
0.222651
0.0202815
0.491699
0.0226994
0.17927
0.0208474
0.0207562
0.0201453
0.0210831
0.0213349
0.0196978
0.021361
0.0216248
0.0458818
0.0230682
0.581966
0.0213656
0.043855
0.233732
0.0224507
2.08503
0.0209546
0.0210671
0.0219785
0.0214861
0.293663
0.0211185
0.0218324
0.0201268
0.181079
0.0206809
0.297928
0.0326661
0.0208665
0.659243
0.281262
0.0206309
0.0204191
0.0702287
0.0242682
0.595181
0.0382418
0.0416574
0.0280334
0.0214808
0.0214361
0.0212672
0.0280023
0.022277
0.245903
0.0812536
0.0195643
0.0205829
0.0219389
0.0311323
0.024296
0.47406
0.0215645
0.0214292
0.566655
0.0208442
0.0642284
0.0274668
0.0236415
0.301164
0.0228894
0.0208928
0.0217331
0.0353284
0.0209412
0.705452
0.0215978
0.034034
0.0241782
0.101084
0.0215722
0.0257793
0.022981
0.0216564
0.0315337
0.0200572
0.0305959
0.0209548
0.0216049
0.0208184
0.0213219
0.0221565
0.036918
0.0222657
0.021497
0.221842
0.0200718
0.0208593
0.0210044
0.0197716
0.142865
0.0220609
0.0226079
0.0688045
0.220592
0.0213232
0.0560369
0.517296
0.0206542
0.0210284
0.0197545
0.301884
0.212031
0.02323
0.0208601
0.0399623
0.503956
1.16557
0.021974
0.329469
0.114795
0.583995
0.022498
0.019724
0.0208536
0.531588
0.109915
0.0215841
1.09447
0.0672511
0.294907
0.241555
0.0211662
0.0326457
0.643822
0.0407336
0.315517
0.0278099
2.2313
0.022429
0.435758
0.0214009
0.0527287
0.0224106
0.0296937
0.0196347
0.0214565
0.021037
0.699962
0.0210539
0.0195764
1.86087
0.0213584
0.0251102
0.0221738
0.244913
0.0208962
0.0218565
0.0215191
0.0211974
0.0212149
0.0245473
0.0207864
1.50137
0.0584371
0.0399165
0.0210825
0.395117
0.0207432
0.063068
0.223453
0.0229188
0.0212401
0.0198204
0.0211907
0.0221325
0.0762222
0.0391075
0.0208567
0.083854
0.0208928
0.0215082
0.446452
0.0197883
0.0215939
0.0778466
0.0208714
0.0714492
0.0220688
0.0767057
0.0253286
0.036419
0.0234472
0.0212952
2.00437
2.00468
0.0210017
0.029412
0.180369
1.52015
1.14539
0.0220455
0.0205122
0.0231294
0.0214609
0.0217625
0.378216
0.023281
0.0198012
0.0319857
0.110535
0.229347
0.0198184
0.0197565
0.0216714
0.0215347
0.401439
0.574279
0.0202345
0.0241108
0.159266
0.0213068
0.0226966
0.42495
0.0228783
0.271085
0.0209702
0.021326
0.0214944
0.0215519
0.0834975
0.0383821
0.0211978
0.388655
0.0830951
0.154255
0.022964
0.0226686
0.516308
0.0348384
0.186979
0.0297708
0.0213589
0.0209848
0.118651
0.07282
0.0217109
0.0237957
0.0387862
0.0210244
0.0378189
0.0217256
0.0209796
0.0218489
0.0334756
0.0208833
0.0210377
3.91683
0.0207401
0.0204945
0.0404442
0.0243657
0.378137
0.0224262
0.0217989
0.154155
0.0391283
0.0227092
0.0300319
0.392114
0.020947
0.0201025
0.0244798
0.075857
0.0208207
0.0215351
0.0209697
0.0205366
0.020811
0.274385
0.0213135
0.550417
0.0214083
0.033686
0.0201817
0.0215873
0.0318145
0.448211
0.0739921
0.0212553
0.0224872
0.257494
0.175416
0.0236975
0.021819
0.398771
0.0209625
0.024896
0.0363802
0.0206814
0.0222798
0.0210041
0.0357377
1.68262
0.549178
0.0205356
0.0220533
0.0247511
0.138469
0.0206771
0.0204268
0.0380706
0.0196502
0.0206183
0.355682
0.0215532
0.624031
0.0202395
0.0204487
0.0200675
0.0317313
0.021755
0.0211066
1.53138
0.0206367
0.0215948
0.783719
0.0210348
0.0338257
0.0227787
0.0783298
0.359778
0.022714
0.225124
0.026254
0.0214107
0.208141
0.0217713
0.0209249
0.0198449
0.0209654
0.0242805
0.116892
0.038632
0.251559
0.204396
0.263755
0.0483027
0.36599
0.0228444
0.343567
0.0200342
0.0263176
0.0214823
0.0215892
0.0218688
2.04684
0.263825
0.0212557
0.588955
0.0204657
0.665829
0.0212371
0.0227176
0.0221563
0.104976
0.589102
0.0211508
0.0199138
0.161746
0.0892351
0.0265488
0.0241867
0.570615
0.0217437
0.223509
0.25534
0.0207625
0.0205854
0.0208567
0.0235905
0.0208497
0.0218474
0.0221489
0.0209126
0.0217718
0.0217072
0.0206651
0.348114
0.338176
0.0199053
1.20368
0.0222606
0.0390765
0.0420668
0.0505969
0.0207529
0.0494109
0.0437446
0.0201543
0.0400148
0.562667
0.0215582
0.0206025
0.0219107
0.337864
0.180402
0.0202077
0.0564761
0.0214573
0.0214961
0.109834
0.0207363
0.0204413
0.0204783
0.0206022
0.0215275
0.218136
0.0243986
0.0208418
0.0213205
0.0209547
0.0210833
0.237353
0.0198843
0.0300105
1.03072
0.487705
0.020578
0.439824
0.0203854
1.22701
0.0219136
0.0383336
0.0200301
0.583955
1.3512
1.62605
0.0213715
0.0840609
0.243657
0.326727
0.0217011
0.261082
0.0209709
0.288832
0.336494
0.0256165
0.15542
0.296648
0.0205311
1.08987
0.0890592
0.328317
0.0205624
0.0220799
0.268299
0.0631491
0.0213059
0.39731
0.0217997
0.0207715
0.020427
0.049057
0.0634256
0.0315668
0.055491
0.026479
0.310951
0.0219372
0.0210007
0.0211343
0.0278115
0.278599
0.0263175
0.284147
0.0217202
0.0222535
0.0286005
0.388386
0.0372382
0.0207634
0.294282
0.0707623
0.0220284
0.0378615
0.02017
0.0317488
0.0301862
0.0206852
0.383897
0.25198
0.0212566
0.0218809
0.0209178
0.214056
0.0225421
0.128737
0.260412
0.0209334
0.0208661
0.0199946
0.0299229
0.0203996
0.025589
0.0230699
0.0245751
0.298102
0.0219725
0.0255281
0.312878
0.0221679
0.0316081
0.0221795
0.0213826
0.560543
0.284926
0.021956
0.149403
0.0234419
0.272798
0.0207623
0.0204843
0.0266932
0.0226997
0.0363833
0.308908
0.0219855
0.0222935
0.236125
0.0301752
0.0228189
0.274024
0.0952251
0.26612
0.0209284
0.0198605
0.048672
0.0204774
0.821881
0.259558
0.0493956
0.262424
0.0217979
0.0205823
0.149875
0.259549
0.0209276
0.138666
0.0240797
0.0210746
0.0690889
0.021897
0.0215483
0.0389854
0.0229666
0.0203242
0.0225235
0.0209962
0.0225952
0.358882
0.0296225
0.327439
0.0212965
0.0253249
0.0208533
0.0212665
0.295504
0.021456
0.221675
0.275967
0.0218442
0.288612
0.0325327
0.328303
0.0197709
0.173151
0.0963788
0.054953
0.0225927
0.0218156
0.0206955
1.73037
0.0227985
0.348633
0.0335261
0.0203073
0.0343089
0.0197336
3.8432
0.0209916
1.05396
0.0211144
0.0205234
0.0201196
0.081779
0.0207982
0.0201619
0.0200495
0.020833
0.0213537
0.0371718
0.0379527
0.0202232
0.0242483
0.021552
0.0209752
0.0207104
0.0619155
2.13153
0.0241761
0.0213395
0.0207197
0.0200666
0.0233311
0.0237356
0.0200872
0.203073
0.349021
0.33448
0.0201512
0.0208292
0.0213198
0.0223788
0.0205779
0.0217926
0.02133
0.0207495
0.0274756
0.0221324
0.0357106
0.135653
2.37572
0.0210407
0.0209678
0.0210076
0.468583
0.0211765
0.0259083
0.0243702
0.0204189
0.0213006
0.0210495
0.30761
0.0212602
0.305828
0.24093
0.0523768
0.021282
0.0239797
0.296424
0.0227347
0.0314262
0.0227833
0.0355174
0.0203816
0.0243875
1.46708
0.278489
0.0205944
0.0214454
0.885568
0.0234975
0.0490118
0.0244082
0.261388
0.0212585
0.0240669
0.300215
1.14606
0.0531935
0.0202456
0.0209522
0.0203536
0.0215088
0.0455689
0.244697
0.207957
0.02057
0.272922
0.0227361
1.09465
0.329738
0.0210188
0.107748
0.0529574
0.0206755
0.044303
0.0284765
0.0216446
0.24003
0.020811
2.30333
0.0242897
2.27593
0.119769
0.0397743
0.0213258
0.0245109
0.0217884
0.0208393
0.0202251
0.0200969
1.42084
0.0217289
0.031806
0.356246
2.12102
0.0316582
0.0304176
0.0203681
0.953584
0.0197487
0.282631
0.164321
2.49429
0.1367
0.244985
1.85858
0.0200426
0.0215642
0.0201323
0.0597215
0.0221767
0.0687424
0.0235586
0.426146
0.0247049
0.0201871
0.0201282
0.0214698
0.0200453
0.262537
0.0632545
3.49164
0.0206268
0.0243439
0.0227172
0.0223464
0.0758759
0.0214172
0.23859
0.198832
0.0217405
0.0210975
0.315815
0.0247651
0.162844
0.241739
0.0215865
0.249666
0.0223585
3.87641
0.0209568
0.0409852
0.0209628
0.242823
0.0289267
0.430787
0.280296
0.377905
0.0968518
0.0406978
0.0207656
0.0209792
0.190093
0.268486
0.0829819
0.0253749
1.28283
0.302991
0.336447
0.0364027
0.223808
0.024579
0.0297502
0.0539064
0.0220223
0.0240713
0.0241025
0.0197982
0.0204282
0.0209195
0.0212009
1.1285
0.0217754
0.272398
0.0755925
0.0990283
0.273159
0.255394
0.0200778
0.0216361
0.305964
0.0351696
0.0279591
0.201767
1.19294
0.241454
0.0207777
0.0286505
0.0231157
0.0694096
0.0458373
0.338079
0.289569
0.0557377
0.0215226
0.0222314
1.46777
0.0345557
0.0469507
0.277384
0.0209604
0.0243949
0.022286
0.176698
0.0224828
0.0203101
0.0208948
0.0221808
1.04652
0.219243
0.0215937
0.058257
0.124859
0.0220109
0.0374781
0.024408
0.027538
0.0242777
0.0286791
0.13753
0.0210887
0.020663
0.0217265
0.108178
0.0769804
0.0296039
0.0218214
0.0221928
0.0215616
1.02694
0.0301751
0.0224546
0.0215338
0.252558
0.0227912
0.290426
0.0220766
0.0265232
0.0209859
0.117757
0.0553894
0.0519775
1.62564
0.0203862
0.0239965
0.236073
0.0227835
0.293394
0.147027
0.021504
0.0222225
0.290602
0.0213084
1.043
0.0215026
0.576506
0.248793
0.287323
0.0222856
0.020978
0.0211446
0.0212715
0.0231032
0.0198089
0.0216708
0.0209597
0.0206589
0.0225268
0.0222079
0.0217386
0.0220968
0.164212
0.0214719
1.57675
0.0217414
0.0214741
1.45337
0.0210778
1.63806
0.379081
0.0214692
0.0217868
0.0357868
0.255339
0.0241857
1.55312
0.0259878
0.0222806
0.887982
0.0205682
3.09491
0.0214756
0.244664
0.0198772
2.83159
0.851705
0.3878
0.0216324
0.0225334
0.0207643
0.0225125
0.0646602
0.0208517
0.0213197
0.0406996
0.0242433
0.279976
0.319928
0.0217605
0.0339735
0.0214264
0.0253181
0.02193
0.021333
0.0217688
0.470184
2.08492
0.0358341
0.0223859
0.021754
0.0220821
0.0953228
1.88935
0.0495468
1.13617
0.254618
0.0221987
0.0226327
0.0811793
0.0207593
0.0225526
0.0245805
0.0220947
0.244821
0.0222059
0.212092
0.0204812
0.0217348
0.0819264
0.0223026
0.0227675
0.0225282
0.0243428
0.267432
0.0223308
0.0214221
0.0215971
3.66567
0.0303339
0.0229068
0.021765
0.0206906
0.0219276
0.0211469
0.0468165
0.0209042
0.0207149
0.02147
0.0248043
0.0288552
0.0215857
1.62143
0.0217088
0.0217936
1.68467
0.0223985
0.0228933
0.174344
0.0216863
0.218486
0.0207662
0.020698
0.0217782
0.0249126
0.0204142
0.216779
0.0217635
0.0210034
1.17004
0.290108
2.8935
0.261695
0.415731
0.0240084
0.020539
0.0222816
0.29387
0.025393
0.698636
0.0219073
0.0304632
0.0415841
0.0395491
0.0206718
0.342828
0.0883301
0.0209544
0.023946
0.0216396
0.0218921
0.051906
0.0423483
0.0214569
0.0207378
0.0200294
0.141056
0.0215724
0.0175221
0.0329404
0.0215433
0.0209401
0.0210051
1.75632
0.038465
0.020873
1.50733
0.054055
0.0217395
0.240666
0.0215143
0.0205456
0.0206721
0.0214661
0.0200597
0.0212082
0.0216012
0.0220704
0.0215255
0.0752004
0.0222735
0.520276
0.0274923
0.0212472
1.45987
0.0200083
0.0205358
0.0526041
0.020931
0.367013
0.0210382
0.0698975
0.810322
0.0206221
1.51386
0.29785
0.0214216
0.0218188
0.0211807
1.74709
0.0214866
0.264293
0.19954
0.0216707
0.0249553
0.035833
0.187739
0.0211656
0.312224
0.0215522
0.0223098
1.30643
0.0385528
0.409661
0.0211236
0.0835741
0.225624
0.0982481
0.0214459
0.0553142
0.0221656
0.0463089
0.0204045
0.0227506
0.201835
0.0245922
0.0525557
0.018201
0.0243022
0.243584
0.0205447
0.0287042
0.0214804
0.0242357
0.112115
0.0793776
0.350037
0.0330656
0.0239192
0.210697
0.0244075
0.0209757
0.0203381
0.0217374
0.0221992
0.0236956
0.0210503
0.654756
0.0248813
0.0210207
0.0200208
0.0213041
0.0212566
1.35345
0.0206464
0.133003
0.0223548
0.839547
0.0216129
0.0214479
0.0196848
0.0686502
0.0214622
0.15776
0.600287
0.186823
0.02371
0.0217878
0.0213987
0.0209244
0.0207946
0.210429
0.0218598
0.0216909
1.0209
0.0213794
0.0219162
0.188931
1.52664
0.278791
0.0210714
0.146002
1.13922
0.0210143
0.0206153
0.0298504
0.951847
0.116787
0.207323
0.118069
0.0212836
0.0207053
0.06847
0.0252896
0.0216452
0.0277817
0.0216037
0.0224067
0.335925
1.21376
0.0262472
0.0248482
0.0239295
0.0288159
0.289351
0.0214594
0.0209087
0.0213988
0.0580119
0.0208727
0.0234445
0.112824
0.201104
0.0204301
0.0208205
0.0197019
0.0214755
0.0211679
0.0333294
0.0397894
0.0218734
0.118435
0.297401
1.00397
0.02432
0.0220325
0.0214214
0.0211797
0.0207246
0.0199727
0.0214773
1.19093
0.699897
0.0203913
0.0205531
0.0217596
0.0216506
1.13371
0.0343818
0.0959556
0.238954
0.0480533
0.0579542
0.021286
0.0210594
0.0212183
0.0216126
0.693296
0.0212602
0.0232421
1.46548
0.373133
0.283381
1.43149
0.0915917
0.193882
0.0213337
0.0311592
0.690722
0.800735
0.0213877
0.0215219
0.0206262
0.0214038
0.0214381
1.15633
0.021016
0.0209685
0.73234
0.0230809
0.196382
0.0212462
0.0206247
0.0313128
1.4668
0.0294725
0.250887
0.0228349
0.984168
0.0328435
0.0209681
0.193819
0.0210741
0.022912
0.0214971
0.0205277
2.47266
0.902933
0.244306
0.0909707
0.261812
0.328827
0.704865
0.0207753
0.0216857
1.5848
0.0213193
0.0215679
0.0225801
0.0213533
0.859249
0.0214852
0.142606
0.0332085
0.020029
0.144514
0.0215808
0.0211414
0.0238986
0.0238154
0.0240552
0.0243552
0.0243899
0.437932
0.0216174
0.0212568
0.0203855
0.0379411
0.0297736
0.020905
0.0219762
0.0269611
0.816299
0.021027
0.0244192
0.0244045
0.0201522
0.0213066
0.0210163
0.969057
0.756086
0.0243372
0.0220027
0.0213794
0.0297008
0.0846413
0.021548
0.0706194
1.02174
0.0214711
0.0298004
0.107365
0.423048
0.0322364
0.0201527
0.0206908
0.845063
0.0413671
0.165175
0.0240461
0.896166
0.0300631
0.0696156
0.146108
0.25418
0.0321355
0.201545
0.286164
0.763415
0.0218014
0.278034
0.0213857
1.21414
0.0221576
0.0218494
0.0242231
1.19502
0.294743
0.0222031
0.0214845
0.0561195
1.05085
0.940281
0.0207427
0.0209303
0.0212704
0.023672
0.0215633
0.0361488
0.0910262
0.231267
0.0233138
0.0206632
0.0911654
0.0215718
0.0213481
0.341125
0.0212439
0.0227144
0.0200035
0.407421
0.0529579
0.292402
0.0216423
0.0551512
1.0672
0.030768
0.362996
0.981411
1.17344
0.536817
0.0210178
0.0214419
0.0689886
0.0213904
0.0216178
0.021029
0.0217694
0.0284342
0.0252836
0.0209955
0.291423
0.0207232
0.248689
0.0221242
1.05375
1.19501
0.0262056
1.38059
0.160249
0.0306884
1.22674
2.28442
0.0216907
0.0214933
0.0285094
0.0282979
0.118947
0.0209819
0.0214927
0.143766
0.0213371
0.0207181
0.021842
0.0200248
0.348273
0.0214942
0.028498
0.0215635
1.38318
0.0212374
2.48963
0.23833
0.41133
0.0997338
0.0200574
0.0241344
0.0216949
0.0212786
0.703036
0.0480736
0.0571196
0.239298
0.0199315
0.0224754
0.0231002
0.0213988
0.250197
0.0209173
0.0265621
0.192326
0.232866
0.0470516
0.0212368
0.0217595
0.12823
0.0266633
0.0512692
0.541728
0.810444
0.23536
0.0217719
0.0208811
0.0209043
0.0217456
0.0841702
0.0222202
0.036586
0.0214073
0.0216285
0.338273
0.0201028
0.33816
0.0241492
0.0215624
0.02424
1.23961
0.0207045
0.0222248
0.437277
0.021412
0.0214509
0.038074
0.792356
0.0231212
0.0272998
0.0204224
1.11756
0.423002
0.0780898
0.0214181
0.0207048
0.0280679
0.0214996
0.197055
0.0588701
0.201653
0.122739
0.0212441
0.0641758
0.020971
0.965553
0.0213956
0.551425
0.305
0.0213687
0.75191
0.0213077
0.567813
0.0341577
0.0204018
0.0295974
0.0207651
0.0209175
0.0205486
0.0198669
0.0251011
0.0904854
0.021449
0.0205923
0.0882868
0.0201089
0.0218572
0.0218632
0.0211606
0.0213622
0.0580163
0.0311958
0.0199098
0.0221284
0.0219984
0.0213262
0.17067
0.0660444
0.0213588
0.0209247
0.0214472
0.0315663
0.0215017
0.0219397
0.0219936
0.0563521
0.0199254
0.0222476
0.299864
0.0214824
0.0520654
0.021249
0.0213972
0.021018
0.0211412
0.0206236
0.0212874
0.343038
0.222063
0.0206115
0.0219803
0.0225367
0.45784
0.0270202
0.0473
0.0212394
0.0217499
0.0440048
0.0226383
0.240684
0.0315862
0.021062
0.0209785
2.02006
0.0217485
0.249657
1.15781
0.0210538
0.056334
0.0792472
0.299188
0.0502638
0.030786
0.0267683
0.0209911
0.219917
0.0214367
0.023587
0.0315504
0.0200007
0.0213296
1.67949
0.0207377
0.107775
0.753406
0.0217283
0.0213702
2.03217
0.0212403
0.0464364
0.0203852
0.0503497
0.949004
0.258045
0.0212583
0.0208355
0.0218054
0.0663505
0.674614
0.243473
1.02932
0.0260129
0.0212832
0.0494337
1.59215
0.021395
0.0200606
0.0241559
0.0210316
0.461746
0.0447166
0.0203966
0.314547
0.0208228
0.0207485
0.0203738
0.0212404
0.0213364
1.73545
0.0211323
0.0619739
0.020755
0.0217136
0.0217674
0.0217453
0.0211532
0.0212539
0.0295355
0.0206155
0.0481424
0.267
0.0422676
0.0243479
0.0445564
0.0287745
0.0211062
0.0200894
0.0212691
0.0201453
1.60421
0.231234
0.0223233
0.0221802
1.06118
0.0221833
0.262175
0.0215885
0.0210308
0.0215059
0.0456891
0.348304
0.970823
2.32378
0.0243862
0.0411938
0.0488049
0.0212197
0.0210744
0.0207306
0.0263975
0.0273216
1.55061
2.89
0.0284335
0.0209093
0.0308667
0.0211712
0.046227
0.0210902
0.0362667
0.0218336
0.325955
0.0318598
0.0217215
0.0244156
0.0394413
0.0285722
0.0824374
0.0210442
0.0206936
0.0213402
0.0212564
0.420192
0.0205119
0.0216893
0.0273371
0.0199108
0.151028
1.2098
0.0343693
0.0213102
0.0215397
0.551642
0.178058
0.021053
0.0212846
1.25345
0.0213027
0.0212992
0.340373
0.0243408
0.206924
0.304103
0.293945
0.0299992
0.0209414
0.0213334
0.0257572
0.0210453
0.020917
0.683847
1.11754
0.0207424
0.021013
0.0209239
0.0219165
2.14977
0.0210101
0.0219221
0.0214044
0.0203882
0.0209791
0.0308224
0.0225444
0.0208965
0.020037
0.0216984
0.0207037
0.029989
0.286631
0.0282787
0.0207173
0.0210746
0.0212955
0.0209743
0.233289
0.0213918
0.250203
0.511798
0.0210573
0.0206353
0.206597
0.0206873
0.020782
0.0209414
0.0597241
0.0240447
0.0280634
0.0209431
0.0198932
0.0213493
0.232115
0.0210311
0.0216118
0.0341813
0.271587
0.0297127
0.0199472
0.273309
0.0195783
0.532281
0.0209456
0.0200288
0.0206501
0.0215227
0.0211653
1.22373
0.0875353
0.259148
0.0592838
0.0263992
1.61456
0.0213348
0.245029
0.0763676
0.0220223
0.286665
0.0404591
0.047077
0.0212099
0.701526
0.0215875
0.0206738
0.0207607
0.0905022
0.350427
0.0238389
0.188544
2.60509
0.085703
0.0213237
0.0227303
0.0368924
0.114065
0.502938
0.0242981
0.0214654
0.0346073
0.183898
0.0208272
0.177049
0.0220148
0.347075
0.0205997
0.0204349
0.0258439
0.02507
0.622377
0.0785743
0.378343
0.0209314
0.0210178
0.423011
0.345104
1.07892
0.0208187
0.0222077
0.0207098
0.0209916
0.0210254
0.299643
0.141314
0.415287
0.301789
0.479879
0.0534033
0.0208804
0.021473
0.0206285
0.0205498
0.0283986
0.0210665
0.0213008
0.0212834
0.0209052
0.0249801
0.296256
0.0290777
0.0207752
0.0209738
1.22389
0.0273134
0.0226275
0.0263364
0.0577333
0.310654
0.0209341
0.0250439
0.45874
0.0208027
0.0623084
0.0210188
0.0209368
0.0208405
0.282042
0.0209221
0.0207229
0.0221681
0.0216772
0.020873
0.0207707
0.747607
0.100145
0.204938
0.021844
0.0208386
0.449129
0.0212114
0.0205272
0.0207768
0.470412
0.0213201
1.16508
0.0200969
0.0207357
0.039489
0.0437904
0.0207629
0.0392839
0.0994372
0.164508
0.0208452
0.0197456
0.0208028
0.199671
0.022205
0.0243657
0.85013
0.0209862
0.0204082
0.0219359
0.0208398
1.12344
0.0209013
0.0213223
0.020959
0.0273539
0.199162
0.0213218
0.0207089
0.021454
0.095401
0.0740033
0.26597
0.0236047
0.503315
0.0206373
0.0209239
0.72741
0.106086
0.0212703
0.020958
0.543346
0.0339065
0.0208883
0.0208043
0.0207561
0.0209415
0.0209385
0.358176
0.0217532
0.0241986
0.232032
0.0566647
0.0211042
0.0428274
0.0280038
0.457108
0.0237482
0.0259214
0.0212894
0.547479
0.0211989
0.0288029
0.263192
0.0213415
0.0766981
0.252631
0.0210061
0.0219804
0.528303
0.290789
0.0221541
0.020742
0.0204948
0.679535
0.0208826
0.0207376
0.0263763
0.0234643
0.0209578
0.0416991
0.281871
0.0206451
0.0233866
0.0219325
0.02081
0.0205549
0.0209241
0.0205021
0.199658
0.0219185
0.0224388
0.0207208
0.0199756
0.0207355
0.0208605
0.0217723
0.026713
0.0232325
0.538344
0.0209778
0.0208918
0.0245957
0.0207566
0.0199572
0.0220191
0.338716
0.0208114
0.482356
0.0253802
0.512479
0.0202173
0.529421
0.404572
0.31314
0.0204616
0.0209553
0.435322
0.0209554
0.273498
0.0210658
0.0255124
0.0227166
0.0209901
0.264418
0.521808
0.266014
0.294194
0.0247582
0.0207233
0.0208184
0.191274
0.278183
0.0208803
0.021428
0.0200363
0.0214593
0.0204449
0.367058
0.0206875
0.0202619
0.0214831
0.0217794
0.0365723
0.0252482
0.0220108
0.02072
0.0205242
0.182578
0.0248221
0.0196906
0.807283
0.0332492
0.0254704
0.0253723
0.0268245
0.0204197
0.0206564
0.0550372
0.311724
0.248046
0.0209576
0.0206089
0.530061
0.162587
0.0244424
0.0208629
0.0245772
0.0206849
0.0216818
0.0218163
0.023693
0.0198809
0.0207794
0.0204197
0.0208143
0.020692
0.022654
0.0206558
0.0643293
0.421893
0.0206063
0.0208313
0.0199445
0.0209871
0.0213888
0.0209781
0.431646
0.537893
0.0209036
0.0220525
0.302171
0.0211336
0.0772645
0.265802
0.23796
0.0206349
0.244427
0.0271116
0.139493
0.023584
0.0207199
0.202641
0.244545
0.225428
0.0219543
0.0203621
0.291391
0.342928
0.020622
0.0206883
0.0207518
0.0237982
0.0341945
0.0214569
0.0207067
0.020578
0.56467
0.0542804
0.031084
0.0208567
3.11149
0.343392
0.0205163
0.029785
0.021008
0.0208623
0.0208488
0.10522
0.0208142
0.0999742
0.0207971
0.0206948
0.0208351
0.0204923
0.02101
0.026382
0.0199555
0.0206293
0.0312351
0.0205904
0.0216726
0.0205587
0.0202597
1.13718
0.0627463
0.0208594
0.418902
0.0208887
0.0206069
0.0294518
0.0231787
0.23934
0.0199103
0.0205439
0.0214085
0.0206808
0.0402097
0.0205096
0.0208158
0.0309733
0.0196485
0.0210403
0.0209404
0.0208134
0.0345853
0.0210416
0.0473101
0.232642
0.0383688
0.938417
0.0199699
0.020551
0.0633004
0.0207836
0.51176
0.019955
0.368788
0.328194
0.0200941
0.0205236
0.0212485
0.15666
0.0208978
0.020893
0.0523609
0.0428369
0.163698
0.0219751
0.273438
0.0196618
0.322232
0.403151
0.335215
0.29339
0.0227939
0.238838
0.0206195
0.0208289
0.0278677
0.329785
0.0211888
0.0207213
0.0210373
0.459647
0.0200818
0.0201126
0.141565
0.0205689
0.303509
0.020852
0.45217
0.0313696
0.0226721
0.0212293
0.0207905
0.020933
0.0296818
1.44566
0.175195
0.0329398
0.451954
0.373805
0.021102
0.0235093
0.446743
0.0214628
0.0205859
0.419055
0.195626
0.446671
0.361363
0.296113
0.0276235
0.0213627
0.0209741
0.204049
0.329169
0.242882
0.421286
0.0197052
0.0213364
0.0222691
0.190208
0.450718
0.0206232
0.0239626
0.566115
0.0215531
0.0230951
1.80823
0.368859
0.0467196
0.0222909
0.0207711
0.0916041
0.0210331
0.0196747
0.434617
0.02132
0.0202416
0.212236
0.0201648
0.0205402
0.389381
0.805062
0.38257
0.020242
0.326188
0.0204719
0.27031
0.260518
0.155775
0.0209403
0.26667
0.025174
0.107847
0.020411
0.020484
0.127415
1.58088
0.147969
0.0207335
0.0208053
0.0203705
0.0206604
0.032599
0.0209149
0.14499
0.0222983
0.226987
0.0202667
0.323309
0.0211115
0.0203927
0.020708
0.356468
0.363639
0.0196492
0.0199245
0.0204198
0.0205775
0.24046
0.0205404
0.138078
0.023525
0.0341135
0.23365
0.188229
0.106051
0.201846
0.030795
0.0276278
3.78295
0.0490733
0.242842
0.122365
0.323415
0.0205662
0.02947
0.189561
0.0205156
0.498686
0.433604
0.0608996
0.32817
0.0204992
0.236202
0.118639
0.454985
0.0214576
0.0206558
0.897366
0.0498911
0.209031
0.0207532
0.284107
0.0210738
0.213191
0.536306
0.228334
0.0207365
0.0219872
0.182309
0.318911
0.0203969
0.285006
0.107927
0.198504
0.0210288
1.52015
0.0204767
0.226986
0.331347
0.285283
0.177768
0.210848
0.0245793
0.150622
0.0235441
0.105497
0.0213332
0.240779
0.021378
0.020638
0.0283081
3.51099
0.0213313
0.225698
0.259368
0.0652623
0.0440383
0.167567
0.0201656
0.241483
0.0262422
0.270667
0.0206896
0.0214299
0.0214324
0.329677
0.0203957
0.330665
0.315215
0.0332487
0.0217461
0.0222459
0.019847
0.0846109
0.347021
0.0200478
0.0597614
0.08448
0.65565
0.251861
0.0206581
0.0212834
0.0205926
0.0245604
0.0212312
0.0206092
0.0328103
0.0226607
0.0213339
0.0199225
0.0205904
0.0243003
0.103568
0.0214021
0.26051
0.0206799
0.0207036
0.0258224
0.0251414
0.0214325
0.0207215
0.0204817
0.159052
0.309176
0.0206697
0.392445
0.362925
0.0213825
0.0669131
0.0506215
0.251637
0.324508
0.33409
1.76012
0.0252443
0.296588
0.439682
0.226933
0.0312655
0.0203775
0.0205363
0.338417
0.0203524
0.263785
0.0295678
0.0217433
0.0204319
0.0221894
0.0208608
0.173085
0.0204041
0.125659
0.0346596
1.18942
0.0201141
0.0239562
0.020639
0.0198781
0.0232742
0.0203563
0.0200427
0.0205318
0.0283483
0.0265739
0.0270893
0.232173
0.0240907
0.0196376
0.268107
0.045068
0.0215959
0.0208062
0.286321
0.040589
0.0272057
0.33485
0.0205735
0.430322
0.229817
0.0229405
0.0222689
0.0205842
0.343984
0.0234524
0.020568
0.0211524
0.0276812
0.040755
0.0204879
0.0234562
0.476149
0.0208635
0.16339
0.0214183
0.021532
0.0799468
0.0505599
0.0390703
0.021254
0.0202667
0.0211112
0.545639
0.0205222
0.0464026
0.240706
0.0293013
0.119138
0.0213974
0.0247258
1.29666
0.0737264
0.311843
0.048153
0.0221178
0.0692285
0.0209303
0.0199132
0.317358
0.0203756
0.0248458
0.329356
2.27336
0.0201093
0.0277368
0.0217415
0.0253677
0.0274566
0.273346
0.313569
0.0221781
0.119757
0.323168
0.0222072
0.0204853
0.0289631
1.55625
0.0207792
0.17588
0.0204097
0.0201317
0.0863596
0.199549
0.0210259
0.0209183
0.301702
0.328866
0.0202278
0.1326
0.0205569
0.285522
0.232578
0.0272312
0.0208679
0.262239
0.315169
0.294239
0.124111
0.0207904
0.0201452
0.0202168
0.315266
0.278294
0.0212451
0.283944
0.203096
0.0203868
0.0232159
0.213266
0.11537
0.0205565
0.330041
0.0206783
0.290181
0.130205
0.260923
0.859076
0.0212553
0.0677863
0.022207
0.0213431
0.0202266
0.0209787
0.0209062
0.34966
0.0202188
0.0261142
0.171346
0.0436055
0.0198964
0.0220303
0.217844
0.0226819
0.020935
0.0216804
0.35462
0.0761313
0.254178
0.0212691
0.0948581
0.301441
0.0239372
0.307128
0.0288018
0.0435424
0.0210853
0.30987
0.312951
0.1126
0.0199715
0.0585039
0.0196718
0.0553791
0.331876
0.0208228
0.387513
0.0211312
0.282621
0.0206063
0.328093
0.263072
0.0266132
0.588839
0.0206855
0.0432181
0.537235
0.020804
0.389291
1.22274
0.0210781
0.0200507
0.305833
0.0208794
0.0203816
0.0400277
0.0209419
0.0252784
0.297303
0.0224021
1.44193
0.0215477
0.0212831
0.0200352
0.251699
0.326303
0.0207296
0.0259492
0.359837
0.275079
0.0203877
0.374849
0.0496185
0.272281
0.0199702
0.332706
0.33181
0.0340351
0.0557575
0.0199242
0.0205006
0.0225099
0.0209154
0.0212349
0.0211197
0.0256794
0.0212869
0.316244
0.0205752
0.0200832
0.0198373
0.275541
0.256302
0.321804
0.0239439
1.76563
0.0349057
0.0386047
0.0265806
0.0228405
0.283614
0.0198832
0.020523
0.0210501
0.23395
0.0232264
0.0204868
0.2459
0.0226874
0.0212201
0.0226112
0.021015
0.0201264
0.223603
0.0199279
0.0207588
0.0200779
0.288792
0.14919
0.304272
0.0203106
0.0196283
0.020179
0.0237191
0.0207151
0.0301749
0.0220109
0.0201119
0.0206741
0.0286501
0.242331
0.51436
0.0304188
0.0222306
0.176235
0.31315
0.0222058
0.34059
0.325736
0.0213138
0.0300259
0.470209
0.335538
0.324478
0.318005
0.0379781
0.0211179
0.243362
0.0199918
0.0221216
0.0212419
0.0209162
0.0279173
0.333659
0.0243772
0.243724
0.0203903
0.024482
0.0198481
0.0208661
0.0228188
0.291378
0.0196157
0.226102
0.0226213
0.020921
0.0201057
0.0198373
0.104211
0.0257015
0.268214
0.0204187
0.30269
0.2473
0.0202279
0.0204808
0.54923
0.0214598
0.232925
0.3365
0.0198941
0.228738
0.0198807
0.0205252
0.368124
0.0220044
0.0213273
0.0223425
0.0197199
0.232391
0.0301051
0.22823
0.0292393
0.253326
0.0200696
0.0209303
0.020562
0.179945
0.0241715
0.0204055
0.36815
0.0206582
0.0210586
0.026274
0.0649424
0.249658
0.0332606
0.0759613
0.362607
0.0444171
0.0198611
0.263646
0.32201
0.274886
0.0200784
0.0602375
0.0202954
0.0206241
0.0268978
0.037238
0.312103
0.0198664
0.0200738
0.337123
0.326105
0.0210279
0.0198793
0.0199276
0.590011
0.0204938
0.0283369
0.455674
0.0231956
0.315135
0.184208
0.0253011
0.0202328
0.0795227
0.0199339
0.02043
0.0223252
0.026666
0.0226613
0.0206808
0.0205111
0.023834
0.0207695
0.442972
0.200176
1.49278
0.36461
0.309968
0.0209619
0.257639
0.194456
0.0225655
0.0196905
0.209302
0.0225078
0.0209451
0.0232418
0.255696
0.0207361
0.0213362
0.185148
0.267554
0.27888
0.203642
0.559287
0.17747
0.0261912
0.0281956
0.27234
0.0209965
0.02069
0.0213418
0.0222064
0.0317399
0.241948
0.0206402
0.0206896
0.0204708
0.0200569
0.0205381
0.0209649
0.0201609
0.0376814
0.0203235
0.0204618
0.0201819
0.253752
0.24285
0.0204576
0.294975
0.228646
0.0208113
0.121083
0.0217057
0.334676
0.387213
0.0203504
0.158728
0.0232821
0.110419
0.347913
0.248113
0.0213017
0.0212526
0.0222525
0.0236033
0.244176
0.259773
0.239828
0.0199867
0.198165
0.0203226
0.0237443
0.0200448
0.299608
0.333317
0.260446
0.0285685
0.144831
0.0202818
0.125812
0.0213106
0.0215783
0.04109
0.0199428
0.164248
0.413983
0.0201018
0.242394
0.0202292
0.318767
0.0212235
0.240355
0.0231307
0.0207672
0.257852
0.0237389
0.0198641
0.0245067
0.246598
0.216517
0.289617
0.136589
0.0231475
0.0228626
0.0207536
0.030662
0.0226282
0.0206052
0.332866
0.0204915
0.0202127
0.0204411
0.0907868
0.247134
0.0204922
0.292307
0.0203907
0.285654
0.0329266
0.222563
0.0208366
0.0210269
0.293019
0.020783
0.0200048
0.0203413
0.279062
0.0201649
0.270729
0.0208329
0.24784
0.241765
0.0205592
0.0222958
0.0207989
0.274142
0.0207391
0.267514
0.019972
0.0199434
0.0200129
0.0245017
0.0508859
0.0209946
0.0210862
0.323782
0.0207995
0.329595
0.225731
0.229938
0.338064
0.0200051
0.0201213
0.246066
0.324053
0.02226
0.219823
0.0223529
0.041296
0.0199446
0.0270806
0.256675
0.0211834
0.0204683
0.021964
0.0227714
0.0203764
0.251068
0.0205681
0.252227
0.324843
0.0200998
0.02082
0.323219
0.262341
0.0304958
0.0204493
0.290972
0.0204157
0.303308
0.115643
0.0199171
0.0202103
0.267293
0.253658
0.237613
0.0383114
0.242632
0.0432693
0.296249
0.0278196
0.242139
0.0199837
0.0211654
0.174811
0.0228432
0.0198241
0.0198873
0.145995
0.0211071
0.0203276
0.0201879
0.0206405
0.0217687
0.0268064
0.118227
0.268896
0.260802
0.0201779
0.237427
0.164657
0.0205468
0.0299811
0.249834
0.270853
0.020124
0.291566
0.0201277
0.0223513
0.0203869
0.176346
0.256179
0.0788075
0.0199351
0.0205055
0.123182
0.0200929
0.0202084
0.0272633
0.440878
0.0470343
0.0228081
0.0240424
0.252521
0.0198958
0.0291536
0.345578
0.0222637
0.298562
0.020016
0.02047
0.0162763
0.0220128
0.0217361
0.242601
0.256951
0.0233024
0.0200915
0.48511
0.419095
0.0199405
0.0205705
0.021956
0.0200226
0.0203866
0.0201665
0.537894
0.0212382
0.0377645
0.0206416
0.020607
0.0198615
0.0202554
0.263377
0.0208308
0.0402742
0.26432
0.0213535
0.0196839
0.258566
0.168042
0.0223331
0.260138
0.165996
0.193659
0.250607
0.0300904
0.228194
0.0420117
0.0244595
0.0774955
0.0210474
0.0203221
0.0208294
0.0211797
0.0204683
0.0200707
0.154314
0.0219937
0.0199937
0.0198245
0.0221745
0.0206538
0.0198538
0.0242112
0.0199464
0.476359
0.188394
0.229312
0.0204211
0.331297
0.0200795
0.357803
0.0282089
0.0203531
0.0210672
0.0200203
0.245524
0.269402
0.0221106
0.0200225
0.418126
0.02314
0.0240566
0.0257546
0.0199854
0.0299597
0.0320253
0.0201797
0.378996
0.0222752
0.0198059
0.524414
0.0528578
0.276152
0.0211714
0.0201128
0.321439
0.020219
0.0216129
0.0207385
0.0206768
0.0231729
0.129156
0.177559
0.134598
0.0202856
0.235572
0.0334263
0.0200868
0.0259355
0.0201436
0.0200776
0.0273411
0.0199577
0.0199261
0.416178
0.250789
0.0324282
0.0303269
0.24803
0.0264599
0.0199396
0.034984
0.376432
0.116182
0.0199297
0.265261
0.0198254
0.256778
0.0220171
0.240365
0.237445
0.0200411
0.0208944
0.020224
0.0197827
0.221803
0.0204358
0.019818
0.0201021
0.239739
0.0206524
0.0199008
0.0201605
0.0286411
0.265908
0.0197869
0.0256915
0.0213091
0.256816
0.020094
0.0394175
0.0345603
0.236347
0.0212476
0.0201611
0.020128
0.0200249
1.15662
0.025689
0.019873
0.0416431
0.0254995
0.0218741
0.0231206
0.0197653
0.0223049
0.258871
0.0257855
0.0398002
0.0547222
0.0198489
0.0219344
0.0207356
0.0219464
0.396376
0.348137
0.0222425
0.0208356
0.400718
0.21079
0.0207907
0.0214996
0.021129
0.0276971
0.248851
0.0199601
0.051048
0.237141
0.0222843
0.0198067
0.0259942
0.0214018
0.0197442
0.0217483
0.0277265
0.0222235
0.296233
0.0201063
0.0213205
0.0202417
0.0295619
0.0212871
0.0999569
0.0506517
0.0217664
0.0226424
0.0212688
0.0397551
0.0205737
0.0197286
0.0212194
0.0206599
0.0205652
0.193574
0.0196975
0.0197639
0.0201744
0.0210821
0.331746
0.0216085
0.0231561
0.0198468
0.0276482
0.152515
0.476004
0.0264963
0.0197112
0.780719
0.022729
0.0207535
0.0196684
0.0196955
0.0199411
0.29671
0.0211656
0.0228686
0.0202839
0.252827
0.347159
0.0210407
0.0218091
0.0205089
0.292534
0.267785
0.0196686
0.0205494
0.0209491
0.0221703
0.0207629
0.336625
0.0212295
0.241215
0.0232985
0.0205739
0.0220388
0.020508
0.208561
0.0198773
0.0196352
0.0217485
0.022831
0.0230126
0.0196551
0.301245
0.0208847
0.0206995
0.0206556
0.0231088
0.0196456
0.0212277
0.0211091
0.0199434
1.52027
0.0741776
0.0227971
0.0198069
0.0198317
0.0219837
0.264696
0.187112
0.245912
0.0967006
0.0196404
0.0212191
0.270108
0.0217817
0.0197184
0.0241498
0.0209707
0.245641
0.241439
0.0219672
0.0231216
0.229235
0.021742
0.0517965
0.0203838
0.0233771
0.0199259
0.0196164
0.0227368
0.0227483
0.0201697
0.270749
0.0203588
0.0274925
0.0446507
0.335658
0.0198626
0.365867
0.271276
0.0208632
0.0196877
0.0217501
0.019828
0.267292
0.0199851
0.916608
0.261113
0.0196302
0.0199245
0.0198387
0.019756
0.0200087
0.0198726
0.269127
0.0197885
0.0201245
0.0238734
0.0212248
0.0201416
0.0199954
0.0202119
0.244662
0.155374
0.020208
0.307839
1.28105
0.0218924
0.293983
0.0209155
0.0198837
0.02061
0.019929
0.0279949
0.0226329
0.0199063
0.0219661
0.250409
0.0196948
0.0198934
0.0203468
0.267474
0.0198863
0.0386926
0.020289
0.0200592
0.020083
0.0213586
0.0201496
0.0196611
0.0320559
0.0199293
0.0196618
0.0203746
0.0199595
0.0196334
0.0196282
0.020006
0.0216514
0.0199237
0.267305
0.0198408
0.0208676
0.0197161
0.0206374
0.151358
0.0196226
0.0198519
0.0227207
0.273558
0.0220745
0.0202723
0.0209922
0.021941
0.118352
0.181688
0.0224435
0.0224362
0.12722
0.020887
0.0203512
0.256798
0.0213744
0.208541
0.019961
0.0207781
0.188048
0.177166
0.0209914
0.0202452
0.0196054
0.0202375
0.0200659
0.0204706
0.0224349
0.193836
0.0197075
0.0208685
0.320323
0.0227176
0.0227104
0.335039
0.0201055
0.1038
0.114062
0.0201354
0.0209767
0.020809
0.228083
0.0203462
0.0224309
0.212351
0.0985873
0.251999
0.0404641
0.16085
0.241938
0.0426486
0.0203926
0.0380378
0.0206891
0.0228422
0.0268705
0.0201861
0.0284856
0.0200901
0.0218918
0.0285678
0.103192
0.0203341
0.0196511
0.0204044
0.0201927
0.0261069
0.0205429
0.0209056
0.268913
0.0208832
1.44072
0.388592
0.225038
0.0199058
0.0196775
0.0224131
0.0224364
0.0207083
0.0202115
0.0203639
0.0367393
0.0197926
0.0212965
0.262333
0.178304
0.0206126
0.0224252
0.0203457
0.0208662
0.0231346
0.0195964
0.0264237
0.0198987
0.0204849
0.0242091
0.0202
0.292842
0.0202948
0.0216899
0.30756
0.0202383
0.0224353
0.0313425
0.0225514
0.0198933
0.0205299
0.234233
0.0216404
0.0202781
0.0197822
0.0200628
0.0575953
0.0201456
0.0223783
0.0247249
0.0413116
0.160599
0.0225245
0.0224881
0.0198325
0.0205546
0.0216108
0.238239
0.0206615
0.0202094
0.0343622
0.022443
0.0205407
0.021445
0.0213851
0.0202409
0.0224689
0.1059
0.0275601
0.022754
0.0203302
0.0225766
0.0213184
0.0224425
0.0224517
0.0197949
0.0195599
0.0195545
0.227867
0.0207706
0.0204399
0.0199107
0.0203639
0.0219409
0.0216997
0.0224443
0.135772
0.019663
0.243607
0.0583793
0.0224642
0.0213142
0.0199059
0.0257934
0.0224973
0.0197792
0.0200055
0.0230991
0.0230284
0.0230688
0.0231003
0.0229478
0.0229998
0.0230465
0.023076
0.0229746
0.0229813
0.0230089
0.022931
0.0229017
0.0229567
0.0229239
0.0229082
0.0226016
0.0225327
0.0225403
0.0224642
0.0226057
0.022465
0.022455
0.0227799
0.0225466
0.0228871
0.0224731
0.0224373
0.0225312
0.022449
0.0228497
0.0227746
0.0227626
0.202314
0.0225764
0.0225364
0.0758495
0.0201246
0.0228711
0.0227514
0.0226518
0.195346
0.0226122
0.0224518
0.0224512
0.0224131
0.0224594
0.0224704
0.220155
0.206446
0.207234
0.0195426
0.019578
0.019657
0.0228129
0.0227644
0.0226993
0.0224311
0.0198828
0.0195407
0.0225931
0.019549
0.201804
0.202298
0.0196424
0.204104
0.205079
0.0195493
0.0196034
0.202781
0.0225852
0.0195357
0.204219
0.0196138
0.0204646
0.0201911
0.0200252
0.0218149
0.0198626
0.292387
0.0198894
0.0198861
0.277119
0.0208495
0.0206156
0.0197713
0.0198115
0.0200226
0.296395
0.288188
0.0229305
0.0206604
0.0203404
0.187072
0.0234407
0.0225133
0.0196083
0.0198694
0.0221626
0.25541
0.0218393
0.0222908
0.301239
0.251802
0.020272
0.0197743
0.0205856
0.0199634
0.0213747
0.0196322
0.0196093
0.0211623
0.0240406
0.0201453
0.0437063
0.019596
0.0213329
0.0343804
0.0196209
0.0200611
0.11221
0.0202657
0.26976
0.021091
0.0228137
0.0216022
0.0198098
0.0203732
0.0216293
0.0196729
0.123073
0.0203312
0.598553
0.0248173
0.271313
0.0202255
0.288394
0.0209069
0.167439
0.0198658
0.0196897
0.211158
0.0199542
0.0214082
0.025081
0.0331719
0.0207731
0.0198113
0.0224553
0.269094
0.270601
0.0205045
0.019936
0.313001
0.0206099
0.0240056
0.0224469
0.0200516
0.25226
0.0213205
0.0196571
0.019976
0.0209982
0.0264371
0.0217819
0.0204756
0.0258713
0.122193
0.0197661
0.0199845
0.251915
0.0207551
0.0210588
0.0209472
0.0196278
0.283801
0.0206824
0.0211495
0.0200703
0.0197242
0.266581
0.0829304
0.0216522
0.0203533
0.0200133
0.0207572
0.0201982
0.277484
0.0256535
0.0210262
0.0199231
0.296026
0.243417
0.245198
0.0196513
0.0222439
0.0238428
0.0243898
0.0216866
0.0197545
0.0199836
0.0205309
0.0209594
0.25053
0.0421287
0.245828
0.0204795
0.0196421
0.238378
0.0196435
0.0992847
0.0200852
0.0199933
0.0196314
0.0198293
0.0224266
0.0213006
0.0217376
0.020479
0.0213812
0.0198614
0.0199726
0.0198392
0.0204771
0.261236
0.0241244
0.0197348
0.0208701
1.52363
0.0198505
0.0197021
0.246104
0.0210272
0.0216598
0.202632
0.0196081
0.0212279
0.0223855
0.02163
0.0214101
0.271619
0.0204558
0.0213831
0.0196123
0.314686
0.288611
0.17802
0.143633
0.0204929
0.0207383
0.0195757
0.160604
0.0209253
0.203396
0.0195916
0.0201402
0.262073
0.0196244
0.0769979
0.124916
0.0226213
0.0197392
0.288583
0.0278858
0.0307186
0.0196253
0.0214238
0.0199698
0.0200622
0.25422
0.0198562
0.10019
0.0196744
0.0204315
0.0251111
0.020593
0.0208763
0.0367111
0.0211132
0.0196572
0.0282606
0.0243297
0.0265478
0.0215647
0.26633
0.295959
0.0196179
0.122997
0.0203835
0.0207076
0.273493
0.0904276
0.0989383
0.0209104
0.0212013
0.0217792
0.0206712
0.0196112
0.0207672
0.0209674
0.0234691
0.020239
0.0199275
0.0195943
0.020526
0.0271968
0.0196418
0.0892427
0.0205064
0.0204398
0.372574
0.0196403
0.368185
0.336241
0.0225239
0.0202284
0.0213961
0.0195793
0.0205549
0.230942
0.0261378
0.313702
0.0196251
0.0197123
0.28041
0.0196829
0.0211645
0.0197976
0.172479
0.293917
0.048134
0.244869
0.0223407
0.0205221
0.0204169
0.0199377
0.0217193
0.0309428
0.0198338
0.0195971
0.021577
0.0278601
0.019955
0.0201971
0.0211011
0.0206684
0.0197296
0.0200545
0.0197537
0.0197892
0.0198001
0.0227903
0.020273
0.0197304
0.020669
0.0212364
0.0196752
0.0387404
0.0210686
0.0197813
0.0199518
0.0212293
0.0273859
0.0210914
0.0213139
0.0200316
0.0287581
0.285802
0.0203258
0.0253721
0.0214166
0.0228241
0.0197387
0.0215092
0.0215989
0.0200912
0.0430183
0.0208696
0.0197499
0.0202165
0.200935
0.0203239
0.0196927
0.0198108
0.0214704
0.0199532
0.0213706
0.387758
0.0204169
0.0202424
0.0737221
0.0206956
0.0201646
0.020896
0.0218767
0.0201168
0.257912
0.0198859
0.0200827
0.0199382
0.0198457
0.0197675
0.0213649
0.0197066
0.0197099
0.0226653
0.0329296
0.0206487
0.0197578
0.0197762
0.0215309
0.021891
0.0204594
0.0228825
0.355809
0.0199778
0.0201708
0.0196098
0.244927
0.0231735
0.0208696
0.240439
0.0205572
0.0206057
0.23676
0.0205997
0.020657
0.0197166
0.0206474
0.0204373
0.218863
0.0197235
0.0235255
0.0211584
0.0262633
0.0229272
0.0203212
0.0199562
0.0197071
0.0209791
0.0201237
0.0821292
0.0197899
0.536625
0.0195998
0.388687
0.0207444
0.0201761
0.0389265
0.0195812
0.0208572
0.0196046
0.0209771
0.0207247
0.0196941
0.0765169
0.0279885
0.0213853
0.0244538
0.663939
0.0198469
0.0197432
0.312671
0.0199156
0.0204191
0.0201073
0.0206619
0.0197645
0.0216012
0.225846
0.0204784
0.0201331
0.0201857
0.0209813
0.019722
0.0198138
0.0213557
0.0201241
0.279919
0.0198241
0.0217138
0.0199341
0.0197785
0.0196757
0.0205938
0.0275995
0.0210583
0.0213921
0.388672
0.0421971
0.0204758
0.0201608
0.0199659
0.258165
0.2373
0.0208673
0.107102
0.0197885
0.0198218
0.3896
0.0200543
0.019739
0.0198787
0.230009
0.0272349
0.0550531
0.0269826
0.447069
0.0210556
0.0196751
0.0204924
0.0200172
0.0846403
0.0201691
0.019788
0.027927
0.0197696
0.0518907
0.0203116
0.0199381
0.0277089
0.0204489
0.0198463
0.0214887
0.0199618
0.0842152
0.0199484
0.252016
0.0196903
0.020965
0.250139
0.0255551
0.0198207
0.019594
0.160557
0.0230048
0.020634
0.161047
0.0219329
0.134186
0.0206288
0.0213895
0.0201781
0.19302
0.317101
0.0197442
0.211596
0.0200171
0.208975
0.0199777
0.0234071
0.0197576
0.0227677
1.16909
0.253374
0.369843
0.0215129
0.0318302
0.291471
0.0208374
0.0197776
0.0309364
0.0223059
0.0198273
0.01966
0.144907
0.0198335
0.0198605
0.0202526
0.0210108
0.253597
0.0204238
0.0200965
0.0202894
0.0200199
0.208451
0.289084
0.019979
0.0212421
0.0201925
0.0370581
0.0197091
0.0200698
0.0198904
0.0495311
0.0201439
0.0198806
0.0198955
0.0206573
0.0224663
0.223958
0.0215899
0.0199154
0.0200042
0.0209292
0.235701
0.0197061
0.0196424
0.0214284
0.0196573
0.021831
0.0205182
0.256794
0.0196965
0.0542573
0.019719
0.0207559
0.0214428
0.0229491
0.0201656
0.0212555
0.0323016
0.251298
0.0199929
0.0215082
0.0196612
0.025753
0.0201779
0.023438
0.0199455
0.228973
0.0200343
0.204702
0.0199828
0.0209048
0.0228624
0.0207545
0.0268728
0.0205223
0.0203066
0.0241482
0.020027
0.0204486
0.238647
0.594398
0.242792
0.0200165
0.0217473
0.0278287
0.234143
0.0196816
0.223587
0.020556
0.0197682
0.0202238
0.0197998
0.0200115
0.0208255
0.0230785
0.0260176
0.0205077
0.224879
0.447909
0.0512572
0.0208558
0.269905
0.848617
0.253647
0.259857
0.0203765
0.0218225
0.0211408
0.0207668
0.0199675
0.22644
0.0265584
0.0199822
0.148764
0.237204
0.815274
0.0200629
0.0206923
0.0214291
0.263255
0.0220732
0.387481
0.262488
0.0275492
0.020788
0.0208446
0.0464688
0.250143
0.0201761
0.0207807
0.0203958
0.0212417
0.12171
0.179917
0.0199139
0.108014
0.0216933
0.0200565
0.727057
0.0200609
0.0214318
0.0273378
0.0202201
0.0203165
0.0199826
0.102823
0.187363
0.0212138
0.0200069
0.0204564
0.0201136
0.0196942
0.0203464
0.340515
0.0213076
0.0199572
0.0206626
0.286818
0.0210029
0.146251
0.019836
0.203975
0.0208212
0.020345
0.0201072
0.338663
0.1461
0.0213171
0.0213184
0.120382
0.349196
0.0342874
0.0199416
0.0218597
0.0341472
0.0317632
0.0214818
0.235846
0.0200284
0.0664461
0.0200062
0.021137
0.0200791
0.0210774
0.341897
0.0209524
0.179607
0.0200343
0.252583
0.0199769
0.0197428
0.0197322
0.0203357
0.170682
0.027546
0.0202547
0.0223286
0.162384
0.277247
0.0416988
0.132662
0.0201549
0.277213
0.687925
0.192845
0.0197037
0.0373584
0.0207127
0.555361
0.0200952
0.0201116
0.291784
0.0203945
0.282037
0.0209026
0.021107
0.0210382
0.0161563
0.020321
0.0207361
0.206298
0.232756
0.231326
0.560427
0.0199615
0.020557
0.0201513
0.269691
0.0203874
0.274217
0.0202518
0.0201549
0.0213962
0.0202053
0.0201452
0.0202112
0.0199484
0.0204596
0.592092
0.0647093
0.242616
0.0201708
0.0209016
0.382066
0.0198631
0.0208425
0.0658118
0.267017
0.266556
0.227999
0.0221292
0.021715
0.0199502
0.0355649
0.378705
2.58633
0.0203083
0.0200945
0.0202809
0.0199625
0.0675911
0.0208747
0.0201328
0.0209072
0.0205593
0.0356362
0.0208673
0.0237285
0.0205534
0.060825
0.105487
0.020263
0.020556
0.279486
0.0202898
0.0201771
0.0204338
0.0199961
0.0204143
0.0201967
2.55717
0.0210756
0.0579391
0.0209213
0.0203203
0.185364
0.0199776
0.332503
0.0254341
0.289736
0.0209035
0.0207678
0.0199967
0.0239025
0.0223002
0.026838
0.0215589
0.0228028
0.0206146
0.287301
0.262008
0.238213
0.150717
0.0390572
0.102127
0.11784
0.0228157
0.323927
0.175483
0.020425
0.0878176
0.25902
0.259456
0.288583
0.0255216
0.0314567
0.153582
0.0214506
0.0203427
1.08489
0.0201473
0.0249325
0.0197588
0.0212054
0.0205013
0.0204051
0.240537
0.0210439
0.0202062
0.672974
0.0205037
0.020457
0.0201415
0.0877629
0.0351024
0.0201449
0.0200102
0.0510893
0.0201609
0.0206225
0.0262645
0.0209413
0.0200722
0.0203018
0.0269302
0.020931
0.0203576
0.0199965
0.0224572
0.0202851
0.253848
0.0208464
0.127045
0.109502
0.0203525
0.236247
0.0200188
0.0255375
0.0237873
0.0226273
0.0253805
0.0254724
0.0422204
0.0201747
0.283361
0.0202194
0.23092
0.0199944
0.0211647
0.020047
0.509946
0.0197846
0.0205128
0.0205588
0.0201393
0.0202082
0.0202076
0.0208528
0.170342
0.0215313
0.0245467
0.252082
0.247803
0.0237559
0.0200187
0.311404
0.167538
0.0208489
0.021146
0.0238382
0.268983
0.0206351
0.123995
0.0202644
0.256007
0.0199811
0.22716
0.33503
0.0231392
0.0199773
0.0204376
0.245954
0.0213732
0.292015
0.247519
0.321855
0.0211157
0.0199943
0.0428665
0.0240587
0.0204564
0.0775222
0.0209353
0.0462855
0.0769857
0.0201161
0.0611121
0.268489
0.0335757
1.14905
0.021361
0.0203617
0.0205355
0.0201903
0.0207034
0.0201928
0.0203036
0.0210602
0.0205482
0.041156
0.0201494
0.0305908
0.0207616
0.0205698
0.0202529
0.019706
0.0824473
0.0200544
0.0202666
0.0211085
0.183293
0.487854
0.0220093
0.0268149
0.0198064
0.0267352
0.300258
0.021179
0.0203562
0.0254889
0.256906
0.0201444
0.277014
0.0216057
0.0207458
0.0203114
0.26893
0.263103
0.0252334
0.0197316
0.329998
0.028412
0.0209809
0.227676
0.0200754
0.0868058
0.0201876
0.0872395
0.386268
0.0215586
0.253521
0.0201781
0.0197831
0.0214601
0.108528
0.208453
0.0625002
0.0199519
0.0201715
0.0203968
0.194633
0.0201282
0.327048
0.278253
0.0442872
0.0328197
0.0207775
0.0211061
0.0202932
0.0202216
0.364967
0.247172
0.0198249
0.0226116
0.176105
0.0434453
0.0198454
0.0201565
0.0203199
0.0201929
0.0202542
0.277924
0.021724
0.193435
0.0218807
0.305405
0.0201795
0.0804516
0.269099
0.020149
0.036501
0.124314
0.229093
0.0199693
0.0201104
0.0206722
0.214955
0.0199613
0.173612
0.042622
0.0202197
0.0209092
0.565532
0.0202388
0.238658
0.066434
0.572016
0.247058
0.379327
0.0203861
0.0672421
0.155866
0.0221151
0.13876
0.204807
0.0203694
0.211606
0.22786
0.0198077
0.0223486
0.0676898
0.141994
0.0197564
0.020341
0.397465
0.0311886
0.021181
0.0201533
0.0236142
0.287309
0.213483
0.020516
0.0204076
0.0198613
0.0197727
0.17292
0.019929
0.266383
0.239087
0.0212232
0.0229169
0.019966
1.33254
0.0204692
0.0206942
0.0426722
0.535466
0.0207483
0.243052
0.268485
0.023707
0.0200356
0.020945
0.0203821
0.92674
0.0200301
0.0223579
0.020197
0.379433
0.0199034
0.0229916
0.020187
0.211572
0.257378
0.020431
0.02007
0.0197493
0.0209135
0.020224
0.0212874
0.0231481
0.0243772
0.0204374
0.0202988
0.251121
0.183147
0.200458
0.18791
0.0221827
0.0205051
0.0202696
0.12013
0.0208187
0.0201569
0.0205776
0.261997
0.387739
0.039316
0.0236249
0.268227
0.0311306
0.0555154
0.264122
0.0203972
0.105628
0.0215205
0.0665368
0.0202393
0.0199423
0.233802
0.18555
0.0204779
0.0624986
0.0214047
0.299143
0.230256
0.0199987
0.0250034
0.381052
0.019887
0.026721
0.240819
0.0204898
0.024933
0.0207236
0.0199114
0.021226
0.0204123
0.0213049
0.0206633
0.0934882
0.0213719
0.027494
0.0204949
0.020334
0.020422
0.0211742
0.0213712
0.0287429
0.0214072
0.19214
0.222901
0.0776785
0.0201577
0.0449259
0.393357
0.129435
0.0258151
0.267794
0.0206078
0.0202847
0.530213
0.0220769
0.207574
0.0205307
0.0215119
0.020197
0.256799
0.02127
0.0213145
0.0636759
1.5447
0.0207541
0.0210124
1.21712
0.0208169
0.13794
0.351866
0.0197435
0.275398
0.259413
0.0550922
0.0228782
0.230116
0.0215388
0.378372
0.0199682
0.0214818
0.0203308
0.021901
0.0264096
0.311714
0.190653
0.0204874
0.0205191
0.394953
0.0204675
0.19781
0.0202093
0.26254
0.38958
0.0274009
0.0205744
0.0222859
0.147418
0.0223273
0.0205452
0.0204611
0.0961461
0.0215417
0.0203997
0.0295866
0.0206461
0.285452
0.0204697
0.22919
0.0213322
0.0201616
0.13832
0.0223761
0.0201189
0.344199
0.0242333
0.0218504
0.0208175
0.0213804
0.032928
0.020248
0.363961
0.0205245
0.0214105
0.0205217
0.307073
0.162621
0.0201994
0.0207836
0.0457121
0.28261
0.0750116
0.130101
0.0230241
0.0235589
0.020581
0.271749
0.137291
0.0208011
0.0218605
0.032302
0.0485722
0.02048
0.0211661
0.39004
0.0203661
0.0493137
0.0436704
0.241969
0.0205046
0.0206523
0.0211999
0.0206273
0.107995
0.233492
0.0200017
0.0223101
0.0216339
0.0322878
0.0240177
0.0249907
0.0203668
0.021641
0.0209162
0.392372
0.385122
0.0229159
0.0206234
0.0197878
0.0214873
0.0205599
0.0195925
0.345769
0.142334
0.0203509
0.0227914
0.0226383
0.116794
0.0438608
0.0261356
0.274331
0.0480629
0.0203165
0.389438
0.0254573
0.0222553
0.0378434
0.23831
0.0203195
0.0195821
0.0198467
0.0207271
0.0215064
0.0203002
0.0229286
0.174433
0.0199822
0.253575
0.0215233
0.0459158
0.0209882
0.0698281
0.0198478
0.0377445
0.241032
0.0218133
0.0214563
0.157271
0.0206741
2.34014
0.169915
0.0215535
0.0226071
0.334445
0.0223768
0.0277117
0.39181
0.0206289
0.39097
0.194183
0.0213584
0.0214086
0.0216385
0.0202976
0.551562
0.0214479
0.020302
0.0301605
0.0232241
0.328535
0.425035
0.0203028
0.0231627
0.0206193
0.434219
1.41516
0.02633
0.0213974
0.210396
0.0208123
0.0214557
0.0199677
0.0224268
0.0205301
0.02567
0.0199971
0.0219444
0.379158
0.029521
0.0293719
0.0200049
0.372492
0.0578873
0.0398561
0.0210491
0.019982
0.383425
0.394079
0.0220573
0.020763
0.020279
0.205078
0.0213156
0.028942
0.0204994
0.0206691
0.021339
0.460184
0.0206951
0.0203487
0.289343
0.154952
0.0363016
0.0535358
0.0204415
0.338914
0.349349
0.0209097
0.0227891
0.757995
0.0299243
0.0931462
0.0206743
0.285569
0.0209447
0.023214
0.302189
0.0207984
0.0201771
0.021027
0.0197178
0.173266
0.0203445
0.0759279
0.0203119
0.0202855
0.333865
0.0946108
0.388279
0.0208645
0.0203567
0.0216077
0.0204614
0.36014
0.021165
0.230766
0.0203301
0.0208475
0.0863903
0.387228
0.0285885
0.0236979
0.0206029
0.0205221
0.456576
0.021988
0.0214026
0.0204592
0.0219165
0.0213718
0.443191
0.120841
0.383512
0.0207687
0.0215344
0.372721
0.0214133
0.0233783
0.021379
0.0205238
0.0204344
0.316632
0.030471
0.0204375
0.020349
0.0209731
0.022483
0.42857
0.0204813
0.0204441
0.0219004
0.311933
0.03759
0.352183
0.652791
0.0388177
0.0209782
0.0205344
1.24204
0.0203326
0.0203295
0.0428864
0.0702542
0.0693257
0.0204633
0.304587
0.0644677
0.0212459
0.0607634
0.235873
0.021379
0.0207623
0.020631
0.0202946
0.0239118
0.459909
0.020585
0.0207181
0.358341
0.0212093
0.0204558
0.0214167
0.0217046
0.135089
0.0593887
0.0212541
0.274047
0.0203034
0.0203211
0.0203053
0.254496
0.0202956
0.0205668
0.0205957
0.0280857
0.019688
0.020401
0.0203671
0.020177
0.0203741
0.0213956
0.0209769
0.0213942
0.273069
0.114201
0.255605
0.0215884
0.0204633
0.227548
0.0250809
0.557397
0.0202107
0.488568
0.186837
0.0237528
0.019703
0.0206008
0.459413
0.248391
0.176007
0.0210264
0.0204007
0.0698729
0.0210185
0.0220691
0.324598
0.0204217
0.042298
0.0207332
0.0196743
0.0228996
0.0203336
0.385007
0.0232621
0.0227367
0.246454
0.179425
0.0214039
0.020642
0.024412
0.0210673
0.0225487
0.0201956
0.0261606
0.204265
0.335057
0.0213229
0.0222187
0.117413
0.0206774
0.0204809
0.0236555
1.09113
0.0212054
0.02372
0.125107
0.0242996
0.0206022
0.154342
0.299719
0.0216693
0.0206911
0.133549
0.0214667
0.101326
0.0897954
0.0208735
0.457755
0.0204178
0.0208769
0.329201
0.0214116
0.311982
0.0206362
0.0210805
0.0238396
0.0213337
0.123556
0.0206443
0.0210602
0.0203821
0.0208897
0.279002
0.21341
0.435441
0.0227751
0.142922
0.498981
0.0208194
0.291879
0.028075
0.451363
0.16473
0.020653
0.340242
0.335242
0.0212042
0.0355846
0.0207819
0.0700451
0.0201747
0.458731
0.199932
0.0212141
0.0401153
0.0207201
0.0213875
0.0486563
0.0204099
0.0593957
0.0339591
0.0204007
0.0202037
0.0210099
0.390764
0.0207326
0.020449
0.246048
0.0225895
0.0202804
0.0202706
0.571338
0.567702
0.0214315
0.378152
0.459771
0.0198472
0.0204987
0.0204238
0.0206915
0.439106
0.571322
0.259076
0.0279539
0.0226633
0.0205168
0.0217408
0.0213791
0.0208704
0.0211299
0.0213964
0.0249337
0.449951
0.236498
0.02545
0.0208922
0.0918329
0.0203824
0.562021
0.182412
0.247218
0.0202389
0.418402
0.152152
0.0205705
0.106533
0.0204017
0.0211469
0.0211136
0.198221
0.132072
0.275523
0.0244523
0.568474
0.0234827
0.0204578
0.0202619
0.0214758
0.0220762
0.0298821
1.68222
0.033524
0.0203988
0.0204917
0.024753
0.383283
0.0210668
0.577405
0.502462
0.531595
0.27803
0.0208047
0.0203305
0.089098
0.0209108
0.0219231
0.0249571
0.363577
0.020812
0.0212197
0.0213256
0.366349
0.0205428
0.0213054
0.020303
0.36382
0.0207207
0.019606
1.34208
0.022435
0.0211792
0.0207649
0.0218613
0.0207009
0.021656
0.0214858
0.0201837
2.37966
0.0546946
0.0202897
0.258609
0.0246935
0.0205178
0.0232722
0.16534
0.0217106
0.511911
0.0202134
0.0210943
0.0215558
0.495876
0.020377
0.020822
0.030112
1.22853
0.16968
0.0208793
0.572486
0.0249648
0.54179
0.0220617
0.0205042
0.0202627
0.0599937
0.118404
0.317721
0.0203398
0.0225041
2.25157
0.0198241
0.186194
0.0205081
0.020178
0.152918
0.0206453
0.023317
0.339447
0.0212702
0.967615
1.5983
0.0202632
0.170388
0.0251931
0.16149
0.0421431
0.260915
0.0243392
0.023641
1.55941
0.02135
0.0213646
0.0436369
1.25269
0.0205658
0.515688
0.642938
0.02731
0.0269043
0.0211233
0.0240686
0.0205795
0.230009
0.268612
0.178968
0.0208519
0.027111
0.0203179
0.0471659
0.0206104
0.0203912
0.0210428
0.0207979
0.0304861
0.18021
0.139491
0.0205703
0.0203665
0.0234162
0.0205053
0.0205723
0.570993
0.020836
0.0205089
0.0197371
0.0209038
0.0245214
0.271309
0.0393043
0.020832
0.0204435
0.0238142
0.225483
0.0209773
0.0202695
0.123511
0.0207048
0.0242494
0.554638
0.0214032
0.5766
0.122368
0.0206147
0.0212802
0.024529
0.25218
0.0222291
0.557596
0.0204219
0.0271488
0.0256629
0.0208445
0.0214219
0.0227625
0.188386
0.0226115
0.0205321
0.212813
0.0209403
0.0233801
0.525277
0.0214822
0.0204318
0.0217665
0.214943
0.0205542
0.062367
0.0205058
0.0205342
0.0205047
0.0206484
0.0205529
0.0221905
0.573192
0.0699722
0.152599
0.0218745
0.0211705
0.0216582
0.0852127
0.199916
0.0209078
1.04399
0.144982
0.0208736
0.0221797
0.0291567
0.0223083
0.427397
0.35914
0.019846
0.0205927
0.0472686
0.0282841
0.0212855
0.0251676
0.491399
1.34416
0.249356
0.0203823
0.022263
0.0206139
0.543448
0.0203179
0.0204882
0.0412492
0.27534
0.0209381
0.037615
0.020453
0.0213107
0.02036
0.0207383
0.0204118
0.0244682
0.0207238
0.370383
0.533235
0.020663
0.0206438
0.0318786
0.228766
0.0212889
0.0306363
0.021977
0.0216862
0.027191
0.0202746
0.0202978
0.0990955
0.0219663
0.0255398
0.696605
0.0236853
0.0211477
0.0222028
0.0207068
0.0213046
0.0212709
0.344635
0.0227547
0.0350199
0.0247489
0.560921
0.0932642
0.0491887
0.552101
0.0208943
0.0206652
0.0206323
0.676207
0.0212941
0.0202548
0.021305
0.0198644
0.0201885
0.0207123
0.576952
0.0220681
0.172701
0.0208899
0.190685
0.0586162
0.0206439
0.0206661
0.749959
0.40627
0.0544193
0.0297858
1.5666
0.0322842
0.273596
0.0205993
0.580134
0.0203615
0.114722
0.0207441
0.0214529
0.020615
0.0237258
0.0205176
0.172975
0.0263747
0.0206573
0.953519
0.0210132
0.0212963
0.0314427
0.10016
0.0213469
0.0217783
0.0208069
0.0840999
0.104815
0.0206558
0.0226338
0.02167
0.0239996
0.565203
0.0204551
0.342626
0.585999
0.0195767
0.0260268
0.348144
0.0212891
0.0203168
0.0224827
0.0218907
0.021158
0.0204412
0.0220117
0.211538
0.0588265
0.0207762
0.0264569
0.0210502
0.0205413
0.576535
0.0212633
0.0202815
0.0217331
0.264099
0.745846
0.0412736
0.0195854
0.222548
0.0721375
0.0207478
0.103717
0.0204801
0.17017
0.041112
0.0202949
0.147715
0.0229675
0.0209346
0.0203245
0.0207039
0.0204945
1.28158
0.115316
0.0206887
0.0231119
0.0211415
0.0239313
0.0221744
0.0207196
0.0206364
0.022624
0.330576
0.0212861
0.370921
0.0202679
0.0633017
0.0211135
0.424397
0.194459
0.022273
0.0210653
0.0204825
0.0207743
0.0266783
0.0207209
0.280081
0.0215157
0.0213724
0.0224586
0.0203165
0.0208095
0.0231176
0.0211758
0.0197737
0.0232305
0.247268
0.0207066
0.02093
0.0208449
0.0928142
0.0361474
0.0211751
0.248825
0.0205227
0.0430935
0.0230736
0.0582212
0.0203511
0.0909662
0.0418335
0.0206567
0.0206019
0.289337
1.06735
0.0206548
0.0253898
0.0203319
0.021298
0.26661
0.0336787
0.0210837
0.020658
0.0212904
0.0296712
0.781888
0.0222451
0.0207949
0.107144
0.0197244
0.291097
0.0206553
0.189907
0.0208436
0.549651
0.0204839
0.0203678
0.0202026
0.0213415
0.310953
0.441846
0.0210425
0.0202965
0.0208745
0.110872
0.0198874
0.0210788
0.0208494
0.232108
0.0212188
0.0211137
0.0208028
0.0205545
0.021193
0.0658337
0.0244931
0.0205561
0.0208855
0.0205193
0.0212783
0.0225428
0.0225683
0.0211455
0.273573
0.52119
0.04682
0.0223395
0.0205969
1.43468
0.278569
0.021063
0.0213406
0.0216599
0.0483224
0.021647
0.578708
0.0205309
0.0211927
0.146995
0.0213203
0.020889
0.0458397
0.0210923
0.282106
0.0207012
0.0211478
0.656553
0.231604
0.0253952
0.0358193
0.542139
0.0211161
0.020526
0.023407
0.0230676
0.0221244
0.0215067
0.0208237
0.0208387
0.0211298
0.0208036
0.0787196
0.0223477
0.0208879
0.021417
0.0304966
0.431264
0.337667
0.112355
0.0278649
0.267957
0.397568
0.0209161
0.0204168
0.0214491
0.212659
0.0213012
0.0208251
0.0207602
0.245584
0.461569
0.0202756
0.0244926
0.0199889
0.0214465
0.0208675
0.0208999
0.0223979
0.0210657
0.0225286
0.249472
0.0213114
0.0630222
1.01734
0.0197398
0.0210695
0.020953
0.022325
0.0211138
0.177281
0.020302
0.0238465
0.0208916
0.0199189
0.262959
0.281285
0.247644
0.0208577
0.0296486
0.0209904
0.0213359
0.0202585
0.0198903
0.0205212
0.0213158
0.0348459
0.0208372
0.541182
0.0211301
0.0213843
0.0208529
0.557956
0.204803
0.0437821
0.0250127
0.02134
0.0208677
0.0211632
0.0234436
0.578547
0.0199256
0.0216046
0.666429
0.773532
0.0210271
0.02133
0.0204991
0.552256
0.0205116
0.0228276
0.0198723
0.0210952
0.0210375
0.0204211
0.0233975
0.0210307
0.553754
0.0214783
1.15569
0.32617
0.549304
0.552399
0.0207095
0.0205481
0.0254909
0.0252718
0.0206388
0.84234
0.0204025
0.0247816
0.0520047
0.65071
0.0204936
1.08694
0.0205151
0.0217383
0.0219182
0.0249547
0.0220501
0.0208921
0.0360958
0.020748
0.0210149
0.021349
0.452856
0.0209494
0.518503
0.0214955
0.577356
0.0202623
0.0212199
0.0210261
0.0209285
0.0206564
0.0206396
0.032113
0.33971
0.120457
0.0287574
0.727079
0.0211169
0.664269
0.0211984
0.0263537
0.0204364
0.0242496
0.0328599
0.021209
0.0202903
0.0214645
0.0212141
0.0204191
0.269029
0.0217636
0.552691
0.0230364
0.93285
0.021708
0.024392
0.0211688
0.0205513
0.02071
0.0209624
0.0224207
1.27021
0.0208811
0.0214521
0.0742428
0.0213015
0.0212114
0.535512
0.0206548
0.0215593
0.32891
0.606419
0.0210614
0.0508337
0.509629
0.449898
0.0209481
0.0211733
0.0209697
0.0212042
0.592701
0.0211033
0.020447
0.0212827
0.0409689
0.0214309
0.0223991
0.0215589
0.0207907
0.0209676
0.0213521
0.0225685
0.597131
0.0261429
0.0198661
0.0319949
0.0241556
0.364745
0.0208529
0.025194
0.0210998
0.0208523
0.358616
0.0229351
0.0212308
0.0395159
0.02045
0.0208582
0.867638
0.0212286
0.0233242
0.0215724
0.0205362
0.260583
0.0231774
0.0212928
0.606532
0.344653
0.0212692
0.0218934
0.0212711
0.020948
0.0199737
0.0206762
0.286155
0.254125
0.0365107
0.0212502
0.0211966
0.032539
0.0682623
0.520358
0.0230431
0.28296
0.757622
0.0224716
0.0236735
0.0238561
0.0644644
0.0372759
0.0216555
0.0216598
0.0202925
0.0210948
0.526706
0.344514
0.0200255
0.116622
0.0208718
0.0213941
0.032042
0.0213397
0.021808
0.0203947
0.0211274
0.501422
0.0267391
0.0219913
0.0205027
0.0202896
0.428275
0.345802
0.0265311
0.25902
0.0212435
0.11767
0.0352242
0.0206733
0.202638
0.023753
0.0212043
0.0195961
1.18811
1.70014
0.0275927
0.100032
0.284727
0.0232057
0.0205038
0.0220006
0.0212574
1.17888
1.04893
0.0217789
0.0202401
0.0408056
0.54065
0.0245106
0.765746
0.0204299
0.0217594
0.528687
0.0212875
0.0458499
0.0214371
0.287175
0.0315118
0.0274739
0.0198999
0.0204601
0.669694
0.0206631
0.579525
0.0213938
0.0214077
0.021146
0.54116
0.063169
0.0451098
0.721632
0.29453
0.020469
0.0237448
0.023762
0.0209157
0.562261
0.765553
0.022645
0.0202372
0.0754775
0.241074
0.0253302
2.04831
0.021522
0.247283
0.716597
0.0206449
0.113059
0.021252
0.0210438
0.0211367
0.0206557
0.0227464
0.24185
0.022648
0.0202675
0.0278851
0.0212986
0.020408
0.128839
0.0206392
0.0239092
0.0210214
0.322041
0.0212752
0.0210833
0.0203308
0.0979161
0.439897
0.0830797
0.0211327
0.770243
0.336531
0.0209501
0.0208347
0.021107
0.0776471
0.0226368
0.700986
0.024087
0.0426611
0.021412
0.611836
0.0265941
0.025674
0.0213598
0.0222449
0.0210458
0.0208555
0.0211894
0.0204563
0.0825173
0.0202728
0.0203647
0.0212095
0.0215152
1.13992
0.0211079
0.021242
0.574389
0.0211826
0.0243419
0.0211561
0.0206873
0.283415
0.0208713
0.0208376
0.0224547
0.250764
0.0221746
0.0210823
0.0211167
0.634899
1.52215
0.284517
0.0211731
0.0212348
0.0198598
0.0222371
0.0226885
0.734938
0.0212374
0.0211101
0.0227207
0.021324
0.747615
0.0211624
0.286707
0.024791
0.0317748
0.0268495
0.116961
0.0201876
0.0379752
0.0543166
0.0213719
1.27019
0.266408
0.0514827
1.09456
0.0285386
0.324815
2.38805
0.0205376
1.37433
0.0212411
0.0205147
0.01992
1.52242
0.0211363
0.0206777
0.021145
0.021152
0.0214842
0.533515
1.48014
0.0208553
0.019585
0.0211836
0.0213089
0.0220941
0.0219761
0.0213798
0.554087
0.0223716
0.0435082
0.0211338
0.0211717
0.0212281
0.0213487
0.0227351
0.0535776
0.0211879
0.0215697
0.0214915
0.0224022
1.22996
0.0231036
0.0201182
0.0230098
0.235329
0.158657
0.021185
0.0582293
0.0222968
0.0211291
0.742845
3.72922
0.0211656
0.0213578
0.0209556
0.0204726
0.148632
0.246006
0.0216454
0.251479
0.0221608
0.0491002
0.505853
0.0214038
0.02195
0.0199492
0.0205422
1.49706
0.101279
0.0212662
0.0202832
0.335247
0.837233
0.0212206
0.021174
0.0244412
0.0266126
0.0212803
0.0214216
0.0221481
0.0213784
0.0204222
0.0212897
0.0212921
0.0282315
0.0200963
0.0196864
0.0217005
0.0198853
0.0585097
0.0223669
0.0292289
0.0256582
0.020236
1.03923
0.856707
0.0213298
0.0365265
0.0211592
0.0374731
0.0203535
0.0213523
0.237279
0.0291075
0.0207028
0.0211841
0.652957
0.0214727
0.0282997
0.0205651
0.0213743
0.0212183
0.0219587
0.0205989
0.0226025
0.0208557
0.621361
0.0205665
0.0213879
0.0254184
0.0211912
0.324934
0.0212932
0.103572
0.0270722
1.24422
0.514943
0.021465
0.0211265
0.0218538
0.985667
0.021398
0.0212048
0.0206255
0.278824
0.0206873
0.241895
0.0212734
1.14433
0.0212316
0.289732
0.0202482
0.0215828
0.0220226
0.289361
0.0325411
0.0211341
0.0221387
0.368108
0.0217952
0.0626576
0.0211453
0.0208434
0.0353138
1.11562
2.91162
0.0206985
0.0434353
0.0198289
0.0213784
1.33606
0.0222088
0.248998
0.0213095
0.0203667
0.0204617
0.0212399
0.66855
1.52188
0.0212068
0.0224143
0.0203488
0.0200352
0.0207183
0.0228777
0.0229093
0.0204127
0.0637444
0.0511142
0.0236885
0.0231454
0.244033
0.91563
0.242374
0.0262108
0.0231868
0.0208779
1.42875
1.09545
0.0231454
0.0212257
0.033339
0.021397
0.0208373
0.717898
0.223768
0.0235064
0.0207088
0.0207134
0.0938075
0.0219132
0.0293847
0.027257
1.07349
0.0211238
0.0207645
0.021264
0.281493
0.142413
0.0237611
0.0211348
0.0346119
0.319521
0.021496
0.0530563
0.0226467
0.0315454
0.0209208
0.0212238
0.0782675
0.0206116
0.0212256
0.0212218
1.08117
0.584428
0.021243
0.0205774
0.265356
0.0278545
0.0202495
0.023888
1.11768
0.0497997
0.0242042
0.0208685
0.0204781
0.0209488
0.630886
0.243122
0.0452739
0.0215487
0.0235769
0.0363786
0.0212629
0.0213907
0.032079
0.402158
0.0532773
0.0212859
1.07726
0.0303918
0.033925
0.0214083
0.0979591
0.0213358
0.0344071
0.654021
0.0218672
0.0278353
0.0365697
0.0208807
0.272274
0.0212622
0.0323667
0.0229094
0.0232044
0.278609
1.50024
0.0243556
0.0214238
1.43421
0.226649
0.0215049
0.0214167
0.0211169
0.0206326
0.0356578
0.0235199
0.0220312
0.0242163
0.239373
0.0211249
0.0234723
0.0248192
0.0208421
0.0458397
0.0204719
0.024317
0.765695
0.0197642
0.022339
0.760831
0.020335
0.0305559
0.61896
0.0336015
0.0271101
0.651105
0.0386592
0.0347109
0.0206918
0.0246969
3.36268
0.0203736
0.326226
0.0435627
0.0207298
0.0347587
0.0212072
1.24161
0.0209056
0.0424166
0.481681
0.0513025
0.0202415
0.0206018
0.0198536
0.0252067
0.649584
0.0238903
0.0227507
0.0361594
0.0211973
0.0216582
0.758429
0.0544399
0.0625307
0.0259432
0.0213564
0.634377
0.0213742
0.0418846
0.0212881
0.0212973
0.0213226
0.0211069
0.712844
0.290208
0.0211683
0.0217017
0.0212996
0.24558
0.0391479
0.020444
0.0265189
0.0228758
0.0208915
0.161357
0.023622
0.0204733
0.354246
1.06748
0.0243137
0.0210554
0.305962
0.0206336
0.0246115
0.0211198
0.0213102
0.0213405
0.0312297
0.0211347
0.0209043
0.0214455
0.0213782
0.0252556
0.0227314
0.375724
0.0470199
0.0196654
0.323945
1.15644
0.24185
0.0258937
0.0198076
0.236401
0.0212814
0.0431252
0.0210914
0.162187
0.0227326
0.0217024
0.0232369
0.142595
0.101825
0.0224843
0.292004
0.708693
0.489683
0.0215284
0.0214581
0.235455
1.26661
0.0213626
0.021136
0.0213403
0.0214516
0.0203562
1.51993
0.448884
0.0333419
0.0212882
0.0198265
0.0212746
0.170943
0.0223354
0.0204521
0.0373657
0.0213885
0.0211411
0.345096
0.0213846
0.0205833
0.0224092
0.603264
0.152227
0.0222142
0.0211833
0.359038
0.0204571
0.0233788
0.417173
1.06281
0.0214085
0.0204325
1.0943
0.0222973
0.353672
0.0587318
0.0245449
0.0203411
0.020349
0.0213231
0.0220826
0.0272585
0.0643737
0.0504471
0.0272028
0.02753
0.0278505
1.15193
0.0208726
1.01551
0.0260373
0.0208758
0.0197257
0.0197572
0.0212983
0.026255
0.0251132
0.0240683
0.028008
0.0214068
0.0226649
0.025439
0.0209401
0.0235929
0.0207898
0.0203834
1.11637
0.0418706
0.0219063
0.0207914
0.658833
0.0714445
0.0267685
0.0197816
0.021655
0.0304585
0.021156
0.02899
0.0397509
0.042881
0.0214335
0.019743
0.323837
0.0215268
0.0225218
0.0288078
0.0222518
1.78164
0.0216307
1.00823
0.0204337
0.151124
0.0211762
0.0211984
0.0213361
0.0214354
0.030551
0.0221356
1.38815
0.0214449
0.0211213
0.0213473
0.083469
1.32807
0.0213251
0.0213745
0.0272164
0.0212039
0.0215735
0.0214357
1.11022
0.0220685
0.0211871
0.0213978
0.0285384
0.0218796
0.0213118
0.0213551
0.0212154
0.0203434
0.0280779
0.0213604
0.722342
0.0214112
0.0452414
0.246136
0.249427
0.0203345
0.0214956
0.0211266
0.0207392
0.0224249
0.161558
0.0213554
0.0213288
0.0210741
0.0212687
0.0208856
0.294219
0.0202278
0.0363194
0.0868491
1.91368
0.0213414
0.0203237
0.249378
0.0292494
0.0198065
0.109132
0.268871
0.0405274
0.0213449
0.431526
0.0222538
0.332778
0.0214899
0.0248744
0.0331789
0.383187
0.0239295
0.0248327
0.0211761
0.0291272
0.0225339
0.0210154
1.2754
0.895438
1.91426
0.559343
0.0213542
0.0220817
0.0202072
0.021162
0.0197804
0.0222
0.566775
0.0420372
0.0217567
0.0206233
1.70409
0.02248
0.0213742
0.0222913
0.021277
0.292362
0.0214344
0.233533
0.395249
0.0213132
0.115634
0.340318
0.0207312
0.0204562
3.06889
0.0223105
0.0227662
0.0213044
0.0233
0.0249857
0.0242312
0.0213548
0.0215992
0.0216041
0.0479809
0.301788
0.0205327
0.0210455
0.0206551
0.0197393
0.0340561
0.233093
0.0216933
0.021407
0.0767158
0.348817
0.0197444
0.0224177
0.0215926
0.0213533
1.39758
0.0203338
0.0242532
0.0297988
0.0208016
0.0213295
0.0197254
0.959028
0.170127
0.0313274
0.13332
0.097932
0.0313478
2.0362
0.0205893
0.0213561
0.019739
1.24404
0.0302278
0.510765
0.208652
1.9318
0.0219294
0.0749238
0.0203573
0.0214477
0.0365069
0.121856
0.0211727
0.0222217
0.200682
0.0222111
0.0215306
0.0380036
0.02139
0.0336501
0.0240972
0.0212854
0.021606
0.0232463
0.0210747
0.0214361
0.0197817
0.0989488
0.119093
0.0210939
0.349388
0.0220134
1.20455
0.0217783
1.11557
0.0239824
0.104609
0.021421
0.0345493
0.0213962
1.19454
0.0212949
0.0211942
0.021304
0.0224132
0.0204523
0.02134
0.0252434
0.571468
0.0214678
0.0213885
0.0212374
0.601227
0.429306
0.0214265
0.0214006
0.0237982
0.0220868
0.0216658
0.54398
0.0255311
0.0304883
0.197554
0.0228826
0.0210565
1.44007
0.0197223
0.337202
0.36097
0.192758
0.0207351
0.0231401
0.0740637
0.0207821
0.025591
0.0212759
0.0216899
0.0215798
1.66412
0.021291
0.0202346
0.0212458
0.0212105
1.39264
0.0265341
0.0200627
0.0197152
0.0267739
0.0206006
0.0241411
0.550101
0.314258
0.0197634
0.549387
0.0219771
0.0204669
0.0225809
0.02804
0.0225443
0.0202183
0.0218693
0.808871
0.0202329
1.57487
0.0200137
0.0215022
0.0211929
0.0216668
0.358669
0.0213899
0.0206219
0.0219879
0.0216131
0.0219556
0.89909
0.0212052
0.362304
0.0815502
0.0246669
0.0204575
0.336016
0.0223173
0.0213025
0.0242598
0.0222952
0.0212687
0.0212828
0.0204353
1.71438
0.0246596
0.846484
0.315718
0.0214884
0.0237077
0.313818
1.75972
0.0211093
0.0196301
1.36223
1.57202
0.0508983
0.0197007
0.0211889
0.0215367
0.0213079
0.0227184
0.105467
0.0200162
0.0203859
0.0212766
0.0199026
0.0755109
0.0231747
0.0212047
1.493
0.541228
0.0211749
0.0207422
0.0244626
0.0871171
0.0207535
0.0204417
3.08796
0.251627
0.228848
0.020219
0.0197408
0.0211847
0.0278404
0.0534907
0.36567
0.0204362
1.54215
0.0213185
0.0213344
0.0201425
1.15062
0.0536764
0.0216772
1.79133
0.0488623
0.0766309
0.0816584
1.60965
0.0216012
0.1191
0.031576
0.020436
0.0216348
0.0215659
0.266542
1.97009
3.25613
0.0209416
0.21748
1.95913
1.39955
0.0213732
0.0214808
2.24792
0.0448755
0.0573723
0.0214374
1.77031
0.0207999
0.0212578
0.0210099
0.0202386
0.0207342
1.99505
0.0343312
0.0212211
0.021208
0.0509072
0.0217408
0.0215684
0.0236005
0.0203716
0.0226921
3.62572
0.0214365
0.533045
0.0212572
1.53537
0.0212387
0.020488
0.354131
0.0813336
0.289981
0.164237
0.266738
0.0265468
0.0213081
0.242576
0.0213678
0.21035
0.0202902
0.0211221
0.0218872
0.0212967
0.0211671
0.204374
0.0225042
0.0204517
0.229943
1.24693
0.0195571
0.0195741
0.0473467
0.0198878
1.83812
0.604686
0.0213779
0.149816
0.0216557
0.0217721
0.0213877
0.0213704
0.491929
0.021346
0.0231797
0.0245883
0.0220921
0.0226025
0.0211911
0.0212469
0.0211025
0.0216075
0.302754
0.0216135
0.0214278
0.473683
0.0212446
0.170152
0.201705
0.24309
0.0231135
0.268393
0.0292476
0.229779
0.020721
0.608
1.07176
0.257388
0.0203095
0.0621502
0.0330866
0.0270505
0.213872
0.0213872
0.0217141
0.0213384
0.0342246
0.244444
0.048694
0.0286787
0.0202191
0.232195
0.0213103
1.99294
0.0224649
0.0284145
0.0215961
0.20657
0.0213149
0.0812564
0.0197838
0.0220878
0.078174
0.160176
0.0215666
0.101119
0.0209784
0.157677
0.242527
0.0538924
0.0328525
0.0213184
0.356586
0.0298884
0.0494124
0.0300975
0.0207606
0.0203408
0.0209529
0.222922
0.0214168
0.127317
0.0214655
0.0203148
0.0208324
0.0227519
0.0205717
0.169233
0.350749
0.353373
0.0205087
0.0216735
0.0342419
0.0213574
0.0216167
0.147415
1.55336
0.176899
0.0214104
0.0609165
0.0326571
0.0412921
0.0448396
0.0209717
0.0215064
0.0213795
1.67059
0.232432
0.0214266
0.0219238
0.0214199
0.0205793
0.023914
0.477457
0.0498054
1.71706
0.0214275
0.61534
0.0458029
0.761964
0.0422146
0.0391635
0.262299
0.0207753
0.0237502
0.0275556
0.643139
0.0213715
0.0221482
0.12505
0.0528049
0.212295
0.045762
0.219548
0.0210564
0.323561
0.0570651
0.0273998
0.0213016
0.0276683
0.0213266
0.0269811
0.0383336
0.0294756
3.02445
0.01979
0.0225951
0.0211875
0.0424117
0.0422511
0.022058
0.142596
0.266099
3.41181
0.0635621
0.0236458
0.0213595
0.0197015
0.0211833
0.0288693
0.0836174
0.0214224
0.0236953
0.0261271
0.0214549
0.0221102
0.0761662
0.0228906
0.0310667
0.0498136
0.216441
0.32369
0.200915
0.0205757
0.472347
0.0255075
0.0266976
0.0223564
2.47578
0.0533702
0.559925
0.0986024
0.803032
0.642701
1.48888
0.0324424
0.0493365
0.02134
0.0216073
0.0205994
0.0243858
0.0204553
0.0452671
0.0216291
0.0417867
0.0463258
0.0207541
0.228266
0.0213874
0.021237
0.0648442
0.360036
0.0455873
1.51376
0.411917
0.0213647
0.0214381
0.109734
0.0212371
0.209845
0.0235517
0.0203365
0.0219713
3.57906
0.123732
0.0229095
0.0205028
0.370329
0.0216435
0.394361
0.214246
0.020456
0.0197433
0.0211652
0.0211867
0.0228711
0.0207955
0.0214264
0.0697479
0.0579841
0.0202685
0.0201878
0.0197628
0.126404
0.0201092
0.0205648
0.0212522
0.0438366
0.0212117
2.47426
0.0271342
0.0220869
0.0221272
0.367692
0.0750707
0.0774006
0.0224826
0.235313
1.55181
0.0210616
0.0196516
0.026367
1.53138
0.0595962
0.023623
1.1742
0.0793718
0.020809
1.0221
0.227838
0.0196654
0.0223483
0.102181
3.36753
0.0216998
0.0210886
0.0218613
0.216902
0.0220776
0.0209852
0.0211796
0.021441
0.059821
0.138128
0.0230235
0.0220672
0.02036
3.10946
0.0208729
0.0224148
0.0220848
0.0235635
0.0671136
0.0196535
0.0223577
0.123745
0.0232087
0.0210086
0.335589
0.0212528
0.508113
0.58175
0.0363969
0.0222054
0.0208016
0.304999
0.0212266
0.0227963
0.0213593
0.636445
0.486807
0.021442
0.0234977
0.520456
0.213982
0.708536
0.286217
0.0231966
0.0209985
2.54907
0.0212708
0.055129
0.0214646
0.0202328
0.0220368
1.24429
0.0213067
0.0229048
0.0198032
0.0199075
0.373423
0.0212721
0.0208259
0.0214557
0.0210688
0.0217569
1.22992
0.0216828
0.0207461
2.0529
0.577711
0.366327
3.28168
0.0211556
0.0205394
0.0305062
1.40683
0.27253
0.0202048
0.0312927
0.0214219
0.0771375
0.224905
0.0224324
0.0216253
0.0239338
2.98074
0.0215246
0.412154
0.0207024
0.0253581
0.0434403
1.29925
0.196892
0.0207534
0.0203267
0.0964152
0.0196946
0.0218661
0.0202985
0.52929
0.0210388
1.41342
0.0701381
0.0292978
0.0197242
0.0218008
2.23686
0.202663
0.020608
0.0255645
0.0204704
0.223365
0.0209895
1.22078
0.0211931
0.0213117
2.10316
0.0213709
0.0211926
0.0208919
0.519414
0.0225814
0.0199911
0.0248513
0.0234007
0.0202541
1.40274
0.460304
1.53729
0.0209895
0.021223
0.0210834
0.123084
0.019763
0.0212371
0.0235145
1.5434
0.464457
0.0205819
0.590559
0.0221805
0.140141
0.0575565
0.110726
0.0227338
0.0228891
0.0214683
0.569713
0.0211438
0.830233
0.211138
1.27113
0.0905682
0.0198583
1.41221
0.021167
0.0212678
0.0210936
0.0298953
0.0364794
0.0239031
0.0212655
0.0200473
1.32581
0.0212636
0.312363
0.589063
0.954444
0.0212971
0.136715
0.0198767
0.0205743
0.22295
0.0232863
0.0212856
0.0211738
1.21508
0.0885854
0.548567
0.2155
0.031303
1.36076
0.381412
0.214641
0.0242035
0.0213419
0.0211982
0.0206129
0.0209469
0.0200477
0.0229646
0.0230114
0.198382
0.0216583
1.018
0.0208237
1.82682
1.52736
0.182274
0.0217985
0.387123
0.0200481
0.0197223
0.0214037
0.239071
0.220251
1.31866
0.0203711
0.0196452
0.0211818
0.0227014
0.0208836
0.0247839
0.38751
0.101654
0.0233219
0.0214272
0.0204177
0.583441
0.0932016
0.0216149
0.0267643
0.0490937
0.0242452
0.020786
0.0211989
0.44086
0.0227094
0.0225377
0.382643
1.39212
0.0207716
0.575549
0.0208323
0.795958
0.0200321
0.020749
0.0196043
0.0267143
0.0200232
1.78135
0.861443
0.0451407
0.0215226
0.0215099
0.048946
0.0211755
0.0203442
0.0212756
0.20955
0.0360326
0.0229416
0.0225034
0.0297107
0.026967
0.0364149
0.0205742
0.500333
2.17195
0.0218356
1.1459
0.0415305
0.0219912
0.250285
0.0197702
0.0247901
0.128455
0.0223131
0.0223236
3.44825
0.0209647
0.0202839
0.0214816
1.11254
0.0211277
0.0215321
0.0237762
0.215491
0.037497
3.23247
0.0325639
0.0212646
0.0225231
0.0200128
0.0212246
0.0225981
0.0209656
0.0216477
1.91693
0.021186
0.15214
0.0238649
0.0683476
0.0216169
0.0200575
0.0207725
0.0248254
0.0214084
0.143997
0.0227663
0.0224706
0.288979
0.182775
0.0643393
0.0211734
0.0365458
0.0211666
0.0220023
0.019755
0.0205743
0.022533
0.0425111
0.024256
0.228141
0.288226
0.606329
0.0213087
1.63286
0.0930675
0.0200926
0.0208552
0.0196017
3.08086
0.5755
0.0388429
0.964731
0.0225274
0.0216398
0.021341
0.111398
0.0419265
0.578916
0.294861
0.0209431
0.0716475
0.72121
0.0264964
0.0211427
0.0237815
1.57852
0.0215114
0.0292001
0.0208969
0.0235055
0.0205967
2.08613
0.0287945
0.0211036
0.0228109
0.0323733
0.0207466
0.0214135
0.0208451
0.209891
0.0309438
0.0214375
0.0198634
0.0264185
2.99589
0.0222788
0.0275611
0.0199395
0.0204427
0.022822
0.340143
0.0200835
0.0228928
0.0665881
0.0210423
0.536125
0.0209884
0.0210317
0.148937
0.019734
0.0207865
0.0206495
0.0289427
0.155169
0.0224019
0.119445
0.0208576
0.0281552
0.127616
0.0203437
0.210548
0.0239658
0.0201298
0.020882
0.0214009
0.0896691
0.021803
0.0205881
0.0230034
0.0233547
0.021432
0.25377
0.0436799
0.454044
0.0213771
0.0706748
0.0212681
0.21813
0.21439
0.0212974
0.0213892
0.0337573
0.0209794
0.0208187
0.431944
0.019933
0.0215274
0.0223794
0.0239547
1.12685
0.0250117
1.11275
0.486631
0.0234882
0.140963
0.0199042
0.0198968
0.244751
0.0333233
0.0362027
0.021026
0.0212724
0.0209475
0.0231729
0.447618
0.0572274
0.0240892
0.0210023
0.0202337
0.0295851
0.0210604
0.0195543
0.0541366
0.019976
0.0539023
0.0235402
0.0211848
0.529224
0.0240848
0.0230178
0.542716
0.218086
0.0213596
0.0205781
0.0196683
0.0317426
0.0213892
0.397794
0.0207401
0.0219207
0.0211039
0.0215018
0.0286868
0.234156
0.0226618
0.0210828
0.0212938
0.0210885
0.211906
0.0265806
0.0209945
1.27096
0.0207436
0.0203539
0.021034
0.130835
0.0419978
0.0246913
0.306983
0.0230838
0.139155
0.020117
0.0239454
0.0207738
0.385896
0.0212111
0.22914
0.0208885
0.0210935
0.0262176
0.0205927
0.21854
0.0210248
0.0203772
0.250593
0.0212395
0.0214154
0.349539
0.578593
0.0203023
0.235124
0.0202111
0.0692149
0.0223945
0.0258959
1.80118
0.0208204
0.24241
2.27364
0.450956
0.0219658
0.0207147
0.268665
0.0331484
0.0198634
2.78514
0.0216445
0.0213809
0.0212177
0.0202936
0.0243605
0.0207693
0.0212868
0.329731
0.236647
0.0210211
2.02453
3.23609
0.69881
0.0207927
0.0210278
0.210847
0.0212563
0.0212824
0.27583
0.134506
0.0328203
0.0939951
0.0214136
0.0200564
0.121647
0.303537
0.0215706
0.0304032
0.0585708
0.025738
0.224905
0.0449747
0.0208987
0.0203902
0.0199087
0.0210696
0.0249942
0.0215314
0.0698399
0.177423
0.0227052
1.05304
0.0211342
0.0282587
0.200425
0.0218109
0.0203306
0.341461
0.0206408
1.00617
0.0208106
0.0208359
0.0220404
0.0206874
0.0244002
0.0208971
0.0237276
0.035774
0.0502334
0.039056
0.0216442
0.0209687
0.210447
0.0220991
0.0213117
0.0208762
0.500921
0.021172
0.248707
0.0407085
0.0208203
0.0217796
0.0197759
0.0212319
0.0208325
0.217887
0.23769
0.0294855
0.0207321
1.2955
0.0203511
0.0212722
0.0458008
0.0458965
0.163386
0.0799886
0.0209276
0.0209282
0.273234
0.0218126
0.0205993
0.114444
0.248814
0.0214486
0.0298127
0.0220156
0.0212084
0.05506
0.0213884
0.021183
0.520228
0.35081
0.0236522
0.0212524
0.0275025
0.0200279
0.34421
0.0215752
0.0266515
0.118662
0.449677
0.207546
0.0211582
0.0222134
0.0219365
0.0210697
1.37941
0.0218798
0.0285894
0.020865
0.0218077
0.0203207
0.0238187
0.0993611
0.261443
0.0248563
0.0209144
0.0201841
0.194235
0.658366
0.281011
0.0217955
0.0208117
0.525724
0.0217226
0.0211814
0.021341
0.020887
1.53996
0.0236266
0.0210475
0.0603109
0.0199457
0.0215043
0.0202758
0.0207204
0.0297064
0.0211717
0.0205918
0.0210503
0.0212791
2.05585
0.0210019
0.415839
0.0225115
0.0200831
0.0222435
0.0226626
0.332346
0.0266157
0.0208228
0.0974908
0.021004
0.0560101
0.0241546
0.0197815
0.0217998
0.454009
1.57444
0.418701
0.0199756
0.0209482
0.0549295
0.0238129
0.025117
0.241258
0.0205898
0.020083
0.021993
0.0321714
0.0206444
0.0420526
0.0259887
1.15367
0.0221296
0.260531
0.0209033
0.0232767
0.0199833
0.0237111
0.0278493
0.0231577
0.0210426
1.91448
0.030377
0.0198994
0.0211491
0.0207487
0.021674
0.0200916
0.0213714
0.112154
0.191856
0.0212526
0.221884
0.022859
0.0415369
0.0221006
0.209405
0.0203791
0.0212234
0.0200499
0.0387681
0.0281633
0.0212541
0.0198952
0.386011
0.0205912
0.0256384
0.0202235
0.221179
0.385314
0.688887
1.13059
0.321056
0.0214614
0.0238709
0.387571
0.0211345
0.0201568
0.242496
0.0213842
0.0218035
1.54587
0.0224639
0.0224584
0.0212172
0.62639
0.0210419
0.0233796
0.0200586
0.0453218
0.0817309
0.0199178
2.38338
0.1799
0.270294
0.0211135
0.0207294
0.0198023
0.0202061
0.0212902
0.223554
0.0195807
0.0197104
0.0404679
0.0212173
0.0217963
0.0227152
0.0212331
0.361819
0.0729927
0.0213529
0.0196855
0.0204939
0.366042
0.0214111
0.122799
0.0201521
0.0291158
0.0497764
0.0211264
0.0205079
0.0232794
0.0215796
0.0248258
0.0276701
0.0198207
0.537881
1.21526
0.0215265
0.0211653
0.0213072
0.0222121
0.0247429
0.0630965
0.0207153
0.0343268
0.189121
0.021194
0.146537
0.0387347
0.0210124
1.4801
0.0206823
0.0215367
0.0224529
0.102961
0.0212898
0.170451
0.0196726
0.0238289
0.0215589
0.244215
0.0212279
0.0274518
0.0199757
0.0220726
0.0222503
0.0274406
0.0212344
0.0201205
0.0216015
0.0205239
0.0199369
0.154232
0.0547684
0.0224009
0.0270348
0.204324
0.0921303
0.101268
0.0220579
0.0213405
0.0199648
0.0314591
1.18609
0.0210737
0.243657
0.220274
0.0212095
0.0212436
1.44715
0.0210375
0.176707
0.0198613
0.0220748
0.0219488
0.0205547
0.0231881
0.020618
0.218541
0.0196376
0.0224765
0.0243328
0.0216082
0.019853
0.154461
0.0207521
0.0228948
0.0214977
0.0226696
0.0225469
0.0199122
0.0200605
0.203535
0.0218759
0.0199222
1.48707
0.0437772
0.317546
0.19881
0.067095
0.0198958
0.581426
0.0295994
0.10579
0.0200517
0.0232786
0.50299
0.0242842
0.0200066
0.512741
0.0211636
0.0211305
0.162632
0.0203557
0.0238919
0.0221981
0.200209
0.326895
0.242885
0.244382
0.0215303
0.375244
0.0235653
0.108243
0.0212717
0.0198467
0.022432
0.0224965
0.549834
0.0222082
0.0200439
0.0210476
0.045697
0.0207797
0.0224832
0.0211942
0.0468763
0.0223205
0.0218425
0.0300414
0.0217415
0.764428
0.0383523
0.0208039
0.0197373
1.33793
0.10652
0.0212505
0.020262
0.0235199
0.374266
0.0211249
0.225969
0.0210565
0.0946627
0.169286
0.0206242
0.374538
0.0226021
0.0235863
0.0253935
0.0214302
0.0212852
0.0210935
0.404434
0.0207043
1.04802
0.449675
1.18114
0.314977
0.0216463
0.1732
0.0213684
0.104677
0.0198713
0.519709
0.0213691
0.0211553
0.0220579
0.0210711
0.151492
0.0373398
0.0230329
0.0208696
0.0762537
0.583123
0.0222639
0.0226964
0.0212707
0.0215877
0.0208447
0.0231783
0.192158
0.12518
0.0210104
0.0213912
0.0233106
0.213784
0.0241367
0.0210764
0.0206701
0.0202743
0.801915
0.0208499
0.0198014
0.0211433
0.403758
0.579393
0.021622
0.0196229
0.0198369
0.105128
0.0206353
0.0211107
0.0588909
0.0238659
0.0213688
0.0236814
0.446731
0.0207235
0.0285928
0.0213774
0.0277783
0.0238355
0.020867
0.0208757
0.0215475
0.309987
0.0202767
0.0220139
0.0329776
0.0209383
0.231889
0.0214173
0.0212542
0.214708
0.456869
0.0199803
0.0228779
1.13362
0.020357
0.0209625
0.0207789
0.407351
0.0264577
0.0215893
0.662033
0.0212075
0.0215194
0.0212592
0.375865
0.0275225
0.053355
0.343316
1.57342
0.0473362
0.0200233
0.437108
0.021394
0.0215676
0.106695
0.0221059
0.0435296
0.0212918
0.147674
0.0211385
0.0198801
0.0230022
0.0198158
1.06026
0.0214052
0.0209261
0.0215163
0.0214355
0.84829
1.4768
0.0211777
0.0393866
0.0211861
0.387008
0.0225276
0.020953
0.631372
0.0214997
0.0304151
0.214363
0.0212897
0.395568
0.0627617
0.0209758
0.0206985
0.0208821
0.0210984
0.0228981
0.0210721
0.021234
0.0210474
0.0215851
0.0283016
0.0230161
0.58033
0.366705
0.303666
0.0211222
0.0211859
0.0209796
0.0252165
0.0209907
0.0212384
0.110373
0.0514276
0.0200791
0.0415967
0.0225026
0.0214014
0.0243102
0.0211403
0.023029
1.98621
0.380759
0.021354
0.0229391
0.0200366
0.0243542
0.0400532
0.0225245
0.0204464
0.03398
0.0208406
0.0212486
0.0197902
1.53974
0.0215814
0.579038
0.0528248
0.0207861
0.0211044
1.10212
0.0206724
0.0364106
0.0579388
0.0226482
0.0198345
0.0963124
0.0207667
0.387146
0.0206198
0.0211035
0.0213514
0.0212259
0.151573
0.0296537
0.0202616
0.197718
0.0226558
0.0200107
0.0205368
0.0254954
0.0199235
0.0216046
0.0264565
0.0211662
0.02041
0.0196351
0.0221231
0.0228521
0.0202338
0.0258528
0.0249801
0.0279112
0.0209669
0.0540794
0.0224857
0.0225001
0.0226816
0.0207818
0.0211139
0.443954
0.0211069
0.0211032
2.04434
0.0208233
0.0211869
0.0215852
1.23962
0.0198787
0.0207462
0.294846
0.0220093
0.0215646
0.166308
0.116318
0.0201137
0.0215379
0.0781825
0.0210835
0.0202681
1.78882
0.151632
0.158493
0.0208903
0.0204837
0.0210814
0.209761
0.0215559
0.388012
0.0225297
0.022118
0.0210237
0.0198938
0.372282
0.0256547
0.0211182
0.0202466
0.202231
0.0225577
0.198746
0.0235355
0.0202404
0.0213814
0.0233548
0.19179
0.595129
0.0259913
0.0210049
0.0207903
0.554758
0.508512
0.0210853
0.0477854
3.21313
0.0199812
0.0201338
0.0269611
0.205521
0.0262496
0.0216359
0.090103
0.021141
0.021065
0.502284
0.0215615
0.0346334
0.0213596
0.0249991
0.0211282
0.0226503
0.0212199
2.09723
2.64427
0.0210903
0.021924
0.381069
0.0242224
0.0213941
0.020781
0.0207861
0.0206515
0.0505294
0.0203675
0.0967016
0.0238809
0.0207707
0.0251176
0.0209862
1.55119
0.0213658
0.387331
0.0199786
0.0211948
0.0261305
0.0204587
1.78587
0.167782
0.0560877
1.58435
0.124511
0.238757
0.0551299
0.0212379
0.020328
0.0210774
0.0211477
0.0210291
0.0201101
0.238503
0.021126
0.454394
1.41306
0.021217
0.0213739
0.208039
2.09539
0.0215326
0.229051
0.0202987
0.0208048
0.0291318
0.0208999
0.0211399
1.96402
0.0201166
0.0213844
0.519271
0.0210855
1.73889
0.0213708
0.0207903
0.0217079
0.021543
1.32792
0.317955
0.0211704
0.0213653
0.0225399
0.0255042
0.0219422
2.06826
0.034164
0.0209663
0.0228089
0.0211984
1.08302
0.0200631
0.0261517
0.388682
0.0212781
0.0210467
0.384778
0.0314758
0.0202644
0.0208043
0.14318
0.209416
0.0224019
0.0259074
0.0214204
0.0213856
0.0217094
0.021271
0.0212759
0.0231029
1.46697
0.0210634
0.172503
0.0201789
0.0222359
0.215101
0.0831886
0.0208032
0.240005
0.0208858
0.0614716
0.0226848
0.0214095
0.0225019
0.0954281
0.272587
0.0222337
0.0215911
0.0220616
1.00337
0.0213343
0.0288683
0.0207413
0.021724
0.0235489
0.0224415
0.0209321
0.0267734
0.0200175
1.74617
0.0209609
0.251846
0.0207269
0.0211615
0.245945
0.0202775
0.0232181
0.023997
0.206132
0.0201515
1.20948
1.90816
0.386148
0.0213901
1.48597
0.0218716
0.021163
0.578925
0.0835453
0.020032
0.0225057
0.0198609
0.0222453
0.0226905
0.0521967
0.274865
0.0259209
0.0224198
0.272368
0.0219513
0.0280108
0.021364
0.381399
1.50358
0.680739
0.0211034
0.0207895
0.022342
0.0247049
1.29513
0.112292
0.0209089
0.210205
0.021744
0.0212578
3.09552
0.0210835
0.476914
0.441322
0.055177
1.3488
0.349084
0.0215263
0.020059
0.157874
0.04997
0.0214083
0.0219763
0.0196604
0.0206315
0.0211449
0.0212267
0.0207585
0.0218228
0.0204496
0.0210199
0.0211582
0.0205204
0.0202722
0.0201695
2.85283
0.264506
0.516924
0.0373897
0.0213536
0.945856
0.0467465
0.0212606
0.0212586
0.0200289
0.150504
0.0196511
0.0214752
0.0202246
0.021214
0.0211136
0.0219121
0.0203076
0.0520247
1.78316
0.0630926
0.0240853
0.0212275
0.0379246
0.0211592
0.0215382
0.0210619
0.0222379
0.0209338
0.022345
0.0213007
0.0269078
0.55293
0.0410275
0.0435128
0.0202612
0.262977
1.12745
1.26758
0.0209752
0.173844
0.0214283
0.0247159
0.709596
0.0233284
0.0200032
0.3053
0.0490256
0.0218719
0.368099
0.0207177
0.0208677
1.18624
0.0201953
0.0201598
0.248543
0.0207724
0.021363
0.0262306
0.0203191
0.0208329
0.021983
0.516355
0.103426
0.0214852
0.0436644
0.0209154
0.0232978
0.0199701
0.0223537
1.37067
0.0214666
0.0428078
0.022474
0.0343772
0.0214661
0.0206474
0.0212129
0.020649
0.183585
0.0225403
0.0211519
0.0243915
0.389743
0.0213517
0.0204609
0.0260703
0.02423
0.0208013
0.0212498
0.0218674
0.531526
0.0212271
0.0213503
0.0698964
0.0282845
0.0241174
0.0204977
0.202709
0.0200082
0.0205557
0.0208988
0.021361
0.0210331
0.0207321
0.584946
1.50388
0.0224343
0.0276521
0.536927
0.0222981
0.0196809
0.0201685
0.0213909
0.0349717
0.0214781
0.0228562
0.0215591
0.0204871
0.499212
0.0208798
0.0226577
0.0236459
0.937369
0.0209793
0.0217463
0.0282845
0.0218709
0.0200568
0.0199014
0.0329884
0.0225758
0.0201997
0.0216099
0.019909
0.253668
1.50541
0.0228756
0.0215146
0.0225957
0.023703
0.0224633
0.0206318
0.021266
0.0205903
0.0215971
1.3636
0.0349937
0.0210099
0.0213315
1.57369
0.0215421
0.198015
0.0210576
0.0211242
0.308493
0.020964
0.0211609
0.341277
0.0228546
0.0216865
0.0225101
0.233993
0.0214316
0.02122
0.0215603
0.0212365
0.0212402
0.028141
0.0199592
0.0218575
0.075929
0.0247867
0.0683919
0.0199217
0.0215811
0.0230713
0.0201741
0.0201366
0.0211788
0.0430616
0.0235439
0.0225916
0.075928
0.0208022
0.0196309
0.0683079
0.0210769
0.022891
0.0213614
0.0212531
0.0215077
0.0197043
0.0237562
0.0664357
0.0210258
0.0207248
0.0211785
0.0236151
2.63387
0.0208455
0.0271794
0.0203788
0.0645703
0.0199146
0.019731
1.48703
0.020084
0.020324
0.02109
0.0211969
0.0222703
0.0213184
0.0215096
0.995246
1.21361
0.02138
0.0260706
0.0200694
0.0210988
0.0213686
0.536914
0.0211538
0.0353034
0.0216119
1.20511
0.0219889
0.0208944
0.0256506
0.0215536
0.187226
0.020107
0.020109
0.021287
0.478383
1.3319
0.129206
0.14612
0.132428
0.0218111
0.0302507
0.0230259
0.0215081
0.0211709
0.363245
2.01767
0.0996863
0.0198918
0.0232461
0.0200397
0.0205137
0.0586749
0.0211398
0.0235067
0.021043
0.0750338
0.0211238
0.542714
0.0211111
0.022511
0.597564
0.0216888
0.0236915
1.48672
0.0551521
0.0879081
0.530312
0.0479733
0.0311062
0.021107
0.0226272
0.0243525
0.296277
0.0222077
0.0210715
0.0215491
0.0199512
0.0211131
0.0235768
0.0239329
0.0211681
0.0214989
0.242188
0.564416
1.54265
0.0212238
0.0210545
0.0211496
1.48296
0.0202663
0.0588156
0.0201507
0.0224949
0.0618556
0.0202846
0.211489
0.0208288
0.0216945
0.0212053
0.0231282
0.0206591
0.0210258
0.0201279
0.0222366
2.10042
0.0219166
0.0219644
0.0217415
0.0297708
2.19704
0.0216485
0.0213812
0.0220541
0.0232893
0.0225334
0.370762
0.0509946
0.0231367
0.382529
0.0223905
0.0209119
0.0214209
0.0196822
0.0208735
0.0203864
0.0308778
0.0624354
0.0211581
0.0214617
1.61054
0.0229653
0.0199277
0.262008
0.0213404
0.0352454
0.429926
0.0239706
1.29213
0.0218481
0.0204961
0.020736
0.0264152
0.0210295
0.0212081
0.021095
0.929617
1.418
0.0215404
0.0210933
0.0266191
0.1843
0.493225
0.0219701
0.0228472
0.0211728
0.0474807
0.142703
0.230726
0.0222736
0.086316
0.0226199
1.61025
0.0211008
0.0914445
0.531972
0.0201755
0.0221398
0.0242939
0.463788
0.0211033
0.0211838
0.0540271
0.240086
0.0271793
0.0211464
0.0229557
0.0250615
0.0619951
0.0210952
0.0210612
0.0210172
0.020952
0.0212078
0.0228792
1.16816
0.0216808
0.0465419
1.3482
0.0275292
0.0233295
0.0256056
0.027613
0.0201623
0.0798215
0.0852478
0.0245147
0.0202617
0.244432
0.0209745
0.555528
0.468159
0.154486
0.0201349
0.0218719
0.0265494
0.0206891
0.0245084
0.0213441
0.327656
0.0211347
0.0211563
1.07136
0.0261349
0.0255688
1.47782
0.342727
0.0247711
0.0646433
0.0741493
0.0205918
0.022906
0.0214828
0.022033
0.572215
0.0207438
0.0297951
0.120628
1.82869
0.196139
0.0373903
0.205096
0.0258955
0.0212211
0.0246593
0.0207142
0.0221286
0.44581
0.0207929
0.422813
0.0214558
0.279691
0.129243
0.0215507
0.0211925
0.0377979
0.0252556
0.0204831
0.0209722
0.0204194
0.102848
1.34123
0.0210247
0.0207743
0.0215012
0.02307
0.0912936
0.0221567
0.0223446
0.0901254
0.0225506
0.225774
0.356791
0.0739011
0.0227199
0.0212108
0.0207696
0.0202351
0.0206993
0.0215721
0.0835896
0.027357
0.0205181
0.0204215
0.0201154
0.0228737
0.020064
0.0205084
0.0208732
0.0210006
0.0580304
0.385931
0.0199864
2.33773
0.01988
0.576887
0.0216316
0.0214222
0.021521
0.213753
0.0219702
0.0212951
0.0208257
0.454924
0.252304
0.0405304
0.0209966
0.0207958
1.35041
0.0198336
0.570874
0.0445259
0.228232
0.0212191
0.12324
0.0210881
0.0213703
0.0216593
0.562783
0.0204517
1.34401
0.0209927
0.0216801
0.0213733
0.0211677
0.032227
0.206948
0.301152
0.255415
0.0683738
0.0203112
0.023268
0.0214347
0.333501
0.367565
0.0205118
0.249428
0.0504186
0.0213982
0.0254145
0.021164
0.021555
0.444588
0.0223836
0.0217291
0.0225836
0.0227027
0.123087
0.0253043
0.459881
0.0396207
0.0211204
0.0215661
2.02476
0.0212896
0.0221032
0.0218185
0.0366282
0.0225546
0.0215696
0.0592712
0.0225806
0.0655968
0.0224789
0.0983654
0.0901611
0.0236149
0.0226771
0.0734978
0.0224562
0.0840128
1.38694
0.0211563
0.0223013
0.020894
0.203266
0.0202062
1.36107
0.0823733
0.0268761
0.020178
0.0214014
0.026087
0.0241256
0.0229798
0.063162
0.0230593
0.0204011
0.0210508
0.0299245
0.559887
0.188915
0.335278
0.021019
0.0202771
0.020992
1.36153
2.57685
0.827791
1.34019
0.0217814
0.0228767
0.0210152
0.0431687
0.0209995
0.0473566
0.0211053
0.021144
0.0214746
1.78722
0.0254821
0.0265984
0.0665467
0.0234215
0.0201546
0.0210699
0.0220129
0.192946
0.0273563
0.23631
0.0265713
0.0201918
0.0211285
0.0200013
0.250835
0.022775
0.0222176
0.0227916
0.0210573
1.91418
0.0211079
1.35268
0.0210828
0.0205483
0.220241
0.0222224
0.0203532
0.0210423
0.0949897
0.0205911
0.0203265
0.472556
0.0282305
0.0430914
0.417306
0.0221535
0.0294905
0.219091
0.0220885
0.0219309
0.0209337
0.0427163
0.020221
0.0583738
0.430312
0.0210619
0.0204039
0.0265391
0.153203
)
;

boundaryField
{
    frontback
    {
        type            empty;
    }
    topbottom
    {
        type            fixedValue;
        value           uniform 0.0223;
    }
    outlet
    {
        type            zeroGradient;
    }
    inlet
    {
        type            fixedValue;
        value           nonuniform List<scalar> 0();
    }
    walls
    {
        blending        binomial2;
        n               2;
        beta1           0.075;
        type            omegaWallFunction;
        value           nonuniform List<scalar> 0();
    }
    procBoundary1to0
    {
        type            processor;
        value           nonuniform List<scalar> 
80
(
2.87851
0.0349824
0.0220394
3.31654
0.0218639
0.024993
3.98839
0.0235788
0.0230862
0.0235788
0.0215535
0.0242114
0.0318225
0.0318225
0.0461615
0.021409
3.0193
3.83975
1.13942
0.0230862
0.0300277
0.0217874
0.0214169
0.0289447
0.0461615
0.0217197
0.0215062
0.0215261
0.169174
0.169174
0.0227302
0.0214085
2.19452
0.0214631
0.0219729
0.021488
0.021437
0.0214282
0.0216666
0.0272787
0.0214452
0.0214069
0.0406534
0.0214452
0.0833213
0.072096
0.0406534
0.13839
0.0214792
0.0214046
0.0215876
0.0216238
0.021437
0.0833213
0.13839
0.0226011
2.0612
0.0363883
0.0214742
0.114529
0.0670969
0.0260048
0.0579655
0.114529
0.0214042
0.0214282
0.0214216
0.0234951
0.0222292
0.0968918
0.0214216
0.398421
0.0968918
1.97767
0.213502
0.0521003
2.62197
0.213502
0.0221009
0.0223889
)
;
    }
    procBoundary1to2
    {
        type            processor;
        value           uniform 2.08721;
    }
    procBoundary1to3
    {
        type            processor;
        value           nonuniform List<scalar> 
147
(
1.80003
0.501657
0.205461
0.152403
0.704845
1.95634
1.98283
0.163693
0.456739
2.00851
0.452787
2.07131
0.231099
0.233139
0.224755
0.774784
0.974817
0.351086
0.333908
1.07463
0.8302
2.00311
1.8652
0.0961561
1.08616
0.772115
0.141564
0.134751
0.177197
0.306484
2.06591
2.0273
0.258963
1.89308
0.0975626
0.262532
0.765397
0.444556
0.273127
0.809432
0.333172
0.333172
0.231939
1.97421
0.913081
0.236635
0.330762
2.03273
0.291407
0.294542
0.328725
0.258987
0.216386
0.286585
0.258394
0.285684
0.240592
0.257797
0.278178
0.304912
0.264707
0.264649
0.257187
0.20741
0.216386
0.314566
0.259329
0.287719
0.246749
0.246614
0.251166
0.261994
0.376439
0.39401
0.333296
0.395632
0.306193
0.322475
0.367266
0.391535
0.319135
0.178663
0.333946
0.20382
0.20382
0.289192
0.365424
0.411222
0.459085
0.551847
0.442594
0.442594
0.164363
0.394188
0.424745
0.373658
0.177459
0.329296
0.460617
0.227117
0.443466
0.296494
0.160482
0.568924
0.532855
0.457067
0.457067
0.568228
0.562038
0.511357
0.242784
0.238088
0.188411
0.442988
0.234699
0.451719
0.451719
1.89308
0.720067
0.249878
0.604621
0.346174
1.06148
0.503515
0.641479
0.777405
0.487299
0.957913
0.378347
2.10049
1.82057
1.73085
1.78603
2.10809
0.157657
1.74602
2.0438
2.12467
0.258923
1.36129
0.409593
1.8904
1.8904
0.220564
0.220564
2.0273
0.239922
)
;
    }
}


// ************************************************************************* //
