/*--------------------------------*- C++ -*----------------------------------*\
| =========                 |                                                 |
| \\      /  F ield         | OpenFOAM: The Open Source CFD Toolbox           |
|  \\    /   O peration     | Version:  v2012                                 |
|   \\  /    A nd           | Website:  www.openfoam.com                      |
|    \\/     M anipulation  |                                                 |
\*---------------------------------------------------------------------------*/
FoamFile
{
    version     2.0;
    format      ascii;
    class       volScalarField::Internal;
    location    "900";
    object      V0;
}
// * * * * * * * * * * * * * * * * * * * * * * * * * * * * * * * * * * * * * //

dimensions      [0 3 0 0 0 0 0];


value           nonuniform List<scalar> 
10042
(
0.191
0.0799059
0.0870433
0.136362
0.171491
0.145105
0.0585227
0.158395
0.188585
0.0524353
0.142012
0.0787617
0.0492062
0.152543
0.084451
0.154042
0.116597
0.131664
0.0657689
0.0996984
0.0484017
0.199827
0.144124
0.132385
0.165142
0.17587
0.0678326
0.195874
0.143295
0.110294
0.153406
0.0346585
0.175917
0.165718
0.156096
0.142101
0.172352
0.154372
0.145466
0.205029
0.14137
0.176497
0.0387052
0.107933
0.139037
0.122683
0.16936
0.103143
0.0509109
0.0442441
0.0403847
0.164735
0.111527
0.0607529
0.0643321
0.0338839
0.0467216
0.167121
0.0838433
0.192611
0.0577325
0.0628613
0.0390488
0.149883
0.138224
0.151201
0.0877264
0.142428
0.126597
0.140217
0.0367715
0.105129
0.160856
0.0860046
0.150822
0.0349387
0.116963
0.160607
0.111261
0.0598551
0.0987054
0.126655
0.187081
0.165394
0.0729443
0.0498987
0.0927671
0.087558
0.139989
0.138849
0.0454068
0.0779244
0.0380833
0.0588798
0.133024
0.113317
0.0148287
0.0893005
0.115795
0.0856254
0.0502285
0.0596742
0.09825
0.0351021
0.0595773
0.0995135
0.0330809
0.159739
0.0547403
0.101772
0.114284
0.0543196
0.0744189
0.148578
0.137934
0.165463
0.109705
0.172773
0.158808
0.171933
0.170873
0.0648355
0.0652232
0.137454
0.107654
0.158174
0.119491
0.0621075
0.023932
0.117402
0.171155
0.128174
0.153938
0.134338
0.0466471
0.0427304
0.0899847
0.0339925
0.0749952
0.123864
0.0429983
0.166664
0.0394103
0.198273
0.0615618
0.145333
0.0716499
0.164433
0.0929139
0.0847207
0.143477
0.164502
0.0636459
0.0356743
0.134699
0.0604493
0.0280176
0.0326023
0.146164
0.130738
0.166014
0.185487
0.0427409
0.140948
0.0790477
0.116021
0.188991
0.0423482
0.168781
0.135479
0.138406
0.105795
0.0813694
0.160292
0.0578463
0.0754486
0.114068
0.17293
0.143573
0.116746
0.0788401
0.0501891
0.0801164
0.173342
0.180201
0.042321
0.0955403
0.141106
0.0355597
0.154706
0.0695289
0.0477879
0.164741
0.057857
0.0620211
0.0720303
0.0206095
0.145237
0.0180597
0.141993
0.0235599
0.0411292
0.0937691
0.128515
0.117522
0.135705
0.132307
0.0439812
0.113444
0.0981189
0.0371613
0.133182
0.0927481
0.0991806
0.17636
0.147071
0.153045
0.0994148
0.146993
0.0280817
0.0220836
0.137616
0.0271905
0.132855
0.111578
0.0362112
0.101216
0.0848214
0.0770498
0.0715372
0.167776
0.120521
0.0426827
0.131938
0.110185
0.182535
0.0903499
0.0207467
0.0605065
0.136742
0.0967229
0.133337
0.177522
0.162626
0.0664749
0.171205
0.139172
0.0778995
0.0491718
0.144882
0.0648674
0.158382
0.105189
0.0526421
0.11144
0.0955095
0.128739
0.101905
0.0102115
0.150287
0.131228
0.151905
0.152017
0.173802
0.0406994
0.0696217
0.137049
0.1025
0.154709
0.10859
0.100899
0.0421827
0.145271
0.0348543
0.106393
0.161633
0.0669057
0.13016
0.147454
0.0571246
0.140239
0.143301
0.0187622
0.0744315
0.175189
0.022798
0.108532
0.15472
0.164736
0.136378
0.0472785
0.111532
0.173854
0.132738
0.129399
0.120478
0.0694118
0.101009
0.0957236
0.151956
0.0685033
0.0927998
0.127244
0.0911661
0.093066
0.0480645
0.156569
0.164343
0.0660171
0.12326
0.14206
0.130386
0.130943
0.112078
0.109704
0.164894
0.113925
0.143148
0.137667
0.160506
0.147906
0.0354594
0.155416
0.12822
0.177385
0.168877
0.135702
0.128585
0.0919458
0.0460291
0.135457
0.111004
0.161076
0.157313
0.135262
0.163465
0.0331784
0.126855
0.155302
0.11838
0.0415677
0.0480893
0.172186
0.144247
0.162742
0.1722
0.14435
0.156821
0.125492
0.0170917
0.0720627
0.135215
0.12072
0.145018
0.0708265
0.140126
0.101977
0.169899
0.0261262
0.16698
0.106109
0.158612
0.0765672
0.141241
0.107132
0.0730883
0.144605
0.127872
0.125577
0.060392
0.145123
0.162507
0.140256
0.164122
0.0545608
0.130763
0.155964
0.0950117
0.0651164
0.0462898
0.113722
0.0921705
0.0780507
0.138236
0.0285262
0.165444
0.154878
0.165536
0.105356
0.148231
0.111608
0.0265885
0.0730211
0.143216
0.106166
0.0525939
0.136255
0.153915
0.129829
0.0266175
0.144786
0.0235455
0.148575
0.0707178
0.0238673
0.135215
0.0398714
0.147842
0.100202
0.112934
0.109261
0.0542288
0.134572
0.0766062
0.149995
0.101143
0.0740805
0.0609689
0.143874
0.0909814
0.152535
0.0952102
0.16339
0.166377
0.0360648
0.101235
0.0852618
0.108478
0.12687
0.0470562
0.100196
0.13994
0.0536006
0.0990317
0.137493
0.0751395
0.0416422
0.152586
0.156943
0.032634
0.163579
0.114491
0.0894145
0.031923
0.0380438
0.173402
0.141422
0.0403189
0.147989
0.169476
0.153911
0.0658718
0.072486
0.0336921
0.109537
0.140294
0.140238
0.0261981
0.165005
0.137086
0.148026
0.119641
0.158994
0.158894
0.0985119
0.169457
0.159974
0.0648234
0.0911544
0.13829
0.0409914
0.135027
0.0267666
0.0402362
0.12349
0.126597
0.0405773
0.129584
0.051566
0.100265
0.13748
0.0779832
0.122644
0.140771
0.0571692
0.121766
0.152556
0.120583
0.159454
0.137153
0.139396
0.0800579
0.14603
0.147207
0.0936009
0.0402284
0.136002
0.148071
0.115315
0.0467006
0.104452
0.157042
0.141412
0.0840898
0.0524727
0.111792
0.158431
0.140205
0.0717963
0.0694752
0.0774188
0.136718
0.145689
0.13302
0.0948123
0.122033
0.120033
0.0990447
0.123464
0.102489
0.129781
0.0718981
0.100133
0.0776486
0.0752153
0.106211
0.139523
0.0775561
0.106536
0.136358
0.114821
0.0376951
0.109545
0.141533
0.0933713
0.0842884
0.111211
0.0716238
0.153941
0.066144
0.122666
0.0773719
0.137676
0.022582
0.122622
0.0436481
0.153661
0.132232
0.108959
0.173167
0.0922606
0.0501855
0.148522
0.134048
0.026959
0.102332
0.13785
0.164845
0.138409
0.160962
0.161042
0.15845
0.0955251
0.0870339
0.118559
0.173277
0.0434671
0.0577289
0.146012
0.145141
0.133677
0.047411
0.138205
0.137761
0.137111
0.0947942
0.0441761
0.140426
0.144967
0.141229
0.115869
0.106148
0.163073
0.0209128
0.083626
0.0649846
0.13324
0.145387
0.119834
0.0761623
0.104234
0.14461
0.130002
0.162999
0.13656
0.133055
0.0629312
0.116083
0.183298
0.152178
0.160024
0.140379
0.0223694
0.131887
0.137244
0.11884
0.0654364
0.125932
0.113704
0.152315
0.0710012
0.127919
0.0989181
0.166622
0.0970441
0.074553
0.103139
0.139482
0.129385
0.0158928
0.0816742
0.109521
0.109729
0.0463642
0.12696
0.0795982
0.123057
0.146674
0.0914881
0.12454
0.167349
0.131518
0.0898222
0.108662
0.0977483
0.0886566
0.137754
0.0278345
0.0814098
0.135158
0.13681
0.108257
0.133036
0.144606
0.163041
0.0978537
0.0654411
0.168498
0.026772
0.121815
0.079618
0.150525
0.0762847
0.134794
0.125716
0.137449
0.106074
0.0893662
0.0632811
0.101027
0.167939
0.133873
0.135283
0.13795
0.119542
0.0694911
0.0834479
0.105687
0.129504
0.135037
0.136758
0.0814151
0.129728
0.155177
0.154633
0.132044
0.0320829
0.146588
0.104086
0.138551
0.0181582
0.0390221
0.13555
0.0660689
0.138969
0.0487412
0.134969
0.141764
0.160292
0.103636
0.141067
0.144625
0.0454133
0.113784
0.165038
0.139265
0.126779
0.0270167
0.0157034
0.159479
0.132904
0.15788
0.156367
0.152615
0.0940814
0.123846
0.0346922
0.129487
0.133612
0.125781
0.0989665
0.108448
0.139197
0.094557
0.07622
0.141059
0.0615772
0.117153
0.128329
0.0875082
0.139957
0.12645
0.0274432
0.131353
0.129249
0.151396
0.132054
0.136515
0.0995848
0.109621
0.126994
0.0619539
0.124943
0.145182
0.0574598
0.132721
0.0464525
0.141281
0.158505
0.110581
0.0306872
0.161199
0.093809
0.139332
0.103333
0.139901
0.0928764
0.0985572
0.108226
0.0682899
0.156314
0.131389
0.0500274
0.155622
0.148982
0.112686
0.0866803
0.161788
0.121306
0.076263
0.106124
0.086666
0.138391
0.0326105
0.0696051
0.142774
0.133396
0.158599
0.13423
0.125906
0.0775144
0.141806
0.0526276
0.0804054
0.0895531
0.0434472
0.0903093
0.128451
0.0701653
0.143376
0.0751171
0.0626669
0.176027
0.0752457
0.132323
0.0795563
0.131351
0.163473
0.0639715
0.0515642
0.163302
0.0916895
0.164818
0.156542
0.127369
0.135094
0.166117
0.141102
0.130287
0.100219
0.152307
0.166962
0.107421
0.150944
0.0927553
0.153126
0.134385
0.159617
0.109456
0.131457
0.052438
0.129813
0.0657006
0.0399915
0.0263042
0.12662
0.09746
0.0410255
0.113804
0.153524
0.136633
0.151766
0.12819
0.0784611
0.0810532
0.0254211
0.0931827
0.138351
0.137886
0.123698
0.0889162
0.0933864
0.101788
0.0635999
0.0612236
0.0222059
0.101131
0.130414
0.102245
0.147687
0.165205
0.0943627
0.135667
0.119138
0.132205
0.0664201
0.117843
0.160222
0.0470235
0.10027
0.0503627
0.123103
0.132794
0.131097
0.0735066
0.106081
0.135134
0.119957
0.0396764
0.136699
0.041502
0.0957985
0.0866941
0.11173
0.0823938
0.139069
0.0304376
0.156349
0.147407
0.117953
0.151249
0.136336
0.130311
0.0945249
0.08022
0.131122
0.089035
0.14217
0.150349
0.136179
0.149718
0.120994
0.0906491
0.146439
0.0661645
0.0659159
0.0726261
0.0511397
0.0808083
0.133019
0.137793
0.0164811
0.0151194
0.131503
0.0677768
0.0282295
0.0421673
0.0410038
0.121543
0.110766
0.138686
0.107777
0.15212
0.13063
0.0457639
0.151846
0.0362602
0.120874
0.127899
0.183544
0.157834
0.119043
0.0797082
0.109458
0.119462
0.126518
0.0446455
0.121092
0.119269
0.158928
0.0292214
0.069537
0.129163
0.149196
0.127541
0.0892546
0.128181
0.0794714
0.10165
0.122221
0.123826
0.0687905
0.0857919
0.0380574
0.0698836
0.0286401
0.0347854
0.129981
0.0336008
0.108494
0.106803
0.0900975
0.0923801
0.102198
0.0460025
0.0263517
0.128271
0.088304
0.0811194
0.135666
0.147332
0.0325667
0.133071
0.128038
0.0183364
0.143249
0.122407
0.0700226
0.0472469
0.137278
0.168766
0.103108
0.089406
0.0591003
0.154647
0.0561618
0.130299
0.121838
0.160255
0.0462321
0.0821951
0.13531
0.126365
0.10773
0.135108
0.119335
0.0625496
0.110822
0.0942349
0.106018
0.0824139
0.151913
0.0650482
0.0835632
0.0919781
0.0484045
0.113293
0.104175
0.119767
0.150466
0.136446
0.07842
0.127305
0.122694
0.142804
0.0958151
0.152801
0.0569704
0.135014
0.0993625
0.040643
0.0923063
0.155141
0.0755974
0.0454423
0.15111
0.136036
0.143595
0.0324793
0.129838
0.143251
0.132433
0.12909
0.0648441
0.131037
0.14667
0.126402
0.0829239
0.126823
0.14785
0.0428344
0.14265
0.106032
0.0673891
0.137714
0.099897
0.149153
0.0636924
0.120867
0.0871219
0.119867
0.0703661
0.108385
0.0255521
0.0683058
0.131524
0.109722
0.129966
0.16074
0.0880513
0.0778878
0.146701
0.130131
0.150194
0.082333
0.126563
0.0550142
0.131943
0.172195
0.0380399
0.0930587
0.145734
0.0855868
0.0233361
0.150186
0.12014
0.140928
0.118525
0.0464709
0.129607
0.0712672
0.130678
0.154265
0.128644
0.127487
0.142068
0.039425
0.0264996
0.140546
0.144722
0.113403
0.125166
0.134279
0.103023
0.135091
0.14397
0.131243
0.0853421
0.130759
0.074491
0.156582
0.151273
0.12491
0.107704
0.153389
0.131952
0.142119
0.152702
0.0662248
0.0566884
0.0267831
0.0619864
0.0858419
0.138033
0.0257475
0.0690275
0.115085
0.0475721
0.118204
0.0710646
0.142927
0.143511
0.141725
0.12917
0.126727
0.121251
0.150407
0.0826808
0.0373431
0.149364
0.15145
0.121229
0.150955
0.152515
0.163613
0.159096
0.151215
0.1277
0.147141
0.121165
0.147253
0.152442
0.086748
0.051371
0.114931
0.142633
0.0877242
0.108672
0.064932
0.100281
0.0947659
0.141925
0.0933039
0.0347045
0.0396776
0.0987827
0.165687
0.153025
0.130984
0.123841
0.153384
0.132952
0.131477
0.147454
0.109373
0.0292056
0.145704
0.124607
0.0245363
0.0404962
0.148632
0.144975
0.125449
0.152738
0.0419311
0.124751
0.116285
0.0657495
0.137045
0.130342
0.145306
0.0406518
0.0852867
0.0762752
0.0652497
0.132524
0.0457971
0.103049
0.137837
0.118198
0.133738
0.0735317
0.147472
0.0842018
0.110675
0.0537203
0.129633
0.0622697
0.135005
0.0760283
0.0904425
0.102323
0.0957877
0.141509
0.0366748
0.144537
0.139347
0.116765
0.150696
0.11771
0.0625534
0.132013
0.130751
0.181773
0.0343605
0.134378
0.128491
0.13675
0.139231
0.0548725
0.160998
0.138316
0.129933
0.13259
0.128457
0.0849611
0.044716
0.145665
0.0929667
0.0983041
0.146837
0.100955
0.028698
0.14832
0.0981734
0.0331563
0.147772
0.136959
0.140649
0.164384
0.0950551
0.132942
0.0822371
0.131118
0.128535
0.161912
0.153186
0.0987361
0.0734091
0.148737
0.0401866
0.151745
0.132681
0.165665
0.124105
0.129191
0.0681597
0.1497
0.0511177
0.144757
0.0870314
0.153184
0.0408163
0.150094
0.13382
0.034277
0.156825
0.130836
0.0293497
0.0627652
0.108224
0.0464679
0.0746079
0.128778
0.0577714
0.137983
0.154311
0.131649
0.0348003
0.127025
0.107713
0.0522832
0.132757
0.110913
0.150387
0.0916068
0.136454
0.13294
0.076501
0.117496
0.0273845
0.13376
0.154717
0.133828
0.0243756
0.0829121
0.0715251
0.128392
0.138456
0.0478424
0.0726556
0.132559
0.0378753
0.144134
0.125014
0.152588
0.017682
0.137758
0.0797904
0.130057
0.142361
0.160096
0.14165
0.134146
0.119455
0.150863
0.133824
0.0901275
0.0887425
0.122432
0.151215
0.0487581
0.0586611
0.138953
0.138003
0.140594
0.024157
0.0431574
0.086759
0.138658
0.157718
0.0745445
0.0468106
0.159797
0.131764
0.0569572
0.132611
0.151328
0.134287
0.124239
0.0571709
0.14347
0.0775755
0.10885
0.135075
0.132839
0.098202
0.146225
0.0601274
0.0141082
0.152291
0.134898
0.131934
0.0259013
0.136001
0.0485512
0.15691
0.144577
0.111805
0.131019
0.0656293
0.112472
0.124069
0.150523
0.0270828
0.110819
0.0476766
0.149449
0.0539759
0.0603824
0.153634
0.0438664
0.146464
0.0461131
0.0501724
0.143927
0.139374
0.091711
0.061256
0.0465497
0.026889
0.154989
0.151139
0.112459
0.0465385
0.134049
0.0386452
0.0399872
0.147756
0.125186
0.155254
0.0901776
0.0846728
0.145033
0.122147
0.143494
0.0270392
0.138506
0.0766129
0.134685
0.0856994
0.0607399
0.0845902
0.137675
0.0670196
0.0555584
0.10625
0.131116
0.131405
0.0254158
0.148202
0.0284743
0.038932
0.0408838
0.107562
0.0402508
0.0763308
0.131814
0.12367
0.120622
0.0493187
0.0657438
0.0565395
0.132417
0.0176562
0.0579644
0.141203
0.129217
0.0267054
0.151815
0.13107
0.0284828
0.0200373
0.0326531
0.149314
0.0367113
0.149404
0.104722
0.135425
0.0698888
0.162034
0.0891865
0.04633
0.0242046
0.0504295
0.113235
0.150837
0.0903723
0.106466
0.151962
0.0905722
0.0194764
0.140386
0.153382
0.0588608
0.0999787
0.0380578
0.0988077
0.145038
0.130717
0.0793532
0.153221
0.131345
0.0502243
0.140047
0.110816
0.125705
0.144674
0.147979
0.0186248
0.136645
0.149514
0.122162
0.156494
0.147737
0.0665312
0.146867
0.0270947
0.0290748
0.0958538
0.149632
0.147361
0.130087
0.152294
0.0373192
0.0418064
0.01889
0.133322
0.141868
0.0351734
0.0668057
0.0951886
0.0477341
0.0901469
0.126414
0.0957934
0.154335
0.170572
0.147132
0.130331
0.0793139
0.0343359
0.0643662
0.152803
0.0396269
0.0383529
0.153523
0.130738
0.150812
0.0740917
0.130153
0.13368
0.0638755
0.131587
0.0282734
0.129755
0.134589
0.0470472
0.0731362
0.0406246
0.0824925
0.142151
0.149365
0.0275139
0.10424
0.133345
0.0472436
0.135636
0.0307783
0.132381
0.136424
0.15722
0.0517887
0.0823342
0.0533049
0.150406
0.137205
0.0582444
0.0639991
0.160396
0.0824391
0.0413913
0.139701
0.0717505
0.124181
0.157015
0.0583121
0.149321
0.0603219
0.0410944
0.119246
0.135055
0.161399
0.0545217
0.0371873
0.0520751
0.0658779
0.0689735
0.0799766
0.068288
0.0613077
0.0479467
0.0813769
0.114834
0.150172
0.149459
0.0702602
0.0663713
0.0987048
0.0383026
0.135902
0.0275778
0.0416029
0.150299
0.158795
0.145185
0.157832
0.151653
0.0411195
0.086222
0.0435756
0.0364915
0.11511
0.0649399
0.0853121
0.0683216
0.134297
0.13345
0.0771043
0.132847
0.109994
0.111161
0.0619124
0.150525
0.102438
0.137496
0.138054
0.063841
0.14912
0.130198
0.169438
0.0388404
0.0921482
0.0327713
0.0654497
0.0872582
0.0411465
0.1152
0.0321591
0.12573
0.105273
0.0770914
0.0331458
0.1505
0.160652
0.0350373
0.0525797
0.125202
0.0717295
0.141762
0.0189669
0.0902568
0.102638
0.136108
0.0268655
0.0257119
0.120823
0.0693616
0.0662233
0.140966
0.0580473
0.083953
0.133159
0.113723
0.0336912
0.143415
0.0829518
0.132567
0.066544
0.0612599
0.0966758
0.0430012
0.0633408
0.125864
0.0675537
0.0354495
0.027958
0.118843
0.0671154
0.0742305
0.0617237
0.0295748
0.0284066
0.0555568
0.0699609
0.148412
0.0570422
0.0533406
0.0306951
0.135199
0.062812
0.134042
0.0596921
0.153387
0.0470697
0.131261
0.151244
0.0797608
0.0285439
0.0506179
0.0434752
0.177069
0.0689946
0.131755
0.124216
0.152724
0.103184
0.0183001
0.126184
0.058849
0.102022
0.144373
0.141974
0.118014
0.149246
0.135961
0.152343
0.0912236
0.13027
0.0319398
0.103462
0.0395588
0.0643812
0.0754113
0.0491938
0.0655511
0.0591647
0.1086
0.0823617
0.0862881
0.1372
0.141414
0.0667408
0.133077
0.147022
0.150178
0.0750291
0.091999
0.0707078
0.150133
0.0304176
0.149738
0.128688
0.0819269
0.140321
0.0688042
0.151409
0.0516681
0.0938583
0.074336
0.0358907
0.135154
0.134846
0.142788
0.0249264
0.151102
0.135181
0.0697709
0.0827653
0.0427288
0.123143
0.102281
0.0922967
0.136371
0.12133
0.139085
0.0785743
0.126843
0.0368531
0.0807378
0.137106
0.105792
0.0382243
0.137141
0.138249
0.043257
0.0906124
0.0781465
0.148097
0.0831036
0.143169
0.142514
0.0973229
0.15203
0.11732
0.0863563
0.0712792
0.0943595
0.0282137
0.0699578
0.117184
0.0521117
0.111096
0.048155
0.145363
0.151888
0.0605376
0.134973
0.118229
0.121638
0.04148
0.0182277
0.143613
0.0439762
0.149209
0.102154
0.128674
0.139648
0.0497621
0.0876857
0.130393
0.131033
0.166612
0.04811
0.0603784
0.0756071
0.136521
0.133413
0.0807609
0.135836
0.0488718
0.0852732
0.124969
0.13966
0.0368797
0.125056
0.0361619
0.0919066
0.0277416
0.0683031
0.0289276
0.144367
0.136379
0.0640304
0.0484897
0.1513
0.13791
0.157298
0.148874
0.143542
0.131678
0.0880432
0.0524438
0.0288263
0.138251
0.0266612
0.036523
0.0533512
0.0614502
0.152794
0.13876
0.170528
0.0754881
0.099451
0.0476457
0.0999416
0.0753289
0.0411142
0.11633
0.151549
0.122865
0.125079
0.0485319
0.139906
0.0285833
0.0928771
0.0630652
0.132372
0.171613
0.154162
0.0318582
0.133423
0.0285333
0.065449
0.150568
0.0705497
0.0652386
0.113361
0.135931
0.133739
0.132238
0.0896281
0.0816706
0.070039
0.104599
0.0732588
0.027929
0.052403
0.061485
0.155481
0.0655844
0.0720113
0.133766
0.13909
0.0853592
0.0652552
0.0383076
0.131805
0.0418265
0.110378
0.138221
0.149505
0.0703211
0.0846392
0.119522
0.0865107
0.0548746
0.141856
0.0730804
0.131544
0.0437526
0.0990566
0.101276
0.0917366
0.090639
0.13658
0.0965614
0.149934
0.138392
0.0498077
0.0800171
0.0273294
0.145838
0.13417
0.15299
0.112757
0.141974
0.0758601
0.0903329
0.0647118
0.0401784
0.131779
0.0570862
0.151476
0.077823
0.100501
0.126246
0.136905
0.152187
0.097435
0.0722803
0.0821084
0.150362
0.14285
0.0932711
0.101784
0.0588569
0.0891318
0.0861606
0.130624
0.135279
0.0423733
0.124819
0.129772
0.115564
0.101164
0.0666669
0.112762
0.0486603
0.0488792
0.0730364
0.147395
0.0481949
0.0389319
0.130645
0.125037
0.0881784
0.063446
0.0684923
0.102648
0.133025
0.151707
0.0941385
0.0945618
0.0577718
0.127556
0.116358
0.0930235
0.0457118
0.0627386
0.111747
0.142795
0.0851567
0.0477285
0.130091
0.127957
0.114263
0.0619736
0.0474582
0.138099
0.075695
0.123677
0.0461356
0.0961444
0.141276
0.01829
0.0673307
0.027566
0.0414388
0.131456
0.133927
0.0959075
0.1343
0.0957405
0.048603
0.116002
0.0899943
0.0722292
0.105521
0.0635921
0.0912811
0.0750477
0.141455
0.126677
0.0833232
0.124077
0.116829
0.147821
0.161875
0.157184
0.13679
0.153572
0.110651
0.0982509
0.121082
0.15269
0.0233259
0.14258
0.137557
0.100452
0.136062
0.0665148
0.133979
0.154754
0.153013
0.151176
0.110782
0.120671
0.0662889
0.03845
0.157841
0.0629737
0.117683
0.0801297
0.07786
0.100959
0.0880389
0.0684964
0.0913548
0.0838445
0.0623338
0.0650396
0.0633013
0.163236
0.139361
0.072594
0.0846465
0.0606823
0.0522563
0.0683991
0.100521
0.0892639
0.124822
0.0261665
0.142829
0.0820498
0.148419
0.0673063
0.122314
0.147172
0.132532
0.0670789
0.0573164
0.0757766
0.157284
0.063383
0.149493
0.151952
0.104024
0.0925988
0.0669827
0.0694374
0.142892
0.129802
0.112288
0.0709333
0.126094
0.0285724
0.0826828
0.148556
0.0727881
0.154698
0.0365679
0.0835466
0.105432
0.134399
0.0933565
0.0629221
0.151768
0.114907
0.0411666
0.149849
0.132146
0.0866461
0.070933
0.0350818
0.130266
0.0281195
0.0719898
0.0920019
0.134698
0.0999667
0.0402927
0.102657
0.107605
0.141954
0.0897142
0.0783273
0.125436
0.134162
0.118313
0.14699
0.152792
0.117261
0.0750525
0.063584
0.127048
0.0379035
0.0789181
0.120374
0.0736135
0.0282066
0.0782821
0.0857304
0.120835
0.0898731
0.0843379
0.137969
0.116142
0.0846822
0.129842
0.137707
0.103013
0.152571
0.131584
0.0969575
0.0501852
0.089247
0.0300147
0.11925
0.0289928
0.145055
0.102181
0.0814219
0.151365
0.153257
0.09441
0.107853
0.066537
0.0833149
0.0978155
0.145124
0.152177
0.0818682
0.0731079
0.103928
0.145088
0.130934
0.0516348
0.0666834
0.144965
0.0936948
0.114867
0.100685
0.0779849
0.11512
0.140007
0.120041
0.0680079
0.0601478
0.113769
0.130804
0.13127
0.103503
0.151229
0.127545
0.142803
0.100575
0.0970917
0.134247
0.152971
0.135429
0.153036
0.0997104
0.157743
0.0654988
0.141887
0.127733
0.0928477
0.0953142
0.0980062
0.0310327
0.0230839
0.0599412
0.13195
0.14383
0.0656853
0.129743
0.0647933
0.105692
0.141833
0.0907728
0.102446
0.11752
0.0956553
0.131733
0.101646
0.112367
0.107122
0.155336
0.061978
0.10301
0.101257
0.149235
0.0966518
0.0673
0.11547
0.0309127
0.0346236
0.145716
0.137043
0.133467
0.133375
0.141016
0.145249
0.148145
0.0863802
0.106702
0.141041
0.0272969
0.146694
0.10218
0.0663724
0.121813
0.104094
0.0891579
0.0797769
0.151161
0.0539534
0.0702939
0.108484
0.0798253
0.0971237
0.103808
0.126106
0.116455
0.141456
0.145148
0.0903002
0.0728454
0.0586549
0.151323
0.0754972
0.147893
0.107801
0.0860872
0.122219
0.0976906
0.138557
0.143832
0.142923
0.111193
0.0597259
0.150199
0.139582
0.131708
0.114437
0.0938611
0.0894015
0.0605252
0.11525
0.0761283
0.0957096
0.0888092
0.150361
0.150945
0.136238
0.143787
0.0186205
0.0663128
0.0850609
0.0520571
0.131265
0.0864712
0.0896085
0.148227
0.0918983
0.136652
0.09713
0.133414
0.0261653
0.104718
0.0918968
0.0853184
0.150981
0.112187
0.041057
0.143675
0.0393298
0.0683234
0.070144
0.097148
0.0274555
0.13314
0.09341
0.146342
0.0900221
0.0672065
0.14557
0.130388
0.131861
0.0710422
0.0914676
0.0964377
0.145272
0.079834
0.126553
0.108033
0.0927694
0.0377418
0.124449
0.152407
0.15411
0.132401
0.0285801
0.0839218
0.142977
0.117271
0.13267
0.133868
0.146487
0.112748
0.13015
0.0450513
0.130376
0.0934216
0.138985
0.0740604
0.0977524
0.103732
0.119258
0.112375
0.128989
0.140577
0.0816075
0.131753
0.0969189
0.147154
0.0958062
0.0985025
0.0989576
0.150497
0.128696
0.174488
0.0380134
0.15195
0.15264
0.0704945
0.0694081
0.0914563
0.14334
0.126287
0.133406
0.106967
0.0944
0.119161
0.0629294
0.023437
0.15132
0.0975446
0.0950218
0.107178
0.12129
0.140233
0.065404
0.0578205
0.0368167
0.0212092
0.0608845
0.136225
0.0903779
0.118875
0.0966621
0.130683
0.142527
0.0639197
0.133316
0.0348447
0.0690805
0.15425
0.10052
0.0861438
0.0879542
0.133702
0.137392
0.104857
0.113863
0.118743
0.141301
0.0999184
0.0902971
0.152043
0.0792232
0.0685942
0.0939309
0.12585
0.103907
0.0934807
0.140359
0.137655
0.127699
0.0566927
0.132356
0.106412
0.134557
0.152247
0.125384
0.148537
0.144098
0.062923
0.124406
0.109964
0.056501
0.132449
0.126874
0.0981446
0.0610209
0.151317
0.139477
0.136991
0.0735997
0.0184664
0.121854
0.0656759
0.143166
0.146159
0.154016
0.1026
0.127183
0.128773
0.153059
0.0682915
0.143185
0.0861611
0.143918
0.126556
0.141039
0.0922073
0.110703
0.122947
0.132157
0.114814
0.145773
0.111005
0.12808
0.139845
0.129073
0.143669
0.133525
0.1344
0.150584
0.154356
0.148852
0.126925
0.151524
0.104972
0.145083
0.0970326
0.103539
0.0595937
0.132187
0.105661
0.142333
0.149628
0.151572
0.111632
0.137369
0.150532
0.139352
0.0655219
0.126822
0.0703136
0.0304303
0.152697
0.0290131
0.103048
0.0410949
0.140913
0.0885535
0.150631
0.125791
0.130447
0.0859717
0.0906719
0.12088
0.0956925
0.130843
0.138658
0.152115
0.0371309
0.131319
0.0448177
0.100195
0.0191435
0.100782
0.133549
0.0661302
0.0494711
0.149252
0.107735
0.112123
0.088481
0.0361427
0.101482
0.133478
0.0827129
0.0737035
0.09406
0.141373
0.143571
0.0729793
0.0668383
0.0305176
0.089406
0.102525
0.136765
0.0998668
0.12
0.130711
0.0677461
0.132007
0.125246
0.139089
0.128651
0.136189
0.131934
0.102698
0.114385
0.103257
0.110632
0.0918856
0.130065
0.0875074
0.172892
0.140735
0.0872692
0.155171
0.0842455
0.142137
0.138127
0.0726178
0.104302
0.113032
0.133314
0.128303
0.0678796
0.103135
0.0408221
0.103615
0.139459
0.133887
0.115515
0.0686142
0.107814
0.132853
0.0932957
0.124419
0.168126
0.136352
0.0854928
0.1379
0.140614
0.135643
0.100937
0.13522
0.133845
0.0518366
0.102811
0.0994531
0.0936323
0.13035
0.113238
0.136089
0.140707
0.139676
0.11173
0.132045
0.0653665
0.144742
0.134732
0.0783825
0.0985384
0.134174
0.0976957
0.0834958
0.100788
0.1322
0.152757
0.132867
0.102351
0.135603
0.151831
0.0688267
0.125205
0.145982
0.0922227
0.132576
0.0664674
0.128007
0.105265
0.153626
0.0863725
0.149344
0.142619
0.136224
0.0921243
0.149795
0.0314166
0.151851
0.112926
0.115227
0.142792
0.125425
0.0948398
0.0885919
0.1306
0.121963
0.112118
0.0828952
0.137558
0.132214
0.136815
0.11474
0.124683
0.132714
0.127132
0.156832
0.144713
0.0915751
0.118434
0.135905
0.107608
0.117944
0.154434
0.0979088
0.128629
0.0935405
0.128335
0.110811
0.145678
0.144815
0.0413465
0.1453
0.111313
0.12916
0.111962
0.135839
0.0781989
0.136788
0.144255
0.0950581
0.12919
0.140673
0.118505
0.0719227
0.141572
0.139581
0.129337
0.13967
0.11346
0.115232
0.132721
0.141795
0.138052
0.14396
0.0645917
0.0738233
0.114235
0.138182
0.150437
0.135352
0.131629
0.146433
0.0980979
0.0935488
0.112779
0.117671
0.130343
0.0684079
0.143636
0.143184
0.0993471
0.107744
0.132888
0.110459
0.121366
0.114092
0.142792
0.131334
0.109689
0.149482
0.152367
0.123653
0.108484
0.115916
0.144762
0.12274
0.120981
0.124662
0.122538
0.151817
0.111303
0.151764
0.149275
0.12496
0.141795
0.135456
0.0788904
0.131605
0.1352
0.0974239
0.147489
0.0900632
0.144239
0.130194
0.137814
0.150017
0.0911906
0.127599
0.101255
0.0532125
0.180085
0.141824
0.14546
0.0797118
0.121337
0.152176
0.0678175
0.117017
0.119043
0.119552
0.103547
0.142866
0.154653
0.140101
0.113327
0.107824
0.147624
0.142594
0.112591
0.149741
0.123003
0.140478
0.122237
0.137945
0.0650055
0.135743
0.124537
0.151169
0.130089
0.145543
0.131675
0.137066
0.124997
0.138967
0.0421031
0.109634
0.142025
0.134436
0.150874
0.116556
0.0969498
0.160162
0.116968
0.103303
0.141509
0.0896962
0.132267
0.142125
0.121339
0.145936
0.145299
0.13793
0.110635
0.125719
0.120195
0.163351
0.135641
0.133102
0.131609
0.132658
0.0777055
0.146401
0.148926
0.116127
0.140179
0.143768
0.134514
0.124002
0.136191
0.0918536
0.139739
0.142722
0.104062
0.121161
0.133687
0.15172
0.0191996
0.106085
0.141721
0.141156
0.132835
0.130209
0.136281
0.115525
0.134151
0.0981801
0.132743
0.13696
0.131326
0.142451
0.133842
0.0825772
0.150717
0.13998
0.133079
0.139035
0.103707
0.142615
0.153167
0.0499788
0.150614
0.134297
0.128322
0.137289
0.140871
0.0903126
0.12474
0.116834
0.146546
0.145407
0.0981091
0.14428
0.124124
0.142978
0.131216
0.110316
0.153538
0.134654
0.137472
0.138499
0.141081
0.134604
0.122743
0.149268
0.126273
0.067832
0.153102
0.140475
0.112534
0.133192
0.122242
0.150616
0.132965
0.135279
0.151179
0.145613
0.111532
0.123317
0.129898
0.129929
0.127062
0.125471
0.118023
0.144921
0.133214
0.153311
0.142979
0.1173
0.142877
0.138744
0.126974
0.149393
0.1305
0.131943
0.120708
0.132887
0.125617
0.136118
0.134721
0.112206
0.152306
0.15132
0.128437
0.147675
0.116608
0.131633
0.132951
0.139177
0.153395
0.122548
0.138032
0.132821
0.130595
0.0542822
0.135241
0.140428
0.163039
0.131016
0.13814
0.100779
0.111695
0.0884807
0.140972
0.13364
0.134776
0.111839
0.130376
0.129662
0.0992948
0.13495
0.146378
0.130222
0.133253
0.130024
0.120371
0.151491
0.11665
0.126046
0.132522
0.147311
0.144526
0.089116
0.121843
0.116043
0.125251
0.0383392
0.128195
0.150093
0.0955967
0.139855
0.131688
0.147045
0.152668
0.133467
0.116784
0.153537
0.130764
0.15036
0.146139
0.133521
0.0936791
0.111093
0.1612
0.12917
0.143641
0.13238
0.13182
0.136473
0.137356
0.129948
0.110458
0.0388873
0.151422
0.144016
0.135063
0.0552911
0.139649
0.13718
0.136319
0.141835
0.13764
0.0923231
0.124214
0.132168
0.110688
0.130298
0.145209
0.130863
0.127261
0.140625
0.147757
0.130872
0.132005
0.153823
0.153074
0.143944
0.152992
0.134824
0.146407
0.131928
0.14281
0.0364092
0.131435
0.131846
0.084808
0.130899
0.089107
0.0669363
0.0184716
0.0865001
0.113828
0.134574
0.129749
0.140033
0.127965
0.128509
0.13653
0.110654
0.110209
0.0912933
0.145868
0.142153
0.12902
0.120413
0.130944
0.107777
0.137534
0.0702613
0.0924735
0.13097
0.138014
0.137939
0.129142
0.131684
0.111157
0.131993
0.139684
0.0709918
0.128974
0.132566
0.146455
0.0868471
0.0420308
0.128829
0.124997
0.0524904
0.143058
0.109657
0.14277
0.129931
0.117522
0.131076
0.119879
0.114444
0.0869598
0.136366
0.104985
0.141227
0.106641
0.139078
0.127274
0.0189158
0.107564
0.131473
0.129121
0.141941
0.0918249
0.132947
0.139241
0.1487
0.111522
0.126696
0.137049
0.106834
0.0930941
0.131501
0.146254
0.131504
0.132338
0.135626
0.156109
0.143887
0.153479
0.142953
0.124647
0.152159
0.119065
0.0879884
0.09487
0.125236
0.139967
0.140126
0.143612
0.118587
0.113342
0.138506
0.150313
0.146966
0.105264
0.153656
0.138821
0.13794
0.0291588
0.106846
0.145903
0.143007
0.14646
0.149583
0.125489
0.0935157
0.139214
0.14361
0.0948157
0.132946
0.138899
0.126139
0.128652
0.0976451
0.114394
0.0709824
0.132215
0.13291
0.141597
0.0419813
0.12449
0.130458
0.0971061
0.151
0.151315
0.141083
0.141783
0.102653
0.146479
0.151798
0.141071
0.12636
0.144525
0.114918
0.130205
0.129791
0.144885
0.137268
0.137776
0.0696438
0.151443
0.123643
0.134513
0.147529
0.134411
0.144053
0.146998
0.14128
0.101842
0.142767
0.0750894
0.145838
0.134398
0.15364
0.151834
0.103635
0.115732
0.153285
0.131612
0.126406
0.125788
0.13927
0.141383
0.113133
0.144864
0.11379
0.0655079
0.133924
0.135563
0.13521
0.139744
0.11753
0.129433
0.129429
0.145869
0.135762
0.108037
0.131928
0.139227
0.0960174
0.0910533
0.141766
0.092615
0.151142
0.139115
0.1528
0.138132
0.104847
0.142734
0.0913471
0.144634
0.127596
0.0407154
0.101966
0.14953
0.062544
0.0882081
0.135374
0.13958
0.105249
0.0870222
0.131081
0.15011
0.147524
0.142674
0.0505008
0.133236
0.0201673
0.150877
0.0973319
0.115763
0.113296
0.142937
0.132249
0.132665
0.0767615
0.0857127
0.150221
0.147794
0.142885
0.151723
0.0439075
0.137403
0.150047
0.14593
0.167423
0.126276
0.128881
0.133356
0.123323
0.0576001
0.140176
0.155935
0.138046
0.143474
0.148679
0.143975
0.087302
0.130801
0.133899
0.131422
0.173473
0.142686
0.134853
0.151174
0.148974
0.135459
0.132692
0.111525
0.167733
0.151648
0.148372
0.123242
0.148142
0.135981
0.139276
0.135752
0.137164
0.133678
0.117959
0.145828
0.0695907
0.111181
0.138551
0.172577
0.103652
0.136666
0.119833
0.129293
0.130804
0.143868
0.0720824
0.146156
0.122249
0.151299
0.076693
0.129477
0.150528
0.140911
0.135718
0.13503
0.138568
0.144578
0.133523
0.138192
0.148566
0.139782
0.150616
0.118216
0.0993664
0.135918
0.143902
0.108982
0.039336
0.149708
0.0939373
0.153382
0.139442
0.140785
0.137746
0.104037
0.123641
0.14162
0.142562
0.13366
0.14289
0.121438
0.132509
0.141835
0.150659
0.112608
0.134158
0.12461
0.0691732
0.119559
0.146579
0.141105
0.131186
0.146099
0.0971818
0.129916
0.137087
0.147006
0.151106
0.0526225
0.134972
0.11255
0.149156
0.14202
0.140578
0.136783
0.090609
0.133267
0.140147
0.139661
0.130845
0.13945
0.143259
0.14866
0.14237
0.13218
0.140926
0.138876
0.150674
0.142239
0.149536
0.121862
0.112821
0.111628
0.139936
0.135226
0.129242
0.140295
0.146361
0.168954
0.146807
0.149291
0.142638
0.131819
0.0423011
0.0979427
0.140275
0.142925
0.0932226
0.147873
0.151039
0.14155
0.133636
0.143367
0.150554
0.146642
0.140144
0.125797
0.113532
0.162035
0.141689
0.147773
0.149196
0.139339
0.13411
0.142391
0.147847
0.149951
0.132059
0.151219
0.153684
0.14969
0.125063
0.142247
0.143805
0.12608
0.145651
0.138387
0.0653518
0.136999
0.115266
0.151201
0.149484
0.136779
0.150686
0.142372
0.131825
0.139885
0.117483
0.141381
0.114376
0.12922
0.142614
0.133646
0.0850688
0.117512
0.144683
0.150513
0.127747
0.108454
0.123181
0.142519
0.135905
0.154066
0.143551
0.149004
0.0478675
0.169229
0.129038
0.144744
0.148571
0.15361
0.145435
0.149333
0.123937
0.15931
0.209322
0.0283598
0.143241
0.146124
0.155427
0.139486
0.145245
0.155145
0.150379
0.0802032
0.108077
0.133049
0.132755
0.150943
0.153864
0.14469
0.144249
0.133531
0.151094
0.110482
0.132099
0.152619
0.146172
0.140629
0.14423
0.142228
0.144766
0.147712
0.124507
0.142456
0.150157
0.0502263
0.14732
0.135278
0.138709
0.136602
0.0890077
0.140033
0.128399
0.100874
0.120009
0.13012
0.108481
0.151498
0.152126
0.136248
0.133308
0.156343
0.120521
0.151536
0.144397
0.143285
0.151135
0.140852
0.152665
0.148652
0.123919
0.139095
0.171933
0.151978
0.146235
0.0384753
0.141933
0.125911
0.162741
0.114466
0.13913
0.147535
0.12589
0.145393
0.133267
0.140058
0.149565
0.125422
0.110417
0.154105
0.138322
0.140536
0.052519
0.133414
0.119315
0.133837
0.0432939
0.112133
0.143064
0.137808
0.14574
0.130131
0.149547
0.152941
0.13036
0.154365
0.124571
0.134784
0.143329
0.135505
0.104264
0.148118
0.142404
0.137076
0.150892
0.124401
0.148825
0.136152
0.125003
0.141793
0.118476
0.144164
0.127734
0.147902
0.132912
0.148963
0.140563
0.136666
0.145851
0.142883
0.141408
0.100794
0.147856
0.0987124
0.149889
0.153147
0.130298
0.132521
0.145004
0.144185
0.141234
0.130494
0.142502
0.138237
0.115915
0.134952
0.123982
0.15031
0.149339
0.138028
0.11867
0.133728
0.142417
0.128832
0.136267
0.15347
0.0511054
0.136539
0.151566
0.172821
0.148933
0.130898
0.145344
0.134803
0.147955
0.148429
0.140661
0.150796
0.135249
0.13509
0.149675
0.100953
0.138494
0.147785
0.143292
0.151241
0.117396
0.124182
0.147711
0.115671
0.157596
0.140796
0.112701
0.17427
0.136139
0.136943
0.152226
0.136985
0.147621
0.120517
0.158101
0.136477
0.147518
0.150036
0.105522
0.153963
0.143927
0.138182
0.135548
0.144098
0.141056
0.141258
0.154357
0.144238
0.13542
0.130367
0.133762
0.148583
0.149332
0.148171
0.149497
0.151318
0.129186
0.106257
0.148474
0.133226
0.143029
0.14686
0.14769
0.142275
0.145984
0.131321
0.144864
0.137822
0.143091
0.139041
0.132796
0.146987
0.139831
0.15168
0.142686
0.15056
0.14649
0.0978472
0.119037
0.121278
0.113975
0.127544
0.132367
0.133514
0.148023
0.141411
0.12957
0.161859
0.153257
0.150515
0.13343
0.16796
0.148671
0.148786
0.139651
0.143063
0.14716
0.150994
0.112783
0.153304
0.158509
0.149778
0.148814
0.14558
0.147569
0.126035
0.132986
0.151456
0.132673
0.105173
0.15092
0.138807
0.144555
0.149551
0.146157
0.132405
0.119326
0.147825
0.149587
0.132347
0.150735
0.14762
0.14703
0.144312
0.139767
0.136165
0.147753
0.150214
0.149834
0.134403
0.149708
0.155674
0.151393
0.146334
0.149838
0.142768
0.145791
0.143677
0.141505
0.135177
0.149833
0.150264
0.151947
0.134196
0.149765
0.148331
0.109129
0.151255
0.150999
0.143244
0.151822
0.147872
0.148811
0.149826
0.150527
0.152285
0.150978
0.151267
0.136211
0.154333
0.143851
0.0320171
0.148723
0.131563
0.139895
0.11983
0.121497
0.154047
0.149203
0.150508
0.140533
0.0952558
0.135411
0.164477
0.143011
0.142533
0.145401
0.132299
0.153469
0.139912
0.144625
0.143552
0.146936
0.149066
0.115383
0.0494502
0.150637
0.141477
0.127102
0.14878
0.146792
0.153125
0.112214
0.149013
0.129731
0.138891
0.140427
0.147306
0.15786
0.14397
0.128588
0.150408
0.151357
0.148942
0.153123
0.149966
0.14738
0.0826867
0.152151
0.148359
0.149574
0.128983
0.149712
0.142928
0.131988
0.118995
0.097663
0.15258
0.150864
0.137957
0.109008
0.144209
0.147816
0.149136
0.140134
0.153544
0.151304
0.0675977
0.14201
0.152742
0.137234
0.150987
0.110459
0.12901
0.146345
0.147128
0.129591
0.156556
0.128605
0.139903
0.146869
0.105297
0.155413
0.146496
0.151846
0.0565599
0.146902
0.109323
0.123828
0.13877
0.139437
0.13652
0.151334
0.0253545
0.149219
0.132356
0.155299
0.15146
0.11095
0.124784
0.129168
0.153146
0.157287
0.132376
0.148752
0.146473
0.152848
0.141499
0.143559
0.138663
0.120205
0.149804
0.149278
0.148783
0.150656
0.150881
0.139093
0.150219
0.140006
0.142854
0.142581
0.150171
0.122836
0.15096
0.149954
0.150178
0.150911
0.120241
0.149991
0.141171
0.13151
0.15016
0.141477
0.134624
0.193119
0.149247
0.153391
0.0754572
0.141661
0.154248
0.135597
0.152341
0.151727
0.130515
0.145234
0.154153
0.149076
0.130684
0.133943
0.14802
0.15039
0.14173
0.15133
0.155849
0.0984834
0.133085
0.151901
0.151774
0.150238
0.150421
0.131387
0.120669
0.150402
0.151112
0.14766
0.0713321
0.148688
0.150858
0.141791
0.143485
0.14098
0.147006
0.151963
0.182852
0.150609
0.147538
0.142925
0.111002
0.153116
0.149379
0.159263
0.0614761
0.111933
0.130223
0.144615
0.169417
0.118407
0.149992
0.153354
0.146653
0.152677
0.149234
0.149853
0.150726
0.143314
0.150065
0.149047
0.155361
0.100197
0.108694
0.152193
0.117935
0.126543
0.145294
0.149572
0.151161
0.110316
0.153454
0.151213
0.132216
0.151865
0.131058
0.153855
0.153803
0.160736
0.143365
0.142293
0.152359
0.112896
0.136841
0.141516
0.130211
0.152621
0.152593
0.148648
0.149002
0.132424
0.146718
0.142615
0.151946
0.145088
0.165105
0.0912286
0.0991313
0.15234
0.0655313
0.144669
0.137686
0.151818
0.152872
0.149865
0.148384
0.153256
0.153309
0.131122
0.126402
0.134269
0.130427
0.10645
0.152999
0.148416
0.151604
0.153536
0.144148
0.149142
0.139551
0.15303
0.140675
0.149241
0.145702
0.138312
0.13312
0.150206
0.142795
0.150129
0.15298
0.153282
0.156688
0.153181
0.139013
0.152491
0.147154
0.14014
0.137584
0.146023
0.096227
0.153755
0.110406
0.124831
0.150533
0.0427197
0.135026
0.153522
0.148414
0.153958
0.125887
0.151595
0.150199
0.133828
0.138597
0.153318
0.164597
0.151871
0.1269
0.15274
0.133915
0.129672
0.137056
0.121891
0.150225
0.129369
0.133968
0.0766234
0.151118
0.143802
0.050683
0.148085
0.153696
0.145214
0.145287
0.154673
0.15201
0.142018
0.112711
0.139958
0.133087
0.152382
0.0732027
0.151903
0.135882
0.151006
0.145168
0.148351
0.146024
0.156312
0.0691092
0.145969
0.153678
0.164041
0.145923
0.151841
0.140919
0.141468
0.152083
0.155728
0.149704
0.122456
0.140648
0.143973
0.149805
0.133774
0.145379
0.149042
0.149919
0.124142
0.0381636
0.146705
0.148496
0.137169
0.134321
0.139044
0.14448
0.118535
0.153662
0.139783
0.154208
0.151335
0.152674
0.15094
0.149983
0.151888
0.150188
0.14357
0.145806
0.166948
0.149791
0.135597
0.148512
0.153348
0.151156
0.147347
0.153461
0.151293
0.15064
0.153756
0.152892
0.150006
0.149378
0.150945
0.152012
0.158694
0.132063
0.152741
0.150946
0.149487
0.151077
0.143491
0.134023
0.148728
0.160612
0.149744
0.133239
0.166167
0.140265
0.149705
0.152203
0.148457
0.149523
0.137882
0.151939
0.152212
0.146573
0.145543
0.150782
0.153494
0.135189
0.1422
0.135307
0.153522
0.153619
0.133962
0.147383
0.144491
0.154083
0.150766
0.152812
0.135763
0.13749
0.144391
0.146739
0.132758
0.152013
0.146687
0.149859
0.143473
0.138096
0.169275
0.150573
0.137605
0.152595
0.150188
0.150145
0.145404
0.139676
0.143906
0.144288
0.140068
0.146234
0.139645
0.143935
0.14817
0.141258
0.146857
0.151475
0.156156
0.147627
0.138634
0.146831
0.144175
0.153351
0.144953
0.153194
0.143044
0.120267
0.138523
0.145702
0.128712
0.0530288
0.131913
0.147978
0.148404
0.152971
0.159738
0.165918
0.138701
0.166938
0.146584
0.139897
0.15235
0.111069
0.134147
0.148895
0.140005
0.18068
0.145465
0.13671
0.15054
0.153639
0.145422
0.153585
0.142061
0.137878
0.143933
0.148388
0.152961
0.12854
0.138752
0.146747
0.175845
0.150032
0.146715
0.151662
0.14471
0.144615
0.143283
0.150264
0.148115
0.149651
0.146288
0.150522
0.0707367
0.134996
0.151324
0.152592
0.15237
0.153347
0.16044
0.133468
0.142387
0.155119
0.138434
0.149807
0.14638
0.176459
0.146882
0.0932064
0.100936
0.162499
0.153344
0.148483
0.151449
0.13624
0.142557
0.153458
0.104857
0.154528
0.154737
0.15924
0.197592
0.179222
0.144674
0.140866
0.144252
0.150773
0.144399
0.140527
0.0894149
0.153951
0.14822
0.153249
0.145207
0.030556
0.147862
0.138644
0.158474
0.140311
0.154334
0.152907
0.151598
0.148481
0.149329
0.146221
0.153587
0.153427
0.153295
0.14608
0.143839
0.153671
0.154012
0.152577
0.153524
0.154232
0.153329
0.153859
0.154215
0.153445
0.174353
0.170706
0.153588
0.150358
0.154807
0.146104
0.154355
0.154336
0.154357
0.157265
0.139228
0.153969
0.154312
0.153928
0.15368
0.149927
0.145035
0.149343
0.174309
0.151622
0.133556
0.159409
0.14678
0.154576
0.136319
0.154351
0.144616
0.15017
0.17006
0.149294
0.157095
0.158142
0.143609
0.149174
0.154337
0.151124
0.143668
0.154387
0.15309
0.147545
0.137283
0.158403
0.168918
0.153902
0.167384
0.147548
0.146961
0.14778
0.144702
0.139486
0.162702
0.147803
0.142435
0.145242
0.162163
0.147325
0.149647
0.143757
0.148289
0.153198
0.150108
0.147824
0.148432
0.15296
0.142014
0.148583
0.136238
0.143173
0.149499
0.152442
0.180549
0.148767
0.148253
0.137242
0.144461
0.147068
0.129744
0.082029
0.153105
0.152363
0.143287
0.136162
0.133343
0.152718
0.133797
0.147944
0.152189
0.154721
0.156433
0.141495
0.140055
0.153278
0.148782
0.153775
0.172786
0.143533
0.164296
0.150264
0.153627
0.103959
0.150971
0.153763
0.166418
0.143279
0.14678
0.15172
0.155027
0.0537759
0.144952
0.152326
0.14695
0.0927633
0.153205
0.0877184
0.136913
0.102325
0.0392269
0.151993
0.1573
0.147288
0.151073
0.133575
0.151156
0.152987
0.142546
0.148673
0.135798
0.139949
0.13641
0.152869
0.150758
0.155218
0.152009
0.151964
0.156754
0.151239
0.1407
0.139413
0.143633
0.139426
0.148036
0.172016
0.110604
0.153241
0.144364
0.135699
0.129473
0.15129
0.153556
0.139157
0.0285437
0.152914
0.148325
0.152261
0.137608
0.119616
0.182145
0.15383
0.146874
0.137339
0.146642
0.153599
0.152891
0.152089
0.0404901
0.15184
0.153009
0.158597
0.138821
0.148156
0.136126
0.146243
0.156846
0.129596
0.148399
0.14486
0.151489
0.147025
0.150556
0.111211
0.125632
0.162036
0.151716
0.146953
0.139751
0.136502
0.145419
0.121096
0.121224
0.141651
0.153726
0.133521
0.153502
0.150804
0.128186
0.149785
0.15008
0.156174
0.149046
0.11716
0.0672373
0.137549
0.155799
0.15239
0.151001
0.140713
0.141239
0.15142
0.143093
0.152549
0.12972
0.0446895
0.154658
0.151434
0.145495
0.136026
0.150507
0.150276
0.153725
0.109674
0.149565
0.129416
0.132556
0.146171
0.144513
0.150336
0.153762
0.133775
0.133725
0.152968
0.0285661
0.143565
0.134309
0.159012
0.149331
0.132332
0.146333
0.153727
0.149422
0.135803
0.153681
0.134328
0.146954
0.154262
0.153294
0.131888
0.151587
0.0944442
0.153634
0.127251
0.153466
0.148994
0.123439
0.153415
0.1654
0.1531
0.135541
0.125687
0.147826
0.177375
0.140055
0.13487
0.153205
0.135004
0.124432
0.134719
0.126214
0.145965
0.141857
0.167784
0.149503
0.145075
0.138872
0.129784
0.152325
0.149795
0.125788
0.154759
0.106109
0.143916
0.153704
0.143278
0.136886
0.133068
0.148121
0.14711
0.153809
0.149341
0.138274
0.153374
0.149888
0.141669
0.150159
0.13375
0.153427
0.130699
0.144396
0.148713
0.148087
0.121069
0.157312
0.144855
0.131486
0.125766
0.132003
0.153534
0.15357
0.14674
0.153116
0.135501
0.15327
0.0281868
0.14793
0.144905
0.145054
0.101843
0.146385
0.145975
0.135256
0.069893
0.108192
0.150748
0.151489
0.125223
0.127906
0.150593
0.154137
0.156955
0.13822
0.153804
0.150254
0.152843
0.152534
0.151878
0.153815
0.150864
0.153135
0.138673
0.135783
0.153131
0.14585
0.17704
0.145759
0.153194
0.110877
0.106202
0.148676
0.132394
0.154701
0.146222
0.147057
0.147894
0.131548
0.116692
0.151809
0.152667
0.0967544
0.147395
0.155034
0.146151
0.137575
0.152605
0.146966
0.12918
0.15281
0.15289
0.153158
0.12635
0.149805
0.126674
0.126057
0.146643
0.151732
0.146558
0.156651
0.147941
0.130401
0.127592
0.146855
0.148725
0.153343
0.150372
0.146681
0.153495
0.132045
0.116082
0.151711
0.152755
0.0734987
0.118272
0.14587
0.153005
0.16472
0.12672
0.141716
0.143496
0.153481
0.133422
0.150168
0.150697
0.15375
0.13872
0.0500889
0.135983
0.144217
0.141646
0.139735
0.14492
0.142956
0.151791
0.153269
0.141158
0.151544
0.142881
0.151756
0.149916
0.150068
0.133187
0.0737183
0.14745
0.151943
0.152406
0.148301
0.149718
0.160838
0.150814
0.111687
0.155896
0.130085
0.133851
0.149951
0.148668
0.159065
0.130774
0.176623
0.153688
0.135755
0.153041
0.143965
0.0349378
0.149947
0.142815
0.0823001
0.151765
0.156992
0.145717
0.150763
0.144486
0.14926
0.138498
0.156972
0.107121
0.149987
0.14916
0.151117
0.149223
0.135566
0.151936
0.158481
0.154497
0.151519
0.139204
0.146082
0.105472
0.146785
0.152581
0.15334
0.140735
0.143472
0.127936
0.102036
0.130108
0.15154
0.149191
0.150163
0.135742
0.152234
0.153129
0.131248
0.116456
0.153234
0.152221
0.127324
0.149771
0.154122
0.150949
0.15237
0.141584
0.144429
0.138692
0.0649713
0.104105
0.153085
0.170768
0.153241
0.151359
0.141697
0.159476
0.146607
0.150828
0.150624
0.148384
0.148344
0.151733
0.144067
0.151126
0.153324
0.146357
0.152743
0.146363
0.15121
0.152734
0.130019
0.150168
0.127512
0.158813
0.157499
0.151059
0.0454882
0.137533
0.150021
0.098238
0.152094
0.139565
0.105514
0.151882
0.147176
0.139674
0.152873
0.14902
0.161526
0.151593
0.150517
0.144007
0.157035
0.151565
0.0714347
0.149177
0.132707
0.129354
0.151427
0.14782
0.138656
0.158029
0.151161
0.0710793
0.155184
0.153269
0.147063
0.150736
0.150904
0.154523
0.133056
0.146394
0.147195
0.151397
0.146683
0.150397
0.126642
0.148749
0.153939
0.112079
0.149844
0.150734
0.1526
0.150588
0.152743
0.0915124
0.150858
0.150609
0.150948
0.149007
0.07268
0.155665
0.127413
0.152489
0.149172
0.129061
0.152845
0.150586
0.153442
0.11409
0.15335
0.146157
0.138059
0.151442
0.152951
0.15027
0.153154
0.136301
0.11628
0.153237
0.149896
0.108525
0.140376
0.152501
0.151966
0.125855
0.153228
0.142686
0.150271
0.145102
0.150556
0.150715
0.147829
0.144377
0.150072
0.121575
0.0448586
0.133484
0.151647
0.167265
0.132694
0.135078
0.148455
0.14376
0.152604
0.0962513
0.151054
0.149945
0.127624
0.112907
0.148824
0.153087
0.139539
0.141466
0.152126
0.151733
0.158765
0.150448
0.131788
0.130905
0.103991
0.150346
0.14761
0.111415
0.107162
0.131119
0.152042
0.0684314
0.145533
0.152178
0.14619
0.0965928
0.116347
0.13302
0.152282
0.1503
0.141358
0.149888
0.150525
0.135848
0.067989
0.139637
0.146555
0.124955
0.152198
0.144975
0.128158
0.148335
0.147857
0.133763
0.160543
0.151875
0.14778
0.137988
0.136446
0.144829
0.14657
0.152036
0.13584
0.153344
0.143288
0.128309
0.151371
0.0965793
0.147916
0.125485
0.151929
0.151947
0.15423
0.138125
0.151242
0.133996
0.149717
0.150159
0.147862
0.154855
0.152975
0.144582
0.131372
0.107725
0.144511
0.146435
0.147992
0.136903
0.152743
0.153074
0.136591
0.131995
0.141927
0.124306
0.133115
0.147947
0.130048
0.128971
0.151552
0.133264
0.0940999
0.150329
0.101262
0.151345
0.150987
0.14384
0.152518
0.149956
0.150147
0.147907
0.172108
0.149797
0.150473
0.132277
0.145848
0.150497
0.149282
0.152352
0.150377
0.146023
0.15098
0.148918
0.149943
0.101923
0.159921
0.164957
0.034401
0.131431
0.150426
0.141295
0.133901
0.151069
0.0969876
0.139707
0.153132
0.143571
0.137072
0.116028
0.149573
0.149248
0.148616
0.146543
0.147072
0.124308
0.146945
0.12715
0.125628
0.151468
0.138701
0.149316
0.152954
0.149097
0.105724
0.141396
0.148055
0.122587
0.14891
0.148461
0.146699
0.148933
0.149328
0.14658
0.148228
0.153039
0.13924
0.146037
0.146668
0.107059
0.0873187
0.152717
0.147287
0.121355
0.128313
0.152924
0.179951
0.138353
0.147307
0.149934
0.148018
0.0933681
0.105175
0.149174
0.144792
0.128656
0.0190902
0.14181
0.150718
0.149427
0.146483
0.136344
0.162019
0.150082
0.124434
0.152538
0.0950418
0.148126
0.134946
0.140979
0.147422
0.149137
0.14293
0.137365
0.145378
0.148706
0.149127
0.148249
0.149463
0.149753
0.149064
0.0209865
0.12403
0.124324
0.124502
0.146728
0.144141
0.148098
0.133092
0.123998
0.147465
0.143302
0.147584
0.149103
0.143829
0.147151
0.127031
0.146357
0.12423
0.147823
0.132302
0.152206
0.136095
0.115332
0.118885
0.140097
0.114384
0.138068
0.143059
0.136477
0.145306
0.134043
0.13381
0.147775
0.148592
0.14294
0.136923
0.124061
0.142583
0.150748
0.0700929
0.150783
0.110611
0.152341
0.11158
0.149894
0.149833
0.156108
0.147105
0.15034
0.0976105
0.14963
0.143005
0.154366
0.143568
0.140112
0.148298
0.148663
0.135004
0.150225
0.145429
0.127253
0.128994
0.148987
0.146692
0.138689
0.125394
0.135823
0.150196
0.141543
0.147993
0.150009
0.144661
0.106154
0.0861527
0.146974
0.148214
0.1501
0.14574
0.137297
0.0730508
0.104271
0.137739
0.136869
0.144825
0.147511
0.146829
0.144819
0.149583
0.146858
0.148638
0.105996
0.152052
0.144036
0.146293
0.151334
0.165111
0.149611
0.14735
0.144681
0.117603
0.137909
0.147366
0.152385
0.121722
0.138722
0.143525
0.135491
0.13798
0.119816
0.146007
0.146015
0.14213
0.14821
0.146312
0.152184
0.149952
0.143127
0.144818
0.140932
0.150213
0.151935
0.136401
0.119625
0.147925
0.145765
0.134138
0.142311
0.149367
0.143886
0.156732
0.137656
0.0865979
0.118073
0.13821
0.143538
0.130354
0.143996
0.151953
0.139224
0.0721659
0.133423
0.145157
0.152351
0.14698
0.137117
0.149435
0.143384
0.11653
0.172178
0.144526
0.149054
0.145254
0.149573
0.13721
0.15022
0.152716
0.153485
0.14937
0.150784
0.115544
0.133099
0.110994
0.137736
0.145543
0.151814
0.145244
0.133792
0.14784
0.147996
0.071066
0.133547
0.146404
0.146846
0.0768973
0.142343
0.145765
0.149999
0.107923
0.137328
0.152606
0.126873
0.0660466
0.122856
0.155487
0.147549
0.0810309
0.144684
0.149921
0.123021
0.116567
0.138551
0.13655
0.152702
0.139683
0.150136
0.140228
0.143759
0.1504
0.150665
0.143495
0.136283
0.149558
0.132368
0.146425
0.144269
0.144851
0.132863
0.135834
0.143233
0.144005
0.133565
0.152302
0.151738
0.136654
0.150518
0.0294779
0.150871
0.15149
0.148869
0.149987
0.141531
0.148249
0.105047
0.142874
0.139736
0.132175
0.150058
0.149103
0.147009
0.148856
0.151584
0.151792
0.158176
0.144093
0.150347
0.143729
0.138199
0.150259
0.140098
0.151559
0.148457
0.163392
0.111242
0.148587
0.158138
0.149997
0.11017
0.136191
0.13151
0.146577
0.139153
0.143111
0.136975
0.136228
0.142227
0.138484
0.141417
0.147516
0.151691
0.140527
0.134229
0.11463
0.152285
0.148909
0.127696
0.130032
0.135075
0.152547
0.125129
0.138533
0.140844
0.145761
0.146032
0.150689
0.152059
0.142611
0.150267
0.152033
0.152405
0.113596
0.140274
0.150218
0.0574411
0.142668
0.145264
0.142332
0.100553
0.136204
0.152242
0.107996
0.139809
0.149472
0.137284
0.144893
0.0190707
0.151039
0.0952118
0.149879
0.13014
0.150511
0.143572
0.133887
0.0276485
0.152294
0.144863
0.15075
0.152294
0.144324
0.149651
0.133193
0.12845
0.0879969
0.148685
0.144372
0.138477
0.141741
0.140325
0.141103
0.172614
0.148087
0.148406
0.13655
0.130368
0.151066
0.143811
0.147882
0.131192
0.100346
0.13397
0.152028
0.074157
0.150214
0.152026
0.138296
0.137399
0.0913594
0.149048
0.14663
0.150363
0.15008
0.140583
0.146419
0.150387
0.108237
0.147251
0.137236
0.150635
0.109785
0.128081
0.150784
0.119157
0.139536
0.147421
0.140129
0.149408
0.150716
0.144608
0.142672
0.123019
0.13818
0.151659
0.105366
0.133509
0.137366
0.147208
0.143565
0.139871
0.109143
0.0350404
0.123267
0.136802
0.137219
0.149891
0.141964
0.0909905
0.131436
0.134832
0.133748
0.152087
0.137429
0.146056
0.09519
0.145922
0.123824
0.143459
0.139386
0.149193
0.148126
0.109964
0.133796
0.148648
0.0378815
0.131373
0.148079
0.0730146
0.129873
0.136633
0.131989
0.152553
0.148257
0.148267
0.14284
0.145292
0.152399
0.126654
0.126512
0.149881
0.124926
0.145453
0.140091
0.131442
0.123792
0.137149
0.141389
0.141496
0.130659
0.144024
0.134845
0.149316
0.152209
0.128513
0.139
0.157316
0.126698
0.0855717
0.135203
0.147242
0.148269
0.136917
0.13845
0.143521
0.147789
0.154944
0.13361
0.142961
0.149273
0.134786
0.148223
0.136396
0.141038
0.17629
0.131376
0.125559
0.0929279
0.139209
0.106773
0.139455
0.164512
0.133606
0.146896
0.127173
0.142121
0.12329
0.135666
0.136814
0.141078
0.140377
0.127759
0.138715
0.116104
0.139405
0.0882337
0.141046
0.133774
0.13659
0.150182
0.139779
0.0739481
0.152088
0.128505
0.112019
0.133142
0.141592
0.136634
0.136493
0.133875
0.143248
0.140277
0.153044
0.147538
0.147842
0.133969
0.149807
0.138837
0.121322
0.143626
0.140275
0.125856
0.147115
0.0900788
0.149754
0.132144
0.124636
0.137998
0.1658
0.151916
0.107253
0.144859
0.183519
0.13326
0.112143
0.144376
0.113971
0.119678
0.135849
0.150525
0.126143
0.146198
0.151544
0.146377
0.133905
0.127694
0.146737
0.0949471
0.13446
0.14188
0.16021
0.150866
0.143724
0.100052
0.146972
0.143816
0.129483
0.138533
0.131168
0.0951058
0.0300536
0.117853
0.0983726
0.155614
0.106033
0.152281
0.0684015
0.141755
0.09268
0.139316
0.0184611
0.136281
0.0763065
0.0937488
0.128058
0.145111
0.137221
0.131758
0.142574
0.132488
0.141959
0.106749
0.106142
0.110392
0.141682
0.111291
0.0908829
0.148662
0.142055
0.142866
0.134459
0.123717
0.151179
0.137658
0.139348
0.105458
0.0459804
0.133269
0.131222
0.135731
0.140057
0.0928587
0.143034
0.145561
0.142216
0.139478
0.140439
0.124932
0.134429
0.0356817
0.143499
0.147315
0.134024
0.125274
0.11989
0.158708
0.144276
0.121993
0.131542
0.0526919
0.138613
0.146405
0.127108
0.123032
0.1392
0.145221
0.139913
0.140054
0.133439
0.142384
0.147137
0.134995
0.149651
0.140552
0.139826
0.150275
0.132392
0.132567
0.127452
0.135406
0.0958744
0.143797
0.137013
0.144162
0.134523
0.137825
0.0911388
0.14774
0.133285
0.151218
0.115816
0.153035
0.136487
0.137285
0.148351
0.149017
0.148752
0.134068
0.151579
0.126769
0.137329
0.149656
0.139005
0.140796
0.133666
0.135541
0.151374
0.142387
0.131143
0.14132
0.129388
0.130488
0.0829948
0.141185
0.135462
0.123541
0.1393
0.125322
0.142904
0.115377
0.122646
0.129734
0.133469
0.131596
0.140923
0.150208
0.134424
0.126758
0.0602912
0.0949988
0.134836
0.143363
0.132523
0.111025
0.141703
0.140082
0.132697
0.138435
0.13385
0.142581
0.144732
0.128029
0.127571
0.0883171
0.129288
0.0285608
0.109388
0.142864
0.141519
0.0660572
0.144755
0.149884
0.0905405
0.140363
0.114551
0.142396
0.147107
0.138388
0.142568
0.120456
0.152143
0.162523
0.127959
0.143773
0.149883
0.0806618
0.124817
0.139384
0.130465
0.133546
0.114753
0.143455
0.125545
0.0747862
0.141917
0.0911638
0.181691
0.128362
0.148855
0.143022
0.140235
0.175499
0.148675
0.141897
0.140862
0.103654
0.153134
0.146482
0.166945
0.145836
0.143971
0.115821
0.13949
0.149755
0.146053
0.152336
0.124868
0.142193
0.143196
0.135424
0.09827
0.110807
0.149642
0.0969968
0.128008
0.119772
0.153106
0.166425
0.131014
0.124162
0.143348
0.145013
0.146683
0.130025
0.134103
0.141462
0.127303
0.145465
0.115839
0.147446
0.153181
0.095061
0.147173
0.123986
0.135198
0.140861
0.152335
0.121976
0.154364
0.14465
0.0783738
0.143785
0.0650503
0.141516
0.0807826
0.144829
0.133393
0.104359
0.127095
0.155042
0.138581
0.144133
0.136286
0.0700535
0.11189
0.114833
0.137776
0.144575
0.139136
0.116148
0.0280024
0.116474
0.139051
0.103952
0.0971681
0.111463
0.142556
0.144659
0.132876
0.140297
0.135243
0.1332
0.116938
0.13211
0.138984
0.152334
0.121228
0.116402
0.140842
0.141291
0.153461
0.146839
0.138346
0.146378
0.145312
0.125275
0.12716
0.114986
0.110674
0.144618
0.134414
0.132996
0.136167
0.138472
0.133389
0.113246
0.123638
0.112586
0.0856843
0.137842
0.0884435
0.149854
0.127555
0.116855
0.126356
0.151681
0.138247
0.0988056
0.0286805
0.1492
0.104445
0.0995446
0.147821
0.151472
0.145005
0.127871
0.136562
0.149932
0.134485
0.136847
0.145488
0.147546
0.1097
0.110465
0.134847
0.105206
0.13206
0.150763
0.13086
0.149625
0.136529
0.124634
0.109086
0.139682
0.09651
0.106071
0.14364
0.136266
0.130654
0.137887
0.137199
0.114691
0.0745704
0.119859
0.152704
0.128268
0.135241
0.141713
0.147874
0.11261
0.134898
0.133965
0.140093
0.088185
0.141366
0.139788
0.138171
0.148563
0.142529
0.157361
0.114872
0.142283
0.146634
0.12855
0.0580223
0.0996261
0.144389
0.148771
0.135363
0.114114
0.12609
0.0424313
0.154178
0.147041
0.147449
0.100787
0.118979
0.123025
0.0879886
0.10583
0.10905
0.137993
0.136151
0.145062
0.13848
0.135337
0.0749375
0.128848
0.125741
0.137854
0.136698
0.104564
0.133962
0.141961
0.116326
0.145125
0.110406
0.135286
0.148082
0.0281775
0.136328
0.131987
0.13489
0.14162
0.137658
0.106999
0.117479
0.139946
0.0293257
0.137644
0.148907
0.117279
0.128303
0.142726
0.121225
0.116442
0.0688175
0.111365
0.147103
0.12558
0.109101
0.0939182
0.141321
0.138363
0.0993269
0.0339212
0.151133
0.131227
0.109239
0.126496
0.129529
0.135093
0.147579
0.137883
0.134306
0.137618
0.130911
0.144295
0.14315
0.0279133
0.151414
0.140032
0.145024
0.152154
0.136257
0.140147
0.135325
0.131239
0.131464
0.0695983
0.0379112
0.149998
0.115568
0.126232
0.138177
0.0822746
0.11499
0.0995583
0.125598
0.0379022
0.122414
0.121672
0.0940913
0.0672454
0.147656
0.111762
0.0951701
0.0994696
0.143536
0.116396
0.128172
0.141018
0.0268534
0.108528
0.115538
0.142227
0.144091
0.144753
0.120982
0.139484
0.141769
0.134977
0.133692
0.0368879
0.124164
0.117793
0.148136
0.14687
0.128251
0.146519
0.141423
0.111843
0.136446
0.144122
0.152992
0.130261
0.101487
0.111872
0.098026
0.131587
0.144434
0.100441
0.14574
0.126963
0.137376
0.136203
0.14906
0.127332
0.109763
0.125
0.109976
0.0902725
0.139217
0.137014
0.0530009
0.149252
0.132798
0.128398
0.145561
0.132884
0.103398
0.130315
0.0934971
0.137326
0.126549
0.12622
0.147507
0.116353
0.129684
0.100936
0.105561
0.0910169
0.144538
0.0989429
0.155631
0.142851
0.0821228
0.147007
0.116065
0.145987
0.138613
0.147665
0.17076
0.111125
0.136254
0.136037
0.100439
0.124353
0.134018
0.12032
0.140445
0.132775
0.0705228
0.0637769
0.128868
0.0911813
0.139605
0.121633
0.105714
0.12553
0.150923
0.140787
0.0909217
0.102318
0.119347
0.104967
0.103768
0.0580468
0.134278
0.147212
0.12131
0.142842
0.0967039
0.145184
0.145057
0.0304009
0.146271
0.134731
0.0996963
0.142077
0.108288
0.144302
0.133899
0.143195
0.123319
0.134687
0.126695
0.107567
0.147154
0.145305
0.0988116
0.149321
0.124967
0.134447
0.123158
0.0688729
0.0906629
0.149694
0.150126
0.136125
0.0950769
0.144168
0.096815
0.0495555
0.130341
0.136863
0.136094
0.12791
0.124579
0.0658812
0.0727029
0.13685
0.137477
0.112761
0.110208
0.136514
0.112473
0.127381
0.139687
0.14436
0.0974989
0.126622
0.150302
0.125567
0.15082
0.148867
0.136751
0.109005
0.0978759
0.105552
0.148665
0.133525
0.121788
0.145367
0.139074
0.0941998
0.132377
0.133699
0.0870279
0.0360097
0.0940659
0.1465
0.139503
0.0975679
0.143796
0.104232
0.136333
0.0898453
0.138953
0.078217
0.135641
0.086137
0.121793
0.142124
0.0685695
0.125992
0.119478
0.0372225
0.104977
0.134359
0.125789
0.131871
0.136257
0.138452
0.143676
0.126714
0.0654328
0.100025
0.111052
0.151076
0.125513
0.114101
0.155342
0.0706389
0.132119
0.136705
0.147908
0.123008
0.182507
0.133908
0.142838
0.123374
0.136098
0.0881023
0.132862
0.137143
0.127631
0.143089
0.107398
0.137717
0.1463
0.147873
0.0660675
0.0961451
0.0998405
0.157076
0.148424
0.116279
0.134598
0.137737
0.143857
0.11687
0.0851661
0.151071
0.101742
0.120925
0.126598
0.153285
0.146776
0.143862
0.0638537
0.13367
0.138424
0.0847445
0.117118
0.127654
0.143033
0.141755
0.13123
0.0733789
0.139014
0.115895
0.0908161
0.150058
0.0903538
0.126998
0.135607
0.10877
0.142151
0.110217
0.146816
0.148065
0.0718815
0.137641
0.146556
0.0717247
0.168053
0.0426525
0.147544
0.130417
0.125834
0.148645
0.15298
0.120534
0.105607
0.135702
0.144704
0.130706
0.119048
0.0835383
0.131832
0.0945093
0.140554
0.0730311
0.118197
0.136412
0.149658
0.0389023
0.0924646
0.14402
0.130355
0.113457
0.0708739
0.143114
0.0850857
0.147521
0.123125
0.148447
0.0978209
0.123024
0.141064
0.134229
0.140632
0.0673535
0.154046
0.131746
0.0866367
0.151116
0.148066
0.160844
0.133729
0.131518
0.107576
0.143957
0.148185
0.149699
0.114285
0.12016
0.1277
0.147074
0.153036
0.146728
0.103249
0.158546
0.106029
0.13979
0.129344
0.113729
0.122972
0.13076
0.142794
0.129746
0.0867554
0.143635
0.139395
0.126207
0.142699
0.135308
0.0947821
0.123733
0.127969
0.148823
0.110663
0.0728693
0.0912421
0.140759
0.0540488
0.0937143
0.131584
0.107585
0.143429
0.134754
0.0716273
0.110143
0.143704
0.125918
0.093915
0.117396
0.126283
0.0890227
0.152797
0.146786
0.134035
0.118287
0.0945706
0.149783
0.0382926
0.0991651
0.111655
0.117054
0.147276
0.0826403
0.10404
0.114926
0.106111
0.140182
0.131591
0.138366
0.139121
0.0889648
0.10356
0.128479
0.114715
0.0976052
0.123794
0.131625
0.103664
0.123582
0.14322
0.0881454
0.12999
0.145804
0.0902489
0.0714032
0.117475
0.140255
0.172479
0.162577
0.0944554
0.147234
0.0772541
0.157496
0.0914227
0.132865
0.143286
0.098322
0.117392
0.142248
0.149931
0.115557
0.12196
0.0736957
0.150969
0.111363
0.126548
0.141232
0.116443
0.105489
0.14555
0.119435
0.131046
0.150383
0.156176
0.146304
0.115717
0.135287
0.13955
0.123758
0.134657
0.150736
0.150672
0.147709
0.118233
0.096116
0.137311
0.0946812
0.114112
0.114098
0.137208
0.0867579
0.09708
0.0701296
0.0989502
0.106283
0.132078
0.114722
0.0695752
0.110522
0.150639
0.102096
0.0978947
0.0956523
0.115012
0.11434
0.141513
0.0983435
0.147375
0.09475
0.150288
0.110276
0.113013
0.145228
0.0929457
0.159313
0.102462
0.0870322
0.0687029
0.105349
0.0986202
0.105841
0.138412
0.142643
0.0720232
0.0946496
0.143975
0.0688156
0.14417
0.0938103
0.0282136
0.0975825
0.144276
0.0734312
0.143046
0.102225
0.120181
0.103165
0.0983298
0.144506
0.140432
0.133726
0.113667
0.134036
0.103931
0.125956
0.0969772
0.0884521
0.110918
0.149056
0.11263
0.128276
0.130845
0.138948
0.142494
0.100087
0.062742
0.102444
0.0999818
0.0965783
0.114936
0.0977474
0.113796
0.100073
0.144939
0.137483
0.138798
0.116489
0.146747
0.108426
0.111322
0.180024
0.0873366
0.167018
0.0981957
0.126123
0.0700537
0.101194
0.102232
0.11144
0.139729
0.160543
0.124488
0.135326
0.0564951
0.127903
0.106043
0.121422
0.108622
0.127234
0.111353
0.13944
0.106309
0.137944
0.09785
0.123542
0.111324
0.0866492
0.103834
0.125067
0.115194
0.119517
0.1128
0.0967761
0.122549
0.14423
0.110132
0.0933766
0.10826
0.100077
0.104897
0.131897
0.115945
0.107727
0.0971158
0.0985479
0.100738
0.150663
0.0983425
0.0955824
0.112359
0.13665
0.1029
0.111563
0.136791
0.0948903
0.0995614
0.125071
0.0628883
0.142323
0.133941
0.0689263
0.113398
0.131799
0.0929481
0.1475
0.155262
0.0922561
0.108697
0.0979761
0.0991715
0.119215
0.117756
0.115398
0.129799
0.137028
0.144177
0.146745
0.153388
0.0410056
0.122045
0.11544
0.0485836
0.136517
0.0939356
0.0993563
0.148151
0.094585
0.11456
0.108111
0.10031
0.149254
0.0837025
0.0646868
0.103737
0.145101
0.115918
0.111023
0.132695
0.141781
0.0221595
0.162887
0.107326
0.0986636
0.132492
0.102951
0.144423
0.115989
0.0893271
0.0501842
0.0636637
0.15038
0.146517
0.0952187
0.132245
0.0968154
0.153389
0.111488
0.0215347
0.0846689
0.145017
0.133023
0.116602
0.11274
0.14906
0.0665756
0.0431011
0.124813
0.0466217
0.146299
0.119917
0.138718
0.0693495
0.111547
0.0689136
0.0722377
0.1024
0.148372
0.150769
0.0914665
0.10002
0.0952482
0.141578
0.102228
0.0885186
0.112735
0.0919031
0.147605
0.147469
0.138042
0.0488928
0.150323
0.141867
0.0923342
0.144332
0.108561
0.120105
0.0950471
0.114088
0.111614
0.149643
0.14803
0.0923164
0.0955039
0.144836
0.140582
0.0774757
0.131102
0.100296
0.095523
0.0986875
0.145633
0.149456
0.123099
0.10178
0.0188834
0.101047
0.107678
0.0962656
0.138806
0.0880283
0.111758
0.115069
0.144853
0.135906
0.119839
0.147979
0.0738909
0.150159
0.141732
0.106425
0.142641
0.0887081
0.143186
0.0722051
0.0964444
0.0887289
0.109054
0.117427
0.144738
0.104707
0.11336
0.0420648
0.115625
0.0963758
0.132579
0.1246
0.135135
0.124413
0.0219782
0.148422
0.0946743
0.0772031
0.0325924
0.145946
0.066053
0.147727
0.146857
0.124957
0.16972
0.139988
0.130353
0.110041
0.143451
0.0217538
0.147868
0.147276
0.114112
0.118387
0.0618017
0.136157
0.113149
0.0925858
0.113719
0.090655
0.119144
0.144328
0.0881583
0.14364
0.1317
0.073056
0.110802
0.0709566
0.100957
0.139022
0.0977068
0.0428604
0.129127
0.117333
0.113176
0.150587
0.170497
0.119859
0.0518618
0.11633
0.109788
0.0917186
0.107697
0.0967526
0.134964
0.146084
0.0843066
0.0848104
0.137695
0.076283
0.147952
0.136978
0.0346474
0.100877
0.0535264
0.0934196
0.122848
0.0517476
0.087525
0.138538
0.0181703
0.140291
0.0549558
0.111396
0.143502
0.149697
0.0538028
0.11722
0.140883
0.12224
0.107403
0.0858235
0.074517
0.0526398
0.130982
0.154341
0.110235
0.109123
0.0655068
0.10081
0.107278
0.114891
0.114889
0.0928196
0.124571
0.132965
0.115464
0.101126
0.107479
0.0425387
0.130817
0.105085
0.107357
0.0692207
0.0663206
0.0615589
0.148295
0.126229
0.151709
0.149634
0.109044
0.0639561
0.0714892
0.103678
0.0927856
0.0194616
0.119028
0.100429
0.125196
0.144316
0.121836
0.148417
0.104883
0.146497
0.0988765
0.0412091
0.0942524
0.134258
0.0784904
0.150451
0.146924
0.042559
0.147364
0.109902
0.150742
0.132008
0.0744324
0.112437
0.135926
0.107855
0.0572513
0.106567
0.0940323
0.0789141
0.115368
0.143175
0.11059
0.134253
0.137089
0.152274
0.152046
0.0721456
0.150388
0.030995
0.0968714
0.140618
0.0994805
0.137662
0.0711609
0.0682223
0.103172
0.140346
0.116291
0.0972932
0.147213
0.100714
0.149597
0.097703
0.141318
0.113974
0.0789756
0.102432
0.0874483
0.147415
0.098388
0.11242
0.127332
0.14792
0.0947251
0.136448
0.0981906
0.140986
0.13391
0.100144
0.128311
0.132671
0.136809
0.0534709
0.0825154
0.0668653
0.0631092
0.103751
0.126388
0.102013
0.0708525
0.0961846
0.128462
0.140997
0.147422
0.139808
0.128813
0.131344
0.072301
0.118335
0.148221
0.149421
0.0926704
0.0999588
0.146039
0.0364767
0.12303
0.156231
0.106185
0.0787584
0.0318982
0.120408
0.131369
0.0978521
0.0732319
0.0191051
0.13943
0.136695
0.150899
0.096839
0.0586994
0.0977188
0.149608
0.105794
0.147693
0.141227
0.113007
0.089994
0.0440781
0.111133
0.095904
0.146958
0.14139
0.146429
0.0930819
0.071422
0.149301
0.0562316
0.0446295
0.123426
0.0831707
0.148544
0.0694863
0.0255561
0.0832368
0.0914252
0.142775
0.0528358
0.0678352
0.121108
0.13723
0.0855931
0.101955
0.13173
0.0666707
0.148794
0.08763
0.136279
0.13658
0.0460304
0.132243
0.142519
0.0877139
0.0731455
0.117576
0.137598
0.120116
0.142237
0.0681398
0.135038
0.11068
0.0469511
0.10811
0.0843332
0.0562477
0.094162
0.0864184
0.152387
0.126147
0.138662
0.138776
0.124455
0.114628
0.0723911
0.0682541
0.123515
0.139866
0.128551
0.137506
0.149708
0.0854262
0.0740893
0.0578293
0.110048
0.136022
0.147252
0.142623
0.098274
0.143424
0.0397467
0.140886
0.125856
0.0629818
0.110581
0.135584
0.0640963
0.0864104
0.038099
0.107618
0.0718591
0.0671524
0.0847747
0.0980545
0.0402209
0.103437
0.0454653
0.0670432
0.116255
0.0423226
0.13885
0.132256
0.145817
0.120594
0.136673
0.092846
0.0886558
0.150857
0.0452799
0.0872798
0.0918151
0.0535571
0.145414
0.084142
0.0999074
0.120904
0.139758
0.0833875
0.0863969
0.0590178
0.12559
0.140365
0.119466
0.126016
0.0993426
0.143304
0.0701067
0.144547
0.0860815
0.0958844
0.149918
0.175012
0.0956994
0.147318
0.0640665
0.0986594
0.084856
0.0344943
0.0938563
0.0811115
0.0638686
0.143802
0.0852167
0.0193133
0.143928
0.126264
0.0605769
0.134981
0.0975907
0.11495
0.0571555
0.166256
0.0668113
0.0863625
0.0568762
0.149396
0.140786
0.15014
0.0757302
0.0956552
0.0834306
0.160581
0.0817213
0.109915
0.103906
0.0752421
0.0639651
0.0569331
0.0810353
0.134105
0.0908453
0.103966
0.0813806
0.116746
0.11425
0.106945
0.123422
0.0904045
0.146415
0.12277
0.116629
0.112065
0.152299
0.0821931
0.146702
0.079289
0.134122
0.130917
0.098282
0.0736738
0.143311
0.0569546
0.0765761
0.0909928
0.118367
0.0865916
0.139334
0.0759052
0.0984334
0.11054
0.107327
0.137339
0.118448
0.13183
0.0928821
0.0976764
0.0766245
0.121766
0.11438
0.0791418
0.15271
0.127668
0.06029
0.149405
0.0860119
0.150161
0.148588
0.11819
0.0800496
0.115841
0.0189249
0.0858729
0.1038
0.0690562
0.0643639
0.0710566
0.0754382
0.147027
0.0970061
0.104876
0.105406
0.0897269
0.149187
0.0633824
0.0994972
0.11323
0.101987
0.158844
0.149547
0.0427081
0.0184568
0.0976512
0.11591
0.150184
0.108881
0.0221388
0.122309
0.144452
0.147465
0.12105
0.110519
0.131939
0.0971762
0.144186
0.0784994
0.0969527
0.0191464
0.12042
0.111396
0.113336
0.144126
0.0614049
0.114111
0.0614588
0.0947156
0.141759
0.0750594
0.0766838
0.126602
0.0749615
0.0692047
0.14424
0.14703
0.119565
0.0987216
0.136629
0.0607243
0.0761885
0.0708935
0.100946
0.034928
0.067626
0.127594
0.0696772
0.0465831
0.129614
0.152106
0.148604
0.112305
0.0704392
0.135619
0.0778756
0.0726743
0.100488
0.122578
0.0727647
0.141412
0.0755907
0.133533
0.148199
0.068769
0.0684414
0.163137
0.132178
0.0955008
0.071817
0.146641
0.149964
0.0770977
0.0997371
0.114786
0.0703803
0.0271903
0.0296293
0.092987
0.156033
0.132234
0.0850709
0.0756347
0.100231
0.101463
0.0494651
0.0743433
0.0714029
0.145434
0.0334186
0.107298
0.115518
0.127749
0.152043
0.148401
0.11589
0.052703
0.0949162
0.115082
0.102525
0.0398679
0.0426949
0.10503
0.120739
0.0740008
0.114552
0.0718428
0.0968
0.0672626
0.0802852
0.106
0.101525
0.0353417
0.0816553
0.108646
0.129524
0.114012
0.147443
0.0734254
0.132385
0.0962334
0.0932359
0.0291247
0.150807
0.0865505
0.150781
0.128802
0.101673
0.131092
0.0476529
0.145255
0.124708
0.107393
0.116808
0.117066
0.12711
0.0308963
0.149095
0.0440016
0.0308719
0.0424775
0.100604
0.144429
0.144365
0.0363113
0.150306
0.0644166
0.087216
0.13387
0.118806
0.0305551
0.0740174
0.137213
0.105472
0.13741
0.0856848
0.130973
0.0873805
0.0522407
0.119431
0.0688028
0.0742536
0.136184
0.0614603
0.0686509
0.0409007
0.113345
0.124944
0.0676039
0.150232
0.111727
0.147744
0.161397
0.0987588
0.060628
0.0618686
0.139184
0.0391463
0.135755
0.127853
0.123473
0.113539
0.12654
0.0917312
0.149303
0.130062
0.104527
0.118502
0.0285116
0.138533
0.165014
0.0190388
0.0788895
0.0726621
0.107592
0.100888
0.132784
0.136144
0.130898
0.0815866
0.104201
0.0276168
0.127319
0.143007
0.122421
0.138308
0.150404
0.137057
0.149573
0.0765644
0.101598
0.0589431
0.128548
0.15185
0.0772318
0.0762434
0.126814
0.0468688
0.147203
0.125974
0.0888127
0.131725
0.134476
0.152731
0.0690774
0.101252
0.0389021
0.14489
0.0400815
0.084393
0.0468832
0.139975
0.135777
0.155832
0.0599095
0.0373119
0.0726342
0.148096
0.0408554
0.073352
0.041651
0.147574
0.0909287
0.133786
0.14941
0.107547
0.0969727
0.149022
0.0719892
0.116663
0.0982552
0.102773
0.0835243
0.100236
0.108444
0.11509
0.133949
0.133828
0.0949816
0.150163
0.117799
0.112432
0.133606
0.132254
0.0606385
0.0671519
0.158665
0.0764643
0.133133
0.0403119
0.0941223
0.0431813
0.102614
0.0721573
0.116574
0.128824
0.106652
0.0672413
0.144585
0.104728
0.0702046
0.064648
0.0883298
0.0952687
0.121271
0.0879879
0.113175
0.0986397
0.0939351
0.0508641
0.116351
0.0763026
0.112691
0.136298
0.0262186
0.063355
0.12566
0.134043
0.0380799
0.150358
0.140702
0.08647
0.149303
0.140156
0.0574626
0.0317601
0.142589
0.0839928
0.118548
0.0721022
0.066853
0.0364445
0.105722
0.150782
0.111269
0.114495
0.0192256
0.136741
0.155295
0.142848
0.139427
0.139379
0.140608
0.113162
0.126629
0.149706
0.112438
0.0564087
0.143515
0.161215
0.0405947
0.13259
0.168895
0.121403
0.0590398
0.149364
0.0379575
0.152942
0.129899
0.129872
0.0745232
0.13229
0.122373
0.139899
0.0719798
0.0668967
0.0611621
0.0685558
0.12151
0.126565
0.0607121
0.12994
0.145281
0.140325
0.147449
0.104956
0.100276
0.131989
0.107854
0.116118
0.145707
0.0288489
0.145679
0.0301723
0.0928189
0.103165
0.100613
0.0871439
0.0290657
0.12688
0.1476
0.0433831
0.0386068
0.0321475
0.15236
0.127108
0.0776871
0.134255
0.0404548
0.0229988
0.146507
0.147486
0.114342
0.166785
0.144892
0.0680475
0.12616
0.0552842
0.0289989
0.124702
0.137544
0.0493293
0.0427238
0.136453
0.174473
0.0235601
0.0310965
0.149943
0.148437
0.150273
0.141102
0.0581959
0.0327603
0.125384
0.14622
0.0433048
0.104023
0.106985
0.148288
0.0715829
0.0432824
0.0739181
0.0434672
0.0420646
0.0225774
0.0463425
0.0286989
0.0741095
0.0293689
0.0785712
0.145082
0.0652379
0.0784345
0.0702672
0.0419989
0.0213945
0.131487
0.149041
0.0439711
0.0492019
0.112238
0.135649
0.0281703
0.0404845
0.032021
0.0931662
0.0402941
0.141256
0.10919
0.121322
0.149313
0.12816
0.041784
0.0466153
0.12423
0.123938
0.0410632
0.165075
0.133834
0.0577015
0.148448
0.0642635
0.0196033
0.0942711
0.0923831
0.120289
0.0426924
0.122306
0.146584
0.131804
0.0230617
0.09126
0.0286121
0.0285217
0.0601252
0.104488
0.150484
0.0980578
0.147998
0.139228
0.0660732
0.10186
0.107576
0.116964
0.0313704
0.12602
0.145356
0.149719
0.0652849
0.148608
0.151423
0.147024
0.134858
0.0282181
0.0918783
0.0908054
0.0345574
0.141882
0.127301
0.101759
0.122193
0.114919
0.100385
0.0992473
0.132181
0.07138
0.132743
0.114947
0.110468
0.0660736
0.0726905
0.0291213
0.077823
0.0930689
0.0223519
0.120343
0.147439
0.148255
0.144728
0.0589896
0.149002
0.137383
0.144943
0.133744
0.0929801
0.0717331
0.0289445
0.149706
0.0328512
0.0500127
0.0356956
0.160027
0.124325
0.122546
0.122749
0.0674494
0.136588
0.0395723
0.0444391
0.149589
0.1485
0.144382
0.0135574
0.171533
0.0382024
0.0617033
0.132416
0.104716
0.0458177
0.150162
0.161183
0.0432426
0.11835
0.104592
0.0993824
0.131529
0.0197327
0.149611
0.0323099
0.0722777
0.108573
0.131749
0.0426233
0.0436198
0.0411599
0.137661
0.147797
0.129815
0.0195559
0.100475
0.125853
0.132143
0.137979
0.149745
0.149993
0.130957
0.115371
0.0300983
0.126255
0.145662
0.121106
0.0444894
0.0982312
0.0767304
0.0198921
0.0417384
0.146873
0.131516
0.0976243
0.0452658
0.0761521
0.0311318
0.133627
0.143244
0.133622
0.0292071
0.0307177
0.0966705
0.0984772
0.151029
0.140568
0.128583
0.105416
0.0335618
0.0300842
0.0980217
0.0973651
0.035311
0.0528071
0.0387949
0.0404824
0.0734026
0.136379
0.134753
0.0609379
0.0885895
0.12367
0.138345
0.146888
0.0390395
0.144223
0.0445289
0.154003
0.0807621
0.11898
0.0357166
0.0539998
0.132587
0.0436834
0.120903
0.0420108
0.0303944
0.114929
0.0231343
0.123615
0.130581
0.116503
0.0772988
0.050529
0.142021
0.0211838
0.131851
0.0212877
0.0480658
0.0955768
0.107418
0.150777
0.109642
0.0443785
0.0441625
0.0965637
0.166371
0.148084
0.0901612
0.125921
0.0229715
0.0857183
0.0453638
0.0447791
0.147062
0.116805
0.148139
0.145891
0.0715836
0.0984175
0.13727
0.0723931
0.022121
0.0332022
0.113608
0.110299
0.0690535
0.0908462
0.0434582
0.0464023
0.0337109
0.126754
0.168391
0.138754
0.0523429
0.145172
0.0371846
0.161736
0.0398031
0.0448842
0.130788
0.132715
0.0979468
0.107932
0.0427723
0.131212
0.0908837
0.0404008
0.0292587
0.138509
0.0901924
0.042457
0.109851
0.148247
0.125475
0.138427
0.138004
0.0200493
0.0227839
0.0634583
0.145763
0.127996
0.136048
0.130527
0.148167
0.146838
0.15226
0.110057
0.112416
0.0967371
0.138333
0.106155
0.0381475
0.0435672
0.148175
0.148409
0.149992
0.0195391
0.114206
0.160223
0.116971
0.0758966
0.108393
0.0183672
0.0799947
0.0728022
0.150229
0.130751
0.0244484
0.101896
0.0406126
0.135063
0.0398596
0.0899831
0.149494
0.0889542
0.0385565
0.0432731
0.166968
0.0664038
0.0313134
0.131658
0.0703307
0.151281
0.147722
0.0728365
0.0448513
0.0199871
0.0756187
0.12655
0.0751811
0.121467
0.127488
0.12074
0.115099
0.152147
0.043699
0.0219091
0.135397
0.0935036
0.147547
0.0234533
0.12942
0.130567
0.128558
0.143505
0.0314272
0.145092
0.0524284
0.023721
0.161077
0.133301
0.0222888
0.107256
0.111796
0.101692
0.100474
0.0713877
0.134178
0.12678
0.135741
0.130795
0.102569
0.0959015
0.0876872
0.0898366
0.131311
0.103186
0.132333
0.0657249
0.139029
0.161756
0.125774
0.0193511
0.0907007
0.0434713
0.087619
0.148968
0.0746859
0.0659528
0.175375
0.0845675
0.147264
0.144643
0.11073
0.106738
0.122385
0.105745
0.149018
0.141433
0.065622
0.0713975
0.133311
0.0145664
0.108241
0.124726
0.0219068
0.118884
0.138126
0.0861891
0.0581694
0.127947
0.146483
0.0979037
0.104114
0.149092
0.14838
0.125015
0.0767587
0.0860337
0.0191185
0.131814
0.104555
0.156327
0.140297
0.0235658
0.0607085
0.0842468
0.137114
0.144692
0.0437718
0.140063
0.132059
0.147002
0.0957465
0.123763
0.0281338
0.0427764
0.142355
0.15512
0.151966
0.0169602
0.1483
0.16275
0.12751
0.14637
0.119904
0.129299
0.0722859
0.112484
0.120776
0.0278216
0.125376
0.121827
0.133614
0.0871856
0.0419955
0.138922
0.134079
0.131453
0.145612
0.0470276
0.087279
0.038952
0.136637
0.16319
0.12345
0.144569
0.149598
0.12076
0.0954145
0.0394063
0.100806
0.150309
0.0935513
0.0853785
0.0284386
0.0341709
0.067546
0.14251
0.063274
0.139019
0.0959899
0.129884
0.0707941
0.148577
0.0618911
0.111822
0.109011
0.0481013
0.113084
0.106223
0.11919
0.0991138
0.0984054
0.0510085
0.123673
0.178118
0.0460109
0.106343
0.146349
0.0887084
0.0684081
0.115205
0.117963
0.111795
0.141115
0.147535
0.130993
0.123038
0.13025
0.0737304
0.0212053
0.109156
0.153959
0.0986193
0.0569189
0.124472
0.153342
0.0685323
0.116676
0.120997
0.13665
0.12377
0.135971
0.0611762
0.124633
0.0282208
0.076041
0.0692796
0.128729
0.0283476
0.0406522
0.126681
0.127319
0.0971971
0.114504
0.152707
0.103373
0.0694002
0.143797
0.061208
0.144705
0.148444
0.131506
0.150806
0.142576
0.0478976
0.128969
0.0247695
0.0600712
0.0901675
0.143563
0.0880057
0.027745
0.105531
0.0425933
0.0390877
0.134433
0.135399
0.109487
0.0933884
0.129213
0.145299
0.125232
0.0490269
0.134877
0.0888414
0.128533
0.0285265
0.165602
0.136703
0.145588
0.129576
0.1344
0.0287698
0.0785944
0.110432
0.0814927
0.138057
0.0433985
0.110216
0.13734
0.104912
0.0299652
0.0485582
0.124394
0.124706
0.135453
0.0814133
0.0967935
0.141796
0.0913928
0.0275871
0.128146
0.0451329
0.13214
0.132761
0.0678708
0.13532
0.0706773
0.0288766
0.0636819
0.140915
0.0206478
0.116088
0.14707
0.133226
0.0470881
0.113648
0.127675
0.135906
0.143124
0.0903414
0.0204509
0.0988076
0.105563
0.145246
0.149255
0.134011
0.130198
0.129445
0.077933
0.0278142
0.104813
0.0284925
0.134093
0.0432492
0.0713698
0.144694
0.132178
0.143269
0.100376
0.0516115
0.134995
0.16341
0.133031
0.0279163
0.0438049
0.133329
0.0423973
0.111725
0.131295
0.135441
0.142867
0.0495032
0.023819
0.140728
0.0286096
0.137223
0.0886743
0.118247
0.0336812
0.152592
0.135287
0.128404
0.144691
0.0218861
0.107715
0.0411881
0.068544
0.142535
0.0723109
0.110854
0.0271298
0.0410799
0.108541
0.122825
0.144465
0.0210315
0.0445967
0.036341
0.110289
0.147446
0.0271138
0.0670993
0.0368903
0.134754
0.151856
0.145558
0.0191017
0.0646608
0.111105
0.137929
0.0465737
0.135057
0.144012
0.138687
0.141657
0.0463447
0.0901839
0.170204
0.0355535
0.019209
0.0981037
0.107176
0.14494
0.117514
0.09076
0.126369
0.144734
0.139696
0.0218235
0.132938
0.116034
0.0951951
0.126609
0.0468494
0.138945
0.135872
0.141798
0.0380481
0.143008
0.125549
0.143335
0.133237
0.0380376
0.146872
0.137198
0.146587
0.0535363
0.137823
0.136657
0.0924575
0.113753
0.0738199
0.14023
0.086367
0.0728641
0.0914898
0.0985883
0.0804279
0.110175
0.083709
0.0231057
0.119304
0.148459
0.118403
0.104367
0.103295
0.0995613
0.126761
0.13195
0.0932362
0.124612
0.105653
0.130317
0.0695591
0.0703962
0.0470782
0.0711405
0.0841207
0.132124
0.144039
0.143581
0.150791
0.134643
0.0896495
0.0981731
0.111713
0.108411
0.113628
0.138023
0.103901
0.0211021
0.12896
0.119974
0.138646
0.0858932
0.129925
0.15458
0.108518
0.133889
0.0827669
0.129612
0.124473
0.0927777
0.0574573
0.0657775
0.0935249
0.146331
0.10386
0.139372
0.142385
0.0621249
0.124241
0.0190637
0.13286
0.134571
0.117161
0.133234
0.13669
0.131556
0.140863
0.0808328
0.104712
0.110857
0.144998
0.0722771
0.106224
0.0641417
0.141607
0.138361
0.140091
0.0210603
0.0426001
0.141147
0.100087
0.146222
0.117912
0.132923
0.137168
0.142112
0.123151
0.106853
0.145008
0.125125
0.114721
0.0924231
0.139217
0.165047
0.115052
0.137001
0.128223
0.119438
0.0921763
0.12491
0.0894857
0.147672
0.144588
0.116427
0.148002
0.0388202
0.0379589
0.0258389
0.129797
0.146119
0.018454
0.0656164
0.15243
0.13444
0.0873158
0.0880738
0.170314
0.0186739
0.0682671
0.0922375
0.109539
0.143009
0.0683777
0.128146
0.104897
0.127397
0.107659
0.135174
0.0194964
0.0195555
0.0893088
0.131165
0.13333
0.130775
0.120762
0.10496
0.108286
0.0204715
0.0838744
0.144275
0.105288
0.139897
0.0199531
0.133201
0.106975
0.100349
0.0678265
0.0368965
0.0946611
0.0429068
0.136573
0.14963
0.149374
0.124132
0.134413
0.137575
0.110949
0.0568309
0.158208
0.0663863
0.107885
0.103022
0.14437
0.132354
0.148921
0.0916044
0.14136
0.0195001
0.125
0.133538
0.13898
0.11056
0.085559
0.122492
0.144348
0.0244757
0.0453461
0.0422366
0.0785074
0.132121
0.140954
0.0963355
0.10845
0.123009
0.111775
0.10543
0.132136
0.065915
0.130112
0.116537
0.153281
0.110442
0.130344
0.14403
0.0632875
0.0822391
0.129129
0.0503613
0.141102
0.119097
0.0630714
0.143123
0.100686
0.0445816
0.139534
0.135697
0.144144
0.1238
0.139704
0.0288444
0.120739
0.100065
0.0985953
0.0944735
0.108346
0.0444397
0.122948
0.107386
0.070341
0.0728269
0.161813
0.135404
0.142934
0.133759
0.124141
0.113988
0.0453875
0.0985612
0.0808007
0.143041
0.106124
0.138577
0.0711197
0.124682
0.0199218
0.0985225
0.101008
0.149391
0.169722
0.139462
0.1353
0.10605
0.13187
0.0860407
0.132886
0.134495
0.14446
0.0661077
0.127275
0.131205
0.133466
0.0191333
0.137813
0.105858
0.0956243
0.125912
0.039281
0.125884
0.0838826
0.0884265
0.127647
0.131223
0.15047
0.134609
0.0478285
0.131562
0.138036
0.127248
0.10534
0.0123333
0.131154
0.0862872
0.140776
0.138041
0.130469
0.0897446
0.125901
0.0628262
0.120026
0.0687335
0.134495
0.0635484
0.0687386
0.138663
0.074218
0.113524
0.0408824
0.0897349
0.14054
0.119091
0.0423036
0.128393
0.132618
0.130235
0.139244
0.12285
0.164198
0.110838
0.117493
0.058345
0.0519693
0.070255
0.152641
0.135238
0.105694
0.135486
0.139598
0.0464865
0.0619532
0.0697952
0.124709
0.0431274
0.0847808
0.134734
0.118689
0.137497
0.0714859
0.137794
0.0933934
0.0224812
0.0302703
0.122403
0.142149
0.133304
0.0420092
0.142822
0.131862
0.132898
0.11678
0.123451
0.0417352
0.0871059
0.133495
0.139528
0.125193
0.141386
0.129629
0.131465
0.152845
0.124207
0.0920608
0.0701887
0.0296054
0.132876
0.129568
0.126597
0.0932878
0.128441
0.12737
0.138066
0.0750965
0.0414663
0.125827
0.136793
0.106777
0.0914653
0.127104
0.0744601
0.123468
0.0421197
0.0942153
0.144448
0.0107281
0.0172457
0.139245
0.113525
0.141329
0.154004
0.124014
0.127799
0.153418
0.126482
0.138478
0.0612729
0.107297
0.126262
0.151916
0.106925
0.125039
0.095137
0.0991454
0.141778
0.110872
0.0841238
0.0911284
0.0972496
0.117067
0.0978963
0.139174
0.108997
0.108418
0.133636
0.0719614
0.0809558
0.0335625
0.149936
0.0965359
0.0666892
0.081871
0.10532
0.137043
0.0705445
0.0696108
0.095099
0.112714
0.0941852
0.0169857
0.119532
0.0219562
0.0947452
0.11182
0.0408541
0.139267
0.0922606
0.137917
0.0653403
0.114034
0.0997629
0.145064
0.0686811
0.0804978
0.127493
0.0977297
0.0952666
0.126756
0.137947
0.129604
0.060517
0.0965804
0.124703
0.141493
0.123753
0.103733
0.131127
0.060041
0.124075
0.0304535
0.139189
0.0706653
0.0203459
0.132761
0.119228
0.120215
0.0827374
0.0725182
0.0927015
0.0577825
0.143593
0.13567
0.135313
0.0499979
0.0986543
0.0229681
0.124237
0.046343
0.132781
0.0967283
0.16668
0.145096
0.119638
0.12861
0.128775
0.0490048
0.127961
0.137459
0.0634929
0.132689
0.0350224
0.139785
0.130462
0.130461
0.145408
0.159183
0.0734677
0.125101
0.154515
0.0424436
0.0283675
0.093773
0.0255403
0.108031
0.117929
0.0928831
0.0485991
0.0197807
0.132545
0.0917001
0.098885
0.137781
0.121781
0.101649
0.10742
0.0964539
0.103332
0.124865
0.134996
0.136226
0.125276
0.0910181
0.103947
0.098328
0.0710245
0.118051
0.0882981
0.0746674
0.117696
0.12124
0.117061
0.121259
0.0696437
0.0949821
0.144463
0.104276
0.100363
0.137539
0.0788575
0.121403
0.0892744
0.139428
0.125311
0.0613334
0.0741011
0.0671188
0.137375
0.126265
0.136061
0.0391065
0.119101
0.124675
0.133573
0.0880802
0.124331
0.135658
0.094441
0.133963
0.0202293
0.0221557
0.134808
0.122443
0.0419704
0.139102
0.0466021
0.130327
0.136883
0.108539
0.0901873
0.119219
0.058671
0.0981725
0.072558
0.0172924
0.0731988
0.101364
0.0871461
0.03208
0.146626
0.0974612
0.0954102
0.103586
0.130394
0.141685
0.10569
0.0261476
0.0683886
0.119867
0.0430842
0.0914181
0.133457
0.0782452
0.126547
0.0718629
0.130764
0.0900502
0.115213
0.108104
0.108515
0.090891
0.0640991
0.0954525
0.0383288
0.142887
0.132712
0.143464
0.0655702
0.136099
0.150333
0.0994633
0.09516
0.105887
0.064927
0.143676
0.148206
0.0234748
0.116133
0.133948
0.0432267
0.0676959
0.0960542
0.141973
0.11222
0.132878
0.0490396
0.105869
0.13702
0.0420434
0.140801
0.140313
0.0769439
0.132056
0.145108
0.0388839
0.0825171
0.12419
0.118564
0.0974403
0.114689
0.134158
0.10033
0.126671
0.0704559
0.0475278
0.138457
0.132196
0.124557
0.0547528
0.0307958
0.0768129
0.094346
0.121614
0.13953
0.153627
0.121767
0.0451225
0.0428843
0.0468734
0.0392948
0.048683
0.133734
0.0902423
0.103317
0.128012
0.0702935
0.125278
0.0958056
0.118129
0.0954809
0.111305
0.154176
0.116196
0.149269
0.0736771
0.089902
0.108271
0.130007
0.102184
0.0682937
0.0438369
0.110811
0.0422369
0.121635
0.120915
0.132952
0.145016
0.0935048
0.126821
0.021071
0.146681
0.126144
0.0970239
0.0429908
0.126485
0.153262
0.120578
0.10434
0.089589
0.128199
0.117913
0.124567
0.139035
0.0853387
0.138616
0.110877
0.0667153
0.12626
0.106076
0.107744
0.12523
0.0466875
0.136602
0.130411
0.0202364
0.0275458
0.148161
0.0428294
0.0761978
0.0969554
0.0676999
0.106412
0.134818
0.0119483
0.119612
0.0746001
0.118233
0.144802
0.147132
0.02055
0.0961942
0.118479
0.0941024
0.125439
0.149406
0.149184
0.0433594
0.0733914
0.103761
0.049422
0.13244
0.111713
0.0764744
0.125709
0.0428194
0.0972145
0.0903486
0.140903
0.0203613
0.140064
0.121567
0.126184
0.139269
0.126927
0.124557
0.0930234
0.0843032
0.134659
0.0152335
0.138102
0.139274
0.128408
0.135085
0.153575
0.0587562
0.114248
0.111149
0.129637
0.142904
0.0725937
0.0502407
0.131794
0.037778
0.0868257
0.0289712
0.121412
0.0962326
0.0927478
0.138266
0.0778481
0.125624
0.114461
0.0287282
0.120299
0.113283
0.0361992
0.130342
0.104039
0.0602011
0.038686
0.111803
0.137745
0.13515
0.0717007
0.0728421
0.0199348
0.0774212
0.138665
0.129823
0.0216609
0.0915472
0.144694
0.043341
0.140385
0.116455
0.0996717
0.129018
0.103678
0.112055
0.0774371
0.12199
0.064102
0.0735648
0.111928
0.140032
0.0881103
0.059697
0.126173
0.133827
0.114814
0.0923633
0.0962796
0.11249
0.129646
0.132206
0.136144
0.0640211
0.0776168
0.0441582
0.100348
0.12166
0.114695
0.0803475
0.109222
0.0248065
0.0221514
0.146662
0.134574
0.0902284
0.141939
0.0746457
0.12814
0.020088
0.125918
0.127696
0.083281
0.0629171
0.119133
0.0998345
0.138621
0.108983
0.11412
0.0981676
0.0201815
0.0168395
0.0865396
0.1332
0.116825
0.08226
0.0908867
0.0929377
0.12169
0.110659
0.0645305
0.142423
0.0238205
0.110031
0.123206
0.0523434
0.118397
0.0421435
0.108026
0.129668
0.13157
0.104107
0.0413787
0.129192
0.0276275
0.0488645
0.083284
0.0424856
0.0646363
0.01543
0.0835519
0.10522
0.115398
0.108286
0.121776
0.128673
0.131338
0.0242313
0.120141
0.0847107
0.0429653
0.120587
0.0905103
0.106179
0.0190107
0.137352
0.105333
0.131889
0.135594
0.0824893
0.146731
0.12442
0.0256926
0.120074
0.0900962
0.0756927
0.10751
0.042569
0.0767202
0.130425
0.117453
0.076221
0.0401323
0.113503
0.108984
0.138669
0.113503
0.0472009
0.0726309
0.0255729
0.0772211
0.105164
0.0956662
0.131503
0.028503
0.139759
0.0806786
0.126323
0.110634
0.101788
0.116296
0.085545
0.116983
0.120779
0.054615
0.107729
0.0964627
0.139567
0.0973409
0.0986592
0.122607
0.112771
0.118851
0.090734
0.0417175
0.101624
0.133703
0.125026
0.132474
0.096116
0.0220999
0.127748
0.118383
0.12649
0.0210077
0.123705
0.0956079
0.0910242
0.0829936
0.124598
0.0534559
0.102132
0.0713901
0.0375014
0.13365
0.0819591
0.131612
0.139436
0.0666689
0.107565
0.118639
0.0449373
0.103664
0.0325195
0.13499
0.122176
0.131643
0.100324
0.128804
0.135596
0.0704467
0.130596
0.148804
0.119828
0.0706621
0.0263274
0.120861
0.0660363
0.0430333
0.123124
0.112397
0.0790044
0.0889264
0.118485
0.107198
0.144896
0.127485
0.0336375
0.0181585
0.0745775
0.0477985
0.0937901
0.13426
0.0991418
0.053394
0.0942397
0.0958836
0.0414052
0.0594662
0.106737
0.138126
0.133852
0.0813921
0.0369602
0.0201482
0.127005
0.14608
0.122162
0.106696
0.0202134
0.08242
0.0792581
0.0806341
0.01831
0.0353742
0.108437
0.0861691
0.12824
0.0196055
0.0750273
0.0960978
0.0902116
0.140121
0.120213
0.102145
0.107545
0.13532
0.0933954
0.0901976
0.0832178
0.121609
0.122283
0.13543
0.119165
0.0188212
0.123873
0.0895554
0.112891
0.121815
0.0678806
0.0796064
0.105081
0.110769
0.141973
0.0198076
0.119054
0.122514
0.132263
0.124107
0.0958835
0.0959636
0.142846
0.0898907
0.023125
0.133523
0.120369
0.105405
0.0263941
0.131652
0.0497731
0.121891
0.0945005
0.106914
0.0511039
0.0980645
0.0590352
0.0794462
0.0252034
0.0844658
0.13557
0.136792
0.0691169
0.0445892
0.0921206
0.0307483
0.135345
0.0786731
0.0297872
0.122682
0.120109
0.110919
0.0627814
0.0721319
0.0861383
0.119664
0.118101
0.0685134
0.121365
0.134249
0.121792
0.134524
0.0745377
0.0594839
0.138946
0.121885
0.073369
0.094373
0.0202972
0.120635
0.0638899
0.122178
0.049845
0.144683
0.0843955
0.0445684
0.100852
0.0617786
0.133072
0.0432271
0.112585
0.12227
0.114583
0.0946802
0.141436
0.117917
0.129168
0.13561
0.121883
0.092806
0.100022
0.0781325
0.0394439
0.135401
0.103705
0.0736038
0.0752868
0.109442
0.105262
0.0361512
0.0526804
0.0787053
0.131453
0.143078
0.137849
0.128313
0.105277
0.0776537
0.10938
0.117703
0.10591
0.0410771
0.0817306
0.0311549
0.0805934
0.0377103
0.149009
0.111135
0.0948868
0.0882477
0.0780296
0.13342
0.0536854
0.119449
0.0976248
0.133399
0.07854
0.0477049
0.0553659
0.113878
0.0745747
0.0832843
0.0698235
0.12031
0.125894
0.0443399
0.10594
0.131668
0.112934
0.134223
0.135432
0.0396447
0.133923
0.079434
0.122853
0.0773101
0.0663181
0.118587
0.117763
0.117939
0.0827203
0.0401638
0.0881869
0.101428
0.0885535
0.0269679
0.076608
0.133804
0.124584
0.0805628
0.106021
0.105804
0.0998249
0.0912291
0.0660319
0.0765431
0.117443
0.0618196
0.0749331
0.0876267
0.128655
0.11058
0.108419
0.080797
0.116042
0.0733865
0.0612105
0.0787232
0.0165795
0.138491
0.0982242
0.0718164
0.125843
0.124966
0.0920581
0.0414174
0.0790612
0.0721709
0.0226691
0.134142
0.116379
0.0435866
0.0778624
0.127798
0.075581
0.110266
0.116068
0.141001
0.11505
0.0661173
0.103098
0.135227
0.105382
0.0493039
0.0156629
0.130088
0.0569513
0.11943
0.0192568
0.13263
0.139434
0.0432539
0.1379
0.117953
0.0988134
0.110882
0.0961538
0.127417
0.0785073
0.0568606
0.0696668
0.090918
0.0795257
0.106525
0.097768
0.0974786
0.0882107
0.104474
0.0895611
0.0726683
0.0649516
0.12843
0.0942745
0.0875113
0.0752425
0.016461
0.135289
0.140063
0.10328
0.10721
0.0407349
0.0662649
0.0174491
0.0915435
0.0717663
0.0791393
0.103144
0.120588
0.105434
0.0702585
0.0124581
0.0195968
0.120014
0.110111
0.156992
0.114459
0.017317
0.0960202
0.0851458
0.0902563
0.0339118
0.097243
0.0770902
0.110701
0.120035
0.0773328
0.0686753
0.116836
0.0412005
0.0182578
0.0193511
0.0811586
0.0366776
0.0644877
0.101767
0.0379812
0.0840258
0.0285413
0.124107
0.112055
0.0487405
0.109007
0.0933194
0.0708262
0.115446
0.092161
0.111392
0.128791
0.0799017
0.0432525
0.109686
0.123524
0.0922334
0.0401449
0.102714
0.0174516
0.113712
0.126407
0.0198486
0.137031
0.140301
0.129769
0.0607667
0.112245
0.089755
0.11578
0.0938853
0.144172
0.117371
0.013567
0.0728753
0.0799894
0.0589958
0.0679201
0.0173238
0.101678
0.0659868
0.0773609
0.0629551
0.116717
0.125065
0.022687
0.0641411
0.0740037
0.0394452
0.104265
0.0694304
0.112637
0.104288
0.115025
0.0733627
0.0174526
0.0943646
0.0773093
0.029681
0.0735189
0.141731
0.0160563
0.0714575
0.0295266
0.08803
0.0834421
0.0418036
0.108858
0.106579
0.105014
0.086389
0.0770885
0.0985168
0.105466
0.0418789
0.0367703
0.0733474
0.087401
0.0295343
0.0179084
0.0897566
0.0779902
0.0662279
0.109749
0.0216228
0.105848
0.11025
0.0728661
0.0193988
0.110595
0.0432489
0.0834435
0.0189725
0.0743983
0.10577
0.041369
0.0397517
0.0866585
0.104747
0.107419
0.0566411
0.126427
0.0557198
0.0919763
0.0846915
0.105127
0.0171386
0.109496
0.0949281
0.075061
0.103626
0.108459
0.115084
0.0375023
0.0741642
0.027313
0.0421931
0.0988192
0.0737086
0.0751777
0.078483
0.114281
0.0198504
0.0590576
0.0756907
0.106153
0.0882405
0.0941752
0.0714436
0.0265839
0.0681426
0.109918
0.118275
0.0815773
0.110059
0.11103
0.0816967
0.0836868
0.112386
0.0906078
0.0246953
0.0756189
0.0817208
0.0247206
0.0631815
0.0409155
0.0753386
0.0411801
0.0944357
0.0681073
0.0719364
0.0358107
0.0797636
0.0992181
0.0542354
0.0853109
0.0203537
0.0566312
0.0814762
0.113934
0.0824547
0.113328
0.139553
0.109378
0.127979
0.0793851
0.106403
0.0925073
0.0627289
0.0871268
0.0185635
0.0577396
0.105398
0.0814383
0.0624666
0.0999328
0.107735
0.125426
0.104637
0.0415119
0.0965156
0.107018
0.0749058
0.0627408
0.0588931
0.110273
0.0701318
0.0511341
0.101687
0.0137477
0.0881097
0.0748821
0.0572999
0.117467
0.132458
0.096498
0.107244
0.0621849
0.0531702
0.0273821
0.0997377
0.0891543
0.106951
0.0650379
0.116001
0.118464
0.0911592
0.0835084
0.0830789
0.127317
0.116153
0.0154442
0.0997542
0.0725064
0.119651
0.107558
0.100797
0.0992025
0.0376774
0.114505
0.108848
0.0901234
0.0862359
0.0891662
0.091858
0.111563
0.0260571
0.10396
0.0639004
0.0254104
0.083275
0.0951777
0.0481523
0.0957291
0.0814662
0.0962248
0.0618385
0.102944
0.0395338
0.0877313
0.0986197
0.083938
0.0882538
0.0783342
0.0249586
0.0746258
0.130192
0.0375575
0.134926
0.0776316
0.0635914
0.0994572
0.0707708
0.10784
0.0156175
0.0427468
0.0769609
0.08083
0.0864746
0.0980762
0.0809897
0.0386319
0.118445
0.126855
0.0593991
0.0740634
0.0770597
0.0732927
0.0349023
0.0993364
0.0949433
0.0314409
0.0921109
0.0979091
0.104325
0.0370047
0.0353787
0.052103
0.0429424
0.0415271
0.0198754
0.038653
0.0518701
0.0193483
0.132581
0.0654182
0.017077
0.110586
0.121799
0.041159
0.0967269
0.039506
0.106662
0.0915961
0.119674
0.0408954
0.0209988
0.0444085
0.128923
0.130606
0.0289612
0.138854
0.0363763
0.118685
0.0639198
0.148279
0.102202
0.0437257
0.0707944
0.140019
0.0745972
0.111162
0.136073
0.113331
0.0432183
0.00864728
0.0546256
0.0422906
0.118881
0.0375764
0.0805346
0.0222907
0.10425
0.0394057
0.113805
0.110325
0.102773
0.0207772
0.0423846
0.0747819
0.0460907
0.132218
0.131302
0.10463
0.122846
0.13212
0.0495467
0.0981271
0.0730314
0.118926
0.100723
0.0949763
0.133001
0.0356005
0.0733078
0.0392792
0.106707
0.0211416
0.0990526
0.0380927
0.0689523
0.105017
0.107854
0.0374349
0.110495
0.092646
0.0717613
0.0869673
0.110442
0.058652
0.0720542
0.0422771
0.0678513
0.0422999
0.0466233
0.115215
0.0377423
0.0927505
0.0734524
0.0196586
0.0982091
0.0434968
0.0708916
0.0731587
0.0995335
0.0416949
0.0665969
)
;


// ************************************************************************* //
