/*--------------------------------*- C++ -*----------------------------------*\
| =========                 |                                                 |
| \\      /  F ield         | OpenFOAM: The Open Source CFD Toolbox           |
|  \\    /   O peration     | Version:  v2012                                 |
|   \\  /    A nd           | Website:  www.openfoam.com                      |
|    \\/     M anipulation  |                                                 |
\*---------------------------------------------------------------------------*/
FoamFile
{
    version     2.0;
    format      ascii;
    class       volScalarField::Internal;
    location    "500";
    object      V0;
}
// * * * * * * * * * * * * * * * * * * * * * * * * * * * * * * * * * * * * * //

dimensions      [0 3 0 0 0 0 0];


value           nonuniform List<scalar> 
9793
(
0.0430568
0.212595
0.0467164
0.133417
0.0460546
0.104406
0.16848
0.16055
0.0695366
0.0457573
0.0326765
0.0675452
0.166519
0.157227
0.182619
0.167644
0.171447
0.180553
0.0595882
0.161568
0.0738341
0.0567693
0.129785
0.210928
0.121458
0.170816
0.167583
0.170592
0.0324189
0.0752934
0.0757286
0.159625
0.153496
0.171549
0.0425927
0.0749901
0.153768
0.0588641
0.147349
0.181923
0.0934458
0.185456
0.154659
0.174591
0.190968
0.141187
0.0371786
0.156088
0.0922794
0.123446
0.0412314
0.0301583
0.0850345
0.0802871
0.0352478
0.0789347
0.0872275
0.023905
0.089729
0.126375
0.1664
0.0819684
0.082865
0.170704
0.0384929
0.159607
0.1087
0.0916093
0.0642452
0.0336624
0.0413889
0.177522
0.122257
0.177809
0.0416404
0.0969544
0.10659
0.172175
0.131254
0.178361
0.124787
0.14258
0.157922
0.174639
0.0981655
0.153649
0.182126
0.0962846
0.0897822
0.148399
0.191555
0.0386315
0.132906
0.16179
0.0788562
0.174122
0.0753708
0.166605
0.127679
0.14099
0.156294
0.143294
0.136792
0.137623
0.178914
0.100926
0.0750674
0.162964
0.092076
0.154976
0.157942
0.0777721
0.104291
0.0818937
0.0292258
0.102478
0.134459
0.0396711
0.139563
0.163986
0.13471
0.138902
0.105094
0.0907238
0.0666218
0.0737638
0.0235709
0.152248
0.131556
0.111018
0.18252
0.0910527
0.0941428
0.135108
0.0684401
0.0947348
0.167484
0.170693
0.126169
0.16543
0.0969901
0.121138
0.155055
0.139011
0.163726
0.154626
0.1755
0.15999
0.152132
0.0349307
0.0437539
0.193162
0.0426816
0.0465829
0.149305
0.117655
0.174325
0.116638
0.173122
0.132127
0.134675
0.152825
0.164125
0.064374
0.195111
0.0871552
0.148571
0.0496391
0.166618
0.145569
0.13531
0.112983
0.192429
0.105641
0.0665372
0.0529388
0.0925608
0.172253
0.105258
0.0357452
0.0213824
0.0457713
0.163402
0.114168
0.0987011
0.13621
0.0262876
0.101357
0.102005
0.159466
0.06909
0.11375
0.0947717
0.0757586
0.0868013
0.0404766
0.0554449
0.131817
0.048911
0.137275
0.0598205
0.0651969
0.0749163
0.101856
0.0827231
0.166262
0.0870293
0.150465
0.0977853
0.0539668
0.0384505
0.10005
0.0913991
0.0705643
0.0498409
0.178533
0.130988
0.0972727
0.150859
0.0809651
0.0417004
0.104668
0.0600733
0.140008
0.152663
0.0587104
0.107468
0.14616
0.0370239
0.0266941
0.205889
0.193979
0.0413429
0.143123
0.025283
0.0771663
0.109268
0.126589
0.0772014
0.155782
0.0973052
0.149626
0.124721
0.145378
0.123828
0.13454
0.171134
0.12261
0.141757
0.140093
0.0594548
0.0426992
0.0323877
0.0245789
0.118822
0.0663881
0.130265
0.0389697
0.105175
0.16254
0.119416
0.121352
0.0312777
0.14749
0.0476763
0.136187
0.166033
0.0362977
0.0603191
0.101487
0.129547
0.158184
0.0554683
0.0950558
0.156008
0.156113
0.0879209
0.0789017
0.136589
0.0255867
0.12472
0.159164
0.161844
0.172742
0.0177149
0.078152
0.0633789
0.0457438
0.172841
0.082721
0.105383
0.115995
0.0919688
0.157086
0.160328
0.132025
0.0594703
0.0430758
0.142847
0.062132
0.132828
0.108329
0.125412
0.156024
0.16045
0.121788
0.0503547
0.0438163
0.109192
0.0939408
0.148784
0.124505
0.0453457
0.0701331
0.0690457
0.136181
0.152383
0.123551
0.0533412
0.0475888
0.12155
0.166144
0.054779
0.177369
0.167026
0.0162774
0.05996
0.0874319
0.0358292
0.152397
0.0396247
0.0430503
0.136666
0.0969304
0.0218496
0.152357
0.131682
0.0650473
0.152855
0.145751
0.0467189
0.101152
0.119318
0.0635566
0.149554
0.158103
0.166151
0.0604378
0.182178
0.048359
0.0628596
0.0677482
0.0768721
0.138263
0.108316
0.0764153
0.0727743
0.178119
0.0289245
0.0373586
0.0237118
0.0279454
0.0733936
0.125403
0.0534731
0.13631
0.124824
0.134933
0.136632
0.130911
0.098924
0.0522466
0.0692898
0.0234632
0.0569716
0.0998891
0.119899
0.131863
0.0338359
0.179878
0.0597864
0.0744441
0.103882
0.139507
0.0596545
0.173225
0.14704
0.160623
0.0757372
0.0649527
0.0948851
0.0540046
0.0259799
0.129429
0.0541091
0.0258819
0.154326
0.178581
0.0539989
0.0379304
0.127108
0.146058
0.0461984
0.053908
0.158936
0.074373
0.111824
0.0647391
0.16052
0.0399371
0.0864132
0.0304202
0.0801334
0.140852
0.109473
0.111036
0.0569194
0.114759
0.149226
0.0769041
0.148552
0.0545488
0.120732
0.0572202
0.028533
0.075387
0.103991
0.058103
0.163225
0.0351161
0.158876
0.0712324
0.163323
0.119926
0.159834
0.111701
0.137281
0.10451
0.131176
0.137657
0.167335
0.0519399
0.0965035
0.133667
0.0397192
0.160402
0.101498
0.0581088
0.0670268
0.0584106
0.0347608
0.099323
0.102123
0.10401
0.0663916
0.0405843
0.0388355
0.161721
0.127362
0.134705
0.108272
0.0239668
0.108716
0.13722
0.101993
0.152126
0.162929
0.0801394
0.0337293
0.09727
0.142678
0.0548306
0.174429
0.176353
0.172321
0.134223
0.0667718
0.128375
0.10504
0.161229
0.153496
0.0929067
0.108539
0.160148
0.102115
0.123217
0.0960753
0.0587943
0.0703906
0.104859
0.172125
0.152392
0.0581348
0.0947568
0.0607772
0.154417
0.140366
0.125836
0.113272
0.116375
0.157893
0.0292365
0.139739
0.0959818
0.0464341
0.128743
0.0974665
0.143047
0.0742339
0.104315
0.0658817
0.154461
0.121
0.0301584
0.101905
0.0298941
0.131391
0.0484947
0.133266
0.0247571
0.0971939
0.140866
0.105224
0.0214007
0.100845
0.142127
0.115836
0.114018
0.135354
0.0230938
0.0442912
0.0928132
0.104008
0.117087
0.0755209
0.151342
0.118599
0.0728629
0.0230221
0.153322
0.0980344
0.0365067
0.0967838
0.144964
0.0688356
0.165899
0.0231452
0.1024
0.0866541
0.0186703
0.122572
0.0847433
0.043944
0.0967826
0.131376
0.12277
0.137545
0.162407
0.101051
0.091048
0.136675
0.0400788
0.0242298
0.0653572
0.0408967
0.144074
0.0260369
0.093656
0.13865
0.0663606
0.0994987
0.15938
0.141372
0.139869
0.0440972
0.122713
0.0174155
0.150618
0.165502
0.0384496
0.0476276
0.0325456
0.0921173
0.104989
0.094109
0.0962558
0.0509153
0.0843387
0.129092
0.0534354
0.111687
0.13767
0.0449382
0.0463742
0.0980626
0.0746228
0.0975368
0.0412148
0.0435882
0.0445238
0.147414
0.135592
0.0652264
0.0443432
0.0735419
0.0468437
0.10698
0.0819599
0.0538434
0.0337819
0.129671
0.103435
0.136072
0.12294
0.124893
0.118689
0.11497
0.163372
0.118243
0.121787
0.125137
0.0697829
0.154495
0.0407753
0.142036
0.0704625
0.0705431
0.0328406
0.0253752
0.146755
0.119882
0.100251
0.142611
0.158721
0.130392
0.157612
0.123898
0.0644796
0.152636
0.036504
0.160147
0.165229
0.0769906
0.0980613
0.115605
0.156478
0.0266402
0.135892
0.0830509
0.0159578
0.0918373
0.157291
0.168744
0.0166598
0.130599
0.0233543
0.0374462
0.131168
0.134157
0.088934
0.0706602
0.13358
0.110212
0.159463
0.162713
0.0983801
0.034895
0.100226
0.0206324
0.0803959
0.0942066
0.077111
0.134292
0.105147
0.124333
0.0302748
0.120937
0.042922
0.0658588
0.0170154
0.0674399
0.119736
0.112975
0.025343
0.11996
0.0913209
0.0229908
0.0197206
0.119276
0.147839
0.089519
0.133069
0.150983
0.12229
0.142938
0.136581
0.062168
0.106902
0.11802
0.131113
0.153604
0.121617
0.157658
0.0744707
0.15671
0.12553
0.0376963
0.148357
0.0303618
0.0721557
0.0313622
0.101467
0.0621247
0.0979743
0.0738419
0.0194912
0.160508
0.127469
0.13933
0.0962577
0.0559414
0.129335
0.140736
0.126779
0.117007
0.147068
0.119707
0.0258957
0.111476
0.03805
0.030011
0.0653355
0.0650858
0.155694
0.132149
0.160102
0.130972
0.0634317
0.125132
0.0844544
0.144814
0.157463
0.124122
0.117159
0.088342
0.0974806
0.0898891
0.160451
0.103261
0.100532
0.036913
0.146642
0.140928
0.135963
0.100513
0.122396
0.0928871
0.0248431
0.123545
0.143948
0.140771
0.124178
0.0731443
0.0386842
0.0440033
0.0368104
0.141084
0.0209031
0.134262
0.136643
0.101542
0.0921247
0.114788
0.049571
0.140737
0.0639674
0.132335
0.113995
0.15269
0.15511
0.128005
0.0853807
0.0884561
0.0397806
0.114584
0.0575806
0.0423029
0.0155487
0.136541
0.0196898
0.129067
0.025105
0.114057
0.146033
0.125982
0.143804
0.0356079
0.128595
0.0581739
0.165227
0.1417
0.156108
0.0414647
0.150954
0.0422848
0.122933
0.122634
0.149685
0.140421
0.073346
0.130876
0.150324
0.123623
0.100107
0.140982
0.0680217
0.0787871
0.0921134
0.14552
0.1473
0.147405
0.111288
0.0260463
0.101463
0.0969902
0.0392367
0.147176
0.164241
0.132328
0.144989
0.0414723
0.0337082
0.0576404
0.152897
0.089423
0.120287
0.165409
0.0585713
0.0634739
0.152205
0.0529862
0.169235
0.0659556
0.113122
0.0935133
0.0242152
0.133231
0.156892
0.0409208
0.150884
0.028423
0.0852515
0.13126
0.139576
0.155523
0.133918
0.0612777
0.0250439
0.162064
0.151634
0.12963
0.160006
0.129053
0.151297
0.0617856
0.148542
0.148628
0.14026
0.107703
0.0320613
0.0703981
0.133639
0.0190457
0.145504
0.0932275
0.0763637
0.134889
0.0743529
0.133252
0.107411
0.0229652
0.131583
0.12482
0.153312
0.0536096
0.0685721
0.0234072
0.127549
0.128636
0.0266584
0.153904
0.1603
0.0327537
0.128945
0.0360251
0.144037
0.151443
0.147172
0.0544945
0.151699
0.170332
0.158504
0.151592
0.12885
0.0552946
0.0314699
0.132954
0.034206
0.116869
0.08726
0.0635865
0.0839413
0.041511
0.0353432
0.115574
0.122467
0.0811888
0.0300389
0.0224928
0.118146
0.128866
0.147233
0.15319
0.0247999
0.0348664
0.045815
0.144809
0.0334269
0.118423
0.125595
0.116975
0.147879
0.0752082
0.150286
0.122733
0.0247499
0.075487
0.0268471
0.119339
0.0244633
0.0631466
0.0414027
0.140176
0.0978185
0.147657
0.156626
0.0723144
0.0469792
0.128535
0.174793
0.100953
0.136454
0.0336126
0.118147
0.149898
0.132725
0.0685024
0.13679
0.10536
0.146572
0.0217623
0.136062
0.0690231
0.126809
0.146678
0.074437
0.156127
0.0191678
0.106437
0.039403
0.0542128
0.151704
0.144141
0.0210377
0.128711
0.14212
0.111184
0.0234758
0.103083
0.116086
0.100182
0.15338
0.0654347
0.0828583
0.0313388
0.0479482
0.0967978
0.0903429
0.105256
0.0632275
0.177501
0.0648013
0.100178
0.0711538
0.145064
0.139847
0.062909
0.15876
0.0637745
0.124436
0.0763655
0.146543
0.0855093
0.0969978
0.144423
0.0959812
0.144245
0.10129
0.126289
0.0798454
0.0762944
0.149554
0.134518
0.136699
0.043378
0.0906385
0.151237
0.028048
0.10866
0.0238145
0.0740848
0.130081
0.0967306
0.120211
0.104292
0.0882938
0.129478
0.0961988
0.144937
0.0272379
0.0709312
0.141025
0.117832
0.123579
0.103748
0.0598405
0.0861077
0.144198
0.0746174
0.129826
0.0653292
0.0197227
0.0684504
0.0747531
0.134659
0.094954
0.04784
0.0958399
0.137208
0.127127
0.133699
0.126089
0.0646586
0.143649
0.024089
0.13349
0.105958
0.148277
0.0238872
0.0762889
0.109171
0.0220814
0.0685732
0.141975
0.0802147
0.14439
0.023078
0.099624
0.158578
0.0211211
0.0430945
0.178351
0.115042
0.0331952
0.0889039
0.061136
0.135895
0.0670834
0.0624771
0.149341
0.107694
0.0636661
0.132777
0.148027
0.158493
0.0734605
0.15661
0.158045
0.022839
0.115911
0.0772008
0.05275
0.155919
0.0613857
0.09772
0.149651
0.0430711
0.11547
0.0991746
0.0998254
0.157651
0.0731596
0.135808
0.0973777
0.0592621
0.129808
0.119819
0.0626622
0.103322
0.0819688
0.150707
0.168164
0.0355077
0.0924463
0.157665
0.101437
0.157441
0.034097
0.123964
0.0605925
0.139375
0.151029
0.109517
0.138668
0.0261488
0.0936016
0.140256
0.145248
0.123188
0.144731
0.112664
0.12887
0.131164
0.045504
0.118853
0.102441
0.097279
0.163384
0.148522
0.142234
0.0597427
0.147483
0.0623613
0.0810177
0.106412
0.0671971
0.0273693
0.141463
0.14535
0.0217122
0.113226
0.0201433
0.0162688
0.148882
0.146378
0.157684
0.0401451
0.0407335
0.130605
0.144821
0.157673
0.0245982
0.0408304
0.1574
0.0973478
0.0738363
0.116006
0.0321999
0.0344905
0.0154551
0.024349
0.147135
0.040662
0.0228538
0.136305
0.0303003
0.135449
0.144623
0.100056
0.146379
0.121927
0.027922
0.0203398
0.0242091
0.0256292
0.157001
0.123143
0.0257795
0.117573
0.131524
0.0619512
0.0678811
0.0336821
0.149959
0.144135
0.147559
0.0686431
0.105953
0.173983
0.125324
0.0668631
0.126119
0.0213873
0.0659436
0.0693579
0.0201256
0.0542738
0.102584
0.069697
0.156848
0.0165069
0.0152493
0.0999989
0.149692
0.0983694
0.0182479
0.145711
0.0382201
0.051025
0.149927
0.150265
0.116421
0.0303297
0.0323771
0.109687
0.0194666
0.0936152
0.1387
0.141498
0.153693
0.0803439
0.0951851
0.0657906
0.0286397
0.128974
0.154362
0.146017
0.134904
0.026884
0.0657488
0.0241241
0.098439
0.108282
0.0395911
0.13151
0.148529
0.1096
0.148358
0.114982
0.0300203
0.0610311
0.153425
0.144422
0.130661
0.129664
0.14959
0.0479749
0.119309
0.098792
0.118521
0.0191174
0.129597
0.0195781
0.100767
0.0708412
0.0519559
0.112662
0.0343489
0.0670593
0.0187707
0.0274405
0.130954
0.0389885
0.0446297
0.153408
0.0225086
0.0298289
0.0208923
0.0530503
0.148607
0.0400727
0.103741
0.0246207
0.0934637
0.0219945
0.0252963
0.155176
0.0189809
0.0887355
0.0584114
0.0362376
0.0505529
0.0215902
0.127965
0.0534377
0.113992
0.135842
0.070169
0.0883982
0.169759
0.0429732
0.0507479
0.0972107
0.114097
0.128425
0.0313752
0.0853308
0.122111
0.077347
0.066547
0.0251213
0.098534
0.143396
0.0509978
0.0294514
0.0358132
0.0772995
0.146062
0.0543752
0.147013
0.149946
0.14658
0.16405
0.140867
0.0948136
0.0538484
0.0420419
0.119059
0.144886
0.156161
0.035877
0.150433
0.0485451
0.115656
0.0183924
0.12578
0.14939
0.103322
0.0207681
0.0246847
0.150897
0.173197
0.0506171
0.0422558
0.145316
0.0963335
0.138755
0.052587
0.117778
0.0736736
0.0570212
0.0508978
0.106717
0.0190847
0.148308
0.148636
0.137137
0.0461412
0.034442
0.104653
0.149637
0.117439
0.0159293
0.0335334
0.0709525
0.0685488
0.0355936
0.140192
0.10053
0.055164
0.0730712
0.0941582
0.0665285
0.154213
0.153606
0.0227153
0.0242027
0.170126
0.035216
0.150496
0.0354141
0.0383281
0.111638
0.103794
0.0717529
0.116833
0.074769
0.0785856
0.0366127
0.0283388
0.0634033
0.154636
0.101149
0.153784
0.0674603
0.0531102
0.0476673
0.0226657
0.101717
0.0616331
0.127149
0.0236244
0.0786129
0.0235651
0.0819343
0.0735853
0.156478
0.0250946
0.0412966
0.151002
0.0265197
0.0653647
0.0736779
0.131629
0.095939
0.148408
0.17099
0.0345643
0.106957
0.0586742
0.0519413
0.0368534
0.0403221
0.0246654
0.0880805
0.0351693
0.126502
0.14303
0.148232
0.0988801
0.169583
0.0265386
0.13658
0.104222
0.074551
0.124276
0.0542926
0.148304
0.0489789
0.12272
0.119567
0.0470514
0.0738153
0.159429
0.055144
0.050741
0.0219823
0.0633179
0.124346
0.0670106
0.0219072
0.114965
0.023374
0.0264595
0.0761872
0.0961197
0.136291
0.080003
0.0322441
0.149614
0.111234
0.0747917
0.0241795
0.0797695
0.0632135
0.0476045
0.0284422
0.0386563
0.0432023
0.0498041
0.0351945
0.128227
0.0729909
0.145639
0.0297342
0.0179193
0.0412374
0.0367447
0.0599518
0.0610516
0.103173
0.137661
0.100307
0.0527651
0.0779145
0.049401
0.145
0.0365907
0.0695106
0.100457
0.106381
0.154184
0.0538068
0.124193
0.0537313
0.0480677
0.0902786
0.0754946
0.0211176
0.129176
0.0941793
0.0596236
0.102013
0.0365362
0.0772868
0.111369
0.0763467
0.147441
0.0669051
0.0381304
0.0743483
0.0550955
0.0761897
0.0816859
0.074417
0.0553625
0.0313394
0.0550064
0.123389
0.1445
0.0733644
0.0212623
0.0714119
0.0485782
0.147206
0.0818043
0.0671661
0.0456472
0.0796284
0.100837
0.0618219
0.0777858
0.149198
0.135176
0.130989
0.135325
0.0457129
0.1349
0.0710582
0.0785434
0.0989138
0.150855
0.151269
0.0284279
0.0669003
0.150238
0.0700388
0.117352
0.0993799
0.0170757
0.126824
0.148234
0.118515
0.164624
0.0562781
0.12846
0.0671744
0.151778
0.119321
0.130526
0.150569
0.0557307
0.0920907
0.0619994
0.151513
0.0627797
0.0245681
0.0936319
0.116892
0.112858
0.0812037
0.0959717
0.117522
0.100153
0.0684738
0.0741946
0.165542
0.0345946
0.0858032
0.0957567
0.0161279
0.0247222
0.0953404
0.0908113
0.116385
0.0528874
0.0970763
0.12758
0.0632357
0.147303
0.126094
0.103218
0.105315
0.0922609
0.105843
0.081701
0.019086
0.0232992
0.0976321
0.0980519
0.14616
0.144105
0.154646
0.0518521
0.135798
0.126048
0.0569258
0.101449
0.0996324
0.0573595
0.0780246
0.166311
0.0467596
0.149754
0.0881031
0.101823
0.0868188
0.093434
0.130632
0.155381
0.110003
0.0480298
0.146636
0.131561
0.151106
0.154801
0.126238
0.0506391
0.0909863
0.149219
0.0457554
0.0405233
0.0500115
0.15106
0.110082
0.0523829
0.0816657
0.102561
0.0968129
0.0507723
0.102263
0.103743
0.154234
0.0256182
0.140283
0.040985
0.0613468
0.0724249
0.158519
0.148615
0.143995
0.0952229
0.0626008
0.100728
0.0540385
0.0254163
0.0736468
0.141764
0.12358
0.0398265
0.0531703
0.118
0.0228202
0.0758423
0.123515
0.152483
0.0633378
0.0920489
0.132643
0.122674
0.070558
0.112593
0.0816332
0.0349459
0.118212
0.0479915
0.0218046
0.092827
0.0705448
0.106203
0.164625
0.108831
0.0598557
0.142185
0.0975228
0.0881778
0.0828789
0.0356955
0.0736148
0.134408
0.0502858
0.136496
0.109856
0.108322
0.0951877
0.146812
0.119208
0.0910204
0.107826
0.0995819
0.060575
0.0697976
0.122344
0.133843
0.0959549
0.147269
0.153307
0.110027
0.127654
0.129712
0.0940137
0.0827644
0.095554
0.147
0.122855
0.068441
0.143804
0.0872804
0.150098
0.108053
0.154251
0.0663998
0.0738935
0.0618272
0.0522732
0.144942
0.051399
0.0860576
0.127267
0.11317
0.14802
0.0555976
0.0405963
0.0680254
0.0622523
0.117798
0.107123
0.0241192
0.0841822
0.152278
0.146494
0.0536083
0.0451167
0.0965475
0.117682
0.155963
0.158347
0.150732
0.141773
0.136345
0.154781
0.102569
0.112705
0.098348
0.112434
0.017968
0.165617
0.150877
0.0277142
0.0987205
0.146883
0.115797
0.162538
0.103636
0.023702
0.10753
0.0614803
0.0834937
0.0596014
0.0494034
0.15268
0.151724
0.074041
0.0212016
0.14965
0.100171
0.11045
0.106415
0.104931
0.0796415
0.0990504
0.13674
0.0951937
0.059762
0.0694944
0.123449
0.146473
0.143004
0.0980304
0.0378202
0.151954
0.0769565
0.0853434
0.0243826
0.0977067
0.154085
0.124074
0.121853
0.104488
0.0811935
0.142502
0.086523
0.150005
0.0971184
0.101666
0.0203876
0.111745
0.103643
0.117217
0.0418128
0.126136
0.109672
0.146931
0.0694972
0.0560854
0.0663613
0.172313
0.0605415
0.0363984
0.099772
0.153164
0.0975378
0.149451
0.143446
0.0790096
0.0824991
0.0280882
0.106717
0.119971
0.125089
0.0919728
0.0931579
0.116913
0.0723137
0.114678
0.068576
0.098427
0.118153
0.127306
0.0971136
0.0908068
0.120442
0.12563
0.143237
0.0939824
0.0558342
0.0970511
0.0193304
0.124043
0.118341
0.119348
0.102602
0.114834
0.0973363
0.109762
0.110922
0.148854
0.09644
0.152038
0.102556
0.0525683
0.100242
0.148637
0.100914
0.141122
0.0395953
0.121936
0.0913716
0.0762634
0.149947
0.0760205
0.0997912
0.0226721
0.111441
0.132264
0.110467
0.0711512
0.110683
0.148881
0.0620422
0.0489173
0.0260999
0.0890308
0.144534
0.0956968
0.153516
0.0245915
0.0957376
0.122284
0.0848561
0.0963441
0.117881
0.129055
0.131077
0.0919827
0.119421
0.0879751
0.0931197
0.099016
0.117211
0.139173
0.126257
0.148873
0.0562586
0.102763
0.153302
0.0587815
0.0666093
0.0962824
0.0681144
0.112538
0.153478
0.148742
0.0623702
0.113313
0.0717793
0.132781
0.147594
0.0906919
0.0688822
0.166952
0.0972724
0.15664
0.0793649
0.0173121
0.146402
0.10074
0.0947219
0.0793792
0.0954128
0.0982138
0.11971
0.165707
0.136621
0.0958703
0.105209
0.151451
0.0863553
0.153513
0.115351
0.0993356
0.100985
0.139023
0.112735
0.0902557
0.0904473
0.0905986
0.109605
0.0904136
0.044197
0.0917399
0.148535
0.147012
0.107281
0.0900729
0.0498078
0.0216041
0.131905
0.0674542
0.100262
0.0739413
0.144438
0.147231
0.147995
0.0738502
0.149673
0.0920579
0.0796918
0.0968914
0.061113
0.0953247
0.0995008
0.0738285
0.0662486
0.118901
0.0517614
0.0998646
0.0976933
0.149906
0.0696914
0.0932627
0.093454
0.113514
0.064021
0.115372
0.113114
0.110953
0.127308
0.118827
0.0976957
0.0440543
0.126559
0.0969738
0.0677513
0.102944
0.0994915
0.0964535
0.108023
0.0645033
0.09016
0.12134
0.12476
0.0574595
0.0992732
0.035798
0.11436
0.0930327
0.147427
0.0844239
0.115088
0.10058
0.141834
0.0787001
0.153715
0.0893877
0.105745
0.0941197
0.0966495
0.0686869
0.111851
0.153111
0.109419
0.148891
0.115919
0.103139
0.082809
0.035841
0.154567
0.127405
0.0968242
0.153362
0.107678
0.0561779
0.0654317
0.112285
0.145049
0.122876
0.123246
0.147922
0.154723
0.115597
0.103498
0.11472
0.0973343
0.128941
0.0830196
0.0970948
0.0974092
0.100588
0.135691
0.141739
0.110581
0.142279
0.101086
0.154066
0.113784
0.157261
0.102031
0.135552
0.116271
0.149348
0.153665
0.0961981
0.107144
0.15658
0.0854796
0.149997
0.101034
0.0967349
0.100393
0.111135
0.114392
0.151829
0.146289
0.0965276
0.0635941
0.148457
0.130721
0.113507
0.15555
0.0659527
0.100562
0.0983187
0.0658738
0.117494
0.101733
0.155727
0.0824363
0.0557385
0.14003
0.124283
0.124002
0.116226
0.125466
0.151697
0.114211
0.116532
0.126469
0.0475673
0.172876
0.149766
0.151961
0.10473
0.134567
0.142297
0.069367
0.106915
0.126378
0.150628
0.137514
0.149695
0.126661
0.148721
0.150706
0.148792
0.130529
0.104241
0.0822723
0.12984
0.117742
0.0213041
0.097777
0.153354
0.107083
0.0349651
0.126323
0.11178
0.0809426
0.137497
0.149305
0.128095
0.151906
0.12204
0.122891
0.147557
0.116697
0.150225
0.0632732
0.0772082
0.0541771
0.0938985
0.140166
0.0811971
0.0447389
0.103337
0.0465361
0.150348
0.146028
0.128724
0.127818
0.126221
0.152966
0.0949533
0.1485
0.150472
0.0919857
0.115905
0.112094
0.0996262
0.120737
0.125426
0.0684988
0.0554305
0.12151
0.111033
0.148168
0.0876256
0.0800153
0.129882
0.0214318
0.150296
0.15295
0.0823761
0.0984123
0.151589
0.0641865
0.114215
0.147395
0.108919
0.152508
0.128272
0.154359
0.0795806
0.142573
0.119322
0.131981
0.106025
0.0684529
0.123421
0.0374248
0.134425
0.13417
0.12755
0.0607079
0.0409199
0.145077
0.123211
0.130121
0.122131
0.128704
0.0310693
0.100186
0.11816
0.105783
0.149085
0.131589
0.0552781
0.109347
0.124682
0.135472
0.101122
0.148827
0.0783379
0.147644
0.142558
0.127294
0.104637
0.118938
0.0238698
0.119897
0.133512
0.0915075
0.141469
0.0305356
0.154407
0.116801
0.0888471
0.150391
0.109597
0.132787
0.0685174
0.169325
0.159893
0.0537344
0.135306
0.12056
0.131888
0.101083
0.0954841
0.0694584
0.0892453
0.151607
0.126106
0.123227
0.113396
0.0280999
0.142287
0.143429
0.138998
0.0622939
0.115427
0.107716
0.123862
0.110569
0.105355
0.111933
0.133133
0.107167
0.112722
0.13096
0.131301
0.120091
0.11069
0.124689
0.139039
0.108232
0.146595
0.0905309
0.153194
0.109663
0.146039
0.0539363
0.132246
0.114212
0.133707
0.151192
0.113548
0.0325279
0.0211947
0.0982202
0.0420769
0.100808
0.101992
0.110537
0.0358224
0.0640947
0.116665
0.0362536
0.148991
0.14174
0.117511
0.110832
0.100714
0.149021
0.145713
0.154092
0.114096
0.112983
0.121168
0.149383
0.147894
0.0421783
0.134841
0.0706262
0.0906157
0.148607
0.101466
0.126311
0.147246
0.105359
0.0578862
0.117694
0.136268
0.100986
0.148465
0.0223281
0.141945
0.120777
0.15797
0.0976137
0.136128
0.137458
0.038097
0.152883
0.110401
0.0984205
0.127654
0.105577
0.152465
0.103311
0.122739
0.144193
0.146333
0.146975
0.153217
0.0517746
0.0974032
0.145159
0.0970012
0.0971918
0.119261
0.130632
0.0991441
0.135622
0.127494
0.14174
0.131315
0.0690897
0.0794607
0.0899113
0.131501
0.110967
0.148751
0.0807038
0.122068
0.111623
0.100431
0.0701539
0.136184
0.150048
0.0670669
0.0776458
0.146237
0.115999
0.134127
0.149236
0.128593
0.0395475
0.134372
0.1248
0.146197
0.140712
0.14296
0.152859
0.129798
0.124995
0.148337
0.128064
0.136194
0.139919
0.061601
0.148603
0.131617
0.153083
0.0476338
0.140685
0.115796
0.103785
0.114333
0.148411
0.132765
0.149136
0.151842
0.126215
0.136605
0.0918709
0.140631
0.132392
0.117007
0.0323547
0.0506252
0.123453
0.102321
0.14643
0.153359
0.135344
0.134498
0.136138
0.147418
0.152734
0.103899
0.152432
0.121353
0.11581
0.103701
0.113685
0.140695
0.0963749
0.129059
0.069198
0.110859
0.11695
0.136238
0.152591
0.0969309
0.102018
0.128075
0.0564382
0.11228
0.0582473
0.0891296
0.120176
0.106883
0.150025
0.141061
0.161659
0.0979355
0.0356783
0.110148
0.116191
0.137683
0.048796
0.113596
0.0638201
0.116733
0.11668
0.141106
0.127485
0.115827
0.108857
0.129034
0.129037
0.121584
0.141572
0.121045
0.140202
0.125652
0.11882
0.101798
0.13603
0.034332
0.0308817
0.138932
0.132704
0.036825
0.093674
0.125051
0.142655
0.124294
0.143183
0.150763
0.115801
0.099685
0.127962
0.11841
0.105816
0.11913
0.12692
0.0723056
0.0771451
0.0705677
0.115962
0.0943464
0.109241
0.139584
0.147976
0.0911416
0.140576
0.0387211
0.0582057
0.118026
0.152462
0.127427
0.123313
0.1315
0.126038
0.14091
0.118095
0.118338
0.13266
0.117212
0.101634
0.153216
0.140274
0.118226
0.121365
0.0877695
0.109541
0.152076
0.131461
0.098788
0.103163
0.125141
0.119809
0.0996797
0.153135
0.116625
0.15285
0.125446
0.122719
0.152708
0.0745619
0.117238
0.0838298
0.154054
0.119113
0.146477
0.135231
0.039612
0.101493
0.140088
0.146143
0.148017
0.153152
0.133332
0.135808
0.108185
0.128141
0.0460264
0.0761531
0.167484
0.107093
0.100031
0.123512
0.131904
0.148607
0.132026
0.143069
0.0907086
0.149681
0.116872
0.115561
0.120852
0.149467
0.0413863
0.111143
0.136053
0.148002
0.0823089
0.136124
0.0976316
0.0286595
0.100221
0.142665
0.045309
0.129913
0.147316
0.143919
0.129922
0.148777
0.0218754
0.123369
0.10693
0.143363
0.101231
0.127246
0.124843
0.126504
0.0982431
0.142417
0.0983725
0.132794
0.152371
0.132424
0.049585
0.139582
0.145581
0.130886
0.106593
0.0489026
0.152681
0.055579
0.100678
0.125809
0.136695
0.128167
0.0991526
0.154032
0.147958
0.121456
0.134517
0.12893
0.105877
0.0554589
0.139695
0.131627
0.109741
0.105408
0.126979
0.147577
0.124065
0.0682323
0.139652
0.0348073
0.119478
0.10872
0.15393
0.153873
0.126857
0.135689
0.124983
0.152316
0.10294
0.0927461
0.120093
0.117984
0.122389
0.14936
0.129351
0.0358038
0.131719
0.0937164
0.144883
0.148782
0.0630067
0.117777
0.154043
0.130722
0.130128
0.0285817
0.142718
0.1319
0.119729
0.143828
0.130435
0.131191
0.0991877
0.145962
0.0533599
0.154095
0.114765
0.133199
0.124103
0.0773323
0.136872
0.1243
0.151867
0.142085
0.126293
0.130595
0.16985
0.0905051
0.125381
0.143196
0.116442
0.142595
0.105556
0.134074
0.120646
0.130269
0.0760797
0.112874
0.0578482
0.143059
0.139715
0.132535
0.131289
0.146413
0.11197
0.134784
0.109093
0.107509
0.123592
0.123066
0.130434
0.137104
0.135761
0.141296
0.125192
0.133607
0.140936
0.101541
0.128674
0.127885
0.139254
0.127785
0.08395
0.131837
0.130849
0.156516
0.137117
0.0560523
0.0392401
0.0697637
0.142296
0.126502
0.123941
0.157722
0.112062
0.147204
0.138418
0.147255
0.155156
0.141199
0.0662965
0.134151
0.14217
0.140759
0.149044
0.149054
0.128781
0.128671
0.143392
0.0829611
0.147331
0.034834
0.131164
0.145527
0.0978703
0.141272
0.148238
0.133174
0.152265
0.103233
0.143861
0.1254
0.142718
0.160029
0.112412
0.144371
0.106406
0.151102
0.135518
0.128895
0.148723
0.134952
0.138793
0.132943
0.153235
0.124093
0.119802
0.136689
0.130075
0.130085
0.0797838
0.0260701
0.133242
0.144501
0.0771015
0.139015
0.146066
0.134087
0.0364643
0.14577
0.0971797
0.0274843
0.14851
0.118007
0.147488
0.11286
0.141176
0.113896
0.148678
0.116223
0.134582
0.107876
0.132152
0.143203
0.156171
0.132193
0.0841874
0.0828964
0.113593
0.147501
0.13614
0.13807
0.129767
0.133412
0.137802
0.118638
0.12953
0.0988532
0.153116
0.151884
0.0256939
0.135312
0.145925
0.125636
0.148891
0.15317
0.1303
0.141702
0.136449
0.146113
0.147143
0.117687
0.152478
0.137055
0.103082
0.152871
0.148684
0.16504
0.0427898
0.0801825
0.0336436
0.12773
0.133847
0.180206
0.132477
0.147795
0.0980941
0.117392
0.142061
0.152544
0.0990693
0.130294
0.0252341
0.132274
0.146152
0.121398
0.152032
0.152781
0.147335
0.14522
0.147484
0.140754
0.111922
0.146109
0.148554
0.134483
0.131547
0.0905329
0.146523
0.136142
0.147069
0.161821
0.0922672
0.141035
0.151583
0.161599
0.152355
0.104683
0.141941
0.133354
0.127001
0.102057
0.0934318
0.129524
0.142836
0.143565
0.0417773
0.066453
0.145371
0.143838
0.10517
0.126252
0.155505
0.0884838
0.115333
0.148653
0.129188
0.130803
0.13276
0.148881
0.132998
0.117412
0.129644
0.147728
0.0909863
0.0615814
0.136224
0.0913659
0.110799
0.12896
0.0278658
0.147431
0.152275
0.146476
0.146118
0.134629
0.148693
0.154799
0.026398
0.147322
0.146025
0.144749
0.148572
0.14649
0.0979797
0.135194
0.0496576
0.152985
0.149078
0.0988484
0.131745
0.132728
0.128512
0.0717391
0.113921
0.147532
0.148689
0.143897
0.125027
0.135454
0.134471
0.159974
0.119241
0.132215
0.086837
0.136513
0.136094
0.126647
0.133177
0.132005
0.185826
0.146038
0.142701
0.138333
0.13764
0.14497
0.147146
0.134357
0.129635
0.129994
0.154745
0.0902532
0.147297
0.145846
0.144442
0.135883
0.139994
0.147927
0.131483
0.114983
0.146576
0.111066
0.143635
0.125395
0.0555681
0.143253
0.101874
0.152372
0.146943
0.145815
0.13382
0.0990016
0.115214
0.135084
0.13045
0.153777
0.148087
0.144926
0.137284
0.13251
0.131807
0.115681
0.132176
0.137903
0.147582
0.128374
0.147561
0.14653
0.144855
0.14816
0.141174
0.132318
0.151264
0.138792
0.150952
0.136787
0.147108
0.101226
0.0684149
0.0641225
0.148724
0.104395
0.122721
0.13448
0.148317
0.0876355
0.13156
0.146835
0.100387
0.129254
0.102232
0.148705
0.127326
0.146859
0.132634
0.134958
0.146528
0.135644
0.135742
0.137229
0.146873
0.148264
0.127005
0.152915
0.132148
0.144653
0.147342
0.151686
0.145823
0.149392
0.148743
0.0542817
0.0764569
0.0402044
0.131657
0.153128
0.124698
0.132421
0.144508
0.129317
0.147727
0.112202
0.133179
0.152177
0.11825
0.151421
0.121866
0.148568
0.148712
0.127978
0.0724753
0.146241
0.124351
0.141516
0.146052
0.167265
0.145336
0.143288
0.137861
0.133865
0.143062
0.146148
0.130685
0.0943077
0.142767
0.161548
0.150774
0.171162
0.155832
0.143073
0.103782
0.122536
0.146074
0.131067
0.14309
0.117351
0.124
0.160163
0.146976
0.146316
0.138621
0.135343
0.0971977
0.148219
0.132325
0.116799
0.142994
0.131717
0.149341
0.148844
0.166117
0.136754
0.143269
0.131368
0.153354
0.134431
0.101942
0.149816
0.14791
0.137359
0.0719712
0.148489
0.144465
0.134493
0.14153
0.132302
0.148866
0.147319
0.102963
0.152473
0.123525
0.150789
0.142555
0.148535
0.146508
0.13851
0.143641
0.151765
0.143614
0.147504
0.148565
0.148428
0.148944
0.147718
0.142384
0.148781
0.143732
0.133182
0.144427
0.132765
0.136604
0.134237
0.147811
0.14203
0.147462
0.115635
0.130979
0.0949914
0.142024
0.146073
0.148926
0.05302
0.147311
0.149156
0.145653
0.148323
0.115545
0.14854
0.148602
0.148808
0.134393
0.144271
0.135141
0.0791473
0.14527
0.136716
0.149007
0.143052
0.115986
0.147838
0.149293
0.148216
0.14626
0.146796
0.146469
0.153133
0.145794
0.141014
0.134793
0.114358
0.148292
0.130049
0.119761
0.13287
0.150389
0.145709
0.125432
0.0973183
0.112783
0.106181
0.148928
0.140803
0.145548
0.145552
0.14707
0.134662
0.153044
0.127714
0.148142
0.15046
0.147436
0.148603
0.150247
0.152986
0.147379
0.153253
0.153275
0.151687
0.148663
0.148728
0.143453
0.105377
0.147492
0.145373
0.155518
0.157979
0.147702
0.146327
0.152845
0.155547
0.147577
0.143602
0.142573
0.153296
0.144635
0.145876
0.150826
0.148104
0.138276
0.153194
0.132467
0.152957
0.146882
0.143176
0.135908
0.050485
0.146402
0.143283
0.151976
0.151209
0.144874
0.134386
0.129735
0.131386
0.138384
0.143186
0.149972
0.143228
0.0567192
0.146783
0.135745
0.117226
0.149992
0.153218
0.0660468
0.128825
0.0226259
0.148691
0.0950799
0.114188
0.155508
0.145964
0.150389
0.152986
0.141547
0.148147
0.0627641
0.146853
0.149002
0.152528
0.148138
0.110786
0.12261
0.141792
0.141286
0.149136
0.143736
0.151724
0.149043
0.14785
0.0495379
0.14907
0.150621
0.135479
0.13797
0.150841
0.155621
0.132538
0.127009
0.131978
0.149082
0.0967547
0.141347
0.0687819
0.152996
0.143482
0.159535
0.134969
0.147891
0.169502
0.148008
0.150042
0.145153
0.154077
0.151534
0.124932
0.153297
0.152271
0.0642614
0.130096
0.132155
0.148771
0.152703
0.119672
0.152151
0.146316
0.152012
0.135275
0.151935
0.137619
0.129608
0.144104
0.164616
0.127964
0.146105
0.150824
0.15301
0.147804
0.14892
0.0953959
0.153637
0.151167
0.144553
0.149645
0.133858
0.14706
0.14862
0.158799
0.144273
0.118199
0.156162
0.138206
0.146367
0.131536
0.103542
0.146819
0.151595
0.147061
0.130994
0.116256
0.128593
0.149215
0.142944
0.109272
0.131414
0.15327
0.133177
0.150937
0.146973
0.147483
0.149831
0.152162
0.10524
0.148411
0.152394
0.136777
0.148389
0.149375
0.155445
0.145833
0.15327
0.144888
0.152487
0.0279827
0.152763
0.0347595
0.106715
0.147186
0.114824
0.0902642
0.0259309
0.150239
0.132738
0.150635
0.148465
0.123692
0.149063
0.137915
0.154153
0.148376
0.131548
0.149702
0.0193733
0.148423
0.155968
0.0516406
0.150697
0.149542
0.152954
0.151913
0.0431001
0.152533
0.143322
0.133703
0.0409525
0.148398
0.149373
0.148152
0.150524
0.152624
0.0983572
0.135097
0.147435
0.148802
0.143947
0.136107
0.0554369
0.145305
0.142997
0.144338
0.10674
0.157685
0.145837
0.153509
0.147699
0.149119
0.148985
0.149657
0.153653
0.14663
0.151793
0.151933
0.140338
0.089641
0.154102
0.151535
0.152524
0.0815277
0.148394
0.148893
0.150317
0.146054
0.102611
0.093601
0.145787
0.182835
0.132129
0.129665
0.150697
0.150418
0.145482
0.149085
0.15316
0.116329
0.146811
0.0570651
0.147519
0.134949
0.146501
0.153208
0.130682
0.148491
0.17771
0.152088
0.154026
0.117552
0.149649
0.12525
0.14778
0.141452
0.142521
0.15257
0.15239
0.152422
0.146565
0.134332
0.140669
0.145891
0.0859409
0.043197
0.147774
0.136426
0.151325
0.148347
0.152705
0.147412
0.136328
0.144982
0.142794
0.148698
0.0459228
0.151832
0.175244
0.154432
0.134988
0.146035
0.167438
0.0693233
0.145594
0.130459
0.136509
0.152183
0.0936047
0.127807
0.151487
0.148225
0.132568
0.147951
0.152499
0.133998
0.114186
0.152516
0.146226
0.149404
0.148447
0.152025
0.145621
0.148248
0.153197
0.152458
0.120627
0.132377
0.148746
0.150567
0.148051
0.147621
0.127228
0.148093
0.15306
0.148205
0.152991
0.13749
0.141156
0.152712
0.137208
0.152104
0.147332
0.0484632
0.0604568
0.136319
0.152533
0.0678639
0.149906
0.14934
0.151018
0.153965
0.136715
0.15859
0.152192
0.152335
0.152905
0.147573
0.147342
0.107437
0.141038
0.152064
0.152262
0.152579
0.147051
0.141932
0.144989
0.152736
0.151243
0.153135
0.0925745
0.149039
0.136539
0.151656
0.0917105
0.149121
0.152737
0.152301
0.152267
0.153207
0.150462
0.149722
0.152705
0.14498
0.1529
0.179333
0.148924
0.144703
0.152793
0.121288
0.153043
0.151915
0.148638
0.146525
0.14869
0.152673
0.152533
0.154842
0.152784
0.152574
0.125865
0.152997
0.145837
0.132335
0.153266
0.14651
0.152581
0.153932
0.131053
0.151612
0.15312
0.151919
0.152416
0.152312
0.0969693
0.151725
0.152235
0.155905
0.151661
0.143895
0.147074
0.0643383
0.149373
0.153047
0.149915
0.150766
0.137243
0.15471
0.146805
0.153545
0.147993
0.146281
0.154493
0.13154
0.172102
0.149364
0.176629
0.110841
0.153307
0.131893
0.146367
0.136162
0.152072
0.128659
0.15237
0.152341
0.138166
0.153129
0.120094
0.152587
0.126849
0.147566
0.136133
0.152038
0.153568
0.147742
0.129968
0.0405637
0.129093
0.148983
0.140914
0.153319
0.183618
0.12147
0.152226
0.134446
0.123749
0.14649
0.148162
0.152351
0.143551
0.137704
0.152104
0.15131
0.14904
0.151093
0.103732
0.154176
0.11477
0.120123
0.15271
0.152609
0.136346
0.152477
0.148296
0.107821
0.131533
0.159706
0.152651
0.0975848
0.152824
0.149986
0.148081
0.117403
0.152994
0.152022
0.125859
0.138276
0.152691
0.151095
0.151184
0.142904
0.152159
0.149328
0.137282
0.114686
0.0945766
0.122997
0.148293
0.132375
0.15201
0.153044
0.152883
0.131764
0.118476
0.151998
0.151268
0.152895
0.148551
0.150946
0.142362
0.112544
0.170539
0.151555
0.0663043
0.152842
0.152797
0.103895
0.134411
0.152898
0.14659
0.140009
0.117683
0.145162
0.145997
0.151761
0.153176
0.152851
0.119098
0.140782
0.148372
0.144427
0.148631
0.147261
0.144876
0.152861
0.126922
0.142214
0.1487
0.137414
0.151554
0.120597
0.125291
0.153262
0.139227
0.153373
0.153392
0.149941
0.135004
0.0488798
0.148191
0.102278
0.153283
0.151217
0.129234
0.0783543
0.152691
0.147426
0.14559
0.153274
0.112782
0.152705
0.152889
0.146962
0.135314
0.137701
0.141573
0.148784
0.144043
0.151881
0.152619
0.151555
0.151914
0.153864
0.13459
0.1525
0.125679
0.152834
0.139277
0.154154
0.153524
0.174983
0.151674
0.148981
0.146442
0.111147
0.150772
0.13378
0.137344
0.152687
0.154384
0.153101
0.148854
0.150093
0.153736
0.117892
0.141807
0.138114
0.153298
0.151222
0.15394
0.147228
0.140727
0.16489
0.150862
0.023925
0.150232
0.118097
0.152866
0.153357
0.154
0.131376
0.147811
0.154176
0.0771337
0.153205
0.143653
0.148236
0.149111
0.146296
0.0690663
0.153229
0.102918
0.142342
0.149501
0.129904
0.148555
0.15492
0.149628
0.151916
0.154337
0.157588
0.153941
0.119548
0.0783754
0.151274
0.148578
0.129893
0.149024
0.115893
0.153029
0.118091
0.14625
0.135171
0.178639
0.148615
0.144228
0.154386
0.148294
0.057173
0.14839
0.149095
0.158173
0.139116
0.121153
0.153842
0.146377
0.140057
0.152505
0.1506
0.147547
0.119899
0.138267
0.0939189
0.153775
0.152543
0.14961
0.136432
0.154754
0.137792
0.154305
0.13598
0.161974
0.136171
0.153036
0.143168
0.149193
0.154355
0.153896
0.132404
0.15359
0.149142
0.148821
0.153677
0.154217
0.144272
0.153073
0.148295
0.14903
0.152971
0.146152
0.150984
0.149951
0.140924
0.134044
0.145909
0.0345308
0.150554
0.135585
0.0997428
0.127533
0.153837
0.148361
0.142993
0.149994
0.153393
0.150673
0.150871
0.157882
0.124411
0.164474
0.172747
0.060893
0.14968
0.153329
0.148274
0.1504
0.134178
0.148249
0.151599
0.145022
0.1453
0.141593
0.153775
0.153963
0.151788
0.143475
0.148913
0.145276
0.14911
0.154967
0.144754
0.173856
0.152977
0.184107
0.137477
0.144658
0.151511
0.15128
0.0282366
0.0795169
0.12955
0.14081
0.142745
0.147833
0.152589
0.147965
0.140764
0.146028
0.142905
0.148685
0.135597
0.153839
0.156352
0.154321
0.153321
0.158572
0.146617
0.138154
0.154283
0.142697
0.148475
0.153571
0.150442
0.148076
0.153323
0.129278
0.150821
0.149218
0.14402
0.1461
0.153349
0.152639
0.151285
0.123385
0.149218
0.151768
0.17129
0.184057
0.151766
0.146409
0.149865
0.15341
0.14907
0.172812
0.154466
0.154463
0.182999
0.161228
0.145168
0.169733
0.177886
0.160706
0.153483
0.15783
0.143407
0.152075
0.15368
0.14703
0.147424
0.16283
0.14718
0.167938
0.151951
0.141763
0.172852
0.150249
0.147374
0.154008
0.149497
0.149495
0.158799
0.15228
0.156715
0.149559
0.159973
0.152733
0.149432
0.168249
0.154384
0.154387
0.152677
0.155633
0.15919
0.150289
0.139608
0.150424
0.162434
0.139568
0.149066
0.154337
0.147163
0.148234
0.171903
0.154364
0.1437
0.140673
0.18093
0.15195
0.172743
0.144385
0.154339
0.146847
0.163481
0.154337
0.147567
0.145787
0.142901
0.140361
0.141851
0.153006
0.145095
0.0828506
0.135633
0.14357
0.136525
0.152664
0.153295
0.13453
0.150035
0.147375
0.151616
0.153672
0.153722
0.11465
0.151074
0.0652734
0.153306
0.148154
0.122393
0.131283
0.149877
0.123146
0.148399
0.158345
0.14759
0.149103
0.152736
0.153001
0.148612
0.143811
0.152091
0.154091
0.152677
0.153889
0.150829
0.153228
0.149014
0.152724
0.150322
0.1486
0.0911888
0.169873
0.140835
0.132998
0.153019
0.124221
0.151092
0.130309
0.143886
0.117631
0.148078
0.154004
0.149737
0.114342
0.153268
0.135422
0.151768
0.152782
0.0963906
0.143485
0.14516
0.154175
0.13547
0.164131
0.14739
0.153133
0.1541
0.14067
0.147796
0.152906
0.109957
0.120547
0.146917
0.154142
0.15397
0.128027
0.158756
0.141759
0.152524
0.143393
0.149546
0.147359
0.153097
0.158619
0.151291
0.153708
0.151738
0.137217
0.152836
0.0747143
0.152526
0.124132
0.153191
0.152351
0.144715
0.149128
0.118715
0.148715
0.14596
0.123818
0.147827
0.153991
0.151802
0.151174
0.145356
0.150885
0.162457
0.143573
0.15288
0.135697
0.148517
0.13226
0.154391
0.135365
0.152531
0.113508
0.120672
0.133353
0.144914
0.143869
0.153913
0.146424
0.131526
0.14697
0.147145
0.151712
0.151272
0.129994
0.136743
0.164341
0.153127
0.15344
0.149747
0.154102
0.153284
0.152299
0.154052
0.150553
0.145705
0.130619
0.127329
0.149295
0.153374
0.133976
0.1533
0.153981
0.0818194
0.152483
0.14711
0.146998
0.153819
0.147626
0.0765779
0.118682
0.153577
0.153548
0.135924
0.150849
0.149564
0.156637
0.147796
0.135218
0.101211
0.146563
0.154011
0.0909268
0.136916
0.148286
0.0412852
0.152483
0.131955
0.132256
0.151839
0.148906
0.0403839
0.0836423
0.152725
0.154356
0.15191
0.153603
0.149413
0.147658
0.153249
0.149909
0.152065
0.134201
0.081913
0.150168
0.1638
0.149171
0.157237
0.146691
0.148252
0.159571
0.148513
0.153239
0.152886
0.117043
0.150003
0.15305
0.149313
0.153441
0.147286
0.138509
0.0941317
0.159217
0.153135
0.15298
0.151346
0.147046
0.151524
0.153378
0.144719
0.14882
0.084794
0.153974
0.143658
0.152913
0.153375
0.100574
0.154059
0.150903
0.152286
0.153731
0.15341
0.153996
0.144592
0.151888
0.149142
0.0675041
0.153379
0.147997
0.153056
0.151948
0.146865
0.142009
0.136559
0.0898903
0.147883
0.147897
0.153013
0.153182
0.153197
0.152688
0.151927
0.136219
0.141914
0.153115
0.0879886
0.149882
0.147602
0.0713008
0.121292
0.140316
0.153532
0.144805
0.149116
0.148365
0.140061
0.153388
0.150287
0.150277
0.120362
0.154541
0.15293
0.150622
0.12209
0.136801
0.147774
0.148421
0.153374
0.148361
0.148724
0.147807
0.150513
0.152657
0.15402
0.150125
0.139762
0.142317
0.14942
0.153206
0.14109
0.14513
0.151204
0.165946
0.149269
0.144924
0.151551
0.149971
0.153293
0.153321
0.149237
0.137512
0.147967
0.174902
0.157828
0.0263301
0.148757
0.108946
0.153623
0.153455
0.152856
0.153402
0.145213
0.153151
0.152228
0.14243
0.15343
0.156422
0.0210369
0.144572
0.155826
0.13818
0.150114
0.146247
0.0725844
0.151517
0.153508
0.155488
0.152032
0.130835
0.0611607
0.137622
0.149684
0.152079
0.150824
0.0346486
0.152687
0.137994
0.145465
0.133019
0.152432
0.151935
0.138604
0.150953
0.139983
0.048507
0.128963
0.152514
0.152558
0.152076
0.104068
0.145577
0.150978
0.150525
0.144674
0.146847
0.145284
0.155958
0.019134
0.125791
0.142328
0.146688
0.152904
0.146235
0.129343
0.148668
0.148813
0.145833
0.147605
0.150969
0.157974
0.146072
0.153198
0.150834
0.152308
0.146369
0.148184
0.134789
0.169157
0.134911
0.0953659
0.0293102
0.150815
0.127365
0.129829
0.0992382
0.153001
0.152335
0.15345
0.135286
0.153262
0.172557
0.153242
0.15094
0.149203
0.131425
0.143505
0.151148
0.152524
0.159483
0.145886
0.100295
0.0995835
0.0774077
0.151241
0.151692
0.12498
0.161051
0.150916
0.153406
0.153143
0.131069
0.158291
0.127482
0.13372
0.118041
0.0605494
0.152704
0.142205
0.153162
0.159267
0.151151
0.151461
0.147117
0.138328
0.137327
0.148522
0.153119
0.153219
0.158337
0.145645
0.150478
0.144907
0.151349
0.151921
0.152914
0.150584
0.133132
0.131736
0.137508
0.0799366
0.15263
0.131441
0.144645
0.145417
0.137084
0.147956
0.146667
0.1531
0.153171
0.149792
0.149715
0.0849753
0.153146
0.12685
0.147296
0.148362
0.151136
0.151426
0.152794
0.146402
0.153341
0.14296
0.15094
0.101732
0.150701
0.149076
0.120405
0.148658
0.148806
0.151043
0.153338
0.152566
0.147079
0.131065
0.143811
0.152031
0.153271
0.149071
0.150834
0.152906
0.135704
0.157485
0.147409
0.153365
0.132933
0.151935
0.0979611
0.147602
0.151638
0.145672
0.150371
0.151635
0.111863
0.141737
0.153491
0.151565
0.0626163
0.143978
0.152568
0.148931
0.151203
0.151364
0.129249
0.151353
0.136302
0.145188
0.131968
0.148482
0.147286
0.151741
0.147872
0.148502
0.148671
0.149745
0.152451
0.152002
0.138986
0.129747
0.13719
0.153039
0.143706
0.143636
0.148938
0.141299
0.14712
0.15632
0.0978873
0.153376
0.152942
0.150661
0.151396
0.150482
0.121532
0.151146
0.149246
0.146305
0.147897
0.14835
0.150353
0.136607
0.131066
0.150302
0.150563
0.152004
0.131197
0.134509
0.148389
0.0697115
0.144058
0.150756
0.146107
0.144756
0.137386
0.152349
0.151371
0.141375
0.152979
0.0702887
0.148121
0.131622
0.150375
0.145932
0.15016
0.145943
0.148048
0.156901
0.152993
0.127948
0.153082
0.0971203
0.115257
0.152031
0.153649
0.14823
0.147834
0.147897
0.153039
0.0953639
0.141046
0.151353
0.146645
0.148679
0.115185
0.150331
0.150616
0.149564
0.153191
0.144621
0.153422
0.131212
0.153539
0.152799
0.162203
0.149039
0.147454
0.144482
0.141936
0.153309
0.149096
0.150746
0.144714
0.149196
0.152243
0.152256
0.148375
0.15244
0.151233
0.153256
0.144721
0.141992
0.146718
0.140763
0.158023
0.150349
0.149843
0.145759
0.152353
0.145526
0.164356
0.15132
0.151933
0.153389
0.142225
0.021317
0.144877
0.149257
0.131814
0.1326
0.149592
0.150622
0.152047
0.112101
0.137349
0.147923
0.152139
0.149713
0.14996
0.150125
0.145449
0.150055
0.151715
0.152025
0.147658
0.148146
0.150967
0.152449
0.108854
0.150038
0.150361
0.125962
0.149261
0.166593
0.148897
0.152896
0.16053
0.146016
0.0424152
0.136098
0.146248
0.110816
0.145708
0.130419
0.152414
0.171893
0.148253
0.152729
0.153338
0.149474
0.149103
0.146725
0.146516
0.150917
0.149222
0.151091
0.148136
0.149182
0.153753
0.152907
0.145327
0.141042
0.148478
0.14883
0.147492
0.143627
0.105876
0.151728
0.152223
0.14805
0.148551
0.149115
0.148519
0.0742773
0.149663
0.152137
0.14104
0.150813
0.146661
0.148409
0.161501
0.151932
0.151282
0.137165
0.148493
0.152215
0.158524
0.151513
0.150459
0.15331
0.127031
0.140699
0.1467
0.150977
0.146955
0.14307
0.105406
0.152734
0.151922
0.150057
0.146957
0.137247
0.153188
0.166198
0.137413
0.167307
0.147248
0.147593
0.149378
0.119792
0.134927
0.129401
0.146809
0.152109
0.143751
0.0755866
0.125448
0.175518
0.150082
0.149186
0.139076
0.147894
0.122745
0.146879
0.147471
0.14907
0.13913
0.118915
0.150304
0.1518
0.150907
0.146538
0.146572
0.14762
0.15417
0.148067
0.148537
0.148853
0.145053
0.15157
0.151527
0.154525
0.151914
0.156587
0.12959
0.158687
0.152513
0.152308
0.148176
0.149346
0.149587
0.146172
0.148894
0.132994
0.153403
0.120779
0.14856
0.147782
0.1505
0.142931
0.14227
0.148253
0.149395
0.147674
0.139615
0.0645005
0.112622
0.152924
0.150208
0.152474
0.147896
0.149488
0.148326
0.149769
0.148453
0.149128
0.149386
0.133977
0.149538
0.142656
0.143567
0.149282
0.149892
0.150209
0.149906
0.148601
0.145844
0.131736
0.15461
0.152248
0.150948
0.145128
0.129033
0.146179
0.149269
0.149256
0.149341
0.151413
0.114063
0.153456
0.143839
0.131947
0.126399
0.0752704
0.119708
0.13171
0.130924
0.120334
0.138018
0.146744
0.151919
0.144858
0.147593
0.149157
0.154418
0.156052
0.0966086
0.147713
0.151473
0.149461
0.14721
0.147031
0.149417
0.151639
0.13438
0.136336
0.139892
0.148721
0.0407559
0.151405
0.152503
0.122334
0.129881
0.144488
0.0403098
0.142583
0.116759
0.15182
0.145217
0.151318
0.138108
0.154782
0.1529
0.153093
0.172458
0.131989
0.117896
0.142705
0.146864
0.14462
0.159963
0.144256
0.132024
0.146599
0.147902
0.143932
0.146524
0.140988
0.126979
0.153558
0.0567359
0.156787
0.148829
0.146068
0.132787
0.146511
0.087706
0.1322
0.149369
0.120396
0.119453
0.139511
0.149886
0.101881
0.0402554
0.151995
0.131859
0.149494
0.1517
0.150275
0.148845
0.145326
0.151561
0.151161
0.151388
0.143464
0.150042
0.151708
0.15106
0.141795
0.149501
0.131021
0.127014
0.13443
0.148159
0.127077
0.139791
0.150839
0.125828
0.0911071
0.150003
0.126283
0.151378
0.151062
0.137015
0.15351
0.13095
0.148154
0.15191
0.153473
0.146034
0.147635
0.149775
0.115727
0.124992
0.151453
0.147677
0.151066
0.152959
0.138547
0.100739
0.12774
0.102537
0.146365
0.134019
0.149048
0.112973
0.142862
0.149248
0.101644
0.12974
0.0641024
0.138035
0.148646
0.15581
0.150963
0.14794
0.149607
0.147631
0.14866
0.13852
0.150503
0.147078
0.135101
0.149833
0.1498
0.14967
0.131982
0.151296
0.148066
0.150066
0.0485579
0.137997
0.124784
0.160097
0.148892
0.151091
0.151518
0.0633653
0.145715
0.145721
0.15101
0.125791
0.137709
0.0823706
0.149662
0.13922
0.151526
0.149415
0.149793
0.143402
0.130639
0.142426
0.146858
0.152438
0.0644074
0.12544
0.151837
0.143257
0.133931
0.148998
0.144739
0.14188
0.153527
0.0996229
0.148824
0.136064
0.135494
0.151228
0.148303
0.14881
0.128885
0.144495
0.0354061
0.153014
0.152333
0.152678
0.137523
0.149193
0.150552
0.147747
0.152118
0.147917
0.148298
0.149012
0.152653
0.141617
0.128357
0.152227
0.133295
0.148777
0.150783
0.140585
0.0992776
0.148042
0.0985946
0.156986
0.154305
0.150938
0.0282833
0.141356
0.150227
0.13638
0.137354
0.136702
0.150852
0.150649
0.121308
0.14306
0.14578
0.0745095
0.0922991
0.149818
0.106717
0.145067
0.149621
0.148091
0.152487
0.135906
0.141138
0.143147
0.14938
0.0966995
0.139129
0.144266
0.134707
0.15357
0.140876
0.152716
0.149392
0.109148
0.147563
0.148898
0.0719513
0.135919
0.149388
0.12897
0.136787
0.145316
0.142444
0.136525
0.147127
0.150956
0.124934
0.149531
0.150384
0.134454
0.141628
0.14488
0.140655
0.149273
0.141462
0.147986
0.15089
0.14356
0.144219
0.149487
0.142964
0.170448
0.133691
0.144495
0.140066
0.14842
0.138108
0.132686
0.147747
0.150708
0.142849
0.133792
0.149391
0.127234
0.15028
0.149153
0.150787
0.150239
0.118801
0.148663
0.149932
0.151911
0.152588
0.150569
0.148062
0.0915152
0.150612
0.0983861
0.143703
0.146686
0.14984
0.151918
0.148092
0.134602
0.15112
0.148143
0.1545
0.149973
0.120404
0.138991
0.15009
0.130505
0.065521
0.117877
0.127622
0.114958
0.106143
0.148626
0.140976
0.109511
0.0643167
0.138674
0.11808
0.149694
0.1517
0.14938
0.148878
0.151635
0.143021
0.150769
0.119409
0.110431
0.148236
0.151535
0.147352
0.148453
0.149448
0.150926
0.153446
0.149847
0.135522
0.148994
0.149345
0.152954
0.062149
0.138376
0.146913
0.138106
0.138904
0.152091
0.143264
0.137601
0.149035
0.148434
0.146632
0.106805
0.1508
0.142538
0.149875
0.146487
0.148508
0.150949
0.124637
0.144757
0.137788
0.118635
0.147028
0.142421
0.147017
0.152149
0.150733
0.146213
0.120556
0.104476
0.148906
0.142121
0.148099
0.148568
0.148391
0.143005
0.137351
0.145797
0.146292
0.139407
0.139947
0.144867
0.148251
0.148682
0.153437
0.117893
0.13822
0.148547
0.15015
0.148443
0.136723
0.134584
0.147636
0.140985
0.148432
0.140002
0.128984
0.153869
0.135641
0.150321
0.10423
0.147085
0.129871
0.150784
0.11446
0.150654
0.111957
0.147895
0.118307
0.133105
0.145974
0.134257
0.147452
0.144332
0.0639619
0.144193
0.148888
0.145266
0.153729
0.148165
0.145367
0.144833
0.153733
0.141192
0.149844
0.151827
0.101075
0.130548
0.132357
0.145732
0.142485
0.149323
0.150381
0.150958
0.133932
0.123896
0.10476
0.147096
0.148855
0.149975
0.143324
0.130013
0.139796
0.148171
0.129741
0.151006
0.149066
0.145638
0.151604
0.149486
0.153164
0.141174
0.151449
0.148401
0.147031
0.148555
0.142232
0.127239
0.148912
0.14786
0.151511
0.118809
0.143626
0.141128
0.143041
0.134295
0.155452
0.133538
0.0911222
0.139522
0.139721
0.1318
0.148411
0.138743
0.151891
0.148442
0.148054
0.150578
0.083567
0.141139
0.147398
0.123467
0.139157
0.145514
0.0962962
0.12879
0.130758
0.12572
0.150356
0.0765286
0.144776
0.129424
0.102884
0.107518
0.149774
0.149359
0.148426
0.145652
0.143472
0.141893
0.124783
0.14966
0.129623
0.0412731
0.131396
0.14692
0.141168
0.0519957
0.14645
0.15204
0.145664
0.15025
0.151243
0.145837
0.149176
0.123602
0.139123
0.14869
0.14888
0.135825
0.152647
0.148812
0.149347
0.147704
0.126752
0.125326
0.142402
0.137619
0.130952
0.130192
0.150004
0.145792
0.133578
0.14908
0.147474
0.161179
0.122369
0.147523
0.147074
0.135176
0.126192
0.0333538
0.133486
0.148857
0.148849
0.12691
0.131828
0.141603
0.112294
0.147801
0.135418
0.146538
0.14712
0.139451
0.147066
0.146479
0.132328
0.10502
0.125063
0.145174
0.133672
0.15016
0.129671
0.145245
0.0977177
0.146478
0.0252329
0.14265
0.147369
0.0858488
0.135452
0.117222
0.120016
0.137701
0.132172
0.0979367
0.151182
0.149185
0.142948
0.136799
0.143018
0.117446
0.136665
0.15008
0.138623
0.122954
0.0230454
0.151723
0.115418
0.133918
0.147188
0.0963158
0.126589
0.12352
0.130182
0.146841
0.150151
0.148362
0.150349
0.148058
0.0835334
0.149163
0.145406
0.149427
0.153485
0.114453
0.150094
0.149952
0.0360127
0.148025
0.103072
0.151568
0.153771
0.148852
0.15034
0.131067
0.114034
0.077903
0.149451
0.127212
0.142537
0.146521
0.14946
0.137645
0.0897183
0.118727
0.14891
0.153782
0.148995
0.14861
0.123306
0.124497
0.145762
0.151588
0.152851
0.137706
0.151707
0.0508389
0.142877
0.144345
0.118023
0.113129
0.148502
0.1334
0.0923356
0.0980186
0.149025
0.0825614
0.136694
0.1185
0.140315
0.126437
0.135743
0.149346
0.134374
0.148951
0.120967
0.118754
0.068476
0.118422
0.137209
0.145392
0.136072
0.143067
0.142359
0.122597
0.150283
0.153616
0.141231
0.139204
0.129173
0.127329
0.142479
0.143803
0.149409
0.147547
0.141957
0.123113
0.138607
0.12588
0.124436
0.14992
0.116955
0.14953
0.124975
0.137842
0.150953
0.131719
0.150651
0.15214
0.0340473
0.11306
0.100599
0.0985183
0.145574
0.130174
0.135413
0.132033
0.147259
0.0568835
0.169744
0.130164
0.150159
0.076382
0.116771
0.114988
0.126025
0.137046
0.126472
0.0703344
0.150385
0.0184325
0.128508
0.125726
0.136961
0.130067
0.147156
0.0791727
0.150038
0.0808268
0.144264
0.124863
0.132158
0.149577
0.135398
0.148326
0.151451
0.146307
0.125104
0.139816
0.122093
0.134357
0.143926
0.132864
0.14286
0.147327
0.143588
0.131614
0.104043
0.124045
0.150768
0.147754
0.116229
0.145774
0.145489
0.112075
0.147835
0.14573
0.154045
0.112793
0.122637
0.148608
0.145492
0.149384
0.132788
0.146403
0.151853
0.14407
0.0775297
0.119571
0.12278
0.143841
0.14821
0.132621
0.131516
0.132273
0.15132
0.146731
0.142241
0.130968
0.149451
0.141596
0.131095
0.141693
0.11886
0.149286
0.134533
0.125023
0.146876
0.148949
0.140401
0.146627
0.129209
0.138027
0.103125
0.132818
0.058203
0.134513
0.183411
0.144927
0.138403
0.126306
0.138267
0.134624
0.13763
0.0969791
0.149069
0.11422
0.136722
0.132261
0.136218
0.118061
0.105914
0.141388
0.130072
0.129806
0.143571
0.147971
0.134748
0.15016
0.123185
0.115103
0.131312
0.114461
0.131311
0.121078
0.147295
0.151404
0.144422
0.151308
0.137917
0.130355
0.149142
0.116082
0.0677872
0.0800669
0.138714
0.11808
0.129132
0.134125
0.142687
0.106763
0.126705
0.126171
0.151597
0.0993821
0.148512
0.146152
0.149333
0.0346395
0.118428
0.149946
0.136172
0.13219
0.144706
0.147351
0.132682
0.0776497
0.120616
0.128425
0.139144
0.136955
0.133043
0.118356
0.135412
0.11901
0.126489
0.12201
0.0792673
0.148052
0.134906
0.143244
0.152143
0.14434
0.148882
0.124852
0.151347
0.149705
0.117655
0.14221
0.144336
0.128859
0.123336
0.14018
0.0478324
0.0941836
0.06571
0.150645
0.11412
0.143741
0.125653
0.126678
0.119175
0.0945521
0.0666808
0.150271
0.103189
0.132835
0.0575987
0.121689
0.174981
0.149226
0.0423699
0.0911274
0.13815
0.116249
0.147651
0.134261
0.126668
0.134462
0.146298
0.132113
0.15033
0.150271
0.129947
0.0757685
0.153536
0.122495
0.113773
0.0633593
0.119206
0.150996
0.111748
0.136198
0.134279
0.113001
0.115703
0.0996043
0.100585
0.148288
0.153303
0.0685862
0.128071
0.12351
0.0695443
0.141057
0.152702
0.119673
0.0530758
0.133872
0.151928
0.126719
0.151339
0.153369
0.138934
0.117754
0.131516
0.15373
0.136818
0.148436
0.127421
0.132755
0.0772926
0.141829
0.0622034
0.104893
0.132755
0.149634
0.130127
0.138688
0.14391
0.137494
0.153135
0.131846
0.152373
0.176071
0.107803
0.150984
0.0361061
0.126395
0.148837
0.145318
0.143438
0.0924968
0.147855
0.144728
0.0977301
0.131369
0.144489
0.150527
0.12819
0.127809
0.131996
0.152132
0.145083
0.165532
0.134305
0.0234556
0.122917
0.130003
0.135476
0.146937
0.14122
0.135627
0.141528
0.117973
0.148489
0.0992556
0.135006
0.144134
0.126479
0.102478
0.0367002
0.123552
0.118155
0.136878
0.150108
0.154451
0.151225
0.121138
0.135982
0.149523
0.110966
0.150889
0.0293221
0.076606
0.147411
0.132244
0.129851
0.11948
0.10478
0.129634
0.135409
0.118616
0.144088
0.0702444
0.148776
0.151863
0.133134
0.068115
0.115863
0.118244
0.149665
0.0773769
0.0979321
0.149182
0.023601
0.162349
0.137983
0.148397
0.130675
0.149196
0.135895
0.0997742
0.101681
0.0265319
0.148111
0.0859667
0.14574
0.101356
0.147653
0.12384
0.124927
0.152092
0.146271
0.170499
0.147707
0.146338
0.14698
0.149567
0.131354
0.133091
0.146937
0.150806
0.148328
0.117332
0.0761679
0.103964
0.132685
0.167932
0.130291
0.157082
0.148945
0.0540956
0.158146
0.130641
0.137749
0.130382
0.103205
0.100544
0.126741
0.101908
0.151641
0.125271
0.145413
0.136407
0.106761
0.131342
0.128033
0.114469
0.135141
0.10585
0.118131
0.149333
0.102221
0.125643
0.149477
0.133928
0.0160451
0.126227
0.0798502
0.0960035
0.140691
0.123257
0.149307
0.136098
0.149831
0.112697
0.13433
0.11298
0.146927
0.0954115
0.129412
0.137655
0.148822
0.130185
0.145239
0.0566089
0.100549
0.0595413
0.105585
0.138461
0.11951
0.0935543
0.116504
0.144707
0.153499
0.104715
0.157473
0.106323
0.05039
0.093823
0.137594
0.106566
0.152703
0.0641999
0.143862
0.149965
0.129047
0.0225216
0.147626
0.121239
0.117155
0.128117
0.153376
0.0363922
0.0646959
0.113786
0.100538
0.0959804
0.0657689
0.140537
0.131122
0.0814703
0.130779
0.0990336
0.145953
0.148157
0.133117
0.139091
0.119161
0.118593
0.149177
0.130148
0.0299203
0.13267
0.147944
0.0794709
0.0548479
0.0880221
0.0677007
0.11553
0.100568
0.138973
0.140943
0.0485576
0.0896798
0.130294
0.138276
0.145023
0.137603
0.133981
0.1068
0.147796
0.0968616
0.102827
0.150114
0.149271
0.147453
0.102299
0.132696
0.0991447
0.0974607
0.114678
0.146183
0.0292157
0.0933808
0.136071
0.0873163
0.147535
0.130518
0.147316
0.132978
0.14916
0.133764
0.100173
0.146007
0.0977035
0.110126
0.149334
0.116647
0.129948
0.124456
0.0354956
0.14309
0.13062
0.144223
0.0953306
0.126442
0.0657993
0.131323
0.147613
0.14052
0.144265
0.148284
0.120032
0.110561
0.0299682
0.123569
0.148618
0.141559
0.120846
0.105854
0.14909
0.131443
0.0280634
0.139808
0.122961
0.132867
0.128508
0.121377
0.119419
0.129693
0.148427
0.0907147
0.145621
0.0569901
0.153422
0.0954377
0.118321
0.147414
0.129568
0.129785
0.0811433
0.0921683
0.069581
0.100768
0.137662
0.057606
0.133199
0.129204
0.0788687
0.103169
0.130764
0.149191
0.113734
0.151996
0.122206
0.119015
0.117332
0.0914606
0.114935
0.136137
0.0687608
0.147965
0.106986
0.0952079
0.139997
0.125843
0.096814
0.0660273
0.0859447
0.151002
0.147339
0.145538
0.0222473
0.12726
0.0558948
0.117533
0.143652
0.145702
0.147969
0.133587
0.117906
0.147545
0.129001
0.149463
0.148672
0.141699
0.0939059
0.134859
0.149158
0.136499
0.140409
0.139793
0.132477
0.141215
0.141515
0.134812
0.130913
0.141326
0.15175
0.147146
0.144754
0.143135
0.151321
0.151811
0.129677
0.119104
0.148099
0.0386139
0.13172
0.138554
0.115039
0.128657
0.1441
0.149191
0.147912
0.0997943
0.14385
0.150345
0.149572
0.142019
0.147595
0.131514
0.134418
0.0585825
0.130132
0.123072
0.0696295
0.149317
0.134891
0.0858161
0.0675144
0.0988881
0.0642889
0.138877
0.0474798
0.0717077
0.131898
0.129767
0.10535
0.0461637
0.0918047
0.0239315
0.104143
0.130476
0.112099
0.130743
0.052775
0.11964
0.122673
0.129682
0.0653021
0.0613949
0.0954831
0.11655
0.123949
0.118125
0.130167
0.0826856
0.115322
0.142785
0.113415
0.157326
0.0257865
0.14312
0.128272
0.100124
0.117075
0.147792
0.137336
0.0348746
0.128865
0.145718
0.085471
0.104443
0.150992
0.124353
0.129585
0.0865934
0.0263878
0.0789824
0.114539
0.0623582
0.137006
0.133986
0.150482
0.147374
0.149399
0.115505
0.0418647
0.0561566
0.131487
0.130945
0.137699
0.13927
0.110335
0.122681
0.100148
0.140273
0.121804
0.1308
0.149462
0.0965861
0.142187
0.149201
0.106029
0.138578
0.148048
0.0762176
0.147977
0.0360381
0.129481
0.0349557
0.147326
0.102945
0.113932
0.103689
0.116931
0.149374
0.127408
0.149491
0.125511
0.126345
0.0576021
0.117799
0.0572616
0.152079
0.125622
0.0839784
0.07721
0.120665
0.128226
0.118729
0.102413
0.0224125
0.118576
0.136241
0.147828
0.105974
0.141744
0.0580929
0.149795
0.058487
0.0833461
0.115205
0.15216
0.0235246
0.136589
0.144612
0.028783
0.0719373
0.0950813
0.107241
0.0621434
0.0660868
0.0879754
0.0884938
0.149458
0.14408
0.13503
0.136836
0.0975538
0.125928
0.14111
0.108798
0.0622274
0.137881
0.122198
0.145324
0.103488
0.149779
0.130403
0.133071
0.097029
0.0469728
0.102043
0.0685481
0.1502
0.112368
0.0846482
0.168781
0.113997
0.0813076
0.134597
0.137237
0.115806
0.111859
0.0178855
0.149751
0.132043
0.12836
0.10852
0.132193
0.0988819
0.147378
0.132155
0.15009
0.103139
0.164397
0.148898
0.135104
0.149853
0.0879511
0.0782537
0.0954119
0.134178
0.0704366
0.12195
0.140782
0.118887
0.135724
0.1472
0.106184
0.0501522
0.149993
0.131763
0.117502
0.107612
0.0616818
0.0801012
0.149079
0.107416
0.107314
0.123168
0.118219
0.109367
0.098059
0.124184
0.120099
0.151927
0.119436
0.130936
0.0836045
0.103284
0.0269276
0.147451
0.1268
0.171958
0.130839
0.118326
0.117791
0.131819
0.148263
0.16806
0.104188
0.138891
0.020592
0.149688
0.147404
0.130512
0.0729593
0.131318
0.150492
0.134404
0.103334
0.105376
0.107222
0.155816
0.174498
0.145829
0.147951
0.140393
0.136092
0.136475
0.133344
0.0807866
0.0992923
0.0712968
0.100815
0.0490902
0.0697307
0.149741
0.0957472
0.122797
0.150197
0.069184
0.102795
0.0669698
0.124462
0.125328
0.152076
0.105366
0.139212
0.0414841
0.0972596
0.141126
0.13736
0.137033
0.0360965
0.148931
0.152401
0.101294
0.085763
0.151719
0.0243389
0.048271
0.0943935
0.0999225
0.114838
0.0762743
0.136928
0.148101
0.147723
0.150086
0.0823005
0.154358
0.145847
0.0994177
0.103388
0.150994
0.135588
0.10817
0.11552
0.12542
0.111458
0.0888634
0.126922
0.0416939
0.103598
0.0990427
0.0972777
0.0652609
0.115188
0.0875208
0.126934
0.141824
0.12796
0.140847
0.104881
0.101863
0.0280617
0.0626292
0.133651
0.112788
0.134767
0.0901708
0.148087
0.115705
0.118749
0.130098
0.097649
0.117978
0.179114
0.148248
0.0790661
0.0502619
0.134577
0.135293
0.136568
0.103536
0.148614
0.12797
0.0719383
0.101286
0.118209
0.107846
0.100064
0.129969
0.148077
0.0208723
0.0475439
0.118369
0.0964849
0.106905
0.0222423
0.0202535
0.152699
0.101794
0.164485
0.13658
0.15892
0.104249
0.133133
0.131875
0.106457
0.081586
0.069846
0.100084
0.148124
0.132182
0.0160964
0.152294
0.132169
0.150208
0.0598814
0.128094
0.118043
0.102123
0.050924
0.148131
0.0729441
0.151346
0.0253951
0.0586916
0.149445
0.0483644
0.0422547
0.109808
0.14522
0.116664
0.128763
0.14563
0.137634
0.0512753
0.0248144
0.138166
0.0685593
0.131054
0.106461
0.0728156
0.0963946
0.103879
0.131489
0.0495604
0.0264612
0.121361
0.0489337
0.11537
0.112351
0.0947944
0.0429406
0.151223
0.102812
0.136856
0.130527
0.14607
0.0326268
0.120099
0.111173
0.0902545
0.0767797
0.0697882
0.128672
0.0910866
0.0935452
0.118937
0.151996
0.0223427
0.0506784
0.0945526
0.145481
0.0226993
0.0935664
0.104456
0.0683492
0.136251
0.11645
0.142719
0.140253
0.152397
0.145181
0.120934
0.142373
0.040017
0.0259144
0.0657026
0.148722
0.132702
0.127442
0.104409
0.134865
0.141401
0.0261011
0.148293
0.14587
0.10442
0.16664
0.043737
0.0903623
0.136078
0.0905133
0.0870087
0.102115
0.0994558
0.092507
0.0689409
0.0915294
0.126302
0.103132
0.064122
0.149318
0.161477
0.149846
0.0754475
0.102746
0.146203
0.148437
0.148422
0.134236
0.149247
0.14994
0.0905789
0.101586
0.11058
0.0742392
0.148566
0.102306
0.0864143
0.0901846
0.127196
0.0561452
0.0444281
0.119448
0.0792364
0.0690655
0.145407
0.0963729
0.126301
0.144897
0.14861
0.0778129
0.048499
0.131441
0.130225
0.0776736
0.148842
0.151767
0.0250552
0.139824
0.0792111
0.0931425
0.119098
0.0809183
0.0853163
0.0786958
0.116847
0.143817
0.122445
0.0827931
0.0988759
0.0413051
0.135138
0.137479
0.0916508
0.0535854
0.123268
0.142474
0.147772
0.148049
0.131148
0.0348516
0.1302
0.123466
0.074392
0.105519
0.0758682
0.0894253
0.0670239
0.153628
0.10356
0.14274
0.115472
0.136141
0.149515
0.122582
0.0710741
0.0277517
0.0699993
0.126386
0.15699
0.0711193
0.13036
0.124576
0.0767846
0.150717
0.0653578
0.0739384
0.0921182
0.132035
0.0687158
0.0855996
0.150549
0.0886156
0.134704
0.0490187
0.112506
0.165834
0.0692399
0.0621697
0.115203
0.0663055
0.112861
0.130794
0.0867747
0.0781517
0.148505
0.0619647
0.105911
0.101795
0.0501558
0.113714
0.164734
0.129828
0.0681301
0.0211204
0.139765
0.131938
0.148232
0.105545
0.0835035
0.123793
0.098662
0.0796963
0.071979
0.149191
0.0760125
0.0932198
0.0958644
0.126748
0.0500776
0.04095
0.110955
0.106497
0.118722
0.0785478
0.121587
0.114278
0.112887
0.135912
0.167734
0.159521
0.0775699
0.101034
0.0942048
0.116937
0.117908
0.0926205
0.023246
0.129296
0.0269059
0.0758866
0.132967
0.120469
0.0640507
0.0979493
0.139213
0.149156
0.0410659
0.0942873
0.0838602
0.0759628
0.123563
0.0573494
0.147146
0.132921
0.0718703
0.0853052
0.0864868
0.0961749
0.0859546
0.132138
0.0504267
0.132676
0.0919969
0.132291
0.0235239
0.0950179
0.040276
0.105372
0.0799199
0.0913678
0.116481
0.11945
0.0746684
0.120066
0.149461
0.12963
0.124873
0.0525668
0.0237296
0.157372
0.0983947
0.148274
0.141852
0.0571845
0.0850314
0.146025
0.130284
0.0575103
0.055793
0.127489
0.127751
0.0876474
0.134337
0.144189
0.138279
0.0746309
0.114479
0.136259
0.0209776
0.115883
0.133421
0.0949112
0.131091
0.0763623
0.149915
0.112346
0.0583269
0.13262
0.135606
0.132023
0.140851
0.0489896
0.0500063
0.149602
0.0752845
0.0686236
0.0588843
0.0769683
0.0756956
0.0671338
0.100915
0.0176368
0.132506
0.0260564
0.0776959
0.0662474
0.121717
0.106111
0.0570726
0.10416
0.104322
0.0344999
0.0912787
0.10381
0.147421
0.129884
0.148093
0.0966316
0.128734
0.103695
0.0641444
0.147665
0.124106
0.147823
0.121727
0.073243
0.149081
0.027698
0.102864
0.14371
0.116521
0.106459
0.0560012
0.0950845
0.116705
0.0956843
0.147991
0.12026
0.083973
0.110341
0.143365
0.119059
0.0842739
0.141201
0.14576
0.0733106
0.131797
0.151364
0.0932428
0.149207
0.085088
0.124612
0.0683786
0.0568055
0.149566
0.0406081
0.129185
0.11314
0.114058
0.0611251
0.0962764
0.0534394
0.121645
0.0546899
0.0580167
0.121875
0.15127
0.143016
0.118575
0.0587933
0.126556
0.146564
0.149953
0.113911
0.116325
0.0980499
0.0619445
0.026789
0.133539
0.104434
0.128802
0.148506
0.0476855
0.0709789
0.152754
0.0651933
0.0217765
0.13149
0.13383
0.1186
0.0955138
0.145206
0.098906
0.117971
0.0568195
0.0404159
0.10285
0.0405962
0.129209
0.0930911
0.0550372
0.0348665
0.115044
0.0518847
0.111446
0.08517
0.079754
0.140615
0.0676757
0.0708422
0.097053
0.0903193
0.105315
0.081131
0.139626
0.111272
0.154415
0.134536
0.135712
0.117826
0.102289
0.129481
0.125113
0.0589973
0.0722181
0.141931
0.0622858
0.0708271
0.0240579
0.147823
0.122123
0.0667514
0.116546
0.0283538
0.0788108
0.134866
0.154906
0.130545
0.149075
0.149119
0.13025
0.0862677
0.0214761
0.127489
0.128979
0.138226
0.148032
0.063393
0.134904
0.151147
0.13949
0.105216
0.132016
0.115093
0.151172
0.0770724
0.136698
0.133271
0.130758
0.131605
0.122582
0.0682945
0.125888
0.103283
0.0630749
0.126918
0.0359254
0.13914
0.0582997
0.12731
0.0808497
0.112208
0.131857
0.124597
0.124119
0.112652
0.0783345
0.0209327
0.0150157
0.0279748
0.0580837
0.145071
0.136678
0.0589398
0.119544
0.148714
0.0247586
0.149205
0.0866264
0.132448
0.100789
0.13139
0.0639995
0.131034
0.123898
0.130949
0.0593495
0.0704303
0.046827
0.0475952
0.116709
0.143314
0.148126
0.156184
0.065449
0.152064
0.12475
0.0389404
0.125294
0.117899
0.0700542
0.132963
0.100572
0.148729
0.154726
0.111335
0.110404
0.131358
0.144931
0.159207
0.0266152
0.0363323
0.14684
0.0253892
0.0483862
0.0453282
0.149064
0.0603052
0.114756
0.14922
0.0914199
0.128337
0.0626757
0.0376622
0.0979595
0.0659468
0.155085
0.133102
0.13127
0.130766
0.0628497
0.139415
0.0799831
0.174838
0.0963913
0.128407
0.149865
0.122778
0.147788
0.116563
0.0769846
0.0706093
0.149008
0.0590464
0.150201
0.0521234
0.0614088
0.105477
0.144564
0.149292
0.0841834
0.0502029
0.143874
0.107482
0.115353
0.14843
0.149976
0.148689
0.139712
0.0577425
0.0984505
0.128704
0.148695
0.118124
0.0702176
0.0625103
0.125064
0.0586865
0.147117
0.120813
0.0359554
0.0751795
0.0517857
0.0574701
0.148614
0.149805
0.148825
0.122384
0.0456918
0.0714871
0.0931304
0.0789843
0.157192
0.117368
0.0494241
0.113717
0.0756056
0.105954
0.149146
0.0586233
0.0365086
0.0631397
0.0367038
0.0784952
0.105937
0.15228
0.036933
0.129433
0.145629
0.0690858
0.0588466
0.103111
0.144337
0.098634
0.0424322
0.11884
0.118647
0.116983
0.125442
0.137432
0.0358816
0.111903
0.0674348
0.058451
0.0710719
0.0196363
0.0285676
0.118677
0.103447
0.035544
0.0502922
0.0218831
0.0271523
0.149908
0.0273801
0.0690772
0.14887
0.0680934
0.0851131
0.0550121
0.0607641
0.052517
0.0709728
0.0583037
0.113577
0.0398778
0.148156
0.147444
0.0733985
0.0653591
0.150109
0.161665
0.0638353
0.0612899
0.103273
0.0536183
0.117105
0.0801877
0.14906
0.0593438
0.144304
0.11934
0.14991
0.0967626
0.0874736
0.146737
0.0704303
0.0720871
0.101419
0.119679
0.115133
0.147806
0.12165
0.0217483
0.143836
0.113648
0.055372
0.0299415
0.130937
0.0535212
0.146432
0.133108
0.130973
0.114258
0.0825888
0.126467
0.128191
0.0728413
0.10225
0.068479
0.120674
0.0848526
0.119999
0.155807
0.113831
0.0531092
0.151273
0.0270916
0.10328
0.0408317
0.0763444
0.0842245
0.14814
0.148865
0.152131
0.058135
0.0297099
0.130738
0.0352486
0.0400123
0.0831624
0.0169737
0.082721
0.0718512
0.053467
0.144129
0.0460597
0.0831031
0.115398
0.0209495
0.0563248
0.149508
0.0719296
0.0625887
0.113135
0.0445536
0.0812565
0.123919
0.148092
0.0165782
0.0415298
0.0229477
0.140976
0.0823286
0.0375241
0.136807
0.148895
0.0649673
0.119489
0.165517
0.0414993
0.0372122
0.150355
0.109629
0.0727667
0.113386
0.102536
0.0247785
0.0795501
0.0626944
0.121361
0.0340077
0.144295
0.133781
0.0993521
0.0856499
0.0874564
0.130543
0.111443
0.146949
0.0288248
0.0788429
0.131473
0.0209977
0.147101
0.0303724
0.125239
0.147763
0.119877
0.0352662
0.0301038
0.0690205
0.0387187
0.0424138
0.0377189
0.111227
0.0404249
0.090861
0.145514
0.147483
0.0298035
0.0378618
0.130771
0.0805369
0.0365368
0.0420163
0.050171
0.135417
0.0352398
0.0277237
0.116594
0.0292072
0.0770797
0.143839
0.0226617
0.116989
0.0568952
0.13171
0.0906153
0.114551
0.12277
0.034043
0.0437694
0.124835
0.101105
0.129328
0.129496
0.0505675
0.058784
0.0563122
0.0956988
0.0575241
0.035743
0.129266
0.0403217
0.034849
0.132644
0.0911788
0.103771
0.148625
0.111378
0.148508
0.080693
0.0660253
0.147531
0.0296644
0.0531755
0.0452815
0.0793959
0.131071
0.0915656
0.0437421
0.128772
0.157078
0.0920572
0.0797973
0.0417328
0.020247
0.148921
0.0618431
0.0562592
0.0343163
0.12908
0.154869
0.14358
0.14768
0.132194
0.123462
0.0604011
0.148527
0.148752
0.0694966
0.0512692
0.122935
0.0566378
0.142775
0.0444284
0.0399063
0.0864925
0.150404
0.123699
0.0298198
0.149894
0.135009
0.142379
0.0721612
0.121274
0.0499368
0.0783908
0.129945
0.119086
0.156462
0.0864156
0.124395
0.113394
0.0875705
0.0861488
0.059973
0.0426579
0.0309794
0.148965
0.115903
0.123382
0.032817
0.015565
0.0199671
0.0694879
0.0376132
0.0981455
0.0184224
0.148417
0.0389612
0.0391264
0.0855473
0.0336011
0.10027
0.0374986
0.1127
0.142777
0.0270836
0.121845
0.0989873
0.0304362
0.0620883
0.147874
0.024357
0.106043
0.0300576
0.131171
0.132665
0.0359649
0.0556245
0.111201
0.0955768
0.134292
0.0737379
0.14894
0.0313541
0.0232535
0.0639855
0.144592
0.0838906
0.042183
0.0214144
0.0795088
0.149259
0.0729635
0.0347194
0.123725
0.0843434
0.137043
0.128238
0.0895671
0.0401415
0.109471
0.0389496
0.0248449
0.0571222
0.133316
0.0273891
0.0397801
0.0428523
0.133011
0.121406
0.084986
0.149228
0.0400389
0.126146
0.141198
0.132739
0.146264
0.0428188
0.133428
0.147381
0.113507
0.0237594
0.0419389
0.0258536
0.021399
0.0277163
0.0261924
0.0507974
0.0213309
0.094832
0.127879
0.120193
0.129964
0.0217446
0.0425037
0.0364894
0.130265
0.144547
0.0632469
0.149708
0.0835829
0.0241511
0.0235132
0.093046
0.103849
0.0487358
0.0336693
0.0428238
0.0307735
0.119432
0.0711378
0.0752959
0.148473
0.0417876
0.151977
0.147673
0.143651
0.0562873
0.148729
0.150063
0.0849511
0.0841133
0.0320659
0.111159
0.0209689
0.128542
0.14589
0.0715936
0.144254
0.151524
0.0810525
0.0433558
0.0469495
0.0701615
0.15134
0.0666797
0.130747
0.113767
0.129916
0.130844
0.0873906
0.0441133
0.0310382
0.0474344
0.155119
0.0922727
0.0409045
0.102963
0.0368502
0.138973
0.14623
0.0190715
0.148103
0.0619727
0.149052
0.0582217
0.148303
0.0496287
0.148984
0.0305025
0.149219
0.114375
0.0326252
0.118054
0.0380817
0.14547
0.0922071
0.12706
0.147845
0.0445946
0.0371362
0.124626
0.143672
0.144462
0.0442607
0.0225741
0.119105
0.0365933
0.127333
0.041323
0.0689674
0.114253
0.142674
0.0830437
0.123984
0.0232893
0.124665
0.054049
0.0437659
0.0354248
0.128933
0.0617037
0.149127
0.145477
0.138337
0.0459357
0.118605
0.0258607
0.125831
0.149812
0.0446579
0.0363959
0.101241
0.129545
0.13632
0.0726094
0.14277
0.0808343
0.0953707
0.0871241
0.149952
0.113443
0.147846
0.105572
0.145842
0.0359417
0.0362102
0.115598
0.0424198
0.0651062
0.118211
0.057685
0.0827946
0.142404
0.116009
0.148218
0.122425
0.0687866
0.0225307
0.143955
0.0301215
0.0707669
0.129514
0.1146
0.0365268
0.140844
0.0989632
0.113896
0.124739
0.0579911
0.0577206
0.0387079
0.117668
0.119696
0.109826
0.0938334
0.116655
0.14363
0.133917
0.149365
0.0364849
0.142651
0.0720998
0.147465
0.0376278
0.029363
0.0690762
0.108504
0.115806
0.149131
0.14852
0.147887
0.0695343
0.0305756
0.0282095
0.102303
0.0550237
0.13353
0.148942
0.147588
0.140788
0.0865248
0.0406606
0.0775382
0.116469
0.0966046
0.132606
0.0382371
0.118839
0.131773
0.0374923
0.142446
0.142479
0.148505
0.0294363
0.128804
0.0335319
0.015639
0.0287174
0.123036
0.100008
0.0228424
0.140429
0.0324834
0.106093
0.123464
0.145777
0.094043
0.139578
0.148369
0.0867021
0.128406
0.131408
0.139079
0.148974
0.13321
0.0708555
0.14418
0.0297405
0.153417
0.0580548
0.0678028
0.0428686
0.029722
0.144798
0.174313
0.142697
0.118734
0.115149
0.019635
0.153407
0.0597739
0.0792768
0.0284498
0.132597
0.0159596
0.0405727
0.0378649
0.148751
0.0588171
0.149031
0.0458977
0.131993
0.129661
0.0301524
0.128112
0.130721
0.0690351
0.108601
0.113094
0.0524802
0.128195
0.0981948
0.0394375
0.0255174
0.0242172
0.106722
0.147688
0.0697171
0.0950824
0.105235
0.0838674
0.123293
0.0265266
0.141929
0.0662826
0.122403
0.0950226
0.0465846
0.0683882
0.140686
0.0373506
0.0401317
0.131105
0.139422
0.044856
0.145315
0.141305
0.135708
0.115602
0.0885715
0.0148546
0.0520003
0.131585
0.0576976
0.0538536
0.123294
0.148043
0.146812
0.0659958
0.119561
0.0668522
0.148932
0.156114
0.142032
0.122751
0.127262
0.109091
0.140105
0.070559
0.147911
0.11984
0.0661638
0.0499153
0.0490161
0.143608
0.127571
0.151991
0.157565
0.157578
0.098455
0.144254
0.015674
0.0450452
0.131001
0.0754042
0.141623
0.0981549
0.130576
0.137966
0.138649
0.0902085
0.128662
0.0684065
0.0347311
0.0150159
0.131575
0.143944
0.138884
0.137913
0.147928
0.0576616
0.0783723
0.148855
0.123909
0.0407489
0.0549622
0.0466918
0.132902
0.0570151
0.122803
0.0410368
0.121043
0.122849
0.0371492
0.13102
0.147125
0.136847
0.0435477
0.114426
0.123057
0.161419
0.130141
0.145167
0.121476
0.154829
0.125084
0.142617
0.128219
0.135722
0.125967
0.0436221
0.122488
0.0177427
0.0647443
0.125619
0.118385
0.118627
0.0495669
0.13782
0.130931
0.0664991
0.131836
0.147781
0.0922017
0.141734
0.091351
0.0786001
0.144032
0.125938
0.1233
0.132136
0.14444
0.039578
0.114898
0.0551957
0.10352
0.101468
0.16547
0.0425369
0.070189
0.115282
0.127551
0.125756
0.125904
0.0770878
0.026684
0.113807
0.0405364
0.147865
0.131548
0.114442
0.0626388
0.0274972
0.145018
0.147135
0.0259585
0.146174
0.128308
0.0979471
0.0854714
0.0462222
0.105865
0.147699
0.137873
0.132913
0.0570733
0.0395092
0.132022
0.0585203
0.0852983
0.0994755
0.122837
0.140378
0.0320266
0.12237
0.139894
0.125251
0.122497
0.0903551
0.137052
0.0341562
0.092112
0.0672118
0.122215
0.0432025
0.143949
0.130032
0.125945
0.0406316
0.137687
0.0574348
0.142163
0.115484
0.149898
0.0582047
0.118497
0.133923
0.133737
0.0485153
0.0353324
0.0562477
0.138318
0.126265
0.0784929
0.109775
0.122343
0.134104
0.0891528
0.0782076
0.118036
0.146651
0.0943244
0.147564
0.120069
0.0547531
0.0556677
0.126442
0.0572859
0.0388884
0.149459
0.141536
0.120112
0.0839734
0.131115
0.0784237
0.137146
0.107433
0.0759396
0.0608194
0.0775777
0.0495464
0.0574084
0.11956
0.0367443
0.130368
0.0340053
0.0458476
0.130827
0.111492
0.0578593
0.14517
0.0571925
0.0526484
0.0880819
0.107707
0.0679026
0.0530998
0.141867
0.0498002
0.127357
0.0604288
0.145263
0.0422049
0.146567
0.141632
0.171345
0.026589
0.125517
0.135167
0.151006
0.023106
0.11806
0.143637
0.0782048
0.0933483
0.100486
0.0699957
0.100488
0.138512
0.0295923
0.116408
0.0813143
0.091913
0.0462199
0.142016
0.101978
0.0582842
0.124262
0.135557
0.136474
0.150905
0.0809132
0.0982895
0.141151
0.0308526
0.11314
0.10364
0.150372
0.144561
0.128104
0.147362
0.119524
0.0232558
0.144199
0.138653
0.142618
0.0562554
0.0264417
0.141846
0.14423
0.0262499
0.0865721
0.063837
0.115648
0.149509
0.147081
0.137582
0.0146397
0.125595
0.0271879
0.0268501
0.09076
0.11407
0.125774
0.0906278
0.120363
0.0442749
0.0156382
0.128997
0.0962413
0.145821
0.0224634
0.13084
0.146919
0.0204851
0.0545054
0.129394
0.144471
0.0805431
0.0329649
0.134131
0.100883
0.143073
0.0248581
0.0126873
0.0427026
0.0213897
0.0529023
0.139218
0.05544
0.145496
0.0262473
0.133657
0.0210138
0.0228908
0.157255
0.0448266
0.0549243
0.0860735
0.149773
0.0288548
0.0170842
0.134036
0.0390705
0.121838
0.0810485
0.132729
0.104298
0.121676
0.13873
0.0783365
0.0360763
0.140958
0.0166085
0.111881
0.142277
0.0256363
0.0419801
0.0265957
0.0259477
0.0346049
0.0534985
0.100696
0.0755848
0.117028
0.0298535
0.142609
0.115602
0.0688346
0.135521
0.127629
0.0344796
0.0478783
0.0212625
0.0269357
0.107518
0.153387
0.0852753
0.0352666
0.0559462
0.115676
0.144087
0.0609234
0.11581
0.123136
0.0373983
0.130075
0.0407729
0.0593806
0.097001
0.151375
0.0262924
0.0989477
0.12876
0.152739
0.145505
0.0937398
0.142377
0.142361
0.137405
0.0782417
0.147145
0.165769
0.0276521
0.0430861
0.116938
0.122801
0.0983647
0.112106
0.0956841
0.0649974
0.150447
0.0407706
0.0308592
0.0588689
0.0470122
0.0580598
0.0330665
0.130556
0.122819
0.0695653
0.130876
0.0887927
0.02243
0.112359
0.164315
0.143111
0.0985112
0.144888
0.13007
0.10511
0.155041
0.0859161
0.109389
0.069788
0.117329
0.0801519
0.124098
0.126746
0.143789
0.144721
0.134491
0.0651326
0.117792
0.0965653
0.023839
0.0744997
0.0548714
0.125638
0.165532
0.0181836
0.02872
0.0966608
0.045195
0.134094
0.0269075
0.070345
0.125874
0.0741719
0.140638
0.0960953
0.146793
0.0586447
0.0370229
0.0252058
0.0164104
0.150717
0.0234776
0.047038
0.0978262
0.0308027
0.13216
0.0315737
0.100729
0.0441352
0.0448516
0.128441
0.116675
0.134835
0.038907
0.111826
0.0228483
0.0826299
0.136004
0.0676903
0.15807
0.155679
0.134062
0.0848703
0.0147912
0.0153548
0.0414802
0.138864
0.118884
0.144139
0.125368
0.0557079
0.133933
0.0722025
0.156933
0.126748
0.0580546
0.11437
0.0379774
0.0417105
0.130337
0.0903713
0.14366
0.0426061
0.122685
0.127037
0.059429
0.0948325
0.130787
0.158333
0.101278
0.0528335
0.132913
0.14506
0.123004
0.0898594
0.132861
0.0682472
0.0383563
0.0802955
0.146819
0.138911
0.156099
0.114113
0.100707
0.0892648
0.15314
0.0976783
0.118861
0.133369
0.12997
0.124036
0.147524
0.050927
0.12313
0.0657867
0.0569614
0.106635
0.112304
0.0609773
0.139797
0.0977163
0.0303183
0.107325
0.091658
0.0293527
0.0833791
0.0501376
0.0320352
0.0958856
0.0288788
0.104035
0.0425853
0.116678
0.143682
0.134627
0.0148988
0.143738
0.123373
0.0927963
0.141455
0.053691
0.0453193
0.0404556
0.0250644
0.0432633
0.121386
0.135308
0.113581
0.12663
0.0787061
0.152266
0.1522
0.112047
0.0162236
0.113304
0.0980215
0.0570102
0.127608
0.0388948
0.127552
0.139842
0.110159
0.0195684
0.170677
0.0937759
0.113597
0.0946682
0.113636
0.133969
0.0743212
0.0929863
0.13061
0.130315
0.110852
0.0549779
0.0919339
0.135353
0.100161
0.0430778
0.0333684
0.134869
0.0335635
0.118428
0.12851
0.135491
0.0620854
0.122487
0.0419375
0.105526
0.120655
0.136634
0.0445662
0.0750751
0.135408
0.0686046
0.122423
0.0583033
0.136268
0.112311
0.0968279
0.121648
0.052726
0.133893
0.123702
0.0937069
0.131852
0.0996382
0.0904113
0.126006
0.0901564
0.121303
0.0591197
0.0507784
0.0276809
0.0790796
0.121221
0.150352
0.139748
0.118612
0.0882733
0.06839
0.0499406
0.142528
0.100309
0.0220912
0.025725
0.0427432
0.139501
0.150187
0.106082
0.140913
0.132366
0.133378
0.0248599
0.0380887
0.132669
0.126377
0.158614
0.104178
0.0879342
0.127363
0.0632693
0.129186
0.125493
0.13821
0.143876
0.0756031
0.0780757
0.0782104
0.11586
0.108195
0.0927292
0.128266
0.0948538
0.0941202
0.125605
0.13105
0.14483
0.134509
0.056956
0.0684275
0.0340999
0.0340637
0.103864
0.124159
0.0219488
0.12949
0.0307438
0.145916
0.0496213
0.100595
0.131071
0.100031
0.133234
0.138376
0.139932
0.0964792
0.100833
0.109562
0.0381242
0.0905353
0.0503016
0.0245896
0.0903128
0.1252
0.12674
0.0837325
0.0245558
0.0385181
0.138367
0.108413
0.0255056
0.131123
0.128018
0.151921
0.125575
0.112494
0.0905135
0.040662
0.106519
0.0907131
0.0927206
0.112463
0.117077
0.0423533
0.0332524
0.129042
0.0748331
0.126998
0.129068
0.0530537
0.0456724
0.132732
0.0996202
0.137085
0.0354929
0.134595
0.130831
0.0726561
0.0236073
0.0493251
0.0673268
0.102539
0.151293
0.128226
0.0569286
0.0624778
0.109876
0.138287
0.102201
0.134803
0.116079
0.140264
0.0782591
0.118223
0.125064
0.130787
0.0773375
0.109868
0.0904497
0.129551
0.0674832
0.120413
0.129526
0.144945
0.123419
0.0222178
0.127655
0.0251838
0.0938007
0.136214
0.115543
0.140391
0.0999618
0.0566133
0.143298
0.036001
0.134471
0.100544
0.151228
0.13045
0.0506898
0.0847858
0.0555369
0.0574758
0.0898274
0.124249
0.0618677
0.14882
0.022392
0.114499
0.103654
0.0482814
0.0754757
0.0279039
0.128959
0.134394
0.119801
0.0346305
0.0332361
0.111028
0.0495653
0.0860327
0.131138
0.136031
0.112893
0.102978
0.0346176
0.139639
0.0782261
0.093822
0.0871768
0.0293975
0.11259
0.0879496
0.14649
0.0429298
0.0427358
0.0221401
0.0655087
0.140067
0.0232061
0.100395
0.129823
0.0146478
0.0685991
0.144216
0.0726106
0.150694
0.129079
0.147395
0.12862
0.0404388
0.122782
0.115402
0.126461
0.120662
0.131593
0.0678667
0.121229
0.122479
0.130825
0.11073
0.0482608
0.13419
0.0790231
0.0716002
0.10651
0.129134
0.0664951
0.127036
0.0763353
0.0327297
0.0471712
0.064842
0.131263
0.0998191
0.153726
0.106476
0.137515
0.102517
0.0948943
0.0348676
0.115338
0.119564
0.0930438
0.129841
0.127369
0.124799
0.125784
0.0459325
0.141813
0.138286
0.104546
0.107101
0.0958478
0.108451
0.118616
0.0985605
0.0545225
0.133589
0.0897999
0.0281188
0.0939107
0.128865
0.114671
0.117532
0.141672
0.109715
0.113359
0.0632734
0.0342309
0.0771706
0.0771164
0.107251
0.140038
0.110668
0.0910646
0.119133
0.0650193
0.0588539
0.0672745
0.116378
0.0251004
0.0996929
0.0454385
0.0609357
0.0789902
0.0881185
0.0547079
0.112167
0.137841
0.12848
0.107173
0.117765
0.147133
0.114317
0.129905
0.126237
0.135353
0.0989582
0.0356797
0.10062
0.0378469
0.11361
0.125202
0.0658006
0.136348
0.131976
0.047969
0.116035
0.121427
0.131725
0.0670489
0.126418
0.0454485
0.13292
0.13395
0.0997208
0.0608812
0.132017
0.0980824
0.120618
0.0889781
0.148778
0.0668641
0.101485
0.11104
0.0810248
0.0918148
0.0666858
0.0626869
0.137804
0.0549599
0.126422
0.101313
0.0956598
0.14155
0.0458788
0.0249751
0.127924
0.0924935
0.126979
0.174421
0.0886245
0.0651493
0.125865
0.0130946
0.102622
0.117691
0.110843
0.0239236
0.0526497
0.139734
0.0311571
0.135059
0.0765343
0.0860938
0.0640075
0.0570774
0.11334
0.121019
0.12722
0.0495886
0.106215
0.0382544
0.0243459
0.0905848
0.0757734
0.119412
0.0412571
0.0671956
0.031124
0.0127395
0.131279
0.0420716
0.133774
0.0628727
0.128743
0.117905
0.115607
0.0361511
0.06282
0.13234
0.127399
0.0247221
0.0884118
0.0557716
0.080075
0.143416
0.0551075
0.126391
0.117349
0.114699
0.130176
0.135736
0.134855
0.0783737
0.0658814
0.0972473
0.107408
0.106393
0.127531
0.085398
0.093253
0.102755
0.0512819
0.123826
0.151525
0.0919669
0.0666316
0.0624007
0.0212859
0.0774879
0.0791302
0.0723476
0.0942107
0.10691
0.124063
0.127987
0.0359324
0.109324
0.084958
0.133143
0.0931402
0.052799
0.044722
0.0194645
0.0326798
0.101993
0.0237531
0.084261
0.127622
0.115509
0.127572
0.0748762
0.0808499
0.0284371
0.109675
0.089814
0.0416292
0.101629
0.0964292
0.136773
0.134742
0.0954643
0.143439
0.130974
0.0197519
0.1304
0.0579142
0.0697085
0.112019
0.0368533
0.130604
0.132885
0.0836872
0.132456
0.121755
0.0602377
0.142087
0.0436085
0.113383
0.138145
0.0956557
0.12888
0.0367398
0.140957
0.0925068
0.119883
0.0643423
0.124092
0.124639
0.013453
0.137993
0.0149592
0.139823
0.0856293
0.0389733
0.092262
0.0631383
0.0980852
0.0390709
0.0148653
0.0662161
0.166864
0.0754658
0.0887337
0.131285
0.0264252
0.0210782
0.023884
0.0606349
0.140003
0.0824627
0.0948956
0.0231685
0.0712648
0.0288691
0.0772434
0.103368
0.12543
0.134874
0.119185
0.0368137
0.0659969
0.0379663
0.0263783
0.0224704
0.09506
0.140532
0.0229706
0.100048
0.0666856
0.135456
0.0402623
0.0898409
0.0266561
0.122949
0.0478473
0.0906295
0.0924868
0.0821166
0.116048
0.110916
0.0396833
0.112074
0.114981
0.111995
0.10263
0.115136
0.111911
0.11688
0.12335
0.135527
0.140081
0.0276693
0.0260339
0.0947298
0.0944908
0.117255
0.131593
0.0702369
0.123524
0.031952
0.0393657
0.0233817
0.0612349
0.135444
0.0672856
0.0164702
0.0374984
0.126568
0.0916695
0.0412341
0.120378
0.102722
0.119168
0.0261561
0.0941257
0.141733
0.103864
0.0629313
0.0815644
0.142585
0.0540074
0.127562
0.11846
0.0473025
0.150505
0.108337
0.113691
0.03777
0.0253025
0.128984
0.0814855
0.0976603
0.133577
0.093357
0.0724354
0.13418
0.105577
0.0438739
0.0476585
0.115148
0.113945
0.134938
0.0349705
0.124293
0.0861
0.0991888
0.0408951
0.0975766
0.0995318
0.119187
0.120295
0.060534
0.121011
0.0714456
0.128092
0.119343
0.11141
0.0285936
0.107623
0.12573
0.104525
0.11013
0.12254
0.129173
0.0588466
0.0862578
0.132514
0.119648
0.0344543
0.123683
0.0384141
0.112174
0.127669
0.0233235
0.0225111
0.127653
0.114421
0.0908852
0.133527
0.04301
0.071124
0.11066
0.0808612
0.0929621
0.0967275
0.0696214
0.110411
0.133819
0.136195
0.0925807
0.122115
0.0818541
0.131341
0.135087
0.0249475
0.120198
0.114633
0.152841
0.101169
0.0786873
0.0926857
0.0952928
0.0311652
0.0951585
0.105232
0.132591
0.0786223
0.0481569
0.140143
0.0244752
0.135211
0.122193
0.0617624
0.0672426
0.0994908
0.129774
0.117891
0.128401
0.0683387
0.128058
0.0830351
0.0345289
0.134521
0.0970999
0.0402453
0.0966752
0.113727
0.062991
0.105104
0.064641
0.126346
0.133775
0.0704791
0.0317717
0.0668355
0.0590958
0.0405172
0.096751
0.0393078
0.124244
0.0636436
0.0739339
0.0394382
0.104609
0.0311558
0.146566
0.0379047
0.0891047
0.0573991
0.0550269
0.0665327
0.119101
0.0964361
0.0865868
0.108936
0.0643442
0.0777254
0.131877
0.0569425
0.10136
0.12234
0.0269027
0.0686229
0.120061
0.0375163
0.0307093
0.136602
0.0770595
0.112695
0.0231048
0.0632291
0.0265564
0.0999057
0.0911527
0.11214
0.117319
0.0977964
0.0833265
0.131808
0.0467379
0.1506
0.122299
0.137387
0.108813
0.125754
0.0887548
0.0618045
0.12042
0.113841
0.129973
0.134623
0.125159
0.0807693
0.136161
0.01362
0.114121
0.064639
0.0879311
0.121484
0.104326
0.0954356
0.131529
0.082733
0.128906
0.12951
0.0211549
0.120514
0.0377769
0.124647
0.120104
0.112947
0.0871777
0.0233645
0.085892
0.0482678
0.0439842
0.128919
0.0644114
0.0924052
0.128024
0.0146185
0.103707
0.0493436
0.0624409
0.0393088
0.0821911
0.113972
0.0908532
0.0430906
0.0913812
0.12206
0.0590271
0.0367204
0.0142148
0.0970436
0.0382742
0.114054
0.0394867
0.0904034
0.0615262
0.13975
0.128313
0.118777
0.0994678
0.13243
0.0952011
0.082118
0.023978
0.0431449
0.106959
0.0378115
0.132907
0.0306798
0.115449
0.0628566
0.089692
0.129776
0.0908022
0.11611
0.120675
0.0465803
0.128968
0.0392668
0.101961
0.0632115
0.0387585
0.0915159
0.0968126
0.080417
0.0366774
0.112178
0.065885
0.111517
0.112588
0.131599
0.0259846
0.0618957
0.105694
0.0261769
0.136313
0.0378893
0.129183
0.0885132
0.020324
0.120977
0.098457
0.107412
0.0902345
0.13003
0.122846
0.12493
0.100732
0.0939414
0.0300548
0.047714
0.12513
0.0812113
0.019784
0.105692
0.120614
0.109936
0.084541
0.120228
0.139447
0.0137599
0.0933316
0.0994571
0.0648656
0.0429322
0.0885123
0.0440649
0.108343
0.0996726
0.115816
0.0824124
0.102615
0.100764
0.0876054
0.0238413
0.0942325
0.124053
0.068121
0.111124
0.0192871
0.123497
0.0950296
0.0651891
0.117963
0.0655766
0.127764
0.104535
0.081383
0.127466
0.0608464
0.0527402
0.0759506
0.135934
0.120954
0.0416079
0.0139582
0.0533239
0.0873128
0.0480999
0.0890054
0.124324
0.035591
0.117517
0.138086
0.0759202
0.082647
0.0818466
0.0324793
0.0800233
0.126002
0.135643
0.0993289
0.0789537
0.0805122
0.0926004
0.0417755
0.0595333
0.117771
0.0209781
0.0407524
0.0925639
0.0776421
0.108577
0.0860661
0.107936
0.0801623
0.115704
0.0329594
0.0525884
0.0622654
0.097697
0.038485
0.110258
0.0218252
0.0565058
0.148527
0.0585768
0.0818155
0.0788676
0.0773941
0.112135
0.0438813
0.048245
0.0419885
0.110028
0.106133
0.0606745
0.0620111
0.0393608
0.0702145
0.0802164
0.0859244
0.0567491
0.111351
0.0218929
0.0388674
0.114038
0.0642326
0.112822
0.0282535
0.0652687
0.0721672
0.0147117
0.0117504
0.0509399
0.0675966
0.126538
0.0432776
0.10811
0.06356
0.0991737
0.0453082
0.0454128
0.113133
0.101757
0.104701
0.0822738
0.121583
0.0355672
0.110194
0.0887167
0.0769906
0.0843009
0.105649
0.109966
0.13619
0.0538052
0.0935768
0.0643646
0.0729404
0.124561
0.10403
0.039927
0.116816
0.112781
0.0635307
0.117135
0.0710688
0.117337
0.121145
0.11413
0.0749184
0.0390445
0.125605
0.0513956
0.0868897
0.0824193
0.0831767
0.0287897
0.0394819
0.118085
0.0132007
0.0876886
0.123722
0.076466
0.139946
0.0625272
0.0217759
0.038115
0.0365395
0.0403681
0.023902
0.0760515
0.0409257
0.0347634
0.0692342
0.115112
0.0775667
0.100475
0.112172
0.122944
0.0951671
0.0351451
0.121864
0.0768565
0.083014
0.0991609
0.0574084
0.0127145
0.106471
0.0661518
0.0942684
0.0942515
0.10699
0.066368
0.136597
0.0579807
0.0333358
0.117571
0.0743554
0.0723532
0.107753
0.122862
0.0662065
0.0458392
0.0144892
0.0855709
0.128459
0.112691
0.0952653
0.0260803
0.110485
0.0946407
0.0318387
0.104816
0.0776274
0.11769
0.06436
0.10929
0.112305
0.0999177
0.0124292
0.111828
0.0423504
0.0568542
0.123896
0.0857927
0.112784
0.0377227
0.123946
0.0996827
0.0399774
0.0984955
0.0201935
0.116982
0.0550941
0.0398729
0.12115
0.100519
0.0947367
0.117964
0.0790036
0.106749
0.0779493
0.0902703
0.0239693
0.0797668
0.0835639
0.11588
0.0362861
0.102855
0.107236
0.100151
0.0805065
0.0792701
0.0874068
0.070981
0.0207214
0.105948
0.0724261
0.0952401
0.0187755
0.0525596
0.0494055
0.0623743
0.077374
0.101757
0.0514762
0.105519
0.0760366
0.103175
0.0614109
0.0994458
0.0498462
0.106857
0.112273
0.101498
0.101494
0.0599262
0.112308
0.115109
0.110846
0.115536
0.072023
0.110131
0.11027
0.0223397
0.107893
0.0920366
0.132579
0.112171
0.0513094
0.0187056
0.0312056
0.0906075
0.0790314
0.116595
0.125114
0.0559243
0.0983831
0.0207224
0.104988
0.10909
0.127943
0.0129592
0.0367585
0.0896532
0.102973
0.0969321
0.112134
0.111505
0.0391253
0.10692
0.105119
0.109291
0.0892641
0.100381
0.0950232
0.0533398
0.0681234
0.10303
0.0916704
0.082181
0.0514514
0.0771352
0.0683848
0.0966548
0.0716387
0.0948113
0.0940356
0.0992881
0.0504185
0.0775716
0.103368
0.0983856
0.0629792
0.0401072
0.076631
0.108014
0.0337256
0.0455153
0.0530918
0.0601461
0.0912866
0.0213424
0.0680428
0.0964878
0.046878
0.0932765
0.0979242
0.100868
0.07285
0.101573
0.0834321
0.106795
0.101483
0.0308016
0.0885054
0.0606582
0.0688143
0.0509313
0.050967
0.0951442
0.0857526
0.053025
0.103293
0.0806322
0.0376765
0.0545891
0.0619788
0.0300287
0.117323
0.110459
0.0111929
0.0882126
0.113872
0.0758802
0.0148017
0.0996848
0.0623407
0.100501
0.102508
0.108681
0.0850078
0.117136
0.0614116
0.0977034
0.0983809
0.0390672
0.0202894
0.0331865
0.0861971
0.0461476
0.0714702
0.0699641
0.0431701
0.0965927
0.103739
0.0867589
0.0403136
0.0636603
0.0834829
0.0887168
0.0156093
0.0705907
0.0984273
0.105057
0.101489
0.0805316
0.100129
0.0646116
0.0963338
0.0777082
0.0828319
0.0202259
0.0976411
0.0864219
0.109746
0.0843634
0.0854792
0.0203484
0.114403
0.0450393
0.0701996
0.0120704
0.0657748
0.0738326
0.102977
0.0534422
0.0158998
0.0346803
0.0565545
0.114519
0.0513693
0.041342
0.0696225
0.0542648
0.0638795
0.0211486
0.106393
0.0327077
0.0439925
0.0978876
0.0937589
0.0849983
0.0660369
0.0222072
0.106046
0.0690556
0.10136
0.0809215
0.111543
0.0946873
0.100048
0.106995
0.0128809
0.0578991
0.0131021
0.0979958
0.011368
0.0633973
0.111953
0.105615
0.0905399
0.0934396
0.0967989
0.109234
0.0988959
0.0948053
0.0552724
0.0108295
0.0983359
0.1114
0.0338767
0.107778
0.106162
0.0627546
0.010331
0.0348343
0.108228
0.0897167
0.0962035
0.0849226
0.029213
0.0906532
0.102223
0.0967227
0.092396
0.103802
0.0711998
0.102777
0.0890672
0.0508785
0.109661
0.0224956
0.07846
0.0985246
0.0869466
0.117703
0.0546017
0.0102626
0.0940603
0.102967
0.107968
0.0311551
0.10515
0.0844691
0.0736535
0.0673741
0.044915
0.086168
0.0676554
0.0954342
0.0596174
0.0610688
0.0673986
0.0949466
0.0893562
0.0389006
0.0931689
0.0329071
0.0269301
0.0692643
0.0741163
0.0917136
0.0897656
0.0808119
0.0130561
0.0571131
0.0924834
0.0105314
0.0334785
0.0835494
0.0865826
0.0299393
0.0355583
0.0680907
0.0343715
0.0549424
)
;


// ************************************************************************* //
