/*--------------------------------*- C++ -*----------------------------------*\
| =========                 |                                                 |
| \\      /  F ield         | OpenFOAM: The Open Source CFD Toolbox           |
|  \\    /   O peration     | Version:  v2012                                 |
|   \\  /    A nd           | Website:  www.openfoam.com                      |
|    \\/     M anipulation  |                                                 |
\*---------------------------------------------------------------------------*/
FoamFile
{
    version     2.0;
    format      ascii;
    class       volScalarField;
    location    "100";
    object      omega_0;
}
// * * * * * * * * * * * * * * * * * * * * * * * * * * * * * * * * * * * * * //

dimensions      [0 0 -1 0 0 0 0];


internalField   nonuniform List<scalar> 
10042
(
0.0377168
0.150233
0.0469711
0.021119
0.0210465
0.549455
0.160396
0.33295
0.0201643
0.044958
0.377683
0.16607
0.0383627
0.0208102
0.0215915
0.0208081
0.502059
0.377373
0.0241611
0.0252044
0.0381619
0.03468
0.0211036
0.45956
0.020974
0.0219215
0.042534
0.0200546
0.53465
0.423146
0.0225152
0.0465816
0.0201294
0.020118
0.334604
0.340211
0.0219778
0.0202603
0.021747
0.027414
0.440049
0.0201467
0.57897
0.766237
0.0210446
0.020971
0.0198713
0.0215645
0.0577272
2.76954
0.772173
0.0209735
0.498008
0.0238565
0.220769
2.19861
0.0361668
0.366668
0.0216165
0.0195943
0.0571648
0.194819
0.203121
0.325682
0.165857
0.0212767
0.0244392
0.052666
0.0198414
0.0465876
2.27941
0.0222611
0.0204047
0.0215832
0.0212324
2.02224
0.0926136
0.0198672
0.0885548
0.0242167
0.856293
0.449502
0.0238729
0.0208811
0.0333066
0.0846704
0.0239831
0.0368062
0.0208379
0.0831609
0.0298763
0.0216059
0.176245
0.0855296
0.0930824
0.0212312
2.61142
0.0246515
0.144946
0.0215629
0.0292632
0.058851
0.0216242
0.0391532
0.0254891
0.0214715
1.71281
0.0211807
0.147815
0.0215081
0.0215311
0.124005
0.0559142
0.324432
0.103968
0.0198356
0.0316631
0.0223444
0.340646
0.0198118
0.0195954
0.151285
0.151897
0.0210522
0.110645
0.0208904
0.0209161
0.246463
0.932494
0.0314954
0.0202499
0.0210868
0.0210257
0.0211126
0.121043
1.29246
0.0243481
1.69567
0.0227032
0.160379
0.0859291
0.020465
1.68324
0.020057
0.0267502
0.0202622
0.0322456
0.0198231
0.0219506
0.478927
0.0211316
0.021175
0.0231021
0.0447726
0.0610642
0.0270417
0.593204
2.05649
0.0210596
0.0222843
0.0221416
0.027783
0.910902
0.020862
0.0222993
0.529645
0.0203951
0.0412492
0.336
0.0200833
0.0529867
0.411823
0.167875
0.0200976
0.0238218
0.173991
0.0210115
0.0202508
0.0210498
0.0198418
0.022591
0.0255684
0.0215943
0.0197866
0.274834
0.0300923
0.0223526
0.0196257
2.73374
0.0213322
0.167582
0.0360791
0.0202658
0.0252818
0.422107
0.0215981
3.20601
0.0370932
2.10017
0.0208959
2.77631
0.106186
0.179061
0.0202879
0.141516
0.0209739
0.366775
0.0437647
0.0215022
0.0211324
0.0440774
0.0201794
0.210264
0.177574
0.0220804
0.042021
0.0202366
0.519973
0.0213121
2.24066
2.71314
0.0402124
2.54881
0.0400253
0.021114
0.110491
0.0216165
0.0238703
0.0374433
0.0216714
0.0202536
0.0209507
0.0302627
0.0230167
0.0210068
0.333624
0.0231498
2.42516
0.025877
0.468149
0.683368
0.434507
0.0195913
0.0343585
0.181543
0.0211234
0.443328
0.0254288
0.0232126
0.0214906
0.0250229
0.0202818
0.121889
0.155656
0.0218481
0.022902
0.0217022
0.0218433
2.87309
0.0210927
0.169653
0.0203125
0.0209605
0.0198888
0.0401334
0.150038
0.131883
0.0804963
0.0232875
0.0209543
0.0213546
2.52923
0.0206928
2.90829
0.0217497
0.328969
0.0222937
0.0210065
0.0233869
0.644572
0.0200557
0.423758
3.3124
0.022203
0.0234199
2.04818
0.0314228
0.0199506
0.0112594
0.0215686
0.0343095
0.0264065
0.023775
0.360337
0.209001
0.0208007
0.166373
0.0236979
0.0213645
0.0202956
0.0229742
0.237711
0.0196256
0.650963
0.0311339
0.172754
0.0207586
0.0355759
0.487035
0.349098
0.0225884
0.0210649
0.0212281
0.0207941
0.0262024
0.0120606
0.0198929
0.250611
0.460277
0.0198211
0.0227046
2.85434
0.295364
0.291884
0.299392
0.0224182
0.0249411
0.0210241
0.0233192
0.0327946
0.0209482
0.0213441
0.0344108
0.0214064
0.429208
0.01131
1.75424
0.257922
0.0202986
0.552016
0.0852018
0.0382246
0.019599
0.0249969
0.0225989
0.020241
0.0206426
0.021198
0.023097
2.19806
0.0218338
0.119493
0.0229944
0.0214838
0.209613
0.0255997
0.0216551
0.0237912
3.1646
0.0235534
0.0214385
0.0221067
0.0222763
0.452781
0.574803
0.0224044
0.0209877
0.0224666
0.0225827
0.337756
0.0196023
0.0239948
0.0207182
0.0217108
0.0740685
0.0208339
0.319615
0.758581
0.398438
0.0736907
0.0213603
0.739285
0.0368384
0.0210001
0.0562753
0.019827
0.0213732
0.0197957
0.021168
0.0199476
0.0217106
2.1893
0.0218202
0.0269274
0.574182
0.146836
0.0211796
0.330377
0.0220112
0.0471141
0.0209868
2.17313
0.0509042
0.198902
3.06082
0.0215343
0.0774964
0.0233349
0.727032
0.0216325
0.350898
0.0284073
0.423452
0.0217682
0.321241
0.0219325
0.0290364
0.283352
0.0199435
0.0217636
0.0211004
0.578068
0.0202485
0.0197706
0.0920398
0.0226415
0.0358629
0.337118
0.0210763
0.0383977
0.0226515
0.0198698
0.0284438
0.335715
0.0227964
0.0221649
1.43956
0.34897
0.0225911
2.32715
0.0200733
0.0252867
0.0324747
2.83881
2.17409
0.272643
0.322908
0.444196
0.329372
0.0197583
0.304277
0.720924
0.751717
0.0536616
0.021103
0.0206598
0.0819878
2.41808
0.0197927
0.0215255
0.022754
0.0211493
0.0230757
0.0234488
0.0211175
0.0238196
0.0231495
0.0221945
0.0253032
0.0643366
0.323621
0.0202865
2.04431
1.43654
0.229967
0.0212046
0.026863
0.0223961
0.142511
0.0213566
0.0325057
0.021756
0.21403
0.0206251
0.0250596
0.0213919
0.257106
0.246327
0.0222426
0.020785
0.0210908
0.521468
0.0203025
0.0279345
0.0718037
0.0764664
0.021111
0.0296821
0.289727
0.327768
0.0214433
0.0226283
0.434475
0.458054
0.0430903
0.191469
0.0214797
0.180943
0.0310965
0.0291837
0.0243566
0.351479
0.0210259
0.0210869
0.0215799
0.236788
0.0210655
0.74516
0.0211505
0.0214173
0.0203138
0.0286578
0.0817694
0.0216376
0.0221375
0.0751429
0.0411102
0.0335677
0.0216129
0.0211581
0.218965
0.312425
0.0213863
0.0200689
0.0518362
0.0212471
0.0212912
0.0631773
0.0202375
0.155428
0.0209719
0.0398589
0.0704381
2.30958
0.0210768
0.0277217
0.021426
0.0203651
0.0797133
0.0196009
0.755161
0.0433817
0.0201559
0.0241181
1.87247
0.66633
0.0504165
0.0213703
0.0200638
0.0198065
0.0230703
0.20162
0.0215344
0.898001
0.0212326
0.0199812
0.697667
0.0255358
0.256918
0.0231378
0.0207721
0.495246
0.40318
0.0509468
0.303687
0.021354
0.02872
0.0202695
0.0201673
0.0211217
0.0210689
0.0214336
0.0213663
2.06649
0.0216984
0.0573068
0.0209765
0.0327186
0.0199073
0.0358425
0.569412
0.0201591
0.0209972
0.305964
0.0359495
0.0199296
0.211144
0.0210096
0.0327081
0.020273
0.0220744
0.020353
3.16853
0.0199127
0.0207907
0.0208811
0.285697
0.0222091
0.0211073
0.0214013
0.285935
0.0211744
0.0210568
0.0204007
0.0210655
0.0247271
0.0210231
0.0289724
0.0203263
3.07159
0.912796
0.203553
0.0215975
0.0246346
0.0212664
0.0579213
0.0220001
0.464552
0.0713374
0.178068
0.0237706
0.447562
0.0213549
0.0213596
0.263745
0.239783
0.0249322
0.0908498
0.0215935
0.283984
0.0208019
0.0214495
0.020334
0.0202925
0.0221033
0.230484
0.0221858
0.021791
2.05548
0.0211841
0.0598054
0.0244764
0.0221217
0.0259279
0.0213209
0.4316
0.0210242
0.0210368
0.0530741
0.0214365
0.0197728
0.0226644
0.0208403
0.0207759
0.48225
0.0674178
0.901487
0.0215421
0.0208239
0.0208468
0.3747
0.0224434
0.021213
0.0204497
0.020629
0.443936
2.70498
0.126266
0.0217054
0.023416
3.43644
0.0284467
0.0236542
0.0348618
0.214368
0.163024
0.450354
0.0207884
0.0213487
0.0210592
0.321613
0.0207751
0.0254953
0.0210799
0.0196141
0.0248224
0.0213628
2.99177
3.02176
0.0199324
0.0210311
0.0197523
0.282421
0.0202821
0.41354
0.0221792
2.76214
0.0208287
0.0207319
0.0201656
0.021074
0.0213246
0.0201178
0.0213674
0.0217981
0.0267336
0.0246208
0.254542
0.0213655
0.0489816
0.215106
0.0223725
1.63381
0.020943
0.0208473
0.0675367
0.0216559
0.293629
0.0210836
0.0215324
0.0203757
0.757676
0.020676
0.320954
0.0401711
0.0208404
0.0631781
0.322352
0.0235734
0.0204186
0.0909198
0.0239878
0.742266
0.0259648
0.050172
0.0259325
0.0215213
0.0214684
0.0212502
0.0279982
0.150471
0.151214
0.115676
0.0196333
0.0229123
0.0218808
0.032927
0.023992
0.428196
0.0216584
0.0214111
0.0832587
0.0208339
0.0825477
0.0302802
0.0235563
0.324717
0.0262783
0.0208017
0.0213925
0.0346962
0.0207911
0.161044
0.0217465
0.0340506
0.0258186
0.438823
0.0212791
0.0281172
0.15629
0.0218593
0.0383115
0.0200718
0.0324313
0.0207984
0.0217347
0.0207925
0.0212964
0.0228749
0.044088
0.0222248
0.0215602
0.234716
0.0200786
0.0208449
0.0209896
0.0197714
0.169293
0.0256711
0.0221121
0.0270048
0.191787
0.0213087
0.272103
0.734578
0.020615
0.0208837
0.0197525
0.0855071
0.233504
0.0250691
0.02085
0.0446039
0.199238
1.95468
0.0216804
0.0547776
0.196663
0.220562
0.0266118
0.0202385
0.0233768
0.421936
0.0486408
0.0217129
1.98846
0.106747
0.328146
0.280764
0.0208939
0.0599869
0.727901
0.176207
0.151615
0.027967
2.034
0.0219772
0.449349
0.0214199
0.0259607
0.0223712
0.0273071
0.0196402
0.0214846
0.0210183
0.530619
0.0209927
0.0196584
0.743052
0.0213655
0.0284116
0.0218719
0.118776
0.0210175
0.0222601
0.0213339
0.0210019
0.0211829
0.0264692
0.0207848
1.70522
0.102598
0.0881906
0.0210225
0.924219
0.0207401
0.0826571
0.298045
0.215644
0.0211996
0.0198342
0.0209742
0.0220635
0.587274
0.0356533
0.0208553
0.561271
0.0209597
0.0214671
0.468101
0.0197844
0.021564
0.562279
0.0208658
0.438768
0.0227096
0.0445136
0.0286447
0.0336698
0.0246689
0.0212419
3.22127
3.52755
0.0209851
0.0306284
2.99564
2.12556
0.107002
0.0225034
0.0205175
0.185502
0.0214603
0.0254779
0.0992685
0.0246161
0.0198043
0.0374634
0.310308
0.220012
0.0198251
0.0197526
0.0220081
0.0216317
0.53208
0.459846
0.0206705
0.02602
0.473917
0.0212729
0.0225609
2.0319
0.022867
0.0606735
0.0243538
0.0213401
0.0215493
0.0246188
0.0518714
0.111344
0.0211877
0.338947
0.425901
0.881511
0.0245905
0.0226566
2.03137
0.041856
0.293617
0.0336742
0.0213428
0.021007
0.707532
0.696828
0.0217638
0.0255836
0.0471508
0.0208329
0.0361473
0.0217621
0.0208531
0.0223859
0.0393641
0.020785
0.0210181
2.20663
0.0206667
0.0204986
0.0358776
0.0267689
0.332888
0.0223807
0.0215025
0.7491
0.0436068
0.0225681
0.035854
0.169168
0.0209402
0.0201757
0.026674
0.0540304
0.0208166
0.0213041
0.0209888
0.0227176
0.0207786
0.304434
0.021301
0.0466007
0.0214256
0.0316489
0.0209491
0.0216993
0.0282246
0.374212
0.128893
0.0212151
0.022313
0.472387
0.0119343
0.211514
0.0221185
0.242966
0.0209549
0.119285
0.0419045
0.0230375
0.023073
0.0209899
0.0513347
1.72186
0.0378777
0.0219041
0.0220448
0.0273714
0.0146628
0.0206286
0.0204269
0.048637
0.019652
0.0205881
0.0545861
0.0212299
0.339283
0.0202721
0.0204493
0.0203733
0.0300491
0.0214568
0.0245885
0.727809
0.0206018
0.0213777
0.496834
0.0209053
0.0412957
0.0226312
0.392102
0.33648
0.022535
0.100785
0.0254103
0.0214052
3.00512
0.0220328
0.020825
0.0198632
0.0209522
0.0239861
0.525326
0.0339511
0.0742179
0.284946
0.217466
0.0453181
0.340649
0.0242235
0.0455594
0.020082
0.0294069
0.0215364
0.0215525
0.0218428
1.35847
0.0913739
0.0212058
0.390402
0.0204678
0.100709
0.0212591
0.0239356
0.021769
0.0169622
0.312435
0.0211357
0.0199603
2.49698
0.143003
0.189436
0.0852425
0.479936
0.0213133
0.345017
0.570187
0.0207593
0.0205628
0.0208502
0.0253202
0.0209673
0.0222239
0.0220585
0.0225636
0.0213637
0.0214478
0.0221529
0.0415542
0.291512
0.0199061
0.0668281
0.0230534
0.0476228
0.0378123
0.0405698
0.0207491
0.0560662
0.0391477
0.0201784
0.0456372
0.479822
0.0216415
0.0205758
0.0223398
0.274349
0.31418
0.0205421
0.434747
0.0214236
0.0215484
2.21926
0.0206952
0.0216197
0.0204814
0.021925
0.0255308
0.262737
0.0240636
0.0210434
0.0213208
0.0215896
0.0210645
0.072716
0.0199298
0.0285108
0.140071
0.470847
0.0205675
0.356742
0.0204264
0.0648633
0.0219914
0.116616
0.0200458
0.275222
2.44118
1.80473
0.0213826
0.313956
0.321415
0.230905
0.0214793
0.289768
0.0208168
0.188918
0.283051
0.0240313
3.19561
0.233685
0.461101
2.05832
0.123478
0.259884
0.0205448
0.022518
0.269984
0.0832757
0.0213065
0.127738
0.022107
0.0207618
0.0212488
0.290928
0.0845713
0.0298364
0.59626
0.029778
0.105128
0.0223331
0.0209817
0.0223644
0.452183
0.327405
0.0293395
0.193666
0.0216812
0.0219
0.0342037
0.141934
0.0411233
0.0207424
0.0640513
0.656549
0.0217565
0.0906307
0.0201743
0.0374007
0.0557055
0.0206552
0.477169
0.0872937
0.021255
0.0222866
0.02091
0.188097
0.0224694
1.85148
0.0333313
0.020928
0.0209366
0.0200161
0.0354612
0.02045
0.137614
0.0220968
0.253037
0.0843909
0.0219741
0.0291577
0.263656
0.0217765
0.0311556
0.0220771
0.0213978
1.92596
0.159263
0.0217349
3.18886
0.0235712
0.326013
0.020679
0.0218976
0.0247817
0.0225876
0.0334351
0.0524096
0.0213882
0.0229434
0.287722
0.0300934
0.0239004
0.118978
0.14601
0.307486
0.0209195
0.0198842
0.376386
0.0205216
0.644262
0.184153
0.0512939
0.197426
0.0217826
0.0219155
1.35613
0.134696
0.020808
2.27417
0.0239551
0.0210576
0.090716
0.0223006
0.0213541
0.0504303
0.0242658
0.0214391
0.0235644
0.0209837
0.0224937
0.238697
0.0336099
0.269707
0.0212764
0.0284564
0.0208542
0.021265
0.227273
0.0214951
0.337364
0.367743
0.0221625
0.100228
0.0368689
0.0354543
0.0197686
0.346558
0.180063
0.0497801
0.0235999
0.0221783
0.0206412
0.281094
0.0238048
0.0621218
0.0391973
0.020321
0.459186
0.0197274
2.06005
0.0209806
0.40922
0.0209277
0.0205118
0.0201918
0.334875
0.0207972
0.0206875
0.0200611
0.0208308
0.0213542
0.0303947
0.467218
0.0211198
0.0266715
0.0216154
0.0209647
0.0207043
0.357747
2.03098
0.0260371
0.0212716
0.0207127
0.020328
0.0247712
0.0255756
0.0201517
0.15174
0.422216
0.0372083
0.0208892
0.020823
0.0213201
0.0232615
0.0205571
0.0220583
0.0213329
0.0207284
0.0281189
0.0218825
0.0289049
0.794968
3.30036
0.0268299
0.0209558
0.0208193
2.18814
0.021141
0.0300818
0.0240583
0.0204191
0.0212258
0.0210309
0.145972
0.02122
0.111659
0.309803
0.0609605
0.0212605
0.0261107
0.250504
0.0241324
0.0380707
0.0226327
0.0416216
0.0203798
0.0266163
0.160676
0.231932
0.0205818
0.0214815
0.129051
0.0250773
0.0558484
0.0240481
0.220233
0.0212415
0.0261494
0.0351242
0.128805
0.0700481
0.0211386
0.0207897
0.0203577
0.021574
0.0412557
0.167557
0.473632
0.0205503
2.38631
0.0226113
0.552101
0.280508
0.0209965
0.838302
0.0470823
0.0206391
0.0420236
0.033814
0.02142
0.0597187
0.0208103
2.13446
0.0247778
2.13709
1.31816
0.0511161
0.0212467
0.0264434
0.0220217
0.020839
0.0202484
0.0205119
0.257074
0.0219512
0.0374818
0.272965
3.45769
0.0369071
0.0281474
0.0210034
1.9067
0.0197421
0.087947
3.09939
3.27871
2.78089
0.321105
0.994066
0.0200543
0.0213731
0.0201817
0.0611793
0.0221205
0.76787
0.0250875
2.36193
0.027655
0.0208237
0.0207973
0.0215148
0.0200782
0.24726
0.779091
2.29431
0.0206134
0.0239983
0.0241136
0.0220785
0.102784
0.0214261
0.135377
0.194947
0.0219324
0.0283725
0.141673
0.0276459
0.172079
0.396956
0.0215593
0.202977
0.0222892
2.09108
0.0209473
0.233691
0.0210661
0.0191932
0.0330621
0.624611
0.163005
2.18728
0.29631
0.225284
0.0230082
0.022847
0.35179
0.24211
0.112797
0.0281296
2.73392
0.0358635
0.321034
0.0446012
0.196761
0.0235772
0.036264
0.765219
0.0214519
0.0231707
0.0239636
0.0197875
0.020428
0.0209152
0.0211618
2.5317
0.0220177
0.265467
0.0994732
0.262435
0.33836
0.162572
0.0206346
0.0218132
0.163107
0.232833
0.0272579
0.34039
1.92581
0.178664
0.0207645
0.0344197
0.0242312
0.0913298
0.0462271
0.314131
0.216926
0.0666796
0.021358
0.0221486
0.111204
0.184371
0.0584377
0.0392161
0.0209498
0.0240922
0.0230394
0.133934
0.023521
0.0203049
0.0208892
0.0228694
0.110111
0.237578
0.0217221
0.0761385
0.337555
0.0220434
0.313666
0.024083
0.0323379
0.0240474
0.033637
0.487429
0.0210778
0.0206459
0.0220802
0.107497
0.103181
0.0358428
0.0221799
0.0229611
0.0216678
0.0453739
0.0349791
0.0235036
0.0216208
0.380099
0.0226397
0.180589
0.0226819
0.030956
0.0209726
0.968792
0.0284812
0.0607706
2.01991
0.0214641
0.0238647
0.10372
0.0226813
0.280219
0.954534
0.0215753
0.0228536
2.38069
0.0213099
0.112584
0.0215788
0.725879
0.347204
0.0318602
0.0231691
0.0209639
0.0211368
0.0212552
0.0248855
0.0198028
0.0214656
0.0209495
0.0206259
0.0236988
0.0221031
0.0213716
0.0220154
2.37352
0.0215052
1.74406
0.0219599
0.0215018
0.716749
0.0210664
1.72163
0.333957
0.0213232
0.0220821
0.0443353
0.143138
0.0239896
2.34203
0.0301794
0.0214938
0.128754
0.0205602
2.34632
0.021533
0.377717
0.0198575
2.53633
1.96136
0.339402
0.0217842
0.0236254
0.020762
0.0234703
0.0478685
0.0207643
0.0213218
0.0509238
0.0240404
0.751826
0.0332865
0.0220265
0.0386606
0.0214365
0.0281811
0.0224036
0.0213344
0.0220803
2.5869
2.05742
0.0292952
0.0233449
0.0220547
0.0227024
0.207697
1.77505
0.0521964
0.502758
0.0839033
0.0228789
0.0238317
0.10484
0.0207491
0.0237539
0.023058
0.0227081
0.34153
0.0228428
0.134244
0.0235609
0.0219582
0.110694
0.0230476
0.0239055
0.0224116
0.0266326
0.0210292
0.0215751
0.0480394
0.021419
2.13184
0.29522
0.0244915
0.021553
0.0206834
0.0224435
0.0211879
0.2003
0.0208977
0.0300003
0.0215089
0.0224098
0.0322137
0.0213955
2.13448
0.0218995
0.0221155
0.220926
0.0234046
0.0244592
0.36288
0.0218457
0.125413
0.0207517
0.0206899
0.0220937
0.0230093
0.0204142
0.304184
0.0220765
0.0209891
0.654343
0.204318
2.48185
0.17587
0.392128
0.0259535
0.0205249
0.0231061
0.260776
0.0291685
0.775297
0.0223216
0.035103
0.135325
0.122202
0.0206638
2.36614
0.336867
0.020943
0.0256973
0.0217419
0.02224
0.454434
0.0302911
0.0215008
0.0207157
0.0200577
0.344556
0.0216814
0.359447
0.0396722
0.0216346
0.0209315
0.0209922
1.6601
0.095827
0.020869
1.05722
0.770222
0.02199
0.0767237
0.0215896
0.0205312
0.0206637
0.0214835
0.0205593
0.0212495
0.0216586
0.0226374
0.0215548
0.097554
0.0230463
0.460685
0.0326362
0.0212287
0.13864
0.0200253
0.0241445
0.0514935
0.0209221
0.53689
0.0210285
0.0889773
2.95501
0.020611
0.282533
0.283027
0.021431
0.0217728
0.0211616
0.300321
0.0215481
0.0847017
0.233472
0.0219874
0.0283447
0.0417415
0.0523455
0.0212273
0.0384594
0.0216577
0.0640743
0.169986
0.0392365
0.299765
0.0226345
0.122456
0.276901
0.197087
0.0214864
0.0664026
0.0228651
0.057656
0.0204041
0.0226201
0.798319
0.0275952
0.338432
0.0533196
0.0239776
0.332949
0.0205323
0.0352586
0.0215275
0.0268308
1.10622
0.351903
2.54999
0.0397012
0.0261364
0.506521
0.0240539
0.0209648
0.0203236
0.0218974
0.0218929
0.0256446
0.0210237
0.138849
0.0271804
0.020848
0.020434
0.0213045
0.0212559
0.0946654
0.0206211
2.8508
0.0219136
0.1278
0.0213986
0.0214148
0.0199105
0.0911639
0.0212267
3.07038
0.819177
0.305463
0.0251842
0.0220962
0.0213975
0.0209165
0.0207311
0.326166
0.021795
0.0218775
0.715337
0.0213829
0.0223605
2.8069
0.164704
0.234466
0.0380232
0.555803
0.78959
0.0209974
0.0205964
0.0282694
0.10907
0.656432
0.355648
0.164253
0.0212094
0.0206888
0.300705
0.0272186
0.0217746
0.0278973
0.0216844
0.0232887
0.249469
0.839074
0.0234929
0.0274455
0.0231189
0.0285607
0.887908
0.0215081
0.0209019
0.0214086
0.313078
0.0208685
0.0251127
0.862064
2.79546
0.0204309
0.0207485
0.0199955
0.0215077
0.0212347
0.031469
0.718257
0.0222898
0.356727
0.0130617
0.637881
0.0240606
0.0219673
0.0213906
0.0211748
0.0207028
0.0202797
0.0214472
0.873717
0.879782
0.0215428
0.0205393
0.0216517
0.0214381
0.118816
0.0321479
0.862488
0.037045
0.0286449
0.074446
0.0212863
0.0210654
0.0212146
0.0214464
0.703458
0.0211916
0.0246552
0.118655
0.0364813
0.151942
0.101022
0.930174
0.296059
0.0213343
0.0299019
0.13259
1.0846
0.0213457
0.0213756
0.0283186
0.0213479
0.0213954
0.109816
0.0210099
0.0209772
0.788239
0.0242889
0.686051
0.0212433
0.0206128
0.0300887
0.131733
0.0448597
0.386822
0.0229035
0.116568
0.0408613
0.0209557
0.0463501
0.0210579
0.0239338
0.0215378
0.0205234
2.54352
0.15745
2.40306
0.114919
0.050418
0.033468
0.787763
0.0207556
0.0215537
0.199954
0.0213204
0.0216328
0.0235315
0.0213049
0.107519
0.0215475
0.0343519
0.320034
0.0200687
0.143031
0.021206
0.0211329
0.0238424
0.0237374
0.0239337
0.02416
0.0241117
0.44675
0.0214743
0.0212549
0.0248407
0.045273
0.322033
0.0208985
0.0216718
0.0271497
0.214691
0.02101
0.0240748
0.0240487
0.0208839
0.0212678
0.0209898
0.0675727
2.05696
0.0240097
0.0225498
0.0213785
0.0284343
0.0502986
0.0214055
0.0472205
0.336963
0.0215227
0.0285492
0.928651
0.842776
0.0364512
0.0201612
0.020642
0.0536269
0.0420251
0.648177
0.0265293
0.616482
0.0300627
0.826582
0.340107
2.57697
0.276749
0.892995
0.175059
0.849461
0.0217529
0.126804
0.0212185
0.138367
0.0228652
0.0222005
0.0239913
0.087844
0.291772
0.0221005
0.0213482
0.0608232
0.0685986
0.73069
0.0207395
0.0207749
0.0212391
0.0250065
0.0211698
0.0429702
0.863727
0.322201
0.0246592
0.0207013
0.144688
0.0216586
0.0213474
0.360172
0.0211908
0.0240854
0.0203803
0.489689
0.0689069
0.189483
0.0213604
0.0582421
0.799378
0.0353176
0.0826305
1.85575
0.851359
0.901739
0.0210043
0.0214527
0.0926767
0.0214005
0.021397
0.0210389
0.0216942
0.027275
0.0233971
0.0209836
0.45708
0.0236096
0.0248259
0.0218144
0.904791
0.0909909
0.0248685
2.52221
0.337103
0.0249313
0.883982
2.01038
0.0218193
0.0215623
0.0251837
0.0270932
0.236436
0.0209693
0.0215676
0.122969
0.0213369
0.0207011
0.0215588
0.0213739
0.415729
0.0215153
0.0342576
0.0216043
1.75402
0.0212344
2.14753
0.0875178
0.394017
0.308919
0.0200745
0.0239742
0.0215903
0.0212148
0.862852
0.05596
0.74897
0.0640744
0.0201568
0.0223404
0.0241191
0.0214021
0.187185
0.0209115
0.0311525
0.681517
0.0614499
0.451147
0.0212338
0.0215814
0.274976
0.0263665
0.0273225
0.11007
0.76629
0.244211
0.0221485
0.0207474
0.0208995
0.0215192
0.328471
0.022136
0.189953
0.0214154
0.0215052
0.367321
0.0222326
0.310149
0.0240061
0.0214321
0.0239943
0.0837917
0.0206991
0.0215216
0.605937
0.0213614
0.0214174
0.0475166
2.17888
0.0248835
0.0266694
0.0204227
0.105598
0.415186
0.0643311
0.0212936
0.0206993
0.0286954
0.0213711
0.474557
0.782835
0.313609
0.194198
0.0212193
0.0313864
0.0209569
0.066269
0.0213606
0.329755
0.275733
0.0213101
1.12115
0.0213088
1.91361
0.0419197
0.0204021
0.0456397
0.0207266
0.0209097
0.0205413
0.019892
0.0395397
0.261775
0.0213018
0.0205811
0.12009
0.0201209
0.021588
0.0222786
0.021155
0.0213611
0.800452
0.0317913
0.020044
0.0227087
0.0225482
0.0212773
0.144908
0.833678
0.021315
0.020923
0.0215193
0.278835
0.0214575
0.0218623
0.0224768
0.0550028
0.0201103
0.0225763
0.288339
0.0213155
0.697294
0.0212471
0.0214174
0.0210036
0.0211352
0.020594
0.0212479
0.193836
0.31032
0.0205982
0.0215279
0.0225709
0.0439323
0.0266801
0.0470845
0.0211902
0.0220434
0.0300486
0.0221827
0.321803
0.0923382
0.0210456
0.02156
2.29898
0.0220213
0.604803
0.0873643
0.0210397
0.799924
0.389077
0.266977
0.690414
0.307778
0.0263395
0.0209766
2.78217
0.0213144
0.0227759
0.0293225
0.0203563
0.0213319
2.06307
0.0207347
0.512531
0.778808
0.0220009
0.0213066
1.91705
0.0212392
0.542535
0.0203864
0.728811
0.0605734
0.0270221
0.0212566
0.0208349
0.0221626
0.662606
0.779078
0.0502546
0.38678
0.0242196
0.0212537
0.707659
2.3961
0.0213918
0.0215345
0.0239811
0.021018
1.92272
0.0365033
0.0203959
0.349107
0.0208215
0.0207115
0.0203756
0.0211822
0.0213359
0.331749
0.0211163
0.716135
0.0206807
0.0219746
0.0216172
0.0214951
0.021148
0.021223
0.0318803
0.0205896
0.0586536
0.399374
0.355965
0.0241263
0.538895
0.028595
0.0211045
0.0201028
0.021269
0.0201506
2.14027
0.287746
0.0222336
0.0228396
0.537366
0.0221024
0.138871
0.0211452
0.0210181
0.0213356
0.205337
0.0560645
0.119823
1.75696
0.0240294
0.27624
0.344071
0.0211884
0.0210595
0.0207257
0.0306404
0.0317999
1.83844
2.672
0.033072
0.0209024
0.0317602
0.0211665
0.14912
0.0208622
0.250553
0.0221927
0.0431052
0.0365054
0.0219546
0.0240611
0.101189
0.0271745
0.85086
0.0210325
0.0206768
0.0213053
0.021197
0.274599
0.0205095
0.0215247
0.0261977
0.020081
0.133603
0.619267
0.029927
0.0212225
0.0213807
0.0486147
0.220568
0.0210378
0.0212847
0.101568
0.0213028
0.021271
0.326239
0.0240548
0.195601
0.280473
0.200102
0.0343307
0.0209479
0.0212328
0.0297253
0.021033
0.020919
0.791501
0.10657
0.0249732
0.0210243
0.0209162
0.0223824
3.16703
0.0210131
0.0224054
0.0213582
0.020389
0.0209624
0.0788613
0.0217238
0.0208958
0.0219111
0.021897
0.0206986
0.0282162
0.143804
0.0349832
0.0206566
0.0210759
0.0212012
0.0209801
0.358851
0.0213907
0.0374499
0.04019
0.0210466
0.0206099
0.367095
0.0206806
0.0207174
0.020931
0.337827
0.0239408
0.0380706
0.0209343
0.0199989
0.0213186
0.0794598
0.0210176
0.0215734
0.0393082
0.20594
0.029341
0.0200082
0.330452
0.019696
0.0707775
0.0209357
0.0204812
0.0206223
0.0215732
0.0211186
0.730174
0.153351
0.303788
0.0736249
0.025915
1.65713
0.0213051
0.212263
0.339139
0.0213657
0.0689775
0.0339081
0.568777
0.0212062
0.795847
0.0215576
0.0206331
0.0428418
0.144539
0.167058
0.0254846
0.36808
3.2406
0.0557709
0.0213223
0.0239831
0.0472074
0.289784
0.0431173
0.0238897
0.0215185
0.0417237
0.44783
0.0208257
0.240725
0.0224087
0.77106
0.020577
0.0204353
0.0283933
0.0276232
1.97067
0.39593
0.0430825
0.0209223
0.0210176
0.0401262
0.426552
0.0705628
0.0208169
0.0222231
0.0207039
0.0209813
0.0210144
0.0235961
0.0485397
0.0527624
0.0445161
0.439653
0.763919
0.0208785
0.0215294
0.0223227
0.0205454
0.0269726
0.0210509
0.021247
0.021244
0.0208989
0.0256954
0.482353
0.0278392
0.0207473
0.020958
0.710128
0.0270501
0.0239112
0.0257641
0.34295
0.0326576
0.0209458
0.0274293
0.0423836
0.0207988
0.726028
0.0209248
0.0208696
0.0207492
0.213306
0.0209146
0.0207187
0.0215676
0.0214937
0.02082
0.0207209
0.509157
0.262969
0.343483
0.0216863
0.0207837
0.128699
0.0212026
0.0205257
0.0207754
0.315787
0.0213198
0.792822
0.0201112
0.0206985
0.0359961
0.0903244
0.0207338
0.163633
0.7855
0.446976
0.0208446
0.0197399
0.0208009
0.49659
0.0216078
0.0241158
0.824249
0.0209977
0.0204086
0.0218153
0.0207496
0.0999736
0.020903
0.0213144
0.0209474
0.0260511
0.339104
0.02129
0.0206807
0.0214636
0.304728
0.0991851
0.288657
0.0233975
0.0850304
0.0208278
0.0209297
0.792689
0.265927
0.0212699
0.020956
0.385296
0.0317742
0.0208831
0.0207512
0.020754
0.0209491
0.0209359
0.400598
0.0212337
0.0239855
0.0553634
0.768999
0.021133
0.0285696
0.0253923
0.0401249
0.0237275
0.0251793
0.0212837
0.792221
0.0211945
0.0276885
0.0491913
0.0234022
0.0975863
0.028237
0.020974
0.0220276
0.325316
0.328354
0.0224037
0.0207259
0.020487
0.803883
0.0208822
0.0207346
0.0266526
0.024572
0.0209487
0.355772
0.232824
0.020614
0.0232814
0.0219489
0.0207303
0.0206657
0.0209167
0.0206069
0.960467
0.0222575
0.0224749
0.0207169
0.0202432
0.0207065
0.0208618
0.0245486
0.0263928
0.022513
0.139818
0.0209613
0.020888
0.0265706
0.0207547
0.0200327
0.021907
0.509677
0.0208093
0.0411903
0.0246819
0.167428
0.0202379
0.302727
0.498358
0.329511
0.0257276
0.0209615
0.364822
0.0209692
0.168399
0.0210521
0.0247325
0.0219016
0.0209944
0.296504
0.0338109
0.265241
0.302891
0.0232675
0.020719
0.0208163
0.209967
0.0427762
0.0208759
0.0214305
0.0200378
0.021489
0.0204425
0.415127
0.0206659
0.0202557
0.0215396
0.0212764
0.0542823
0.0289335
0.0224293
0.0207158
0.0205136
0.467811
0.0234895
0.0198022
0.89276
0.0282747
0.0250246
0.0253183
0.0267991
0.0204177
0.0234318
0.367702
0.40806
0.0396764
0.0209471
0.020582
0.323077
0.339575
0.023983
0.0207528
0.023912
0.0206339
0.0218525
0.0275025
0.023011
0.0199602
0.0207051
0.0204192
0.0207183
0.0206436
0.0217986
0.0206316
0.081635
0.480072
0.0205948
0.0207637
0.0201831
0.0209826
0.021397
0.0208928
0.373954
0.443736
0.0208398
0.0219072
0.20982
0.0211278
0.472594
0.076321
0.0498976
0.020602
0.430996
0.0275861
0.433999
0.0236102
0.0206846
0.253341
0.386571
0.368525
0.0221216
0.0203638
0.337188
0.39655
0.0205982
0.0206822
0.0207053
0.0231358
0.0275875
0.0214914
0.0207019
0.0205573
0.302952
0.44787
0.0634859
0.0468339
2.83208
0.0371805
0.0205106
0.329046
0.0209971
0.0207362
0.0208
0.446294
0.0208115
0.0415025
0.0207166
0.0206679
0.0207228
0.020487
0.0209984
0.0252625
0.0202372
0.0206013
0.0795133
0.0205707
0.0214238
0.0205466
0.020271
0.357218
0.326237
0.0207826
0.11772
0.0208834
0.0205946
0.0304033
0.0223855
0.431455
0.0199496
0.0205319
0.0214194
0.020674
0.385466
0.0204998
0.0207657
0.0274299
0.0196949
0.0210238
0.0209315
0.0207415
0.260856
0.0210307
0.450004
0.312436
0.224879
0.380702
0.0214452
0.0205399
0.025309
0.0207346
0.343203
0.0201728
0.448492
0.446159
0.0201022
0.0205134
0.021173
0.443429
0.0208213
0.0208905
0.111923
0.328412
0.0878231
0.0255488
0.0371723
0.0197088
0.328714
0.305894
0.228499
0.327841
0.176791
0.342029
0.0206242
0.0207322
0.0246207
0.0108792
0.0211841
0.0206931
0.0212324
0.0352524
0.0206673
0.0201153
0.0887111
0.020577
0.300908
0.0207365
0.424002
0.307901
0.0237827
0.0212264
0.0207896
0.0208431
0.0448504
0.259904
0.0523953
0.028335
0.453028
0.0806005
0.0210723
0.022791
0.401
0.0214878
0.0205653
0.451912
0.0375249
0.481967
0.334784
0.1929
0.0273647
0.0212349
0.0209642
0.0329522
0.00992811
0.0971899
0.340066
0.0198184
0.0212711
0.0214951
0.0315626
0.441478
0.020613
0.0230449
0.203225
0.0216115
0.0222798
1.65918
0.428937
0.267894
0.0218192
0.0207697
0.0624576
0.0212135
0.0197656
0.453729
0.0213216
0.0202543
0.0769981
0.0201681
0.020529
0.384248
0.27804
0.039809
0.0202406
0.240798
0.0204673
0.23853
0.124385
0.0296118
0.0209319
0.123665
0.0240559
0.349763
0.0226753
0.0205972
0.0414287
0.198417
0.33807
0.0206741
0.0207155
0.0203707
0.0206217
0.031129
0.020765
0.0333342
0.0221578
0.061603
0.0204775
0.0541144
0.0210833
0.020392
0.0206472
0.0528814
0.0607308
0.0197213
0.0212676
0.0204192
0.0340881
0.0721174
0.0205299
0.0311776
0.0235986
0.0421966
0.0276611
0.283089
0.324235
0.180879
0.0304984
0.0307284
2.08294
0.570862
0.378015
0.0298614
0.055305
0.0205554
0.0382729
0.357862
0.0205181
0.472797
0.509734
0.77476
0.22819
0.0204953
0.397642
0.47085
0.441431
0.0212993
0.0206152
1.25374
0.635977
0.0892665
0.020751
0.324964
0.021255
0.270659
0.38311
0.237643
0.0207334
0.0225058
0.320487
0.110802
0.0203977
0.124371
0.133461
0.37787
0.0210288
0.160899
0.0204729
0.232679
0.181119
0.417659
0.444334
0.205801
0.0239682
0.371928
0.0227456
0.0281416
0.0213285
0.0620588
0.0212676
0.0206082
0.0281206
2.31288
0.0213348
0.10896
0.407503
0.364859
0.0560166
0.373703
0.020171
0.0444211
0.0246639
0.153897
0.0206458
0.0212827
0.0214664
0.0509761
0.0203966
0.0336276
0.0241359
0.0342316
0.0221852
0.022407
0.0208277
0.0970227
0.26251
0.0205222
0.426882
0.745653
0.798714
0.117497
0.0206575
0.0231929
0.0205693
0.0234452
0.0212056
0.0205841
0.199005
0.0227743
0.0213337
0.0215386
0.0205742
0.0227261
0.580178
0.021273
0.0439616
0.0206296
0.020683
0.0900079
0.0230904
0.0214636
0.0207174
0.0204753
0.766326
0.0406516
0.0206347
0.401937
0.133599
0.021399
0.386584
0.165765
0.280094
0.102105
0.218768
2.05073
0.0239922
0.420661
0.784872
0.292301
0.334398
0.0203769
0.0205411
0.406489
0.0203538
0.285842
0.200637
0.0211718
0.0204305
0.022209
0.0208616
0.453101
0.0204033
0.0272987
0.0258078
1.0863
0.0201165
0.0228798
0.0206345
0.0199067
0.0242421
0.0203569
0.0201897
0.0205238
0.0263911
0.262455
0.0261829
0.0772319
0.0228651
0.0197062
0.257168
0.0293713
0.021669
0.0259442
0.41189
0.380129
0.0262651
0.313998
0.0206378
0.384031
0.0667325
0.022876
0.02311
0.0205872
0.335956
0.0218919
0.0205534
0.021129
0.118351
0.234235
0.0204807
0.0234314
0.446507
0.0209974
0.33391
0.0214309
0.021582
0.362455
0.735407
0.337142
0.0213935
0.0235035
0.0226454
0.399088
0.0205823
0.61017
0.130885
0.026898
0.214317
0.0214043
0.121384
0.0719279
0.537091
0.222643
0.363472
0.022154
0.837776
0.0209232
0.0200239
0.327224
0.0203754
0.0281909
0.181947
1.74833
0.0201158
0.0279592
0.0217771
0.0242097
0.201904
0.323204
0.267771
0.0222014
0.229222
0.326202
0.0224956
0.0204794
0.138182
1.28223
0.0207732
0.339672
0.0204098
0.02014
0.165064
0.221666
0.0210143
0.0209269
0.16708
0.327745
0.0202377
0.373711
0.0205454
0.335511
0.105475
0.0260626
0.0208663
0.0297189
0.423116
0.324226
0.139653
0.0207855
0.0201485
0.0202177
0.26654
0.330217
0.0211702
0.321578
0.308203
0.0203876
0.0224483
0.339125
0.025351
0.020557
0.315783
0.0206468
0.0380635
0.0902188
0.0682474
1.22924
0.0212321
0.369903
0.0225042
0.0213483
0.020242
0.0209633
0.0209029
0.0449342
0.0202229
0.0278642
0.378129
0.45806
0.0199814
0.0222527
0.357526
0.0237817
0.0220757
0.0213657
0.374356
0.373105
0.162075
0.021325
0.374736
0.271125
0.0366109
0.331162
0.0269159
0.070317
0.0210591
0.167996
0.0384825
0.476098
0.0202118
0.749444
0.0197302
0.36991
0.32693
0.0208155
0.0390169
0.0210969
0.312461
0.020595
0.0530839
0.268926
0.0246273
0.384591
0.0210584
0.337069
0.382194
0.0208019
0.164639
0.351612
0.0211077
0.0201658
0.326455
0.0208763
0.020382
0.12237
0.0209323
0.0266255
0.20894
0.0229441
0.133087
0.0213884
0.0212686
0.0201352
0.205795
0.326811
0.0207134
0.0246225
0.386447
0.324172
0.0203865
0.380309
0.369121
0.12296
0.0201833
0.188319
0.0303396
0.319563
0.371281
0.0200638
0.0204929
0.0229604
0.020925
0.0212153
0.0210944
0.355343
0.0211991
0.0638588
0.0205717
0.0201078
0.0198494
0.149157
0.331019
0.143757
0.0221644
1.66694
0.0391208
0.359291
0.173132
0.0221903
0.206212
0.0199544
0.0205139
0.0210262
0.100183
0.0233481
0.0204799
0.141747
0.0218851
0.0211737
0.022788
0.0209945
0.020132
0.328154
0.0199749
0.0207012
0.0200924
0.253321
0.341809
0.414134
0.0203097
0.0196838
0.0201789
0.0227193
0.0211027
0.0272555
0.0213388
0.0201198
0.0206537
0.0321194
0.0933601
0.254042
0.334952
0.0224192
0.356684
0.324853
0.0224781
0.0354215
0.326394
0.0213148
0.249001
0.0298519
0.0829084
0.1654
0.0167978
0.0390419
0.021158
0.0550132
0.0202924
0.0214867
0.0212339
0.0209243
0.176603
0.337967
0.024031
0.115868
0.0203907
0.0274598
0.0198599
0.0208681
0.228204
0.290238
0.0196695
0.0793263
0.0228707
0.0209248
0.0201338
0.0198487
0.457602
0.0989882
0.0993522
0.0204129
0.326986
0.0288746
0.0202273
0.0204789
0.939183
0.0212971
0.0301471
0.0439311
0.0199885
0.0734256
0.0199154
0.0207028
0.370477
0.0224804
0.021328
0.0243967
0.0197721
0.0654921
0.0550954
0.0879042
0.204737
0.0609262
0.0200916
0.0209266
0.0205444
0.342393
0.0267967
0.0204048
0.33642
0.020759
0.0226685
0.0251326
0.345193
0.105246
0.0480447
0.47171
0.0932493
0.0264557
0.0199321
0.28047
0.324155
0.0368357
0.0200866
0.472726
0.0202917
0.0206139
0.120896
0.334784
0.325207
0.0199202
0.0200863
0.183953
0.32772
0.0211009
0.0199705
0.0199715
1.21557
0.0204928
0.0313032
0.456341
0.0230624
0.32228
0.129323
0.210452
0.0211309
0.0291918
0.0199912
0.0217952
0.0215584
0.0243923
0.0237754
0.0206648
0.0205109
0.0260637
0.0206996
0.426047
0.0289883
0.817416
0.533275
0.324571
0.0209733
0.0213732
0.26632
0.0228863
0.0197036
0.371748
0.0228643
0.0209285
0.0219187
0.233202
0.0207246
0.0213393
0.218828
0.296903
0.327157
0.322977
0.181099
0.27246
0.0259607
0.0312425
0.283914
0.0209934
0.020683
0.0213423
0.0225059
0.0296933
0.0396884
0.0207436
0.0206514
0.0204656
0.0202055
0.0205266
0.0209294
0.0208915
0.0852898
0.020321
0.0274803
0.0204027
0.227502
0.0534813
0.0204543
0.312957
0.115091
0.0216005
0.376448
0.0217056
0.254641
0.308531
0.0203494
0.308891
0.0236339
0.461809
0.373377
0.171153
0.021302
0.0212488
0.0228767
0.0255847
0.114677
0.292178
0.045841
0.0202583
0.260646
0.0204773
0.0224957
0.020422
0.279953
0.328057
0.307667
0.0273149
0.373082
0.0213327
0.0398496
0.0212768
0.0236041
0.0916626
0.0199857
0.417737
0.422248
0.0206786
0.341989
0.0202289
0.324996
0.0211546
0.0520665
0.0228333
0.0207609
0.299206
0.0236591
0.0198731
0.0242038
0.0726358
0.346164
0.275339
0.332298
0.0230142
0.0235575
0.0206979
0.0250409
0.0217215
0.0209178
0.327364
0.0204925
0.0202228
0.0204405
0.0263421
0.161534
0.0204948
0.33078
0.0203906
0.232976
0.268561
0.131178
0.0208037
0.0210104
0.311109
0.0207004
0.0202513
0.0203428
0.181618
0.0203339
0.116378
0.020832
0.0378026
0.0725808
0.0205466
0.0238123
0.0207033
0.134552
0.0207904
0.288995
0.0201625
0.0199831
0.0201369
0.0235725
0.427848
0.0209815
0.0211224
0.128704
0.0207968
0.164059
0.293797
0.187512
0.0651654
0.0201552
0.023867
0.288573
0.0100834
0.0228486
0.271689
0.0242488
0.360462
0.0200877
0.261251
0.288348
0.0211245
0.025824
0.0225057
0.0374485
0.0203775
0.0200806
0.0205581
0.452984
0.263405
0.0201028
0.0207122
0.537538
0.298953
0.343926
0.0206179
0.242094
0.0204156
0.32408
0.398462
0.0200175
0.0202088
0.362454
0.309163
0.18456
0.0223522
0.0932469
0.357499
0.309658
0.302342
0.316172
0.0203153
0.0241704
0.332675
0.0235996
0.0199288
0.0199524
0.342768
0.0213099
0.0214528
0.0209441
0.0206071
0.0214028
0.186484
0.341465
0.28077
0.278283
0.0201779
0.249187
0.0353934
0.0228784
0.323807
0.108268
0.272226
0.0207295
0.305248
0.0201308
0.022942
0.0203847
0.332308
0.184429
0.0265363
0.0200062
0.0204961
2.26148
0.0201157
0.0202248
0.35235
0.408125
0.45995
0.0236891
0.0399329
0.283396
0.0199352
0.0304521
0.363434
0.0228563
0.126583
0.0201692
0.0204647
0.0933263
0.0224615
0.115369
0.11481
0.220969
0.0826798
0.0205734
0.408764
0.175835
0.0201314
0.0205527
0.0213144
0.0201182
0.0203881
0.0243259
0.319236
0.0698944
0.331201
0.0206194
0.0205858
0.0199018
0.0202543
0.0890898
0.0208096
0.28661
0.298732
0.0745013
0.019745
0.308854
0.176198
0.0221656
0.2797
0.246692
0.327642
0.198341
0.28686
0.0889049
0.185557
0.0232814
0.383332
0.0496317
0.0203202
0.0208164
0.0211276
0.0204633
0.0205461
0.290898
0.0224936
0.0222558
0.0199703
0.0229135
0.0206128
0.0198977
0.0254757
0.0199977
0.500862
0.28116
0.074421
0.0204199
0.428789
0.0200878
0.428496
0.195258
0.0203551
0.0210464
0.0202903
0.0661758
0.281974
0.0227011
0.0203322
0.522082
0.0223071
0.0413661
0.168755
0.0201974
0.332737
0.0366035
0.0220148
0.359677
0.0228907
0.0199464
0.457432
0.460218
0.126254
0.0385275
0.020623
0.420267
0.0211051
0.0245678
0.0352842
0.0206677
0.0233472
0.36489
0.101378
0.32076
0.020286
0.290265
0.331707
0.0202185
0.347191
0.0201448
0.0200908
0.123648
0.0201194
0.0200539
0.393174
0.292538
0.307232
0.232196
0.286334
0.0254499
0.0201115
0.324044
0.364198
0.337607
0.0200468
0.300521
0.019832
0.0896103
0.0225955
0.332838
0.151595
0.0203667
0.0208887
0.020222
0.0198983
0.0349694
0.0204346
0.019821
0.0202348
0.392951
0.020612
0.0199789
0.0201602
0.0280015
0.290391
0.0197865
0.0248971
0.0213085
0.284327
0.0201008
0.317029
0.327929
0.329003
0.0211826
0.0201593
0.0201297
0.0201519
0.915429
0.21998
0.0199225
0.349247
0.0679749
0.106821
0.023333
0.0198771
0.0222266
0.300182
0.279059
0.161162
0.390124
0.0198993
0.0230459
0.0207528
0.022418
0.0374446
0.044349
0.0228945
0.020968
0.468471
0.332937
0.0286334
0.0671436
0.0447524
0.311453
0.309437
0.0202177
0.0277233
0.31313
0.0355547
0.0198088
0.0274316
0.0212629
0.0198378
0.0218262
0.0289861
0.0224293
0.216792
0.020107
0.021215
0.0238019
0.32768
0.0212869
0.0741763
0.0308086
0.0222395
0.0237709
0.0212355
0.11194
0.02068
0.0198196
0.0211652
0.0225046
0.0205515
0.354628
0.0197712
0.019758
0.0201863
0.0642866
0.00992463
0.0601096
0.0233369
0.0198533
0.326537
0.0324493
0.463755
0.0261584
0.0197873
0.0989797
0.023806
0.0227113
0.0198008
0.0197174
0.020098
0.302327
0.033888
0.0235616
0.0209199
0.190928
0.364147
0.0210254
0.0217602
0.0317117
0.278427
0.278204
0.0196679
0.0207236
0.0352076
0.085095
0.031929
0.243246
0.0230285
0.151908
0.0244471
0.0205781
0.0226415
0.0205773
0.203427
0.0209424
0.0197763
0.0222017
0.0236484
0.024121
0.0197858
0.230954
0.0231637
0.020678
0.020648
0.0224623
0.0196513
0.0211598
0.0210806
0.0199791
0.421728
0.0300437
0.0237259
0.0197969
0.0198369
0.0213108
0.278861
0.322959
0.120551
0.375837
0.0197451
0.0211874
0.261153
0.021316
0.0197484
0.0221117
0.0209827
0.146137
0.060019
0.02247
0.0312528
0.030838
0.0220147
0.337385
0.0203856
0.0250889
0.0199643
0.0196976
0.0238012
0.0238024
0.0208136
0.25712
0.0203582
0.0252933
0.344915
0.0449404
0.0199231
0.31159
0.269924
0.0207522
0.0199624
0.0221765
0.01982
0.0933853
0.0201058
0.821363
0.0606646
0.0196439
0.0199425
0.0198401
0.0197432
0.0200259
0.0198654
0.275799
0.0197874
0.020274
0.0226758
0.0211909
0.0202889
0.0201011
0.0204693
0.0255863
0.29703
0.020212
0.32339
2.2124
0.0652779
0.31778
0.0221297
0.0199125
0.0205879
0.019963
0.0264021
0.0237686
0.0199192
0.0224889
0.282037
0.0196881
0.0206498
0.0203425
0.245045
0.0198928
0.0633035
0.0204216
0.0200744
0.0206241
0.0213585
0.0220248
0.0196908
0.335704
0.0199618
0.0197496
0.0203727
0.019998
0.0196454
0.0197284
0.0200906
0.0537257
0.0200777
0.238623
0.0198714
0.0207989
0.0197078
0.0206426
0.325039
0.0197591
0.0198811
0.0218054
0.329667
0.0220005
0.0202717
0.020982
0.022322
0.374638
0.323795
0.023109
0.0230922
0.330061
0.0208819
0.0224891
0.277441
0.0237479
0.222224
0.0200064
0.0266367
0.120267
0.0826474
0.0233622
0.0230311
0.0196815
0.020771
0.0201825
0.0206327
0.0231848
0.322526
0.0197567
0.0209083
0.325399
0.0238034
0.0238046
0.415057
0.0207161
0.0626237
0.337684
0.0201478
0.0211068
0.0209303
0.299703
0.0203467
0.0231313
0.342389
0.341466
0.0455474
0.35775
0.088487
0.0326118
0.357325
0.0203908
0.35724
0.0206829
0.0943014
0.32573
0.0203498
0.333533
0.0200936
0.0222457
0.168746
0.0929031
0.0203349
0.019658
0.0205543
0.0229895
0.099982
0.0205476
0.0208994
0.123607
0.0232699
0.115345
0.346162
0.21925
0.019888
0.0196742
0.0229571
0.0229438
0.0207034
0.0202195
0.0203652
0.353395
0.019835
0.0212836
0.330393
0.295973
0.0205988
0.0229073
0.0204843
0.0208792
0.0233377
0.0196389
0.327119
0.0213199
0.0204823
0.0246544
0.0202109
0.326591
0.0265355
0.0212
0.298726
0.0203634
0.0229584
0.316812
0.0228949
0.020023
0.0205185
0.119419
0.0219617
0.0202755
0.0197694
0.0204677
0.0143404
0.0201446
0.0233723
0.309394
0.334639
0.323699
0.0228997
0.0228813
0.0198682
0.0220848
0.0498848
0.0407743
0.0207182
0.020208
0.0207915
0.0228574
0.0205302
0.0214533
0.0213984
0.0202397
0.0228751
0.267158
0.334685
0.0221092
0.0203317
0.0229045
0.0212823
0.0232457
0.0233097
0.0197936
0.0195857
0.0195799
0.0758755
0.0208618
0.0205403
0.0200312
0.0203655
0.023607
0.0216339
0.0231595
0.0599825
0.01967
0.0690555
0.0728826
0.0229533
0.0244701
0.0199214
0.146273
0.0228863
0.0198167
0.0199996
0.02335
0.0233512
0.0233561
0.0233253
0.0234137
0.0233663
0.0233654
0.0233508
0.0233897
0.0233898
0.0233695
0.0234461
0.0234778
0.0234173
0.0234438
0.0234804
0.0237441
0.0236323
0.0236362
0.0233779
0.022888
0.0233491
0.0230348
0.0237437
0.0229023
0.0235185
0.0234115
0.0230517
0.0236196
0.0232184
0.0236042
0.0237601
0.0237866
0.176136
0.0237187
0.0236366
0.0435439
0.0211791
0.0270023
0.0237825
0.0237754
0.111122
0.0237546
0.0230717
0.0229951
0.022867
0.0228767
0.0228665
0.19536
0.210235
0.189393
0.0195991
0.0197302
0.0200078
0.0236893
0.0237597
0.0238026
0.0230075
0.0198834
0.0195717
0.0237383
0.0195838
0.197575
0.190678
0.0199179
0.211966
0.201293
0.0195934
0.0197876
0.182382
0.0237317
0.0195788
0.185624
0.0198441
0.0205244
0.0201962
0.0225964
0.0221118
0.019866
0.290058
0.0198789
0.0198963
0.268615
0.0208899
0.0208022
0.0197641
0.0197996
0.0200225
0.301609
0.339553
0.0234115
0.0206497
0.0203421
0.315148
0.0231609
0.0228872
0.019717
0.019851
0.102316
0.233701
0.0221642
0.0310068
0.238393
0.140407
0.0202719
0.0197707
0.0206455
0.347966
0.0402947
0.0198113
0.0196514
0.0212786
0.0424035
0.0207484
0.306477
0.0196578
0.0213367
0.335679
0.0196339
0.0200381
0.0318802
0.0204141
0.2724
0.0212583
0.0241891
0.02333
0.0198652
0.0203749
0.0215378
0.0196839
0.205407
0.02033
0.113171
0.0271377
0.261167
0.0202366
0.285722
0.0210213
0.0304608
0.0205912
0.0196949
0.37889
0.0201315
0.0212287
0.0978338
0.0382703
0.0208595
0.0203383
0.0232812
0.246875
0.270209
0.0205068
0.0209238
0.322372
0.0205998
0.0561228
0.0239465
0.0204987
0.223688
0.0213228
0.0196774
0.0201493
0.0209855
0.0240237
0.0674779
0.0242664
0.310135
1.99449
0.0197931
0.0202212
0.279243
0.0208062
0.0210475
0.0211154
0.0196649
0.244402
0.0206558
0.0229073
0.0220563
0.0197311
0.275329
0.106767
0.0219631
0.0274806
0.0200405
0.0207816
0.0201998
0.312747
0.290642
0.0210154
0.0200163
0.310708
0.145833
0.283851
0.0196527
0.0228815
0.0231636
0.0228217
0.0219839
0.0197429
0.0200842
0.0205328
0.0209503
0.0161724
0.353657
0.105074
0.0204793
0.0196773
0.0360649
0.0196562
0.320042
0.0200776
0.0200725
0.0196395
0.0198533
0.0229396
0.0213015
0.0220083
0.0204814
0.0213601
0.0198489
0.0209867
0.0198644
0.0204785
0.2876
0.164799
0.0197989
0.0208698
0.226916
0.0198778
0.0196968
0.0423529
0.0210109
0.0323703
0.320246
0.0196336
0.0211531
0.0229548
0.021171
0.0212177
0.13214
0.020452
0.0236233
0.0196317
0.0335298
0.0198214
0.32242
2.95236
0.0204848
0.0206923
0.0196079
0.321341
0.020918
0.292042
0.0196261
0.0201377
0.227096
0.0196517
0.03072
0.16516
0.0237581
0.0197288
0.39971
0.334152
0.0305305
0.0196443
0.0211424
0.0199605
0.020554
0.437428
0.0198394
0.29537
0.0196828
0.0204496
0.0234132
0.0205831
0.0209778
0.239097
0.0210749
0.0196736
0.0309824
0.0232521
0.0240579
0.0211159
0.108052
0.291917
0.0196282
0.323503
0.0205451
0.020663
0.328283
0.329845
0.329883
0.0209157
0.035191
0.0216577
0.0206636
0.0196323
0.021572
0.0208698
0.0236465
0.0218824
0.0199355
0.0196231
0.0226799
0.320072
0.0196671
0.337701
0.0204996
0.0204835
0.36032
0.0196585
0.398164
0.319793
0.0229216
0.0202463
0.0213048
0.0196162
0.020547
0.380653
0.0246939
0.411292
0.0196481
0.0197093
0.222591
0.0197209
0.0210901
0.0197836
2.96374
0.324351
0.347298
0.0183192
0.0223692
0.0205125
0.0204161
0.0199507
0.0219838
0.0434014
0.020386
0.0197051
0.0210951
0.0253569
0.0199714
0.0201785
0.0212608
0.0206435
0.0197216
0.0209702
0.0197776
0.0197766
0.0204167
0.0237264
0.0202879
0.0197453
0.0206531
0.0210931
0.0196814
0.0262897
0.02111
0.0205209
0.0210722
0.0212218
0.0275163
0.0235483
0.0210851
0.0200136
0.0236326
0.268035
0.0203266
0.0236905
0.0214093
0.0236428
0.019738
0.0213975
0.0238139
0.0200931
0.0203867
0.0208655
0.02021
0.0203527
0.376071
0.0229412
0.0196946
0.020588
0.0210844
0.02015
0.0210847
0.34406
0.0204161
0.0221576
0.0646189
0.0207586
0.0201703
0.0207568
0.0213342
0.020119
0.073991
0.0198701
0.0214639
0.0199581
0.0209075
0.020446
0.0214344
0.0197094
0.01973
0.0234821
0.025786
0.024615
0.0197471
0.0197826
0.0210934
0.0236221
0.0204775
0.0235181
0.383166
0.0202842
0.0218413
0.0196415
0.339806
0.0246327
0.0221203
0.0332314
0.0205411
0.0206008
0.0974198
0.0238999
0.0206583
0.0197117
0.0207063
0.0204369
0.111117
0.0197274
0.0652062
0.0229389
0.0233546
0.0237504
0.0203226
0.0199676
0.0197078
0.0209647
0.0201207
0.0302019
0.0203096
0.480667
0.0196195
0.37197
0.0206881
0.0201745
0.13898
0.019608
0.0208568
0.0196218
0.029461
0.0207125
0.0196886
0.233338
0.0312679
0.0242343
0.0566885
0.193254
0.0205465
0.0197493
0.199366
0.0201198
0.0205339
0.020652
0.0206418
0.0197763
0.0215513
0.29393
0.0235276
0.0201318
0.020189
0.0209692
0.0197221
0.0198523
0.0409054
0.020123
0.327116
0.0207868
0.0215611
0.0199579
0.0203388
0.0197031
0.0205742
0.315975
0.0210479
0.0212892
0.357649
0.321281
0.0204712
0.0201611
0.019982
0.274618
0.289933
0.0208649
0.403772
0.0205021
0.0204714
0.393066
0.0200653
0.0197389
0.0199966
0.296968
0.267948
0.0293813
0.0950162
0.919534
0.0210537
0.019693
0.0204923
0.0200025
0.31316
0.0201847
0.0198104
0.319289
0.0202492
0.311039
0.0212119
0.0199654
0.329435
0.0205208
0.0199076
0.0557596
0.0199959
0.313725
0.0199788
0.298387
0.0196998
0.0209515
0.338313
0.024377
0.0198489
0.0196197
0.317855
0.0242359
0.0205994
0.305313
0.0216002
0.289546
0.0206077
0.0213839
0.0220072
0.322577
0.309969
0.0197587
0.324913
0.020039
0.303478
0.0200156
0.0374391
0.0197614
0.0226771
1.05263
0.324186
0.341793
0.0211763
0.329205
0.313893
0.0208694
0.0197908
0.324657
0.0230234
0.0198728
0.0196626
0.0249791
0.0198508
0.0199497
0.0202449
0.0209987
0.0230178
0.0204223
0.0216774
0.0203107
0.0209446
0.283383
0.319138
0.0199612
0.0212101
0.0201905
0.324189
0.0197199
0.0214686
0.0207591
0.74266
0.0217698
0.0200241
0.0200553
0.022272
0.0232433
0.284538
0.0211943
0.0208529
0.020067
0.020921
0.289665
0.0200557
0.0196573
0.0214998
0.0196693
0.0250536
0.0205714
0.288174
0.019735
0.329948
0.0197108
0.0207486
0.0215005
0.0535614
0.0201618
0.0211724
0.326703
0.274615
0.0212346
0.0215416
0.0196688
0.301511
0.0201747
0.027727
0.0202004
0.289933
0.0201075
0.312437
0.0200007
0.0209119
0.0239055
0.0206864
0.333144
0.0205246
0.0207009
0.0502912
0.0203907
0.0204468
0.277339
0.79239
0.284705
0.0203837
0.0211984
0.0266829
0.312458
0.019683
0.267279
0.0205413
0.0198495
0.0202218
0.0198275
0.0210253
0.0207886
0.029295
0.0257892
0.0205629
0.323178
0.505838
0.0360356
0.0208545
0.261046
0.886405
0.0347558
0.229351
0.0203773
0.0215723
0.0211174
0.0206872
0.0211198
0.290688
0.332848
0.0200479
0.256592
0.0872176
0.967914
0.0217125
0.0206842
0.0210449
0.273167
0.0243693
0.343394
0.280093
0.314147
0.0207847
0.0271278
0.30674
0.317783
0.0201859
0.0206904
0.0203959
0.0237462
0.328829
0.329223
0.0209327
0.0789004
0.0211815
0.0215452
0.788217
0.0201493
0.0210881
0.329791
0.0221613
0.0226233
0.020001
0.289578
0.340504
0.0214609
0.0204484
0.0230167
0.0201133
0.0196956
0.0203468
0.371961
0.0212973
0.0199778
0.0234353
0.326924
0.0209839
0.329047
0.0205886
0.323777
0.02082
0.0203436
0.0204769
0.405962
0.327862
0.0212651
0.0213184
0.31318
0.391449
0.0366002
0.0211996
0.0217779
0.32397
0.318523
0.0214359
0.291057
0.0205048
0.328317
0.0202888
0.0212222
0.0207026
0.021068
0.0453515
0.0238409
0.308381
0.0204434
0.274931
0.0206098
0.0202931
0.0201555
0.020353
0.316117
0.026951
0.0202537
0.0223988
2.80106
0.410454
0.321013
0.310193
0.0205786
0.285192
0.791074
0.337469
0.0197002
0.0527685
0.0206905
0.308331
0.0207721
0.0214889
0.311635
0.0203937
0.297243
0.020907
0.0210998
0.0210155
0.441022
0.0203224
0.0207722
0.324153
0.290079
0.324234
0.34682
0.0199861
0.0219742
0.0205069
0.320376
0.021763
0.256011
0.0214089
0.0210374
0.0238974
0.020211
0.0201462
0.0207245
0.0199721
0.0204573
0.0873372
0.825279
0.27807
0.020295
0.0209086
0.350852
0.0206991
0.0209419
0.328058
0.160745
0.205922
0.277724
0.0217143
0.0216434
0.0199797
0.0273047
0.370376
2.31902
0.021077
0.0201956
0.0202801
0.0199944
0.0254995
0.0210167
0.0202445
0.0209057
0.0205907
0.0612277
0.0223983
0.0225919
0.020537
0.123991
0.0319182
0.0224197
0.0216721
0.151994
0.021376
0.0210964
0.0216305
0.0200383
0.0204128
0.0201972
2.25659
0.0210502
0.313702
0.0209063
0.0203218
0.297058
0.020011
0.305543
0.02415
0.303387
0.0225724
0.0222731
0.0200469
0.0420134
0.0223905
0.0264559
0.0243571
0.0228542
0.0219504
0.381553
0.266942
0.266587
0.0307634
0.281064
0.343003
0.0816914
0.0297196
0.311433
0.327189
0.0204208
0.0263204
0.338223
0.0709672
0.336446
0.0688104
0.0267336
0.42616
0.0237929
0.0213351
0.981651
0.0201459
0.0236162
0.020328
0.0211404
0.0205045
0.0204044
0.0602296
0.0229138
0.0201993
0.790133
0.0205315
0.0216518
0.0202214
0.0477577
0.342384
0.0201403
0.0203435
0.0269898
0.0201452
0.0220352
0.0255377
0.0209088
0.0201356
0.020303
0.117569
0.0209327
0.0208281
0.0200262
0.0263916
0.0202854
0.314414
0.0225033
0.582729
0.39166
0.0203545
0.32115
0.0200836
0.0258482
0.0258079
0.0229648
0.024937
0.0660233
0.113937
0.0201708
0.314043
0.0203116
0.0929784
0.020344
0.0233655
0.0201237
0.452423
0.019868
0.0207753
0.020548
0.0201361
0.020208
0.0202052
0.0225277
0.254815
0.0215131
0.0403078
0.0242519
0.279266
0.0231536
0.0200403
0.290432
0.0288137
0.0209533
0.0211353
0.0251388
0.150947
0.0205996
0.243824
0.0203635
0.270911
0.0200328
0.0886682
0.306745
0.0318032
0.0200187
0.020466
0.237372
0.0213725
0.323407
0.00996972
0.104376
0.0231763
0.0200285
0.0441196
0.0326337
0.0210245
0.379278
0.0209456
0.223954
0.0560356
0.0204765
0.0350062
0.269751
0.337443
1.05278
0.0222466
0.0204741
0.0205782
0.0203081
0.0216501
0.020191
0.0203685
0.0210908
0.0205526
0.0300774
0.0214445
0.0276123
0.0231143
0.0212938
0.0212041
0.0197103
0.0288819
0.0205209
0.0202682
0.0210828
0.0323863
0.500563
0.0228918
0.0265945
0.0199083
0.238227
0.0114665
0.0213932
0.0222765
0.0264426
0.033955
0.0201414
0.278408
0.0217116
0.0207582
0.0204173
0.233468
0.328545
0.0548321
0.0197629
0.332506
0.029376
0.02098
0.0494511
0.0201649
0.319267
0.0201956
0.304173
0.340738
0.021574
0.317315
0.0206202
0.0197691
0.0242007
0.303989
0.339951
0.0379497
0.0205778
0.0201661
0.020467
0.293152
0.0207382
0.407476
0.194569
0.0312408
0.028386
0.0207401
0.0210544
0.0202934
0.0202803
0.369539
0.278068
0.0198869
0.0272964
0.320077
0.0495821
0.0199272
0.0201506
0.0203274
0.0201898
0.0209126
0.295112
0.0214698
0.112347
0.0258481
0.404639
0.0201761
0.319181
0.194392
0.0202577
0.331474
0.323959
0.296921
0.020052
0.0202096
0.0212534
0.333172
0.0200114
0.339752
0.329658
0.0210028
0.0210525
0.405722
0.020237
0.0666756
0.310129
0.480916
0.334133
0.346192
0.0203874
0.366934
0.0798972
0.0224804
0.327123
0.189993
0.021361
0.280656
0.293719
0.0198839
0.0289694
0.0306169
0.0742649
0.0198017
0.0213706
0.253763
0.0281841
0.0210821
0.0219106
0.0225626
0.328083
0.339037
0.0217036
0.0204078
0.019973
0.0198297
0.14008
0.0201541
0.241926
0.284506
0.0212031
0.0357907
0.0203084
0.0865144
0.0204676
0.0220995
0.256533
0.136808
0.0216781
0.283395
0.0382565
0.0509407
0.0204492
0.0209354
0.0204789
2.70037
0.0213279
0.0218586
0.0201927
0.349558
0.0200878
0.0314205
0.0202263
2.61592
0.271985
0.0204295
0.0213872
0.0198162
0.0226364
0.0202213
0.0210767
0.0223092
0.0236826
0.0204348
0.0205782
0.328362
0.228491
0.324718
0.315519
0.022389
0.0218744
0.0202692
0.325269
0.0207943
0.0201528
0.0208833
0.119525
0.340124
0.0444638
0.0231498
0.264864
0.0331085
0.332056
0.270801
0.0208585
0.354018
0.0215668
0.308007
0.0203218
0.0202632
0.322857
0.341396
0.0204722
0.338454
0.0212638
0.293233
0.324174
0.0210081
0.0238302
0.423829
0.0200545
0.0256976
0.333586
0.0204829
0.0804422
0.0224534
0.0201636
0.0214316
0.0204707
0.0210677
0.0206341
0.321873
0.0213443
0.0238889
0.0210566
0.020336
0.0204545
0.0233971
0.0212477
0.0326139
0.0210685
0.323699
0.328654
0.34081
0.0202347
0.378367
0.416094
0.0276623
0.0238986
0.251302
0.0213233
0.0203709
0.366284
0.0253917
0.0346467
0.0205188
0.0245388
0.0209021
0.311506
0.0212467
0.0230172
0.31873
2.47538
0.0207518
0.0230586
0.965634
0.0208011
0.324264
0.33852
0.0197854
0.305656
0.293525
0.0274836
0.0265574
0.294431
0.0210692
0.374572
0.0200307
0.0210778
0.0204222
0.0264986
0.0232887
0.412549
0.325719
0.020491
0.0205121
0.408016
0.0204624
0.33789
0.0202059
0.233784
0.409991
0.131918
0.0205801
0.0215783
0.446865
0.0219369
0.0205354
0.0216573
0.325415
0.0234333
0.0204082
0.0250644
0.0206349
0.346372
0.0205029
0.337761
0.0211961
0.0201976
0.325323
0.0304635
0.020103
0.0414625
0.0226124
0.021727
0.0208088
0.0212537
0.183675
0.0202483
0.346193
0.0205153
0.0211052
0.0205561
0.34193
0.331631
0.0202526
0.0208499
0.218208
0.393509
0.242704
0.432346
0.0389621
0.0228141
0.0206157
0.360031
0.257633
0.0223615
0.0238556
0.0347592
0.330571
0.020482
0.0211113
0.349524
0.0204213
0.0266407
0.0257805
0.341585
0.0204952
0.0206877
0.0360533
0.0206172
0.205917
0.332342
0.0200203
0.0243215
0.0216493
0.0400108
0.0563527
0.0231529
0.0203689
0.0215713
0.0229891
0.374312
0.343207
0.0249672
0.0206246
0.0198484
0.0214917
0.0205491
0.0196105
0.345313
0.0357517
0.020356
0.0227582
0.0220716
0.0338495
0.328676
0.0242051
0.167968
0.330983
0.0203181
0.345436
0.0240037
0.0395116
0.041324
0.277317
0.0203186
0.0196066
0.0199753
0.0207152
0.0215549
0.0203011
0.0370119
0.302827
0.0200018
0.40084
0.0214235
0.0532992
0.0209812
0.732339
0.0198294
0.0297358
0.280476
0.0221758
0.0214094
0.605339
0.0206769
1.75985
0.220641
0.0216426
0.0220279
0.409571
0.0242334
0.0262455
0.391243
0.0212144
0.356466
0.33691
0.0212487
0.0213087
0.0216386
0.020298
0.479008
0.0214924
0.0203029
0.263434
0.0247525
0.202994
0.424581
0.0203086
0.0247903
0.0206172
0.545562
0.153302
0.0240579
0.0211702
0.147123
0.0207948
0.0215027
0.0199876
0.0262864
0.0205177
0.0875507
0.0200247
0.0216173
0.3562
0.0340022
0.0265475
0.0200265
0.366545
0.448673
0.321906
0.029606
0.02001
0.351714
0.408948
0.0225764
0.0207628
0.0202802
0.35459
0.0213044
0.131357
0.020497
0.0206959
0.0228007
0.463893
0.0206897
0.0203508
0.137291
0.325438
0.161388
0.184202
0.0204392
0.402122
0.390788
0.0209085
0.0217264
0.788754
0.0359165
0.204979
0.0206675
0.0670706
0.0209365
0.022498
0.258326
0.0207977
0.0201701
0.0210172
0.0197087
0.300029
0.0211231
0.189159
0.0203127
0.0202857
0.227863
0.328242
0.424523
0.0208602
0.0203555
0.023224
0.0214149
0.187717
0.0210974
0.28623
0.020329
0.0208476
0.329945
0.42149
0.0248582
0.0227691
0.0217976
0.0205248
0.415446
0.0236739
0.0210196
0.020461
0.0219103
0.0212523
0.443724
0.0312935
0.358269
0.0222326
0.0215039
0.378625
0.0214065
0.0252987
0.0213863
0.0205279
0.0204592
0.352767
0.0450641
0.0204382
0.0204173
0.0209553
0.0241762
0.326519
0.0205073
0.0204415
0.0213245
0.406476
0.0355005
0.41705
1.85405
0.0250958
0.0227236
0.0205608
0.0897168
0.0203365
0.0203291
0.140316
0.341785
0.420971
0.0204635
0.270237
0.330231
0.0233145
0.470715
0.284148
0.0213357
0.0207179
0.020622
0.020294
0.0230989
0.465173
0.0206229
0.0207137
0.388499
0.0211706
0.0204548
0.0210604
0.0219504
0.0487744
0.746457
0.0212331
0.403347
0.0203043
0.020375
0.0203049
0.230331
0.0203044
0.0205509
0.0206222
0.0262586
0.0196861
0.0204017
0.0203797
0.0202638
0.0203821
0.0213558
0.0209674
0.0213479
0.181316
0.330192
0.375281
0.0240927
0.0204606
0.0874162
0.0239855
0.22135
0.0202072
0.0450319
0.337515
0.0226271
0.0196966
0.0205973
0.44449
0.31378
0.0650214
0.0209705
0.0204011
0.310421
0.0209783
0.0252696
0.418858
0.020421
0.301668
0.0207248
0.0196751
0.0222423
0.0203356
0.346652
0.0222306
0.0275316
0.273594
0.304048
0.021357
0.0206333
0.0246554
0.0210483
0.0236931
0.0202765
0.0257812
0.0645207
0.293745
0.0213201
0.0215397
0.0327503
0.0206646
0.0204742
0.0330575
0.912752
0.0211601
0.0230243
0.328094
0.028094
0.0205843
0.0753527
2.21967
0.0215981
0.0206905
0.587645
0.0215146
0.149171
0.169102
0.0208629
0.465581
0.0213362
0.0207677
0.348507
0.0214499
0.380653
0.0206184
0.020955
0.0231235
0.0213953
0.341872
0.0206326
0.0209781
0.0203836
0.0208843
0.234076
0.05418
0.453254
0.0220397
0.0767822
0.503003
0.0208129
0.337743
0.0245168
0.469998
0.330846
0.0206465
0.102349
0.0340594
0.0211787
0.0368758
0.0207777
0.767728
0.0201677
0.434231
0.0671532
0.0212093
0.330075
0.0221079
0.0213937
0.0576527
0.0204094
0.461661
0.0377312
0.0204009
0.0201965
0.0209997
0.419329
0.0207243
0.0204456
0.338316
0.0226974
0.0203327
0.0202701
0.351592
0.307379
0.0220027
0.578313
0.455072
0.0200288
0.020502
0.0204222
0.0206589
0.354549
0.294182
0.334154
0.0281868
0.0226262
0.0205063
0.0222476
0.0213757
0.0208662
0.020971
0.0214713
0.0255053
0.393255
0.280998
0.0228617
0.0208753
0.260338
0.0203837
0.522056
0.0245098
0.0170037
0.0202907
0.60375
0.042337
0.0205717
0.335621
0.0204019
0.023123
0.02097
0.079299
0.227449
0.246961
0.0227326
0.18357
0.0234364
0.0204537
0.0222195
0.0257395
0.0221453
0.0262742
2.04905
0.0328134
0.0203992
0.0204849
0.0242357
0.22439
0.021054
0.676367
0.573826
0.414013
0.332839
0.0208008
0.0203308
0.326618
0.0209042
0.0222968
0.023235
0.334175
0.0208091
0.0209779
0.0213264
0.377575
0.0205289
0.0209907
0.0203029
0.39001
0.0206777
0.0197899
1.88492
0.0232234
0.0209876
0.0207605
0.0247129
0.0206883
0.0215482
0.0215306
0.020241
2.0596
0.333261
0.0202898
0.0943366
0.0233556
0.020507
0.022376
0.0757185
0.0219443
0.481475
0.0204027
0.0208708
0.0215383
0.382146
0.0204104
0.0208193
0.0296017
1.85215
0.326047
0.0208756
0.453488
0.0232455
0.576815
0.0215149
0.0204969
0.0203248
0.0256827
0.33018
0.347863
0.0203507
0.0295499
2.05377
0.0199047
0.0418808
0.0204989
0.0221204
0.326083
0.020633
0.0306868
0.345934
0.0209922
0.869322
2.32276
0.0202607
0.0762962
0.023438
0.328904
0.0421592
0.0904402
0.0234969
0.0223315
2.04618
0.0210072
0.0209956
0.375542
0.0681012
0.0205562
0.173243
0.802424
0.0271679
0.222486
0.0211091
0.0227852
0.0205622
2.58441
0.0369248
0.0729987
0.020834
0.0311739
0.0203198
0.445367
0.0205827
0.0204157
0.0210326
0.0207963
0.0357135
0.218428
0.0802272
0.0205609
0.0203684
0.0223499
0.020497
0.0205541
0.468203
0.0208333
0.0204994
0.0197268
0.0208979
0.0241067
0.0365345
0.0614125
0.020831
0.0204407
0.0234974
0.286836
0.0209622
0.0205586
0.140643
0.0206912
0.0227747
0.458615
0.0210071
0.380824
0.74309
0.0205958
0.0210585
0.0273157
0.316962
0.0218751
0.566363
0.0204215
0.0240298
0.0256535
0.0208424
0.0214497
0.022627
0.0357467
0.0218341
0.0205238
0.0879036
0.02093
0.0227522
0.571655
0.0215171
0.0206623
0.0215598
0.202903
0.02054
0.0474687
0.0204976
0.0205402
0.0204961
0.0206299
0.0205432
0.0224218
0.404829
0.038884
0.0943724
0.0215785
0.0211457
0.0225728
0.466624
0.331474
0.0207731
0.871429
0.150422
0.0208748
0.0220461
0.0364326
0.02184
0.578038
0.425964
0.019949
0.0205698
0.641161
0.0282972
0.0211436
0.024757
0.578128
0.0748691
0.0170499
0.0203835
0.0217537
0.0205844
0.0881237
0.0203175
0.0204809
0.0526083
0.21135
0.0209202
0.0381176
0.0204552
0.0212236
0.0205683
0.0206699
0.0204168
0.0234314
0.0206729
0.42809
0.547466
0.0206549
0.0206353
0.0282305
0.283983
0.0209757
0.0262686
0.0215047
0.0218851
0.0258992
0.0202765
0.0202958
0.0365886
0.0217788
0.0300126
0.794122
0.0257853
0.0211425
0.0226022
0.0206721
0.0210384
0.0212174
0.184049
0.0232195
0.026367
0.0251974
0.480641
0.0332241
0.0904594
0.432583
0.0208982
0.0206539
0.0206209
0.789751
0.0210114
0.0202534
0.020995
0.0200008
0.0201834
0.0207004
0.294456
0.0216861
0.578804
0.0208767
0.0315214
0.471351
0.0206355
0.0206544
0.791402
0.416676
0.0272184
0.0277752
1.75608
0.0305128
0.22086
0.0206043
0.688951
0.0203738
0.586118
0.0207367
0.0214765
0.020616
0.0234684
0.0205174
0.491087
0.0243563
0.0206475
0.0578443
0.0209942
0.0213101
0.03766
0.578772
0.0213363
0.021214
0.0207708
0.0938371
0.364208
0.0206474
0.0217962
0.0218424
0.0235986
0.413619
0.0204536
0.425485
0.445783
0.019625
0.0275305
0.362225
0.0210939
0.0203184
0.0221812
0.0218743
0.0211534
0.0204465
0.0215714
0.379991
0.812483
0.0207729
0.0255351
0.0210284
0.0205281
0.445014
0.0212608
0.0212235
0.0217017
0.0520239
0.791528
0.0505319
0.0196714
0.281918
0.0329517
0.0207193
0.0355172
0.0204735
0.0819806
0.038028
0.0202902
0.517594
0.0225554
0.0209266
0.020318
0.0206984
0.0204863
0.076253
0.0320691
0.020677
0.0226555
0.021191
0.022711
0.0255618
0.0207128
0.0206362
0.0228651
0.316959
0.0213543
0.600138
0.0202638
0.751375
0.0211015
0.432313
0.586757
0.0267968
0.0211001
0.0204783
0.0207636
0.0288318
0.0207131
0.268239
0.0215694
0.0213491
0.0235307
0.0203181
0.0208083
0.0221737
0.0211536
0.0197601
0.0222685
0.582
0.0206652
0.0209169
0.0208431
0.454313
0.0332611
0.021171
0.583539
0.0205178
0.0392574
0.022652
0.0403404
0.0203476
0.128873
0.228012
0.0206483
0.0205953
0.0936948
0.0640136
0.0206455
0.0242871
0.0203338
0.021187
0.340793
0.0334885
0.0210609
0.0206478
0.0212574
0.341686
0.988584
0.0221641
0.0207564
0.451776
0.0198646
0.333884
0.0206525
0.0273185
0.0208425
0.512178
0.0207494
0.0203695
0.020197
0.0214032
0.557493
0.431121
0.0210227
0.0226002
0.0208626
0.567784
0.0198692
0.0211164
0.0208414
0.256856
0.0211931
0.0211006
0.0207773
0.0210074
0.0211895
0.418015
0.268027
0.0205535
0.0208859
0.020508
0.0212773
0.0219834
0.0222529
0.0211353
0.3371
0.149894
0.0414925
0.0221204
0.0205715
0.0967624
0.406135
0.0210541
0.0212468
0.0239232
0.0292393
0.0218446
0.318421
0.0205191
0.0209224
0.667092
0.0213567
0.0208939
0.373815
0.0210848
0.289653
0.0206956
0.0211283
0.25957
0.298919
0.0276864
0.0588618
0.455358
0.0210938
0.0205167
0.0230241
0.0230328
0.022121
0.0214551
0.0208189
0.0208342
0.0211224
0.0207933
0.746098
0.0223742
0.0208895
0.0214305
0.0299812
0.436283
0.145465
0.577814
0.0249912
0.256073
0.591724
0.0209091
0.0204162
0.0214769
0.0555679
0.0213016
0.0208218
0.0207458
0.239896
0.292358
0.0223219
0.024882
0.019967
0.0214785
0.0208642
0.0208875
0.0220117
0.0210356
0.0272634
0.303694
0.0213822
0.467636
0.510917
0.0200442
0.0210447
0.0209411
0.342096
0.0210766
0.584931
0.0203039
0.02278
0.0208867
0.0203616
0.248496
0.258916
0.0807209
0.0208547
0.345964
0.0209737
0.0213336
0.0202569
0.0201294
0.020513
0.0213162
0.0365186
0.0208344
0.0805229
0.0210847
0.0214288
0.0208498
0.668777
0.477255
0.0386275
0.0242184
0.0213214
0.0208646
0.0211094
0.024418
0.256507
0.0206476
0.0214704
0.381519
0.773432
0.0210552
0.0213305
0.0204999
0.069255
0.0205035
0.0222608
0.0201855
0.0210582
0.0210162
0.0204202
0.0225659
0.0210211
0.0583562
0.0215013
0.973376
0.579357
0.325468
0.0454427
0.0207002
0.0205325
0.0266541
0.024139
0.020629
1.14505
0.0206459
0.0247038
0.0626724
0.727824
0.0204856
0.996554
0.0209739
0.0214643
0.0218634
0.0248176
0.0216563
0.0208866
0.341329
0.0207367
0.0209961
0.0213491
0.137696
0.0209406
0.286069
0.0215352
0.345425
0.0202654
0.0211468
0.0210057
0.0209195
0.0206417
0.0206288
0.0337953
0.12001
0.548643
0.0284545
0.783274
0.0210751
0.71502
0.0211777
0.0260505
0.0204343
0.0233
0.337891
0.0212682
0.020291
0.0214534
0.0211405
0.0204184
0.533256
0.0217314
0.0646141
0.0220681
1.23775
0.0214891
0.0240751
0.0211176
0.0205529
0.0206961
0.0209631
0.026398
0.093836
0.0208842
0.0213423
0.460124
0.0213019
0.0212086
0.479003
0.0206413
0.0213575
0.285402
0.569468
0.0210387
0.55255
0.641142
0.201767
0.0209498
0.0211526
0.020965
0.0211451
0.377981
0.0210667
0.0204478
0.0211855
0.193449
0.0212797
0.0219233
0.0214709
0.0207631
0.0209564
0.0212298
0.0222328
0.540155
0.0258732
0.0200559
0.03217
0.024058
0.0366283
0.02085
0.0248343
0.0211416
0.020849
0.329883
0.0224593
0.0212286
0.0436545
0.0204504
0.0208553
1.12168
0.0212133
0.0220674
0.0214645
0.0205271
0.238229
0.0224418
0.0212074
0.673063
0.371156
0.0212683
0.0217627
0.0213246
0.0207868
0.0201051
0.0206692
0.306502
0.311567
0.0467804
0.0212486
0.0211867
0.0405334
0.128232
0.412829
0.0224913
0.319099
0.791653
0.0224346
0.0235088
0.0231353
0.224878
0.0328155
0.0218027
0.021485
0.0204878
0.0210721
0.496097
0.342136
0.0200401
0.914231
0.0208536
0.0212716
0.0326
0.0213387
0.0215177
0.0203888
0.0211059
0.671058
0.0314455
0.0225406
0.0230373
0.0202927
0.747821
0.397547
0.0294371
0.25795
0.0211763
1.16291
0.036805
0.0206661
0.346894
0.023531
0.0211519
0.0197359
0.0952137
1.22861
0.0238721
0.104367
0.278415
0.022218
0.0205005
0.0225635
0.0213135
0.198651
1.02049
0.0214868
0.0202379
0.332969
0.507485
0.0241871
0.794102
0.0204282
0.0215048
0.697244
0.0212875
0.236199
0.0214183
0.321114
0.0377683
0.0326332
0.0203282
0.0204615
0.768574
0.0206559
0.28716
0.0213921
0.0214323
0.0210972
0.496053
0.280005
0.0868976
0.782423
0.701573
0.0204636
0.342018
0.0236339
0.0209083
0.180289
0.794231
0.0222476
0.0204162
0.25967
0.18512
0.0249947
2.45832
0.0214074
0.585431
0.745126
0.0206296
0.48879
0.0212387
0.0210247
0.0211129
0.020643
0.0219864
0.311905
0.023384
0.0202615
0.283849
0.0212912
0.0204082
0.510645
0.020629
0.02431
0.0210037
0.608629
0.0212645
0.0210529
0.0205568
0.332775
0.448252
0.104229
0.02109
0.683476
0.386869
0.0209612
0.0208324
0.0210954
0.0930412
0.0228471
0.779287
0.0241845
0.0552061
0.021395
0.963613
0.145513
0.0273065
0.0213594
0.022344
0.0210358
0.0208536
0.0211467
0.0208254
0.0993971
0.0202768
0.0203666
0.0211893
0.0214081
0.0954253
0.0210977
0.0212725
0.724308
0.0211234
0.718471
0.0211399
0.0206813
0.561324
0.020867
0.0208356
0.0231623
0.0324968
0.0227863
0.0210488
0.0211085
0.564501
0.7909
0.331912
0.0212252
0.0212235
0.0203772
0.022363
0.0218697
0.399357
0.0212987
0.0210699
0.0222256
0.0212243
0.78938
0.0211576
0.298068
0.0237164
0.0298113
0.0238609
0.211642
0.0210099
0.0410494
0.067662
0.0213852
0.0846249
0.721478
0.463861
0.279291
0.0269189
0.30606
3.19105
0.0205413
0.217298
0.0211612
0.0205052
0.0199413
0.170141
0.0211182
0.0206682
0.0211308
0.0211052
0.0215133
0.225039
0.141267
0.0208531
0.0196433
0.0212367
0.0212016
0.0227581
0.0216129
0.0212465
0.464182
0.02231
0.403825
0.0211219
0.0211676
0.0211958
0.0213551
0.0226916
0.0685825
0.0211844
0.0213803
0.0213164
0.0232584
0.0416942
0.0248309
0.0207563
0.0219833
0.290599
0.31177
0.0211307
0.656342
0.0229534
0.0211735
0.788103
2.06384
0.021152
0.0212646
0.0209525
0.0204668
0.0326883
0.302848
0.0214092
0.255371
0.0217257
0.0637739
0.76339
0.0213893
0.0220683
0.0206738
0.0205335
0.457177
0.312663
0.0211883
0.0202754
0.401354
0.389333
0.0211588
0.0211696
0.0241208
0.0306296
0.0212737
0.0214518
0.0223375
0.02138
0.0207991
0.0212891
0.0212906
0.0252239
0.0201003
0.0198527
0.0219376
0.0204061
0.0753189
0.0218644
0.212113
0.0251235
0.0204857
1.22995
1.02781
0.0213329
0.342278
0.0211404
0.0763452
0.0203552
0.0213603
0.319583
0.0289298
0.0206895
0.0211643
0.355685
0.0213928
0.0265382
0.0205555
0.0213885
0.0212097
0.0213635
0.0205882
0.0220386
0.020852
0.570143
0.0205522
0.0213829
0.0249398
0.0211882
0.390914
0.021289
0.0988541
0.0255409
0.08291
0.0740127
0.0213631
0.0211152
0.0215372
1.24126
0.0214179
0.0212017
0.020613
0.146762
0.0206768
0.395492
0.0212645
0.895864
0.0212735
0.330427
0.0202435
0.0214942
0.0216377
0.312168
0.0398177
0.0211213
0.0220368
0.569755
0.0218654
0.0827032
0.0211302
0.020842
0.0360888
1.14216
3.10512
0.0206902
0.0413731
0.020208
0.0213922
0.0805843
0.0217591
0.31766
0.0213043
0.0203683
0.0204578
0.0212253
0.755578
0.257484
0.021199
0.0219072
0.0203508
0.0200529
0.0207117
0.0222611
0.0236322
0.0204118
0.0629999
0.0594761
0.0234517
0.0227669
0.321889
1.17334
2.78525
0.0249205
0.0225407
0.0208728
0.11913
0.0637761
0.0221257
0.0212188
0.0331337
0.0214022
0.0208351
0.935057
0.32373
0.0228788
0.0206602
0.0206574
0.095493
0.021581
0.260844
0.0258142
0.698593
0.0211088
0.0207624
0.0212634
0.262724
0.0481645
0.0229641
0.0210913
0.0436423
0.570225
0.0215284
0.0547819
0.0220925
0.0306108
0.0209127
0.0212214
0.368066
0.0205952
0.021224
0.0212104
1.16874
0.05432
0.0212412
0.0205615
0.408282
0.0657676
0.0202467
0.0233074
0.942679
0.046652
0.0239893
0.0208604
0.0204728
0.0209338
0.4314
0.264835
0.0590563
0.0215225
0.0223187
0.040471
0.0212511
0.0213808
0.0358369
0.617474
0.0701207
0.0212769
1.16403
0.0333376
0.031634
0.0214337
0.170516
0.0213403
0.0432022
1.06197
0.021833
0.0327124
0.340089
0.0208763
0.113369
0.0212613
0.0249805
0.0223266
0.0226184
0.303466
0.169648
0.0235528
0.0214489
0.105119
0.0827224
0.0215453
0.0214234
0.0210779
0.020619
0.0352265
0.0229702
0.0225579
0.0226295
0.044886
0.0211055
0.0222276
0.0240737
0.0208355
0.0426669
0.0204662
0.0238466
0.661796
0.0201534
0.0227885
0.745279
0.0203369
0.0339149
0.41156
0.0323315
0.0299762
0.555532
0.0367678
0.0379054
0.0206853
0.0244356
2.56188
0.0206865
0.348854
0.0427009
0.0206701
0.0495749
0.0211992
0.0693804
0.0208987
0.041319
0.65856
0.0494078
0.0202391
0.0205912
0.0201552
0.0252196
0.729838
0.0234129
0.0227552
0.0340193
0.0211901
0.0214361
0.0602446
0.0569941
0.0574863
0.0262015
0.0213526
0.405211
0.0213823
0.0379809
0.0212883
0.0212979
0.0213253
0.0209052
0.779179
0.324277
0.0211626
0.02167
0.0213329
0.00891338
0.0358104
0.0204411
0.0270876
0.0221874
0.0208864
0.0613319
0.023903
0.0204718
0.0667037
0.561344
0.0239616
0.0210301
0.559244
0.0206196
0.0244642
0.0210189
0.0213118
0.021228
0.0917923
0.0211179
0.0208979
0.0214581
0.0213833
0.0253139
0.0218753
0.112426
0.0402959
0.0198463
0.429812
0.0979536
0.329584
0.0261912
0.0201829
0.306054
0.0212815
0.0381003
0.0210562
3.3486
0.0221206
0.0214528
0.0240352
0.051907
0.047165
0.0226454
0.329718
0.511161
0.550533
0.0213438
0.0214778
0.317413
0.0818426
0.021373
0.0210885
0.0213453
0.0214339
0.0215159
1.67012
3.15033
0.0405255
0.0212887
0.0200549
0.0211875
3.45411
0.0216826
0.0204483
0.0280167
0.021387
0.0211315
0.391848
0.0214014
0.0205732
0.0227041
0.639855
2.76482
0.0219248
0.0211201
0.550859
0.0204529
0.0252518
0.475713
0.0768641
0.0214315
0.0204305
0.780021
0.0224398
0.433413
0.0432748
0.0263207
0.0206659
0.0203511
0.0213235
0.0216877
0.238683
0.0617159
0.0411312
0.0282564
0.0270708
0.0312567
0.0600055
0.0208738
0.983366
0.0302341
0.0208789
0.0200856
0.0197498
0.021299
0.0271324
0.0444373
0.0240205
0.0296284
0.0214107
0.0217539
0.0247456
0.0209234
0.0237301
0.0207708
0.0203828
0.0683294
0.0403653
0.0223675
0.0207792
0.695501
0.0443687
0.0232956
0.0200631
0.0218336
0.0305172
0.0211443
0.0312421
0.0505629
0.049556
0.0214705
0.0197379
0.401385
0.0216025
0.0230184
0.0282267
0.0218198
0.401363
0.0218104
1.21935
0.0204316
2.86538
0.0211346
0.0211871
0.0213361
0.0214251
0.0318311
0.0220645
0.0903458
0.021484
0.0211114
0.0213509
0.113595
0.134008
0.021328
0.0213735
0.0285846
0.0211878
0.0217021
0.0214436
0.0619037
0.0221993
0.0211384
0.0214002
0.0325725
0.0219632
0.0213131
0.0213541
0.0211999
0.0203449
0.0300219
0.0213583
0.701034
0.0214323
0.0530042
0.29756
0.520678
0.0226217
0.0214786
0.0211164
0.0207361
0.0234788
0.0571871
0.0213549
0.0213057
0.021044
0.0212681
0.0208895
2.24736
0.0202244
0.0459847
0.127698
1.99557
0.0213456
0.0203245
0.326132
0.0338422
0.0200311
0.0510219
0.544424
0.026165
0.0213601
2.17153
0.0226497
0.273551
0.0213272
0.0241407
0.034682
0.351606
0.0231944
0.0281503
0.0211646
0.0317494
0.0231103
0.0210262
0.0677625
0.933663
1.62068
0.481679
0.0213539
0.0227205
0.0202001
0.0211057
0.0197712
0.022125
0.297615
0.0384026
0.0218065
0.0206072
1.78928
0.0235718
0.0213723
0.0215968
0.0212765
0.4191
0.0214623
0.318119
0.388437
0.0213119
0.162172
2.08679
0.0207263
0.0204571
2.16424
0.022527
0.0233269
0.0212078
0.0227701
0.0237038
0.0240518
0.0213537
0.0216235
0.02139
0.0574852
0.414755
0.0205197
0.0209173
0.0206189
0.0199548
0.0850676
0.323718
0.0219039
0.0214125
0.0474744
0.100487
0.0197355
0.0227905
0.0217334
0.0213526
0.0871829
0.0203357
0.02272
0.0286993
0.0207846
0.021325
0.0197226
0.932638
0.0339895
0.0376533
0.304274
0.176689
0.0304736
1.83469
0.0205733
0.021349
0.0197362
0.0911218
0.0355834
0.057429
0.319683
1.80442
0.0224212
0.094174
0.0203585
0.0214647
0.0276442
0.314951
0.0211259
0.021779
0.295355
0.0227557
0.0214683
0.041284
0.0213918
0.031198
0.0235125
0.0211898
0.0215804
0.0224481
0.0210658
0.0214468
0.0199565
0.470179
0.460396
0.021086
0.387209
0.0225463
0.0679666
0.0217327
0.732206
0.0233759
0.255161
0.0214374
0.0437126
0.0213995
1.03706
0.0212953
0.0211882
0.0213039
0.0233273
0.0204486
0.0213427
0.0269288
0.117037
0.0214887
0.0214046
0.0212347
0.702622
0.120446
0.0214337
0.0214194
0.0261309
0.0219526
0.0218683
0.445835
0.0291767
0.0341562
0.554048
0.0219542
0.0210477
1.81795
0.0199359
0.278538
0.578957
0.293022
0.0209405
0.0246717
0.0988025
0.0207729
0.0244861
0.0212756
0.0219222
0.0216612
1.78498
0.021286
0.0202276
0.0212354
0.0211986
2.4913
0.0318072
0.0200814
0.0201521
0.149357
0.0205856
0.0239861
0.473385
0.424457
0.0199391
0.489122
0.0224308
0.020466
0.0227144
0.0327678
0.0218495
0.0202432
0.0216838
0.249837
0.0202285
2.34569
0.0200468
0.0211893
0.0211886
0.0218785
0.385453
0.0213882
0.0206067
0.0224357
0.0217252
0.0224139
1.01558
0.0209579
0.145368
0.0718746
0.0224717
0.0204535
0.291057
0.156065
0.0212993
0.0235974
0.0217885
0.0212608
0.0212826
0.020433
1.85096
0.0259751
1.78566
0.139087
0.0213578
0.0230861
0.258227
1.92401
0.0208886
0.0198455
0.165289
1.87016
0.0621363
0.0199338
0.021186
0.0216155
0.021305
0.0236974
0.483073
0.0200659
0.0203853
0.0212761
0.0199232
0.148471
0.0248068
0.0212023
0.603145
1.84458
0.0211716
0.0207365
0.0274769
0.0994098
0.0207384
0.020442
2.55609
2.34856
0.297164
0.0202146
0.0198805
0.0211648
0.0272986
0.0670085
0.386064
0.020434
0.540652
0.0213197
0.0212176
0.0208371
1.1463
0.0670754
0.0218821
0.490034
0.0627377
0.0943791
0.0923009
1.67803
0.0217545
1.73108
0.0319867
0.0204337
0.0217666
0.0216835
0.33674
1.8926
2.44612
0.0209311
0.323854
1.26852
0.118384
0.0213756
0.0213072
1.95115
0.0584557
0.0745006
0.0214763
1.89803
0.0207011
0.0212486
0.0209957
0.0202325
0.0207897
1.87161
0.0428111
0.0212192
0.0212057
0.0585884
0.0221482
0.0213246
0.0258581
0.020372
0.0240304
2.06513
0.0214419
0.308446
0.0212564
1.08906
0.0212373
0.020482
0.394808
0.100572
0.227539
2.95981
2.24733
0.0302133
0.0213077
0.315144
0.0213782
0.225947
0.0202909
0.0211354
0.0215517
0.0211939
0.0211524
2.61665
0.0217302
0.020448
0.319973
0.068081
0.0196276
0.0196923
0.020875
0.0206312
1.87154
0.280808
0.0213823
2.64703
0.0216223
0.0213309
0.0213919
0.0213694
0.428625
0.0213521
0.0227357
0.0233671
0.0226087
0.0218341
0.0211755
0.021244
0.0211194
0.0217699
2.12987
0.0217441
0.0214413
2.90392
0.0212435
0.293426
0.289832
0.020154
0.0249091
0.0995202
0.0353633
0.0878477
0.0206576
0.196906
1.10724
2.31504
0.0203107
0.0832899
0.0397521
0.030258
0.15832
0.0213853
0.021541
0.0213386
0.0373996
0.322462
0.0636058
0.034223
0.0202127
0.32141
0.021303
3.59234
0.0227304
0.0327981
0.0216951
0.347026
0.0213164
0.085148
0.0201895
0.0226698
0.091289
0.468265
0.0214128
0.149771
0.020964
3.42856
0.285163
0.069519
0.0353436
0.021211
0.38933
0.0357833
0.0619925
0.0359309
0.0208535
0.0203412
0.0209409
3.03363
0.0214208
0.566779
0.0214506
0.0203437
0.02092
0.0226117
0.0205767
0.501707
2.03904
0.382028
0.0205016
0.0216439
0.0431907
0.0213659
0.0217664
3.01614
2.14399
0.301001
0.0214018
0.101765
0.0407665
0.0401925
0.0541683
0.0220378
0.0214847
0.021373
1.77881
2.40851
0.0214319
0.0215778
0.0214014
0.0205654
0.0223729
0.570207
0.0643311
1.90706
0.0214606
0.276994
0.0594246
0.0833288
0.0548634
0.0506351
0.0504326
0.0207725
0.0257228
0.0316642
0.750281
0.0213702
0.0251841
0.204096
0.0693874
0.294575
0.0561007
0.275885
0.0210383
0.448659
0.0757971
0.0323984
0.0213018
0.0326524
0.021327
0.0313379
0.0438631
0.0280286
2.81857
0.0197777
0.022014
0.021175
0.0384602
0.0502509
0.0247122
2.73474
0.349163
2.2889
0.0816748
0.0231478
0.0212353
0.0198692
0.021121
0.0343113
0.0881425
0.0214546
0.0236475
0.180388
0.0214683
0.0215194
0.0942722
0.0223806
0.0383093
0.0608264
0.306278
0.470738
0.3178
0.0205659
0.0537381
0.0243452
0.0606866
0.0229267
2.07671
0.0689728
0.488524
0.0366821
0.0640361
0.730595
0.240774
0.040405
0.063952
0.02134
0.0219331
0.020585
0.0273546
0.0204514
0.0589643
0.0219557
0.0544234
0.0550753
0.0207517
0.349629
0.0213908
0.0212326
0.0794642
0.391494
0.392722
2.26962
1.99061
0.0213535
0.021454
0.121875
0.021156
0.314268
0.0222799
0.0203716
0.0236097
2.14065
1.87917
0.024426
0.0204962
0.385682
0.0216019
0.366232
0.288495
0.0204523
0.0201304
0.0211078
0.0211775
0.0225173
0.0207908
0.0212858
0.0941075
0.0623481
0.0226696
0.020181
0.0200416
1.09084
0.0205509
0.0205633
0.0212515
0.0387078
0.0212098
3.10409
0.02586
0.0225583
0.02203
0.387948
0.0937032
0.0309521
0.0233077
0.0409636
2.1298
0.0210339
0.0198259
0.0251349
2.14529
0.0731278
0.0236642
0.0785483
0.111618
0.0208079
1.18625
0.287088
0.0198923
0.0228483
0.109851
2.54395
0.0219325
0.0210746
0.0221396
0.0343501
0.021502
0.0208867
0.0211636
0.0298929
0.0712462
2.91891
0.0233174
0.0218763
0.0203603
2.3528
0.0208695
0.022328
0.0215424
0.0236261
0.0901165
0.0198691
0.023276
1.88895
0.0233334
0.021069
3.11875
0.021246
0.144645
0.352627
0.174302
0.022692
0.0208
0.425242
0.0211613
0.0245286
0.0213687
0.766662
0.633095
0.0214627
0.0230021
0.486277
0.348803
0.0571563
0.322804
0.0233499
0.0208102
2.14861
0.0212115
0.0643807
0.0214807
0.0202252
0.0223137
0.0843295
0.0212674
0.0224615
0.0198005
0.0199722
0.384515
0.0212688
0.0207667
0.021317
0.0210535
0.0241035
0.0756821
0.0219142
0.0207418
3.62347
0.234851
0.433643
2.24053
0.021143
0.0205307
0.0296354
0.139602
0.345735
0.020197
0.0323216
0.0213052
0.0310773
0.297994
0.0217089
0.0217925
0.0229631
2.06679
0.0214887
0.567238
0.0206914
0.1495
0.0512879
0.0733981
0.427095
0.0207494
0.0203427
0.145049
0.0200291
0.0217356
0.0202916
0.447064
0.0210205
1.81247
0.0866827
0.0574009
0.0197219
0.103016
3.37812
0.315423
0.0206297
0.0228037
0.0204655
0.465346
0.0209733
0.94301
0.0211674
0.0213121
2.03355
0.0213694
0.0209352
0.020758
0.666167
0.0234245
0.0200102
0.0861515
0.0226231
0.0202458
0.093628
0.623138
2.29374
0.0210069
0.0212014
0.021191
0.0359475
0.0197529
0.021236
0.0230903
2.07479
0.533332
0.0231227
0.706003
0.0219534
2.95844
0.0762779
0.217912
0.0442774
0.0243754
0.0216424
0.781052
0.0211332
0.711672
0.314213
0.0851401
0.206163
0.0198733
0.10035
0.0211418
0.0212656
0.0212482
0.0347599
0.0461066
0.0264461
0.0209427
0.0200993
0.148159
0.0211739
0.321696
0.565664
1.07292
0.0212973
0.0328957
0.0198962
0.0205618
0.293555
0.0222496
0.0212858
0.0209076
1.01783
0.10258
0.169961
0.310867
0.0336471
0.125303
0.428679
0.308141
0.0256832
0.0212525
0.0211933
0.0206032
0.0209613
0.0202313
0.0245348
0.0220079
2.64155
0.0218537
1.06689
0.0208225
1.95817
2.23157
0.0323899
0.0213459
0.327466
0.0200688
0.020016
0.0214034
0.832766
0.28737
0.0789801
0.0203694
0.0199208
0.0218007
0.142199
0.020989
0.0277992
0.178005
0.414719
0.0253103
0.0214495
0.0227903
0.432968
0.219303
0.0214275
0.0311694
0.0643138
0.0272245
0.0207845
0.0211678
0.227505
0.0227259
0.0242963
0.425836
0.107981
0.0207695
0.697535
0.0208309
1.79937
0.0200466
0.0206725
0.0197468
0.024305
0.0200394
1.84236
0.958951
0.39294
0.0216081
0.0214848
0.0461627
0.0211642
0.0203424
0.0212708
2.51767
0.0420658
0.021981
0.021748
0.288627
0.0255112
0.757483
0.0205626
0.255547
1.97389
0.0235597
0.0702501
0.16771
0.0215905
0.14052
0.0204366
0.0261773
2.51967
0.0220114
0.0357801
2.13085
0.0209813
0.0202846
0.021578
0.145438
0.0210962
0.0212018
0.0236768
0.276185
0.100019
2.72917
0.0373146
0.0212588
0.0235817
0.02005
0.0212003
0.0218993
0.0209522
0.0218036
1.97105
0.0211769
2.96115
0.0237723
0.0840225
0.0217873
0.0200764
0.0208677
0.0266257
0.0214107
0.095902
0.03675
0.0224854
0.343592
2.8219
0.0772449
0.0211668
0.046645
0.0211563
0.0215006
0.0197438
0.0205628
0.0234922
0.0508671
0.0273174
2.45832
0.328573
0.729711
0.0213092
1.73676
0.00975244
0.0202647
0.0208497
0.0196165
2.78158
0.262205
0.0501013
1.15864
0.022578
0.0218309
0.0213448
0.953554
0.0543315
0.210641
0.245341
0.0239953
0.0862114
0.0676032
0.0292299
0.0210924
0.264667
1.66929
0.0215647
0.0342005
0.0208857
0.197541
0.0205873
2.36028
0.0326678
0.0210635
0.0229175
0.0401009
0.0208205
0.0213947
0.0207277
0.190047
0.0380893
0.0214619
0.0198939
0.0293069
3.07182
0.0220675
0.0251594
0.0199436
0.0204432
0.0221709
0.432948
0.020092
0.0228665
0.0764392
0.0210894
0.161221
0.0209715
0.021063
0.0880941
0.0197315
0.0207852
0.0206365
0.0340669
0.296827
0.0217291
0.30279
0.0208536
0.0326756
0.102854
0.0203431
0.289792
0.026549
0.0201421
0.0209613
0.0214138
0.466092
0.0219988
0.0205728
0.022307
0.0232765
0.0214513
0.550552
0.0297809
0.474928
0.0212983
0.0861597
0.0212679
0.341253
0.326126
0.0212953
0.0213739
0.0316908
0.0209647
0.0208172
0.703876
0.0200236
0.0213649
0.0222932
0.024545
1.02436
0.0283576
1.16352
0.0530057
0.0235889
0.297412
0.0198999
0.0199338
0.322214
0.541612
0.0342514
0.0208488
0.0211774
0.0209626
0.0231269
0.571789
0.0651794
0.0240288
0.0209085
0.0202289
0.0283111
0.0210397
0.0196495
0.40978
0.0209315
0.695572
0.0224023
0.0211767
0.6702
0.0266161
0.0234023
0.0620566
0.274903
0.0213632
0.0205648
0.0199462
0.0316132
0.0213868
2.87113
0.0207369
0.0215513
0.0210887
0.0213555
0.289029
0.348334
0.0226479
0.0211027
0.0212926
0.0210521
0.25463
0.0266693
0.0210066
0.0728173
0.0208309
0.0203534
0.0210987
2.03944
0.0530734
0.104436
0.334435
0.025603
0.546174
0.0201415
0.0601862
0.0207611
0.337515
0.0211388
0.288087
0.0208827
0.0210725
0.0250212
0.0205795
0.222528
0.0210042
0.0203754
0.186902
0.0212385
0.0214344
0.431656
0.306986
0.0203032
0.286695
0.0209772
0.0137121
0.0231854
0.0283369
1.83857
0.0208199
0.285472
2.49939
0.0544248
0.0224845
0.0209108
0.102926
0.0326304
0.0198943
3.08864
0.0217967
0.0213901
0.0212135
0.0203112
0.0253077
0.0207675
0.0212833
0.357513
0.250326
0.0210609
1.47924
2.81335
0.77215
0.0207897
0.0208478
0.347709
0.0212364
0.02128
0.106214
2.01411
0.0325432
0.19793
0.0214132
0.0200656
0.912163
0.338085
0.0215399
0.0298089
0.044541
0.0288801
0.445076
0.0571559
0.0208828
0.0226311
0.0199337
0.0210383
0.0244369
0.0257521
0.347209
0.817455
0.0225796
0.0626222
0.0211066
0.0275681
0.304346
0.0215632
0.0203304
0.204572
0.0206317
2.46659
0.0208096
0.0213393
0.0290862
0.0207575
0.0234602
0.0208812
0.0237001
0.0430312
0.0482735
0.0498773
0.0217131
0.0208338
0.25801
0.0219294
0.0212866
0.0208657
0.0445706
0.0211426
0.220718
0.0360564
0.0208193
0.0218582
0.0197723
0.0212439
0.0208315
0.308625
0.288721
0.030978
0.020728
0.0710706
0.0203778
0.0212724
0.0417012
0.0505444
0.0312031
0.078698
0.0209177
0.0209158
0.321288
0.0222134
0.0205894
1.41883
0.456522
0.0213436
0.0302624
0.0216767
0.0211388
0.0655657
0.0213861
0.0211193
0.0897134
0.447121
0.0235933
0.0212297
0.0470246
0.0200459
0.331409
0.0215656
0.0312473
0.380801
0.0465436
0.308194
0.0211494
0.0221607
0.0221751
0.0210599
2.28539
0.0216503
0.0282698
0.0209544
0.0221476
0.0203206
0.0238167
0.0364383
0.270532
0.0238216
0.0208839
0.0207355
0.316428
0.109629
0.33272
0.0216828
0.0212918
2.65642
0.0217323
0.0211449
0.0213418
0.0208627
1.85364
0.0236435
0.0210457
0.751925
0.0200357
0.0215519
0.0211056
0.0207151
0.0360717
0.0211622
0.0205791
0.0210339
0.0212777
3.50135
0.0209848
0.218452
0.0235214
0.0200887
0.0230114
0.02263
0.43024
0.0265372
0.0208043
0.23225
0.021199
0.176267
0.0254405
0.0204431
0.0219557
0.478034
2.38294
0.0869624
0.0199992
0.0209071
0.0626643
0.0237831
0.0233656
0.0857083
0.0205778
0.0204934
0.0224124
0.029606
0.0206446
0.0473178
0.0298708
1.10531
0.0707049
0.271707
0.0207815
0.0396838
0.0200111
0.0260547
0.02713
0.0230415
0.021033
0.924869
0.0332939
0.0199272
0.0211434
0.0207455
0.0218951
0.0200986
0.0213793
0.955555
2.65289
0.0209407
0.305594
0.159615
0.053552
0.0225413
0.219907
0.0211806
0.0212219
0.0200319
0.0490342
0.0265816
0.0213004
0.0199567
0.412313
0.0205801
0.023438
0.0202599
0.305633
0.39381
0.762029
1.09393
2.45845
0.0215134
0.0237948
0.337213
0.0210985
0.0201966
0.0932471
0.0237679
0.0219138
2.07572
0.0229471
0.0229016
0.0212114
0.707619
0.0208689
0.023424
0.0200729
0.0582049
0.0347069
0.0199467
3.10837
3.59554
0.322401
0.021097
0.0207516
0.0198076
0.0206358
0.0209623
0.302004
0.0195972
0.0197091
0.0474476
0.0212115
0.0222096
0.0225961
0.0211541
0.432798
0.0273083
0.0213594
0.0201167
0.0219298
0.139932
0.0214263
0.0772618
0.0202101
0.0266222
0.0296375
0.0210803
0.0205804
0.0233811
0.0216901
0.0242287
0.0317111
0.0198196
0.35291
0.515893
0.0216138
0.0211314
0.0212682
0.0223183
0.0259147
0.0339003
0.0207029
0.0337635
3.47174
0.0214138
3.24332
0.253675
0.0210379
0.210907
0.0206913
0.0216002
0.105814
0.202815
0.0212899
0.444984
0.0200004
0.0246998
0.0216636
0.131854
0.0211679
0.0286597
0.0200951
0.0225168
0.0226265
0.0311712
0.0211755
0.0204271
0.0215701
0.0205298
0.0200474
0.0317156
0.0462052
0.022474
0.030422
0.204609
0.352782
0.243746
0.0224389
0.0213425
0.0201173
0.0318975
0.949193
0.0210467
0.292545
0.290285
0.0213582
0.0213937
0.427987
0.0210138
3.33476
0.0198753
0.0225812
0.0246143
0.0205605
0.0233203
0.0206084
0.21384
0.0196429
0.0270971
0.027145
0.0215763
0.0207452
0.316683
0.020745
0.0240529
0.0232787
0.0229187
0.0227926
0.0199487
0.0201137
0.442943
0.0221572
0.0199953
0.363341
0.0561241
0.164981
2.64476
0.300548
0.0199119
0.258491
0.0360936
0.200065
0.0200702
0.0231101
0.394503
0.0241168
0.0202248
0.53018
0.0211058
0.0210917
0.28953
0.0203812
0.0612298
0.0225861
0.156121
0.102311
0.0747787
0.0841639
0.0216048
0.360021
0.0227053
0.212534
0.0212642
0.0198688
0.0228446
0.0229412
0.0475145
0.0221145
0.0200581
0.0210794
0.241369
0.0207771
0.0225474
0.0214174
0.0311215
0.0234941
0.0223262
0.0296748
0.0218317
0.485342
0.0287227
0.0208027
0.0202889
0.970451
0.0289539
0.0214743
0.0221223
0.0226486
0.431058
0.0218894
0.51809
0.0210281
0.108313
3.41528
0.0206155
0.42801
0.023581
0.0236442
0.0291461
0.0214525
0.0212716
0.0210778
0.260774
0.0207146
0.844706
0.379839
1.0147
3.36617
0.0216954
0.353729
0.0212851
0.232653
0.0199124
0.0327244
0.021375
0.0209429
0.0219923
0.0212424
0.508747
0.0470486
0.0235542
0.0208654
0.0815523
0.0648537
0.0229252
0.0225544
0.0214203
0.0217305
0.0208409
0.0224128
0.0379534
0.0323804
0.0210002
0.0214027
0.0237505
0.0388519
0.0268627
0.023288
0.0206608
0.020275
0.0582745
0.0209675
0.0198065
0.0211018
0.166565
0.255304
0.0217534
0.0197967
0.0198331
0.364644
0.0206366
0.021094
0.0691026
0.0249252
0.0213699
0.0536938
0.0789019
0.0207134
0.0344579
0.0213772
0.0275267
0.026237
0.0208566
0.0210835
0.0216561
0.323286
0.0202927
0.0224748
0.0347109
0.0209289
0.0376152
0.0214202
0.0212539
0.25179
0.27795
0.0201364
0.0227648
0.0766203
0.0203552
0.0209462
0.0207767
0.0750271
0.0302972
0.0217157
0.738921
0.0212023
0.0216681
0.0212352
0.414097
0.0325443
0.0513657
0.0655792
2.39931
0.045314
0.0200398
0.656008
0.0213935
0.0234215
0.185408
0.0220322
0.425143
0.0212923
0.514377
0.0211073
0.0199163
0.0230729
0.0198239
0.952378
0.0214225
0.0209133
0.0215676
0.0213919
1.00318
0.168212
0.0211532
0.0478403
0.0211986
0.375445
0.0236061
0.0230125
0.789813
0.0233719
0.0342851
0.27829
0.0230288
0.371133
0.0752494
0.0207985
0.0224317
0.0208666
0.0210597
0.0222558
0.0210514
0.0212289
0.0225552
0.021572
0.0270949
0.0412056
0.200384
0.0524667
0.325156
0.0210772
0.0213701
0.022504
0.0288252
0.0231209
0.0212315
0.381445
0.0651639
0.0202491
0.0518416
0.0222392
0.0214017
0.0250538
0.0210901
0.0251826
3.625
0.39681
0.0213547
0.0230352
0.0202185
0.244655
0.0482529
0.0223059
0.0221509
0.0313353
0.0220828
0.0266706
0.0197828
0.555343
0.0217195
0.213086
0.0516017
0.0207844
0.0210848
1.03573
0.0216592
0.045591
0.753956
0.0220863
0.0206618
0.127958
0.020762
0.356378
0.0216047
0.0210938
0.0213169
0.0229857
0.54607
0.0303091
0.0202815
3.53368
0.0225479
0.0200169
0.0213281
0.295858
0.0199914
0.0217226
0.0243546
0.0211596
0.0210487
0.019861
0.0225232
0.024374
0.0205685
0.0292934
0.0304757
0.0317434
0.0208914
0.744009
0.0220567
0.0225156
0.0224668
0.0220222
0.0210967
2.51151
0.0211149
0.0210843
1.621
0.0208219
0.021156
0.0216823
0.0739769
0.019898
0.0207493
0.326577
0.0223564
0.0216858
3.31311
0.119872
0.0201206
0.0242237
0.0980311
0.0210741
0.0202638
0.955477
0.105417
0.359155
0.0208283
0.0212723
0.0210473
0.0919165
0.0216698
0.346808
0.0222195
0.0224603
0.0210138
0.0199256
0.185717
0.0250704
0.0211805
0.0202619
0.254748
0.0220532
0.541288
0.0236195
0.0202605
0.0214391
0.245244
0.0492695
0.171001
0.0300694
0.0209855
0.0207893
0.16835
0.436469
0.0210706
0.058751
2.51292
0.0199778
0.02033
0.0273825
0.236957
0.0263424
0.0219641
0.104863
0.0208828
0.0237434
0.310872
0.021657
0.0815641
0.0213648
0.0836113
0.0211224
0.0226622
0.0209465
0.959965
2.55751
0.0210929
0.0250837
0.37611
0.0232486
0.0214088
0.020755
0.0207848
0.0223891
0.0414656
0.0203668
0.228575
0.0238144
0.0207691
0.0281564
0.0209752
0.228348
0.0213215
0.334664
0.0209953
0.0211577
0.030162
0.0204841
1.71934
0.858507
0.687549
0.614951
0.743971
3.50884
0.683749
0.0212333
0.0203303
0.0210651
0.0211403
0.0211732
0.0203561
2.50962
0.0211671
0.28928
0.108976
0.0209329
0.0213839
0.298441
0.951198
0.100418
0.214668
0.0203349
0.0209286
0.0287208
0.0210307
0.0211309
1.80206
0.0201301
0.0213972
0.0483636
0.0210721
0.609579
0.0213745
0.020788
0.0220414
0.0216426
0.114848
0.382423
0.0212062
0.0215061
0.0224704
0.0292328
0.0222288
1.89306
0.0323182
0.0209496
0.0225049
0.021187
2.38613
0.0200708
0.0248772
0.335336
0.0212781
0.0210208
0.360005
0.0335751
0.0212004
0.0208033
0.514094
0.0358201
0.0220342
0.295011
0.0214215
0.0213853
0.0216716
0.0212708
0.0214301
0.02236
0.116222
0.0210345
0.143259
0.0201937
0.168668
0.354665
0.10821
0.0208204
0.232721
0.0209699
0.0717441
0.0225893
0.0214108
0.0219645
0.02643
0.337403
0.0230387
0.0215597
0.0221404
0.892023
0.0213111
0.0266559
0.0207359
0.0265461
0.0240958
0.0224823
0.0209444
0.0313702
0.0202432
1.09971
0.0209476
0.176648
0.0207231
0.0211317
0.224984
0.0203068
0.0238786
0.0239349
0.237104
0.0201648
0.0544635
1.91021
0.34659
0.0213095
0.136176
0.0238641
0.0211518
0.0622105
0.0395872
0.0202536
0.0225034
0.01986
0.024093
0.023681
0.0583031
0.0925855
0.029585
0.0219246
0.328767
0.0216583
0.027884
0.0213724
0.252659
0.216353
0.821265
0.0210908
0.0207835
0.166682
0.0236865
0.113315
0.541844
0.0208976
0.259044
0.0237019
0.021255
2.87905
0.0210989
0.0729074
0.373312
0.0631187
0.114171
0.383346
0.021487
0.0200797
3.29842
0.499105
0.0213384
0.0217734
0.0199329
0.0206506
0.0211176
0.0212224
0.0207559
0.0216426
0.0204506
0.0208595
0.0228775
0.0205448
0.0206682
0.0201885
2.97568
0.340082
0.0532929
0.102538
0.0232412
0.0718254
0.244266
0.0212562
0.0212583
0.0200424
3.17905
0.0196522
0.0233733
0.0208641
0.021241
0.0210773
0.0217629
0.0203078
0.504254
1.71029
0.07191
0.0239981
0.0212213
0.0469504
0.0212107
0.0215995
0.0227869
0.0218036
0.0209049
0.0232683
0.0212919
0.0265407
0.162228
0.0509823
0.155265
0.0202968
0.311421
1.01885
0.0993287
0.020966
0.383123
0.021526
0.0236633
0.448721
0.0351264
0.0201809
0.331956
0.0431728
0.0220635
0.10664
0.021953
0.0208573
0.075153
0.0202147
0.0203848
0.13866
0.0207703
0.021364
0.0257605
0.0209772
0.0223171
0.0220308
0.0443924
0.144437
0.0215888
0.0447167
0.0224025
0.0252462
0.0199963
0.0222789
0.0844275
0.0214414
0.0385611
0.0234384
0.0424206
0.0214451
0.0218812
0.0214097
0.0206479
0.142961
0.0301188
0.0241526
0.269148
0.33591
0.0213541
0.0204626
0.0254164
0.026994
0.0208077
0.0212448
0.022012
0.0415812
0.0212228
0.0213544
0.0660337
0.0290029
0.0231837
0.0214993
0.215711
0.0200285
0.0215689
0.0210457
0.0213645
0.0210647
0.0208203
0.226343
0.168014
0.0224153
0.0319302
0.0382274
0.0229754
0.0200301
0.0202227
0.0213919
0.0325432
0.021422
0.0228066
0.0216333
0.0205268
0.468567
0.0209784
0.0226799
0.0258756
0.766645
0.0209964
0.021871
0.0285577
0.0219103
0.0204056
0.0198873
0.0391922
0.0226018
0.0202356
0.0215781
0.0199837
0.225811
0.153224
0.145602
0.0214599
0.0284459
0.0228432
0.0221053
0.0206423
0.021255
0.0205952
0.021536
0.0825353
0.0319954
0.021
0.0212534
2.04999
0.0216399
0.25791
0.0210414
0.021089
0.334564
0.0209542
0.0211217
0.422888
0.0231422
0.0217867
0.02295
0.338555
0.0213646
0.0211304
0.0215748
0.0212353
0.0212394
0.0267299
0.0200513
0.0220989
0.749627
0.0240517
0.0874996
0.0199484
0.021655
0.0227991
0.0205354
0.020153
0.0211703
0.0502696
0.0232551
0.0226254
0.0983312
0.0207949
0.0196386
0.0658452
0.0210456
0.0229042
0.0212933
0.0212525
0.0215753
0.0201315
0.0237754
0.778416
0.0210392
0.0207426
0.0211711
0.0258065
2.7418
0.0209366
0.0278346
0.0215102
0.0795257
0.0199649
0.0202541
0.155828
0.0202994
0.0203264
0.0210799
0.0211899
0.0218879
0.0213243
0.0215851
0.659113
0.322725
0.0213803
0.0247547
0.0203966
0.0208802
0.0213734
0.0969312
0.0211201
0.0336279
0.0216808
0.0487957
0.0225556
0.0207869
0.0247383
0.0214894
3.62232
0.0204141
0.0201257
0.021273
0.496811
0.0829185
0.0485307
3.26555
0.0287698
0.0218278
0.0288619
0.0228871
0.0214828
0.0209305
0.299358
3.22319
0.172612
0.0199145
0.0233492
0.0202567
0.0205277
0.0691388
0.0211339
0.0234806
0.0210272
0.0713363
0.0211176
0.0439401
0.0211458
0.0232964
0.121908
0.0217448
0.0235986
0.128557
0.0635368
0.107105
0.392439
0.0551193
0.0308319
0.0212786
0.0239011
0.0233356
2.59285
0.0893111
0.0210611
0.0216193
0.0200879
0.0211067
0.0243002
0.0238948
0.0211283
0.0214731
0.106579
0.0492426
0.383838
0.0212223
0.0208388
0.0211113
0.134941
0.0202801
0.0697508
0.0207183
0.0262924
0.0722696
0.0203164
0.207088
0.0208154
0.0217287
0.0211997
0.0228122
0.0207002
0.0210043
0.0201473
0.110377
3.26405
0.0219019
0.0219207
0.0217551
0.0316652
1.63059
0.0216139
0.0213114
0.0220501
0.0235836
0.0232859
0.372651
0.0649186
0.0229081
0.197207
0.0231915
0.0210544
0.0213489
0.0196784
0.020866
0.0204226
0.029795
0.0766565
0.0211144
0.0213996
1.66547
0.0229952
0.0210425
2.91903
0.0212626
0.0439929
0.343324
0.0239514
0.104353
0.0930692
0.0204997
0.0207102
0.0253202
0.0210206
0.021206
0.0210818
0.0925063
0.126413
0.0214607
0.0210589
0.0302886
3.23016
0.0290355
0.0220061
0.0230121
0.0213909
0.0605231
0.03227
0.244034
0.0223084
0.102984
0.022917
0.312884
0.02107
0.134673
0.387162
0.0201995
0.0226876
0.0271124
0.312973
0.0210893
0.0213579
0.277264
0.0617355
0.0263795
0.0211395
0.0229675
0.111094
0.0774273
0.0210833
0.0210348
0.0210056
0.0209422
0.0212057
0.023077
0.121399
0.0217021
0.0597757
0.0886022
0.0278679
0.0233735
0.0246404
0.025591
0.0201905
0.0992091
0.187026
0.0240164
0.020262
0.218906
0.0208473
0.354557
2.25258
0.187814
0.0201613
0.0218219
0.0285657
0.0206853
0.0921969
0.0213451
0.14151
0.0211275
0.0211502
2.11368
0.0247983
0.0238735
1.9075
0.129606
0.0280219
0.0387639
0.0729776
0.0205955
0.0226545
0.0213986
0.0224822
0.383659
0.0207853
0.0291923
0.318566
1.77417
0.139951
0.0365161
0.151674
0.0248165
0.0212194
0.27336
0.0207268
0.0225791
0.281394
0.020792
0.309166
0.0213716
0.375727
2.3631
0.0216261
0.0211902
0.0288297
0.0247991
0.020487
0.0209557
0.0226978
0.0294181
0.0763862
0.0210025
0.0207681
0.0214226
0.0232543
0.223819
0.0226806
0.022373
0.231978
0.0229404
3.45236
0.175708
0.228597
0.0223823
0.0214157
0.0207632
0.0215625
0.0207107
0.0216623
0.382902
0.0317422
0.0205879
0.0204209
0.0205286
0.0225488
0.0200874
0.0220285
0.0208325
0.0209918
0.222469
0.333254
0.0201726
2.49854
0.019894
0.059893
0.0219538
0.0214043
0.0214953
0.220951
0.0223761
0.0215435
0.0209322
0.406081
0.364107
0.230246
0.0209867
0.02078
2.19109
0.0198508
0.0528785
0.0540265
0.339676
0.0212076
0.0584894
0.0209239
0.021373
0.0216355
0.0533449
0.020511
0.126084
0.0209822
0.0216656
0.021374
0.0211583
0.0295845
2.57101
0.3559
0.216771
0.0771555
0.0208387
0.0224828
0.0213456
0.383234
0.264097
0.0205302
3.27778
0.049523
0.0213076
0.0242466
0.0210746
0.0215306
0.177812
0.0230803
0.0217157
0.0225644
0.0223038
0.0478904
0.0241412
0.256582
0.0490595
0.0211033
0.0215403
1.22737
0.021278
0.0217725
0.0218052
0.0452391
0.0234544
0.0216458
0.0681997
0.0237646
0.0801117
0.023263
0.610402
0.117665
0.219966
0.0227758
0.0919092
0.0223649
0.120618
0.0901041
0.0211345
0.0229726
0.0208851
0.0330518
0.0202313
0.105117
0.104268
0.0262702
0.0204647
0.0250529
0.0296112
0.239981
0.0245842
0.0872471
0.0231292
0.0204562
0.0211911
0.0301728
0.0526879
0.216888
0.0877813
0.0210458
0.0207992
0.0210149
0.097435
2.90558
0.618851
0.0951064
0.0221719
0.0244166
0.0209947
0.0533884
0.0208264
0.0540337
0.0210965
0.0213275
0.0214487
1.71622
0.0288683
0.0254051
0.598942
0.186316
0.020442
0.0210984
0.0263896
0.184395
0.0271124
0.225179
0.0254797
0.0202195
0.0212697
0.0201864
0.191726
0.0241657
0.0222016
0.0242202
0.0210759
1.75099
0.02109
0.080138
0.0210525
0.0206273
0.227798
0.0228018
0.0203716
0.0210175
0.0270233
0.0205969
0.0203694
0.590357
0.0275752
0.0488914
0.303954
0.0226954
0.0293927
0.218843
0.0225707
0.0219006
0.0208108
0.0520076
0.0216693
0.500911
0.323543
0.0210345
0.0224059
0.0257859
0.149084
)
;

boundaryField
{
    frontback
    {
        type            empty;
    }
    topbottom
    {
        type            fixedValue;
        value           uniform 0.0223;
    }
    outlet
    {
        type            zeroGradient;
    }
    inlet
    {
        type            fixedValue;
        value           nonuniform List<scalar> 0();
    }
    walls
    {
        blending        binomial2;
        n               2;
        beta1           0.075;
        type            omegaWallFunction;
        value           nonuniform List<scalar> 0();
    }
    procBoundary1to0
    {
        type            processor;
        value           nonuniform List<scalar> 
80
(
2.50637
0.0396992
0.0219862
2.14153
0.022163
0.0269052
2.22951
0.0249537
0.0241821
0.0249537
0.0216161
0.0258307
0.0355662
0.0355662
0.0516965
0.0214077
2.57806
2.05277
2.99711
0.0241821
0.0332598
0.0220251
0.0214155
0.0321763
0.0516965
0.0219052
0.0215396
0.0215715
3.56471
3.56471
0.0236084
0.0214043
3.18576
0.0214733
0.0223605
0.0215121
0.021441
0.02143
0.0218113
0.0300326
0.0214514
0.021405
0.0462505
0.0214514
0.102158
0.0838428
0.0462505
1.89193
0.0214662
0.0214022
0.021669
0.0217343
0.021441
0.102158
1.89193
0.0234288
3.38228
0.0414173
0.0214913
0.284441
0.0770367
0.0283318
0.065541
0.284441
0.0214013
0.02143
0.0214216
0.0234671
0.0228026
0.102971
0.0214216
3.4128
0.102971
3.65512
3.65748
0.0579042
2.70065
3.65748
0.022575
0.0230699
)
;
    }
    procBoundary1to2
    {
        type            processor;
        value           uniform 3.66469;
    }
    procBoundary1to3
    {
        type            processor;
        value           nonuniform List<scalar> 
147
(
1.74849
0.132125
0.918356
0.941767
0.782491
0.775807
0.693924
0.890313
0.426005
0.900131
0.408056
3.10497
0.0798166
0.334105
0.0833999
1.21679
0.277505
0.656088
0.234018
0.593998
1.25301
0.809076
1.6834
0.569439
0.887269
0.77181
0.984336
0.360687
0.118829
0.270102
1.32971
2.38213
0.274311
1.63507
0.560986
0.262458
0.79036
0.63545
1.05626
0.221557
0.20349
0.20349
0.305342
1.64993
1.28968
0.108521
0.163513
1.64895
0.251639
0.205985
0.142767
0.123722
0.341046
0.306997
0.326844
0.115234
0.308473
0.225577
0.251815
0.248681
0.240817
0.230573
0.223853
0.225297
0.341046
0.285005
0.101665
0.182838
0.29894
0.282044
0.230149
0.227162
0.418705
0.414119
0.25119
0.410671
0.263103
0.27136
0.398628
0.415947
0.395722
0.32962
0.154822
0.303114
0.303114
0.382699
0.416629
0.293629
0.45809
0.281732
0.368613
0.368613
0.305358
0.262368
0.443888
0.118892
0.0676387
0.577935
0.457028
0.0839521
0.144006
0.0993203
0.0677115
0.508647
0.579748
0.577415
0.577415
0.353043
0.566064
0.57896
0.577881
0.294445
0.490996
0.648024
0.476337
0.315033
0.315033
1.63507
0.409992
0.435202
0.748316
0.355634
0.790995
0.68456
0.765714
0.532266
1.11131
1.23735
0.381363
1.77498
1.72426
1.8535
1.85856
1.77112
0.960069
1.88588
1.19423
3.12997
0.327035
1.07093
0.126387
1.52327
1.52327
0.228068
0.228068
2.38213
0.332743
)
;
    }
}


// ************************************************************************* //
