/*--------------------------------*- C++ -*----------------------------------*\
| =========                 |                                                 |
| \\      /  F ield         | OpenFOAM: The Open Source CFD Toolbox           |
|  \\    /   O peration     | Version:  v2012                                 |
|   \\  /    A nd           | Website:  www.openfoam.com                      |
|    \\/     M anipulation  |                                                 |
\*---------------------------------------------------------------------------*/
FoamFile
{
    version     2.0;
    format      ascii;
    class       volScalarField::Internal;
    location    "100";
    object      V0;
}
// * * * * * * * * * * * * * * * * * * * * * * * * * * * * * * * * * * * * * //

dimensions      [0 3 0 0 0 0 0];


value           nonuniform List<scalar> 
10042
(
0.191013
0.0799056
0.0870711
0.136657
0.171733
0.145106
0.0585289
0.158397
0.188636
0.0524518
0.142027
0.0787614
0.0492257
0.152603
0.0845628
0.154104
0.116603
0.131678
0.0658105
0.0997492
0.0484208
0.19984
0.144418
0.132384
0.165327
0.175888
0.0678556
0.19592
0.1433
0.110294
0.153585
0.0346703
0.175967
0.165765
0.156099
0.142103
0.17283
0.154438
0.145633
0.20503
0.14137
0.176548
0.0387102
0.107941
0.139246
0.122824
0.169383
0.10327
0.0509239
0.044248
0.0403895
0.165009
0.111528
0.0607949
0.0643311
0.0338824
0.0467411
0.167141
0.0839329
0.192613
0.0577474
0.0628599
0.0390556
0.149887
0.138256
0.151313
0.0877818
0.142439
0.126615
0.140228
0.036776
0.105198
0.160917
0.0860978
0.150948
0.0349427
0.116992
0.16063
0.11129
0.0598928
0.0987179
0.126654
0.187356
0.165629
0.0729734
0.0499051
0.0928223
0.0875857
0.140087
0.138886
0.04543
0.0780225
0.0380922
0.0588886
0.133053
0.113445
0.0148287
0.0893574
0.115801
0.0857228
0.0502564
0.0596884
0.0983393
0.0351149
0.0596128
0.0996177
0.03308
0.159862
0.0547455
0.101876
0.114408
0.0543254
0.0744372
0.148583
0.137968
0.165484
0.109743
0.172978
0.158834
0.171953
0.170876
0.0648372
0.0652241
0.137654
0.107683
0.158276
0.119569
0.0621051
0.0239368
0.117443
0.171214
0.128279
0.154017
0.134456
0.0466531
0.0427355
0.0900359
0.0339889
0.075056
0.123874
0.0430088
0.16672
0.0394086
0.198327
0.0615942
0.145391
0.0716765
0.164457
0.0929877
0.0847227
0.143586
0.164563
0.063693
0.0356864
0.134731
0.0604833
0.0280228
0.0326002
0.146238
0.13075
0.166281
0.185486
0.042746
0.141045
0.0791136
0.116024
0.189061
0.0423639
0.168781
0.135513
0.138436
0.105795
0.081373
0.160337
0.0578862
0.0754539
0.1142
0.172999
0.143699
0.116763
0.0789045
0.0502182
0.0802028
0.173361
0.180204
0.0423407
0.0956026
0.141108
0.0355616
0.154826
0.0695267
0.0478079
0.1648
0.0578923
0.0620173
0.0721135
0.0206119
0.145267
0.01806
0.1422
0.023563
0.0411381
0.0937849
0.128545
0.117526
0.135784
0.132309
0.0439976
0.113577
0.0982094
0.0371741
0.133211
0.0927673
0.0992037
0.176826
0.147082
0.153075
0.0994224
0.147304
0.028086
0.0220846
0.137648
0.0271917
0.132863
0.111781
0.0362197
0.101298
0.0848763
0.0770776
0.0716031
0.167839
0.120596
0.0427024
0.132106
0.110313
0.182534
0.0904147
0.0207463
0.0605403
0.136744
0.0967365
0.133346
0.177523
0.162629
0.0664731
0.171446
0.139184
0.0779452
0.0492075
0.145079
0.0649078
0.158434
0.105208
0.0526441
0.111524
0.0955747
0.128841
0.101981
0.0102114
0.150576
0.131261
0.15197
0.152269
0.173826
0.0407162
0.0696238
0.137083
0.102521
0.154872
0.108662
0.101078
0.0421873
0.145343
0.0348582
0.106475
0.161659
0.0669628
0.130336
0.147609
0.0571184
0.140274
0.143316
0.0187642
0.0744979
0.17576
0.0227982
0.108561
0.154745
0.164747
0.136431
0.0472989
0.111574
0.174342
0.132741
0.129429
0.120527
0.0694261
0.101071
0.0958951
0.151986
0.0685566
0.0928154
0.127245
0.0911793
0.0930921
0.0480656
0.156644
0.164344
0.0660267
0.123261
0.142456
0.130501
0.131098
0.11212
0.109745
0.164905
0.113943
0.143148
0.137671
0.160526
0.147943
0.0354626
0.155443
0.128227
0.177386
0.16933
0.135736
0.128697
0.092012
0.0460501
0.135535
0.111142
0.161088
0.157392
0.135265
0.163476
0.0331756
0.126864
0.155354
0.118382
0.0415779
0.0481086
0.172189
0.144285
0.163017
0.172265
0.144429
0.15707
0.125545
0.0170916
0.0721374
0.135245
0.120771
0.145041
0.0708251
0.14016
0.102059
0.17014
0.0261287
0.167022
0.106224
0.159052
0.0766306
0.141251
0.107133
0.0731494
0.144839
0.127928
0.125632
0.0603899
0.145126
0.162793
0.140326
0.164122
0.0545735
0.130825
0.15599
0.0950249
0.0651163
0.0463
0.113851
0.0921836
0.0780787
0.13835
0.0285351
0.165463
0.155123
0.165554
0.105425
0.148257
0.111693
0.026588
0.0730966
0.143249
0.106168
0.0525968
0.136516
0.153919
0.130235
0.0266265
0.145037
0.0235465
0.148584
0.0707164
0.023867
0.135239
0.0398815
0.147863
0.100217
0.113023
0.109268
0.0542558
0.134581
0.0766871
0.15
0.101205
0.0741127
0.0609665
0.143901
0.0910322
0.152602
0.0952109
0.163449
0.166396
0.0360734
0.101291
0.0852915
0.108486
0.127114
0.0470751
0.100251
0.139962
0.0536278
0.099029
0.137513
0.0752056
0.0416431
0.15261
0.156978
0.0326324
0.163625
0.114538
0.089448
0.0319258
0.0380473
0.173401
0.141431
0.0403241
0.147992
0.169494
0.153937
0.0658859
0.0724992
0.0337039
0.109754
0.140373
0.140272
0.0261973
0.165025
0.137087
0.148239
0.119864
0.15903
0.158931
0.0985748
0.16994
0.159985
0.0648818
0.0911926
0.13832
0.0409968
0.135054
0.026767
0.0402381
0.123498
0.126661
0.0405992
0.129618
0.0515674
0.100428
0.137509
0.0780658
0.122653
0.140819
0.0572044
0.121767
0.152583
0.120589
0.15949
0.1373
0.139522
0.0800611
0.146092
0.147243
0.0936301
0.0402386
0.136024
0.148106
0.115318
0.046704
0.104575
0.157298
0.141426
0.084092
0.0524922
0.111807
0.15857
0.140207
0.0718267
0.0695079
0.0774679
0.136721
0.145714
0.133289
0.0949062
0.122038
0.120214
0.0990596
0.123697
0.102621
0.129809
0.0719302
0.100146
0.0777228
0.0752816
0.106223
0.139552
0.0775866
0.106633
0.136455
0.114822
0.0376986
0.10967
0.141558
0.0934029
0.0843847
0.111355
0.0716401
0.153996
0.0661432
0.122867
0.0773993
0.137698
0.0225831
0.122808
0.0436713
0.153982
0.13229
0.108972
0.173169
0.0922657
0.0502037
0.148566
0.134082
0.0269586
0.102351
0.137883
0.164922
0.138434
0.160984
0.161055
0.158476
0.0956234
0.0870475
0.118704
0.17328
0.0434663
0.0577634
0.146038
0.145176
0.133841
0.0474101
0.138214
0.137785
0.137114
0.0949769
0.0441972
0.140451
0.145007
0.141352
0.115968
0.106267
0.163188
0.0209135
0.0837149
0.0650004
0.133426
0.145412
0.119852
0.0761878
0.104242
0.144654
0.130181
0.163002
0.136591
0.133079
0.0629311
0.116273
0.183311
0.152243
0.16035
0.140436
0.0223716
0.131911
0.137324
0.118893
0.0654346
0.125933
0.113801
0.152411
0.0710243
0.128154
0.0990431
0.166678
0.0971737
0.0745994
0.103252
0.139507
0.129409
0.0158926
0.0816762
0.10953
0.109816
0.0463934
0.127229
0.0796188
0.123428
0.146677
0.0915066
0.124549
0.167362
0.13153
0.0900037
0.108791
0.0977488
0.088683
0.137788
0.0278414
0.081502
0.135169
0.136929
0.108384
0.133062
0.144668
0.16331
0.0978531
0.0654998
0.168516
0.0267721
0.121966
0.0796387
0.150528
0.076354
0.134828
0.125823
0.137453
0.106148
0.0894545
0.063298
0.101151
0.167942
0.134019
0.135395
0.138095
0.119563
0.0695066
0.0834565
0.105823
0.129596
0.135155
0.136768
0.0814725
0.129834
0.155205
0.154727
0.132054
0.0320846
0.146591
0.104168
0.138969
0.0181576
0.0390408
0.135607
0.0660963
0.138969
0.0487421
0.13498
0.141888
0.160384
0.103709
0.141074
0.14475
0.0454404
0.113856
0.165041
0.139301
0.126845
0.0270191
0.0157047
0.159504
0.133103
0.157897
0.156365
0.152681
0.0940875
0.123901
0.034694
0.129583
0.133661
0.125821
0.0991828
0.108588
0.139198
0.0947118
0.0763002
0.141092
0.0616146
0.117166
0.1286
0.0875327
0.139957
0.126821
0.0274407
0.131526
0.129314
0.151405
0.132109
0.136516
0.099646
0.10971
0.127021
0.0619469
0.124991
0.145188
0.0574829
0.132816
0.046463
0.141288
0.158509
0.110627
0.0306952
0.161486
0.0938168
0.139365
0.103362
0.139935
0.093001
0.0986769
0.108307
0.0683209
0.156323
0.131397
0.0500366
0.155623
0.148993
0.113013
0.0867128
0.162085
0.121313
0.0763479
0.106241
0.0866858
0.138501
0.0326189
0.069636
0.143203
0.133404
0.158612
0.134312
0.125968
0.0775441
0.141877
0.052629
0.0804898
0.0895874
0.0434728
0.0903196
0.128516
0.0701995
0.143381
0.0751908
0.062692
0.176074
0.075276
0.132397
0.0796374
0.131401
0.163802
0.0640212
0.0515831
0.163497
0.0918001
0.164818
0.156584
0.127463
0.13529
0.166135
0.141104
0.130307
0.100284
0.152319
0.166962
0.10756
0.150967
0.0927648
0.153218
0.134463
0.159633
0.109467
0.131457
0.0524701
0.129957
0.065723
0.0399958
0.0263044
0.126681
0.0974714
0.0410317
0.113811
0.153537
0.136634
0.151777
0.128206
0.0784831
0.0811395
0.0254214
0.0932026
0.138358
0.137887
0.123755
0.08894
0.0933916
0.101819
0.0636005
0.0612532
0.0222062
0.101201
0.130423
0.102371
0.147699
0.16542
0.094399
0.13567
0.119277
0.132393
0.0664213
0.117917
0.160225
0.0470203
0.100405
0.0503893
0.123161
0.132802
0.131106
0.0735692
0.106172
0.135208
0.12011
0.0396989
0.136842
0.0415017
0.0958214
0.0867214
0.111798
0.0824045
0.139208
0.0304454
0.156347
0.147413
0.118102
0.151269
0.13641
0.130664
0.094539
0.0802484
0.13123
0.0890467
0.142212
0.150648
0.136181
0.149737
0.121324
0.0906609
0.146647
0.0661797
0.0659687
0.0726458
0.0511667
0.0808386
0.133052
0.137957
0.01648
0.0151182
0.131684
0.0678055
0.0282321
0.0421671
0.0410099
0.121559
0.110816
0.138688
0.107894
0.152133
0.130647
0.0457927
0.151866
0.0362746
0.120886
0.127899
0.183569
0.15785
0.119058
0.0797971
0.109459
0.119478
0.126544
0.0446709
0.121111
0.119357
0.15927
0.0292221
0.069581
0.129183
0.149208
0.127629
0.0893651
0.128202
0.0794937
0.101681
0.122315
0.123831
0.068797
0.0858052
0.0380858
0.0699344
0.0286408
0.0347991
0.12998
0.0336149
0.108623
0.106887
0.0901097
0.0923971
0.102255
0.0460301
0.0263603
0.128338
0.0883338
0.0811729
0.135745
0.147365
0.03258
0.133153
0.128212
0.018337
0.143324
0.122459
0.0700472
0.0472733
0.137284
0.168986
0.103192
0.0894183
0.0591205
0.154966
0.0561851
0.130313
0.121966
0.160295
0.0462575
0.0822169
0.135429
0.126431
0.107815
0.135108
0.11938
0.062547
0.110907
0.0942573
0.106143
0.0824474
0.151933
0.0651248
0.0835962
0.0919785
0.0484118
0.113438
0.104236
0.119788
0.150476
0.136451
0.0784912
0.127317
0.122816
0.142828
0.0958475
0.152813
0.0570134
0.135219
0.0993944
0.0406414
0.0923256
0.155161
0.0756605
0.0454665
0.151121
0.136113
0.143654
0.0324907
0.129841
0.143336
0.132453
0.129155
0.0648453
0.131076
0.14673
0.126428
0.0829585
0.126886
0.147862
0.0428366
0.142736
0.106119
0.0673914
0.137794
0.0999323
0.149434
0.0637084
0.120878
0.0871702
0.119868
0.0704052
0.108509
0.0255544
0.0683713
0.131606
0.109738
0.130137
0.16103
0.0880614
0.0779208
0.146701
0.13013
0.150201
0.0823585
0.126572
0.0550515
0.131964
0.172236
0.0380582
0.0931744
0.145926
0.0856572
0.0233341
0.150187
0.120284
0.140946
0.118568
0.0464821
0.129689
0.071313
0.130721
0.154277
0.128657
0.127729
0.142095
0.0394279
0.0265048
0.140569
0.144746
0.113418
0.125226
0.134278
0.10302
0.135249
0.144055
0.131347
0.0853921
0.130767
0.0745545
0.156911
0.151294
0.12497
0.107791
0.153411
0.131973
0.142119
0.152723
0.0662386
0.0567312
0.026792
0.0620061
0.0858665
0.138171
0.0257548
0.0690495
0.115105
0.0475885
0.11822
0.0711436
0.143012
0.143532
0.141726
0.129171
0.126754
0.121262
0.150604
0.0827719
0.0373457
0.149432
0.151471
0.12128
0.150976
0.152528
0.163613
0.159451
0.151255
0.127999
0.147177
0.121341
0.147254
0.152467
0.0867847
0.051373
0.114956
0.142753
0.0877249
0.108691
0.0649456
0.100342
0.0947964
0.141965
0.0933139
0.0347053
0.0396769
0.0989142
0.165713
0.153031
0.130994
0.123904
0.153391
0.133026
0.131484
0.147455
0.109425
0.0292088
0.145706
0.124622
0.0245367
0.0405033
0.148633
0.145056
0.125458
0.152745
0.0419411
0.125034
0.116289
0.0658102
0.137164
0.130369
0.145327
0.0406614
0.0853222
0.0762937
0.0652808
0.132538
0.0458372
0.103164
0.137869
0.11821
0.133747
0.0735665
0.147474
0.0842758
0.110757
0.053744
0.129649
0.062292
0.135112
0.0760455
0.0904559
0.10239
0.0958185
0.141528
0.0366895
0.144578
0.139409
0.116786
0.150704
0.117921
0.0626076
0.13218
0.130757
0.18204
0.0343648
0.134403
0.128625
0.13679
0.139264
0.0548953
0.161031
0.138339
0.129973
0.132594
0.128476
0.085027
0.0447411
0.145667
0.093029
0.0983403
0.147112
0.101089
0.0286985
0.148321
0.0982526
0.03316
0.147784
0.136966
0.140724
0.164408
0.0950914
0.133304
0.0822691
0.131139
0.128593
0.161977
0.153188
0.0987744
0.0734568
0.148737
0.0401932
0.151751
0.132847
0.165694
0.124126
0.129208
0.068162
0.149708
0.0511314
0.14476
0.0871014
0.153203
0.0408207
0.150101
0.133897
0.0342802
0.157066
0.130991
0.0293565
0.0628195
0.108317
0.0464842
0.0746552
0.128799
0.0578114
0.138193
0.15471
0.13166
0.0348148
0.127029
0.107853
0.0523104
0.132878
0.11111
0.150388
0.0917273
0.136463
0.132953
0.0765657
0.117496
0.0273948
0.133782
0.154734
0.133839
0.0243801
0.0829361
0.0715731
0.128401
0.138534
0.047842
0.0727028
0.132579
0.0378907
0.14418
0.125032
0.152603
0.0176824
0.137977
0.0797865
0.13013
0.142444
0.160136
0.14166
0.134294
0.119476
0.1509
0.133942
0.0903236
0.0887725
0.122448
0.151233
0.0487854
0.0587332
0.139174
0.138134
0.140607
0.0241574
0.043182
0.0868566
0.138789
0.157749
0.0745904
0.0468388
0.159836
0.131773
0.0569538
0.132633
0.151346
0.134399
0.12452
0.0572124
0.14355
0.0776434
0.109043
0.135181
0.132879
0.0982614
0.146238
0.0601236
0.0141077
0.152301
0.135092
0.132003
0.0259023
0.136042
0.0485749
0.15727
0.144641
0.111927
0.131206
0.0656262
0.112556
0.124073
0.150525
0.02709
0.110964
0.0477043
0.14945
0.0540112
0.0604067
0.153941
0.0438828
0.146521
0.0461384
0.0501737
0.14393
0.139438
0.0918317
0.0612594
0.0465783
0.0268966
0.155311
0.151147
0.112616
0.0465655
0.134073
0.0386484
0.0399981
0.147776
0.125248
0.155266
0.0902864
0.0846979
0.145038
0.122167
0.143579
0.0270407
0.138839
0.0766092
0.134691
0.0857921
0.060736
0.0846145
0.137767
0.0670398
0.0555828
0.106339
0.131128
0.131549
0.0254159
0.148214
0.0284732
0.0389353
0.0408981
0.107677
0.0402736
0.0763976
0.131935
0.123709
0.120643
0.0493224
0.0658087
0.0565618
0.132427
0.0176554
0.0579872
0.141216
0.129244
0.0267057
0.151818
0.131083
0.0284856
0.0200363
0.0326573
0.149315
0.0367073
0.149442
0.104813
0.135463
0.0699068
0.16226
0.0892008
0.0463584
0.024206
0.0504559
0.113252
0.150855
0.0904895
0.106493
0.151969
0.0905889
0.0194766
0.140448
0.153679
0.0588994
0.100037
0.038066
0.0989712
0.145042
0.130723
0.0794237
0.153232
0.131357
0.0502507
0.140047
0.110827
0.125852
0.144679
0.148194
0.0186252
0.136856
0.149524
0.122198
0.156504
0.147781
0.0665301
0.146869
0.0270958
0.0290804
0.0958834
0.149643
0.147382
0.130088
0.1523
0.037327
0.0418295
0.0188914
0.133346
0.141869
0.0351856
0.0668077
0.0952391
0.0477541
0.0901668
0.126472
0.0958464
0.154577
0.170576
0.147204
0.130466
0.0793839
0.0343369
0.0644282
0.152809
0.0396354
0.0383594
0.153527
0.130745
0.15083
0.0741697
0.130164
0.133709
0.0639048
0.131595
0.0282734
0.129761
0.1347
0.0470675
0.0731817
0.0406337
0.082518
0.142152
0.149367
0.0275211
0.104335
0.133663
0.0472486
0.135665
0.0307877
0.132397
0.136622
0.157584
0.0518282
0.0823294
0.0533417
0.150466
0.13738
0.0582889
0.0640054
0.160397
0.0825234
0.0414018
0.139711
0.0717942
0.124202
0.157372
0.0583377
0.149686
0.0603469
0.0410992
0.119449
0.135115
0.161413
0.0545318
0.0371953
0.0520963
0.0659362
0.0690275
0.0800666
0.0683021
0.0613327
0.0479785
0.0814708
0.114847
0.150462
0.149459
0.0703145
0.0664017
0.0988181
0.0383077
0.135932
0.0275851
0.0416015
0.150319
0.159231
0.145189
0.158082
0.151654
0.0411239
0.0863239
0.0436093
0.0364935
0.115318
0.0649463
0.0854093
0.0683204
0.134296
0.133474
0.0771608
0.133031
0.110196
0.111312
0.061952
0.150542
0.102526
0.137705
0.138146
0.0638837
0.149405
0.130244
0.169805
0.0388448
0.0922738
0.0327699
0.0655142
0.0873819
0.0411486
0.115397
0.0321563
0.125737
0.105371
0.077159
0.0331573
0.150508
0.160914
0.0350377
0.0526045
0.125256
0.0717336
0.141827
0.0189678
0.0903665
0.102649
0.136114
0.0268645
0.0257123
0.120828
0.0694351
0.0662687
0.141114
0.0580898
0.0839753
0.133241
0.113924
0.0337032
0.143778
0.0829603
0.13259
0.0666078
0.0612834
0.0968322
0.0430249
0.0633942
0.12611
0.0676159
0.0354509
0.0279575
0.118877
0.0671624
0.0742974
0.0617723
0.0295805
0.0284059
0.0555731
0.0699682
0.14842
0.0570857
0.0533777
0.0307016
0.135317
0.062854
0.13408
0.0597391
0.153391
0.0471061
0.131269
0.151252
0.0798326
0.02855
0.0506562
0.0435043
0.177459
0.0690349
0.13177
0.124269
0.152732
0.103276
0.0183004
0.126203
0.0588871
0.102106
0.144508
0.14201
0.118099
0.149255
0.136133
0.152351
0.0913462
0.130308
0.0319542
0.103552
0.0395587
0.0644456
0.0754774
0.049194
0.065597
0.059203
0.108614
0.0824376
0.0862832
0.137312
0.141548
0.0668022
0.133114
0.147094
0.15018
0.0750968
0.0920904
0.0707151
0.150134
0.0304162
0.149745
0.128699
0.0819728
0.140404
0.0688538
0.15141
0.0516928
0.0938625
0.074397
0.0359055
0.135155
0.134874
0.142927
0.0249278
0.151108
0.135367
0.0698101
0.082844
0.0427675
0.123162
0.102312
0.0924143
0.136478
0.12136
0.139096
0.0786629
0.126862
0.0368673
0.080831
0.137317
0.105895
0.0382211
0.13717
0.138424
0.0432572
0.0906324
0.0782169
0.148097
0.0832019
0.143249
0.142646
0.0974304
0.152047
0.117402
0.0864398
0.0713344
0.0944557
0.0282198
0.0700082
0.1172
0.0521353
0.111251
0.0481589
0.145396
0.151897
0.0605552
0.135159
0.118243
0.121857
0.0414893
0.0182291
0.143737
0.0439798
0.149209
0.102275
0.128987
0.139765
0.0497618
0.0877923
0.130404
0.131042
0.166626
0.0481343
0.0604012
0.0756272
0.136585
0.133437
0.0808521
0.135863
0.0488777
0.0853025
0.124981
0.139692
0.0368873
0.125073
0.036168
0.0920236
0.027749
0.0683545
0.0289364
0.14443
0.1367
0.0640272
0.0485163
0.151306
0.137937
0.157591
0.148879
0.143643
0.131712
0.0881575
0.0524732
0.0288311
0.138262
0.0266624
0.036537
0.0533815
0.0614464
0.153123
0.138971
0.170541
0.0755552
0.0995112
0.0476758
0.100058
0.0753329
0.0411384
0.11638
0.151566
0.123133
0.125375
0.0485393
0.13997
0.0285869
0.0929383
0.0630693
0.132417
0.171958
0.154168
0.0318656
0.133472
0.0285361
0.0654472
0.150571
0.0705904
0.0652988
0.1136
0.13612
0.133825
0.132249
0.0897021
0.0817459
0.0700443
0.104727
0.0733189
0.0279312
0.0524052
0.0614826
0.15549
0.0655817
0.0720181
0.133956
0.139154
0.0853954
0.0652606
0.0383127
0.131814
0.0418328
0.110498
0.138334
0.149513
0.0703567
0.0847197
0.119564
0.0865943
0.0549145
0.141855
0.0730884
0.131587
0.0437759
0.0991116
0.101317
0.091752
0.090752
0.13677
0.0967155
0.149942
0.138574
0.0498387
0.0800306
0.0273316
0.145903
0.134257
0.152994
0.112881
0.142039
0.0758912
0.0903505
0.0647678
0.0401832
0.131795
0.0570815
0.151836
0.0778888
0.100612
0.126493
0.137012
0.152204
0.0975371
0.072289
0.082121
0.15038
0.142951
0.0933514
0.101871
0.0588649
0.089168
0.0861743
0.130636
0.135309
0.042384
0.125106
0.129879
0.115787
0.101254
0.0666671
0.112888
0.0486905
0.0488844
0.0730515
0.147395
0.0482015
0.0389351
0.130653
0.125284
0.0882148
0.0634495
0.0684884
0.102762
0.13307
0.151715
0.0942381
0.0946603
0.0577781
0.127681
0.116438
0.0930247
0.0457407
0.0627332
0.111947
0.142919
0.085192
0.0477334
0.130128
0.127956
0.114315
0.061979
0.0474764
0.138289
0.0757138
0.123869
0.0461657
0.0962512
0.141344
0.0182911
0.0673354
0.0275675
0.041446
0.131471
0.133949
0.0959116
0.134405
0.0958251
0.0486057
0.116229
0.0900807
0.0722777
0.10564
0.0635961
0.0913851
0.0750663
0.141471
0.126709
0.0833242
0.124138
0.117038
0.148275
0.162364
0.157619
0.137144
0.153933
0.110666
0.0983398
0.121309
0.152697
0.0233335
0.142594
0.137748
0.100531
0.136095
0.0665182
0.134171
0.155092
0.153326
0.151196
0.110914
0.120748
0.0662943
0.0384521
0.158141
0.0630247
0.11794
0.080165
0.0778798
0.101052
0.0880613
0.0685025
0.0914683
0.0838816
0.0623278
0.0650364
0.063326
0.163289
0.139445
0.0726087
0.0846742
0.0606785
0.0522849
0.0684028
0.100559
0.0892809
0.124839
0.0261682
0.142844
0.0820636
0.148421
0.0673055
0.122687
0.147173
0.13258
0.0670895
0.057361
0.0758407
0.157551
0.0633915
0.149494
0.152251
0.104123
0.0926247
0.0669895
0.0694411
0.14304
0.12987
0.11243
0.0709742
0.126156
0.0285834
0.0826967
0.148557
0.072833
0.154711
0.0365765
0.0836265
0.105567
0.134416
0.0934353
0.0629634
0.151786
0.114921
0.0411778
0.149849
0.132192
0.0866704
0.0709383
0.0350963
0.130285
0.0281195
0.0719967
0.0920158
0.134911
0.100079
0.040302
0.102782
0.107694
0.142075
0.0897913
0.0783637
0.125479
0.134377
0.118338
0.147003
0.152801
0.117349
0.0750614
0.0635926
0.127088
0.0379046
0.0789242
0.120414
0.0736216
0.0282055
0.0783529
0.085828
0.120878
0.0899146
0.0843337
0.138168
0.116211
0.084678
0.130158
0.13782
0.103094
0.152578
0.13159
0.09706
0.0502066
0.0893353
0.030014
0.119476
0.0289915
0.145059
0.102195
0.0814289
0.151398
0.1535
0.0944937
0.107974
0.0665351
0.083338
0.0978336
0.145128
0.152193
0.0819258
0.0731533
0.104051
0.145091
0.131076
0.0516594
0.0666807
0.144968
0.0937196
0.115074
0.100768
0.077991
0.115161
0.140039
0.120065
0.0680094
0.0601454
0.113784
0.130872
0.131414
0.103588
0.151236
0.127845
0.142818
0.100741
0.0971796
0.134263
0.152977
0.135447
0.153453
0.0998033
0.158016
0.0655088
0.142033
0.127782
0.0928546
0.0954151
0.0981083
0.0310438
0.0230849
0.0599764
0.13199
0.143897
0.065693
0.129751
0.0648091
0.105794
0.141972
0.0908108
0.102544
0.117541
0.0956767
0.131743
0.101646
0.112516
0.107157
0.155511
0.0619921
0.103125
0.101264
0.149235
0.0967557
0.0672951
0.115685
0.0309128
0.0346362
0.145786
0.137077
0.133562
0.133551
0.141084
0.145274
0.148156
0.0863874
0.106801
0.141161
0.0273023
0.146736
0.10226
0.0664299
0.12206
0.104224
0.0891763
0.0798075
0.15118
0.0539956
0.0703502
0.108611
0.0798232
0.0971421
0.103926
0.126232
0.116525
0.141473
0.145423
0.0903722
0.0729034
0.0586713
0.15134
0.0755532
0.147893
0.107896
0.0861083
0.122452
0.0978211
0.138767
0.144128
0.143013
0.111329
0.059725
0.150201
0.139698
0.131754
0.114492
0.0938841
0.0894426
0.0605444
0.115388
0.0761967
0.0957391
0.0888678
0.150361
0.150955
0.13645
0.143822
0.0186194
0.0663765
0.0850686
0.0520661
0.131483
0.0864906
0.0896208
0.148227
0.09192
0.136669
0.0971744
0.133607
0.0261674
0.10482
0.0919496
0.0853528
0.151
0.112394
0.0410546
0.143823
0.0393347
0.0683234
0.0702103
0.0972526
0.0274529
0.133456
0.0934342
0.146415
0.090044
0.0672214
0.145575
0.130698
0.131987
0.0711059
0.0914811
0.0964443
0.145277
0.0798328
0.126593
0.10817
0.0927912
0.0377423
0.124789
0.152414
0.154358
0.13261
0.0285806
0.0839467
0.143026
0.117284
0.132796
0.133963
0.146559
0.112876
0.130474
0.0450509
0.13062
0.0934373
0.139053
0.0741297
0.0978338
0.103816
0.119503
0.11252
0.129022
0.14067
0.0816301
0.131763
0.0969458
0.14752
0.095831
0.098543
0.0990416
0.150539
0.128994
0.174543
0.0380121
0.151952
0.15288
0.0705472
0.0694142
0.091526
0.143341
0.126346
0.133627
0.107061
0.0944269
0.119191
0.0629349
0.0234356
0.151624
0.0975716
0.0950468
0.107272
0.121488
0.140372
0.065434
0.057846
0.0368151
0.0212085
0.0609098
0.136404
0.0904121
0.119115
0.0966896
0.130749
0.142542
0.0639762
0.133338
0.0348597
0.0691475
0.154576
0.100548
0.0861815
0.0879681
0.133934
0.137505
0.10498
0.113993
0.118753
0.141369
0.100005
0.0903377
0.15206
0.0792212
0.0686036
0.0939644
0.125956
0.104001
0.0935072
0.14036
0.137871
0.127996
0.0566984
0.13268
0.106545
0.134575
0.152602
0.125402
0.148537
0.1441
0.0629487
0.124517
0.110057
0.0565279
0.132669
0.126995
0.0981512
0.0610277
0.151326
0.139596
0.13719
0.0736598
0.0184648
0.121963
0.0657306
0.143386
0.146228
0.154248
0.102629
0.127231
0.128901
0.153065
0.0683594
0.14333
0.0861971
0.143918
0.126592
0.141108
0.0922835
0.1108
0.123057
0.132168
0.115065
0.145778
0.111031
0.128306
0.139942
0.129072
0.143809
0.133612
0.134578
0.15059
0.15459
0.148863
0.127064
0.151542
0.105095
0.145087
0.0971192
0.103637
0.0596166
0.132202
0.105697
0.14236
0.149633
0.151573
0.111658
0.137559
0.150551
0.13945
0.0656057
0.126937
0.0703232
0.0304366
0.152699
0.0290215
0.103093
0.0410917
0.141187
0.0885586
0.150638
0.125845
0.130461
0.0859988
0.0906954
0.121113
0.0956982
0.131167
0.138747
0.152122
0.0371376
0.131331
0.0448444
0.100204
0.0191426
0.100809
0.133887
0.0661727
0.0494887
0.14926
0.107762
0.112171
0.0885867
0.0361569
0.101493
0.133601
0.0827161
0.0737625
0.0940772
0.141465
0.143638
0.0730148
0.0668698
0.0305176
0.0894181
0.102552
0.136946
0.0999367
0.120032
0.130716
0.0677529
0.132173
0.125305
0.139226
0.128868
0.136429
0.13195
0.102726
0.114414
0.103284
0.110648
0.0919041
0.1302
0.0876083
0.172918
0.1408
0.0873074
0.155446
0.0843082
0.142359
0.138327
0.0726566
0.104315
0.113076
0.133414
0.128502
0.0678892
0.103178
0.0408484
0.10366
0.13947
0.13391
0.115605
0.0686465
0.10784
0.132975
0.0933112
0.124504
0.168235
0.136436
0.0854985
0.1381
0.14076
0.135686
0.101024
0.135314
0.133936
0.0518325
0.102814
0.0994588
0.0937098
0.130439
0.113239
0.136381
0.140771
0.139826
0.111755
0.132374
0.0653757
0.144784
0.134828
0.0784103
0.0985681
0.134274
0.0977242
0.0835125
0.100797
0.132332
0.152772
0.133034
0.102362
0.135646
0.152196
0.0688282
0.125311
0.146059
0.0922963
0.132637
0.0664752
0.128129
0.105404
0.153799
0.086413
0.149348
0.142889
0.136325
0.0922723
0.149802
0.0314237
0.151853
0.112977
0.115254
0.14283
0.125538
0.0948424
0.0885901
0.130909
0.122046
0.112141
0.082929
0.137749
0.132305
0.136964
0.114827
0.124807
0.132721
0.12719
0.157092
0.144716
0.0915937
0.118519
0.135934
0.107655
0.117976
0.154639
0.0979559
0.128939
0.0935546
0.128582
0.110854
0.145683
0.144836
0.041355
0.145305
0.111383
0.129229
0.111986
0.135846
0.078258
0.1369
0.144337
0.0950669
0.129319
0.140826
0.118547
0.0719652
0.141795
0.139593
0.129341
0.139763
0.113511
0.115294
0.132803
0.141835
0.138261
0.144
0.0645855
0.0738828
0.11429
0.138332
0.150456
0.135453
0.131744
0.14645
0.0981423
0.0936044
0.112804
0.117749
0.130486
0.0684438
0.143785
0.143212
0.0994072
0.107758
0.133015
0.110485
0.12141
0.114118
0.142793
0.131358
0.109704
0.149486
0.152374
0.123764
0.108509
0.116004
0.144763
0.122943
0.121025
0.124712
0.122648
0.151818
0.111329
0.151763
0.149276
0.125007
0.141935
0.135626
0.078908
0.131627
0.135372
0.097605
0.147508
0.0901898
0.144317
0.130198
0.137921
0.150074
0.0912897
0.127658
0.101284
0.053238
0.180151
0.141969
0.145561
0.0797191
0.121383
0.152184
0.0678167
0.117057
0.119087
0.119596
0.10359
0.142916
0.154666
0.140115
0.113352
0.107855
0.147786
0.142684
0.112602
0.149745
0.123048
0.140545
0.122282
0.138016
0.0650728
0.135767
0.124584
0.151189
0.130149
0.145621
0.131753
0.137132
0.125048
0.139069
0.0421131
0.109638
0.142148
0.134524
0.150892
0.116634
0.0971094
0.160258
0.116981
0.103306
0.141604
0.0897663
0.132283
0.142415
0.12136
0.14594
0.145303
0.138001
0.110659
0.125756
0.120222
0.163557
0.135737
0.133104
0.131619
0.132671
0.0777686
0.146473
0.148929
0.11614
0.140277
0.143914
0.134605
0.124049
0.136221
0.0919778
0.139889
0.142811
0.104069
0.121184
0.133721
0.151727
0.0191992
0.106115
0.141793
0.141172
0.133059
0.130277
0.136375
0.115551
0.134274
0.0982077
0.132825
0.137062
0.131399
0.142526
0.134067
0.0826208
0.150734
0.140072
0.133114
0.139106
0.10379
0.142725
0.153218
0.0499773
0.150621
0.134384
0.128352
0.13747
0.140987
0.0903497
0.124788
0.116848
0.146572
0.145514
0.0982656
0.144342
0.124146
0.143061
0.131305
0.110353
0.153546
0.134857
0.137672
0.138562
0.141101
0.134841
0.122766
0.149268
0.126295
0.0678368
0.153108
0.140546
0.112568
0.133282
0.122263
0.150636
0.132977
0.135292
0.151224
0.14572
0.111652
0.123328
0.129985
0.130065
0.127084
0.125494
0.118024
0.144939
0.133238
0.153319
0.142982
0.117303
0.142876
0.138749
0.126996
0.149397
0.130555
0.132021
0.12075
0.132907
0.125863
0.13622
0.134759
0.112234
0.152326
0.151368
0.128458
0.147736
0.116635
0.131706
0.132953
0.139195
0.153452
0.122784
0.138181
0.132904
0.13063
0.0542818
0.135265
0.140469
0.163045
0.131032
0.138314
0.100835
0.111697
0.0886087
0.141065
0.133646
0.134801
0.111851
0.130382
0.129669
0.0993374
0.134997
0.146609
0.130247
0.133273
0.130033
0.120374
0.1515
0.116781
0.126098
0.132549
0.147317
0.144657
0.089169
0.12185
0.11611
0.125299
0.0383359
0.128207
0.150101
0.0956602
0.140008
0.131712
0.147072
0.152675
0.133473
0.117002
0.153586
0.130774
0.150411
0.146246
0.133528
0.0936775
0.111123
0.161264
0.129177
0.14372
0.132383
0.131835
0.136501
0.137564
0.129957
0.110502
0.0388932
0.151432
0.144056
0.135088
0.0552911
0.13966
0.137244
0.136383
0.1419
0.137707
0.0923569
0.124278
0.132193
0.110752
0.130308
0.145244
0.13088
0.127422
0.140687
0.147833
0.130889
0.132023
0.153829
0.153079
0.144004
0.152999
0.134832
0.14652
0.131955
0.142972
0.0364224
0.131449
0.131848
0.0848046
0.13091
0.0891436
0.066966
0.018472
0.0865256
0.11384
0.134602
0.129766
0.140101
0.127999
0.128512
0.136588
0.110671
0.110223
0.09131
0.145869
0.142224
0.129024
0.120432
0.13095
0.107867
0.137605
0.0702565
0.0924954
0.130981
0.138164
0.137944
0.129165
0.131696
0.111178
0.131996
0.139836
0.0710488
0.128977
0.132583
0.146528
0.086842
0.0420378
0.128833
0.125109
0.0524927
0.143133
0.109665
0.142768
0.129936
0.117537
0.131089
0.119925
0.114472
0.0870105
0.136396
0.105123
0.141234
0.106746
0.139146
0.127308
0.018916
0.107745
0.131487
0.129126
0.141958
0.0918507
0.13296
0.139286
0.148707
0.111567
0.126714
0.137137
0.106932
0.0932154
0.131519
0.146331
0.131522
0.132355
0.135659
0.156138
0.143979
0.153484
0.142967
0.124662
0.152178
0.11909
0.0880011
0.0948798
0.125241
0.140024
0.140158
0.143701
0.118633
0.113496
0.138578
0.150322
0.147094
0.105407
0.15366
0.138889
0.137978
0.0291638
0.106948
0.145908
0.143085
0.146522
0.149593
0.125532
0.093641
0.139363
0.143693
0.0948321
0.132969
0.138963
0.126152
0.128666
0.0977788
0.114419
0.0710053
0.132228
0.132928
0.141597
0.0419788
0.124534
0.130464
0.0971236
0.151007
0.151321
0.141143
0.141843
0.102666
0.146548
0.151799
0.141092
0.126416
0.144602
0.114976
0.13033
0.129804
0.144946
0.137298
0.137808
0.0696473
0.151488
0.123694
0.134569
0.147554
0.134445
0.144117
0.147029
0.141351
0.101883
0.142783
0.0751226
0.145838
0.134435
0.153647
0.151834
0.103669
0.115799
0.153295
0.131621
0.126432
0.125825
0.13927
0.141425
0.113138
0.144866
0.113844
0.0655559
0.13398
0.135582
0.13525
0.139815
0.117693
0.129457
0.129454
0.145969
0.135796
0.108049
0.131952
0.139238
0.0961677
0.0911464
0.141783
0.0926355
0.151148
0.139161
0.152807
0.138163
0.10485
0.142777
0.0913707
0.144636
0.12763
0.0407209
0.102139
0.14954
0.0625559
0.0882214
0.135395
0.139594
0.10531
0.0870377
0.131224
0.150131
0.147525
0.142727
0.0505263
0.133254
0.0201657
0.150922
0.0973739
0.115826
0.113341
0.142953
0.132262
0.132681
0.0768229
0.0857181
0.150224
0.147867
0.142963
0.151733
0.0439068
0.137527
0.150052
0.146004
0.167475
0.126296
0.128885
0.13358
0.123431
0.0575993
0.140177
0.155989
0.138059
0.143585
0.148683
0.143976
0.0873416
0.130937
0.133925
0.131428
0.173472
0.1427
0.134975
0.151224
0.14903
0.135479
0.132698
0.111624
0.167729
0.151655
0.148458
0.12329
0.148147
0.136008
0.139337
0.135771
0.137261
0.133702
0.117962
0.145831
0.069586
0.11133
0.138567
0.172655
0.103813
0.13671
0.119976
0.129428
0.130822
0.143919
0.0721182
0.146171
0.12227
0.15132
0.0767534
0.129489
0.150585
0.140945
0.13576
0.135047
0.138583
0.14458
0.133598
0.138207
0.148566
0.139802
0.150618
0.118256
0.0993962
0.136102
0.143902
0.109013
0.03934
0.149729
0.0939547
0.153391
0.139459
0.140788
0.137912
0.104067
0.123761
0.141625
0.142683
0.133681
0.142895
0.12148
0.132526
0.141871
0.150665
0.112632
0.134325
0.12464
0.0691841
0.119645
0.146611
0.141109
0.13133
0.146166
0.09721
0.130066
0.137119
0.147005
0.151182
0.0526266
0.135012
0.112704
0.149188
0.142026
0.140582
0.136896
0.0906549
0.133275
0.140153
0.139713
0.13085
0.139465
0.143259
0.148682
0.142369
0.132199
0.140943
0.138891
0.150694
0.142317
0.149624
0.121963
0.112981
0.111782
0.139949
0.135272
0.129257
0.140356
0.1464
0.168979
0.14681
0.149293
0.142636
0.131858
0.0422993
0.0979727
0.140288
0.142941
0.0932798
0.147875
0.15106
0.141625
0.133812
0.143367
0.150705
0.146741
0.14015
0.125846
0.113671
0.162163
0.141862
0.147818
0.149198
0.139366
0.134196
0.142431
0.147849
0.149956
0.132067
0.151292
0.15369
0.14974
0.125108
0.142283
0.143849
0.126132
0.145696
0.138494
0.0653805
0.137005
0.115276
0.151206
0.149575
0.136791
0.15069
0.142447
0.131847
0.139888
0.117713
0.141399
0.114404
0.129235
0.142613
0.133668
0.085098
0.117597
0.144689
0.150533
0.127796
0.108626
0.123276
0.142536
0.135924
0.154371
0.143552
0.14909
0.0478937
0.169256
0.129156
0.14475
0.148572
0.153615
0.145436
0.149441
0.124029
0.159356
0.209352
0.0283651
0.143257
0.146126
0.155487
0.139491
0.145252
0.155207
0.150438
0.0802136
0.108171
0.133075
0.132776
0.150963
0.153873
0.144715
0.144287
0.133538
0.151144
0.110709
0.132126
0.15263
0.146174
0.140664
0.144232
0.142245
0.144768
0.14775
0.124595
0.142544
0.150161
0.0502545
0.147375
0.135284
0.138748
0.136633
0.0890538
0.140045
0.128419
0.100903
0.120028
0.130134
0.108517
0.151516
0.152127
0.136252
0.133332
0.156388
0.120541
0.151603
0.144527
0.143301
0.15114
0.140856
0.152686
0.148693
0.123935
0.139095
0.17199
0.151996
0.146263
0.0384777
0.142001
0.125946
0.162744
0.114526
0.139136
0.147544
0.125911
0.145415
0.133279
0.140085
0.149587
0.125474
0.110463
0.15416
0.138434
0.1406
0.0525488
0.133495
0.11933
0.133863
0.0432941
0.112144
0.143064
0.137853
0.145746
0.130137
0.149647
0.152952
0.130367
0.154459
0.124655
0.134824
0.143334
0.135621
0.10441
0.148126
0.142409
0.137083
0.150898
0.124411
0.148832
0.136184
0.125039
0.141798
0.118589
0.144305
0.128004
0.147972
0.132946
0.148971
0.140603
0.136758
0.145948
0.142913
0.141483
0.10086
0.147879
0.0987431
0.149955
0.153152
0.130327
0.132531
0.145007
0.144263
0.141238
0.130502
0.142536
0.138253
0.115978
0.134972
0.123996
0.150382
0.149346
0.138057
0.118686
0.133744
0.142423
0.129129
0.136597
0.153522
0.0511375
0.136545
0.151567
0.172832
0.148954
0.130909
0.145381
0.134841
0.147979
0.148429
0.140662
0.150797
0.135281
0.135106
0.149697
0.100981
0.13875
0.147804
0.143308
0.15127
0.117408
0.124192
0.147733
0.115698
0.157655
0.140799
0.112823
0.174281
0.136174
0.137067
0.152228
0.137021
0.147643
0.120563
0.15811
0.136476
0.14752
0.150043
0.105577
0.154054
0.143992
0.138215
0.135589
0.144134
0.141058
0.141322
0.154409
0.144309
0.13545
0.130373
0.133819
0.148585
0.149416
0.148174
0.149505
0.151327
0.129278
0.106356
0.148475
0.133304
0.143053
0.146929
0.147694
0.142308
0.145988
0.131453
0.14487
0.137828
0.143196
0.139073
0.13287
0.146989
0.139873
0.151681
0.14271
0.150591
0.14652
0.0978988
0.119061
0.121477
0.114059
0.12755
0.132493
0.133533
0.148025
0.141422
0.129585
0.16189
0.153263
0.150517
0.133451
0.168022
0.148679
0.148798
0.139667
0.143085
0.147168
0.150996
0.112907
0.153309
0.15854
0.149789
0.148899
0.145586
0.147692
0.126048
0.133003
0.151502
0.132741
0.105184
0.15092
0.138818
0.144593
0.149553
0.146226
0.13242
0.119355
0.147847
0.149642
0.132359
0.150735
0.147628
0.147043
0.144318
0.139781
0.136162
0.147761
0.150214
0.149852
0.134426
0.149711
0.155763
0.151406
0.146356
0.149843
0.142798
0.145812
0.143699
0.141596
0.135219
0.149842
0.150269
0.151948
0.134202
0.149819
0.148339
0.109162
0.151265
0.151005
0.143243
0.151823
0.147894
0.148812
0.149874
0.150597
0.152351
0.150984
0.151275
0.136238
0.154361
0.143938
0.0320219
0.148763
0.131606
0.139908
0.119835
0.121518
0.154126
0.149214
0.150509
0.140558
0.0952949
0.135428
0.16455
0.14301
0.14256
0.145499
0.132323
0.153522
0.139918
0.14463
0.143556
0.146946
0.149091
0.115392
0.049449
0.150656
0.141569
0.127155
0.148812
0.146868
0.153131
0.112236
0.149021
0.129757
0.138992
0.140524
0.147328
0.157923
0.143973
0.128685
0.150417
0.151357
0.148948
0.153132
0.149967
0.147389
0.0827464
0.152152
0.148367
0.149577
0.128989
0.14972
0.142928
0.132013
0.119041
0.0976712
0.152585
0.150936
0.138066
0.109107
0.144291
0.147838
0.149143
0.140179
0.153549
0.151315
0.0676485
0.142088
0.152763
0.137267
0.151017
0.110474
0.129014
0.146346
0.14722
0.129597
0.1566
0.128609
0.139921
0.14694
0.105401
0.155439
0.146498
0.151847
0.0566042
0.146925
0.109336
0.123877
0.138789
0.139458
0.136542
0.15134
0.0253654
0.149231
0.132364
0.155354
0.151472
0.110969
0.124799
0.129178
0.153151
0.157312
0.132383
0.148773
0.146491
0.152853
0.141631
0.143696
0.138676
0.120209
0.149811
0.149342
0.148786
0.150663
0.150914
0.139105
0.150268
0.14004
0.142872
0.142603
0.150192
0.122841
0.150962
0.149961
0.150187
0.150913
0.120283
0.150012
0.141189
0.131516
0.150166
0.141499
0.134631
0.193147
0.149246
0.153423
0.0754616
0.141672
0.154274
0.135776
0.152399
0.151738
0.130527
0.145309
0.154175
0.14911
0.13069
0.13402
0.148042
0.150442
0.141743
0.15133
0.155869
0.0985306
0.133422
0.151902
0.151818
0.150246
0.150427
0.131394
0.120775
0.150453
0.151159
0.14769
0.0713376
0.148697
0.15088
0.141808
0.143502
0.140986
0.147135
0.151974
0.183128
0.150609
0.147546
0.14294
0.111027
0.153135
0.149391
0.159323
0.0615279
0.111963
0.130242
0.14466
0.169451
0.118426
0.149996
0.153357
0.146659
0.152682
0.149242
0.149853
0.150744
0.143346
0.150065
0.149058
0.155381
0.100229
0.108788
0.152203
0.118005
0.126578
0.145381
0.149572
0.151206
0.110413
0.153458
0.151219
0.132539
0.151865
0.131086
0.153887
0.153855
0.161021
0.14338
0.142333
0.15237
0.113027
0.136863
0.141622
0.130216
0.15263
0.15261
0.148685
0.149009
0.132443
0.146723
0.142748
0.151969
0.145093
0.165119
0.0912462
0.0991761
0.152349
0.0655346
0.144729
0.137708
0.151824
0.152883
0.149887
0.148385
0.15326
0.153401
0.131147
0.126411
0.134286
0.130631
0.106516
0.153006
0.148416
0.151605
0.153543
0.144187
0.14915
0.139556
0.153035
0.140675
0.14926
0.145706
0.138343
0.133167
0.150238
0.142837
0.150129
0.152985
0.153286
0.15672
0.153266
0.139045
0.152497
0.147153
0.140161
0.137691
0.146167
0.0962842
0.153763
0.110504
0.12495
0.150564
0.0427215
0.135038
0.153599
0.148431
0.153979
0.125942
0.151595
0.150201
0.133837
0.138613
0.153324
0.16488
0.151871
0.126949
0.152752
0.133954
0.129781
0.137065
0.121899
0.15025
0.129388
0.133994
0.0766922
0.151124
0.143852
0.0507148
0.148113
0.1537
0.145275
0.14535
0.154698
0.15201
0.142069
0.112758
0.13997
0.133108
0.152402
0.0732045
0.151904
0.135961
0.15101
0.145194
0.148367
0.146029
0.156342
0.069112
0.145975
0.153686
0.16407
0.145943
0.15185
0.140952
0.141485
0.152084
0.155746
0.149738
0.122507
0.140878
0.144005
0.149835
0.133804
0.145387
0.149046
0.149973
0.124157
0.0381654
0.146708
0.148497
0.1372
0.134344
0.139112
0.144509
0.118575
0.153714
0.139805
0.154236
0.151337
0.152682
0.150949
0.150048
0.151888
0.150209
0.143586
0.145843
0.166993
0.149811
0.135894
0.148524
0.153357
0.151162
0.147375
0.153469
0.151364
0.150671
0.153762
0.152897
0.150038
0.149382
0.150964
0.152012
0.158715
0.132149
0.152749
0.151003
0.14949
0.151081
0.143512
0.134065
0.14873
0.160975
0.14981
0.133458
0.166177
0.140281
0.149708
0.152229
0.148481
0.149527
0.138074
0.151949
0.152213
0.14659
0.145543
0.150814
0.153498
0.135189
0.1422
0.13533
0.153526
0.153624
0.133987
0.147415
0.144529
0.154111
0.150768
0.152823
0.135805
0.137494
0.144449
0.146796
0.132766
0.152032
0.146687
0.149864
0.143509
0.138101
0.169308
0.150575
0.137667
0.152622
0.150192
0.150151
0.145407
0.139692
0.143907
0.144297
0.140085
0.146296
0.139662
0.14408
0.14818
0.141273
0.146892
0.151481
0.156202
0.147633
0.138652
0.146841
0.144238
0.15336
0.14499
0.153201
0.143061
0.120313
0.138725
0.145701
0.128734
0.0530344
0.131916
0.147986
0.148413
0.152981
0.159759
0.16594
0.138848
0.166943
0.146654
0.139912
0.152365
0.111218
0.134156
0.148898
0.140116
0.1807
0.145502
0.136754
0.150676
0.153644
0.145427
0.153589
0.142132
0.137909
0.143981
0.148389
0.152967
0.128592
0.138748
0.146784
0.175866
0.150039
0.146718
0.151679
0.144812
0.144618
0.143288
0.150331
0.148122
0.149674
0.146298
0.150573
0.0707862
0.135
0.151329
0.152594
0.152378
0.153353
0.160459
0.133489
0.142391
0.15513
0.138476
0.149864
0.146392
0.17647
0.146993
0.0933614
0.101064
0.162564
0.153352
0.148491
0.151454
0.136277
0.142624
0.153462
0.104983
0.154558
0.154769
0.15926
0.197594
0.179222
0.144676
0.140871
0.144292
0.150793
0.144448
0.140559
0.0894933
0.153978
0.14822
0.153258
0.145213
0.030565
0.147879
0.138668
0.158501
0.140332
0.154343
0.152922
0.151615
0.148608
0.149447
0.146342
0.15372
0.153535
0.153411
0.146198
0.14396
0.153783
0.154126
0.152695
0.15363
0.15433
0.15344
0.153962
0.154316
0.153493
0.174402
0.170755
0.153621
0.150361
0.15484
0.146125
0.154429
0.154342
0.154453
0.1573
0.139249
0.15401
0.154341
0.154017
0.153753
0.149994
0.145035
0.149388
0.174356
0.151622
0.133556
0.159409
0.146845
0.15463
0.136319
0.1544
0.144638
0.150191
0.170078
0.149307
0.157106
0.158142
0.143609
0.149174
0.154337
0.151124
0.143668
0.154467
0.15316
0.147601
0.137302
0.158403
0.168918
0.153949
0.167386
0.147547
0.146961
0.147781
0.144703
0.139486
0.162703
0.147803
0.142435
0.145286
0.162163
0.147325
0.149647
0.1438
0.148307
0.153203
0.150111
0.147845
0.148432
0.152976
0.142037
0.148582
0.13628
0.14321
0.149515
0.152457
0.180554
0.148768
0.148256
0.137277
0.144587
0.147139
0.129749
0.0820792
0.15311
0.152366
0.143294
0.136167
0.133348
0.152723
0.133821
0.147944
0.152197
0.154787
0.156452
0.141537
0.140068
0.153281
0.148785
0.15378
0.172845
0.143552
0.164322
0.150271
0.153631
0.104127
0.150977
0.153769
0.166428
0.143291
0.146817
0.15172
0.155042
0.0538121
0.144986
0.152341
0.147026
0.0928477
0.153214
0.0877159
0.136969
0.102343
0.0392504
0.151994
0.157304
0.14729
0.151077
0.133602
0.151165
0.152998
0.142561
0.148695
0.135842
0.139974
0.136444
0.152872
0.150766
0.155249
0.152009
0.151965
0.15677
0.151249
0.140706
0.139538
0.143649
0.139458
0.148057
0.172016
0.110793
0.153249
0.144388
0.135743
0.129515
0.151292
0.153558
0.139162
0.0285476
0.152928
0.148347
0.152262
0.13765
0.119824
0.182181
0.153837
0.146877
0.13744
0.146661
0.153602
0.152903
0.15209
0.0404981
0.151844
0.153015
0.158634
0.138866
0.148207
0.136146
0.14625
0.157122
0.129618
0.1484
0.144865
0.15149
0.147031
0.150604
0.111261
0.125675
0.162039
0.151723
0.146981
0.139811
0.136719
0.145426
0.121122
0.121233
0.141719
0.153733
0.133546
0.153509
0.150811
0.128193
0.149816
0.150085
0.156194
0.149126
0.117383
0.0673018
0.137608
0.155966
0.152405
0.151011
0.140733
0.141303
0.15142
0.143102
0.15256
0.129849
0.0446931
0.154682
0.151439
0.145499
0.136231
0.150517
0.150277
0.15373
0.109789
0.149638
0.129469
0.132627
0.146175
0.144595
0.150348
0.153767
0.133796
0.133748
0.15297
0.0285695
0.143651
0.1344
0.159015
0.149334
0.132535
0.146336
0.15373
0.149439
0.135824
0.153687
0.134357
0.146963
0.154312
0.153307
0.131899
0.151592
0.0944805
0.15364
0.127317
0.153482
0.149014
0.123453
0.153428
0.165425
0.15311
0.135559
0.125727
0.147949
0.177377
0.140076
0.134914
0.153215
0.135036
0.124476
0.134755
0.126272
0.145971
0.14186
0.16779
0.149506
0.145113
0.138937
0.129792
0.152328
0.149799
0.125901
0.154762
0.106178
0.144055
0.15371
0.143312
0.136968
0.133103
0.148135
0.147132
0.153814
0.149355
0.13828
0.153382
0.149893
0.141744
0.150194
0.133758
0.153435
0.130705
0.144398
0.148803
0.148123
0.121136
0.157316
0.144951
0.131495
0.125805
0.132013
0.153542
0.153584
0.146744
0.153126
0.135548
0.153282
0.0281893
0.147932
0.144923
0.145063
0.101897
0.14649
0.146063
0.135279
0.0699592
0.108222
0.150757
0.151492
0.12528
0.127941
0.150621
0.154151
0.156969
0.138322
0.153818
0.150266
0.152857
0.152548
0.151883
0.153891
0.150903
0.153148
0.138785
0.135833
0.153141
0.145864
0.177111
0.145761
0.153201
0.111057
0.106246
0.148691
0.132444
0.154714
0.146234
0.14706
0.147968
0.131604
0.116759
0.151891
0.152682
0.0968459
0.14741
0.155079
0.146162
0.137758
0.15261
0.147003
0.129183
0.152818
0.152903
0.153162
0.126401
0.149826
0.126723
0.126067
0.14673
0.151741
0.146568
0.156664
0.147982
0.130468
0.127642
0.146896
0.148726
0.153357
0.150384
0.14671
0.153498
0.132048
0.116152
0.151724
0.152766
0.0735475
0.118312
0.145872
0.153018
0.164739
0.126774
0.141748
0.143512
0.153575
0.133431
0.150183
0.150708
0.153756
0.13873
0.0501202
0.136013
0.144226
0.141738
0.139796
0.144919
0.142958
0.151853
0.153282
0.141201
0.151607
0.142893
0.15177
0.149918
0.150079
0.133225
0.0737657
0.147525
0.151966
0.152418
0.148454
0.149765
0.160854
0.150821
0.111703
0.155901
0.130087
0.133937
0.150002
0.148678
0.159069
0.130904
0.176628
0.15369
0.135872
0.15305
0.143967
0.034954
0.149962
0.142833
0.0822972
0.151772
0.157007
0.145717
0.150779
0.144526
0.149276
0.138605
0.156988
0.107192
0.149989
0.149162
0.151167
0.149274
0.135773
0.151949
0.158499
0.154499
0.151567
0.139213
0.146085
0.105542
0.146814
0.152587
0.153349
0.140832
0.143478
0.12817
0.102138
0.13011
0.151544
0.149283
0.150213
0.135765
0.152235
0.153131
0.131391
0.116468
0.153239
0.152228
0.127325
0.149792
0.154136
0.150965
0.152371
0.141587
0.144441
0.138709
0.064967
0.104193
0.153095
0.170845
0.153255
0.151363
0.141718
0.159493
0.146611
0.150835
0.150629
0.148401
0.148374
0.151738
0.144109
0.151143
0.153326
0.146389
0.152746
0.146394
0.15121
0.152746
0.130175
0.150171
0.127549
0.158832
0.157504
0.151062
0.0455171
0.137608
0.150025
0.0983091
0.152097
0.139667
0.105639
0.151892
0.147178
0.139673
0.152886
0.149022
0.161564
0.151594
0.150551
0.144025
0.15705
0.151801
0.0714382
0.149179
0.132711
0.129404
0.151432
0.147822
0.138701
0.158045
0.151166
0.0711305
0.155202
0.153277
0.147074
0.150756
0.15092
0.154536
0.133269
0.146401
0.147285
0.151406
0.146719
0.150409
0.126642
0.148751
0.153954
0.112224
0.149899
0.150739
0.152613
0.1506
0.152751
0.0915327
0.150869
0.150624
0.150964
0.149025
0.0727302
0.155667
0.127463
0.152497
0.149205
0.12921
0.152846
0.15059
0.153451
0.114159
0.153358
0.146173
0.13808
0.151442
0.152961
0.150274
0.153165
0.136425
0.116347
0.153239
0.149949
0.108636
0.140394
0.152502
0.151975
0.125937
0.153238
0.142692
0.150326
0.145118
0.15057
0.150716
0.147863
0.144378
0.150099
0.121681
0.0448878
0.133566
0.151652
0.167347
0.132723
0.135099
0.148476
0.143834
0.152605
0.0962655
0.151055
0.149965
0.127678
0.112953
0.148824
0.153099
0.139539
0.141542
0.152139
0.151794
0.158782
0.150459
0.131882
0.130924
0.104035
0.150381
0.147612
0.111428
0.107195
0.131256
0.152042
0.0684319
0.145537
0.152178
0.14626
0.0966621
0.116509
0.133097
0.15229
0.150301
0.141372
0.149919
0.150528
0.135858
0.0679871
0.13964
0.146698
0.125015
0.152199
0.144989
0.128161
0.148335
0.147861
0.13389
0.160546
0.151878
0.147781
0.138034
0.136521
0.144896
0.146587
0.15204
0.135846
0.153351
0.143302
0.128363
0.15138
0.0965819
0.14795
0.125547
0.151933
0.151961
0.154244
0.138154
0.151245
0.133998
0.149752
0.150173
0.147876
0.1549
0.152986
0.144635
0.131389
0.107869
0.144539
0.14645
0.147996
0.137068
0.152746
0.15308
0.136597
0.132127
0.141981
0.124329
0.133123
0.147971
0.1302
0.12928
0.151556
0.133273
0.094133
0.150331
0.101325
0.15135
0.150992
0.144109
0.15252
0.14997
0.150151
0.14793
0.172178
0.149811
0.150761
0.132297
0.145863
0.150501
0.149302
0.152353
0.150389
0.146026
0.150985
0.148957
0.149946
0.101966
0.15999
0.165084
0.0344039
0.131439
0.150431
0.141308
0.133926
0.151075
0.0969933
0.139718
0.153145
0.143586
0.137179
0.116034
0.149588
0.149261
0.148617
0.146617
0.147077
0.124404
0.147237
0.127318
0.125645
0.151537
0.138746
0.149318
0.152955
0.149098
0.105727
0.141427
0.148071
0.122611
0.148911
0.148477
0.146705
0.148949
0.149343
0.146596
0.148268
0.153082
0.139266
0.146066
0.146755
0.107078
0.0873341
0.152718
0.147323
0.121456
0.128319
0.15293
0.179995
0.138361
0.147313
0.14994
0.148019
0.0934334
0.105244
0.149204
0.144805
0.128667
0.0190911
0.141836
0.150754
0.149496
0.146514
0.136371
0.162055
0.150118
0.124526
0.152554
0.0950724
0.148145
0.134984
0.141063
0.147432
0.149149
0.142932
0.137391
0.145377
0.148722
0.149142
0.148265
0.149498
0.149841
0.149118
0.0209851
0.124198
0.124355
0.12459
0.146798
0.144143
0.148131
0.133108
0.124041
0.147468
0.143329
0.1476
0.149136
0.143846
0.147261
0.127067
0.146373
0.124358
0.147839
0.132315
0.152206
0.136117
0.115341
0.118911
0.140109
0.114387
0.138085
0.143061
0.136484
0.145322
0.134073
0.13382
0.147781
0.148595
0.142958
0.136953
0.124077
0.14261
0.150774
0.0700963
0.150832
0.11066
0.152345
0.111701
0.149956
0.149923
0.156118
0.147121
0.150356
0.0976193
0.149671
0.14303
0.154405
0.143583
0.140127
0.148344
0.148685
0.135017
0.150241
0.145455
0.127289
0.129081
0.149023
0.146761
0.138707
0.125513
0.135853
0.150232
0.14157
0.148062
0.15001
0.144685
0.106154
0.0861511
0.147049
0.148215
0.150134
0.145755
0.13733
0.0730998
0.104318
0.137758
0.136894
0.14487
0.147516
0.146868
0.144821
0.149599
0.146874
0.148672
0.106007
0.152064
0.144072
0.14641
0.151382
0.16516
0.149666
0.147366
0.144682
0.117668
0.137935
0.147373
0.152386
0.121769
0.138756
0.143528
0.135516
0.138017
0.120017
0.146022
0.14602
0.142212
0.148218
0.146352
0.152184
0.149985
0.143139
0.14482
0.14095
0.150245
0.151973
0.136411
0.119894
0.147927
0.145773
0.134159
0.142336
0.149401
0.143887
0.156733
0.137686
0.0866002
0.118177
0.138212
0.143553
0.130378
0.144011
0.151953
0.139241
0.0721672
0.133458
0.145197
0.152389
0.147016
0.137148
0.149488
0.143426
0.116613
0.172256
0.144541
0.149067
0.145268
0.149587
0.13724
0.150238
0.152727
0.1535
0.149385
0.150845
0.115704
0.133125
0.111008
0.137771
0.145558
0.151827
0.145248
0.133815
0.147874
0.148009
0.0711027
0.133572
0.146448
0.146851
0.0769731
0.142402
0.145805
0.150005
0.107922
0.137346
0.152619
0.126879
0.0660758
0.122973
0.1555
0.147583
0.0810356
0.144732
0.149925
0.123028
0.116632
0.138561
0.136576
0.152712
0.139707
0.15014
0.140239
0.143774
0.150413
0.150717
0.143537
0.136284
0.149574
0.132378
0.146428
0.144284
0.144865
0.132958
0.135881
0.143292
0.144044
0.133575
0.152303
0.151754
0.136672
0.150521
0.0294874
0.150887
0.151541
0.14892
0.150041
0.141557
0.148249
0.105132
0.142887
0.13976
0.132186
0.150111
0.149107
0.147015
0.148892
0.151588
0.151796
0.158178
0.144121
0.150382
0.143763
0.138208
0.150289
0.140109
0.151563
0.148473
0.163432
0.111243
0.148647
0.15815
0.150001
0.110187
0.136211
0.13151
0.146657
0.139167
0.143124
0.13701
0.136235
0.14224
0.138509
0.141429
0.147517
0.151706
0.140552
0.134257
0.114631
0.152298
0.148926
0.127709
0.130065
0.135124
0.152555
0.125175
0.138541
0.140856
0.145786
0.146113
0.150704
0.152073
0.142624
0.150282
0.152033
0.152406
0.113756
0.140298
0.150232
0.0574498
0.142739
0.145289
0.142335
0.100569
0.136234
0.152243
0.108028
0.139833
0.149487
0.137484
0.144933
0.0190721
0.151049
0.0952751
0.149936
0.130148
0.150525
0.143589
0.133926
0.0276504
0.152295
0.144945
0.15076
0.152306
0.144349
0.14971
0.133243
0.128491
0.0880481
0.14878
0.144405
0.138486
0.141754
0.14033
0.141115
0.172712
0.148104
0.148469
0.136556
0.130466
0.151118
0.143847
0.147888
0.131195
0.100377
0.134006
0.152028
0.0741869
0.150221
0.152026
0.138326
0.137411
0.0914766
0.149052
0.146669
0.150376
0.15008
0.140595
0.146521
0.150393
0.108335
0.147251
0.137244
0.150646
0.109833
0.12808
0.150798
0.119199
0.139545
0.147526
0.140153
0.149426
0.150729
0.144619
0.142714
0.123067
0.138277
0.151663
0.105486
0.133546
0.137396
0.147279
0.143609
0.139895
0.109237
0.0350558
0.123318
0.136809
0.137227
0.149897
0.142
0.0910163
0.131434
0.134859
0.133783
0.152087
0.13746
0.146096
0.0952085
0.145939
0.123859
0.143539
0.13941
0.149209
0.148126
0.110108
0.133829
0.148652
0.0378821
0.131525
0.148096
0.0730218
0.129976
0.13664
0.131994
0.152566
0.148258
0.148267
0.142854
0.145308
0.1524
0.126711
0.126526
0.149912
0.12498
0.145493
0.140115
0.131479
0.123805
0.137157
0.141436
0.141591
0.130657
0.14411
0.134848
0.149375
0.152209
0.128514
0.139024
0.157394
0.126748
0.0855682
0.135239
0.147359
0.148286
0.136924
0.138484
0.143568
0.147834
0.155053
0.133613
0.143006
0.149276
0.134829
0.148266
0.136404
0.141063
0.176302
0.131395
0.125602
0.0930048
0.139325
0.106875
0.139479
0.164561
0.133608
0.147007
0.127239
0.142166
0.123288
0.13567
0.136852
0.141116
0.1404
0.127758
0.138738
0.116116
0.139429
0.088285
0.141091
0.133792
0.136612
0.150201
0.139813
0.0739768
0.152091
0.128555
0.112142
0.133143
0.141634
0.136662
0.136521
0.133879
0.143339
0.140322
0.153047
0.147666
0.147851
0.133974
0.149838
0.13887
0.121398
0.143642
0.140299
0.125897
0.147189
0.0901606
0.149771
0.132144
0.124643
0.138031
0.165894
0.15193
0.107366
0.144974
0.183524
0.133263
0.112177
0.144425
0.114024
0.119731
0.135874
0.150532
0.126181
0.146202
0.151548
0.146446
0.133907
0.127731
0.14674
0.0949764
0.134471
0.141937
0.160212
0.15088
0.143852
0.100181
0.147041
0.143833
0.129482
0.138563
0.131175
0.0951957
0.0300627
0.117968
0.0983883
0.155625
0.106068
0.152282
0.0684627
0.142015
0.0926887
0.139364
0.0184597
0.136303
0.0763929
0.0938085
0.128056
0.145126
0.137251
0.131758
0.142608
0.132489
0.141961
0.106854
0.106249
0.110461
0.141741
0.111307
0.0909963
0.148734
0.142072
0.14288
0.134479
0.123723
0.151231
0.137691
0.139397
0.105458
0.0459859
0.133301
0.131291
0.135754
0.140107
0.0929697
0.143066
0.145577
0.142308
0.139502
0.140472
0.124992
0.134439
0.0356969
0.143513
0.147351
0.134034
0.12529
0.119916
0.158709
0.14431
0.122003
0.131541
0.0527334
0.13866
0.146464
0.127106
0.123319
0.139224
0.145307
0.139958
0.140089
0.133438
0.142535
0.14721
0.135017
0.149654
0.140576
0.13985
0.150363
0.132403
0.132577
0.127579
0.135447
0.0958744
0.143813
0.137035
0.144307
0.134546
0.138044
0.0911929
0.14774
0.133424
0.151269
0.116017
0.153046
0.136509
0.137311
0.148361
0.149092
0.14882
0.134087
0.151582
0.126769
0.137376
0.149732
0.139039
0.140822
0.133663
0.135585
0.151375
0.142441
0.131269
0.141333
0.129387
0.130523
0.0830531
0.141211
0.135533
0.123539
0.139334
0.125381
0.142962
0.115437
0.122714
0.129741
0.133496
0.131607
0.140949
0.150392
0.134435
0.127107
0.0603273
0.0951551
0.134886
0.143407
0.132538
0.111056
0.141774
0.140123
0.132742
0.138469
0.133846
0.142626
0.144814
0.12808
0.12757
0.0883468
0.129286
0.0285609
0.109423
0.142891
0.141564
0.0660673
0.144804
0.149957
0.0905645
0.140376
0.114563
0.142463
0.147107
0.138397
0.142595
0.120474
0.152144
0.162807
0.128018
0.143908
0.149953
0.0807114
0.124815
0.139421
0.130613
0.133558
0.114896
0.143526
0.125607
0.0748561
0.14193
0.0911827
0.181885
0.128363
0.148925
0.143063
0.140292
0.175498
0.148717
0.141994
0.140907
0.103696
0.153144
0.146562
0.166992
0.145874
0.144018
0.115887
0.139719
0.150006
0.146058
0.152339
0.124865
0.142221
0.143271
0.135447
0.098319
0.110804
0.149699
0.0970139
0.128006
0.11982
0.153117
0.166527
0.131011
0.124159
0.143361
0.145064
0.146767
0.130057
0.134149
0.141489
0.127304
0.145546
0.115865
0.147597
0.153191
0.0951194
0.147247
0.123994
0.135236
0.140888
0.152336
0.121974
0.15461
0.144788
0.0784171
0.143964
0.0650949
0.141553
0.080823
0.144841
0.133411
0.104501
0.127145
0.155057
0.138699
0.144219
0.136312
0.0700575
0.112026
0.114885
0.137784
0.144591
0.139237
0.116146
0.0280035
0.116535
0.139098
0.103954
0.0972804
0.111467
0.14257
0.144843
0.132875
0.140322
0.135322
0.133215
0.117006
0.132123
0.139091
0.152391
0.121275
0.116472
0.140855
0.141416
0.153515
0.146918
0.138548
0.146382
0.145324
0.125273
0.127201
0.114989
0.110689
0.144803
0.134419
0.133028
0.136167
0.138481
0.133476
0.113242
0.12367
0.112741
0.0857149
0.137889
0.0884578
0.149903
0.127553
0.116852
0.126644
0.151685
0.138274
0.0989734
0.0286891
0.149291
0.104453
0.0995797
0.147909
0.151521
0.14526
0.127871
0.136686
0.150026
0.134494
0.136883
0.14553
0.147614
0.109703
0.110469
0.134882
0.105204
0.132058
0.150775
0.130912
0.149715
0.136625
0.124629
0.109093
0.139691
0.0965518
0.106126
0.143736
0.136301
0.131002
0.13808
0.137255
0.114761
0.0746103
0.119856
0.152705
0.128305
0.135287
0.141726
0.147956
0.112607
0.134923
0.133989
0.140132
0.0881895
0.141379
0.139836
0.138182
0.148649
0.142556
0.15742
0.114866
0.142297
0.146639
0.128589
0.058021
0.0996746
0.144474
0.148782
0.135386
0.11418
0.126122
0.0424294
0.154178
0.147124
0.147552
0.100836
0.118976
0.123235
0.0879921
0.105828
0.109061
0.138002
0.136328
0.145115
0.138488
0.135544
0.0749979
0.128886
0.125746
0.138035
0.136755
0.104711
0.133973
0.142052
0.116376
0.14518
0.11041
0.135377
0.148083
0.028177
0.136362
0.132041
0.135019
0.141647
0.137777
0.10707
0.117556
0.139984
0.0293244
0.137653
0.148978
0.117276
0.12834
0.142817
0.121277
0.11644
0.0688844
0.111379
0.147138
0.125646
0.109173
0.0939268
0.141364
0.138546
0.0993654
0.0339205
0.151136
0.131377
0.109235
0.126535
0.129526
0.135135
0.147688
0.137922
0.134336
0.137627
0.130912
0.144342
0.143167
0.0279113
0.151428
0.140044
0.145124
0.152162
0.136262
0.140265
0.135352
0.131239
0.131519
0.0696011
0.0379109
0.150062
0.115562
0.126271
0.138182
0.0823016
0.114986
0.0996106
0.125642
0.0379005
0.122465
0.121727
0.0941173
0.0672583
0.147767
0.111759
0.0951817
0.0995122
0.143556
0.116588
0.128211
0.141114
0.0268552
0.10856
0.115538
0.142339
0.144107
0.144805
0.120995
0.13956
0.141813
0.135224
0.133826
0.0369033
0.124168
0.117793
0.148258
0.146949
0.128293
0.146625
0.141499
0.111839
0.136628
0.144217
0.153002
0.130411
0.101536
0.111903
0.0980564
0.131724
0.144519
0.10049
0.14574
0.127121
0.137407
0.136227
0.14917
0.127372
0.109765
0.125057
0.109971
0.0902876
0.139318
0.137087
0.0530291
0.149253
0.132834
0.128395
0.145635
0.13292
0.103442
0.130473
0.0936225
0.137649
0.126585
0.126269
0.147613
0.116352
0.129842
0.100992
0.105559
0.091141
0.144573
0.0990137
0.155631
0.142947
0.0821466
0.147111
0.116118
0.146087
0.13872
0.14778
0.170853
0.111124
0.13628
0.13606
0.100512
0.12447
0.134053
0.120336
0.140448
0.132848
0.0705269
0.0637785
0.128992
0.0912503
0.139647
0.121689
0.105711
0.125529
0.150937
0.140863
0.0909433
0.102359
0.119413
0.105014
0.103765
0.0580538
0.134302
0.147295
0.121365
0.142923
0.0967206
0.145239
0.145152
0.0304118
0.146275
0.134852
0.0997287
0.142124
0.108402
0.144337
0.133977
0.143242
0.123364
0.134774
0.126694
0.107566
0.147298
0.14544
0.0988429
0.149321
0.125029
0.134478
0.123216
0.0689414
0.0907052
0.14975
0.150194
0.13615
0.0951538
0.144184
0.0968195
0.0495831
0.130614
0.136918
0.13619
0.127976
0.12465
0.0658804
0.0727502
0.136879
0.137509
0.112778
0.110242
0.136539
0.112489
0.127496
0.139811
0.144478
0.0975066
0.126688
0.150367
0.125629
0.150833
0.148922
0.136868
0.109008
0.0979442
0.105548
0.148818
0.133551
0.121806
0.145504
0.139192
0.0942
0.132376
0.133729
0.0870642
0.0360077
0.0941004
0.146505
0.13955
0.0975853
0.143843
0.104233
0.136457
0.0899753
0.139
0.078264
0.135689
0.0861352
0.121836
0.142255
0.0685846
0.126157
0.119547
0.0372375
0.104973
0.134707
0.125844
0.131966
0.136282
0.138465
0.143814
0.126762
0.0655005
0.100074
0.111067
0.15113
0.125513
0.114118
0.155344
0.0706741
0.132118
0.136778
0.14798
0.123064
0.182699
0.134186
0.142886
0.123432
0.136113
0.0881206
0.13299
0.137174
0.127798
0.143186
0.107414
0.138067
0.14632
0.148054
0.0660848
0.0961465
0.0998715
0.157078
0.148425
0.116314
0.134699
0.137751
0.143947
0.116869
0.085193
0.151133
0.101737
0.120979
0.126801
0.153341
0.146928
0.143952
0.063864
0.133698
0.138542
0.0847972
0.117197
0.127695
0.143051
0.141806
0.131276
0.0734281
0.139014
0.11597
0.0908113
0.150122
0.0903705
0.127214
0.135607
0.108773
0.142168
0.110298
0.146907
0.148208
0.0719153
0.137766
0.14656
0.0718165
0.168219
0.0426809
0.147617
0.130549
0.125881
0.14883
0.152992
0.120584
0.105604
0.135794
0.144888
0.130856
0.119062
0.0835695
0.132104
0.0945203
0.140642
0.0730567
0.11825
0.136438
0.149717
0.0389094
0.092492
0.144158
0.13044
0.113455
0.0708903
0.143245
0.0851266
0.147594
0.123193
0.148451
0.0978553
0.123198
0.141189
0.134305
0.140647
0.0673504
0.154423
0.13184
0.0866379
0.151125
0.148069
0.160943
0.133754
0.131656
0.107574
0.143993
0.148265
0.149755
0.114358
0.120173
0.127707
0.147269
0.153044
0.146879
0.103247
0.158557
0.106103
0.139969
0.129344
0.113883
0.123175
0.130859
0.142827
0.130013
0.0867579
0.143641
0.139443
0.126307
0.142786
0.135646
0.0948423
0.123789
0.128197
0.148825
0.110665
0.0728935
0.091308
0.140839
0.0540559
0.0937104
0.131836
0.107695
0.143448
0.134783
0.0716976
0.110141
0.143799
0.125981
0.0939252
0.117463
0.126393
0.0890479
0.153101
0.14679
0.134082
0.118461
0.0945712
0.149786
0.038313
0.0991978
0.111676
0.117221
0.147386
0.0826909
0.10409
0.114984
0.106183
0.140364
0.13177
0.138641
0.139237
0.0889776
0.103616
0.128602
0.114793
0.0976426
0.1238
0.131623
0.103661
0.123623
0.143224
0.0881475
0.130139
0.145887
0.0903758
0.0714206
0.117705
0.140439
0.172626
0.162577
0.0944521
0.147245
0.0772968
0.157509
0.0915463
0.133025
0.14348
0.0983935
0.117528
0.142265
0.149933
0.115632
0.121976
0.0736931
0.150976
0.111469
0.126702
0.141246
0.116555
0.10549
0.145602
0.119483
0.131197
0.150395
0.156176
0.146308
0.115717
0.135458
0.139562
0.123913
0.135013
0.150803
0.150685
0.147818
0.118475
0.0961471
0.137493
0.0946974
0.114238
0.114171
0.13739
0.0867588
0.0970759
0.0701544
0.0989996
0.106414
0.132229
0.114831
0.0696162
0.11052
0.15065
0.102169
0.097891
0.0956483
0.115098
0.114582
0.14156
0.0983647
0.147485
0.0948079
0.150299
0.1104
0.113128
0.145312
0.0930055
0.159602
0.102479
0.0871582
0.0687051
0.105347
0.0986165
0.105859
0.138537
0.142731
0.0720603
0.0946967
0.144106
0.0688117
0.144206
0.0938505
0.028222
0.0975943
0.144371
0.0734278
0.14308
0.102304
0.120546
0.103209
0.0984005
0.144716
0.140448
0.133843
0.113792
0.134329
0.103942
0.126159
0.0969884
0.0885713
0.110917
0.149112
0.112735
0.128444
0.131002
0.13906
0.142618
0.100124
0.0627427
0.102439
0.100023
0.0965738
0.115051
0.0977581
0.113959
0.100118
0.145024
0.137513
0.138815
0.116563
0.146802
0.1085
0.11143
0.180091
0.0873321
0.167193
0.0982167
0.12617
0.07005
0.101268
0.10228
0.111568
0.139777
0.16068
0.124606
0.135344
0.0565021
0.128019
0.106149
0.121436
0.108801
0.127493
0.111372
0.139558
0.106396
0.137943
0.0978673
0.123705
0.111334
0.0866536
0.103846
0.125185
0.115362
0.119634
0.112927
0.0967922
0.122695
0.144295
0.110233
0.0934043
0.108354
0.100146
0.104968
0.131996
0.11608
0.107823
0.0971735
0.0985578
0.100783
0.150675
0.0983788
0.0956251
0.112388
0.136823
0.102947
0.111642
0.136974
0.0948868
0.0996199
0.12532
0.0629079
0.14239
0.134103
0.0689235
0.113564
0.131839
0.0930348
0.147615
0.155261
0.0923107
0.108811
0.0979836
0.0991662
0.119445
0.117815
0.115476
0.129868
0.137053
0.144321
0.146749
0.15339
0.0410202
0.122285
0.115628
0.0486023
0.136541
0.093945
0.0994149
0.148156
0.094582
0.114615
0.108164
0.100364
0.149263
0.0837308
0.064755
0.103811
0.145136
0.116082
0.11104
0.132693
0.141818
0.0221632
0.163032
0.107414
0.0986999
0.132832
0.103027
0.144475
0.116153
0.0893428
0.0502081
0.0637153
0.150392
0.14657
0.0952355
0.132258
0.0968463
0.153389
0.111612
0.0215382
0.0846991
0.14516
0.133025
0.11666
0.112871
0.149062
0.0665846
0.0430993
0.124854
0.0466299
0.146303
0.119967
0.138767
0.0694057
0.111618
0.0689217
0.0722333
0.10248
0.148436
0.150776
0.0914718
0.100067
0.0952469
0.141654
0.102303
0.0885151
0.112931
0.0919251
0.147969
0.147472
0.13807
0.0489151
0.150334
0.141931
0.092331
0.144477
0.108561
0.120376
0.0951742
0.114215
0.111631
0.149651
0.14804
0.0923147
0.095514
0.144929
0.140596
0.0775223
0.131259
0.100312
0.0955199
0.098746
0.145668
0.149465
0.123108
0.101826
0.0188821
0.101119
0.107679
0.0962668
0.138918
0.0880307
0.111919
0.115178
0.145045
0.136015
0.119891
0.147979
0.07394
0.15022
0.141748
0.106573
0.142707
0.0887129
0.143318
0.0722474
0.0965408
0.0887363
0.109209
0.117539
0.144773
0.104713
0.113384
0.042073
0.115736
0.0963717
0.132593
0.124709
0.135305
0.124632
0.021983
0.148535
0.0946709
0.077248
0.0326029
0.146303
0.0660486
0.14775
0.146871
0.125238
0.169838
0.140242
0.130497
0.110175
0.143484
0.0217584
0.14792
0.147353
0.114276
0.118452
0.0618091
0.136409
0.113229
0.0925819
0.113827
0.0906726
0.119328
0.144477
0.088163
0.143839
0.131859
0.0731065
0.110833
0.0710096
0.101074
0.139299
0.0977219
0.0428605
0.129136
0.117412
0.113349
0.150597
0.170612
0.119911
0.0518602
0.116408
0.109911
0.0917747
0.107806
0.096748
0.135248
0.146088
0.0843488
0.0848447
0.137724
0.0762866
0.147973
0.137005
0.0346575
0.101015
0.0535355
0.0934354
0.122867
0.0517449
0.0875633
0.138536
0.0181693
0.140339
0.0549545
0.1115
0.143582
0.149725
0.053805
0.117397
0.141008
0.122438
0.10753
0.0859452
0.0745174
0.0526431
0.131133
0.154345
0.110305
0.109223
0.0655584
0.100883
0.107374
0.114914
0.114944
0.0928453
0.124781
0.133241
0.115611
0.101267
0.107536
0.0425502
0.131087
0.105165
0.107448
0.0692698
0.0663317
0.061595
0.148316
0.126274
0.151711
0.149637
0.109168
0.0639693
0.0715407
0.103747
0.0927838
0.019462
0.119215
0.100532
0.125319
0.144405
0.121871
0.148416
0.104966
0.146498
0.0989461
0.0412209
0.0942636
0.134606
0.0785541
0.150462
0.147037
0.04256
0.147368
0.110019
0.150798
0.132019
0.0744298
0.112563
0.136225
0.107906
0.0572771
0.106724
0.0941549
0.0789739
0.115589
0.143209
0.110776
0.134588
0.137118
0.152279
0.152053
0.0722149
0.150398
0.0310034
0.0969374
0.140639
0.0995276
0.137693
0.0711585
0.0682204
0.103324
0.140362
0.116462
0.0973235
0.147294
0.100859
0.149597
0.0977434
0.141431
0.11414
0.0789751
0.102505
0.0874863
0.147528
0.0985263
0.112603
0.127383
0.148031
0.0947872
0.136638
0.0982013
0.141086
0.134279
0.100191
0.128584
0.132684
0.137157
0.05348
0.0825537
0.0668768
0.0631209
0.103856
0.126603
0.102088
0.0708488
0.0963168
0.128727
0.141115
0.147423
0.139933
0.128815
0.131649
0.072301
0.118409
0.148224
0.149484
0.0927571
0.100031
0.146042
0.0364916
0.123234
0.1565
0.106185
0.0788243
0.0319061
0.120596
0.131514
0.097886
0.0732306
0.0191045
0.139555
0.136722
0.150909
0.09698
0.0587088
0.0977877
0.149608
0.105941
0.147775
0.141278
0.113173
0.0899923
0.04408
0.111324
0.0959695
0.147036
0.141421
0.146579
0.0931406
0.0714679
0.149383
0.0562455
0.0446414
0.123487
0.0832225
0.148545
0.0694835
0.0255582
0.0832784
0.0914803
0.142983
0.0528399
0.0678495
0.121157
0.137526
0.0856256
0.102133
0.131897
0.0666677
0.148795
0.0876803
0.136367
0.136663
0.046039
0.132286
0.142537
0.0877546
0.0731454
0.117763
0.137735
0.120359
0.14224
0.0681584
0.135072
0.110811
0.0469686
0.108112
0.0844502
0.0562635
0.0942239
0.0864527
0.15262
0.126403
0.138675
0.138882
0.124715
0.114806
0.0723904
0.0682711
0.123762
0.139967
0.128555
0.137532
0.149773
0.0854734
0.074088
0.0578477
0.110099
0.136206
0.147352
0.142816
0.0982889
0.143424
0.0397587
0.141266
0.125898
0.0630042
0.11074
0.135954
0.0641212
0.0864081
0.0381092
0.10777
0.0718566
0.0671806
0.0848075
0.0981808
0.0402274
0.103595
0.0454818
0.0670383
0.116315
0.0423408
0.13886
0.132415
0.145819
0.120831
0.136701
0.0929047
0.0887096
0.150862
0.0452839
0.08733
0.0919428
0.0535633
0.145414
0.0842553
0.100077
0.121049
0.139875
0.0834177
0.0864466
0.0590658
0.125631
0.140376
0.119645
0.12606
0.0993921
0.143497
0.0701301
0.144641
0.0861322
0.0958819
0.149925
0.175109
0.0956979
0.147393
0.0640935
0.0986729
0.0848884
0.0345108
0.0938558
0.0811396
0.0638926
0.143949
0.0852651
0.0193131
0.143961
0.126274
0.0605971
0.135063
0.0976229
0.115137
0.057166
0.166509
0.0668333
0.0863602
0.0568927
0.149458
0.140901
0.150151
0.0757694
0.0956595
0.0834768
0.160769
0.081751
0.11011
0.103984
0.0752613
0.063981
0.0569474
0.0810768
0.134459
0.0908443
0.104098
0.081408
0.116967
0.114456
0.107118
0.12349
0.090406
0.146418
0.123033
0.11669
0.11214
0.152308
0.0822217
0.146798
0.0793284
0.134158
0.131074
0.0983082
0.0737183
0.143362
0.0569678
0.0765738
0.0910459
0.118488
0.0865897
0.139445
0.0759482
0.09849
0.110729
0.107432
0.137364
0.118633
0.131989
0.0930284
0.0978424
0.0766645
0.121817
0.114381
0.0791669
0.152715
0.127672
0.0602973
0.149409
0.0860559
0.15017
0.148588
0.118418
0.0800765
0.115959
0.0189275
0.0859296
0.103878
0.0690988
0.0643801
0.071076
0.075491
0.147029
0.0970035
0.104877
0.105491
0.0898602
0.149188
0.0633912
0.0996403
0.113343
0.102137
0.15929
0.149565
0.0427075
0.0184582
0.0976852
0.116123
0.150194
0.108993
0.0221414
0.122363
0.144545
0.147476
0.121331
0.110719
0.131953
0.0973128
0.144306
0.078555
0.0969585
0.019149
0.120477
0.111507
0.113338
0.144216
0.0614418
0.114135
0.0614708
0.0948458
0.141809
0.0750559
0.0767397
0.126605
0.0749835
0.069241
0.144274
0.147107
0.119821
0.0987926
0.136648
0.0607399
0.0762127
0.0709263
0.100989
0.0349441
0.067634
0.1277
0.0696789
0.0466058
0.129727
0.152112
0.14862
0.112501
0.0704742
0.135645
0.0779208
0.0727065
0.100668
0.122629
0.0728081
0.141524
0.0756364
0.133639
0.148274
0.0687836
0.0684638
0.163164
0.132288
0.0955041
0.0718381
0.146653
0.149973
0.0771718
0.0997754
0.11498
0.070411
0.0271997
0.0296388
0.0931046
0.156049
0.132246
0.085172
0.0756868
0.100272
0.101534
0.0494643
0.0744172
0.0713986
0.145522
0.0334216
0.107429
0.115699
0.128048
0.152468
0.148412
0.115946
0.0527118
0.0950317
0.115295
0.102663
0.0398758
0.0426995
0.105193
0.121019
0.0740352
0.114723
0.0719186
0.096961
0.0672764
0.0803469
0.106127
0.101716
0.0353573
0.0817207
0.108825
0.129849
0.114183
0.147522
0.0734578
0.132737
0.096233
0.0933685
0.0291335
0.150809
0.0865514
0.150794
0.129159
0.101857
0.131244
0.0476867
0.145264
0.125005
0.107525
0.116926
0.117285
0.127216
0.0308972
0.149157
0.0440169
0.0308782
0.0424741
0.100774
0.144492
0.14437
0.0363268
0.150316
0.0644328
0.0872182
0.1339
0.118886
0.030556
0.0740723
0.137212
0.105556
0.137439
0.0857175
0.130972
0.0874335
0.0522667
0.11962
0.0688328
0.0743048
0.136225
0.0614716
0.0686513
0.0408982
0.113365
0.125232
0.0676573
0.150287
0.111838
0.147759
0.161834
0.0987721
0.0606475
0.0619246
0.13929
0.0391435
0.135784
0.128185
0.123527
0.113741
0.126543
0.0918588
0.149303
0.13006
0.104678
0.118506
0.0285124
0.138664
0.165076
0.0190395
0.078947
0.0727094
0.107701
0.100944
0.132817
0.136504
0.131234
0.0816608
0.104283
0.0276251
0.12732
0.143095
0.122469
0.138397
0.150412
0.137082
0.149574
0.076636
0.101775
0.058961
0.128567
0.151863
0.0772865
0.0763224
0.127123
0.0468767
0.14728
0.126015
0.0888485
0.131829
0.134826
0.152744
0.0690791
0.101279
0.0389178
0.144893
0.040087
0.0844265
0.0468798
0.140075
0.136147
0.155846
0.059917
0.0373275
0.0726492
0.148098
0.0408517
0.0734116
0.0416597
0.147653
0.0910678
0.133817
0.149413
0.107675
0.0970408
0.149025
0.0720425
0.116727
0.0982871
0.10297
0.0835567
0.100287
0.108552
0.115411
0.133985
0.134086
0.0951353
0.150173
0.11782
0.112455
0.133871
0.132268
0.0606879
0.067161
0.159116
0.076462
0.133166
0.040318
0.0942655
0.0431971
0.102804
0.0721615
0.116808
0.129103
0.106821
0.0672889
0.144674
0.10492
0.0702401
0.0646505
0.088461
0.0954073
0.121559
0.0879887
0.113173
0.0988076
0.0940688
0.0508932
0.116408
0.0763771
0.112714
0.136325
0.0262307
0.0633496
0.125705
0.1343
0.0380816
0.150366
0.140701
0.0864699
0.149306
0.140195
0.0574977
0.0317673
0.142736
0.0840415
0.118788
0.0721716
0.0669314
0.0364417
0.105878
0.15084
0.111439
0.114672
0.0192268
0.136769
0.15532
0.142851
0.13945
0.139484
0.140989
0.113183
0.126631
0.149716
0.112457
0.0564554
0.143593
0.16135
0.0406121
0.132628
0.168921
0.121463
0.0590367
0.149424
0.0379573
0.152979
0.129948
0.130157
0.0745951
0.132305
0.122665
0.14001
0.0720371
0.066971
0.0612129
0.0685553
0.121575
0.126581
0.0607266
0.129978
0.145376
0.140325
0.147452
0.105108
0.100327
0.132033
0.108017
0.116351
0.145799
0.0288467
0.145693
0.0301719
0.0928201
0.103243
0.100667
0.0871463
0.0290629
0.126947
0.147602
0.043385
0.0386047
0.0321571
0.152366
0.12739
0.0777804
0.134605
0.0404826
0.0230029
0.146542
0.147567
0.114552
0.166815
0.144893
0.0680898
0.126428
0.0552805
0.0289991
0.124978
0.137675
0.0493561
0.0427321
0.136565
0.174538
0.0235593
0.0310979
0.149945
0.148497
0.150282
0.141269
0.0582252
0.0327698
0.125398
0.146311
0.043307
0.104179
0.107085
0.148309
0.0715843
0.043294
0.0739903
0.0434662
0.0420766
0.0225824
0.0463512
0.0286968
0.0741862
0.029373
0.0786033
0.145171
0.0653077
0.0785176
0.0702689
0.0419956
0.0213943
0.131652
0.149043
0.0439684
0.0492058
0.11245
0.135691
0.028169
0.0404967
0.0320297
0.0932805
0.0402912
0.141329
0.109354
0.121521
0.149371
0.128176
0.0417802
0.0466322
0.124497
0.124204
0.0410742
0.165102
0.133874
0.0577345
0.148531
0.0643057
0.0196037
0.0944383
0.0923818
0.120538
0.0426934
0.122562
0.146684
0.131816
0.0230665
0.0912629
0.0286147
0.0285229
0.0601525
0.104645
0.150486
0.0982048
0.147998
0.139291
0.0661231
0.101937
0.107679
0.117144
0.0313723
0.126066
0.145448
0.149721
0.0652975
0.148609
0.151424
0.147036
0.134858
0.0282158
0.0918935
0.0909664
0.03456
0.142265
0.127348
0.10194
0.122484
0.114944
0.100538
0.0993025
0.132214
0.0714354
0.132785
0.115122
0.110659
0.0661299
0.0727647
0.0291222
0.0778998
0.0932146
0.0223535
0.120592
0.147442
0.148258
0.144737
0.0590274
0.149003
0.137411
0.144942
0.133822
0.0929946
0.0717333
0.0289454
0.149774
0.0328594
0.0500319
0.0357129
0.160027
0.12463
0.122608
0.123025
0.0674748
0.136594
0.0395837
0.0444583
0.149647
0.148501
0.144761
0.0135563
0.171651
0.0382202
0.0617742
0.132417
0.104879
0.045826
0.15017
0.161231
0.0432515
0.118368
0.104668
0.0994022
0.131702
0.0197353
0.149613
0.0323189
0.0723056
0.108678
0.131764
0.0426412
0.0436321
0.0411772
0.1377
0.147874
0.129977
0.0195576
0.100655
0.125853
0.132509
0.138021
0.149768
0.150271
0.131026
0.115369
0.0300988
0.126268
0.145766
0.121444
0.0445057
0.0983783
0.0768062
0.0198949
0.0417381
0.146876
0.131872
0.0976523
0.0452829
0.0761791
0.0311413
0.133659
0.143648
0.133984
0.029205
0.030719
0.0968417
0.0985515
0.151162
0.140673
0.128622
0.105415
0.0335711
0.0300814
0.098142
0.0973803
0.0353213
0.0528155
0.038807
0.0404961
0.0734221
0.136515
0.13478
0.0609649
0.0885875
0.123973
0.138363
0.146889
0.03905
0.144226
0.0445423
0.154004
0.080841
0.118997
0.0357258
0.0540244
0.132904
0.043703
0.121175
0.0420297
0.0304049
0.114975
0.0231336
0.123619
0.130624
0.116687
0.077325
0.0505454
0.142039
0.021187
0.131852
0.0212876
0.0480745
0.0956288
0.107518
0.150784
0.109758
0.0443977
0.0441715
0.0966859
0.166901
0.148086
0.0903031
0.125967
0.0229763
0.0857714
0.0453822
0.0447918
0.147065
0.116824
0.148141
0.145994
0.0716013
0.0984641
0.137296
0.0724453
0.0221213
0.0332114
0.113627
0.110332
0.0690688
0.0908468
0.0434602
0.0464198
0.0337202
0.127046
0.1684
0.138864
0.0523713
0.145268
0.0371955
0.161744
0.0398155
0.0448977
0.13094
0.132716
0.0981275
0.108119
0.0427825
0.131225
0.0909047
0.0404003
0.0292592
0.138873
0.0903303
0.0424641
0.109958
0.148248
0.125517
0.138469
0.138034
0.0200494
0.0227876
0.0634984
0.145862
0.12801
0.136433
0.130526
0.14817
0.146932
0.152266
0.110174
0.112603
0.0967914
0.138503
0.106243
0.0381562
0.0435788
0.148188
0.148463
0.15
0.0195423
0.114225
0.160314
0.117239
0.0759222
0.108647
0.0183662
0.0800325
0.0728586
0.150501
0.130764
0.0244535
0.101929
0.0406423
0.135072
0.0398575
0.0900915
0.149499
0.0889992
0.0385548
0.0432841
0.167176
0.0664158
0.0313208
0.131796
0.0703296
0.151283
0.147726
0.072889
0.0448592
0.0199868
0.0756895
0.126788
0.0752434
0.121477
0.127534
0.120787
0.115274
0.152158
0.0437102
0.0219123
0.135426
0.0935766
0.147624
0.0234531
0.129523
0.130941
0.128602
0.143675
0.0314348
0.145095
0.0524667
0.0237248
0.161237
0.13335
0.0222905
0.107427
0.111794
0.101706
0.100498
0.0714406
0.134336
0.126784
0.135782
0.130822
0.102711
0.0959092
0.0876881
0.0899699
0.131346
0.103189
0.132333
0.0657408
0.139037
0.161914
0.125838
0.0193518
0.0907702
0.0434828
0.0877545
0.149021
0.0747447
0.0659642
0.175628
0.0846198
0.147283
0.144668
0.110742
0.10691
0.122432
0.10583
0.149287
0.141445
0.065633
0.071467
0.133465
0.0145655
0.108241
0.124728
0.0219067
0.119077
0.138224
0.0862158
0.0581732
0.127957
0.146535
0.0979396
0.104198
0.149105
0.148383
0.12506
0.0768346
0.086085
0.0191192
0.132087
0.104556
0.156436
0.140299
0.0235734
0.0607201
0.0842515
0.137244
0.144738
0.0437784
0.140066
0.132095
0.147053
0.0957499
0.123968
0.0281334
0.0427858
0.142356
0.155135
0.151975
0.0169596
0.148302
0.162802
0.127547
0.14647
0.119928
0.129469
0.0722931
0.112639
0.121035
0.0278197
0.125691
0.121892
0.133689
0.0871844
0.0420249
0.138955
0.134103
0.131488
0.145662
0.0470342
0.0872789
0.0389516
0.136679
0.163324
0.12349
0.144579
0.149613
0.121045
0.0954661
0.0394043
0.100806
0.150319
0.0935562
0.0854462
0.0284419
0.0341797
0.0675499
0.142534
0.063314
0.139073
0.0960011
0.130138
0.0707972
0.148579
0.0618997
0.111826
0.10903
0.0481069
0.113242
0.106405
0.119195
0.0991487
0.0984374
0.0510375
0.123731
0.178161
0.0460132
0.106449
0.146353
0.0887115
0.0684076
0.115445
0.117999
0.111816
0.141224
0.147538
0.13103
0.123308
0.130315
0.073736
0.0212096
0.109155
0.153961
0.0986555
0.0569228
0.124472
0.153343
0.0685701
0.116771
0.121228
0.136773
0.123871
0.135998
0.0612137
0.124676
0.0282227
0.0761144
0.0692798
0.128878
0.0283454
0.0406507
0.126692
0.127367
0.0971997
0.114533
0.152714
0.103581
0.0694128
0.143797
0.0612179
0.144762
0.148445
0.131541
0.150815
0.142591
0.047923
0.128984
0.0247737
0.0601086
0.0902975
0.143574
0.0880078
0.0277498
0.105608
0.0426124
0.0390989
0.13446
0.135558
0.109636
0.0933911
0.129344
0.145312
0.125234
0.0490319
0.135036
0.08884
0.128681
0.0285262
0.16563
0.136779
0.14559
0.129631
0.13443
0.0287692
0.078603
0.110442
0.081585
0.138431
0.0434113
0.110399
0.137395
0.105077
0.029967
0.0485766
0.124437
0.124749
0.135472
0.0814516
0.0968114
0.141911
0.0914089
0.0275854
0.128174
0.0451435
0.132142
0.1328
0.0678665
0.135321
0.0707145
0.0288799
0.0637304
0.140939
0.0206479
0.116185
0.147129
0.133294
0.0470905
0.113798
0.127723
0.136297
0.143125
0.0903651
0.0204504
0.0988419
0.105729
0.145283
0.14929
0.13405
0.130235
0.129607
0.0780079
0.027812
0.105
0.0284957
0.134494
0.0432586
0.0714427
0.144723
0.132187
0.143282
0.100564
0.0516205
0.13502
0.16355
0.133031
0.0279187
0.0438151
0.133585
0.0424121
0.111914
0.131335
0.135445
0.142982
0.0495394
0.0238267
0.140741
0.0286113
0.13723
0.0886724
0.118493
0.0336804
0.152604
0.135315
0.128578
0.144694
0.0218854
0.107719
0.0412019
0.068543
0.142654
0.0723827
0.11104
0.0271336
0.041093
0.10854
0.122834
0.144465
0.0210367
0.0446065
0.0363588
0.110408
0.147453
0.0271119
0.0671731
0.0369065
0.134946
0.151865
0.145684
0.0191004
0.064689
0.111224
0.138054
0.0465924
0.135074
0.144402
0.138755
0.141656
0.0463635
0.090314
0.170232
0.0355709
0.0192084
0.0981609
0.10722
0.144959
0.117558
0.0908198
0.126372
0.144772
0.139874
0.0218291
0.132977
0.116038
0.0953061
0.126678
0.0468555
0.138946
0.136007
0.141902
0.0380648
0.143011
0.125592
0.143338
0.133421
0.0380553
0.146874
0.137258
0.14659
0.0535665
0.137863
0.136697
0.0926017
0.113777
0.0738834
0.140335
0.0864203
0.0729099
0.0916256
0.0985984
0.0804532
0.110181
0.0837909
0.0231114
0.119575
0.14846
0.118415
0.104528
0.103368
0.0995972
0.12697
0.13211
0.0932457
0.124634
0.105734
0.130648
0.0695999
0.0703996
0.0471032
0.0711397
0.0841406
0.132272
0.144042
0.143599
0.150817
0.13465
0.0896699
0.098207
0.111764
0.108514
0.113717
0.138208
0.103901
0.0211082
0.129361
0.120018
0.138691
0.0859278
0.130107
0.15458
0.108527
0.133889
0.0827871
0.129651
0.12474
0.0927827
0.0574887
0.0658202
0.093544
0.146332
0.103994
0.139482
0.142388
0.0621498
0.124565
0.0190651
0.133011
0.13461
0.117348
0.133273
0.136709
0.131558
0.141015
0.0808955
0.104878
0.110976
0.144998
0.0723017
0.106298
0.064152
0.141647
0.138421
0.14014
0.0210636
0.0426134
0.141168
0.1001
0.146235
0.117911
0.13296
0.13719
0.142239
0.123156
0.106962
0.145011
0.125219
0.114891
0.0924695
0.139327
0.165047
0.115179
0.137061
0.128228
0.119712
0.092312
0.124912
0.0894939
0.147739
0.144591
0.116445
0.148014
0.0388519
0.0379782
0.0258375
0.129933
0.146121
0.0184529
0.0656338
0.152476
0.134478
0.0873226
0.0881044
0.17034
0.0186732
0.0683392
0.0923846
0.109742
0.143055
0.0684158
0.128294
0.105059
0.127409
0.107672
0.135214
0.0194947
0.0195551
0.0893071
0.131328
0.133404
0.130777
0.120875
0.105129
0.108288
0.0204746
0.0839037
0.144277
0.105501
0.139935
0.0199564
0.133199
0.107077
0.100387
0.067845
0.0369161
0.0946604
0.0429198
0.136702
0.149641
0.149403
0.124268
0.134447
0.1376
0.11096
0.056827
0.158487
0.0664
0.108034
0.103058
0.144373
0.132398
0.148983
0.0916081
0.14149
0.0195014
0.125144
0.133574
0.139004
0.110565
0.085613
0.122582
0.14483
0.0244855
0.0453594
0.0422506
0.0785799
0.132198
0.140954
0.0963938
0.108586
0.123102
0.111802
0.105573
0.132136
0.0659377
0.130256
0.116606
0.153298
0.110509
0.130488
0.144032
0.06329
0.0822733
0.129275
0.0503734
0.141146
0.119359
0.0630926
0.143123
0.100695
0.0445918
0.139737
0.135859
0.14415
0.123834
0.139829
0.0288492
0.120756
0.10014
0.0986325
0.0945372
0.10846
0.0444514
0.123261
0.107497
0.0703571
0.0728313
0.162321
0.135443
0.142936
0.133784
0.124146
0.114096
0.0454088
0.0985716
0.0808112
0.143043
0.106314
0.138771
0.0711782
0.124925
0.0199227
0.0985917
0.101049
0.149407
0.16973
0.13952
0.135477
0.106082
0.13188
0.0860931
0.132977
0.134518
0.144463
0.0661101
0.127284
0.131241
0.133502
0.019134
0.137923
0.105997
0.0958128
0.126004
0.0392828
0.126043
0.0839394
0.0884447
0.127671
0.131259
0.150497
0.134759
0.047848
0.131843
0.13815
0.127461
0.105517
0.0123328
0.131327
0.0862955
0.140811
0.138077
0.130504
0.0897939
0.125903
0.0628588
0.120069
0.0687365
0.134532
0.0635669
0.0687765
0.138664
0.0742819
0.113545
0.0408822
0.089744
0.140572
0.119132
0.0423149
0.128567
0.132654
0.130242
0.139358
0.122871
0.164217
0.110878
0.117541
0.0583643
0.0519935
0.0702579
0.15265
0.135246
0.105743
0.135506
0.13963
0.0465131
0.0619813
0.069842
0.124936
0.0431265
0.0848111
0.134757
0.118943
0.137658
0.0715555
0.137795
0.0935423
0.0224857
0.0302719
0.122458
0.142151
0.13331
0.0420226
0.142836
0.131862
0.132925
0.117058
0.123457
0.041749
0.087141
0.133574
0.139551
0.125195
0.141507
0.129664
0.131505
0.152847
0.12421
0.0920638
0.0701916
0.0296056
0.132912
0.129964
0.126605
0.0934067
0.128478
0.127378
0.138086
0.0751594
0.0414648
0.12584
0.136805
0.106967
0.0914687
0.127174
0.0745068
0.123498
0.0421325
0.0942433
0.144476
0.0107277
0.0172476
0.139254
0.113706
0.141391
0.154023
0.124039
0.127858
0.153419
0.126483
0.138479
0.0612909
0.107481
0.126282
0.152293
0.107033
0.125041
0.0951663
0.0992999
0.141779
0.11089
0.0841315
0.091267
0.0972775
0.117099
0.0979326
0.139186
0.109115
0.108441
0.133777
0.0720339
0.0810054
0.0335783
0.149956
0.0965413
0.0666984
0.0819624
0.10546
0.137244
0.0706024
0.0696474
0.0951272
0.112762
0.094217
0.0169876
0.119559
0.0219588
0.0947672
0.111903
0.0408561
0.139334
0.0923225
0.137921
0.0653473
0.114279
0.0997677
0.145066
0.0687214
0.0805831
0.1275
0.0977854
0.0953038
0.12678
0.137999
0.129661
0.0605438
0.0966637
0.124727
0.141817
0.123805
0.10375
0.131139
0.0600591
0.124175
0.0304683
0.139189
0.07067
0.0203495
0.132771
0.119449
0.120235
0.082762
0.0725237
0.0928269
0.0577803
0.143594
0.135707
0.13535
0.0499963
0.0987839
0.0229715
0.124257
0.0463797
0.1328
0.0967683
0.166845
0.145222
0.11964
0.128614
0.128794
0.0490302
0.128287
0.13746
0.0635067
0.132831
0.035046
0.139797
0.130462
0.130461
0.145436
0.159222
0.0734694
0.125102
0.154542
0.0424446
0.0283768
0.0937947
0.025542
0.10804
0.117949
0.0928896
0.0486196
0.0197843
0.132579
0.0917477
0.0988924
0.138152
0.121802
0.10165
0.107531
0.096562
0.103359
0.124872
0.135019
0.136282
0.125278
0.0910394
0.103954
0.0983356
0.0711005
0.118062
0.0883497
0.0746725
0.117947
0.121257
0.11707
0.121269
0.0696644
0.0950374
0.144503
0.10435
0.100387
0.137709
0.0789127
0.121422
0.0893015
0.139458
0.125345
0.061357
0.0741666
0.0671207
0.137387
0.126418
0.136062
0.0391084
0.119112
0.124708
0.133575
0.0881313
0.124332
0.135694
0.0944595
0.13411
0.0202331
0.0221582
0.134932
0.122445
0.041998
0.139273
0.0466257
0.130416
0.136995
0.108712
0.0901834
0.119281
0.0586729
0.0981712
0.0725622
0.0172941
0.0732663
0.101377
0.0872313
0.0320834
0.146649
0.097478
0.09557
0.103627
0.130747
0.141707
0.105695
0.0261571
0.068433
0.119949
0.0430941
0.0914367
0.133494
0.0782951
0.126587
0.0719385
0.130946
0.0901062
0.115222
0.108137
0.108709
0.0910328
0.0641391
0.095478
0.0383505
0.142899
0.132833
0.143521
0.0655868
0.13612
0.150354
0.09959
0.0951686
0.105891
0.0649965
0.143679
0.148224
0.023479
0.116174
0.134198
0.0432369
0.0677356
0.096234
0.141997
0.112246
0.133006
0.0490605
0.106092
0.137033
0.0420675
0.140969
0.14035
0.0770251
0.13206
0.145154
0.0389147
0.0825486
0.124386
0.118571
0.0976211
0.114949
0.134158
0.100328
0.126695
0.0705002
0.0475372
0.13851
0.132321
0.124636
0.0547629
0.0308114
0.0768903
0.0943491
0.12184
0.139589
0.15378
0.12177
0.0451428
0.0428964
0.046884
0.0392954
0.0486967
0.13376
0.0902496
0.103533
0.12804
0.0703024
0.125644
0.0958275
0.118387
0.0954897
0.111451
0.154202
0.116313
0.149289
0.0736852
0.0900343
0.108424
0.130091
0.102256
0.0682948
0.0438381
0.110966
0.042251
0.121718
0.120918
0.132986
0.145028
0.0935145
0.126848
0.0210813
0.146682
0.126171
0.0970281
0.0430008
0.12655
0.153285
0.120681
0.104455
0.089644
0.128379
0.118181
0.124594
0.13915
0.0853764
0.138642
0.11088
0.0667327
0.126266
0.106188
0.107757
0.125257
0.0467106
0.136622
0.130512
0.02024
0.0275533
0.148192
0.0428428
0.0762475
0.0971508
0.0677376
0.106525
0.134845
0.0119476
0.119614
0.0747543
0.118343
0.14483
0.147139
0.0205562
0.0962507
0.118479
0.0941363
0.125466
0.149404
0.149202
0.0433611
0.0734689
0.103764
0.0494368
0.132596
0.11188
0.0764845
0.125736
0.042834
0.0972312
0.0904057
0.140905
0.0203652
0.140225
0.12157
0.126211
0.139502
0.1271
0.124584
0.093032
0.0843382
0.134702
0.0152353
0.138487
0.139294
0.128435
0.13509
0.153603
0.0588268
0.114297
0.111362
0.129664
0.142906
0.072649
0.0502738
0.131823
0.0377979
0.0868539
0.0289848
0.121456
0.0962479
0.092805
0.138389
0.0778981
0.125651
0.11464
0.0287284
0.12038
0.11346
0.0361967
0.130499
0.104181
0.060271
0.0386951
0.111824
0.137825
0.135156
0.0717581
0.0729209
0.0199378
0.0774372
0.138701
0.129844
0.0216649
0.0917317
0.144741
0.0433392
0.140386
0.116466
0.0997079
0.129045
0.103792
0.112058
0.0775209
0.121993
0.064144
0.0736208
0.112116
0.140057
0.0881127
0.0597298
0.126229
0.133846
0.114815
0.0924217
0.0962895
0.112617
0.129687
0.132279
0.136147
0.0640397
0.0776283
0.0441802
0.100465
0.121804
0.114698
0.0803496
0.109401
0.024814
0.0221509
0.146681
0.134604
0.0902658
0.141939
0.0746715
0.128148
0.020092
0.125978
0.127718
0.0832828
0.0629798
0.119136
0.100002
0.138642
0.109203
0.114238
0.098208
0.0201797
0.0168387
0.0865943
0.133219
0.116829
0.0823044
0.0910244
0.0929741
0.121837
0.110677
0.0645524
0.142484
0.023825
0.110372
0.123353
0.0523699
0.118593
0.042146
0.108108
0.129673
0.13157
0.104245
0.0413994
0.129212
0.0276264
0.0488613
0.083302
0.0424858
0.0646494
0.0154319
0.08357
0.105399
0.115433
0.10847
0.122018
0.12868
0.131366
0.0242324
0.120206
0.0847233
0.04297
0.120641
0.0906522
0.10618
0.019009
0.13736
0.105333
0.13193
0.135625
0.0825161
0.146752
0.124687
0.0256912
0.120109
0.0902327
0.0757104
0.107689
0.0425679
0.0768595
0.130587
0.117466
0.0763072
0.0401363
0.113517
0.109055
0.13872
0.11383
0.0472246
0.0726906
0.0255713
0.0772439
0.105313
0.09572
0.131582
0.0285036
0.139796
0.0807198
0.126329
0.110871
0.101903
0.116299
0.0855739
0.117001
0.120922
0.0546257
0.107737
0.0965222
0.139572
0.0975322
0.0988655
0.122886
0.113017
0.118887
0.0907901
0.0417219
0.101738
0.133703
0.125065
0.132481
0.0961281
0.0221035
0.127818
0.118383
0.126491
0.0210133
0.12406
0.0957953
0.0910838
0.0830199
0.124606
0.053496
0.102443
0.0714452
0.0375037
0.133922
0.08199
0.131758
0.139461
0.0667085
0.107669
0.118736
0.0449584
0.103682
0.032517
0.135128
0.122185
0.131792
0.10046
0.128803
0.135636
0.0704901
0.13078
0.148805
0.119867
0.070674
0.026326
0.120866
0.0661064
0.0430377
0.123149
0.112618
0.0790204
0.0889538
0.118508
0.107302
0.144914
0.127511
0.0336607
0.0181644
0.0745815
0.0478208
0.0938515
0.134268
0.0992086
0.053419
0.0943875
0.0958875
0.041407
0.0594742
0.106937
0.138293
0.133859
0.0814328
0.0369641
0.0201517
0.127146
0.14608
0.122187
0.106879
0.0202128
0.0824765
0.0792683
0.0806347
0.0183161
0.0353779
0.10845
0.0862565
0.128264
0.0196076
0.0750499
0.0961705
0.0902732
0.140124
0.120254
0.102286
0.107736
0.135481
0.0934615
0.0902349
0.0832539
0.121634
0.12232
0.13546
0.119201
0.0188205
0.123882
0.0895714
0.112894
0.121839
0.0678944
0.0796305
0.105256
0.11101
0.142008
0.0198098
0.119056
0.122539
0.132287
0.124187
0.0959927
0.0960286
0.142904
0.0899115
0.0231235
0.133524
0.120722
0.105584
0.0264032
0.131718
0.0498333
0.121915
0.0945637
0.106952
0.0511412
0.0982733
0.0590658
0.0794629
0.0252124
0.0844883
0.135611
0.136803
0.0691223
0.0445961
0.0922128
0.0307515
0.135407
0.0787153
0.0297901
0.1227
0.120131
0.110927
0.0628005
0.0721926
0.0861473
0.119688
0.118185
0.0685258
0.121405
0.134279
0.1218
0.134683
0.0746803
0.0595137
0.138973
0.12191
0.0734266
0.0943962
0.0203009
0.120694
0.0639097
0.122203
0.0498766
0.144716
0.0844442
0.0445736
0.10097
0.061799
0.133103
0.0432427
0.112868
0.122295
0.114592
0.0947144
0.141436
0.117935
0.12919
0.135614
0.12189
0.0929797
0.100062
0.0781647
0.0394661
0.13548
0.103877
0.0736657
0.0753061
0.10964
0.105439
0.0361607
0.0527035
0.0787478
0.131479
0.143078
0.137883
0.128338
0.1053
0.0777953
0.109461
0.117709
0.105917
0.0410802
0.0817742
0.0311688
0.0806137
0.0377395
0.149011
0.111166
0.0950781
0.0882776
0.0781092
0.133599
0.0537491
0.119449
0.0976273
0.1334
0.0785759
0.0477359
0.0553731
0.113962
0.0746406
0.0833194
0.0698796
0.12033
0.125899
0.0443571
0.106037
0.131707
0.113223
0.134246
0.13544
0.0396483
0.133929
0.0795147
0.122872
0.0773554
0.0663682
0.118639
0.118032
0.117986
0.0827984
0.0401688
0.0882188
0.101603
0.0886257
0.0269678
0.0766888
0.133805
0.124797
0.0806678
0.106031
0.10598
0.0999518
0.091247
0.0660753
0.0766123
0.117454
0.0618233
0.0750115
0.0876769
0.128753
0.110833
0.108663
0.0808327
0.116063
0.0734473
0.0612238
0.0787706
0.0165833
0.138518
0.0982857
0.0718563
0.125868
0.124996
0.0922174
0.0414308
0.0791028
0.0722048
0.022674
0.134293
0.116379
0.0435981
0.0779577
0.127952
0.0756404
0.110513
0.11614
0.141004
0.115199
0.0661316
0.103171
0.135291
0.105578
0.0493357
0.0156622
0.130107
0.0569796
0.119451
0.019262
0.132653
0.139434
0.0432571
0.137927
0.117988
0.0989789
0.111084
0.0962171
0.12751
0.0785605
0.056862
0.0696764
0.0911063
0.0795654
0.106546
0.0978113
0.0976443
0.088233
0.104613
0.0895916
0.0727136
0.0649627
0.128466
0.0943175
0.0875492
0.0753181
0.0164629
0.135315
0.140097
0.103512
0.107213
0.0407412
0.0662841
0.0174511
0.0915702
0.0718248
0.0791644
0.103418
0.120865
0.105477
0.0702747
0.0124574
0.0196003
0.120036
0.110225
0.157022
0.114496
0.017323
0.0962199
0.085185
0.0903175
0.0339202
0.0974452
0.0771152
0.110773
0.120082
0.0773445
0.068741
0.117192
0.0412046
0.018264
0.0193549
0.0811608
0.0366875
0.0645142
0.101779
0.0380057
0.0840791
0.0285425
0.124111
0.112253
0.0487962
0.109025
0.0935058
0.0708682
0.115607
0.0922472
0.111644
0.128798
0.0799191
0.0432529
0.109938
0.123582
0.0923507
0.0401489
0.102719
0.0174576
0.11373
0.126425
0.019854
0.137063
0.140301
0.129861
0.0608249
0.112449
0.0898048
0.115814
0.0939943
0.144203
0.117376
0.0135658
0.0729186
0.0800358
0.0590494
0.0679405
0.0173224
0.101901
0.0660602
0.077399
0.0629944
0.116768
0.125078
0.0226931
0.0641842
0.0740019
0.0394777
0.104282
0.0695036
0.112641
0.104437
0.115046
0.0733876
0.017459
0.0944859
0.0773884
0.0296786
0.0735537
0.141733
0.0160574
0.0715352
0.0295367
0.0880305
0.0834794
0.041808
0.108863
0.106623
0.105064
0.0864206
0.0771642
0.0987585
0.105642
0.0418889
0.0367743
0.0734212
0.0875085
0.0295482
0.0179108
0.0897723
0.0780288
0.0662715
0.109778
0.0216287
0.105859
0.11025
0.0729023
0.0194026
0.110596
0.0432494
0.0835614
0.018976
0.0744043
0.105801
0.0414013
0.0397724
0.0866615
0.10492
0.10745
0.0566571
0.126437
0.0557444
0.092162
0.084732
0.10513
0.0171449
0.109687
0.0950546
0.0751284
0.10379
0.108705
0.115179
0.0375074
0.0742169
0.0273204
0.0422
0.0988504
0.0737428
0.0752108
0.0785187
0.114314
0.0198541
0.0590729
0.0757242
0.106159
0.0882608
0.094214
0.0714496
0.0265848
0.0681476
0.109937
0.11856
0.0816087
0.110106
0.111034
0.0818587
0.0836928
0.112634
0.090789
0.0246955
0.0756577
0.0817613
0.0247202
0.0631783
0.040936
0.0753618
0.0411902
0.0944693
0.0681519
0.072008
0.0358388
0.0797751
0.0992496
0.0542563
0.0853331
0.0203524
0.05663
0.0815059
0.113934
0.0824955
0.113585
0.139559
0.109435
0.127994
0.0793926
0.106471
0.0925037
0.0627876
0.087137
0.018566
0.0577972
0.105657
0.0814633
0.0624998
0.0999741
0.10789
0.125426
0.104647
0.0415172
0.0966442
0.107092
0.0749802
0.0627808
0.0588913
0.11029
0.0701695
0.0511328
0.101695
0.0137494
0.0881087
0.0748974
0.057335
0.117485
0.132608
0.0964988
0.107303
0.0622553
0.0531752
0.0273943
0.0997554
0.0891928
0.10697
0.0650803
0.11603
0.118483
0.0911929
0.08359
0.0830956
0.127323
0.116173
0.0154432
0.0997717
0.0725213
0.119666
0.107823
0.101047
0.0992022
0.0377081
0.114538
0.108852
0.0901223
0.0862473
0.0891875
0.0920242
0.111659
0.0260573
0.103975
0.0639068
0.0254182
0.0832744
0.0953903
0.0481638
0.0957677
0.0816206
0.0963324
0.0618444
0.102962
0.0395366
0.0878174
0.0987098
0.084112
0.0884064
0.0783632
0.0249596
0.0746258
0.130201
0.0375657
0.134953
0.0776832
0.0636504
0.0994679
0.0707727
0.107874
0.015619
0.0427593
0.0770216
0.0808714
0.0865251
0.0981711
0.0810018
0.0386615
0.11856
0.127004
0.0594355
0.0740817
0.0770993
0.0732948
0.034914
0.0994456
0.0952385
0.0314375
0.0923256
0.0979733
0.10442
0.0370173
0.035402
0.0521646
0.0429525
0.0415564
0.0198808
0.0386813
0.0518805
0.0193519
0.132587
0.0654656
0.0170806
0.110873
0.1218
0.0411649
0.0967849
0.0395365
0.106813
0.0916039
0.119711
0.0408997
0.021002
0.044431
0.12895
0.130628
0.0289759
0.138858
0.0363999
0.118685
0.0639605
0.148309
0.102216
0.0437442
0.0708086
0.14002
0.0746013
0.111245
0.1361
0.113415
0.0432237
0.00864705
0.0546335
0.0422959
0.118898
0.0376012
0.0806231
0.022298
0.104298
0.0394162
0.114044
0.110339
0.102989
0.0207763
0.0424067
0.0748127
0.0461011
0.132222
0.13133
0.104701
0.122865
0.132121
0.0495725
0.0981264
0.073058
0.118963
0.100754
0.0949938
0.133009
0.0356223
0.0733496
0.0393029
0.106778
0.0211405
0.0991614
0.0380986
0.0690391
0.10504
0.107854
0.0374645
0.1105
0.0927553
0.0717839
0.0870027
0.110462
0.0586648
0.0720778
0.0422911
0.0678517
0.0423328
0.0466439
0.115215
0.0377728
0.0928561
0.0734839
0.019665
0.0982099
0.0435059
0.0708927
0.0732474
0.0995341
0.0417155
0.0666104
)
;


// ************************************************************************* //
