/*--------------------------------*- C++ -*----------------------------------*\
| =========                 |                                                 |
| \\      /  F ield         | OpenFOAM: The Open Source CFD Toolbox           |
|  \\    /   O peration     | Version:  v2012                                 |
|   \\  /    A nd           | Website:  www.openfoam.com                      |
|    \\/     M anipulation  |                                                 |
\*---------------------------------------------------------------------------*/
FoamFile
{
    version     2.0;
    format      ascii;
    class       volScalarField;
    location    "400";
    object      omega;
}
// * * * * * * * * * * * * * * * * * * * * * * * * * * * * * * * * * * * * * //

dimensions      [0 0 -1 0 0 0 0];


internalField   nonuniform List<scalar> 
9793
(
0.0730505
0.233476
0.0781103
0.0210212
1.23527
0.0232623
0.0220359
0.0207825
0.021598
1.03564
0.0547537
0.288646
0.0210721
0.0207408
0.0231782
0.0205773
0.0217276
0.0220528
1.35525
0.0206859
1.05209
0.0228526
0.358467
0.0196001
0.0222239
0.02118
0.0207261
0.0210112
0.0416128
0.0215851
0.0350327
0.357224
0.183041
0.0220456
0.046293
1.17012
0.0226311
0.0228271
0.0208528
0.0211552
0.0344146
0.0232158
0.0222709
0.0221492
0.0222893
0.0213886
0.044812
0.0458876
0.0492835
0.0209927
0.0474955
0.0584192
0.0234
0.0216045
0.108454
1.13088
0.0214475
0.0910902
0.0984993
0.0208408
0.0218692
0.0231857
0.0687836
0.0219736
0.601416
0.043442
0.0671478
0.0590462
0.169489
0.0536317
0.1067
0.0209111
0.0211839
0.253784
0.0520452
0.08498
0.0214409
0.0211925
0.0220992
0.0212715
0.0465077
0.0220469
0.228631
0.0596988
0.0314014
0.0552436
0.0214123
0.021436
0.0226519
0.022328
0.240418
0.174942
0.0205236
0.362107
0.0228439
0.0719853
1.15002
0.233595
0.0204613
0.0203425
0.0203232
0.021829
0.0204336
0.0204173
0.0210271
0.0308692
0.0224719
0.0219653
0.0229858
0.139456
0.0211016
0.971667
0.0214275
0.97946
0.0579301
0.0214504
0.335411
0.050359
0.0224633
0.357651
0.0910117
0.0226524
0.0213441
0.0236517
0.0218852
1.09403
0.0391892
0.0618875
0.0225887
0.0211791
0.0215203
0.0214457
0.0211838
0.0219038
0.0215603
0.0214327
0.0223507
0.0219653
0.0214192
0.0199904
0.0213328
0.0220099
0.021235
0.0203914
0.0209135
0.0212406
0.254706
0.0204012
0.0204248
0.184502
1.47248
0.0215056
1.46876
1.10862
0.0203954
0.0220949
0.020753
0.0218398
0.0203527
0.0211804
0.0207831
0.0209762
0.0202892
1.29291
0.257458
1.18671
0.0571581
0.0256189
0.0206532
0.0212698
0.0213771
0.466804
0.256761
0.439874
0.0218319
1.34851
0.0214417
0.0195884
0.0212125
0.0274218
2.13871
0.0223424
0.0203692
0.022031
0.195084
0.021166
0.1001
0.0212061
0.0213189
0.0203247
0.0218459
0.0213378
0.0497803
0.979456
0.0617893
0.0271117
0.120288
0.0212214
1.31387
0.0200686
0.0215511
1.25066
1.09002
0.0211819
0.0214408
0.0204256
1.17678
0.020387
0.0284586
0.0224015
0.0306829
0.0469418
0.0518168
0.0216307
0.559049
0.0206477
0.021375
0.256414
0.0200887
0.126887
0.0612493
0.0213801
0.0218996
0.0213402
0.0665929
1.27972
0.0232664
0.0203822
0.0618224
0.0459839
0.0196385
0.019595
0.0224341
0.0202284
0.0442492
0.0963728
0.0214001
0.0212355
1.15488
0.0216417
0.0281194
0.0207479
0.0211593
0.0891084
0.0211684
0.0204241
0.02077
0.0218075
0.0204639
0.0218848
0.0217052
0.0239857
0.0541184
0.0418175
0.0210804
0.0234417
0.0213344
0.0242916
0.0236632
0.0203364
0.175378
0.0211975
0.0538737
0.0216889
0.0261697
0.0197812
0.0197492
0.0305983
1.20816
0.0222658
0.0203716
0.0200538
0.0260251
0.0214005
0.248702
0.244554
0.0211873
1.15337
0.0213833
0.0418821
0.0216732
0.0196891
0.0224242
0.0210174
0.0391645
0.0213762
0.0217032
0.0251585
0.0211266
0.0214319
0.0214078
0.284253
0.0225126
0.022769
0.0215833
0.0218821
0.0220117
0.0257655
0.0212503
0.42759
0.0203993
0.49025
0.415832
0.0224127
0.0221815
0.0203883
0.0267887
0.0240967
0.0215308
0.454967
0.021802
0.02037
0.0242269
0.021836
0.0215366
0.0219343
0.0543168
0.021161
0.0251709
0.0224803
0.0210361
0.258073
1.33766
0.248475
0.0198508
1.08492
0.0221016
0.106471
0.0559592
0.0201565
0.0232966
0.0549798
0.0215801
0.0264423
0.0626903
0.0207451
0.0221357
0.0215309
0.0211822
0.0211007
0.0972161
0.0212132
0.0210189
0.336498
0.0216569
0.0205166
0.0198597
0.0222566
0.020759
0.0578302
0.0219456
0.0213873
0.0216834
0.0218112
0.519652
0.0215806
0.0335034
0.0195973
0.0357821
0.117434
0.0998659
0.0379699
0.0221978
0.0225549
1.02573
0.0219154
0.157364
0.0217268
0.0202853
0.426957
0.0261538
1.41703
0.0213911
0.0471046
1.16486
0.0236818
0.0211344
0.261608
0.0257223
0.25538
0.0234757
0.0215577
0.525212
0.0212815
0.02221
0.0218874
0.0214423
0.0207588
0.0215848
0.0230868
0.507549
0.021741
1.59072
0.342769
1.16182
0.0463192
0.236248
0.0210587
0.0215302
0.111776
0.309218
0.0207585
0.0218644
0.61457
0.020041
0.933704
0.0212707
0.0231214
0.0200209
0.0321649
0.0212059
0.0263085
1.13739
0.0204224
0.354565
0.0249014
0.0220222
0.0251155
0.0215174
0.0222821
0.021414
1.29576
0.0213559
0.0215565
0.0619557
0.0215426
0.0236319
0.0221068
0.0202465
0.028292
0.0211932
0.0215656
0.0199625
0.325224
0.021071
0.321353
0.02128
0.0496806
0.0232035
0.0214333
0.0225799
0.0217383
0.0716505
0.0212109
0.116389
0.0203856
0.0214029
0.0222115
0.667609
0.0372048
0.118493
0.0465307
0.0234701
0.0212689
0.0432931
0.0280249
0.0309075
0.227818
0.277002
0.021687
0.0236448
0.0471412
0.0213501
0.0223008
0.021329
0.0204247
0.0222626
0.997042
0.0263322
0.383088
0.0204446
0.0271817
0.0195715
0.0218766
0.0216757
0.0220683
0.0438139
0.0213662
0.023033
0.020033
0.0214348
0.0241873
0.0362614
0.0212475
0.0212669
0.394185
0.0249435
0.0219572
0.0739649
0.0489959
0.0216422
0.0220697
0.0223245
0.0242231
0.0215809
0.0225522
0.0222195
0.0213055
0.0213762
0.021105
0.252033
0.058865
0.0207601
0.078446
0.0323261
0.0203918
0.0225206
0.0221261
0.704039
0.0216452
1.16516
0.0201992
0.0211796
0.0504901
0.0213081
0.0332509
0.438413
0.0259246
0.0203863
1.88835
0.0247324
0.0205849
0.021375
0.0550953
0.0209214
0.0205661
0.0212734
0.0209162
0.098865
0.0443241
0.0314539
0.0228332
0.0213148
0.0210896
0.0214999
0.0210147
0.021291
0.257555
0.107412
0.0200757
0.022937
0.115762
0.0214204
0.0243666
0.0343149
0.0208868
0.0575093
0.465217
0.0213945
0.143525
0.019693
1.05342
0.0249699
0.548692
0.0211515
0.0211302
0.0217472
0.258273
0.0226176
0.079402
0.0633967
0.27949
0.0343059
1.16873
0.0308097
0.0232069
0.0304751
0.022764
0.262327
0.0215682
0.0592872
0.0199484
0.22314
0.0222441
0.0220141
0.0210653
0.153548
0.0199898
0.0208589
0.0223488
0.0226799
0.0269239
0.0211974
0.021272
0.021387
0.0213606
1.38955
0.0209902
0.303161
0.833889
0.0210015
0.0220591
0.0279397
0.0218628
0.0213233
0.0217589
0.0237713
0.0249624
0.022298
0.022684
0.020515
0.0224186
0.0220566
0.024385
0.0217964
0.0223673
0.50489
0.0213686
1.31851
0.0252626
0.0221433
0.0212828
0.0207255
0.0229685
0.0235989
0.0211498
0.0213945
0.0195451
0.0211257
0.021366
0.0211765
0.0232361
0.0198767
0.0220135
0.0222479
0.0215637
0.023106
0.0223589
0.0317439
0.0225671
0.0210608
0.0212926
0.0205597
0.0201036
0.0210796
0.0201774
0.0209946
0.0213737
0.019981
0.0337035
0.0211635
0.0224728
0.02136
0.0580869
0.0210474
0.0200095
0.053612
0.0196748
0.0219927
0.163198
0.0222551
0.0225983
0.0215775
0.091454
0.0207352
0.0504752
0.231258
0.452463
0.0478369
0.0218816
0.0213678
0.293841
0.0232101
0.0199801
0.24571
0.0588419
0.151549
0.0213032
0.0593195
0.0213709
0.0213529
0.953706
0.0211911
0.52809
0.0234347
0.0585787
0.0210413
0.0232194
0.0219999
0.153321
0.677007
0.0213297
0.0228664
0.0271473
0.0209851
0.02393
0.0506428
0.357626
0.0211224
0.0159833
0.0228035
0.439384
0.0180311
0.367309
0.252568
0.0214097
0.0290651
0.562498
0.0210485
0.0211639
0.0224223
0.0221885
0.0199655
1.05997
0.0199516
0.268167
0.0231387
0.106162
0.0535242
0.0215164
0.110997
0.278788
0.0218302
0.558695
0.0281799
0.0730959
0.0199749
0.0196565
0.288776
0.0214687
0.772038
0.0209874
0.259476
0.0205125
0.0295958
0.302976
0.0214011
2.90339
0.0214365
0.0224463
0.0355151
0.790341
0.753053
0.020192
0.0205322
0.0200395
0.445777
0.328371
0.0229533
0.0250964
0.0251238
0.0200067
0.0210137
0.022025
0.528429
0.0256105
0.0215797
0.021012
0.0208101
0.0565645
0.145617
0.212519
0.0205693
0.0209394
0.0344737
0.0211765
0.514913
0.041352
0.266309
0.203855
0.258781
0.0208699
0.0215243
0.0233874
0.0221754
0.0246548
0.0212213
0.0589794
0.310487
0.0204459
0.316702
0.0208007
0.492305
0.0216669
0.285566
0.0242845
0.0249774
0.0211572
0.0213702
0.0249774
0.440785
0.570971
0.0214806
0.0325887
0.021221
0.0224754
0.0234897
0.828308
0.0245708
0.0730838
0.0208623
0.0276516
0.0212849
0.019903
0.0220646
0.0209677
0.205296
0.021152
0.022591
0.0225984
0.0219549
0.0199574
0.0498719
0.0217173
0.0221418
0.0208869
0.021026
0.287847
0.021058
0.822914
0.0204583
0.0138982
0.0209976
0.522244
0.0211756
0.393321
0.0216193
0.0215139
0.0208968
0.211075
0.307159
0.462508
0.15394
0.139945
0.0214659
0.0232053
0.261908
0.0200327
0.285544
0.227463
0.0496987
0.0899614
0.0224622
0.265315
0.0248295
0.309561
0.246481
0.0224376
0.0215958
0.29019
0.49253
0.0242974
0.023254
0.0212059
0.0223847
0.0345831
0.0210676
0.0200899
0.0222495
0.115223
0.035368
0.0231832
0.447076
0.0209155
0.0201906
0.222758
1.17316
0.0357438
0.0221
0.140724
0.0205663
0.0200196
0.382074
0.0199705
0.0223363
0.261709
0.236739
0.0215982
0.387696
0.11858
0.423195
0.338336
0.681627
0.0225228
0.0554847
0.0217168
0.0208497
0.0213643
0.0217637
0.0213277
1.81015
0.0219036
0.394493
0.020975
0.0399461
0.0218383
0.0355841
0.0236099
0.021471
0.0413189
0.0210468
0.0200778
0.069814
0.0224523
0.0290223
0.021578
0.0201162
0.247393
0.891423
0.0247739
0.0195642
0.0195508
0.021544
0.0225513
1.40001
0.0699589
0.339887
0.032249
0.220134
0.0219029
0.0278215
0.0258792
0.0236678
0.0896863
0.0211705
0.0210608
1.1743
0.0344789
1.3807
0.021106
0.452655
0.323419
0.0243943
0.0399003
0.0235419
1.41935
0.0215424
0.0249091
0.286635
0.02374
0.0211218
0.100717
0.0216827
0.0205301
0.0210292
0.157617
0.0217615
0.0258749
0.523293
0.0383195
0.0245324
0.0325389
0.132472
0.0910493
0.107385
0.0200911
0.0215189
0.0220988
0.0237112
0.0213895
0.0213881
0.263343
0.0235686
0.50699
0.0594474
0.0243519
0.0215435
0.249518
0.0212617
0.228041
0.0686875
0.0206634
0.792267
0.283704
0.0208688
0.021485
0.0214312
0.257067
0.432808
0.0260429
0.0430449
0.0220649
0.148139
1.03731
0.280959
0.0215251
0.0214009
1.44727
0.435298
0.0211232
0.0214231
0.0202067
0.0217612
0.0215903
0.0248252
1.19631
0.0213342
0.0248753
0.363212
0.0217026
0.0218045
0.0239235
0.14434
0.0215366
0.0246276
0.0951938
0.0218235
0.0201101
0.0218781
0.0209348
0.022337
0.308424
0.0630971
0.021997
0.0868535
0.0256598
0.192739
0.0213614
0.0228878
0.0221933
0.0217617
0.2479
0.0219692
0.022332
0.026019
0.0227095
0.0214653
0.0255484
0.0212312
0.0880238
0.0214976
0.0210586
0.596032
0.0211353
0.456976
0.0273163
0.0209854
0.516155
0.0236837
0.0317786
1.1563
0.020268
0.525926
0.0210124
0.0213894
0.486031
0.0947341
0.020288
0.021492
0.0207156
0.0216745
0.077036
0.0221222
0.021917
0.0221792
0.0221704
0.0220329
0.0213555
0.0203218
0.0209805
0.0211908
0.0492955
0.0236956
0.0200451
0.0399564
0.0222098
0.529651
0.0874043
0.0330828
0.0214763
0.0212511
0.068658
0.0230886
0.0214421
0.0217207
0.319675
0.117803
0.0213717
0.0198457
0.0638032
0.0471266
0.0196411
0.301763
0.0374166
0.0215268
0.0218271
0.0330361
0.0216091
0.028369
0.0354886
0.021837
0.147519
0.0412818
0.0317395
0.0198533
0.0213598
0.0198571
0.0198432
0.120338
0.0211382
0.0532793
0.0437688
0.0198464
0.0218851
0.0301515
0.0217373
0.0216781
0.0213935
0.0226299
0.552044
0.0198548
0.0215104
0.272595
0.0230155
0.0216212
0.024783
0.0211515
0.0216457
0.021208
0.0215059
0.0255727
0.0218516
0.0839749
0.045656
0.0198646
0.0214321
0.0198579
0.076925
0.021034
0.0239525
0.0213083
0.0202737
0.031058
0.0204329
0.0293995
0.0214131
0.0204485
0.251507
0.446709
0.0217806
0.0216381
0.0209776
0.357112
0.0734236
0.0213955
0.356992
0.467096
0.0219976
0.0322495
0.322391
0.0234923
0.309913
0.0439848
0.517106
0.0212134
0.0314847
0.0871935
0.0203906
0.253212
1.63723
0.0213934
2.81518
3.5489
0.0238847
0.316355
0.019876
0.0266642
0.0436228
0.0212506
0.263774
0.0198903
0.040605
0.0580305
0.0198638
0.0432248
0.0218535
0.0219818
0.0324897
0.0238118
0.330874
1.88083
0.0201585
0.0239886
0.71734
0.0207283
0.0247487
0.0208246
0.315377
0.0474899
0.0214152
0.0214816
0.0250511
0.585407
0.829074
0.028769
0.0198745
0.0209191
0.922641
0.51979
0.349618
0.0226376
0.0227605
0.0257539
0.0200903
0.0223798
0.0244935
0.0229666
0.0208931
0.0243452
0.271074
1.03623
0.0209936
0.168735
0.0237218
1.0968
2.60158
0.0412011
0.511761
1.16849
0.019887
0.112562
0.120278
0.330512
0.244542
0.0213126
0.120997
0.326094
0.0411048
0.0246168
0.242216
0.271113
0.0211102
0.0252722
0.0244595
0.0212298
0.06813
0.0212937
0.0221404
0.0206546
0.0199121
0.0218093
0.0213689
0.0225145
0.0255305
0.302893
0.0245149
0.324247
0.0208376
0.026487
0.0215694
0.173777
0.61853
0.0212036
0.0436129
0.0217391
0.0202464
0.021301
0.0202432
0.0211244
0.0816681
0.0216158
0.188287
0.0213948
0.0209652
0.259136
0.0225197
0.0218555
0.0211405
0.0213302
0.53012
0.0679903
0.44026
0.182692
0.296313
0.021533
0.0217807
0.0215796
0.0241444
0.044631
0.079056
0.980066
0.0209913
0.0410739
0.0221727
0.213858
1.24185
0.0247658
2.67026
1.47017
0.0226893
0.0388553
0.0209217
0.0451778
0.0237818
0.0850066
0.0432312
0.0199032
3.49971
0.131479
0.0216691
0.0229345
0.0219081
0.180507
0.0221701
0.0217353
0.553188
0.020822
0.827078
0.0273901
0.023989
0.0221734
0.0218133
0.0408902
0.0211652
0.0404373
0.0244631
0.021318
0.0207381
0.0488595
0.022437
1.60978
0.0232921
0.0245498
0.0242976
0.0638791
0.0231289
0.0213539
0.232016
0.0217149
0.0204315
0.22303
0.228722
0.0244477
0.020554
0.0229965
0.0866237
0.0552061
0.0211636
0.0328661
0.0213123
0.083878
0.154619
0.0219658
0.0211426
0.0833813
0.02099
0.0207529
0.0213801
0.0787548
2.79695
0.0371862
0.0243259
0.0218168
0.0220917
0.325204
0.0301737
0.0217008
0.021747
0.0210783
0.800159
1.46541
1.50166
0.021241
0.12988
0.0202512
0.0202209
0.0225042
0.0220267
0.0398007
0.0213607
0.138928
0.356301
3.57954
0.0241588
0.0215162
0.0215504
0.0378287
0.0206402
0.0213785
0.0332285
0.0215029
0.0212814
0.02212
0.0243692
0.0200344
2.42623
0.042355
0.0239925
0.0235766
0.0850387
0.0233383
1.24303
0.0213777
0.0212692
0.0215016
0.0210929
0.0214795
0.0208925
0.0988216
0.0817136
0.0215919
0.0221282
0.0213445
0.0238991
0.0227711
0.0525586
0.0220992
0.456075
0.0213129
0.0218244
0.0215354
0.0742317
0.0215069
0.544787
0.0215044
0.0215296
0.0195598
0.629511
0.0231938
0.19833
0.707168
0.0219018
0.0214974
0.0211562
0.0214163
0.0344122
0.0220697
0.0249028
0.0808015
0.0215968
0.0688876
0.107764
0.0234573
0.0934262
0.0215418
0.0235923
0.0210265
0.0203768
0.0202613
0.0213642
0.251469
0.0804409
0.020847
0.341273
0.0611432
0.0212592
0.432387
0.0203524
0.0329413
0.0222089
0.0210452
0.0847157
0.0214915
0.0226262
0.0238291
0.0576091
0.0738847
0.0219376
0.0210045
0.022329
2.77094
0.51336
0.0377158
0.0269617
0.0214698
0.021421
0.33682
0.0218103
0.0291796
0.084698
0.565548
0.0214775
0.036208
0.0215102
0.0217784
0.0320643
0.0309888
0.0310543
0.0221747
0.0219145
0.0259111
0.038411
0.0473928
0.0204251
0.0251839
0.0884447
0.0234505
0.0395671
0.0216415
0.0217326
0.0213516
0.0297657
0.0147801
0.0647899
0.021483
0.087256
0.0239618
0.0266521
0.0215255
0.0213529
0.0213708
0.0201438
0.0566555
0.0238107
0.0223933
0.0221045
0.0213637
0.0214684
0.162302
0.0214209
0.0214057
0.0217764
0.0425879
0.100773
0.021458
0.0212993
0.0214964
0.234409
0.0219953
0.108843
0.0214849
0.051635
0.0214622
0.0217191
0.0454837
0.021699
0.0324835
0.0217397
0.0214652
0.0203658
0.022435
0.153734
0.0218506
0.0220286
0.229
0.0215879
0.0222575
0.022101
0.0216065
0.0214097
0.0219454
0.0572683
0.0207659
0.0208332
0.0209641
0.321359
0.0241203
0.373228
0.0215246
0.0217196
0.042741
0.29576
0.216983
0.0260826
0.0304982
0.253933
0.0215154
0.263607
0.0222614
0.110617
0.0210083
0.215687
0.504981
0.0195709
0.0234785
0.0229349
0.0222618
0.0200922
0.0519466
0.0209155
0.236046
0.0216993
0.0214037
0.0217748
0.0201052
0.0217805
0.108782
0.0213593
0.0211489
0.0211539
0.0216448
0.0213844
0.519364
0.632097
0.172757
0.0215117
0.0206285
0.0238789
0.0214975
0.0213378
0.103731
0.040481
0.022821
0.0213269
0.519879
0.0226722
0.517708
0.036173
0.0226152
0.020328
0.0212902
0.0278355
0.229182
0.0217644
0.0212343
0.0475849
0.1191
0.0450733
0.592687
0.0213164
0.0240947
0.0238306
0.0199814
0.0217731
0.325347
0.435982
1.19687
0.021279
0.0178994
0.0217369
0.0215107
0.0244941
0.0219708
0.0244652
0.0327241
0.0212519
0.0214962
0.0213523
0.0209019
0.0199896
0.0212612
0.024925
0.234122
0.0291613
0.0195624
0.0200154
0.021277
0.0218633
0.0213478
0.186961
0.0220311
0.0220948
0.0219682
0.21995
0.0212596
0.0231101
0.0648958
0.0213123
0.0212949
1.61475
0.0213649
0.0213706
0.0212299
0.1629
0.0305908
0.0385891
0.0217779
1.21004
0.0205364
0.0202013
0.0204379
0.0212714
0.0399622
0.021278
0.0216876
0.043148
0.021368
0.310333
0.0246853
0.0293263
0.0217757
0.472115
0.0317315
0.0214883
0.0211407
0.0220312
0.0215768
0.0213398
0.305346
0.0209817
0.0502235
0.0211866
0.0219601
0.159495
0.0211075
0.815246
0.0784579
0.0213167
0.0763686
0.0211703
0.0219238
0.0212593
0.021782
0.0207426
0.0213492
0.0213443
0.0214503
0.0930464
0.0215103
0.0209769
0.021862
0.0208088
0.0212211
0.0212238
0.0214302
0.0205433
0.0213134
0.0213074
0.021382
0.0212735
0.0218856
0.530727
0.021249
0.0219808
0.0357966
0.223987
0.0202049
0.0290981
0.0210022
0.0215758
0.0213037
0.021628
0.651106
0.220794
0.0211213
0.0226577
0.299735
0.0215761
0.0430558
0.0735322
0.0199964
1.12076
0.0214931
0.0885227
0.0237892
0.236247
1.27751
0.540344
0.0210112
0.0211321
0.0203191
0.0242686
0.0569387
0.0224311
0.113493
0.571282
0.0213881
0.396283
0.0440997
0.0222604
0.0204166
0.031924
0.0309462
0.0213276
0.0210655
0.0206143
0.0243253
0.0242222
0.0246438
0.0241109
0.0244691
0.0249705
0.021143
0.0213472
0.0211722
0.267453
0.0244475
0.0244964
0.143171
0.043354
0.017215
0.0210925
0.0242701
0.0212397
0.0345032
0.0213627
0.0220255
0.0445621
0.0248625
0.0740562
0.0199268
0.219318
0.0365011
0.0840767
0.237289
0.0304349
0.0211493
0.0213513
0.0213415
0.0638667
0.0214227
0.0208977
0.0213451
0.0287967
0.844124
0.245253
0.0241098
0.0250407
0.0396781
0.0374984
0.229995
0.0447673
0.0414125
0.038231
0.0409026
0.144841
0.0211212
0.0211338
0.0211773
0.0522238
0.0258545
0.0411072
0.0209774
0.0212591
0.0213693
0.199895
0.021193
0.0213207
0.0210954
0.0341878
0.0209771
0.0211761
0.0203418
0.0251664
1.22607
0.0277882
0.0240078
0.0215206
0.12549
0.0266642
0.0201782
0.0213316
0.0495658
0.170906
0.0215748
0.0216475
0.151338
0.0212733
0.021038
0.0209987
0.0216671
0.0363944
0.0210205
0.0215484
0.0211374
0.0216562
0.0213052
0.021175
0.0210701
0.0212827
0.0214624
0.0976779
0.0212502
0.0207007
0.036512
0.0544415
0.0314036
0.0629882
0.0210111
0.481028
0.0212922
0.028879
0.0211091
0.0432905
0.021228
0.0212395
0.020181
0.0411478
0.0245646
0.0212183
0.72629
0.0213109
0.0201847
0.0213368
0.0220656
0.0273745
0.020994
0.0577279
0.0214663
0.124231
0.0426163
0.0215285
0.0331053
0.021018
0.0206759
0.0212008
0.873591
0.0282852
0.0278492
0.0407119
0.0681713
0.0265152
0.0384779
0.0246187
0.0213341
0.0198415
0.168359
0.0417502
0.0209973
0.0362999
0.0209163
0.0210626
0.428774
0.0205472
0.0213258
0.379379
0.0387788
0.0338928
0.0214207
0.0210696
0.033672
0.0209696
0.0204574
0.724938
0.0213312
0.0358721
1.11984
0.323741
0.0213383
0.0221926
0.0211434
0.0199885
0.0530593
0.0216029
0.0214121
0.0331314
0.0207047
0.0235416
0.0214637
0.0223594
0.0237438
0.573992
0.0244041
0.0218626
0.167526
0.217491
0.0213773
0.0396949
0.021761
0.0213189
0.0215246
0.0210247
0.0240098
0.0733659
0.0397924
0.0212859
0.0241385
0.0220064
0.0197797
0.0210935
0.0214665
0.0248971
0.020826
0.021314
0.0221855
0.0216644
0.0663586
0.0213748
0.022397
0.047062
0.0226663
0.0202441
0.228215
0.17054
0.0824294
0.277511
0.0635827
0.020606
0.0220571
0.0420279
1.1046
0.0331887
0.125331
0.233862
0.021488
0.293562
0.0502806
0.0215449
0.0380132
0.021881
0.165794
0.0419899
0.882851
0.0219458
0.0210628
0.0461871
0.0214176
0.0215957
0.244221
1.16132
0.0213475
0.0214254
0.0212437
0.856728
0.0211837
0.0211343
0.0212398
0.0210221
0.0210507
0.0371194
0.0218663
0.0209852
0.0216
0.0298118
0.0304785
0.336474
0.0213403
0.0212416
0.0225232
0.0213152
0.0210237
0.0211335
1.45175
0.0213185
0.0354997
0.0211509
0.0217676
0.020319
0.021367
0.0685868
0.0443656
0.0205659
0.0221102
0.180831
0.0915378
0.0317295
0.135848
0.0214237
0.0298476
0.0211377
0.0197662
0.0211873
0.0202062
0.0210987
0.021256
0.0216213
0.0997107
0.0199903
0.0166485
0.32037
0.0199586
0.023823
0.0406779
0.0218588
0.0211477
0.0212108
0.0212414
0.0211108
0.22917
0.0198651
0.0211796
0.0167984
0.0211348
0.0213051
0.0209986
0.0507183
0.0213862
0.0213732
0.441491
0.0206925
0.0206287
0.021173
0.0320409
0.0212619
0.0196285
0.0211267
0.0200311
0.0437958
0.283614
0.0210761
0.235992
0.0198188
0.0212913
0.0221221
0.170478
0.532327
0.0200307
0.0242531
0.0213263
0.021184
0.0211985
0.0211198
0.0340199
0.224512
0.0213838
0.0218321
0.0746374
0.020975
0.0211286
0.024455
0.0267246
0.447614
0.0213883
0.0235154
0.576288
0.0211599
0.0239229
0.0601077
1.28711
0.0207761
0.0209762
0.0212739
0.0212477
0.0209976
0.23991
0.0211082
0.570743
0.0425907
0.0219085
0.0239605
0.182594
0.0205855
0.0253171
0.326106
0.140801
0.0251966
0.0211972
0.0224404
0.159866
0.0208293
0.0313729
0.0209831
0.0200445
0.0200936
0.0201641
0.0211615
0.301079
0.0216789
0.431087
0.0454625
0.0738814
0.0665538
0.0197985
0.0213815
0.0228071
0.0438735
0.0211826
0.0626108
0.0270554
0.0200294
0.0209507
0.251771
0.0209467
0.0278679
0.225515
0.0210817
0.288367
0.0217918
0.0419178
0.0621805
0.0213932
0.0206255
0.0391857
0.0736177
0.0213539
0.0227533
0.0201942
0.0215226
0.0208802
0.299959
0.0210409
0.0201248
0.0349416
0.0201485
0.268767
0.0214126
0.0211812
0.0212624
0.0504932
0.021005
0.0209067
1.11866
0.0887235
0.0535446
0.021593
0.0201694
0.0328461
0.0662262
0.294438
0.148889
0.0238946
0.0242956
0.0216105
0.0212838
0.0245145
0.0217374
0.0212004
0.0203903
0.0301263
0.0244609
0.0209421
0.0196261
0.021558
0.0206107
0.021321
0.0257487
0.0205322
0.116542
0.026847
0.0982545
0.371093
0.0206791
0.0209634
0.0219607
0.0343769
0.0202563
0.0217267
0.0209247
0.021042
0.0211666
0.0503162
0.0213843
0.452246
0.0212689
0.0208595
0.33845
0.0368882
0.0216613
0.0208877
0.0208584
0.284165
0.164786
0.0215159
0.0202571
0.0234503
0.0209552
0.0212445
0.0210467
0.101299
0.0210087
0.020855
0.0387862
0.0204949
0.0635809
0.0239403
0.0210752
0.021327
0.189849
0.303427
0.317184
0.930365
0.0237436
0.0223298
0.0217107
0.0212457
0.0301275
0.0208311
0.0523135
0.620433
0.0225723
0.0365689
0.0807776
0.0208578
0.311499
0.0241582
0.777384
0.0240928
0.0207898
0.0208073
0.0217334
0.0211035
0.0357192
0.408736
0.0575612
0.021313
0.0209228
0.0208644
0.0261681
0.0243146
0.345137
0.0208895
0.021332
0.0620479
0.0210879
0.11935
0.202396
0.0208848
0.0215157
0.0197492
0.0213641
0.220076
1.36118
0.0208672
0.0211117
0.0207077
0.174254
0.0211611
0.0238325
0.13654
0.0355804
1.45748
0.0423948
0.163032
0.021249
0.0272928
0.0215574
0.0211575
0.0229732
0.169222
0.0204792
0.0212142
0.198424
0.0214183
0.0206477
0.211591
0.0200427
0.0211469
0.261781
0.0963983
0.0200481
0.0202309
0.0432943
0.326218
0.0425119
0.0725323
0.0262635
0.398101
0.0209877
0.0228858
0.0368879
1.19757
0.575861
0.0211704
0.517635
0.198171
0.22866
0.0206377
0.0210213
0.0203152
0.0213232
0.232953
0.0207744
0.0471916
0.0202425
0.0218571
0.0215326
0.270023
0.0213231
0.225521
0.0248615
0.0261767
0.0298805
0.0208674
0.0389309
0.0197311
0.0371049
0.0212918
0.0425764
0.0216874
0.0341839
0.34433
0.0271686
0.281514
0.020798
0.0342629
0.0238529
0.0264137
0.0213973
0.0634062
0.0218842
0.0208991
0.0212111
0.240557
0.0214805
0.0372781
0.4379
0.0258203
0.882448
0.0208442
0.020031
0.0743243
0.0398453
0.20585
0.458131
0.0208645
0.152184
0.298349
0.0445021
0.0207033
0.394789
0.219226
0.0207771
0.0232748
0.0198043
0.15098
0.361894
0.288922
0.357714
0.0208065
0.0206818
0.0216956
0.0202041
0.0230827
0.0240968
0.0220314
0.020402
0.510202
0.0221889
0.0213158
0.0296286
0.31931
0.231366
0.0219365
0.0262294
0.02208
0.434198
0.0207922
0.216967
0.0213047
0.0353889
1.60054
0.0217065
0.273755
0.0204117
0.0199144
0.0208106
0.0208399
0.0206911
0.0208392
0.0197812
0.290879
0.0238589
0.0210332
0.537651
0.020887
0.0214159
0.0206658
0.662497
0.0212497
0.0226672
0.406548
0.315666
0.020912
0.0197927
0.528624
0.0213042
0.384375
1.66029
0.0214043
0.0216644
0.03123
0.179139
0.523053
0.020259
0.0206575
0.0226335
0.0302375
0.0231604
0.517912
0.322521
0.0227663
0.0217442
0.0271789
0.0219562
0.179936
0.490954
0.0205785
0.427652
0.191809
0.0212828
0.0209371
0.0208938
0.0208658
0.0206613
0.0210435
0.0207509
0.0222341
0.275809
0.0236821
0.0215393
0.0233483
0.0248427
0.0206235
0.0207195
0.0940205
0.023018
0.0246234
0.0205984
0.0217114
0.0205707
0.0199996
0.566505
0.0213439
0.021067
0.531085
0.378597
0.378703
0.0208929
0.92128
0.0214812
1.14799
0.524975
0.0224681
0.409688
0.0206959
0.0203061
0.0654117
0.0208461
0.0474542
0.633973
0.538531
0.0239899
0.0373987
0.0213611
0.0208387
0.0222272
0.0206684
0.532301
0.512253
0.0208765
0.551229
0.485346
0.0197407
0.0206902
0.304707
0.0874854
0.0434931
0.0271282
0.14047
0.405152
0.0212988
0.306213
0.132288
0.233263
0.377487
0.023096
0.540364
0.0197733
0.035359
0.0528995
0.0198523
1.0362
0.56962
0.0472684
0.0196432
0.430113
0.0204042
0.0206849
0.821911
0.625749
0.0206906
0.0217875
0.187188
0.0198366
0.0279435
0.0208006
0.0427998
0.0194135
0.0221
0.0214721
0.268485
0.0331215
0.262593
0.0401531
0.0209434
0.293029
0.0210315
0.3272
0.0264084
0.0204595
0.57744
0.0215541
0.113545
0.0213641
1.36903
0.0211649
0.0214132
0.0202454
0.0213897
0.0205145
0.0220466
0.142325
0.029284
0.0206141
1.46635
0.340557
0.0203235
0.0205755
0.414802
0.193169
0.170709
0.232148
0.203146
0.0205829
0.0212826
0.0237326
0.025494
0.13261
0.0287118
0.0206369
0.0212841
0.0211993
0.0198182
0.0206354
0.0344102
0.0206077
0.203373
0.0209113
0.0213576
0.0697566
0.0197786
0.0352385
0.609218
0.0208341
0.0207849
0.0209719
0.0276856
0.0196427
0.0202311
0.064412
0.315526
0.0263024
0.0215362
0.0308822
0.0205492
0.0213793
0.0212496
0.171999
0.0370663
0.239659
0.0429782
0.0322204
0.0342648
0.0768934
0.0210375
0.0237791
0.0196541
0.0196437
0.0262504
0.0208178
0.417651
0.174286
0.024319
0.0591943
0.0315982
0.571319
0.0432488
0.0200435
0.0110697
0.0233741
0.339643
0.0213261
0.0204663
0.020146
0.0314041
0.526381
0.0418089
0.259313
0.0209762
0.152227
0.0206023
0.342715
0.120378
0.0204888
0.0225006
0.0212413
0.637161
0.233732
0.0216612
0.0196323
0.182641
0.0243174
0.0359358
0.0214611
0.0212829
0.411325
0.0893761
0.0205513
0.0271119
0.0207139
0.023707
0.0218868
0.149091
0.020709
0.0219876
0.0351001
0.0213412
0.0208517
0.106831
0.187358
0.021461
0.0214496
0.0216833
0.0206067
0.0205194
0.334458
0.278812
0.0208604
0.0264222
0.0208304
0.0213635
0.0213517
0.0211626
0.35239
0.283244
0.171018
0.322823
0.020758
0.0273692
0.0208447
0.021812
0.426095
0.0215771
0.0365664
0.0207299
0.0150539
0.0214839
0.33679
0.303574
0.0204561
0.0208381
0.0500184
0.0359899
1.09189
0.322308
0.0338672
0.390536
0.0241473
0.0211881
0.241481
0.0207613
0.229885
0.0199451
0.0452015
0.0281239
0.0208318
0.0214851
0.0208758
0.12019
0.294535
0.021395
0.0225977
0.0229837
0.0416069
0.0204863
0.0242035
0.308838
0.020451
0.0442202
0.138424
0.0202192
0.370362
0.0294159
0.539286
0.0204731
0.401843
0.0209186
0.0202795
0.283952
0.020473
0.184783
0.0199826
0.0208136
0.0205297
0.0237051
0.328749
0.0207485
0.371581
0.019773
0.0255375
0.25599
0.0212612
0.297313
0.109779
0.0345969
0.0923826
0.0215947
0.0205497
0.227048
0.0204971
0.0203726
0.0208694
0.199968
0.20695
0.505006
0.266539
0.0201317
0.0210556
0.0215989
0.481142
0.0206724
0.447786
0.234851
0.0212377
0.335038
0.520779
0.176678
0.0203936
0.0203631
0.0244697
0.0213287
0.0545364
0.535907
0.0203299
0.0244057
0.0207012
0.261476
0.327333
0.0211117
0.445889
0.0209895
0.021472
0.0198022
0.0206059
0.0801699
0.33181
0.0204464
0.0419024
0.328789
0.0198742
0.25342
0.0206364
0.0208935
0.0429593
0.0203934
0.544144
0.0198343
0.0800177
0.0988257
0.0197723
0.0201125
0.0209953
1.48727
0.0259444
0.125745
0.0178187
0.02584
0.0235902
0.338748
0.0205103
0.539837
0.20765
0.0206483
0.208602
0.0530562
0.282979
0.200258
0.332
0.0203797
0.252165
0.0326798
0.226005
0.236397
0.0204816
0.0203477
0.0207421
0.571551
0.0203185
0.020178
0.326884
0.0223666
0.021309
0.020359
0.0208431
0.0202934
0.0205782
0.0381927
0.0208266
0.152478
0.271014
0.0243966
0.0241536
0.0206327
0.0204023
0.136877
0.0428161
0.305314
0.42288
0.0205161
0.0206742
0.0368667
1.1102
0.202784
0.02042
0.410597
0.24231
0.0199301
0.0345963
0.0451882
0.0201633
0.0208797
0.0211875
0.021305
0.0201131
0.322689
0.520119
0.0209311
0.288845
0.0213898
0.0363392
0.0209099
0.0213364
0.0252715
0.0372736
0.0266642
0.0203346
0.01983
0.0203045
0.0203074
0.377077
0.159968
0.320536
0.0683679
0.247492
0.0222405
0.0203318
0.163152
0.246211
0.0212737
0.294863
0.0221889
0.0197718
0.206012
0.404435
0.0238578
0.0238572
0.0373941
0.0844233
0.0640611
0.0202799
0.0238221
0.020707
0.0947939
0.0206901
0.327978
0.351284
0.184419
0.334811
0.0364826
0.159018
0.331061
0.0209103
0.0203945
0.0209496
0.0208409
0.206543
0.0206323
0.0206519
0.0220128
0.0215182
0.0202283
0.325472
0.128979
0.214786
0.0202682
0.0590062
0.247037
0.242666
0.0213195
0.0204316
0.0229778
0.020193
0.313709
0.0255658
0.0202945
0.0223914
0.0205877
0.41409
0.0585938
0.0206184
0.372333
0.0215032
0.0203543
0.212237
0.373828
0.034944
0.0210443
0.326993
0.284369
0.0196497
0.0205108
0.301028
0.0460372
0.0211223
0.272456
0.0210968
0.0203987
0.0205341
0.0203437
0.167855
0.0202092
0.0203735
0.280098
0.225234
0.0205027
0.0208308
0.128861
0.33495
0.0220999
0.24072
0.0203872
0.512556
0.853494
0.0215642
0.0202303
0.254553
0.220984
0.0230929
0.0201327
0.355055
0.0250098
0.0202468
0.627681
0.0209282
0.040628
0.0204753
0.31866
0.223261
0.33349
0.335292
0.0204214
0.324226
0.0211231
0.0966906
0.229413
0.0201764
0.0319755
0.0200116
0.366408
0.0206913
0.0203476
0.0199771
0.0204589
0.0202936
0.0201322
0.0615027
0.0214534
0.0631996
0.0225216
0.0197466
0.0231787
0.334809
0.0205617
0.287177
0.0202726
0.021149
0.188772
0.0214992
0.193298
0.0237166
0.0593106
0.0200974
0.0201667
0.0220484
0.0215084
0.0202583
0.02394
0.022921
0.247582
0.0202424
0.0234681
0.0205427
0.307172
0.273834
0.023503
0.0411123
0.0214954
0.0386236
0.0282465
0.0204667
0.139756
0.0209276
0.0199435
0.328147
0.419898
0.0413503
0.21363
0.0242351
0.327361
0.0326564
0.0213766
0.275922
0.202416
0.020424
0.317634
0.339642
0.0213535
0.020219
0.0454685
0.247335
0.245465
0.193503
0.242727
0.0488841
0.0202883
0.329991
0.348113
0.0208686
0.0198519
0.0208421
0.0232645
0.0202259
0.0201344
0.311229
0.0743536
0.0200774
0.327233
0.377817
0.0399423
0.320632
0.0201466
0.0201818
0.0380331
0.0175291
0.0365537
0.0236762
0.32355
0.0200646
0.235959
0.267789
0.0292034
0.0220216
0.0224539
0.0203318
0.240537
0.020494
0.0201163
0.241955
0.0353032
0.0204956
0.34273
0.080838
0.028976
0.0304374
0.306669
0.0204931
0.0203013
0.0218016
0.0252665
0.021091
0.362903
0.0213285
0.0202309
0.264934
0.0200787
0.0633739
0.216724
0.0200691
0.203214
0.240856
0.495143
0.0209149
0.0201664
0.0200989
0.378075
0.0203387
0.336868
0.0678206
0.21771
0.104668
0.110825
0.0221505
0.0210859
0.0283141
0.272666
0.0215974
0.226756
0.235212
0.241591
0.0198668
0.205092
0.0321352
0.342455
0.474866
0.0201131
0.0204928
0.319904
0.0214815
0.0200827
0.208796
0.0209412
0.0212661
0.522083
0.21068
0.0201032
0.0204053
0.210311
0.215887
0.253126
0.378533
0.0197406
0.036326
0.0202516
0.0199706
0.201908
0.0202234
0.0202277
0.0198814
0.252103
0.0197185
0.0198508
0.0256877
0.0201953
0.0229154
0.0205552
0.0232153
0.0202953
0.224222
0.0777422
0.0202634
0.0202563
0.020494
0.0199661
0.0200026
0.0201556
0.0203506
0.0205284
0.0198871
0.0204103
0.234496
0.0201957
0.0215514
0.0218502
0.01971
0.149228
0.0197419
0.0202089
0.0372166
0.314668
0.022297
0.248248
0.0228986
0.0198261
0.0202933
0.264386
0.0203711
0.0168039
0.0313321
0.131126
0.0221483
0.0199709
0.26431
0.0389204
0.246761
0.304494
0.421171
0.0199989
0.0197242
0.0320006
0.0210641
0.129745
0.296993
0.0215799
0.0211256
0.019973
0.23873
0.0199432
0.0197747
0.0206436
0.220368
1.27082
0.238336
0.0201434
0.0213077
0.0215666
0.292126
0.0324227
0.0224118
0.0236344
0.121191
0.0260885
0.0290476
0.0861781
0.162433
0.0717343
0.0212096
0.0202142
0.0262536
0.161933
0.0199964
0.0199343
0.0288839
0.0297486
0.358864
0.0201114
0.0212999
0.0203568
0.0221901
0.0200293
0.0228754
0.348007
0.372378
0.0202339
0.0223653
0.0215536
0.0216675
0.0205483
0.0203502
0.215319
0.0248116
0.0197223
0.23456
0.0220608
0.142391
0.0227542
0.0795373
0.221545
0.0210114
0.259151
0.0204953
0.0198195
0.366683
0.260521
0.185816
0.0236518
0.0206911
0.0202964
0.0221806
0.242529
0.0202203
0.0455558
0.0250098
0.0201358
0.669627
0.0199234
0.0199608
0.0206303
0.0201927
0.329984
0.0210876
0.0206702
0.0222593
0.0400376
0.526474
0.0200209
0.0209854
0.0204336
0.282745
0.192235
0.0203658
0.0200108
0.0203039
0.324779
0.0387234
0.328656
0.0202529
0.021698
0.0554349
0.0208793
0.0198184
0.362694
0.111846
0.020399
0.250872
0.0200087
0.0197332
0.218672
0.251022
0.112767
0.0203819
0.0202394
0.0200431
0.0199565
0.0275701
0.0196995
0.0203649
0.0198394
0.0273503
0.244329
0.0245724
0.0212199
0.0202007
0.0211145
0.0365839
0.106972
0.0199547
0.0209753
0.0200285
0.0221655
0.0282812
0.0200825
0.0202473
0.0325331
0.206881
0.258049
0.0199832
0.126157
0.238832
0.0199849
0.0218188
0.0199179
0.210772
0.0199186
0.233884
0.0531532
0.122256
0.32859
0.310179
0.0230343
0.245072
0.0200348
0.222799
0.102382
0.246461
0.0345529
0.0218562
0.258756
0.0201483
0.0282915
0.341824
1.07413
0.0210082
0.328361
0.0251238
0.0215743
0.0205781
0.212997
0.0199549
0.0202833
0.14347
0.139355
0.182388
0.0204318
0.245057
0.020055
0.0221384
0.0236286
0.0344412
0.0196247
0.0201119
0.0357759
0.0209002
0.205337
0.0574905
0.0777457
0.221827
0.021294
0.0593729
0.235631
0.0208869
0.0212626
0.477089
0.097079
0.127356
0.229451
0.0375433
0.0197292
0.509983
0.240643
1.26627
0.0203546
0.317442
0.0274507
0.0219405
0.0209055
0.0201782
0.0235179
0.0198418
0.0199339
0.0209814
0.0210295
0.0271446
0.0203121
0.0211095
0.0219135
0.0210459
0.0207901
0.0198022
0.020424
0.20955
0.0208303
0.218451
0.394844
1.47955
0.114147
0.293295
0.0358459
0.0214888
0.0198061
0.0203429
0.312651
0.0211156
0.325931
0.213367
0.0222477
0.024862
0.0233234
0.0207829
0.267429
0.0234317
0.023094
0.0223557
0.214754
0.0320051
0.0217637
0.0198072
0.0213975
0.0207857
0.041382
0.0214291
0.021204
0.0202693
0.0198226
0.235344
0.206564
0.0207954
0.0204384
0.0200211
0.0202065
0.0198195
0.220948
0.0202341
0.0197252
0.209622
0.021036
0.0207849
0.0234099
0.0199291
0.242607
0.0211235
0.0213147
0.020262
0.0197568
0.0213108
0.0197369
0.0987316
0.320606
0.0198143
0.0357039
0.0230149
0.261176
0.0224206
0.0221239
0.310774
0.0210467
0.0220561
0.0219855
0.0200556
0.0224888
0.0196086
0.296075
0.0209657
0.0198184
0.0199104
0.0197964
0.247076
0.0202692
0.0212127
0.0208007
0.0240347
0.0483576
0.0198023
0.0214016
0.272399
0.228556
0.019793
0.210986
0.0197428
0.0214182
0.0811367
0.366373
0.239722
0.0639111
0.0201235
0.0198282
0.0219049
0.281129
0.0197054
0.0203106
0.0208409
0.0197701
0.0216728
0.0197597
0.0216306
0.020155
0.0208885
0.0201922
0.0263397
0.019785
0.0198304
0.296583
0.0202232
0.0219554
0.0197916
0.0198055
0.0200342
0.0197771
0.0199375
0.126852
0.0197717
0.0205447
0.0240002
0.0197104
0.238741
0.0198249
0.0196258
0.0239281
0.0230873
0.019719
0.0199549
0.0198989
0.0198029
0.639936
0.0214911
0.0204418
0.0231955
0.0233867
0.0203224
0.240979
0.021586
0.0208882
0.0200089
0.209573
0.0199112
0.0209732
0.0199847
0.0203685
0.0224337
0.0208613
0.241791
0.0231758
0.0209675
0.0218186
0.0201701
0.229329
0.306023
0.0197254
0.0210211
0.255069
0.221068
0.0924115
0.0603286
0.0215688
0.0204083
0.3511
0.0197576
0.0212269
0.0235049
0.0261597
0.256343
0.0208671
0.020023
0.0210753
0.0201739
0.26061
0.0232465
0.0230487
0.0204798
0.0206966
0.0196975
0.0230777
0.0208174
0.020442
0.373162
0.0212848
0.0252323
0.0202144
0.0198167
0.26418
0.022562
0.019809
0.0288163
0.0200482
0.0204771
0.0214392
0.0199254
0.0209571
0.0566511
0.019914
0.148717
0.020794
0.0201062
0.0201968
0.0278646
0.0209546
0.0205454
0.0205738
0.0344081
0.0198085
0.0206503
0.26768
0.530171
0.0199506
0.268979
0.355977
0.0208512
0.0199144
0.259883
0.0202054
0.250925
0.0231356
0.0208727
0.0247047
0.0211323
0.0217928
0.0209638
0.0204751
0.0208863
0.26324
0.0197565
0.252048
0.0299768
0.0213176
0.0231568
0.0199068
0.0202806
0.163684
0.0199071
0.0212832
0.0213058
0.0218299
0.019832
0.0219428
0.0224524
0.0198108
0.0217268
0.0208737
0.0197776
0.0202466
0.0205948
0.544893
0.199525
0.22078
0.0201486
0.0197361
0.0197614
0.343582
0.0204826
0.27212
0.0203307
0.293083
0.237167
0.067447
0.0197553
0.416604
0.0215606
0.187999
0.0658104
0.0200898
0.125409
0.023323
0.0196908
0.0207385
0.0197869
0.0197117
0.0204459
0.0628055
0.169727
0.0215204
0.0229882
0.0197085
0.0198183
0.0209975
0.564835
0.079533
0.0840584
0.0203425
0.0197256
0.0454175
0.0197997
0.234261
0.02028
0.0209762
0.0207078
0.0210419
0.0348138
0.0208733
0.01993
0.0204369
0.226852
0.252843
0.0196008
0.0210359
0.0198612
0.397034
0.0197888
0.020342
0.0196275
0.019757
0.0224744
0.0225057
0.0515456
0.0203176
0.0511283
0.273372
0.0258358
0.0206794
0.0199533
0.0196076
0.0200978
0.0253042
0.0199568
0.0196126
0.182369
0.022474
0.0224532
0.0196873
0.226101
0.0200751
0.0202812
0.0275137
0.0200764
0.0199038
0.0363046
0.0199014
0.509643
0.0205121
0.0196932
0.0196395
0.0211409
0.021386
0.0897616
0.021447
0.0197051
0.020626
0.0201907
0.0224562
0.0224476
0.151981
0.0197443
0.0236359
0.0219077
0.0199878
0.0208562
0.0224537
0.0207162
0.0200016
0.0208376
0.0208604
0.0224295
0.0221168
0.146306
0.0215457
0.0198325
0.293139
0.0329997
0.0203045
0.555517
0.0197513
0.434765
0.232937
0.0208276
0.0234523
0.0214447
0.0259549
0.0224379
0.020192
1.26558
0.0214229
0.0201465
0.0205915
0.131238
0.0258556
0.0195932
0.0203784
0.020678
0.0224285
0.0203336
0.260942
0.258669
0.0451485
0.022651
0.0202767
0.0198313
0.0268568
0.0204782
0.0233665
0.0690718
0.0210889
0.021127
0.021011
0.222823
0.0197402
0.0206551
0.219586
0.0224637
0.0196167
0.0208037
0.0198116
0.289387
0.14865
0.0198594
0.0196287
0.0206756
0.0197766
0.0213469
0.292248
0.019807
0.219733
0.0224547
0.0667669
0.0296333
0.0211835
0.0234287
0.0244947
0.0827575
0.149478
0.0522685
0.0253512
0.0196037
0.020216
0.0206277
0.127319
0.0196226
0.100862
0.27955
0.0231369
0.0235858
0.0225462
0.0225549
1.24509
0.157557
0.0197591
0.0200972
0.0202988
0.0207996
0.0202227
0.0234321
0.022325
0.0225355
0.0225846
0.0197983
0.0197095
0.0219583
0.0207711
0.0198355
0.0203985
0.020158
0.0200209
0.0216916
0.0232705
0.0198043
0.0233869
0.169422
0.0263994
0.0195664
0.0195733
0.0281161
0.240334
0.0207864
0.029839
0.0224788
0.0197878
0.17033
0.0203357
0.0218898
0.23059
0.020773
0.0196107
0.0206731
0.0196737
0.0224416
0.0208782
0.0196782
0.0231981
0.0201893
0.0223314
0.019612
0.0216185
0.0224826
0.0195929
0.251693
0.247445
0.0196868
0.0208058
0.0199052
0.287609
0.0206271
0.0196808
0.0196926
0.195166
0.280356
0.0214649
0.0230607
0.0229959
0.0230858
0.0230454
0.0229533
0.0230188
0.0230403
0.0230667
0.0229766
0.0228845
0.0230009
0.0229351
0.0228558
0.0224953
0.0225104
0.0225506
0.0225317
0.22609
0.0226534
0.0226613
0.0228172
0.0226282
0.022619
0.022852
0.0224762
0.0225868
0.0228226
0.0195657
0.0195454
0.0226112
0.0225595
0.219991
0.225887
0.22329
0.0626821
0.0207405
0.0202261
0.0196464
0.019536
0.0199233
0.0226827
0.0226433
0.0226013
0.0224629
0.0224461
0.0224561
0.0224849
0.0224877
0.0225106
0.0225861
0.0227861
0.0227433
0.251554
0.0227566
0.232694
0.0214522
0.0224592
0.0227723
0.0227033
0.0226709
0.0225527
0.0228014
0.0226928
0.0200928
0.0226939
0.0228375
0.0208604
0.0310481
0.233236
0.0204593
0.0205163
0.0267084
0.0206246
0.0208259
0.0257169
0.0197612
0.0212434
0.178879
0.336414
0.0209477
0.274522
0.0200677
0.0197102
0.0211441
0.186214
0.264471
0.0200679
0.0198143
0.0197771
0.457176
0.0199287
0.0218574
0.019974
0.0208633
0.0494103
0.352105
0.0349975
0.0376175
0.0198416
0.0207597
0.0232474
0.0199399
0.0197878
0.0269796
0.294815
0.0223707
0.0199461
0.0196527
0.187212
0.0197576
0.0198284
0.020106
0.0388457
0.134919
0.0490565
0.0202548
0.0409187
0.0207573
0.0338105
0.330982
0.0199402
0.0350405
0.0199071
0.350597
0.0225828
0.095267
0.224819
0.0196085
0.0199974
0.11867
0.0197303
0.283273
0.26097
0.0203152
0.599036
0.0218207
0.0204691
0.0199166
0.0205511
0.0203604
0.0198807
0.0198264
0.0198848
0.0200267
0.0203766
0.248513
0.0236531
0.328586
0.244914
0.0201164
0.0196816
0.0386381
0.02022
0.0198772
0.0197986
0.0205937
0.0200325
0.0208718
0.0197635
0.0207521
0.0199072
0.0224331
0.0198196
0.0207847
0.0202028
0.757498
0.0208174
0.0271733
0.0197689
0.021628
0.020353
0.0200902
0.0208346
0.205923
0.0219965
0.0211759
0.0201149
0.0196141
0.0195998
0.0195898
0.0229424
0.278914
0.0202812
0.0197408
0.0199508
0.0207772
0.248612
0.0208505
0.019905
0.322871
0.0205595
0.0213592
0.185455
0.0208426
0.0353846
0.0251742
0.0198774
0.0202032
0.305477
0.0204216
0.0419402
0.019914
0.0198961
0.015932
0.317606
0.020043
0.0197197
0.0196623
0.0202716
0.0197927
0.0197651
0.0248889
0.019704
0.020606
0.0208827
0.207795
0.0270334
0.0201462
0.0196778
0.317706
0.019709
0.0200587
0.0217624
0.0195934
0.238151
0.0202479
0.0199378
0.0788164
0.0214556
0.0212151
0.0198753
0.0196594
0.36529
0.019832
0.020562
0.020245
0.0195937
0.0204728
0.0213328
0.0203777
0.0197407
0.0223891
0.0207111
0.0203449
0.022843
0.0201583
0.0209688
0.0210629
0.225799
0.135681
0.0235136
0.337227
0.0196168
0.0210155
0.0204117
0.020095
0.0200923
0.0202552
0.0196739
0.0195764
0.0202775
0.187194
0.0218654
0.0199452
0.0218829
0.0201348
0.0200821
0.263442
0.0204232
0.0210532
0.0201849
0.0196335
0.0197851
0.111141
0.0213687
0.0197888
0.0210595
0.0196755
0.0198371
0.137581
0.0222757
0.0195925
0.0197431
0.0234404
0.0339482
0.0203763
0.0200706
0.0196791
0.0225398
0.0196032
0.0220062
0.0198624
0.0205039
0.0198242
0.0196927
0.0233171
0.0199559
0.0198927
0.0201099
0.0196589
0.0196777
0.019978
0.0256902
0.0304866
0.0197826
0.0233351
0.0197309
0.0201513
0.0198845
0.0199595
0.0202228
0.02246
0.290575
0.0221814
0.0768797
0.0198481
0.0196589
0.0200173
0.0197958
0.0197868
0.019949
0.0208932
0.0223726
0.0199373
0.0214388
0.0199757
0.0198416
0.91444
0.0211588
0.0218511
0.0197149
0.040331
0.071388
0.0202431
0.0207425
0.0197505
0.0550022
0.0201495
0.114704
0.019663
0.0200897
0.063773
0.0438474
0.0208747
0.0203227
0.020214
0.0196768
0.0206023
0.0218214
0.0202914
0.0736113
0.020306
0.0198097
0.0939065
0.0259349
0.0212712
0.0348531
0.0196884
0.0207405
0.0363157
0.0272396
0.0205017
0.0203611
0.0207962
0.0199118
0.124107
0.019674
0.0197335
0.0201021
0.0330288
0.0215398
0.0208414
0.0209826
0.304292
0.0202831
0.0216882
0.0198281
0.0200316
0.0279365
0.0199249
0.100078
0.0197687
0.0210336
0.0210287
0.0199424
0.0195808
0.0928558
0.0205379
0.0202233
0.0208432
0.155789
0.231241
0.984451
0.0202007
0.0197829
0.0206623
0.0200345
0.0210523
0.0222291
0.02083
0.0198415
0.0204676
0.0198944
0.0249879
0.0203861
0.0600286
0.019612
0.281824
0.021335
0.0198791
0.020483
0.0210404
0.020848
0.022556
0.0209874
0.0197892
0.0206735
0.0201465
0.389152
0.177434
0.0205655
0.0195738
0.0205328
0.0204109
0.0196369
0.0202653
0.222793
0.0231232
0.0215195
0.0215814
0.0197416
0.0202067
0.0224703
0.0198936
0.0208226
0.220028
0.0205549
0.0207043
0.0201136
0.235925
0.0198287
0.0216736
0.0278997
0.23907
0.0198706
0.3816
0.0197797
0.0208169
0.0227441
0.0243947
0.0198763
0.0304206
0.0301074
0.0212908
0.0197491
0.0240733
0.0197307
0.382669
0.0196545
0.0197013
0.0197735
0.0200236
0.019779
0.0220118
0.0207441
0.0251459
0.0190518
0.0196558
0.0520776
0.0708261
0.0218705
0.0214448
0.0203492
0.019977
0.023891
0.019818
0.0199013
0.0196599
0.0197179
0.341884
0.0203443
0.0209596
0.0403664
0.0212405
0.0351946
0.0199954
0.0219707
0.0197545
0.0195812
0.0202413
0.0201306
0.0202149
0.0208424
0.0239994
0.272784
0.0197434
0.0197998
0.0205266
0.0196833
0.0412953
0.0281384
0.0198759
0.0204642
0.227853
0.0201521
0.0205819
0.021563
0.294672
0.0213679
0.0197908
0.311567
0.0234498
0.0208803
0.0208414
0.280738
0.239086
0.0198095
0.0196666
0.0199848
0.0200188
0.0213637
0.0197882
0.0208025
0.0241053
0.26298
0.265812
0.0204513
0.0579074
0.2289
0.019665
0.0215611
0.019729
0.0217028
0.0201304
0.0200777
0.0210435
0.226806
0.1694
0.0199589
0.0197114
0.0203356
0.243099
0.022799
0.022213
0.0199213
0.0198517
0.0397956
0.0202394
0.0198487
0.369467
0.257626
0.249262
0.0196967
0.0230513
0.020301
0.0212495
0.257169
0.0205553
0.216077
0.235664
0.0241266
0.0214695
0.0227594
0.0197525
0.0208092
0.0217311
0.0226676
0.0200006
0.0202545
0.245911
0.0226591
0.021059
0.260667
0.280378
0.0204441
0.022114
0.0204242
0.27483
0.274981
0.283596
0.289568
0.292235
0.196689
0.263902
0.282499
0.0218298
0.266238
0.0253648
0.019828
0.0208127
0.0218187
0.0237709
0.0273761
0.114306
0.277355
0.0289221
0.0197204
0.0196929
0.0201886
0.0212854
0.0199223
0.0516352
0.0307418
0.0201962
0.254782
0.0649225
0.0203345
0.0200195
0.0208528
0.0236101
0.0199566
0.0216221
0.022232
0.0236211
0.330188
0.0199251
1.13411
0.0257828
0.0205076
0.326659
0.0225453
0.0226737
0.0201598
0.275123
0.0208271
0.0197247
0.922549
0.0199866
0.0218685
0.0203147
0.222912
0.02045
0.0205446
0.0202348
0.020341
0.0198786
0.0879882
0.0198159
0.0224993
0.0212642
0.0201451
0.0197284
0.0203878
0.0388643
0.268343
0.0728693
0.0220622
0.0285789
0.0198948
0.275306
0.0211562
0.0211402
0.0203082
0.0203692
0.0806232
0.0198252
0.0206269
0.0199993
0.354448
0.0196922
0.20644
0.22887
0.10281
0.0201377
0.237161
0.107064
0.0198921
0.0298851
0.0199122
0.0215749
0.0203033
0.0272956
0.0246036
0.102159
0.0238357
0.0254054
0.0197697
0.0241989
0.0228894
0.0207564
0.0296756
0.230712
0.0205304
0.0203046
0.0203287
0.262513
0.261568
0.241813
0.019893
0.223388
0.0203285
0.0203141
0.079351
0.0453015
0.292334
0.023262
0.258743
0.0206517
0.0199558
0.282315
0.348781
0.0235061
0.285734
0.0768241
0.284279
0.230938
0.183681
0.131058
0.257262
0.0198923
0.0282791
0.252795
0.022716
0.273568
0.282877
0.0211483
0.0201291
0.0199333
0.29858
0.265721
0.238516
0.021595
0.0198908
0.0200713
0.227276
1.43927
0.293722
0.237596
0.0211902
0.196219
0.317395
0.0200525
0.0520035
0.0201737
0.0193187
0.0199819
0.0206654
0.0536472
0.0605665
0.239606
0.0198793
0.0201213
0.0198938
0.25403
0.0203962
0.0200954
0.0980851
0.0271741
0.020676
0.254977
0.0204758
0.0199123
0.259076
0.0268241
0.0216614
0.0283186
0.0205995
0.268304
0.0201646
0.276626
0.021485
0.0200311
0.0201755
0.0209884
0.0466036
0.22752
0.290476
0.238079
0.0224914
0.0310117
0.0222309
0.217194
0.0200737
0.0201846
0.0198909
0.0827699
0.0198281
0.0306293
0.0207466
0.0200694
0.024374
0.241204
0.0343373
0.0257171
0.0201898
0.0198932
0.0199639
0.263226
0.0209615
0.107721
0.252183
0.0207074
0.020989
0.246869
0.253344
0.0200145
0.0210236
0.0207805
0.0357762
0.241987
0.0199014
0.0205369
0.748581
0.410635
0.0208259
0.019987
0.0906521
0.0209608
0.0203873
0.0210176
0.0204943
0.269451
0.0215098
0.28588
0.0208146
0.217095
0.0296848
0.250599
0.25376
0.0200444
0.278549
0.0200808
0.28607
0.290723
0.29212
0.0206767
0.0291876
0.269389
0.0227152
0.27996
0.266697
0.216962
0.020903
0.0199335
0.0199092
0.02099
0.0379686
0.0212284
0.18363
0.0593447
0.0210142
0.0198665
0.0734487
0.0203881
0.26095
0.248168
0.257987
0.29675
0.0314729
0.0462666
0.0205608
0.0206999
0.0217899
0.128521
0.0200957
0.0198768
0.0200259
0.25614
0.0201083
0.258703
0.0206291
0.0202028
0.0210364
0.0684453
0.0205296
0.289287
0.0206764
0.0203668
0.0205061
0.25903
0.209683
0.181597
0.0202315
0.16111
0.0242401
0.278742
0.283574
0.0202246
0.0204565
0.0231195
0.245233
0.0200881
0.0206968
0.0212898
0.0202283
0.503836
0.0221954
0.020467
0.296704
0.26119
0.0214834
0.196757
0.0204233
0.358565
0.0940289
0.0209757
0.27096
0.0199431
0.0204488
0.020065
0.0364137
0.0200635
0.0201077
0.544061
0.0202804
0.019932
0.0205603
0.0201614
0.020186
0.020133
0.0201804
0.186659
0.370561
0.0227699
0.020516
0.0238347
0.0251466
0.0202151
0.0217496
0.342697
0.0250563
0.0339619
0.0212726
0.416081
0.0199119
0.0426893
0.0199064
0.0236309
0.0221697
0.0199962
0.163816
0.0209598
0.274856
0.531642
0.0238325
0.020364
0.166719
0.253683
0.024815
0.377288
0.273565
0.0203104
0.0208721
0.0205454
0.0208429
0.0261909
0.0197382
1.34927
0.0204685
0.0292634
0.0204969
0.0206392
0.266765
0.0463507
0.0211328
0.020517
0.508579
0.372133
0.0206285
0.0201674
0.0212722
0.0589497
0.0203318
0.0227367
0.0201831
0.0200554
0.0199755
0.0212938
0.0206337
0.0198859
0.0201548
0.0198975
0.0213111
0.0199526
0.0199882
0.01999
0.024027
0.0201345
0.28902
0.431207
0.0208582
0.0202058
0.0215685
0.0206846
0.019974
0.37641
0.0605691
0.0199764
0.0318601
0.0199821
0.0199746
0.164357
0.0196639
0.0207175
0.263393
0.0200106
0.0196987
0.0206618
0.283814
0.020825
0.548994
0.397821
0.0202942
0.020257
0.0198858
0.146684
0.0252041
0.0213038
0.0252856
0.616876
0.0224408
0.0211156
0.021247
0.0211217
0.0205302
0.0475396
0.600224
0.305555
1.09289
0.0393449
0.0200847
0.021559
0.0199602
0.259699
0.0206597
0.265304
0.0202419
0.0305311
0.0199728
0.0203977
0.382447
0.0200266
0.0200111
0.0200121
0.0210868
0.0347307
0.0202046
0.0199627
0.0227224
0.0204957
0.0226401
0.249711
0.0278451
0.0202654
0.226397
0.787245
0.0986797
0.0218532
0.203044
0.0331399
0.0203221
0.0216777
0.0200263
0.0231584
0.0198754
0.0207058
0.0199963
0.022276
0.339694
0.0213144
0.281679
0.0259726
0.0250729
0.433148
0.020321
0.0213469
0.334703
0.021947
0.0242069
0.122263
0.0197133
0.586924
0.0199895
0.0207913
0.374295
0.0198805
0.0224119
0.0232925
0.338038
0.0204914
0.0254722
0.195961
0.026967
0.282583
0.0585559
0.0200119
0.020354
0.0205133
0.0208359
0.0201144
0.0202915
0.021138
0.0213654
0.0229883
0.25193
0.283862
0.0207176
0.0217483
0.0200713
0.020751
0.530044
0.0203218
0.0518516
0.259932
0.211853
0.0202595
0.0290269
0.0208507
0.260329
0.257864
0.0211803
0.228503
0.0198684
0.0201943
0.0419466
0.0207161
0.0203045
0.298681
0.249257
0.0327164
0.147653
0.0205593
0.0201299
0.233642
0.0235554
0.325098
0.0248159
0.0206134
0.0200536
0.67286
0.0207597
0.316557
0.165452
0.0197594
0.0262681
0.0198763
0.0201154
0.0215216
0.269864
0.0216912
0.0215723
0.084486
0.0200816
0.0211403
0.0207827
0.253391
0.0208946
0.0206968
0.0204099
0.0204572
0.444612
0.0200466
0.0199946
0.0211349
0.020757
0.0205256
0.0288202
0.0200678
0.0234837
0.257862
0.0201474
0.020582
0.291914
0.0200805
0.0206025
0.346506
0.0209532
0.0205435
0.0206669
0.258824
0.0207281
0.0208743
0.264948
0.0198369
0.0211055
0.0205223
0.0201003
0.209482
0.0201315
0.0202578
0.0206598
0.0198838
0.250372
0.291473
0.0201305
0.0220878
0.0250301
0.0199245
0.0202957
0.0213625
0.0201387
0.0212755
0.0211356
0.020597
0.0201303
0.184605
0.0204331
0.0207025
0.278539
0.288117
0.171122
0.0202749
0.0224558
0.0207091
0.26652
0.0207769
0.04122
0.498354
0.247194
0.523169
0.137146
0.0201528
0.0206805
0.0269453
0.0217363
0.318047
0.437301
0.0198819
0.0203595
0.0202235
0.0225203
0.0198693
0.0204531
0.0199723
0.0210607
0.0212057
0.154749
0.0198734
0.249807
0.264405
0.0200789
0.205418
0.0196853
0.0201639
0.0228155
0.0201476
0.0204068
0.0198438
0.0218355
0.0324629
0.0201714
0.0207597
0.0244055
0.0205229
0.0207427
0.0239413
0.0204846
0.0202678
0.315061
0.298122
0.0204883
0.020737
0.0200102
0.245932
0.181654
0.0201094
0.0285212
0.024068
0.043394
0.0366865
0.284182
0.020819
0.244239
0.284523
0.03944
0.245476
0.205671
0.16714
0.0202389
0.0215108
0.020183
0.120623
0.0209542
0.0204678
0.112376
0.0203842
0.231815
0.0206433
0.298908
0.0205947
0.0209765
0.0202255
0.0199328
0.153314
0.0257628
0.0202125
0.019957
0.238677
0.197796
0.303965
0.0202785
0.0204624
0.29073
0.020693
0.37651
0.0196418
0.020816
0.273968
0.0265695
0.246688
0.0212436
0.0355968
0.0218127
0.0202561
0.0212194
0.0205787
0.0211413
0.0205979
0.0210411
0.379161
0.235964
0.257528
0.606954
0.0209302
0.0251726
0.0204782
0.0196948
0.103307
0.0205362
0.0204595
0.0196763
0.0205783
0.0202404
0.0206383
0.537481
0.371171
0.358668
0.0318214
0.0230381
0.0202395
0.0202473
0.0202805
0.374879
0.0211699
0.475675
0.0225096
0.362164
0.0199912
0.0206223
0.360028
0.0206148
0.0202605
0.0214652
0.0211455
0.0210702
0.0202977
0.0201606
0.0201142
0.0199986
0.0206161
0.0201129
0.0203182
0.274008
0.0201659
0.0205394
0.0207747
0.0200445
0.0202905
0.0234018
0.134089
0.0208874
0.0207918
0.0210568
0.182014
0.199338
0.233442
0.0770704
0.0204733
0.0206258
0.0206935
0.0208499
0.0207661
0.0206352
0.0202554
0.0203037
0.020404
0.0390929
0.021126
0.0201255
0.0876391
0.0206345
0.0222712
0.692709
0.0209686
0.0326498
0.400195
0.0201264
0.0214635
0.0241713
0.381772
0.533524
0.538285
0.020529
0.02033
0.0203184
0.020594
0.0209158
0.020478
0.0234638
0.0436037
0.0260757
0.0242134
0.365133
0.0201527
0.0247935
0.0229544
0.254161
0.0202587
0.226401
0.0203505
0.0204736
0.0196986
0.0200563
0.400109
0.0207376
0.0203014
0.0203188
0.0205348
0.0218446
0.292903
0.0200661
0.0205858
0.0211301
0.293353
0.0225114
0.0225436
0.372325
0.34833
0.0204347
0.0204325
0.354914
0.0203244
0.0203421
0.212871
0.0211537
0.0204049
0.0201433
0.0206669
0.299601
0.0259136
0.0271415
0.0222778
0.0202691
0.0204862
0.0279722
0.0205354
0.0212285
0.0203361
0.119018
0.223986
0.0203897
0.0206911
0.0203754
0.265149
0.0237493
0.471725
0.348831
0.023598
0.0209126
0.0200078
0.352837
0.0206854
0.516862
0.0204249
0.324529
0.0207284
0.288507
0.0366451
0.020728
0.0212441
0.280158
0.0207779
0.0279494
0.0212641
0.035803
0.0205228
0.0204514
0.0209366
0.020636
0.0297525
0.021122
0.0205078
0.0207426
0.456339
0.0309674
0.0208499
0.0210744
0.371985
0.0205512
0.451965
0.0216891
0.34245
0.0309702
0.267947
0.0199909
0.294443
0.0201179
0.0204045
0.057311
0.02065
0.0206957
0.0225766
0.0241756
0.0213402
0.0202091
0.0203504
0.0261018
0.0202728
0.0217123
0.197283
0.0196342
0.357139
0.0205915
0.345241
0.0212578
0.0214207
0.0200967
0.426196
0.0215041
0.216124
0.0204104
0.0287299
0.0213013
0.0222159
0.0202246
0.0196447
0.0205038
0.0201959
0.0308695
0.381804
0.0203133
0.0226439
0.150449
0.0206981
0.0227645
1.63293
0.0207653
0.020755
0.173877
0.0299636
0.0204042
0.0210365
0.0214201
0.0222484
0.0204081
0.0216098
0.269215
0.165547
0.0205745
0.269291
0.0208267
0.0207518
0.0209451
0.0216462
0.334009
0.350024
0.0290253
0.0212259
0.02065
0.181038
0.0205084
0.0204964
0.0209065
0.388455
0.0202322
0.0196465
0.0206082
0.0235915
0.350715
0.0234545
0.0210947
0.0265187
0.0202601
0.0203861
0.0250879
0.43706
0.0276615
0.355464
0.0267275
0.0201723
0.0262701
0.0201989
0.0247646
0.027474
0.0447357
0.370923
0.0199225
0.0239229
0.0253644
0.0230214
0.565031
0.635488
0.0204463
0.276414
0.0207246
0.0213807
0.0203555
0.0490849
0.0211211
0.0297747
0.0205661
0.0214829
0.0554744
0.0214179
0.36225
0.0206119
0.378016
0.592347
0.0202434
3.45479
0.0211457
0.396213
0.159471
0.369178
0.0202725
0.0215159
0.0203871
0.0215574
0.0207088
0.330829
0.0208721
0.0198464
0.0209773
0.0203031
0.0395395
0.0209062
0.0231021
0.0206196
0.025951
0.020885
0.025307
0.0207603
0.0208168
0.0200841
0.0209099
0.0209346
0.02139
0.0212775
0.0206946
0.281349
0.0212456
0.0205024
0.0205162
0.560715
0.281119
0.0205298
0.0200147
0.0214022
0.0362128
0.293388
0.114692
0.0200435
0.303748
0.0202825
0.0202957
0.022545
0.0214779
0.0209869
0.36956
0.0211565
0.0206596
0.0210352
0.0260506
0.0208221
0.020307
0.0205106
0.0210867
0.0211632
0.0209317
0.0208334
0.0209826
0.0252827
0.0968979
0.0208366
0.0206959
0.377637
0.044714
0.251012
0.0205856
0.0205288
0.568524
0.0236918
0.442045
0.0267009
1.17319
0.0206204
0.0220986
0.0205498
0.0205275
0.320452
0.0210061
0.0223597
0.0206811
0.0216817
0.021823
0.0282665
0.219229
0.0268896
0.0211058
0.0216358
0.119551
0.020527
0.020885
0.0230738
0.0206026
0.281287
0.0207832
0.0199434
0.0543006
0.0262368
0.0314063
0.021115
0.0211902
0.0211294
0.0203889
0.0204263
0.0205588
0.0203468
0.0207917
0.384956
0.0200456
0.301568
0.0272833
0.0214798
0.0241395
0.02127
0.0214203
0.0210345
0.0208844
0.129425
0.0243301
0.37181
0.0213188
0.550533
0.0205311
0.206195
0.0210342
0.0226447
0.378302
0.0207419
0.161119
0.020957
0.0203048
0.0205271
0.0210472
0.105875
0.127371
0.0311597
0.0206945
0.0207948
0.0207118
0.133708
0.0208454
0.0213106
0.0250436
0.0283018
0.0590485
0.0205293
0.0206188
0.0208604
0.0237326
0.231068
0.020543
0.0258687
0.0204143
0.0198475
0.14551
0.0206339
0.0225451
0.0253816
0.145375
0.0205601
0.0778281
0.0227239
0.0215622
0.021345
0.021208
0.0225178
0.376824
0.21677
0.260357
0.0214281
0.181575
0.0196496
0.022889
0.0206419
0.0217
0.561166
0.0202871
0.222418
0.0246268
0.0233727
0.0232481
0.0694828
0.273349
0.29228
0.0211158
0.0212139
0.0567202
0.0209542
0.019931
0.0199907
0.382676
0.0699571
0.0196457
0.0362243
0.0218814
0.0291283
0.256256
0.020383
0.252357
0.186025
0.0210723
0.118666
0.130815
0.0214689
0.261071
0.0206548
0.0198807
0.0230556
0.372315
0.0212853
0.0311177
0.0206442
0.0210778
0.065831
0.0232569
0.0209612
0.0226853
0.0985784
0.020209
0.0199243
0.0206304
0.0212308
0.0212442
0.0196182
0.0508094
0.0200796
0.370169
0.0210435
0.0862607
0.0212286
0.0216911
0.236191
0.0210902
0.0201132
0.0581517
0.0207492
0.0206143
0.0209117
0.0201076
0.0233376
0.0208068
0.0196824
0.310718
0.020005
0.0267257
0.0209848
0.0257925
0.0202876
0.0205909
0.044306
0.0200799
0.0206131
0.548332
0.366076
0.0209288
0.021198
0.324452
0.0208711
0.0208637
0.0203995
0.093671
0.0211527
0.0207139
0.0321862
0.0215349
0.0222245
0.0211091
0.0205991
0.0206957
0.0207459
0.0206003
0.0628553
0.290683
0.0308701
0.0208336
0.0205707
0.0210478
0.150991
0.11574
0.0246589
0.424872
0.1405
0.0199424
0.0196587
0.0407373
0.23477
0.0209274
0.0200968
0.551217
0.0634464
0.0301221
0.0214652
0.0198486
0.0207956
0.283285
0.0212323
0.027618
0.268897
0.0206832
0.325779
0.0291194
0.021385
0.0206098
0.0213122
0.020791
0.0390218
0.0210861
0.0275403
0.0207637
0.0214835
0.021257
0.0204653
0.0335205
0.0209672
0.0207599
0.0206337
0.310832
0.020062
0.0208219
0.0213234
0.555673
0.435346
0.0204477
0.0436335
0.0205147
0.0203647
0.0206201
0.0288037
0.0259026
0.020388
0.0205315
0.0212593
0.272791
0.0206111
0.284897
0.0200945
0.0237177
0.0211441
0.0206123
0.0199247
0.0204265
0.0225235
1.13563
0.0228502
0.0209709
0.0211668
0.366715
0.0212552
0.0206616
0.023589
0.0220725
0.021079
0.0207913
0.362699
0.0242873
0.0276293
0.0243607
0.0257345
0.0205827
0.0211054
0.0206103
0.0210392
0.0219988
0.365799
0.0209048
0.0211061
0.0208387
0.0259482
0.0284958
0.0231474
0.605026
0.0250818
0.0218245
0.25902
3.59347
0.389009
1.17643
0.0217869
0.0206551
0.0210892
0.0287186
0.0208042
0.172463
0.0367539
0.020736
0.0831868
0.0204755
0.021252
0.0208482
0.0207648
0.287805
0.0208084
0.0207012
0.0392503
0.498346
0.0321027
0.113783
0.0207056
0.169131
0.171889
0.22319
0.0295203
0.0201708
0.372479
0.0196829
0.0232317
0.0219647
0.170978
0.0206332
0.0264495
0.020339
0.0216578
0.0206011
0.020116
0.0208074
0.303652
0.278119
0.0210393
0.174754
0.0213548
0.0205247
0.0274752
0.805247
0.0212063
0.0351266
0.649101
0.0259775
0.0210678
0.0207779
0.0230304
0.0214819
0.585982
0.0207193
0.0228081
0.0210482
0.020706
0.0207478
0.02619
0.0200619
0.0208716
0.0327085
0.0209117
0.01985
0.0216527
0.0240149
0.0344618
0.554018
0.0210799
0.581773
0.0213466
0.0207281
0.0220296
0.0311411
0.0192428
0.0207316
0.0207104
0.020771
0.0208502
0.535882
0.27657
0.6228
0.0212661
0.0203213
0.0305023
0.0200985
0.0233076
0.0208298
0.191533
0.525434
0.0275009
0.0208354
0.0343227
0.0938311
0.0209306
0.115246
0.0201188
0.355818
0.278233
0.0207701
0.209626
0.0232588
0.0352578
0.0208593
0.713857
0.0267488
0.153558
0.0209785
0.0210172
0.0211109
0.0227942
0.0207243
0.358418
0.0205956
0.37261
0.299621
0.241391
0.161804
0.0201021
0.0207155
0.0207296
0.0202697
0.0211486
0.02118
0.031338
0.0317085
0.204407
0.0210095
0.0209664
0.021226
0.0244768
0.0233991
0.993304
0.0207288
0.0210944
0.0209592
0.0229126
0.0210828
0.0209576
0.26986
0.290247
0.0284495
0.0207872
0.0252277
0.0196562
0.0574088
0.0211814
0.0204922
0.223298
0.0209305
0.0222537
0.0263416
0.0215534
0.021526
0.0208158
0.0262132
0.020862
0.0261266
0.11906
0.021265
0.0239492
0.0205446
0.0247756
0.0216973
0.0207581
0.214834
0.0210258
0.0248449
0.0275837
0.0207928
0.0231996
0.0200627
0.0213222
0.424119
0.0204138
0.0210531
0.695679
0.0215407
0.0365228
0.0199259
0.280075
0.0203599
0.133044
0.0209463
0.0245349
0.0211651
0.194327
0.0207819
0.0202861
0.0209009
0.0214272
0.0203516
0.0230154
0.0206144
0.287362
0.0210805
0.0217661
0.0207704
0.0205716
0.0208165
0.0208109
0.0208095
0.3709
0.0266029
0.026312
0.0208598
0.0210681
0.023059
0.0202894
0.0206132
0.147432
0.0225372
0.0199487
0.0207702
0.0208278
0.0211611
0.285751
0.0285154
0.0210367
0.0208104
0.0211563
0.0208765
0.0209025
0.0202088
0.276852
0.219814
0.0207246
0.019924
0.0206084
0.0207243
0.0209695
0.0207919
0.0209129
0.913556
0.020867
0.0239952
1.08375
0.103031
0.0208796
0.030785
0.0234984
0.538291
0.462644
0.0206737
0.022096
0.0238977
0.021348
0.0235077
0.0213193
1.45714
0.0968792
0.0350325
0.025813
0.0223558
0.026841
0.021012
1.1759
0.0211994
0.0394892
0.0207267
0.0308997
0.0436175
0.481547
0.0210754
0.0210381
0.221032
0.0276654
0.0248773
0.291558
0.020781
0.0740068
0.0208569
0.494531
0.0207849
0.0210836
0.0213043
0.021183
0.020374
0.0227091
0.215315
0.273632
0.0204815
0.0280519
0.0212982
0.0566608
0.0247748
0.0211106
0.0226072
0.366953
0.131882
0.021122
0.0220206
0.0205709
0.0208988
0.0201034
0.0203699
0.268732
0.0211903
0.0425198
0.0913006
0.0235039
0.0209622
0.0208129
0.32169
0.021376
0.0213901
0.0203859
0.0208083
0.021356
0.0212037
0.174539
0.575907
0.0209308
0.285572
0.0289684
0.02081
0.0202719
0.0214534
0.0202859
0.0229622
0.366246
0.0238655
0.0213197
0.592926
0.0212718
0.590732
0.0210749
0.0207554
0.0209675
0.0205003
0.0209438
0.334922
0.045783
0.0209759
0.437859
0.0212865
0.0241171
0.122904
0.0214558
0.0210941
0.0232866
0.0210175
0.0213398
0.186983
0.117555
0.0208037
0.0201226
0.022864
0.249602
0.0216192
0.0200264
1.02016
0.0537453
0.02113
0.0204801
0.292276
0.0221863
0.0205631
0.227583
1.05147
0.114576
0.0225709
0.644686
0.0242588
0.0261147
0.0247032
0.0206817
0.210642
0.0206599
0.020928
0.0508033
0.0209062
0.0207096
0.0213942
0.709728
0.0205661
0.0210021
0.0209808
0.0232614
0.0200812
0.0209536
0.0229613
0.32865
0.0219152
0.580814
0.0606542
0.0199391
0.0256359
0.038761
0.0212844
0.0210965
0.130777
0.021276
0.0991824
0.0210006
0.021366
0.0761667
0.0200095
0.0208649
0.0209462
0.566634
0.0209408
0.0329805
0.0202697
0.0209674
0.0200975
0.228363
0.0212658
0.0208768
0.0208146
0.199723
0.0213565
1.16025
0.0212616
0.0208512
0.0261985
0.568023
0.0210316
0.218423
0.125442
0.0200778
0.0214126
0.0276514
0.0200104
0.0209718
0.193792
0.0212261
0.0216087
0.0679162
0.0201628
0.0214746
0.0229219
0.0307675
0.172088
0.0258634
0.151985
0.0396823
0.0210993
0.138053
0.0361333
0.215087
0.0218265
0.551409
0.0287381
0.0203547
0.266962
0.0210283
0.106155
0.0211131
0.385604
0.306375
0.0249073
0.0206506
0.156464
0.0205148
0.0524178
0.0202085
0.0203695
0.0215038
1.16266
0.020942
0.0215308
0.0209463
0.0212662
0.0215962
0.0212692
0.0196975
0.0209858
0.0412048
0.253775
0.0210092
0.223914
0.0209452
0.0226688
0.161181
0.291494
0.022403
0.229211
0.0221832
0.0215979
0.0220968
0.0313984
0.0336097
0.0207768
0.0229546
0.025077
1.13165
0.0210329
0.0209893
0.0202672
0.024439
0.020717
0.0297594
0.648146
0.0271828
0.0221865
0.0205255
0.023149
0.0201946
0.0200192
0.0267879
0.0560156
0.0205108
0.0368501
0.0222925
0.0212769
0.0296845
0.0212126
0.0214458
0.0206153
0.0201785
0.0200627
0.0199396
0.0270864
0.0219884
0.0204801
0.0223058
0.0249676
0.0196276
0.0206019
0.0226056
0.0210929
0.0240546
0.0212094
0.0233876
0.0209968
0.0312551
0.0217346
0.0212298
0.722735
0.0299361
0.0209935
0.0284065
0.0210011
0.0207571
0.0209518
0.0206857
0.0225877
0.0218832
0.0260687
0.0216928
0.373997
0.0212966
0.0208037
0.0328886
0.0204045
0.0211137
0.0404843
0.0209554
0.570819
0.0210441
0.0204194
0.288804
0.0328678
1.3472
0.020928
0.0209439
0.0207955
0.0249644
0.0201618
0.0209074
0.351822
0.0367156
0.318263
0.559323
0.0220596
0.367286
0.0738131
0.0558421
1.4178
0.0531054
0.709802
0.0232344
0.197375
0.140119
0.0200299
0.142178
0.0208443
0.0208715
0.0205436
0.0212529
0.0209472
0.0209334
0.0240149
0.176157
0.0225653
0.0300991
0.284777
0.0209618
0.104676
0.0210918
0.0209063
0.01994
1.06058
0.0211361
0.356564
0.4553
1.41037
0.102567
1.03082
0.0200533
0.0388633
0.0358881
0.0204152
0.0224163
0.0329628
0.0213938
0.0207878
0.0211167
0.020934
0.0695383
0.0252492
1.36837
0.0375994
0.0207618
0.488228
0.0209425
0.0215039
0.0448701
0.181778
0.0237889
0.0210508
1.33811
0.0860831
0.0245922
1.1185
0.0212076
0.0222415
0.0216839
0.0407104
0.019936
0.0212373
0.0208819
0.0207308
0.0205044
0.0245066
0.0210531
0.0213035
0.0255603
0.0214402
0.221848
0.0209433
0.0215856
0.0930753
0.0210969
0.0212068
0.157297
1.48068
0.0212859
0.0207601
0.0298293
0.0224578
0.0216285
0.0213716
0.0207351
0.0212429
0.31007
0.0207742
0.0202715
0.0207373
0.020981
0.0209265
0.0357133
0.0412658
0.0300321
0.0195562
0.265742
0.021115
0.0212547
0.0207498
0.0207637
0.0996802
0.0202709
0.020745
0.0244801
0.0209176
0.0230416
0.0298853
0.0206375
0.0243349
0.0397285
0.0212486
0.425154
0.025635
0.810255
0.027477
0.376595
0.0213317
0.0221265
0.0204248
0.0208278
0.0209102
1.06759
0.0217629
0.0203745
0.0203852
0.277875
0.0210378
0.0204813
0.0203674
0.0233894
0.0219134
0.0211783
0.0346198
0.254868
0.542895
0.0242217
0.0297965
0.0209427
0.0350096
0.0438929
0.0204601
0.0254032
0.746912
0.0207209
0.0226645
0.0211301
0.0204676
0.277647
0.0270933
0.0225467
0.0402767
0.307391
0.0303556
0.0202721
0.0200376
0.0742865
0.0207162
0.0278229
0.0230178
0.0213311
0.0293797
0.0236228
0.0258949
0.0210819
0.0205824
0.0326613
0.0245624
0.57822
0.052533
0.198391
0.0220364
0.02169
0.0248266
0.0210182
0.0243002
0.020286
0.0209524
0.371268
0.0241872
0.362595
0.033319
0.0327032
0.0213222
1.15497
0.0521754
1.10854
0.020163
0.0220789
0.0298956
0.0220367
0.17477
0.118645
0.0210267
0.107437
0.0633898
1.15994
0.329098
0.020686
0.0215507
0.0201991
0.0236839
0.239623
0.0521332
0.195388
0.642187
0.0214114
0.0209126
0.635281
0.0213917
0.019946
0.0225034
0.0210473
1.42675
0.0211592
0.0208681
0.0289713
0.0229001
0.0210715
0.0213635
0.0212184
0.0211487
0.0220905
0.0373474
0.0203387
1.11776
0.0250976
0.575509
0.0227054
0.0212278
0.0241473
0.341003
0.0272104
0.0598168
0.0210112
0.021172
0.0201777
0.0222605
0.0327907
0.0209603
0.0215266
0.021433
0.0291833
0.0219208
0.49832
0.0212259
0.0229039
0.0242981
0.0277603
0.0228454
0.0212044
0.0252259
0.0212314
0.0214343
0.0210369
0.0212448
0.0215875
0.226108
0.0213793
0.02113
0.0214364
0.495724
0.023149
0.02228
0.021253
0.0234028
0.0309331
0.0212113
0.0439279
0.358147
0.0209326
0.0549755
0.689625
0.0216064
0.0206292
0.0202805
0.023014
0.0224732
0.0422895
0.0221077
0.0220896
1.26191
0.0203524
0.0208556
0.0214485
0.027194
0.0272582
0.0216029
0.0296522
0.0211109
1.55943
0.0231063
0.0348013
0.28818
0.0321485
0.0215057
0.0232375
0.0233162
0.0214538
0.0255204
0.0211391
0.0221897
0.0214767
0.0210598
0.0208245
0.0210834
0.0210056
0.022932
0.0334486
0.020603
0.0212366
0.0203597
0.241733
0.0387529
0.0214199
0.0202363
0.0209204
1.05869
0.0505843
0.0211819
0.349112
0.0214211
0.0206551
0.0205691
0.0209533
0.021476
0.0212581
0.0210747
0.117507
0.0210744
0.0217633
0.0226812
0.0208735
0.582389
0.143556
0.0210658
0.0261465
0.31636
0.0207816
0.0208564
0.0210235
1.39764
1.47087
0.153097
0.488075
0.021581
0.0312715
0.260246
0.0214756
0.0526703
0.547168
0.0844604
0.0210693
0.0330067
0.0214225
0.0259348
0.0491455
0.0213317
0.0251744
0.0214035
0.023556
0.024555
0.281122
0.02399
0.0203689
0.0208968
0.0201779
0.701529
0.020954
0.0232265
0.0219061
0.226799
0.0211177
0.123277
0.0651905
0.369292
0.190381
0.0266383
0.567541
0.020581
0.0210583
0.0213562
0.996767
0.0212375
0.0211215
0.0229223
0.0201871
0.0212733
0.0222742
0.0225619
0.0208064
0.0214138
0.0214985
0.0206773
0.0204403
0.35814
0.0208612
0.0207806
0.0231628
0.249854
0.0218135
0.0297295
0.0221246
0.0245004
0.243172
0.0234807
0.0209312
0.0212885
0.291789
0.0216521
0.701074
0.0232533
0.0211939
0.0235731
0.597344
0.0209902
0.0202182
0.0206483
0.0211794
0.563142
0.45722
0.02044
0.020343
0.0255988
0.021141
0.0213255
0.0494124
0.0470581
0.0206594
0.0237147
0.0214513
0.0500497
1.44611
0.0262066
0.020183
0.427024
0.0641232
0.021087
0.135968
0.0211348
0.717984
0.020561
0.0337803
0.0211192
0.09366
0.0229924
0.0212361
0.0238173
0.0236738
0.0214195
0.0239944
0.0249621
0.0211036
0.0225861
0.0212579
0.046477
0.0236015
0.0206845
0.0231866
0.0214177
0.021208
0.0410637
0.0250642
0.0245607
0.0209619
0.0211693
0.0204459
0.0212803
0.0209478
0.0210608
0.0212775
0.0209091
0.450365
0.0322498
0.0215087
0.0206913
0.0592045
0.976215
0.0349583
0.0202902
0.0211097
0.024048
0.0211197
0.0273179
0.0256794
0.021385
0.022117
0.0212065
0.208206
0.262775
0.279724
0.0224413
0.12589
0.0245087
0.0209037
0.0209335
0.0201642
0.0778537
0.0211154
0.019969
0.0206749
0.539429
0.370074
0.0222386
0.01995
0.0214753
0.121688
0.0210956
0.363037
0.0209198
0.0210774
0.0233499
0.0211016
0.0213114
0.050317
0.288725
0.0254358
0.0213261
0.391072
0.0210988
0.0216354
0.0213555
0.368931
0.0211023
0.0211592
0.0212889
0.0214767
0.0691814
0.185156
0.0280858
0.0372744
0.0208802
0.0207825
0.0337973
0.0211098
0.0204624
0.0368089
0.0200332
0.0226221
0.0209044
0.021406
0.369264
0.109316
0.0226595
0.0209889
0.0648332
1.12064
0.0223091
1.44962
0.0218146
0.0210941
0.0206058
0.020294
0.020529
0.0218876
0.0230405
0.0213895
0.0241964
0.0210842
0.0210996
0.0228452
0.0210553
0.0364094
0.0209322
0.0202612
0.0212308
0.0213861
0.371229
0.0206582
0.0213394
0.0412622
0.0260651
0.0201366
0.0386229
0.475779
0.0244999
0.280125
0.250554
0.0212492
0.0209778
0.0348568
0.0211947
0.134077
0.0340161
0.0215992
0.0214109
0.0208826
0.020752
0.0210509
0.158929
0.0216524
0.0213097
0.0236654
0.0219954
0.0213812
0.0207373
0.274478
0.0300531
0.0203722
0.0212385
0.0215226
0.0228346
0.249097
0.439007
0.0200674
0.842868
0.229896
0.193674
0.0199323
0.0206323
0.0499587
1.34188
0.0217035
0.0214052
0.0212188
0.0203121
0.0200622
0.0200466
0.0207576
0.0216378
0.0327201
0.0209211
0.0201641
0.0211294
0.0282436
0.0216906
0.0209478
0.0257367
0.0201745
0.37315
0.0267203
0.0213839
1.10496
1.00382
0.115913
0.0201659
0.0202937
0.02109
0.113976
0.0281718
0.0214006
0.0214524
0.0225167
0.0212186
1.23019
0.0212397
0.0283391
0.0212879
0.0200455
0.0354061
0.0823829
0.0216985
0.0273507
0.0214298
0.0213474
0.261857
0.173494
0.0209502
0.0205636
0.0275508
0.0349964
0.0262062
0.0204592
0.031455
0.0365317
0.0271937
0.0210265
0.0211995
0.0209506
0.0207702
0.0236262
0.0209578
0.0255851
0.036741
0.0227233
0.0490534
0.0290175
0.0212122
0.0213662
0.0674947
1.43946
0.144812
0.0861206
0.02005
0.0435781
0.0214313
0.0204183
0.0224862
0.0228166
0.021638
0.997085
1.04728
1.03281
0.970006
0.0212673
0.055029
0.0201724
0.0203372
0.0226163
0.0249864
0.274173
0.0222998
0.0253053
0.0256842
0.0450208
0.953992
0.0210796
0.0214501
0.0641863
0.949445
0.0208912
0.105229
0.275925
0.0212145
0.0224866
0.0200714
0.0220695
0.0214415
0.028876
0.189089
0.0213158
0.0201817
0.0634679
0.114682
0.033238
0.0283281
0.919777
0.0507985
0.371296
0.903922
0.0219802
0.0210783
0.054961
0.0211491
0.0213998
0.0204708
0.0208452
1.09493
0.0270549
0.0276049
0.272639
0.0242104
0.0268492
0.0212437
0.0244561
0.874462
0.0199637
0.0468007
0.420122
0.0452793
0.0214367
0.023863
0.0225111
0.0200698
0.0205344
1.2152
0.0241326
0.0211063
0.0318089
0.0284137
0.0224237
0.0819508
0.0253715
0.0227338
0.866619
0.0205622
1.45335
0.0215412
0.0262606
0.0523145
0.0237758
0.268311
0.0214382
0.0253477
0.0211886
1.34789
0.0283743
0.0295077
0.020186
0.0686733
0.753064
0.348201
0.0206459
0.0263725
0.028236
0.0207817
0.020375
0.0250153
0.245257
0.0204919
0.0716699
0.0226791
0.0213228
0.0212589
0.0226311
0.0262547
0.482535
0.107878
0.0292785
0.0216573
0.0214347
0.235188
0.0204603
0.0210636
0.48986
0.0495591
0.0228073
0.0208369
0.0211986
0.215009
0.539513
0.0312726
0.0214332
0.0556314
0.0203529
0.032907
0.0213597
0.0204258
0.199851
0.16494
0.0299925
0.0224033
0.16106
0.0311855
0.0234051
0.0213888
0.122173
0.0240024
0.021212
0.175524
0.0312715
0.0929222
0.0486103
0.0214119
0.088061
0.0296477
0.0270941
0.0206033
0.078188
0.0309813
0.0210402
0.139429
0.0214421
0.0214106
0.260321
0.0210498
0.0482846
0.0207396
0.0328416
0.0256631
0.0210303
0.151032
0.0410428
0.0203362
0.353114
0.020909
0.0209195
1.39707
1.22405
0.0515422
0.637261
0.0307404
0.185748
0.0213669
0.161824
0.0255788
0.0207278
0.0314551
0.244214
0.0203228
0.0213659
0.0201262
0.0213935
0.0216167
0.0201856
0.337338
0.0230483
1.41026
0.0214655
0.369065
0.0214224
1.07352
0.0208152
0.0207847
0.0213965
0.0214204
0.117372
2.88537
0.0203988
0.0216692
1.38889
0.0721734
0.0222643
0.0204862
0.0205777
0.159147
0.334053
0.252485
0.0267769
0.0203533
0.0203625
0.0221532
0.0221109
0.0213721
0.0224411
0.225255
0.0241372
0.120454
0.0220826
0.0204185
0.0286408
0.131668
0.0208155
0.0230032
0.0196188
0.024814
0.0213747
0.0219669
0.0214625
0.0228679
0.0213751
0.224333
0.034696
0.0209802
0.0213789
0.0222649
0.0222774
0.87442
0.0349743
0.0509677
0.0204561
0.0213825
0.0210896
0.0653452
0.651196
0.0598258
0.0222849
0.0229825
0.628377
0.980882
0.0202163
0.0966681
0.0524426
0.0219339
0.10784
0.0213441
0.0875279
0.0211979
0.0211712
0.12378
0.0434521
0.0214732
0.0550384
1.19061
0.0202034
0.14875
0.0213576
0.12856
0.371117
0.0592736
0.0799996
1.23343
0.0211886
0.0264492
0.0222486
0.0213824
0.0200309
0.0599926
0.10912
0.0216536
0.0204569
0.0214253
0.0237455
0.0597995
0.0214011
0.274868
0.21302
0.0723305
0.0337697
0.0219395
0.0207923
0.0208879
0.0256098
0.0226857
0.0281027
0.0228264
0.127105
0.0336019
0.0228163
0.403596
1.47555
0.0388533
0.0207127
0.0254723
0.0327311
0.0982822
1.46564
0.0209673
0.0208517
0.372146
0.02044
0.0328873
0.0206917
0.0206656
0.0247062
0.0338687
0.0448336
0.115993
0.101452
0.113789
0.0445889
0.058601
0.0527911
0.326434
0.0211147
0.0928305
0.337122
0.0646179
0.0223392
0.0233581
0.0211012
0.020445
0.0254464
0.022114
0.0249119
0.0422921
0.140624
0.03152
0.0228908
0.0218522
0.0653767
0.0301076
0.0508531
0.0210386
0.0214245
1.06446
0.0655922
1.48542
0.0195464
0.0195502
0.0219257
0.0510254
0.269672
0.0201656
0.0345447
0.0218101
0.0597831
0.021228
0.0465348
0.0210995
0.0205654
0.291224
0.0223376
0.020559
0.0217164
0.0575287
0.0235662
0.0224808
0.0207315
0.0219916
0.0661611
0.0256886
0.0207367
0.212255
0.0297814
0.0230453
0.0550256
0.0275726
0.0207564
0.0332109
0.0261149
0.442801
0.0229903
0.0222928
0.0206147
0.0697373
0.0202454
1.19243
0.020303
0.254681
0.0204064
0.0274702
0.0202988
0.0241292
0.0200812
0.0257115
0.0226894
0.0210628
0.0231639
0.0204442
0.0213919
0.458803
0.020565
0.0290993
0.0277104
0.0209788
0.0205781
0.0216435
0.0281472
0.103322
0.0210865
0.0236768
0.020335
0.0387458
0.0221211
0.026172
0.0208432
0.021715
0.0314
0.0313301
0.0284548
1.15307
0.0300958
0.0239271
0.0208387
0.0245665
0.22548
0.0204477
0.0210057
0.028217
0.0212545
0.0858119
0.0274876
0.0198653
0.0290376
0.0250183
0.0213457
0.0208962
0.020537
0.258063
0.0207441
0.0215706
0.0225788
0.022777
0.0203906
0.022866
0.019854
0.0213334
0.0207131
0.162465
0.112725
0.0211111
0.0559136
0.773178
0.0262041
1.15248
0.0216343
0.0217057
0.0216888
0.040869
0.0210176
0.0222816
0.0291642
0.020579
0.138417
1.07698
0.0203982
0.021226
0.165333
0.0206449
0.0213128
0.0244925
0.0212032
0.0333926
0.0443707
0.150235
0.0216113
0.0212083
0.0212013
0.543046
0.0218733
0.0207348
0.0206776
0.0222118
0.0236123
0.0211729
0.0219861
0.020017
0.0294392
0.450801
0.105089
0.0213698
0.0210294
0.235817
0.0202292
0.0211062
1.11277
0.129928
0.0391561
0.430293
0.022314
0.020586
0.0202432
0.0339519
0.020363
0.0311592
0.0225492
0.0267563
0.0211096
0.622727
0.0208187
0.02269
0.0212124
0.0208068
0.0228337
0.0206425
0.020587
0.0281973
0.0632295
0.0213741
0.0373923
0.0891141
0.026188
0.0424893
0.0295351
0.153032
0.0147476
0.0317314
0.0212501
0.353693
0.0205753
0.0213424
0.0206652
0.26004
0.0215691
0.0207562
0.151944
0.0207611
0.230071
0.0206596
1.07021
0.0204585
0.0274547
0.0207478
0.0274561
0.0216281
0.0352097
0.0238231
0.246239
0.0228921
0.0228683
0.0210695
0.0211008
3.3835
0.0212692
0.0273731
0.0215204
0.121277
0.0207258
0.265964
0.0521369
0.0709374
0.0200997
0.021594
0.0204206
1.47364
0.196907
0.0206537
0.0251568
0.0208194
0.0211119
0.0218812
0.0212261
0.0211927
0.0219046
0.333529
0.0266801
0.123186
0.125095
0.137423
0.0212137
0.0203777
0.0267101
0.0207844
0.0215139
0.0217162
0.412292
0.114077
0.0212303
0.0246945
0.0210711
0.38665
0.0222625
1.10962
0.0205082
0.0226967
1.48876
0.0210847
0.020778
1.31642
0.0204651
0.0207583
0.132836
0.0205096
0.055732
0.179854
0.367986
0.0217227
0.0573236
0.785433
0.0278596
0.0203008
0.0212485
0.0240273
0.0213816
0.0238371
0.269913
0.305724
0.0206449
0.0319647
0.0211594
0.0213255
0.0218495
0.0266426
0.0203643
0.0808811
0.0247263
0.0514822
0.0220334
0.0205013
0.021496
0.0234381
0.0210116
0.0220087
0.652589
0.0205856
0.501308
0.027053
0.0226722
0.0214309
0.0207337
0.0213939
0.0213451
0.0206783
0.0207759
0.0285222
0.0211276
0.0255319
0.146966
0.901923
0.0206826
0.0204597
0.020664
0.0213553
0.0770853
0.0635243
0.0214547
0.021373
0.0213748
0.0249704
0.0222005
0.0252011
0.0207806
0.0470764
0.0213896
0.0498418
0.0211422
0.021147
0.0231774
0.020773
0.0208175
0.0246861
0.0422028
0.0209689
0.0288366
0.297733
0.25576
0.0205775
0.0213731
0.0204075
0.0241512
0.0207688
0.0229841
0.0152088
0.230156
0.0315961
0.0223777
0.0938821
0.0263363
0.0209226
0.480542
0.0210961
0.263057
0.0207767
0.0209082
0.0228787
0.0209077
0.0202848
0.021401
0.0206436
0.0248883
0.0214621
0.0206532
0.251425
0.302009
0.269401
0.0204692
0.0244781
0.0213938
0.0233656
0.580274
0.5209
0.0212069
0.0999383
0.0214244
0.0210392
0.020915
0.0211592
0.0207346
0.0214246
0.0271142
0.0210639
0.0224348
0.26855
0.0207585
0.0255631
0.0216236
0.104691
0.240104
0.270677
0.0986929
0.0212003
0.342513
0.0215298
0.0284813
1.33795
0.0212368
0.26856
0.0204928
0.0206211
0.0223085
0.0806886
0.101588
0.0233656
0.0872559
0.0214591
0.390897
0.25212
0.0623442
0.352
0.0206534
0.21393
0.030603
0.0214168
0.0207148
0.0228331
0.0286637
0.0550756
0.0282527
0.0351548
0.0215428
0.0240397
0.0211179
0.0225572
0.0204628
0.0298197
0.0205379
0.0210612
0.199594
0.0299341
0.0210001
0.0206017
0.364533
0.0216484
0.022692
0.0219001
0.0207754
0.021132
0.0214128
0.0213988
0.03044
0.0229675
0.0214141
0.0214634
0.0210695
0.0238104
0.0212276
0.268521
0.399116
0.0237804
0.0230368
0.0212377
0.0778238
0.0913192
0.0202406
0.021196
0.322343
0.0222552
0.058724
0.0208683
0.277868
0.021407
0.0213476
0.0215825
0.0214567
0.0220294
0.0242582
0.0254665
0.31847
0.337609
0.354399
1.32102
0.372798
0.0241719
0.044855
0.0207146
0.0454381
0.0221016
0.0214599
0.0305363
0.0213741
0.0213853
0.0204246
0.021966
0.0207924
0.024835
0.0204875
0.0229259
0.020522
0.0215527
0.0209118
0.0739651
0.0210384
0.0207987
0.0200328
0.0301761
0.0211711
0.0226468
0.0214548
0.0327969
0.246273
0.105028
0.0297912
0.0206593
0.0256605
0.0211224
0.0212216
0.0265218
0.021907
0.0207926
0.0212881
0.0280352
0.0203835
0.0205388
0.0209324
0.192548
0.0219532
0.65293
0.0205237
0.300813
0.020389
0.0208289
0.0200081
0.0207073
0.0208848
0.269136
0.0208972
0.160596
0.0206215
0.0202984
0.216437
0.0221951
0.106469
0.0208262
0.0205965
0.132996
0.50814
0.118721
0.0210895
0.0219063
0.0206331
0.0204531
3.56927
0.0208011
0.0336637
0.0297772
0.0287112
0.0264658
0.0218761
0.0263186
0.499416
0.0240842
0.130574
0.0208859
0.669354
0.0204788
0.184734
0.0204595
0.272087
0.122235
1.17992
0.0234219
0.0206711
0.0214408
0.0613779
0.0205905
0.0338835
0.0198284
0.145881
2.71767
0.0919026
0.0493455
0.0227922
0.0196337
0.0213647
0.0204807
0.0570181
0.0206254
0.0495445
0.0436066
0.283853
1.03067
0.0225133
0.0211866
0.0203138
0.05184
1.7331
0.0222826
0.0230013
0.0292561
0.0218201
0.0208603
0.0261409
0.0210648
0.0206588
0.123196
0.0228231
0.0206638
0.0771555
0.0212761
0.0208209
0.0433863
0.0286948
0.0278657
0.0917831
0.047575
0.922941
0.57121
0.0213695
0.020993
0.210826
0.0195804
0.0210105
0.02154
0.0209759
0.0207654
0.0226871
0.0219658
0.0463241
0.0354077
0.0234705
0.223568
0.0212296
0.0471675
1.32636
0.0210675
0.128988
0.0268121
0.0210278
0.0283456
0.0663556
0.020592
0.0287681
0.0248787
0.0215182
0.0201477
0.0796525
0.0213235
0.0271471
0.0198919
0.0198639
0.0276168
0.0219665
0.0207329
0.0221489
0.0214545
0.0203397
0.0207243
0.0685296
0.0221675
0.0210904
0.0212245
0.0212488
0.0210312
0.0213211
0.0305252
0.0210363
0.0276107
0.402272
0.0796993
0.0827237
0.0290659
0.0440819
0.0208645
0.0246427
1.10478
0.0223699
0.0215302
0.212551
0.0209609
0.0221282
0.0209175
0.537149
0.0198612
0.021021
0.0212606
0.0218387
0.0312427
0.0213343
0.130617
0.0210565
0.0214497
0.0207745
0.0213597
0.0205124
0.0213884
0.0227505
0.141262
0.0211596
0.0213093
0.0301426
0.0219106
0.0430149
0.0207221
0.0199852
0.155925
0.025638
0.0213168
0.0226838
0.0205989
0.0744076
0.128683
0.0214799
0.023903
0.0225463
0.021241
0.020637
0.0242433
0.0242878
0.135032
0.209254
0.0195358
0.0291274
0.0219678
0.0222869
0.129063
0.0207043
0.139711
0.0306243
0.021816
0.0225133
0.0205488
0.0210802
0.0203528
0.129221
0.0210532
0.167871
0.0213496
0.0208617
0.0239879
0.248457
0.242071
0.0208938
0.029585
0.254483
0.237949
0.0230854
0.0206587
0.0225402
0.0198616
0.246741
0.0216649
0.0225375
0.0212105
0.0225209
0.0207836
1.0102
0.0209844
0.0262683
1.27339
0.0207195
0.0213042
0.0198622
0.0231229
0.0225048
0.0204793
0.0268681
0.0214088
0.0206522
0.0211956
0.0364386
0.0318174
0.0205112
0.0198682
0.0222344
1.09106
0.0207458
1.05776
0.0768158
0.102989
0.183982
0.0206623
0.021294
0.331671
0.0213995
0.0263853
0.0221443
0.0248202
0.332617
0.0209143
0.0208996
0.0217072
0.304731
0.615287
0.0211869
0.0910903
1.38104
0.0230635
0.021178
0.0284151
0.0206674
0.0212313
0.0268085
0.0218406
0.0213382
0.0570536
0.0214117
0.0332616
0.0261453
0.0214572
0.0267963
0.511033
0.041013
0.0210857
0.0233488
0.0206363
0.348003
0.0223732
0.286497
0.660549
0.0212222
0.0215471
0.0228387
0.0531092
0.0378009
0.0222571
0.0223014
0.0210688
0.456948
0.312143
0.0220545
0.0198572
0.0660625
0.142248
0.442402
0.0212369
0.301954
0.0427091
0.0213731
0.0607717
0.0256311
0.304171
0.0209259
0.672443
0.0199515
0.0212338
0.0210795
0.0215587
0.181251
0.0206589
0.0869814
0.537388
0.0207481
0.0208989
0.0262097
0.0223238
0.0211754
0.0206511
0.0212623
0.0222507
0.0911262
0.0206699
0.0336203
0.0203096
0.0204582
0.020927
0.0312518
0.0244715
0.0223344
0.0211922
0.0211
0.0205733
1.10902
0.0214169
0.0198337
0.0420941
0.0209895
0.0406811
0.0209481
0.0211786
0.0214466
0.0197439
0.024784
0.019698
0.0244187
0.0249104
0.0205631
0.0348151
0.0230681
0.0229664
0.0216777
0.0426691
0.0290108
0.0256217
0.0683269
0.021451
0.303382
0.0228762
0.0205656
0.0242737
0.0297165
0.0780599
0.0305877
0.0203752
0.034851
0.0967637
0.0305162
0.100943
0.0203695
0.020044
0.0213495
0.0221611
0.0205675
0.0206355
0.0294429
0.076077
0.0224732
0.0215615
0.0224837
0.0214831
0.0229909
0.0220131
0.0434957
0.021361
0.0217494
0.0195592
0.166415
0.0949589
0.104907
0.485105
0.0211699
0.0212863
0.0209111
0.0200987
0.0213056
0.680253
0.0271147
0.0206946
0.0203565
0.0208607
0.0384031
0.0236375
0.0253494
0.0239145
0.0214472
0.0217603
0.0569005
0.252514
0.0739599
0.0200303
0.526852
0.0212054
0.0208638
0.028782
0.0216624
0.0204171
0.0216831
0.535612
0.0211918
0.0236545
1.42553
0.0274029
1.14913
0.0284893
0.0212813
0.346181
0.0207026
0.059095
0.0325938
0.0705402
0.0215111
0.0210479
0.0284461
0.0206662
0.0224181
0.0201546
0.0215962
0.0212602
0.323784
0.025017
0.50513
0.0255474
0.414703
0.0401756
0.239555
1.60097
0.674196
0.0208728
0.0228644
0.0206824
0.0204975
1.18471
0.0217347
0.0224924
0.0294948
0.236873
0.0678632
0.0205205
0.0206318
0.0220321
0.0276869
0.022771
0.0236454
0.0330997
0.0201138
0.0209204
0.0454728
0.0263785
0.0210426
0.0206122
0.0208833
0.0201478
0.322028
0.0592511
0.0214186
0.0209916
0.0219209
0.0205149
0.0265582
0.0203554
0.0242776
0.0223516
1.14898
0.0209908
0.0210163
0.021291
0.55305
0.052781
0.0206898
0.0313147
0.289889
0.0246143
0.0210793
0.0211051
0.021319
0.0463548
0.119913
0.0246525
0.188867
0.0234125
0.0198594
0.0207001
1.15774
0.0213195
0.04561
0.954483
0.0212581
0.0224499
0.0216977
0.0196938
0.0483303
0.0213217
0.0326746
0.0222667
0.249906
0.0741376
0.0221611
0.0212457
0.0213307
1.48374
0.154183
0.0287175
0.0217804
0.553218
0.02047
0.0248782
0.0216847
0.0209254
0.0928126
0.0195819
0.397165
0.482774
0.0238329
0.0275204
0.0243226
0.0217744
0.0209717
0.698392
1.41917
0.028265
0.0218087
0.0212474
0.171393
0.464741
0.0205207
1.83205
0.491039
0.0205722
0.0217946
0.0203918
0.0213474
0.022709
0.374126
0.117498
0.0224161
0.0215291
0.0218732
0.0210189
0.0203885
0.0791276
0.0229078
0.0202892
0.0226145
0.0207681
0.0217981
0.0225355
0.0218951
0.0250614
0.0213606
0.0208771
0.0244502
0.0208786
0.0211855
0.247571
0.0217304
0.0316684
0.0209424
0.0212375
0.0202099
0.0293415
0.0227569
0.284625
0.371773
1.3341
0.0214104
0.0212984
0.501015
0.0231447
0.0203611
0.0224828
0.0225377
0.0255673
0.0209773
0.0204902
0.0212548
0.0211183
0.021304
0.0213401
0.0204158
0.0282154
0.0255706
0.0217868
0.101136
0.0303915
0.022729
0.251769
0.240937
0.0211592
0.0206852
0.0538322
0.279056
0.0426046
0.0242609
0.0214527
0.0215066
0.0212399
0.0210405
0.0209995
0.56087
0.021616
1.24944
0.026358
0.0244188
0.204724
0.0395157
0.632267
0.0218199
0.0663537
0.307247
0.0212269
0.0408387
0.280492
0.0195949
0.294642
0.362384
0.0212385
0.0205086
0.022104
0.0215587
0.0230648
0.0205357
0.0212893
0.0256659
0.280577
0.368608
0.0211684
0.0204084
0.0245602
0.0215576
0.180663
1.20158
0.340614
0.020435
0.0212148
0.0241873
0.0208777
0.0264955
0.0204621
0.020605
0.0295607
0.843794
0.0212881
0.0213131
0.246182
0.215039
0.0209358
0.0238184
0.643442
0.161211
0.0212156
0.0237492
0.0664632
0.0820709
0.0223148
1.11792
0.0218389
0.0203154
0.0276314
0.0205863
0.712468
0.251796
0.0230616
0.351825
0.0207582
0.0225838
0.0212941
0.0215358
0.185159
0.0972632
0.0278023
0.0213121
0.0209991
0.158278
1.23741
0.0205536
0.0250895
0.0215999
0.0214829
0.0213057
0.0371206
0.0453697
0.0211595
0.0217534
0.0207146
0.929791
0.0213262
0.0225516
0.0325321
0.0254815
0.0214506
0.0196497
0.0218208
0.0214038
0.0269042
0.172053
0.0205712
0.0391441
0.0206201
0.0411676
0.0221953
0.021152
0.29
1.04238
0.0216242
0.258034
0.0215925
0.0340688
0.0212712
0.0216626
0.0221083
0.0195618
0.0215331
0.0214412
0.0213377
0.0209504
0.0205538
0.0206104
0.0210372
0.378964
0.0215638
0.024274
0.0213499
0.0366405
0.0198875
0.021249
0.0212871
0.0214184
0.556877
0.250881
0.021079
0.566517
0.0222245
0.390809
0.0419749
0.0212404
0.105179
0.162318
0.0216778
0.0213202
0.0217023
0.0222855
0.0262149
0.522212
0.0214982
0.0205838
0.0212968
1.32022
0.0216616
0.106173
0.0224515
0.0219956
0.0376599
0.0215558
0.0204781
0.0223068
0.0208763
0.0250689
0.475598
0.0281826
0.0209946
0.0215028
0.0595253
0.0255042
0.370418
0.0208732
0.0214603
0.243046
0.0195736
0.0205642
0.114241
0.020527
0.0270978
0.0213809
0.0211611
1.43015
0.0208243
0.0206504
0.0237656
0.0204298
0.022952
0.0342391
0.0204217
0.0587534
0.0211463
0.0196167
0.0228337
0.0227953
0.0246165
0.0814349
0.395354
0.0214825
0.0446406
0.257099
0.0608701
0.226278
0.0215499
3.42757
0.0214438
0.0212963
0.0242443
0.386516
0.021592
0.0226855
0.023733
0.0740683
0.0218939
0.0216626
0.023418
0.0243282
0.0219233
0.0224607
0.055983
0.0395705
0.0258824
0.0228033
0.0223754
0.0212955
0.178285
0.0213953
0.206559
0.0212057
0.0494083
0.0225104
0.0395461
0.257261
0.0737303
0.0215667
0.0228926
0.0225858
0.230555
0.235538
0.246785
0.197882
0.0208988
1.06756
0.0204279
0.023295
0.0212096
0.0742291
0.0211927
0.0268479
0.0216091
0.0209912
0.0217127
0.0216672
0.0211769
1.19936
0.0210509
0.02117
0.0211619
0.199787
0.281115
0.0203197
0.0205054
0.248172
0.0823722
0.0212681
0.0297528
0.0278904
0.345627
0.021299
0.0223194
0.0211298
0.0214034
0.0214944
0.0227268
0.0230681
0.0294117
0.0505334
0.0223899
0.021407
0.0620967
0.0224921
0.0207415
0.0242603
0.0436756
0.021173
0.311436
0.0224944
0.0797467
0.021295
0.0214845
0.0204205
0.0216159
0.0216261
0.0209239
0.042764
0.0207469
0.021287
0.0219162
0.231058
0.0213379
0.0214002
0.0280722
0.0284344
0.0229735
0.0214016
0.100233
0.022572
0.0213445
0.0880049
0.0215811
0.021242
0.0289628
0.0216408
0.302268
0.0209962
0.0216896
0.0675402
0.0220579
0.0212824
0.0230667
0.0217473
0.020951
0.0212522
0.275977
0.0211812
0.0217521
0.020718
1.11667
0.0229298
0.0206299
0.0209273
0.0304163
0.0235156
0.0207075
0.0210194
0.021288
0.0210073
0.0207609
1.03555
0.0212726
0.0206685
0.280478
0.0942319
0.0208494
0.0225929
0.0212193
0.254052
0.191149
0.214334
0.0207509
0.0212535
0.0212955
0.0211398
0.690506
0.0230403
0.0209369
0.0215928
0.0310825
0.0216476
0.0221628
0.291106
0.038324
0.0213538
0.0212864
0.0211475
0.0213916
0.020565
0.0224311
0.0980889
0.0207126
0.28622
0.0198734
0.0223167
0.0216669
0.0212948
0.0219083
0.135866
0.0215771
0.0222986
0.0196504
0.0216681
0.760676
0.0767177
0.0293924
0.0212287
0.312438
1.11417
0.0218955
0.339978
0.0208786
0.301105
0.0233156
0.0241858
0.021893
0.0208944
0.0244977
0.0195698
0.0231982
0.0340453
0.438374
0.0211063
0.22565
0.021265
0.281028
0.0243056
0.0205272
1.02672
1.49631
0.513629
0.0484121
0.0306589
0.021255
0.368779
0.0214228
0.0218116
0.0213533
0.0222654
0.0214151
0.0355984
0.0198963
0.0222583
0.0212494
0.0217505
0.967672
0.0219347
0.0226514
0.466382
0.0212588
0.0614855
1.12667
0.0217623
0.0226671
0.0411753
0.0222692
0.0222379
0.0852838
0.021939
0.0227772
1.43999
0.0256674
0.0218369
0.0981855
0.0211544
0.18239
0.0220645
0.0930523
0.335467
0.0212103
0.305311
0.0211729
0.0216464
0.0215903
0.0195753
0.0264756
0.0212759
0.0219223
0.0204462
0.0197908
0.0197516
0.327061
1.14699
0.0228384
0.0219913
0.0211756
0.0220341
0.0197231
0.0632445
0.021293
0.294628
0.262873
0.0219583
0.0213289
0.0221543
0.0787516
0.022698
0.0221373
0.0214568
0.0213322
0.0247318
0.0479674
0.0207667
0.0225625
0.0224221
0.0214335
0.0212502
0.362515
0.0353277
0.431469
0.021515
1.22462
0.0215355
0.0219685
0.345925
0.0223617
0.0720207
0.480227
1.36013
0.0222233
0.0423761
0.0215938
0.0213842
0.0212277
0.0216181
0.0212865
0.0212913
0.0216194
1.48299
3.61519
0.557586
0.0225565
0.0215474
0.0221721
0.021211
0.021589
0.022483
0.0205502
0.0221453
0.0219829
0.0205875
0.475819
0.0215557
0.0340452
0.0217811
0.0214778
0.0224473
0.0204783
1.03463
0.263802
0.0220626
0.546552
0.020124
0.474778
0.0215665
0.0226573
0.0216226
0.021272
0.0261578
0.0218011
0.0565282
0.0217089
0.0212782
0.300077
0.021415
0.0235499
0.310302
1.14242
0.0221992
0.0317181
0.0205245
0.0919776
0.0757118
0.0213827
0.0397172
0.0213938
0.0217466
0.286788
0.0212225
0.111789
0.0218987
0.229099
0.021491
0.262329
0.0195967
0.0220913
0.244801
0.0218278
0.336487
0.0269586
0.0439847
0.021742
0.569904
0.0376594
0.0197399
0.0214693
0.0215829
0.0212351
0.0214468
0.0205101
0.141928
0.0209259
0.0209388
0.295954
0.0217124
0.020896
1.0924
0.0203009
0.0218673
0.0209094
0.022127
0.502782
0.0223044
0.0231061
0.214932
0.442223
0.0198075
0.0219007
0.0209549
0.035747
0.0221454
0.301796
0.0221453
0.0234403
0.022016
0.248271
0.0238959
0.0213298
0.038056
0.0242348
0.0468343
0.021737
0.0221309
0.0216228
0.0250126
0.12986
0.0442158
0.0224301
0.0387638
0.0209464
0.0204458
0.0216561
0.0213397
0.0204297
0.0234315
0.0233401
0.503251
1.26016
0.0217622
0.236349
0.0980787
0.0215188
0.0212872
0.0222154
0.519611
0.0270244
0.0321894
0.327789
0.0421673
0.0236712
0.565649
0.0218774
0.0224207
0.0224823
0.0212519
0.446383
0.0222737
1.02394
0.0323688
0.0240634
0.433859
0.0495506
0.0225268
0.931365
0.0215882
0.0214457
0.0213851
0.526457
0.0214843
0.0218746
0.0212502
0.0226405
0.0215178
0.0547274
0.0205585
0.234641
0.0305696
0.132567
0.0224517
0.0907935
0.0222454
0.364979
0.0213991
0.0216534
0.204012
0.0221443
0.0200043
0.0747133
0.0227614
0.037096
0.0220933
0.0217933
0.13968
2.21235
0.0213651
0.076034
0.0196348
0.0223378
0.0221665
0.0839491
0.522568
0.0217772
0.0216224
0.0227086
0.345973
0.0213403
0.0224351
0.0210643
0.0376627
0.021245
0.021269
0.0220177
0.349431
0.0214027
0.0212803
0.0196962
0.0213892
0.0212635
0.081823
0.0221832
0.032703
0.0210298
0.0468403
0.374239
0.0221904
0.0633803
0.0210955
0.021397
0.0209083
0.0213536
0.0229295
0.0222266
0.021704
0.268702
1.25009
0.0212031
0.56861
0.0208591
0.0753274
0.0249867
0.0221803
0.193923
0.0217784
0.0215831
0.0219504
0.0204745
0.0401702
0.25023
0.0225141
0.0812205
0.728825
0.0998788
0.0213939
0.0217691
0.0246335
0.111758
0.34562
0.0223888
0.0226706
0.0210692
0.0221359
0.5559
0.0304239
0.0196807
0.0221852
0.0221206
0.0210213
0.0335638
3.42016
0.0221698
0.0214104
0.0209672
0.0213087
0.33875
0.0748024
0.0204929
0.0435727
1.48725
0.0202935
0.0220092
0.0241346
0.0215145
0.0208881
0.0213903
0.04503
0.0818754
0.0230261
0.0218114
0.0226591
0.181962
0.0225867
0.021955
0.217385
0.640394
0.293786
0.0220104
0.0204476
1.13779
0.0211166
0.0208196
0.254457
0.455795
0.0220284
0.0224577
0.0213841
0.021502
0.562506
0.0204267
0.0228333
0.0204208
0.0209633
0.736123
0.0217439
1.04731
0.280828
0.0213547
0.0625566
0.0245952
0.230315
0.0218548
0.0223637
0.02202
0.0203309
0.0212785
0.533409
0.0685624
0.566887
0.0223962
0.021469
0.0225653
0.0213218
0.131539
0.266024
0.0218834
0.570888
0.428336
0.572895
0.0972195
0.0225823
0.0221171
0.021442
0.0910322
0.0415562
0.838612
0.0762226
0.021346
0.297112
0.711433
0.0210077
0.0211808
0.0210115
0.0214161
0.255577
0.920441
0.0210384
0.021144
0.247958
0.0212277
0.0452275
0.0214492
0.021763
0.0203371
0.0198132
0.571387
0.0196206
0.0223954
0.283799
0.0213062
0.362828
0.0205944
0.0213722
0.0215424
0.17225
0.0229015
0.0212676
0.54835
0.0209803
0.0204285
0.948177
0.0210103
0.227881
0.0226727
0.246068
0.075418
0.0985991
1.4785
0.0211069
0.0247006
0.214963
0.0225518
0.0227234
1.24053
0.362623
0.191494
0.0209638
0.274934
0.0333463
0.0210919
0.0409112
0.0214183
0.0243535
0.0208882
0.517599
0.0428118
0.239247
0.538097
0.0215784
0.167782
0.346361
0.0221183
0.0199698
0.0437327
0.0229328
0.243972
0.0207586
0.258869
1.2359
0.0212035
0.0222912
0.0292839
0.0216685
0.0342494
0.024598
0.0216724
0.180534
0.0220002
0.0224566
0.0288782
0.0211321
0.268546
0.0241326
0.372698
0.0216764
0.348895
0.0213433
0.0230318
0.0239683
0.0213087
0.0213682
0.537283
0.0304982
0.0349483
0.0250766
0.0210059
0.0213762
0.0210617
0.0216147
0.0223379
0.0213875
1.16573
0.0295774
0.0224371
0.0202969
3.58877
0.0217839
0.0206506
0.0207972
0.0864195
0.0230173
0.0345391
0.0225575
0.0216869
0.0213078
0.355063
0.0214866
0.0278583
0.0210731
0.0201525
0.0226619
0.0982365
0.0233373
0.0215016
1.11528
0.0226807
0.0212946
0.0215262
0.0218082
0.197874
0.291875
0.0285484
0.0224187
0.0207814
0.193263
0.0788442
0.0226097
0.253441
0.0212434
0.112604
0.0710474
0.0204842
0.0220145
0.02081
0.0216979
0.0210066
0.157172
0.0230476
0.0219366
0.0216984
0.0209222
0.0221731
0.106687
0.0218267
1.01414
0.0881822
0.199565
0.0223724
0.0208845
0.0210583
0.0213806
0.0673473
0.038065
0.0222053
0.0219847
0.0216205
0.0216348
0.021564
0.0272393
0.0213397
0.518899
0.021186
0.0256398
0.0215185
0.0216636
0.0220628
0.023447
0.0213395
0.0911804
0.305224
0.0213398
0.0220455
0.0213454
0.0208797
0.307723
0.0214332
0.0210402
3.44559
1.09288
3.80524
0.0215888
0.581134
0.0213782
0.0213633
0.0222688
0.285102
0.339784
0.0218815
0.299269
0.0217925
0.0221781
0.044114
3.69998
0.0215338
0.0219485
1.42523
0.0212888
0.0218093
1.15229
3.67248
0.364341
0.0216751
0.0212233
0.0212091
0.303242
0.0696602
0.0214167
0.0220948
0.0223909
0.0214686
0.0215744
0.0215859
0.0229309
0.0502675
0.0455287
0.0213084
0.194393
0.0209145
0.319731
0.0295287
0.0213185
0.0374981
3.48644
0.438502
0.0215928
0.0221665
0.0249861
0.0212156
0.023133
0.0209177
0.167129
0.0431548
0.022087
0.149079
0.0224782
0.0214053
0.0566067
0.0216939
0.240537
0.0214731
0.0216894
0.258704
0.0304015
0.0238921
0.0218635
0.0227255
0.128562
0.163111
0.0218153
3.73797
0.0365321
0.0227038
3.90555
0.0216254
0.0237169
0.0217698
0.0236159
0.0288657
0.0213065
0.0216793
0.0213907
)
;

boundaryField
{
    frontback
    {
        type            empty;
    }
    topbottom
    {
        type            fixedValue;
        value           uniform 0.0223;
    }
    outlet
    {
        type            zeroGradient;
    }
    inlet
    {
        type            fixedValue;
        value           nonuniform List<scalar> 0();
    }
    walls
    {
        blending        binomial2;
        n               2;
        beta1           0.075;
        type            omegaWallFunction;
        value           nonuniform List<scalar> 0();
    }
    procBoundary3to1
    {
        type            processor;
        value           nonuniform List<scalar> 
147
(
1.13833
0.774626
0.664433
0.289399
0.559573
1.85499
2.62482
0.517074
0.454683
3.2501
0.439244
3.18623
0.203865
0.289888
0.258656
0.747838
1.08973
1.03514
0.323486
1.0935
0.833623
2.82167
1.40118
0.178639
1.75245
0.67033
0.275394
0.144841
0.166613
0.297354
3.41893
3.41893
0.230227
1.66872
0.378416
0.257801
0.595206
1.67196
0.444114
0.930429
0.325515
0.327731
0.251825
1.48975
0.869635
0.370751
0.327731
1.50325
0.298676
0.254868
0.327442
0.200814
0.247896
0.241122
0.195613
0.328008
0.236717
0.28266
0.298418
0.267158
0.273538
0.278525
0.267785
0.228897
0.2064
0.266199
0.289183
0.214931
0.222567
0.295705
0.250064
0.28355
0.366755
0.374083
0.311107
0.371866
0.290477
0.30347
0.395961
0.370302
0.334012
0.250552
0.233014
0.346599
0.261768
0.277715
0.346851
0.39388
0.457929
0.565468
0.413116
0.439244
0.261768
0.294455
0.45825
0.553928
0.174603
0.124959
0.457047
0.460743
0.566175
0.15618
0.375648
0.522558
0.42627
0.205344
0.325642
0.539183
0.453893
0.325642
0.13412
0.279711
0.46217
0.106841
0.113083
0.734947
0.654864
0.823701
0.730838
0.654864
0.260705
0.372411
1.02997
0.126873
0.482716
0.69566
0.688798
0.984555
0.371395
1.46933
0.823701
0.510124
0.619593
1.49141
0.212423
0.515637
3.32315
3.27209
0.366526
1.60016
0.468909
1.48973
1.60016
0.232518
0.24321
3.19391
0.2064
)
;
    }
    procBoundary3to2
    {
        type            processor;
        value           nonuniform List<scalar> 
73
(
0.0222651
0.0221905
0.021457
0.0214378
0.0398188
0.0366578
0.0233341
0.0776373
0.0553511
0.144478
0.022057
0.0219555
0.168062
0.0217191
0.022057
0.0317901
0.0340471
0.0366578
0.0215216
0.0250741
0.0259155
0.0214085
0.0221036
0.0218592
0.0236331
0.121019
0.104826
0.021784
0.0214464
0.0229418
0.0632098
0.0270061
0.0214313
0.0216662
0.0215048
0.0340471
0.024409
0.0226612
0.0219555
0.0216211
0.205376
0.205376
0.0298734
0.0214124
0.0214851
0.021406
0.0491794
0.0214238
0.021558
0.0905514
0.168062
0.0215852
0.0463123
0.0214092
1.12134
0.354733
0.0224254
0.0238333
0.354733
1.12134
0.0214685
0.0214176
0.071389
0.0415371
0.0283085
3.16772
3.4586
0.0905514
0.0214445
0.0214989
3.71502
3.96017
0.0215324
)
;
    }
}


// ************************************************************************* //
