/*--------------------------------*- C++ -*----------------------------------*\
| =========                 |                                                 |
| \\      /  F ield         | OpenFOAM: The Open Source CFD Toolbox           |
|  \\    /   O peration     | Version:  v2012                                 |
|   \\  /    A nd           | Website:  www.openfoam.com                      |
|    \\/     M anipulation  |                                                 |
\*---------------------------------------------------------------------------*/
FoamFile
{
    version     2.0;
    format      ascii;
    class       volScalarField;
    location    "250";
    object      omega_0;
}
// * * * * * * * * * * * * * * * * * * * * * * * * * * * * * * * * * * * * * //

dimensions      [0 0 -1 0 0 0 0];


internalField   nonuniform List<scalar> 
10042
(
0.234576
0.316746
0.0403605
0.021127
0.0210651
0.359654
1.37923
0.277616
0.0201151
0.0455137
0.195443
0.309547
0.0312182
0.02084
0.0215321
0.0208295
0.465135
0.239748
0.0228353
0.0264913
0.0310051
0.237358
0.0211115
0.452015
0.0209898
0.0216107
0.0450308
0.0200334
0.398348
0.455669
0.0225266
0.0396024
0.0200849
0.0200786
0.252131
0.208344
0.0220405
0.0202626
0.02177
0.0206359
0.453855
0.0201061
0.112126
0.353631
0.0210627
0.0209848
0.0198548
0.0215141
0.0588658
0.159431
0.115953
0.0209825
0.440671
0.0226766
0.302674
2.3139
0.0296993
0.0906785
0.0215536
0.019567
0.0596051
0.61822
0.0972006
0.300421
0.0333834
0.0212876
0.02573
0.250352
0.0198305
0.248403
0.138219
0.0224339
0.0204094
0.0215314
0.0212389
0.133016
0.0387766
0.0198511
0.0418154
0.0229015
0.5868
0.455855
0.0238914
0.020887
0.0369304
0.770955
0.0251596
0.0399604
0.0208767
0.0322502
0.0259869
0.021543
0.0958635
1.07536
0.0372114
0.0213078
2.97767
0.0258445
0.338718
0.021513
0.0255845
0.37716
0.0216976
0.0339644
0.0234594
0.0215151
1.65792
0.0211903
1.49591
0.0215493
0.021504
1.42152
0.294855
0.277795
0.031784
0.0198228
0.0323095
0.022338
0.059298
0.0198005
0.0195661
0.166481
0.150997
0.0210723
0.0340972
0.0209391
0.0209659
0.268004
0.113951
0.0278681
0.0202458
0.0210705
0.0211611
0.0211442
1.48412
0.149171
0.0256823
1.88087
0.0220892
0.407631
0.0653551
0.020455
1.63232
0.02004
0.0244222
0.0202649
0.0331973
0.0198165
0.0223371
0.163011
0.0211268
0.0210808
0.0222782
0.0353546
0.0352403
0.0246632
0.107564
2.0882
0.0211766
0.0219045
0.0222065
0.0209202
0.144731
0.0209026
0.021895
0.152848
0.0204005
0.0350961
0.228841
0.0200458
0.0245253
0.453958
0.113927
0.0200604
0.0226384
0.118668
0.0210368
0.0202528
0.0210331
0.0198308
0.0220431
0.0234636
0.0215326
0.0197874
0.20307
0.0264279
0.0224442
0.0196146
0.202147
0.0213415
0.445148
0.0295608
0.0202643
0.0233113
0.200238
0.0215399
0.214191
0.0818538
3.60684
0.0209032
0.133312
0.0799664
0.441329
0.0202548
0.387007
0.0210916
0.292539
0.0346636
0.0214807
0.0211729
0.0376306
0.0201514
0.535441
0.122298
0.0221478
0.240754
0.0201989
0.0813664
0.0213253
0.128217
0.416604
0.0279304
0.422914
0.241475
0.0211228
0.082302
0.0219094
0.0251528
0.0400309
0.0217287
0.0202551
0.0210145
0.0264869
0.0230166
0.0210307
0.260011
0.0243265
3.17995
0.0239265
0.42545
0.0341754
0.434046
0.019556
0.0212131
0.197991
0.0211442
0.429007
0.023762
0.0223302
0.0215162
0.0232066
0.020279
0.51735
0.516481
0.0222114
0.0239836
0.0217102
0.0223218
2.78478
0.0211011
0.0348785
0.0203138
0.020969
0.0198677
0.0324049
0.617541
0.0337624
0.542603
0.0232141
0.0210324
0.021353
0.144155
0.0207507
0.157235
0.0221786
0.0360649
0.0219118
0.0210257
0.0233004
0.17485
0.0200319
0.377268
0.219694
0.0218655
0.0234876
2.38942
0.0360003
0.0199011
0.225423
0.0214097
0.0284213
0.0269652
0.0239084
0.41498
0.0348782
0.0207916
0.46998
0.0249684
0.0213626
0.0202508
0.0222262
0.323963
0.0196169
0.0514036
0.0410281
0.645024
0.0208379
0.0227209
0.593849
0.390455
0.0226895
0.0210806
0.0212919
0.0207919
0.0266774
0.223992
0.0198718
0.200603
0.3768
0.019811
0.0219799
0.16352
0.0325281
0.277038
0.20929
0.0225147
0.0270504
0.0210076
0.0245177
0.0275042
0.0210843
0.0213621
0.227181
0.0213245
0.340286
0.245635
1.71386
0.272298
0.0202959
0.149587
0.0645863
0.0308689
0.01956
0.0264919
0.0226793
0.0202423
0.0206829
0.0212257
0.0243662
3.39126
0.0216676
0.0369512
0.0242242
0.0204301
0.448748
0.0277374
0.0219278
0.023801
0.176204
0.0224601
0.0214768
0.0221762
0.0218885
0.378115
0.165983
0.0219432
0.0210013
0.0232115
0.0233625
0.304733
0.0195815
0.0241908
0.0207883
0.0214746
0.288482
0.0209776
0.0396891
0.390763
0.68231
0.0925614
0.0213965
0.272494
0.0405576
0.0209845
0.0445806
0.0198119
0.0214081
0.0197919
0.0211572
0.0199007
0.0221551
2.18723
0.021657
0.0492838
0.202106
0.64562
0.0211862
0.267864
0.0220838
0.0396618
0.0209954
1.09676
0.0215264
0.385655
2.7232
0.0204496
0.0595762
0.0214164
0.0321367
0.0220278
0.546365
0.0251216
0.43106
0.0216282
0.309629
0.0219164
0.0259525
0.305748
0.0199106
0.021751
0.021069
0.261011
0.0202476
0.0197726
0.0696559
0.0228462
0.0401669
0.547075
0.0210842
0.0310425
0.0228132
0.0198504
0.0251689
0.223058
0.0210103
0.0218342
1.58443
0.0488103
0.0219445
2.54812
0.0200637
0.0267208
0.0312893
0.181544
0.159451
0.212412
0.307183
0.133815
0.292153
0.0197584
0.0306799
0.207999
0.159634
0.0425786
0.0211091
0.0207098
0.0319215
2.78039
0.0197902
0.0199552
0.0227871
0.0211585
0.0213683
0.0215538
0.0211127
0.0239432
0.243463
0.0218724
0.0267271
0.0291488
0.113688
0.0200765
0.878618
1.62095
0.113149
0.0211624
0.0247801
0.0218435
0.834249
0.0213545
0.0633316
0.0216192
0.319692
0.0206028
0.0232672
0.0199471
0.029033
0.589149
0.0217195
0.0207909
0.0211163
0.437313
0.0203038
0.0331726
0.0390892
0.0592511
0.0203026
0.0293468
0.433122
1.62916
0.0214322
0.0226998
0.405932
0.31785
0.0362266
0.354724
0.0215023
0.189436
0.0302454
0.0272276
0.0231267
0.280865
0.0202751
0.021094
0.0215947
0.412114
0.0210837
0.0846685
0.021159
0.0214074
0.0201211
0.0258409
0.346422
0.0216766
0.0218285
0.301768
0.049449
0.0368637
0.0216534
0.0211409
0.194243
1.57956
0.0214206
0.0199579
0.03662
0.0213305
0.0213172
0.216673
0.0202354
0.249476
0.0209836
0.0443435
0.0238545
1.05737
0.0210946
0.0251656
0.0214425
0.020371
0.299885
0.0195541
0.663091
0.0362563
0.0201266
0.0240616
1.7492
0.0724911
0.0347276
0.0212858
0.019954
0.0198052
0.0205552
0.0268954
0.0215553
0.124585
0.0212831
0.0199787
1.46606
0.0234574
0.0278668
0.0222518
0.0207752
1.41789
0.354732
0.0232531
0.23265
0.0213538
0.0256699
0.0200349
0.0201308
0.0211408
0.0210806
0.0214545
0.0213648
2.24669
0.0215871
0.672447
0.0209913
0.0228698
0.0198819
0.0402705
0.0621838
0.0201406
0.0210147
0.205855
0.0262619
0.0198999
0.581321
0.0210257
0.206816
0.0202751
0.0221502
0.0203586
0.186958
0.0198885
0.0208957
0.0210541
0.359544
0.0218576
0.0211218
0.0213641
0.0489027
0.0211819
0.0210897
0.0203955
0.0210985
0.0232654
0.0210508
0.0222492
0.020049
2.62045
0.389968
0.583512
0.0219953
0.0232817
0.0212777
0.0792859
0.0220597
0.413587
0.586364
0.537227
0.20857
0.423966
0.0213549
0.0213821
0.446103
0.0464091
0.0244741
0.0723223
0.0215278
0.343585
0.0208056
0.0214467
0.0200835
0.0202939
0.0221751
0.440613
0.0218502
0.0215074
1.92832
0.0212295
0.0969267
0.0204889
0.0218324
0.026256
0.0213443
0.337672
0.0210077
0.0210495
0.295706
0.0214224
0.0197785
0.0226498
0.0208427
0.0207761
0.565256
0.399954
0.216352
0.0215022
0.0208527
0.0208459
0.353566
0.0226308
0.0212028
0.0203884
0.0206633
0.422526
0.133322
0.0965087
0.0220589
0.0235095
2.184
0.0256412
0.0256352
0.038724
0.195607
0.610871
0.398921
0.0207937
0.0213057
0.0210389
0.300183
0.0207816
0.0238137
0.0211297
0.0195614
0.0250405
0.0215474
0.195871
0.278856
0.0198859
0.0210494
0.0197568
0.211226
0.0202837
0.523729
0.0227402
0.198841
0.0208451
0.0207199
0.0201462
0.0210828
0.0213449
0.0196691
0.0213644
0.0216401
0.0532516
0.0230386
0.579151
0.0213664
0.0430846
0.215054
0.0224576
1.93078
0.0209542
0.0210218
0.0220206
0.0214763
0.197572
0.0211212
0.0218826
0.0201331
0.171542
0.0206577
0.302679
0.0328339
0.0208637
0.85283
0.284134
0.0203691
0.0204225
0.0711005
0.0242018
0.586447
0.0393672
0.042008
0.0308845
0.0214874
0.021451
0.0212809
0.0285523
0.0223116
0.262477
0.446711
0.0195593
0.0206802
0.0219408
0.0311175
0.0242358
0.50714
0.0215727
0.0214497
0.579542
0.0208423
0.064875
0.0279119
0.0236626
0.308069
0.024351
0.0208816
0.0217147
0.036233
0.0208926
0.499531
0.0216124
0.0348901
0.0240874
0.0888859
0.0215552
0.0261117
0.022556
0.0216729
0.0317103
0.0200562
0.0312709
0.0209295
0.0216137
0.0207823
0.0213152
0.0221737
0.0379664
0.0222489
0.0215067
0.212732
0.0200708
0.0208575
0.0210044
0.0197732
0.122249
0.0225832
0.022721
0.0852592
0.214579
0.0213331
0.0405321
0.511155
0.0206447
0.0210114
0.0197558
0.257473
0.198794
0.0232253
0.0208574
0.0415178
1.42719
1.17339
0.0219763
0.305271
0.115195
0.586
0.0237231
0.0196948
0.0209859
0.489186
0.0772486
0.021596
1.05468
0.0688539
0.302934
0.175858
0.0211117
0.0327015
0.631726
0.0404711
0.509088
0.0283491
2.07449
0.0225292
0.400518
0.0214128
0.0648144
0.0223857
0.0299603
0.0196335
0.021475
0.0210374
0.816523
0.0210511
0.0195702
0.990096
0.0213668
0.02502
0.0221974
0.260075
0.0208939
0.0218927
0.0215452
0.021177
0.0212203
0.0244397
0.0207853
1.63587
0.0596087
0.039428
0.0210817
0.212153
0.0207423
0.0638476
0.211185
0.0229078
0.0212476
0.0198223
0.0211679
0.0221299
0.0757909
0.0393266
0.0208553
0.078916
0.0208692
0.0214973
0.389444
0.0197889
0.0215889
0.0742636
0.0208705
0.0611617
0.0220926
0.0671751
0.0252139
0.036643
0.0236308
0.0213069
2.02922
2.02645
0.0210017
0.0300019
0.184954
1.59501
1.51946
0.022029
0.0205087
0.0226669
0.0214835
0.0225187
0.362739
0.0232255
0.0198024
0.0317388
0.081447
0.210585
0.0198195
0.0197576
0.0216606
0.02155
0.445392
0.561053
0.0202512
0.0240256
0.137916
0.0213217
0.0226715
0.467002
0.0230588
0.314416
0.0213447
0.0213375
0.0215024
0.0219984
0.065436
0.0382594
0.0212079
0.39159
0.0824705
0.101962
0.0229682
0.0228289
0.556628
0.0345775
0.167489
0.0295462
0.0213723
0.0209875
0.0909902
0.0715324
0.0217566
0.0237236
0.0386442
0.020994
0.0374166
0.021771
0.0209644
0.0218006
0.0332043
0.0208698
0.0210382
3.77932
0.0207159
0.0204924
0.0408522
0.0242766
0.320974
0.0224041
0.0218445
0.105264
0.0408452
0.0226813
0.0302375
0.351613
0.0209461
0.0201022
0.0243771
0.0609839
0.0208189
0.0215288
0.0209718
0.0202838
0.0207662
0.225677
0.02133
0.552576
0.0214222
0.0338943
0.0202508
0.0215958
0.0317212
0.459822
0.748246
0.0212636
0.022561
0.237706
0.190899
0.0231953
0.0218251
0.353049
0.0209619
0.0247754
0.0360809
0.0208117
0.0222837
0.021004
0.0357372
1.64679
0.549533
0.020691
0.0221469
0.0246383
0.158865
0.0206636
0.0204282
0.0380909
0.0196492
0.0206103
0.356664
0.0215289
0.78095
0.0202441
0.0204485
0.0200788
0.0320343
0.0217434
0.0215214
1.63543
0.0206278
0.0216252
0.882564
0.0210206
0.0338646
0.0227418
0.0640671
0.2842
0.0227919
0.177594
0.026587
0.021428
0.207667
0.0217787
0.0209128
0.019846
0.020965
0.0242174
0.095607
0.0375864
0.27523
0.162335
0.270267
0.0466183
0.299685
0.0228328
0.348259
0.0200328
0.0261528
0.0214912
0.0215761
0.0219418
2.03089
0.285835
0.0212649
0.578184
0.0204662
1.31041
0.0212474
0.0228174
0.022001
0.123412
0.570424
0.0211474
0.0199139
0.565886
0.0908034
0.0260592
0.024122
0.57358
0.0217059
0.191883
0.303035
0.0207617
0.0205791
0.0208551
0.0237443
0.0208482
0.0218869
0.0221307
0.0212176
0.0217423
0.0217466
0.020892
0.34918
0.345926
0.0199046
1.18807
0.0222696
0.0389359
0.0424245
0.0491519
0.0207518
0.0492296
0.0449183
0.02015
0.0396973
0.550646
0.0215658
0.0205952
0.0218927
0.346011
0.17373
0.0202186
0.238005
0.0214467
0.0215171
1.04234
0.0207001
0.0205997
0.0204781
0.020827
0.0221954
0.205979
0.0243812
0.0208596
0.0213205
0.0209808
0.0210841
0.263621
0.0198857
0.0303378
0.89256
0.475801
0.0205767
0.458077
0.0203786
1.20457
0.0219753
0.0379835
0.0200288
0.589056
1.71938
1.61331
0.0213806
0.0551355
0.244704
0.270066
0.0217043
0.266314
0.0209483
0.222767
0.346624
0.0256786
0.158674
0.310057
0.133136
1.06186
0.104852
0.340863
0.020556
0.0220645
0.27425
0.066034
0.021306
0.293625
0.0218096
0.0207695
0.0204602
0.0374956
0.0657138
0.0318791
0.0533842
0.0267631
0.272882
0.0219401
0.0210007
0.0211629
0.124994
0.288013
0.026627
0.29469
0.0217758
0.0223497
0.0286905
0.371247
0.0385849
0.0207603
0.159803
0.0684517
0.0220713
0.0376371
0.0201691
0.0314962
0.0301775
0.0206573
0.35937
0.261223
0.0212578
0.0218927
0.0209172
0.177993
0.0225084
0.135997
0.272915
0.0209324
0.020865
0.019993
0.0301348
0.0203892
0.0253504
0.0230688
0.0239488
0.337529
0.0220569
0.0254261
0.327461
0.0222176
0.0316338
0.0221539
0.0213918
0.661257
0.299863
0.0220319
0.153881
0.024196
0.282674
0.0207383
0.0206448
0.0263936
0.022701
0.0364456
0.335752
0.0219271
0.0222769
0.226696
0.0302303
0.0229589
0.293638
0.114175
0.269928
0.0209277
0.0198614
0.0285775
0.0204756
0.918713
0.267017
0.0591467
0.27242
0.0218622
0.0207573
0.115547
0.270101
0.0209112
0.152252
0.024005
0.0210695
0.0704177
0.0219057
0.0215775
0.039149
0.0231021
0.0204011
0.0225161
0.0209961
0.022592
0.307351
0.0294044
0.244267
0.021305
0.0252036
0.0208519
0.021268
0.30469
0.0214638
0.155363
0.1896
0.0218939
0.212703
0.0322393
0.329884
0.0197721
0.117657
0.0979982
0.0513585
0.0226994
0.0218032
0.0206813
1.36603
0.0229412
0.356828
0.0332572
0.0203145
0.0217172
0.0197341
3.77253
0.0209914
0.96811
0.0210931
0.0205201
0.0201198
0.0437608
0.0207972
0.020186
0.0200472
0.0208314
0.0213546
0.0367884
0.0270076
0.0203054
0.0241704
0.0215578
0.0209749
0.0207094
0.0430203
2.02459
0.0240843
0.0213549
0.0207185
0.0200743
0.0235019
0.023673
0.0200864
0.180077
0.225743
0.33655
0.0202147
0.0208274
0.0213199
0.0223783
0.0205707
0.0218419
0.0213322
0.0207464
0.0273147
0.0221807
0.0433889
0.102867
2.38903
0.0210698
0.0209675
0.0209734
0.482657
0.0211477
0.0258669
0.0243603
0.0204205
0.0213136
0.02105
0.242972
0.021272
0.211063
0.248921
0.0522921
0.0212896
0.0239127
0.30323
0.0227568
0.031543
0.0227515
0.0352407
0.0203857
0.0242921
1.53252
0.290104
0.0205796
0.0214533
0.935003
0.0234373
0.0488361
0.0243702
0.267815
0.021264
0.0239876
0.300245
1.05776
0.0546068
0.0203421
0.0209041
0.0203553
0.0215177
0.0447535
0.253446
0.184073
0.0205644
0.287862
0.0227232
1.09086
0.25683
0.021019
0.269778
0.0500442
0.020669
0.0482203
0.0285601
0.0216822
0.206648
0.02081
2.09299
0.0253556
2.3879
0.801765
0.0398949
0.0213407
0.0244044
0.0218377
0.0208378
0.0202288
0.0201141
1.62787
0.021737
0.0322364
0.301431
2.12984
0.0321296
0.035545
0.0203886
0.944116
0.0197476
0.247229
0.169337
2.49103
0.141127
0.257999
1.0957
0.020041
0.0215963
0.0201326
0.0407668
0.022156
0.0665087
0.0234924
0.429631
0.0246228
0.0202181
0.020187
0.0214776
0.0200441
0.268867
0.0616182
3.45309
0.0206066
0.0242922
0.0227465
0.0224021
0.0797127
0.0214204
0.247798
0.175979
0.0217885
0.0212207
0.270214
0.0246678
0.146237
0.368592
0.0215779
0.259458
0.022327
3.76403
0.0209565
0.0442707
0.0209381
0.250953
0.0288692
0.668202
0.292937
0.392752
0.0992433
0.0404422
0.0208512
0.0212823
0.215761
0.274784
0.0875705
0.0252378
1.16634
0.313979
0.342972
0.0362131
0.167378
0.0246811
0.0296425
0.0528227
0.0219766
0.0241675
0.0240266
0.0197974
0.0204285
0.0209184
0.0212091
1.68912
0.0217808
0.277806
0.0793434
0.104755
0.272124
0.201571
0.0201224
0.0216495
0.254904
0.0373957
0.0284434
0.211771
1.35901
0.186705
0.0207754
0.0285253
0.0232938
0.07291
0.0453923
0.345823
0.298341
0.0558043
0.0215528
0.0222204
1.51253
0.0390289
0.0470395
0.289069
0.0209601
0.0243865
0.0222843
0.158719
0.0224838
0.0203104
0.0208941
0.0221871
1.09659
0.213745
0.0216038
0.0605596
0.072285
0.0220812
0.0157025
0.0243919
0.0276406
0.024286
0.0288681
0.131211
0.0210886
0.0206374
0.0217195
0.930017
0.0802645
0.0296299
0.0218377
0.0222282
0.0215726
0.666675
0.0306013
0.022466
0.0215452
0.169029
0.0227564
0.306114
0.022134
0.0265919
0.0209856
0.124434
0.087908
0.0519379
1.64051
0.0205374
0.0240156
0.246227
0.0227429
0.297241
0.146902
0.0215156
0.0222162
1.47927
0.02131
1.10711
0.0215184
0.745265
0.215378
0.294916
0.0223252
0.0209777
0.0211447
0.0212777
0.0231254
0.019809
0.0217147
0.0209594
0.0206529
0.0225694
0.0221833
0.0215497
0.0220806
0.0818308
0.0214777
1.62046
0.0217476
0.0214789
1.65122
0.0210777
1.75932
0.33229
0.021495
0.0218281
0.0355904
0.262845
0.0241103
1.70915
0.025986
0.0222041
0.93399
0.0205564
2.84265
0.021487
0.164095
0.0198772
2.57961
0.896033
0.391068
0.0216414
0.0226083
0.0207633
0.0224998
0.0564383
0.0208396
0.021322
0.0406487
0.0242559
0.159792
0.321985
0.0217704
0.0343657
0.0214296
0.0251832
0.0219451
0.0213341
0.0217883
1.58193
2.23473
0.036432
0.0224441
0.0217797
0.0220939
0.0980413
1.95422
0.0549657
1.23387
0.265338
0.0221998
0.0226293
0.0832044
0.0207573
0.0225858
0.02397
0.0221035
0.24305
0.0222031
0.182097
0.0204893
0.0217763
0.0836963
0.0222965
0.0227371
0.0225076
0.0245184
0.291526
0.0222627
0.0214137
0.0216349
3.59555
0.169036
0.0229486
0.0218193
0.0206897
0.0218725
0.0211582
0.0513974
0.0209033
0.0207233
0.0214767
0.0243812
0.0286298
0.0216208
1.70128
0.0217153
0.021832
1.32738
0.0224553
0.0229368
0.110389
0.0217269
0.191022
0.0207638
0.0206969
0.0217946
0.0242738
0.020415
0.227489
0.0217857
0.0210034
1.25295
0.300835
2.66648
0.270748
0.392952
0.0242139
0.0205349
0.0223477
0.298925
0.0253656
0.695643
0.021957
0.0302271
0.0316196
0.0354259
0.0206709
0.34815
0.0901736
0.020954
0.0241568
0.0216773
0.021895
0.0252447
0.043503
0.0214657
0.0207345
0.020028
0.0944731
0.0215821
0.0752239
0.0326932
0.0215538
0.0209397
0.0210052
2.02717
0.0269743
0.0208723
1.59492
0.0530535
0.0217794
0.268918
0.0215251
0.0205403
0.0206711
0.0214875
0.0200997
0.0212225
0.0216378
0.0221286
0.0215534
0.0766022
0.0223402
0.485266
0.0275028
0.0212524
1.49495
0.0200059
0.0205419
0.0549307
0.0209305
0.396181
0.0210371
0.0715277
0.719124
0.0206209
1.61655
0.303338
0.0214384
0.0218123
0.0211892
1.06027
0.0214972
0.225186
0.18281
0.0216635
0.0249115
0.036512
0.115121
0.0211658
0.31255
0.0215648
0.0371904
1.59435
0.0384138
0.388393
0.0211491
0.087535
0.318046
0.102168
0.0214549
0.0554029
0.0222197
0.0463714
0.0204063
0.0227343
0.519889
0.0245337
0.0520731
0.0678042
0.0242456
0.243683
0.0205429
0.0305653
0.0214881
0.0241722
0.116091
0.0492289
0.347003
0.0328608
0.0238592
0.149088
0.024381
0.0209755
0.0203398
0.0217855
0.0222485
0.02364
0.0210513
0.807349
0.0247592
0.0209532
0.0200509
0.0213044
0.0212561
1.50558
0.0206252
0.138007
0.0224101
0.934129
0.0214889
0.0214389
0.0196768
0.0699772
0.021313
0.164039
0.757526
0.202815
0.0239303
0.0218008
0.0213996
0.020924
0.0207859
0.253505
0.0219316
0.0217299
1.12889
0.0213921
0.0219629
0.195714
1.4898
0.215903
0.0210747
0.311096
1.23397
0.0210144
0.020598
0.0301274
1.03595
0.12471
0.227726
0.0911406
0.0212956
0.0207028
0.0728815
0.0256292
0.0216819
0.0281267
0.021639
0.0223995
0.343136
1.26028
0.0261063
0.0247347
0.0240227
0.0289654
0.149667
0.0214697
0.0209082
0.0214023
0.061915
0.020872
0.0233922
0.0813478
0.207919
0.0204308
0.0208104
0.0196896
0.0214965
0.0211658
0.0336754
0.0370867
0.02189
0.267037
0.313579
0.447066
0.0243231
0.0221238
0.0214418
0.0211797
0.0207214
0.0199928
0.0215041
0.893907
0.383205
0.0205179
0.0205509
0.0218195
0.0216912
1.07451
0.0344562
0.0788825
0.217562
0.0717246
0.0610635
0.0212858
0.021063
0.0212188
0.0216529
0.808405
0.0212706
0.0231908
1.47461
0.193876
0.301307
1.50622
1.17209
0.187008
0.0213345
0.0316558
0.842125
0.864303
0.0214056
0.0214076
0.0206026
0.021424
0.0214612
1.12546
0.021017
0.0209702
0.737166
0.0230332
0.179002
0.0212475
0.0206233
0.0317769
1.47513
0.029824
0.283401
0.0229503
1.01852
0.0327216
0.0209678
0.108736
0.0210745
0.0228693
0.0215204
0.0205208
2.25015
1.00453
0.256572
0.105511
0.251567
0.331517
0.713772
0.0207724
0.021736
1.55453
0.0213205
0.0215987
0.0226879
0.0213688
0.952502
0.021499
0.0880057
0.0309978
0.0200277
0.134451
0.0215469
0.0211415
0.0239235
0.0238363
0.0240751
0.02437
0.0243884
0.426217
0.0216595
0.0212579
0.0203267
0.0377332
0.0632806
0.0209045
0.0220465
0.0320893
0.921222
0.0210273
0.0243945
0.0243631
0.0202167
0.0213183
0.0210164
1.06441
1.5982
0.0242836
0.0220172
0.0213801
0.0301279
0.0650192
0.0215825
0.0608512
1.12719
0.0214804
0.0302262
0.27525
0.665647
0.0327631
0.0201538
0.0206802
0.483527
0.0411606
0.123829
0.0241541
0.999177
0.0301472
0.0636941
0.270322
0.25933
0.0457691
0.114651
0.299406
0.84237
0.0218027
0.295422
0.021248
1.27
0.0221728
0.0218992
0.0241501
1.24405
0.298888
0.0221804
0.0215126
0.0525819
1.14631
1.04631
0.0207418
0.0208974
0.0212786
0.0238939
0.0215218
0.0358945
0.0732223
0.248089
0.0234855
0.0206652
0.0952295
0.0216017
0.0213578
0.354337
0.021254
0.0227713
0.0200296
0.434627
0.0543049
0.306149
0.021453
0.0524073
1.17214
0.0305265
0.364532
1.46575
1.25201
0.276553
0.0210178
0.021461
0.0717147
0.0214029
0.0216521
0.0210316
0.0218304
0.028803
0.0251274
0.0209953
0.279775
0.0209681
0.257083
0.0222109
0.704863
1.25838
0.0259999
1.69679
0.119753
0.0310429
1.2015
2.28068
0.0217359
0.0215066
0.0286367
0.0286575
0.11275
0.0209818
0.0215259
0.132354
0.0213371
0.0207154
0.0218975
0.0199787
0.35393
0.0215189
0.0284853
0.0215961
1.86073
0.0212381
2.15314
0.248596
0.394734
0.0907218
0.0200538
0.0240585
0.0217471
0.0212898
0.807498
0.0469157
0.0550816
0.250484
0.0199453
0.0226107
0.0232806
0.0214135
0.25887
0.0209163
0.0265366
0.501163
0.247076
0.0473582
0.0212378
0.0218165
0.105484
0.0267932
0.0665444
0.540827
0.895902
0.161417
0.0217565
0.0208524
0.0209031
0.0217962
0.0881445
0.0222071
0.0526582
0.0214104
0.0216724
0.353986
0.0200499
0.343252
0.0241679
0.0215991
0.0241685
1.29594
0.0207037
0.0220498
0.263727
0.0214327
0.0214748
0.0379546
0.827032
0.023186
0.0271522
0.0204233
1.18601
0.386766
0.166388
0.0214401
0.020704
0.0281275
0.0215297
0.180216
0.0566581
0.215978
0.116942
0.02125
0.078277
0.0209705
1.08929
0.0214139
0.56688
0.300308
0.0213861
0.844231
0.0213092
1.4238
0.0339599
0.020403
0.0320407
0.0207601
0.0209168
0.0205396
0.0198674
0.0261044
0.0847856
0.0214726
0.020591
0.0901791
0.0201089
0.0219169
0.0218821
0.0211603
0.0213734
0.0566877
0.0311428
0.0199186
0.0221283
0.0220391
0.0213398
0.152732
0.0622143
0.0213746
0.0209237
0.0214772
0.0301076
0.0214903
0.0220204
0.022054
0.0487785
0.0199372
0.0223572
0.304623
0.0215073
0.0507626
0.0212498
0.0214057
0.021018
0.0211408
0.0206171
0.0212975
0.248082
0.235105
0.02061
0.0217406
0.0226294
0.480019
0.0270978
0.0502376
0.0212477
0.0217811
0.0479042
0.0227651
0.25637
0.0339651
0.0210624
0.0209992
2.04658
0.0217615
0.153723
1.41739
0.0210539
0.0545426
0.0767884
0.305094
0.049482
0.0312473
0.0268604
0.0209909
0.221848
0.0214607
0.0236811
0.0317284
0.0200238
0.0213315
1.99512
0.0207369
0.114191
0.840124
0.0217471
0.0213878
1.87187
0.0212394
0.0458674
0.0203861
0.0492587
0.834396
0.273318
0.0212573
0.020834
0.0218278
0.0647135
0.671012
0.25712
0.868343
0.0258858
0.0212918
0.0486465
1.66928
0.0213951
0.0200225
0.0240797
0.0210316
0.535721
0.0440036
0.0204045
0.272402
0.0208213
0.0207435
0.0203747
0.0212493
0.0213363
1.67103
0.0211289
0.0608044
0.0207255
0.0217381
0.0218268
0.0217927
0.0211529
0.0212612
0.0314086
0.0206104
0.0470294
0.297015
0.0418903
0.0243579
0.0440203
0.0288195
0.0211115
0.020089
0.0212687
0.0201463
1.60168
0.223455
0.0222907
0.0222517
1.16852
0.0222881
0.267898
0.0215329
0.0210308
0.0215335
0.0461354
0.381114
1.01718
2.12004
0.0243405
0.0409539
0.0490828
0.0212295
0.0210747
0.0207296
0.0264971
0.0274114
1.62533
2.75095
0.0286325
0.0209088
0.0308334
0.021171
0.0464353
0.0210485
0.0728243
0.0218464
0.326396
0.0315964
0.0217317
0.0243824
0.0373344
0.0288522
0.0721837
0.021044
0.0206911
0.0213537
0.0212662
0.36637
0.0205063
0.0217387
0.0276585
0.0199214
0.139821
1.26995
0.0341962
0.0213226
0.0215724
0.557446
0.166182
0.0210533
0.0212843
1.21872
0.0213025
0.0213091
0.351987
0.0243377
0.29807
0.307783
0.304058
0.0304769
0.0209412
0.0213467
0.025785
0.0210452
0.020916
0.685238
1.109
0.0207386
0.0210152
0.0209235
0.0219545
2.14616
0.0210115
0.0219446
0.0213916
0.0203897
0.0209757
0.0278733
0.0223408
0.0208953
0.02
0.0217067
0.020703
0.0301936
0.29171
0.0284362
0.020692
0.0210787
0.021307
0.0209747
0.275807
0.0213926
0.263531
0.519203
0.021057
0.020631
0.251056
0.0206864
0.020772
0.0209408
0.0599641
0.0239707
0.0297873
0.0209422
0.0199008
0.0213632
0.243755
0.0210321
0.0216541
0.0348244
0.311588
0.0290957
0.0199468
0.272915
0.01957
0.534448
0.0209453
0.0200596
0.0206455
0.0215284
0.0211712
1.26362
0.0899491
0.261669
0.0595775
0.0266125
1.85501
0.0213273
0.23198
0.0766556
0.0219514
0.263605
0.0399731
0.0462361
0.0212102
0.710737
0.0215814
0.0206657
0.0206594
0.0949951
0.301435
0.0237627
0.186229
2.59008
0.104728
0.0213232
0.022828
0.0369456
0.120588
0.519132
0.0246082
0.0214781
0.034303
0.185488
0.0208257
0.132818
0.0220897
0.354247
0.0205952
0.0204349
0.026178
0.0253181
1.65735
0.0770592
0.408781
0.0209309
0.0210205
0.448293
0.35072
1.1808
0.0208179
0.0222725
0.0207089
0.0209914
0.0210251
0.319475
0.177304
0.443442
0.337757
0.472272
0.0523407
0.0208792
0.0214884
0.0208658
0.0205401
0.0286376
0.0210637
0.0213142
0.0212734
0.0209048
0.0253626
0.295162
0.0289468
0.0207715
0.0209707
1.05219
0.0274748
0.0226468
0.0265326
0.030256
0.310642
0.0209347
0.0252951
0.474912
0.0208011
0.0621111
0.0210107
0.0209306
0.0208264
0.26802
0.0209216
0.020722
0.0220735
0.0217238
0.0208671
0.0207638
0.346526
0.0979283
0.198663
0.021912
0.0208318
0.356491
0.021209
0.0205199
0.0207759
0.480097
0.0213199
0.838817
0.0200968
0.0207304
0.0396841
0.0439964
0.020759
0.0390747
0.0741965
0.172801
0.0208438
0.0197462
0.0208021
0.211442
0.0221088
0.0243704
0.939195
0.0209874
0.0204083
0.0220157
0.0207927
1.21191
0.0209002
0.0213308
0.0209584
0.0275919
0.186392
0.021314
0.0207048
0.0214569
0.101474
0.0759249
0.264426
0.0238238
0.510996
0.0206566
0.0209233
0.739002
0.101952
0.0212699
0.0209585
0.544138
0.0341628
0.0208878
0.0207971
0.0207553
0.0209423
0.0209377
0.363816
0.0216906
0.0241239
0.25201
0.0554167
0.0211122
0.0376013
0.0283103
0.4779
0.0236893
0.0260173
0.0212879
0.549626
0.0211991
0.0284222
0.276777
0.0217315
0.0788953
0.268561
0.0210052
0.0220384
0.532479
0.299146
0.0222569
0.0207394
0.0204928
0.684633
0.0208813
0.0207368
0.0264388
0.0236877
0.0209574
0.0240758
0.209734
0.0206393
0.0236029
0.0219815
0.0207978
0.0205748
0.0209237
0.02052
0.498037
0.0219795
0.0225146
0.0207201
0.0199908
0.0207314
0.0208591
0.0221181
0.0268127
0.0233167
0.539454
0.0209781
0.0208906
0.0248607
0.0207558
0.0199574
0.0220704
0.340687
0.0208099
0.495827
0.0253161
0.519865
0.0202096
0.525508
0.404009
0.30882
0.0204298
0.0209553
0.44248
0.0209571
0.282383
0.021066
0.0255224
0.0226263
0.0209909
0.26501
0.527474
0.268308
0.298772
0.024808
0.0207224
0.0208177
0.105705
0.308123
0.0208795
0.0214301
0.0200355
0.021465
0.0204444
0.369422
0.0206843
0.0202625
0.0215016
0.0217279
0.0363145
0.02526
0.021978
0.0207192
0.0205225
0.124485
0.0249044
0.0196884
0.875694
0.0347782
0.0254736
0.0253372
0.0270046
0.0204287
0.020865
0.0474045
0.307417
0.285908
0.0209569
0.0206028
0.477933
0.152754
0.0243066
0.0208217
0.0244989
0.0206645
0.0216885
0.0223878
0.0235446
0.0198866
0.0207435
0.0204198
0.020796
0.0206684
0.0225435
0.0206521
0.0666236
0.454238
0.020605
0.0208227
0.0199595
0.0209886
0.0213923
0.0209704
0.377367
0.566362
0.0208973
0.0221436
0.327975
0.0211328
0.0674123
0.278585
0.251161
0.0206192
0.242559
0.0271935
0.132579
0.0235401
0.0207147
0.165791
0.277169
0.149407
0.0220345
0.0203635
0.289968
0.295475
0.0206179
0.0206875
0.0207454
0.0236762
0.0312554
0.0214636
0.020706
0.0205732
0.57839
0.0496863
0.0307834
0.0207978
3.11279
0.371654
0.020511
0.0248667
0.0210077
0.020832
0.0208434
0.100057
0.0208126
0.115448
0.0207833
0.0206907
0.0208115
0.0204894
0.0210098
0.0266658
0.019973
0.0206239
0.0316132
0.0205787
0.021708
0.0205571
0.0202645
0.563716
0.0657082
0.0208498
0.433995
0.0208881
0.0206056
0.0294667
0.0230465
0.202334
0.0199103
0.0205421
0.0214121
0.0206518
0.0466097
0.0205069
0.0208098
0.0320068
0.0196471
0.0210406
0.0209401
0.0207671
0.0309678
0.0210414
0.0440922
0.246642
0.0230365
1.04395
0.0199388
0.0205428
0.0679448
0.0207772
0.501783
0.0199679
0.415878
0.402822
0.020094
0.0205221
0.0212585
0.309784
0.0208895
0.0208918
0.168106
0.0453115
0.178101
0.0223499
0.271736
0.0196613
0.322225
0.44816
0.342944
0.308002
0.0246903
0.228567
0.0206002
0.0208121
0.0279302
0.33437
0.0211889
0.0207172
0.021013
0.474706
0.0201264
0.0201129
0.239283
0.0205561
0.307835
0.0208301
0.450114
0.0319279
0.0226408
0.0212298
0.0207896
0.0209234
0.0295404
0.824908
0.247796
0.0332809
0.423684
0.354492
0.021104
0.0235942
0.45208
0.0214675
0.0205818
0.365733
0.247395
0.46692
0.296512
0.236112
0.0276999
0.0212551
0.0209738
0.238802
0.337423
0.19797
0.451736
0.0197033
0.0213514
0.0221534
0.214665
0.435612
0.0206221
0.0241382
0.534172
0.0215901
0.0229515
2.09112
0.408094
0.0497983
0.0223515
0.0207703
0.187733
0.0210151
0.0196728
0.3923
0.0213213
0.0202458
0.18429
0.0201662
0.0205386
0.328989
0.644448
0.404275
0.0202441
0.263176
0.0204704
0.192635
0.297189
0.175288
0.02094
0.215765
0.0251286
0.114226
0.0204141
0.020499
0.197739
1.07621
0.188053
0.0207035
0.0207695
0.0203731
0.0206401
0.0325034
0.0208787
0.193305
0.0223639
0.192801
0.020275
0.330753
0.0211138
0.0203953
0.0206863
0.350505
0.35101
0.0196478
0.0199014
0.0204218
0.0204854
0.256979
0.020539
0.172236
0.0234977
0.033903
0.247374
0.169509
0.102344
0.194307
0.0315579
0.0280492
3.64384
0.0479978
0.209009
0.146953
0.328823
0.0205556
0.0286549
0.211965
0.0205094
0.493869
0.435795
0.0593983
0.339526
0.0204953
0.268708
0.0991458
0.484958
0.0214781
0.0206384
0.949767
0.050117
0.192588
0.0207524
0.298339
0.0210579
0.260085
0.534449
0.174758
0.0207358
0.0220325
0.173905
0.334786
0.0203977
0.245937
0.0999686
0.239919
0.0210305
1.34862
0.0204748
0.21938
0.340385
0.302585
0.156696
0.237025
0.0245387
0.148145
0.0237075
0.122944
0.021342
0.259064
0.0213969
0.0206199
0.0296682
3.43958
0.0213341
0.259591
0.282275
0.0457981
0.0432582
0.105873
0.020167
0.262158
0.0266198
0.332756
0.0206811
0.0214512
0.0214409
0.336164
0.0203963
0.336919
0.330086
0.0308465
0.0217126
0.022279
0.0198246
0.124856
0.383203
0.0200809
0.0570667
0.0753206
0.656203
0.169543
0.0206348
0.0213288
0.0205872
0.0245475
0.0212365
0.020596
0.0347382
0.0226913
0.0213414
0.0198765
0.0205772
0.0238681
0.107086
0.0214223
0.27363
0.0206631
0.0206712
0.0268442
0.0248879
0.0214401
0.0207207
0.02048
0.179714
0.327158
0.0206458
0.410459
0.323376
0.0213903
0.0639248
0.0491895
0.296295
0.337202
0.342741
2.04485
0.0251114
0.310397
0.446324
0.233191
0.032917
0.0203802
0.0205276
0.31593
0.0203542
0.260532
0.028202
0.0216581
0.0204316
0.0222528
0.0208594
0.314077
0.0204069
0.129021
0.0356506
1.21167
0.0201143
0.0240152
0.0206153
0.0198786
0.0235432
0.0203587
0.0200442
0.0205254
0.0282506
0.0244632
0.0274915
0.257118
0.0237623
0.0196349
0.268656
0.0520165
0.0216361
0.0208156
0.303842
0.0393347
0.0270196
0.339111
0.0205878
0.450386
0.247494
0.0230903
0.022316
0.0205693
0.348984
0.0232076
0.0205585
0.021155
0.0268521
0.042099
0.0204865
0.0232838
0.494695
0.0208487
0.196863
0.0214219
0.0215592
0.0534286
0.0497654
0.0386773
0.0212252
0.0202061
0.0211533
0.571264
0.0205358
0.0457613
0.250219
0.0299423
0.147358
0.0214004
0.0254403
1.33743
0.0733566
0.287976
0.0405721
0.0221865
0.0648088
0.0209293
0.0199193
0.312804
0.0203818
0.024831
0.342074
2.14295
0.0201095
0.0278309
0.021784
0.0253822
0.0277641
0.312443
0.335749
0.0222865
0.104956
0.325551
0.0222179
0.0204833
0.0307347
1.87039
0.0207775
0.176458
0.0204103
0.0201325
0.212156
0.169685
0.0210257
0.0209179
0.223817
0.331104
0.0202311
0.0833261
0.0205554
0.286643
0.243909
0.0275402
0.0208666
0.266021
0.325509
0.282187
0.167941
0.0207888
0.0201463
0.020219
0.266799
0.204553
0.0212543
0.268533
0.207185
0.0203867
0.0231364
0.212463
0.0884037
0.0205455
0.304926
0.0206732
0.287947
0.175322
0.275672
0.908499
0.0212617
0.0466648
0.0222032
0.0213469
0.0202301
0.0209783
0.0209051
0.347728
0.0202213
0.0265419
0.108484
0.0502439
0.0199015
0.022117
0.143438
0.0226538
0.0209651
0.0215721
0.357739
0.0514936
0.262543
0.021278
0.0606402
0.289513
0.0241068
0.299855
0.0293201
0.0435662
0.0210869
0.316149
0.352579
0.963356
0.0199835
0.0585207
0.019671
0.0407791
0.339726
0.0208207
0.411716
0.0211355
0.297732
0.0206051
0.3362
0.274763
0.0266007
0.59286
0.0207163
0.0429201
0.542077
0.0208032
0.405022
1.27921
0.021085
0.0200508
0.323681
0.0208782
0.0203836
0.040292
0.0209411
0.024855
0.310969
0.0224179
1.44117
0.0214521
0.0212897
0.020035
0.262295
0.338959
0.0207271
0.0260476
0.371471
0.288059
0.0203933
0.380132
0.0415162
0.272632
0.0199798
0.341827
0.33688
0.0333729
0.0422803
0.0199324
0.0204977
0.0225432
0.0209152
0.0212395
0.0211219
0.0145564
0.0211873
0.315347
0.0205619
0.0200827
0.0198381
0.287394
0.237086
0.323754
0.0236706
2.01493
0.0376008
0.0249805
0.0275469
0.0229395
0.292913
0.0198878
0.0205181
0.021051
0.244764
0.0232336
0.0204855
0.259108
0.0225555
0.0212271
0.0226535
0.0210152
0.0201269
0.216195
0.0199276
0.0207502
0.0200774
0.294502
0.148948
0.319507
0.0203112
0.0196263
0.0201807
0.0235625
0.0207415
0.0303213
0.0219075
0.0201121
0.0206712
0.0291333
0.258998
0.455429
0.0315344
0.0222603
0.115496
0.314007
0.0222224
0.341701
0.332824
0.0213147
0.030472
0.484004
0.301705
0.331253
0.320125
0.0377367
0.0211279
0.26074
0.0200083
0.0219468
0.0212447
0.0209162
0.0265422
0.271991
0.0243291
0.25246
0.0203901
0.024446
0.0198483
0.0208648
0.0226964
0.29484
0.0196127
0.241806
0.0226687
0.0209211
0.0201055
0.0198381
0.106886
0.0295106
0.282365
0.0204174
0.318941
0.266357
0.02023
0.020479
0.295626
0.0214821
0.240539
0.338001
0.0199005
0.238822
0.0198814
0.0205483
0.380286
0.0219601
0.0213281
0.0223886
0.0197213
0.256829
0.0307995
0.242177
0.0280837
0.273034
0.0200688
0.0209304
0.0205579
0.174911
0.0241237
0.0204116
0.293882
0.0206705
0.0211168
0.0265224
0.116632
0.312051
0.0331785
0.0660821
0.328956
0.0465921
0.0198667
0.256605
0.330585
0.293956
0.0200779
0.0591323
0.0202962
0.020623
0.0298805
0.0378064
0.325555
0.0198702
0.0200731
0.3694
0.325431
0.0210067
0.0198859
0.0199272
1.5169
0.0204899
0.0276923
0.436651
0.0233254
0.320587
0.197702
0.131277
0.020285
0.103223
0.019934
0.0205848
0.022227
0.0269933
0.0226256
0.0206785
0.0205054
0.0237875
0.0207577
0.393783
0.201661
1.6505
0.383729
0.302719
0.0209344
0.274098
0.181697
0.022613
0.0196911
0.23557
0.0225511
0.0209445
0.0230283
0.266388
0.020734
0.0213426
0.196502
0.279982
0.290736
0.206855
0.504675
0.185468
0.0256024
0.0284547
0.285062
0.0209969
0.0206891
0.0213425
0.0222102
0.0301649
0.259882
0.0206592
0.020683
0.0204697
0.0200583
0.0205322
0.0209631
0.0201997
0.0374646
0.0203242
0.0202839
0.0201875
0.265208
0.263053
0.0204567
0.311389
0.187539
0.0208421
0.0762896
0.0217423
0.33378
0.39908
0.0203511
0.164024
0.0230677
0.104942
0.361338
0.25952
0.0213016
0.0212511
0.0222042
0.0235592
0.25887
0.257868
0.252264
0.0199997
0.191496
0.0203314
0.0234472
0.0200624
0.288781
0.338717
0.266135
0.0276986
0.0906877
0.0203765
0.16074
0.0213025
0.0218518
0.0693205
0.019942
0.142692
0.417502
0.0201303
0.245388
0.0202314
0.336784
0.0212319
0.253911
0.0228903
0.0207655
0.25828
0.0238259
0.0198637
0.024438
0.253743
0.186056
0.293805
0.139651
0.0232764
0.0229185
0.0207168
0.0306863
0.022432
0.0206331
0.343236
0.0204876
0.0202154
0.0204408
0.0861143
0.262971
0.0204883
0.28193
0.0203906
0.293158
0.0344205
0.234001
0.0208329
0.0210274
0.297069
0.0207671
0.0200148
0.0203431
0.289546
0.0201683
0.282388
0.0208315
0.265828
0.259997
0.0205575
0.0223401
0.0207786
0.28678
0.0207525
0.269067
0.0199796
0.0199424
0.0200138
0.0245983
0.0491079
0.0209926
0.0210942
0.239888
0.020798
0.339782
0.229246
0.248996
0.315115
0.020008
0.0200542
0.242752
0.329577
0.022225
0.227557
0.0227941
0.037793
0.0199507
0.0277098
0.252972
0.0211895
0.0202519
0.0219234
0.023238
0.0203764
0.27013
0.0205668
0.358478
0.340779
0.0200997
0.0207937
0.341315
0.267988
0.0636531
0.020469
0.297788
0.0204164
0.330307
0.113772
0.0199218
0.0202123
0.305034
0.263645
0.247037
0.044565
0.255117
0.0383177
0.284398
0.028185
0.256253
0.0200049
0.0212749
0.168848
0.0228932
0.0198284
0.0198907
0.141448
0.0210822
0.0204312
0.0202304
0.0206334
0.0216499
0.0275
0.117927
0.266816
0.27315
0.0201795
0.245791
0.189262
0.0205642
0.029852
0.254971
0.269934
0.0201552
0.294866
0.0201284
0.0223541
0.0203873
0.177746
0.262763
0.0623577
0.0199355
0.0205035
0.126968
0.0200925
0.0202113
0.0185593
0.448938
0.0495158
0.0228432
0.0248098
0.244092
0.0198963
0.0292002
0.302301
0.0222589
0.298068
0.0200178
0.020469
0.0458406
0.0219734
0.0215217
0.252361
0.266492
0.0237089
0.0201144
0.506202
0.293415
0.0199521
0.020567
0.0218421
0.0200224
0.0203871
0.0201055
0.538049
0.0212335
0.0396164
0.0206382
0.0206033
0.0198639
0.0202572
0.280513
0.0208283
0.0426395
0.267236
0.0211351
0.0196841
0.266035
0.182129
0.0224515
0.251382
0.177024
0.194591
0.265899
0.0311989
0.2432
0.0343856
0.0244107
0.0754011
0.0208237
0.0203228
0.0208272
0.0211859
0.0204671
0.020094
0.161904
0.0219452
0.0199329
0.0198277
0.0222253
0.0206393
0.0198572
0.0238552
0.0199459
0.47824
0.172993
0.251102
0.0204205
0.339365
0.0200789
0.361341
0.0291306
0.0203542
0.0210693
0.0200312
0.268598
0.269223
0.0221142
0.0200364
0.430735
0.0230409
0.0244909
0.0263732
0.0199934
0.0300339
0.0317611
0.0202271
0.32493
0.0222326
0.0198083
0.522622
0.223827
0.227682
0.0208672
0.0201371
0.331008
0.0202864
0.0219021
0.0205289
0.0206757
0.0231978
0.0836749
0.149286
0.13952
0.0202872
0.235387
0.0333468
0.0200878
0.0510292
0.0201445
0.0200743
0.0267066
0.0199643
0.0199327
0.446389
0.249073
0.0337456
0.0315618
0.241956
0.0265525
0.0199491
0.0311936
0.386116
0.117758
0.0199347
0.278201
0.019826
0.281326
0.0219714
0.219911
0.252507
0.0200549
0.0208937
0.0202259
0.0197843
0.208033
0.0204357
0.0198184
0.0201036
0.262289
0.0206407
0.0199046
0.0201618
0.0329153
0.269274
0.019788
0.0257961
0.0213086
0.249925
0.0200938
0.0414967
0.0347905
0.160388
0.0212574
0.0201623
0.0201286
0.0200256
1.24044
0.0261227
0.0198757
0.0343855
0.0294598
0.0215791
0.0231579
0.0197662
0.0222731
0.26623
0.0261878
0.073657
0.0530707
0.0198532
0.0222688
0.0207282
0.0219574
0.421779
0.347456
0.0221847
0.0208158
0.366963
0.199807
0.02054
0.0212069
0.0208447
0.0276343
0.260246
0.0199766
0.0685897
0.25183
0.0226674
0.0198076
0.0264216
0.0214192
0.0197447
0.0218003
0.0273616
0.0222546
0.307718
0.0201061
0.0213331
0.0200908
0.0291613
0.0212867
0.0749713
0.0996226
0.0217248
0.0226001
0.021261
0.0545617
0.0205924
0.0197287
0.0212269
0.0207635
0.0205633
0.219145
0.0196974
0.0197645
0.0201692
0.0210277
0.336755
0.0212547
0.0231854
0.0198467
0.0274222
0.178161
0.490951
0.026608
0.0197112
0.891766
0.0227186
0.0208581
0.0196641
0.0196962
0.0199488
0.290632
0.0208479
0.0229271
0.020313
0.263835
0.357196
0.0210409
0.0218542
0.0203997
0.275314
0.269893
0.019668
0.0205672
0.0209656
0.0217628
0.0205162
0.344619
0.0215192
0.250207
0.0230371
0.0205679
0.0219891
0.0205237
0.195537
0.0198542
0.0196284
0.0217111
0.0228779
0.0228912
0.0196507
0.312682
0.0211382
0.0206963
0.0206547
0.0231863
0.0196448
0.0212362
0.021113
0.0199425
1.55293
0.0969707
0.0228284
0.019807
0.019832
0.0219031
0.268485
0.176594
0.256037
0.0619885
0.0196365
0.0212119
0.26954
0.021651
0.0197198
0.0238221
0.0209716
0.256582
0.252809
0.0219353
0.0235025
0.227131
0.021776
0.051143
0.0203931
0.0233335
0.0199255
0.0196131
0.0227315
0.0227471
0.020203
0.268202
0.0203645
0.0275982
0.0964068
0.338462
0.0198675
0.240289
0.268283
0.0208442
0.0196751
0.0217205
0.0198281
0.279823
0.019987
1.01741
0.276652
0.0196289
0.0199231
0.0198387
0.0197562
0.0200067
0.0198725
0.263383
0.0197895
0.0201266
0.0239051
0.0212169
0.0201446
0.0199959
0.02022
0.262188
0.155141
0.0202103
0.368743
1.67398
0.0215478
0.297507
0.0209594
0.0198838
0.0205949
0.0199281
0.0283482
0.0225886
0.0199052
0.0219298
0.240778
0.0196944
0.0198898
0.0203473
0.265798
0.0198856
0.0557167
0.0202965
0.0200583
0.0201145
0.0213592
0.020179
0.0196606
0.0319932
0.0199285
0.0196599
0.0203752
0.0199584
0.0196322
0.0196242
0.0200055
0.0213841
0.0199334
0.262743
0.0198432
0.0208598
0.019716
0.020631
0.156465
0.0196157
0.0198538
0.022666
0.255574
0.0220607
0.0202736
0.0209919
0.0219207
0.0745457
0.192502
0.0224119
0.0224043
0.123867
0.0208865
0.0203489
0.246801
0.02165
0.197122
0.01996
0.0205149
0.176994
0.159857
0.0210904
0.0200699
0.019601
0.0202615
0.0200661
0.0204905
0.0223939
0.183514
0.0197084
0.0208699
0.331965
0.0227033
0.0226909
0.3433
0.0201527
0.0742369
0.109504
0.0201308
0.0209648
0.0207922
0.216482
0.0203487
0.0223945
0.210169
0.0969842
0.268571
0.0382503
0.136978
0.252745
0.0351669
0.0203957
0.0336529
0.0206883
0.0231117
0.0219839
0.02019
0.028498
0.0200898
0.0218637
0.0287988
0.116892
0.0203367
0.0196505
0.0204208
0.0201323
0.0252073
0.0205382
0.0209052
0.290921
0.0210046
1.43451
0.389029
0.235356
0.0199064
0.019677
0.0223922
0.0224171
0.0207076
0.0202091
0.0203656
0.0283797
0.019796
0.0213039
0.190914
0.175502
0.020611
0.0224074
0.0203565
0.020845
0.023168
0.0195931
0.0259872
0.0198465
0.020482
0.0237922
0.0202024
0.288537
0.0202089
0.0215735
0.299828
0.0202437
0.0224162
0.0320737
0.0224934
0.0199018
0.0205281
0.244575
0.0216208
0.020279
0.0197823
0.0200824
0.0656602
0.0201466
0.0224097
0.0241712
0.0419729
0.148382
0.0224852
0.0224501
0.0198359
0.0206388
0.0212412
0.246388
0.0206745
0.0202113
0.0386016
0.0224167
0.0205392
0.0214479
0.0213957
0.0202428
0.0224372
0.114212
0.028954
0.0224566
0.020332
0.0225209
0.0213302
0.0223969
0.0224021
0.0197956
0.019557
0.0195516
0.241532
0.0207619
0.0204533
0.0199182
0.0203717
0.0219721
0.0217527
0.0224083
0.107684
0.0196626
0.257388
0.0587624
0.0224457
0.0214121
0.0199047
0.0270832
0.0224645
0.0197822
0.0200055
0.0231442
0.0230854
0.0231206
0.0231394
0.0230131
0.0230609
0.0231011
0.0231243
0.0230386
0.023044
0.0230681
0.0229964
0.0229653
0.0230215
0.0229891
0.0229728
0.0225495
0.0224757
0.0224826
0.022411
0.0225449
0.0224164
0.0224308
0.0228023
0.0224997
0.0229493
0.0224212
0.0224097
0.0224736
0.0224086
0.022903
0.022792
0.0227708
0.196739
0.0225213
0.0224778
0.0534528
0.01996
0.0216261
0.0227555
0.0226134
0.185296
0.022563
0.0224243
0.0224297
0.0223954
0.0224384
0.0224429
0.21012
0.198323
0.207018
0.0195368
0.019565
0.0196341
0.0228523
0.0227776
0.0226762
0.0224071
0.0198789
0.0195373
0.0225402
0.019545
0.195516
0.194753
0.0196225
0.200272
0.195588
0.0195442
0.0195889
0.199644
0.0225303
0.0195304
0.197615
0.0195955
0.0204791
0.0201908
0.0199759
0.0217777
0.0198622
0.274439
0.0198896
0.0198854
0.25952
0.0208563
0.0206354
0.0197718
0.0198117
0.020021
0.2988
0.288006
0.0227104
0.0206594
0.0203419
0.186031
0.0236606
0.0224676
0.0196024
0.0198699
0.0217491
0.268026
0.021807
0.0223813
0.310883
0.258664
0.0202737
0.0197752
0.0206
0.0220349
0.021088
0.0196223
0.0196065
0.0211388
0.0240049
0.0201756
0.0463449
0.019592
0.0213364
0.0342826
0.0196195
0.0200623
0.135933
0.0202722
0.270074
0.021089
0.0228008
0.0216141
0.0198141
0.0203742
0.0216738
0.0196729
0.115162
0.0203354
0.603793
0.0246974
0.267818
0.020221
0.292387
0.0208926
0.159666
0.0198609
0.01969
0.136011
0.0199625
0.0213139
0.0251525
0.0331296
0.0207609
0.0198031
0.0224106
0.264213
0.264558
0.0205072
0.0199353
0.316101
0.0206088
0.0278674
0.0224101
0.0200728
0.239827
0.0213231
0.0196567
0.0199814
0.0209605
0.0263502
0.0214654
0.0202715
0.0253226
0.126784
0.0197685
0.0199949
0.241187
0.020763
0.0210586
0.020928
0.019626
0.290859
0.0206783
0.021397
0.0199545
0.0197254
0.258266
0.0858665
0.0216283
0.0202661
0.0200118
0.02075
0.0202003
0.200932
0.0255363
0.0210258
0.0199265
0.290985
0.253525
0.234339
0.0196504
0.0221905
0.0241061
0.0241663
0.0216567
0.0197544
0.019984
0.020523
0.020959
0.267938
0.0413431
0.256487
0.0204766
0.0196409
0.228419
0.0196425
0.104113
0.0200857
0.0199928
0.0196303
0.019832
0.0224483
0.0213016
0.0217531
0.0204764
0.0213773
0.0198615
0.0199704
0.0198413
0.0204746
0.266988
0.0243432
0.0197363
0.0208687
1.58571
0.0198522
0.0197016
0.260301
0.0210273
0.0219301
0.191963
0.0196059
0.0212365
0.022395
0.021496
0.0214017
0.283209
0.0204549
0.0216033
0.0196104
0.310633
0.277989
0.16665
0.150608
0.0204911
0.0207315
0.0195723
0.174034
0.0209249
0.198327
0.0195886
0.0201404
0.196338
0.0196225
0.064538
0.137589
0.0225736
0.0197393
0.319135
0.0287162
0.0307173
0.0196237
0.0214009
0.01997
0.0200909
0.353441
0.0198568
0.0639191
0.0196744
0.0204311
0.0249197
0.0205919
0.0208584
0.0313271
0.0210665
0.0196567
0.0283332
0.0241623
0.0254188
0.0215004
0.279434
0.311471
0.0196166
0.130996
0.020396
0.020679
0.284646
0.0801329
0.0986625
0.0209096
0.0209595
0.0218151
0.0206703
0.0196094
0.0207973
0.0209572
0.0235874
0.0202928
0.0199263
0.0195916
0.0206461
0.0266531
0.0196407
0.0869816
0.0205027
0.0204269
0.388032
0.0196392
0.372767
0.345952
0.0225662
0.020221
0.0214036
0.0195757
0.0205547
0.252297
0.0259505
0.335383
0.0196236
0.0197128
0.288717
0.0196831
0.021076
0.0197979
0.179347
0.297276
0.0376068
0.258548
0.0224261
0.0205206
0.0204165
0.0199361
0.0217405
0.0309353
0.0198266
0.019591
0.0215009
0.0284175
0.019953
0.0201993
0.0211003
0.0206646
0.0197298
0.0200764
0.019756
0.0197894
0.0197805
0.0228168
0.0202653
0.019732
0.0206668
0.0211276
0.0196751
0.0508105
0.0210555
0.0197478
0.0199187
0.0212317
0.0272204
0.0214621
0.0212102
0.020033
0.0312532
0.291007
0.0203264
0.0256312
0.0214368
0.0228671
0.0197399
0.0215405
0.0223166
0.0200902
0.0481787
0.020869
0.0197328
0.0202209
0.243982
0.020338
0.019693
0.019789
0.0213582
0.0199635
0.0212677
0.348758
0.0204165
0.020238
0.0835589
0.0206966
0.0201606
0.0208576
0.0217223
0.0201148
0.279452
0.0198865
0.0201083
0.0199366
0.0198053
0.0197321
0.0213899
0.0197073
0.0197111
0.0228068
0.0335791
0.0204181
0.0197579
0.0197783
0.0214381
0.02191
0.0204602
0.022943
0.374623
0.019996
0.0201708
0.0196075
0.265274
0.0231302
0.0209223
0.24982
0.020554
0.0205883
0.244723
0.0203693
0.0206535
0.0197169
0.0206629
0.0204368
0.238352
0.0197246
0.0221488
0.0213424
0.0259769
0.023104
0.0203219
0.0199546
0.0197077
0.020977
0.0201235
0.110568
0.0197761
0.542682
0.0195977
0.38771
0.0207352
0.0201776
0.0429096
0.0195783
0.0208558
0.0196029
0.0207254
0.0207226
0.0196939
0.0649939
0.0277821
0.0219373
0.0239466
0.533022
0.0198308
0.0197449
0.323219
0.0199279
0.0204333
0.0201439
0.020659
0.0197667
0.0216324
0.216074
0.020256
0.0201338
0.0201876
0.0209811
0.019723
0.0198175
0.0210818
0.0201245
0.290972
0.0197817
0.0217452
0.0199328
0.0197593
0.0196758
0.0205904
0.0272159
0.0210579
0.0214124
0.387303
0.040974
0.0204753
0.0201621
0.0199638
0.246775
0.225479
0.0208662
0.058235
0.019766
0.0198058
0.387171
0.0200523
0.0197404
0.0198864
0.217586
0.0249323
0.0712722
0.0270606
0.675551
0.0210584
0.0196752
0.0204926
0.0200182
0.0846897
0.0201663
0.0197907
0.0266913
0.0197554
0.0612672
0.0203895
0.019937
0.0277926
0.0204654
0.0198515
0.0212276
0.0199605
0.0727275
0.0199472
0.261444
0.0196907
0.0209645
0.232307
0.0255125
0.0198237
0.0195913
0.152204
0.022961
0.0206208
0.156215
0.0219754
0.118811
0.0206256
0.0214045
0.0201872
0.212485
0.312571
0.019746
0.217765
0.0200157
0.197731
0.0199763
0.0231436
0.0197593
0.0227281
1.03909
0.239143
0.327145
0.021409
0.0345137
0.294677
0.0208292
0.0197798
0.0340967
0.0223945
0.0198315
0.0196593
0.165624
0.0198352
0.019867
0.0202545
0.0210106
0.26964
0.0204232
0.0201048
0.0202807
0.0200435
0.197878
0.270534
0.01998
0.0212489
0.0201941
0.040071
0.0197101
0.020078
0.0198698
0.0493145
0.020132
0.0198898
0.0199055
0.0208071
0.0225773
0.214861
0.0214661
0.0199013
0.0200032
0.0209283
0.224633
0.0196901
0.0196415
0.0214587
0.0196568
0.0225768
0.0205136
0.264153
0.0196973
0.0556416
0.019719
0.0207541
0.0214718
0.0218321
0.0201668
0.0212658
0.0299001
0.237196
0.0199942
0.0215404
0.0196608
0.0253986
0.0201793
0.0265003
0.0199603
0.220604
0.0200332
0.194215
0.0199803
0.0209041
0.0228233
0.0207415
0.0277682
0.020523
0.0203217
0.0251437
0.020044
0.0204481
0.222694
0.597622
0.231951
0.0200372
0.0216456
0.0282482
0.243773
0.0196815
0.208579
0.0205488
0.0197706
0.0202256
0.0198028
0.0200208
0.0208209
0.0233056
0.0262129
0.0204929
0.233559
0.462451
0.0532664
0.0208545
0.262513
0.929004
0.2677
0.255195
0.0203781
0.0218576
0.0211431
0.0207501
0.0199537
0.218065
0.0339621
0.0199811
0.133861
0.248752
0.879508
0.0199331
0.0206911
0.0213718
0.252694
0.0232008
0.380295
0.249505
0.0254919
0.0207865
0.0206171
0.0412672
0.242528
0.0201778
0.0207591
0.0203978
0.0214829
0.111314
0.12629
0.019885
0.151929
0.0215904
0.0200641
0.748058
0.0200602
0.0213944
0.0271699
0.0202547
0.0203877
0.0199802
0.0866659
0.151752
0.0211795
0.0200204
0.0205599
0.0201126
0.0196944
0.0203524
0.266062
0.0213153
0.0199554
0.0208204
0.289749
0.0210029
0.133524
0.0198139
0.213275
0.0208198
0.0203499
0.0201205
0.353748
0.0902572
0.0213304
0.0213183
0.117473
0.364782
0.0341068
0.0198534
0.0219036
0.0372335
0.035864
0.0214701
0.223371
0.0200469
0.0673211
0.0200188
0.0211261
0.0201007
0.0210769
0.343295
0.0212296
0.17314
0.0200567
0.240471
0.0199959
0.0197207
0.0197147
0.0203269
0.193712
0.0277611
0.0202564
0.0223597
0.185812
0.291931
0.0445104
0.179401
0.0201712
0.282001
0.706912
0.224571
0.0197039
0.0593771
0.0207095
0.574661
0.0201273
0.0201375
0.274859
0.0203952
0.286236
0.0209022
0.021106
0.0210389
0.0979167
0.0203225
0.0207385
0.220812
0.222176
0.230003
0.580124
0.01996
0.0206791
0.0201625
0.252412
0.0204642
0.28055
0.0203035
0.0201922
0.0218372
0.0202008
0.020143
0.0202338
0.0199469
0.0204601
0.595955
0.0618941
0.228556
0.0201731
0.020901
0.390461
0.0198401
0.0208188
0.0819332
0.277974
0.274919
0.213717
0.0221824
0.0217502
0.0199489
0.0455128
0.384204
2.44115
0.0203497
0.0200946
0.020282
0.0199612
0.0537531
0.0208504
0.0201339
0.0209068
0.0205608
0.0354874
0.0211008
0.0234732
0.0205488
0.0687724
0.128992
0.0200859
0.0206388
0.298924
0.0203537
0.0202219
0.020533
0.0199948
0.0204142
0.0201986
2.32157
0.021077
0.0568374
0.0209198
0.0203218
0.174781
0.0199762
0.34721
0.0253338
0.292796
0.0210508
0.0209589
0.0199953
0.0267885
0.0223328
0.0264213
0.0220816
0.0228068
0.0207655
0.320833
0.249045
0.158348
0.17815
0.0397223
0.152127
0.250287
0.0227676
0.340485
0.110214
0.0204267
0.0790196
0.27574
0.273841
0.289839
0.0252574
0.0292485
0.286439
0.0215861
0.0203853
1.17439
0.0201482
0.0253553
0.019738
0.0212127
0.0205007
0.0204047
0.253937
0.0213294
0.0202072
0.682957
0.0204904
0.0205151
0.0201422
0.127773
0.0292214
0.0201447
0.0200256
0.070236
0.0201626
0.0206883
0.0267162
0.0209392
0.0200714
0.0203033
0.0276181
0.0209302
0.0203754
0.019995
0.0223908
0.0202865
0.262152
0.0209202
0.147933
0.108077
0.0203536
0.239492
0.0200174
0.0304736
0.0234877
0.0227845
0.025574
0.0259702
0.0338637
0.0201735
0.286682
0.0202233
0.243075
0.0200164
0.0214986
0.0200462
0.523963
0.0197875
0.0205324
0.0205574
0.0201398
0.0202048
0.0202094
0.0210751
0.15728
0.0215577
0.0241004
0.264738
0.236779
0.0236728
0.0200172
0.327561
0.121954
0.0208257
0.0211466
0.0267171
0.280878
0.0206242
0.133511
0.0202704
0.241073
0.01998
0.242959
0.346224
0.0232001
0.0199759
0.0204253
0.261376
0.0213738
0.295466
0.259197
0.315571
0.0212167
0.0199929
0.0316185
0.0222553
0.0204803
0.0768713
0.0209353
0.0369288
0.109342
0.0201298
0.0951682
0.258483
0.0318389
1.1366
0.0213432
0.0203755
0.0205208
0.0201931
0.0207527
0.0201945
0.0203115
0.0210664
0.0205485
0.0604674
0.0201755
0.0408433
0.0209625
0.0206064
0.0203425
0.0197068
0.112562
0.0200853
0.0202699
0.0211106
0.158265
0.498396
0.0218588
0.0327557
0.0198101
0.0239856
0.285208
0.0211463
0.0204374
0.0259096
0.232797
0.0201433
0.28224
0.0216379
0.0207419
0.0203212
0.276098
0.242994
0.0253424
0.0197334
0.257422
0.0289715
0.020981
0.240511
0.020075
0.0858538
0.0201897
0.0971441
0.385863
0.0215885
0.270085
0.0201968
0.0197834
0.0216027
0.111155
0.238538
0.0897539
0.0199675
0.0201725
0.0204098
0.184495
0.0201732
0.347931
0.287919
0.0646525
0.0441383
0.0207729
0.0210262
0.020297
0.0202253
0.382514
0.234548
0.0198297
0.0227857
0.167102
0.0431814
0.0198513
0.0201569
0.020327
0.0201944
0.0202883
0.260123
0.0217678
0.221101
0.0220683
0.332887
0.0201809
0.086634
0.278734
0.020151
0.037411
0.116932
0.216004
0.0199691
0.020111
0.0206968
0.145497
0.0199604
0.211299
0.0426906
0.0202869
0.0208829
0.583459
0.0202405
0.249008
0.0788926
0.57755
0.164335
0.359486
0.0203866
0.0534488
0.190614
0.021957
0.0934583
0.232257
0.0204249
0.239699
0.216035
0.0198118
0.0226158
0.0561831
0.291003
0.0197588
0.0204359
0.393602
0.0283067
0.0210798
0.0201068
0.0234368
0.296621
0.242594
0.0205794
0.0204078
0.0198688
0.0197757
0.206682
0.0199414
0.26089
0.228392
0.0212275
0.0232457
0.0199789
1.34905
0.0204674
0.0207705
0.0376932
0.51981
0.0207914
0.231957
0.303411
0.0239877
0.0200628
0.0209446
0.0203945
0.854887
0.0200257
0.0224255
0.0201985
0.392316
0.0199141
0.0245479
0.020189
0.223484
0.243956
0.0204307
0.0200614
0.019751
0.0210177
0.0202256
0.0211758
0.0228751
0.0246231
0.0204367
0.020311
0.268606
0.217542
0.201636
0.223189
0.0222089
0.0206363
0.0202712
0.0951086
0.0208158
0.0201578
0.0205997
0.274722
0.374896
0.0384709
0.0235695
0.257586
0.0318108
0.0574106
0.252633
0.020417
0.0727182
0.021526
0.0726539
0.0202441
0.0199548
0.250784
0.221897
0.0204767
0.0613695
0.0214237
0.299886
0.247364
0.0199944
0.0252909
0.379591
0.0198958
0.0268716
0.262442
0.0204885
0.0247958
0.0209009
0.019922
0.0212222
0.0204267
0.0212166
0.0206586
0.0884377
0.0213873
0.02689
0.0205248
0.0203352
0.0204341
0.0213188
0.0213867
0.0285306
0.0212881
0.210322
0.245504
0.0764534
0.0201594
0.0440982
0.388157
0.104124
0.0246553
0.260564
0.0206489
0.0202921
0.542454
0.0230014
0.246479
0.0205262
0.0216828
0.02025
0.247143
0.0212772
0.0213521
0.0696258
1.68092
0.0207533
0.0212383
1.04332
0.0208145
0.152802
0.281148
0.0197456
0.257665
0.248036
0.0746508
0.0247045
0.217011
0.0214526
0.34706
0.0199676
0.021389
0.0203417
0.0221108
0.0258459
0.380876
0.21289
0.0204961
0.0205187
0.390139
0.0204664
0.152566
0.0202109
0.257824
0.386312
0.0261074
0.0205755
0.0221598
0.156251
0.0221
0.0205439
0.0205699
0.0912592
0.0215893
0.0204108
0.0297234
0.0206467
0.225915
0.020483
0.213223
0.021256
0.020163
0.160795
0.022628
0.0201201
0.344877
0.0239492
0.021919
0.0208154
0.0213986
0.0289967
0.0202442
0.324502
0.0205231
0.0213827
0.0205356
0.20239
0.124889
0.0202019
0.0207626
0.035703
0.308205
0.0511382
0.0942145
0.0232309
0.0237343
0.020593
0.194273
0.0869236
0.0210064
0.021866
0.0330894
0.0436664
0.0204831
0.0211714
0.379532
0.0203774
0.0411886
0.0368475
0.181328
0.0205027
0.0206603
0.0209266
0.0206262
0.119696
0.16402
0.019999
0.022204
0.021673
0.0464699
0.0239476
0.0248826
0.0203675
0.0216872
0.0211112
0.388872
0.394274
0.0226967
0.0206254
0.0197912
0.0215126
0.0205585
0.0195904
0.284798
0.164661
0.0203592
0.0229182
0.02265
0.0850207
0.0450478
0.025516
0.284899
0.0447522
0.0203177
0.372246
0.0262311
0.0214494
0.0395164
0.258028
0.0203238
0.0195793
0.0198522
0.0207263
0.0215127
0.0203015
0.025111
0.174015
0.0199802
0.272305
0.0215561
0.0457156
0.020988
0.0687931
0.0198485
0.0428754
0.228365
0.0218328
0.0214445
0.169307
0.0206601
2.22247
0.108134
0.0215625
0.0226928
0.345477
0.0237745
0.0264161
0.388534
0.020658
0.389165
0.170928
0.0213757
0.0214304
0.0216759
0.0203007
0.556881
0.021459
0.0203031
0.0278879
0.0255566
0.329867
0.442199
0.020309
0.0229006
0.020607
0.476566
1.59516
0.0263779
0.0213843
0.14659
0.0207703
0.0214691
0.0199658
0.0238588
0.0205278
0.0249871
0.0199956
0.0219424
0.392449
0.0292975
0.0353581
0.0200034
0.389414
0.221055
0.0380996
0.0207795
0.0199805
0.353858
0.389187
0.0220591
0.0207359
0.0202824
0.257306
0.0213126
0.0268178
0.0205
0.02067
0.0213746
0.454462
0.0206944
0.0203496
0.241938
0.144304
0.0308417
0.0397587
0.0204414
0.359546
0.368964
0.0209086
0.0224281
0.765869
0.0436459
0.0609671
0.0206735
0.25832
0.0209443
0.0233538
0.310472
0.0207974
0.0201775
0.0210261
0.0197177
0.110505
0.0203893
0.0848402
0.0203127
0.0202868
0.34488
0.0861678
0.384628
0.0208255
0.0203571
0.0216197
0.0205216
0.425927
0.0211058
0.221794
0.0203351
0.0208461
0.140185
0.384119
0.0283605
0.0238118
0.020684
0.0205236
0.458919
0.0219157
0.0213391
0.0204589
0.021962
0.0213751
0.420363
0.104927
0.390213
0.020868
0.0215241
0.386516
0.0214133
0.0234652
0.0213823
0.0205232
0.0204466
0.340376
0.0305235
0.0204384
0.0203588
0.0209171
0.0223047
0.453745
0.0204942
0.0204434
0.0217651
0.328411
0.0372883
0.358206
0.835966
0.0402144
0.0210662
0.0205453
1.29396
0.0203397
0.0203301
0.0422189
0.125323
0.0479006
0.0204618
0.311521
0.0410888
0.0213246
0.0701147
0.224914
0.0213683
0.0207218
0.0206301
0.0202955
0.0241138
0.411536
0.0205699
0.0207173
0.376952
0.0212151
0.0204547
0.0213712
0.0217324
0.169552
0.0595644
0.021251
0.298427
0.0203045
0.0203298
0.0203092
0.241731
0.0202889
0.0205641
0.0206027
0.0280475
0.0196879
0.0204011
0.0203592
0.020179
0.020384
0.0214126
0.0209765
0.0213827
0.283257
0.101628
0.292213
0.0216486
0.020462
0.179964
0.0251804
0.519302
0.0202123
0.452303
0.221869
0.0237019
0.0197029
0.0206023
0.459224
0.173473
0.205716
0.0209503
0.0204007
0.0685653
0.0209508
0.0220457
0.336186
0.0204214
0.0422639
0.0207317
0.019674
0.0230103
0.0203347
0.396111
0.0228973
0.0226047
0.230028
0.159637
0.0213918
0.0206411
0.0247555
0.0210618
0.0226229
0.0201981
0.0265836
0.226033
0.346718
0.0213301
0.0220863
0.153371
0.0206758
0.0204794
0.0234355
1.1856
0.0212117
0.0239746
0.0721423
0.0280635
0.0205995
0.25106
0.335747
0.0216933
0.0206724
0.18424
0.0214823
0.275468
0.13701
0.0208703
0.42922
0.020478
0.02086
0.346111
0.0214366
0.337243
0.0206337
0.0209976
0.0237724
0.0213554
0.171553
0.020643
0.0209796
0.0203825
0.0208892
0.286634
0.231837
0.351607
0.0225265
0.311747
0.502549
0.0208178
0.222009
0.0283797
0.391731
0.100977
0.0206547
0.246194
0.356959
0.0212085
0.0354687
0.0207509
0.0670736
0.0201745
0.458691
0.343426
0.0212127
0.0392744
0.0208382
0.0213903
0.0485418
0.0204095
0.0623209
0.0340057
0.0204006
0.0202034
0.0210095
0.386362
0.020731
0.0204485
0.267018
0.0223738
0.0202871
0.020272
0.585625
0.583428
0.0213701
0.437051
0.456884
0.0198527
0.0204986
0.0204233
0.0206863
0.45694
0.584163
0.276174
0.0280241
0.0227698
0.020515
0.0216222
0.021379
0.0208699
0.0210568
0.0214236
0.0253159
0.458061
0.223283
0.0251414
0.0208448
0.143169
0.0203826
0.582126
0.144595
0.218984
0.0202434
0.40774
0.18511
0.0205645
0.14818
0.0204016
0.0212916
0.0210287
0.202482
0.177435
0.28268
0.0248221
0.370582
0.0236072
0.0204568
0.0202615
0.0218226
0.0221469
0.0283095
1.99554
0.0270114
0.0203987
0.0204905
0.0248631
0.436298
0.0210668
0.560291
0.540687
0.543598
0.289744
0.0208037
0.0203362
0.0556906
0.0209103
0.0219838
0.0255915
0.309453
0.0208112
0.0211213
0.0213317
0.384141
0.0205402
0.0212188
0.0203076
0.432291
0.0207139
0.0195926
1.85283
0.0222448
0.0210934
0.0207635
0.0219462
0.020699
0.0216863
0.0215169
0.0201857
2.21342
0.0869137
0.0202908
0.375837
0.0248709
0.0205158
0.0232865
0.308424
0.0217228
0.52096
0.0202192
0.02106
0.0215862
0.510415
0.0203888
0.0208213
0.0302602
1.77685
0.159108
0.0208782
0.584967
0.0243256
0.569908
0.0218389
0.020503
0.0202685
0.0549166
0.150894
0.273378
0.0203483
0.0235986
1.95875
0.0198289
0.210956
0.0205066
0.0201667
0.148275
0.0206439
0.0230815
0.310883
0.0211726
1.0688
1.61575
0.0202643
0.222331
0.0247547
0.139875
0.0418789
0.21369
0.0244361
0.0233933
1.60715
0.021266
0.0212829
0.0432355
1.26242
0.0205649
0.444786
0.647561
0.0274285
0.0278032
0.0211241
0.0242335
0.0205766
0.23535
0.298465
0.335103
0.0208537
0.0348465
0.0203236
0.0359555
0.0205992
0.0204022
0.0210424
0.0207966
0.0302543
0.342523
0.224372
0.0205691
0.0203672
0.0230492
0.0205039
0.0205639
0.586206
0.0208353
0.0205072
0.0197371
0.0209027
0.0246301
0.295278
0.0398146
0.0208307
0.0204428
0.0239225
0.215596
0.020977
0.0202805
0.0803082
0.0207052
0.0237643
0.577864
0.0213274
0.586228
0.14345
0.0206118
0.0212628
0.0246491
0.263105
0.0220135
0.579869
0.0204222
0.027081
0.0259137
0.0208436
0.0214296
0.0227423
0.214042
0.0224738
0.0205311
0.195121
0.0209396
0.023464
0.559088
0.0214878
0.0204449
0.0217993
0.2133
0.0205519
0.0552465
0.0205045
0.0205277
0.0205033
0.0206458
0.0205516
0.0222125
0.586812
0.0504303
0.0997176
0.0219132
0.0211722
0.0215709
0.0852154
0.189231
0.0208852
1.14711
0.129205
0.0208723
0.0222831
0.029186
0.0223082
0.476948
0.362755
0.019852
0.0205827
0.0470886
0.0284159
0.0212786
0.0253406
0.53062
1.38962
0.203382
0.0203825
0.0222445
0.0206044
0.527958
0.0203229
0.0204869
0.0413111
0.284378
0.0209386
0.0374642
0.0204622
0.0213247
0.0203711
0.0207235
0.0204223
0.0243274
0.0207153
0.37145
0.564609
0.0206619
0.0206428
0.0344049
0.217166
0.0212412
0.0293819
0.0219452
0.021696
0.0274027
0.0202786
0.0202986
0.069744
0.0220439
0.0321747
0.728877
0.0238018
0.021147
0.0221778
0.0207015
0.0212784
0.0212787
0.246922
0.0229237
0.0309875
0.0241659
0.566723
0.107307
0.0374184
0.561497
0.0208933
0.0206639
0.0206314
0.696642
0.0212628
0.0202564
0.0212645
0.0198712
0.0201898
0.0207103
0.586435
0.0221166
0.271982
0.0208879
0.164716
0.0501215
0.020643
0.0206647
0.756996
0.298673
0.0490477
0.0299457
1.75653
0.0322334
0.281794
0.0205971
0.586799
0.0203713
0.164226
0.0207425
0.0214578
0.0206076
0.0239806
0.0205181
0.180834
0.0263134
0.0206562
0.734178
0.0210133
0.0213111
0.0312351
0.166063
0.021345
0.0217044
0.0208027
0.056692
0.0726345
0.0206549
0.0224649
0.0216781
0.0241054
0.573597
0.0204517
0.349785
0.590213
0.0195727
0.0264647
0.241974
0.0212739
0.0203179
0.0225427
0.0218892
0.0211574
0.0204524
0.0219917
0.136443
0.0571315
0.0207748
0.0255632
0.021051
0.0205391
0.583846
0.0212618
0.0203845
0.0217198
0.173274
0.762413
0.0413344
0.0195794
0.211057
0.0823002
0.0207438
0.137204
0.0204787
0.209763
0.0406313
0.0202956
0.125719
0.0230922
0.020934
0.0203241
0.020703
0.0204929
1.32273
0.0937611
0.0206871
0.0232928
0.0211536
0.0234772
0.0226433
0.0206919
0.020621
0.0227816
0.33225
0.0213063
0.369745
0.0202688
0.0634437
0.0211139
0.338657
0.263443
0.022841
0.0210723
0.0204826
0.0207729
0.0271297
0.0207194
0.285804
0.021522
0.0213729
0.0224731
0.0203176
0.0208082
0.0229586
0.0211689
0.0197739
0.0231854
0.33128
0.0206998
0.0209261
0.020844
0.0623396
0.0362386
0.0211747
0.310885
0.020523
0.043659
0.0232149
0.0432601
0.0203512
0.0919636
0.0412126
0.0206558
0.0206031
0.395411
1.1638
0.0206537
0.0255333
0.0203329
0.0212968
0.259057
0.0335123
0.0210849
0.0206569
0.0213017
0.0223002
0.852227
0.0222363
0.0207901
0.110481
0.0197226
0.292362
0.0206573
0.153328
0.0208423
0.575663
0.0204981
0.0203682
0.0202038
0.0213654
0.363638
0.435975
0.0210363
0.0202792
0.0208721
0.112515
0.0198882
0.0210869
0.0208474
0.214803
0.0212237
0.0211141
0.0207997
0.0205769
0.0211928
0.0664852
0.0241324
0.0205531
0.0208845
0.0205168
0.0212777
0.0226202
0.0226359
0.0211459
0.261059
0.452633
0.0470114
0.0224538
0.0205883
1.48702
0.231859
0.0210625
0.0213568
0.0219882
0.0419436
0.0216659
0.588228
0.020529
0.0211506
0.154639
0.0213394
0.0208881
0.044989
0.0210914
0.28692
0.0206755
0.0211499
0.498371
0.237333
0.0252558
0.0357252
0.543148
0.0211178
0.0205246
0.0236251
0.0231868
0.0221783
0.0215314
0.0208225
0.0208377
0.0211284
0.0208015
0.0734684
0.0224342
0.0208867
0.0214409
0.0304862
0.432295
0.418586
0.13347
0.0278856
0.27957
0.387496
0.0209151
0.0204165
0.0214548
0.272899
0.0213021
0.0208242
0.0207599
0.229182
0.413765
0.0202971
0.0248351
0.0199903
0.0214533
0.0208666
0.0208969
0.0225065
0.0210669
0.0233456
0.252982
0.0213343
0.0252832
0.814218
0.019732
0.0210715
0.0209524
0.044161
0.0211172
0.262762
0.0203073
0.0238178
0.0208906
0.0199306
0.253246
0.287646
0.375029
0.020857
0.0196255
0.0209902
0.0213354
0.0202599
0.0198996
0.02052
0.0213165
0.034335
0.0208366
0.520622
0.0211336
0.0214099
0.0208522
0.541402
0.172159
0.0448839
0.0251131
0.0213518
0.0208667
0.0211685
0.0236681
0.568659
0.0199213
0.0216312
0.611996
0.785194
0.0210317
0.0213307
0.0205053
0.541712
0.0205103
0.0228968
0.0198767
0.0210975
0.0210382
0.0204208
0.0235012
0.0210302
0.549776
0.0214824
0.980087
0.393236
0.490099
0.550177
0.0207081
0.0205445
0.0258926
0.0253705
0.0206377
0.896716
0.0204152
0.0250112
0.0520314
0.658099
0.0204921
1.1098
0.0205453
0.0217747
0.0219207
0.0251931
0.0221094
0.0208915
0.0354113
0.0207459
0.021015
0.0213495
0.439948
0.0209488
0.526821
0.0215014
0.587766
0.020266
0.0212278
0.0210264
0.0209278
0.0206544
0.0206384
0.0322163
0.626813
0.115117
0.0289133
0.736555
0.0211202
0.676189
0.0212019
0.0264701
0.0204358
0.0237978
0.0325128
0.021225
0.0202947
0.0214898
0.0212218
0.0204242
0.276416
0.0217658
0.543344
0.0228431
0.995803
0.0217388
0.0245792
0.0211739
0.0205526
0.0207094
0.0209622
0.0225618
1.268
0.0208799
0.0214779
0.0335722
0.0213044
0.0212115
0.536045
0.0206532
0.0215862
0.330139
0.614183
0.0210624
0.0531061
0.496667
0.445361
0.0209476
0.0211762
0.0209693
0.0212113
0.601802
0.0211057
0.0204467
0.0212936
0.0404855
0.0214507
0.0224905
0.0215849
0.0207872
0.020967
0.0213671
0.0226318
0.617013
0.0263339
0.0198731
0.0319116
0.0243673
0.384787
0.0208522
0.0254013
0.0211092
0.0208517
0.314213
0.0230076
0.0212311
0.0423787
0.0204493
0.0208574
0.930101
0.0212323
0.0233294
0.0216103
0.0205349
0.253215
0.0233068
0.0213057
0.637582
0.289287
0.02127
0.0219129
0.0212902
0.0209181
0.0199768
0.0206753
0.289737
0.260348
0.036615
0.0212508
0.0211982
0.0324236
0.0478029
0.537787
0.0231176
0.286513
0.767421
0.0225635
0.0238145
0.0239461
0.0716971
0.0369803
0.0216619
0.0216882
0.0203018
0.0210963
0.529631
0.325457
0.0200239
0.117671
0.0208721
0.0214105
0.0321171
0.0213395
0.0218456
0.0203918
0.0211294
0.511046
0.0266936
0.022008
0.0206341
0.0202948
0.439905
0.364164
0.0287886
0.245946
0.021253
0.118842
0.0350841
0.0206723
0.168713
0.0238977
0.021211
0.0195868
1.26661
1.96996
0.0275513
0.0597402
0.289662
0.023197
0.0205072
0.0220364
0.021275
1.25905
1.08264
0.0218194
0.0202417
0.0413484
0.567858
0.0246698
0.774758
0.0204305
0.0217929
0.518635
0.0212895
0.0449671
0.0214342
0.290075
0.0281194
0.0274111
0.0199068
0.020459
0.667896
0.0206623
0.588451
0.0213944
0.021416
0.0211503
0.54462
0.0680851
0.0502786
0.724384
0.295258
0.0204679
0.0229057
0.0240225
0.0209148
0.572664
0.77396
0.0227088
0.0202441
0.081404
0.158314
0.0254838
2.0546
0.0215449
0.320022
0.745714
0.020643
0.113435
0.0212565
0.021045
0.0211292
0.0206553
0.0227306
0.242582
0.0227909
0.0202683
0.0253955
0.0213048
0.0204092
0.132476
0.0206381
0.0242101
0.0210218
0.320701
0.0212804
0.0210856
0.0203422
0.281413
0.434407
0.0971204
0.0211367
0.776375
0.354053
0.0209505
0.020834
0.0211071
0.0780684
0.0226821
0.703863
0.0243903
0.0429341
0.0214078
0.76918
0.0263767
0.0283409
0.0213602
0.0222788
0.0210454
0.0208544
0.0211947
0.0204792
0.0831364
0.0202775
0.0203652
0.0212133
0.0215249
1.17578
0.0211079
0.0212572
0.564501
0.0211887
0.0232461
0.0211578
0.0206865
0.281607
0.0208707
0.0208368
0.0225657
0.277026
0.0222468
0.0210842
0.0211152
0.64426
1.80691
0.293193
0.0211871
0.021238
0.0198566
0.0222698
0.0226547
0.368974
0.0212554
0.0211129
0.0227865
0.0213389
0.75925
0.0211616
0.290463
0.0249278
0.0319569
0.0255173
0.112046
0.0202487
0.0316914
0.0545333
0.0213796
1.44792
0.286832
0.0476407
0.553958
0.028713
0.323737
2.36369
0.0205424
0.800952
0.02125
0.0205112
0.0199188
1.05018
0.0211381
0.0206765
0.0211462
0.0211562
0.0214889
0.403869
1.32984
0.0208542
0.0195805
0.0211974
0.0213212
0.0221312
0.0220234
0.0213967
0.558657
0.0224436
0.0430117
0.0211345
0.0211712
0.021234
0.0213557
0.0228418
0.05594
0.0211876
0.0215949
0.0215145
0.022486
1.27895
0.023172
0.0201591
0.0228008
0.224507
0.179431
0.0211909
0.0556103
0.0223854
0.0211398
0.747507
3.61793
0.021167
0.0213752
0.0209549
0.0204713
0.164874
0.243488
0.0216765
0.236115
0.0222201
0.0503624
0.503433
0.0214022
0.0220304
0.0199487
0.0205411
1.60077
0.119809
0.0212773
0.020283
0.356384
0.637878
0.0212286
0.0211729
0.0246098
0.0268048
0.0212848
0.0214303
0.0222513
0.0213799
0.0204478
0.0212923
0.0212914
0.0263511
0.0200957
0.0196817
0.0217154
0.0198824
0.0590663
0.0224415
0.0282526
0.0257702
0.0202453
1.09578
0.922227
0.021335
0.036036
0.0211615
0.0377497
0.0203539
0.0213583
0.253302
0.0291473
0.0207028
0.0211872
0.452876
0.0214941
0.0284411
0.020564
0.0213808
0.0212205
0.0218405
0.0205981
0.0226974
0.0208551
0.638959
0.0205644
0.0213877
0.025528
0.0211906
0.347469
0.0212918
0.621083
0.0272052
1.27113
1.01745
0.021492
0.0211268
0.0218951
1.04417
0.0214054
0.0212047
0.0206241
0.292755
0.0206859
0.274677
0.0212705
1.11093
0.021246
0.292488
0.0202492
0.0216221
0.0220749
0.292507
0.0323465
0.0211348
0.0221108
0.42245
0.021857
0.0637859
0.0211468
0.0208422
0.03587
1.14308
2.90386
0.0206974
0.0347638
0.0198259
0.0213838
1.36869
0.0222749
0.261284
0.021316
0.020367
0.0204684
0.021244
0.66009
1.55583
0.0212082
0.0224977
0.0203495
0.0200318
0.0207171
0.022999
0.023087
0.020413
0.158415
0.0514553
0.0238505
0.0233286
0.2581
0.982884
0.242621
0.0263457
0.0233449
0.0208773
1.41408
0.991574
0.0230802
0.0212236
0.0333826
0.0213996
0.0208365
0.817827
0.240643
0.0236997
0.0206998
0.0207015
0.0715994
0.0217649
0.0304179
0.0274075
0.916723
0.0211247
0.0207635
0.0212644
0.29502
0.0999776
0.0235604
0.0211384
0.0345355
0.378474
0.0215009
0.0398086
0.0227524
0.0316331
0.0209199
0.021224
0.0587466
0.0206096
0.0212256
0.0212246
1.14261
0.396724
0.0212433
0.020575
0.290153
0.0263071
0.0202508
0.0241221
1.12024
0.0503413
0.0243494
0.0208668
0.0204772
0.0209451
0.641281
0.225558
0.0458813
0.0215472
0.0234017
0.0377757
0.0212676
0.0213898
0.0323972
0.396574
0.0542067
0.0212915
1.11223
0.0307625
0.0341017
0.021418
0.11005
0.0213402
0.0345358
0.790488
0.0219067
0.0276771
0.0241934
0.0208798
0.288378
0.0212628
0.0290065
0.0230437
0.0233692
0.282465
1.58718
0.0245976
0.0214303
1.44099
0.24424
0.0215104
0.0214195
0.0211198
0.0206311
0.0356429
0.0237164
0.022037
0.0240308
0.248058
0.0211264
0.0232518
0.024929
0.0208406
0.0463195
0.0204708
0.0246027
0.774291
0.0197558
0.0223638
0.77005
0.0203358
0.0310342
0.633843
0.0336819
0.0269231
0.669337
0.0385191
0.0357535
0.0206907
0.0250438
3.32114
0.0203925
0.241286
0.0455622
0.0207184
0.0346247
0.021209
1.29363
0.0209048
0.0446172
0.469557
0.0453165
0.020243
0.0206009
0.0198541
0.0255859
0.688805
0.0241265
0.022735
0.0361313
0.0211983
0.0216877
0.80988
0.0879967
0.107126
0.0263914
0.021356
0.62296
0.0213851
0.0421428
0.0212893
0.0212991
0.021326
0.0210826
0.71248
0.292892
0.021167
0.0217339
0.0213181
0.255315
0.0392619
0.0204432
0.026993
0.0225854
0.0208905
0.173272
0.023889
0.0204778
0.652072
0.970932
0.0246026
0.0210566
0.304903
0.020632
0.0249281
0.0211145
0.0213128
0.0213562
0.0281968
0.021136
0.0209034
0.0214488
0.0213807
0.0256389
0.0226708
0.268825
0.0464001
0.019658
0.333969
1.17555
0.234309
0.0263278
0.019804
0.241107
0.0212823
0.0429059
0.0210938
0.16155
0.0228088
0.0217348
0.0234527
0.172976
0.0774066
0.0226261
0.295373
0.697426
0.52783
0.0215523
0.0214622
0.243159
1.311
0.0213688
0.0211401
0.0213457
0.0214505
0.0204703
1.79518
0.413442
0.0332848
0.0212895
0.0198268
0.0212861
0.170542
0.0223003
0.0204512
0.0412551
0.021389
0.0211413
0.361987
0.0213913
0.0205821
0.0225406
0.633971
0.152781
0.0222408
0.0211894
0.407249
0.0204562
0.0234776
0.404249
1.31892
0.0214157
0.0204393
1.09958
0.0224187
0.35781
0.0543109
0.02481
0.0203577
0.0203497
0.0213236
0.0221474
0.0272029
0.058301
0.0485231
0.0276958
0.0277349
0.0276441
1.24355
0.0208714
1.10519
0.0259735
0.0208746
0.0197125
0.0197577
0.0213005
0.0267103
0.0245508
0.024375
0.0284911
0.0214091
0.0225908
0.0257607
0.0209428
0.0238605
0.020787
0.0203839
0.915754
0.0437343
0.0218805
0.0207891
0.693953
0.0607381
0.0285469
0.0197778
0.0216862
0.0305938
0.021157
0.0294318
0.039759
0.042647
0.0214436
0.0197437
0.346656
0.0215365
0.0226602
0.0290096
0.0223329
1.10388
0.0216539
1.05747
0.0204331
0.163351
0.021181
0.0212006
0.0213362
0.0214354
0.0328874
0.0221824
1.47116
0.0214591
0.0211213
0.0213555
0.0855667
1.57118
0.0213291
0.0213749
0.0277078
0.021207
0.0215932
0.0214386
1.06991
0.0221636
0.0211928
0.0213995
0.0283279
0.0219527
0.0213148
0.0213551
0.0212187
0.0203439
0.0285755
0.0213602
0.74693
0.0214174
0.045041
0.24771
0.247743
0.0203965
0.0214958
0.0211267
0.0207385
0.0224524
0.17773
0.0213556
0.0213406
0.021076
0.0212698
0.0208846
0.470432
0.0202293
0.0364891
0.0896416
2.1324
0.0213444
0.0203263
0.247818
0.029033
0.0198061
0.125363
0.263416
0.037694
0.021365
1.42647
0.0223627
0.336509
0.0215114
0.0242008
0.0331306
0.368526
0.0241379
0.0248486
0.0211777
0.0296064
0.022672
0.0210024
1.32177
0.980161
2.08835
0.564167
0.0213545
0.0221232
0.0202081
0.0211672
0.0197807
0.0222008
0.570586
0.042894
0.0218144
0.0206211
2.00153
0.0223603
0.0213743
0.0222408
0.0212787
0.309969
0.0214409
0.247026
0.389279
0.0213188
0.125951
0.411422
0.0207302
0.0204592
2.85848
0.0224328
0.022935
0.0213179
0.0233806
0.0252606
0.0242475
0.0213548
0.0216375
0.021632
0.0479048
0.31852
0.0205298
0.020977
0.0206476
0.0197352
0.029583
0.25103
0.0217266
0.0214096
0.0824611
0.363308
0.0197447
0.0225491
0.0216162
0.0213533
1.45572
0.0203346
0.0240918
0.0298849
0.020799
0.0213286
0.0197261
1.05555
0.183016
0.0311051
0.150722
0.404703
0.0313923
1.72573
0.0205872
0.0213551
0.01974
1.25802
0.0299983
0.265008
0.22831
2.1739
0.0219637
0.0822495
0.0203575
0.0214516
0.0342456
0.138946
0.0211777
0.0222952
0.208887
0.0223021
0.0215499
0.0385001
0.0213916
0.0337603
0.0242054
0.0212974
0.0216069
0.0229591
0.0210737
0.0214393
0.019781
0.0872287
0.108946
0.0210926
0.36488
0.0220228
1.27334
0.0217788
1.11183
0.024006
0.120483
0.0214254
0.0345534
0.0213981
1.21868
0.0212956
0.0211924
0.0213076
0.0224962
0.0204514
0.0213421
0.0255833
0.770786
0.0214719
0.0213941
0.0212363
0.584368
0.322422
0.0214294
0.0214067
0.0237677
0.0221167
0.0216796
0.54786
0.0245659
0.0302476
0.194225
0.0227407
0.0210558
1.67416
0.0197178
0.343923
0.353717
0.198153
0.0207553
0.0231037
0.0760868
0.0207804
0.0258276
0.0212764
0.0217071
0.0215855
1.77124
0.0212958
0.0202353
0.0212493
0.0212131
1.29275
0.0251461
0.0200596
0.0196946
0.0265539
0.0205988
0.0241593
0.552123
0.327
0.0197622
0.5528
0.0219815
0.0204677
0.0226147
0.0278656
0.0222352
0.0202144
0.0218859
0.429315
0.0202342
1.58642
0.0200123
0.0213699
0.0211918
0.0216927
0.366261
0.0213903
0.02062
0.0220486
0.0216192
0.0219629
0.980395
0.0211766
0.375688
0.290457
0.0243873
0.0204566
0.341753
0.0220412
0.0213078
0.0243607
0.0221009
0.0212728
0.0212834
0.0204346
1.6973
0.0266243
1.73439
0.41373
0.0215092
0.0237978
0.29124
1.76355
0.0210794
0.0196147
0.908343
1.83853
0.0509442
0.019693
0.0211884
0.0215457
0.021307
0.0226856
0.107032
0.020015
0.0203861
0.0212781
0.0199018
0.0599794
0.0232912
0.0212043
0.735144
0.945336
0.0211742
0.020741
0.024456
0.09612
0.020751
0.020447
2.93425
0.292381
0.218214
0.0202204
0.0197393
0.0211784
0.0283428
0.0537411
0.352068
0.0204356
1.6044
0.0213232
0.0213489
0.0201876
1.18832
0.0561485
0.0216892
1.71018
0.0501543
0.0770709
0.099711
1.6532
0.021623
0.124462
0.0323495
0.0204354
0.0216413
0.0215877
0.246684
2.12236
3.08745
0.020941
0.237556
1.89944
1.35391
0.0213749
0.0213751
2.09948
0.045444
0.0580907
0.0214496
2.06208
0.0207726
0.0212617
0.0210076
0.0202396
0.0207339
2.17382
0.0344208
0.0212209
0.0212077
0.051918
0.0217155
0.0214191
0.023625
0.0203716
0.0227556
3.46772
0.021439
0.506695
0.0212574
1.56496
0.0212387
0.020487
0.372404
0.0822525
0.203785
0.172245
0.30114
0.026755
0.0213127
0.252982
0.021373
0.208548
0.0202921
0.0211295
0.021934
0.021309
0.0211691
0.221638
0.0223525
0.0204508
0.245583
1.25002
0.0195509
0.0195651
0.0570821
0.0197899
1.80201
0.61317
0.0213801
0.83486
0.0216551
0.0216289
0.0213899
0.0213707
0.494
0.0213506
0.023263
0.0245403
0.0221665
0.0225284
0.0211938
0.0212485
0.0211093
0.021627
0.348192
0.0216442
0.0214315
0.445192
0.0212448
0.17252
0.200959
0.251503
0.0231376
0.286953
0.0267756
0.243992
0.0207054
0.614051
1.14169
0.831105
0.0203114
0.0631702
0.0334974
0.0268637
0.202983
0.0213875
0.0217194
0.0213388
0.0353203
0.250702
0.0494237
0.028523
0.0202202
0.243256
0.0213082
2.0172
0.0225083
0.0282113
0.0216023
0.167924
0.0213187
0.0932124
0.0197757
0.0220305
0.0887028
0.133861
0.0215911
0.104907
0.0209782
0.157722
0.233416
0.0544048
0.033694
0.0213325
0.372514
0.0296932
0.0514034
0.0298942
0.0207663
0.0203412
0.0209523
0.221004
0.0214191
0.131233
0.0214653
0.0203234
0.020826
0.0227136
0.0205736
0.149309
0.774118
0.290101
0.0205077
0.0216751
0.0342742
0.0213625
0.0216449
0.148426
1.57516
0.190035
0.0214102
0.0722684
0.0326252
0.0428875
0.0447192
0.0209995
0.0215058
0.021379
1.67813
0.238222
0.0214292
0.0219756
0.0214251
0.0205775
0.0241053
0.517442
0.0502833
1.75213
0.0214403
0.62604
0.0461954
1.25085
0.0425343
0.0394319
0.156452
0.0207741
0.0235203
0.0278351
0.633913
0.0213717
0.0224416
0.107448
0.0538362
0.205461
0.0473208
0.213588
0.0210583
0.281512
0.0581602
0.0274333
0.0213014
0.0275326
0.0213269
0.0268378
0.038057
0.0300845
3.03932
0.0197895
0.0223967
0.0211894
0.0427671
0.0434134
0.0222741
0.143174
0.222295
3.26012
0.126283
0.023743
0.0213758
0.0196971
0.0211894
0.0286943
0.0828521
0.021433
0.0237173
0.0237002
0.0214582
0.0219849
0.0768474
0.0230399
0.0310416
0.0514416
0.20651
0.286999
0.190864
0.0205752
0.285066
0.0256724
0.025627
0.0224679
2.26841
0.0539327
0.563847
0.115195
0.546417
0.628912
1.5916
0.0324259
0.0498235
0.0213402
0.0215959
0.0205977
0.0243956
0.0204544
0.0457024
0.0216141
0.0421891
0.0471309
0.0207534
0.190192
0.0213893
0.0212384
0.0648334
0.376826
0.0433437
1.62268
0.589249
0.021363
0.021442
0.0571314
0.0212459
0.199214
0.0232407
0.0203466
0.0219637
3.45323
0.125418
0.0229948
0.020502
0.363836
0.0216418
0.389171
0.210704
0.0204552
0.0197307
0.0211704
0.0211879
0.0229448
0.0207943
0.0214446
0.0722374
0.0631159
0.0203263
0.0201887
0.0197586
0.126507
0.0201279
0.0205662
0.0212518
0.0436879
0.0212107
2.42543
0.0272394
0.0221622
0.0221013
0.382368
0.0756903
0.0936385
0.0224621
0.24451
1.84723
0.0210628
0.019644
0.0265702
1.61919
0.0607532
0.0235853
1.09367
0.08177
0.0208078
1.08793
0.222009
0.019654
0.02246
0.0746209
3.28911
0.0217315
0.0210858
0.0219211
0.231583
0.0219397
0.0209225
0.0211821
0.0216333
0.0591244
0.139381
0.0228157
0.0221584
0.0203603
2.91817
0.0208716
0.0224209
0.021867
0.0235356
0.0691499
0.019642
0.0223632
0.125785
0.0232206
0.0209934
0.315917
0.0212559
0.413746
0.58743
0.0331513
0.0222971
0.0208009
0.318877
0.0211712
0.0228232
0.0213666
0.629202
0.472497
0.0214466
0.0233987
0.55305
0.180742
0.499494
0.294376
0.0232172
0.0209587
2.43703
0.0212822
0.05498
0.0214681
0.020233
0.0221233
1.27904
0.0212959
0.0230587
0.0198036
0.0199093
0.335877
0.021275
0.0207754
0.0214745
0.021066
0.0223466
1.27248
0.0217032
0.0207451
2.08116
0.578129
0.367879
3.06964
0.0211568
0.0205387
0.0339545
1.25429
0.193781
0.0202052
0.0316956
0.0214395
0.0956737
0.215246
0.0223128
0.0216516
0.0240945
2.76611
0.0215147
0.45883
0.0207037
0.0231336
0.0432333
1.33696
0.18407
0.0207522
0.020335
0.232237
0.0196771
0.02172
0.0202971
0.546568
0.0210355
1.96632
0.0738299
0.02501
0.019725
0.0218164
2.23897
0.221281
0.020597
0.025061
0.0204694
0.214392
0.0209894
1.2152
0.021197
0.0213121
1.86391
0.021371
0.0211593
0.0208671
0.504438
0.0225544
0.0199893
0.0248671
0.0231414
0.0202531
1.42436
0.447646
1.59817
0.0209855
0.0212284
0.0210584
0.136854
0.0197632
0.0212366
0.0236128
1.75469
0.503663
0.020631
0.578362
0.0222808
0.147168
0.0584758
0.107676
0.0232133
0.022977
0.0214507
0.567419
0.0211411
0.567094
0.200229
1.30835
0.19912
0.0198584
1.40753
0.0211701
0.0212699
0.021083
0.0335725
0.0370421
0.02394
0.0212034
0.0200462
1.0074
0.0212742
0.318736
0.6141
1.03479
0.0212976
0.163637
0.0198766
0.0205727
0.214517
0.02287
0.0212857
0.0211263
1.03881
0.0891313
0.499301
0.20398
0.0314131
1.25303
0.379568
0.202761
0.0244785
0.0213558
0.0211986
0.0206118
0.0209476
0.0200507
0.0229583
0.0227771
0.208853
0.0216866
1.10438
0.0208228
1.7441
1.76863
0.205468
0.0216749
0.443339
0.0200469
0.0197141
0.0214049
0.124922
0.213309
1.35637
0.0203757
0.0196255
0.0211764
0.0227647
0.0208832
0.024892
0.384385
0.104988
0.0233693
0.0214327
0.0204912
0.594694
0.0962438
0.0216414
0.0266434
0.0498748
0.0236769
0.0207853
0.0212036
0.43226
0.0227083
0.0234576
0.380636
1.35288
0.0207709
0.559589
0.0208313
1.492
0.0200296
0.0207299
0.0195949
0.0268264
0.0200206
2.01911
0.531351
0.120989
0.0215355
0.0215085
0.046945
0.0211768
0.0203483
0.0212792
0.231518
0.0368857
0.0225947
0.0222577
0.0284969
0.0270656
0.0329926
0.0205728
0.48576
1.94124
0.021915
1.32007
0.0326517
0.0217968
0.206519
0.0197164
0.0251294
0.135775
0.0224218
0.0226282
3.25451
0.020966
0.0202866
0.0214862
0.888038
0.0211304
0.0214155
0.0237959
0.206008
0.0374986
3.14098
0.0326639
0.021268
0.0224667
0.0200114
0.0211883
0.0222988
0.0209652
0.0216808
1.78649
0.0211872
0.160949
0.0238869
0.0787732
0.0216347
0.0200535
0.0207731
0.02766
0.0214101
0.898886
0.022788
0.0224935
0.256111
0.1931
0.0705808
0.0211736
0.0367453
0.0211676
0.0217521
0.0197545
0.0205729
0.0225166
0.0423352
0.026639
0.25281
0.299027
0.593618
0.0213093
1.84218
0.109233
0.0200955
0.0208541
0.0196
2.97156
0.58589
0.0391698
1.04247
0.0225568
0.0216611
0.0213433
0.116871
0.0424199
0.563705
0.231833
0.0205638
0.0720001
0.98003
0.0263252
0.0211469
0.0238191
1.65596
0.0215348
0.0289926
0.0208946
0.0236456
0.0205955
2.0774
0.0292244
0.0211062
0.0228387
0.0325417
0.0207453
0.0214111
0.0208118
0.199187
0.030931
0.0214431
0.0198647
0.0262489
2.96901
0.0223358
0.0275507
0.0199386
0.0204453
0.0229076
0.346982
0.0200808
0.0228599
0.0667999
0.0210273
0.47989
0.0209882
0.0210356
0.650062
0.0197322
0.0207853
0.0206495
0.0287526
0.164749
0.0221132
0.13357
0.0208568
0.0279658
0.0989491
0.0203473
0.212083
0.0239879
0.0201304
0.0208818
0.0214049
0.0832803
0.0218603
0.0205861
0.0230879
0.0235912
0.0214366
0.283653
0.0474464
0.490766
0.0213959
0.071143
0.0212679
0.194478
0.157011
0.0213015
0.0214097
0.0341738
0.0209768
0.020818
0.426643
0.0199351
0.0215502
0.0223744
0.0242541
1.20031
0.0249394
1.15209
0.507653
0.0234736
0.147111
0.019904
0.0198969
0.255495
0.0303205
0.0365762
0.0209646
0.021283
0.0209487
0.0231307
0.491631
0.057227
0.0241166
0.0209306
0.0202315
0.0296514
0.0210612
0.0195464
0.2217
0.0198531
0.052242
0.0236039
0.0211826
0.517776
0.0241829
0.0232197
0.541293
0.213366
0.0213692
0.0205764
0.0196526
0.0323457
0.0213894
0.377363
0.0207394
0.0217526
0.0211045
0.0214211
0.0284566
0.185832
0.0226619
0.0210889
0.0212973
0.0210906
0.208559
0.0270347
0.0209972
1.31747
0.0207527
0.0203572
0.021015
0.131374
0.0430939
0.0256711
0.278517
0.0242783
0.133016
0.0201172
0.0249232
0.020773
0.37803
0.0212187
0.227358
0.0208875
0.0210947
0.026391
0.0205912
0.205634
0.0210252
0.0203807
0.384782
0.021239
0.0214206
0.354555
0.585468
0.0203038
0.230556
0.0202497
0.0800575
0.022383
0.0257408
1.7014
0.0208193
0.235525
2.22822
0.427127
0.0219149
0.0207357
0.256433
0.0330323
0.0198648
2.73374
0.0216523
0.0213849
0.0212184
0.0203005
0.0246877
0.0207686
0.0212907
0.248736
0.220033
0.0210091
2.0319
3.18752
0.695217
0.0207919
0.0210027
0.178847
0.021258
0.0212855
0.394234
0.135617
0.0327048
0.072687
0.0214149
0.0200554
0.123339
0.279341
0.021608
0.0309678
0.0560421
0.0255938
0.198665
0.0463267
0.0208982
0.0204204
0.0199079
0.0210711
0.0248701
0.0216171
0.109317
0.15184
0.0226676
1.05774
0.0211367
0.0287378
0.192537
0.0216832
0.0203341
0.42679
0.0206396
0.981123
0.0208097
0.0208587
0.0220908
0.0206855
0.0246098
0.0208955
0.0237491
0.035508
0.0545193
0.0394928
0.0216858
0.0209504
0.201191
0.0221489
0.0213219
0.0208747
0.514402
0.0211756
0.230705
0.0405581
0.0208192
0.0218323
0.0197768
0.0212438
0.0208315
0.207092
0.159075
0.0295104
0.0207313
1.38666
0.0203613
0.0212721
0.0461337
0.0336266
0.190811
0.0693008
0.0209261
0.0209247
0.280773
0.0217581
0.0205982
0.117812
0.212397
0.021468
0.0300836
0.0220592
0.0212159
0.0555074
0.0213886
0.0211891
0.260335
0.210296
0.0236749
0.0212091
0.0240299
0.0200248
0.278012
0.0216122
0.0265762
0.300714
0.395063
0.198577
0.0211586
0.0221884
0.0220091
0.0210694
1.30727
0.0219169
0.0289676
0.0208658
0.0217855
0.0203242
0.0237627
0.122176
0.272966
0.0250912
0.0209118
0.0202095
0.184601
0.808879
0.291123
0.0216657
0.0208411
0.504863
0.0217376
0.0211859
0.0213419
0.020884
1.65757
0.0235818
0.0210512
0.0602601
0.0199468
0.0214243
0.0203172
0.0207194
0.0297487
0.0211694
0.0205903
0.0210474
0.0212816
2.07278
0.021002
0.41613
0.0224574
0.0200814
0.0221859
0.0227571
0.340963
0.0270988
0.0207833
0.0961979
0.0209947
0.0531469
0.0244319
0.0197295
0.0218574
0.433184
1.59892
0.395678
0.0199739
0.0208874
0.0630889
0.0237529
0.0242939
0.257777
0.0205884
0.0201002
0.021983
0.0323745
0.0206245
0.0434316
0.0261344
1.19605
0.0223039
0.273392
0.020849
0.0239936
0.0199818
0.0237178
0.0283559
0.0233659
0.0210417
1.88394
0.0320762
0.0198991
0.021148
0.020748
0.0216964
0.0200865
0.0213752
0.114213
0.402602
0.021181
0.210859
0.0223999
0.0420042
0.022089
0.198397
0.0204171
0.0212226
0.0200502
0.0392251
0.0286454
0.0212636
0.0198973
0.383939
0.0205899
0.0248132
0.0202271
0.209045
0.385294
0.683347
1.19435
1.42814
0.0213825
0.0238935
0.392298
0.0211376
0.0201578
0.257565
0.0217633
0.0218648
1.86402
0.0224454
0.0224386
0.0212184
0.611223
0.02102
0.023616
0.0200554
0.0464978
0.100933
0.019917
2.40302
0.179317
0.280526
0.0211144
0.0207285
0.0198039
0.0202212
0.0212336
0.211322
0.0195787
0.0197087
0.0435341
0.0212186
0.0217736
0.0227062
0.0212418
0.364372
0.0792431
0.0213569
0.0196636
0.020569
0.364139
0.0214154
0.160324
0.0201531
0.0292538
0.0638434
0.0211299
0.0204933
0.0232783
0.021607
0.0251231
0.0274784
0.0198208
0.562743
0.964733
0.0215428
0.0211692
0.0212965
0.0223239
0.0250863
0.088331
0.0206822
0.0342557
0.187378
0.0211652
0.149556
0.0401806
0.0210164
1.60455
0.0206824
0.0215734
0.0220208
0.100763
0.0212902
0.165978
0.0196518
0.0241031
0.021582
0.261113
0.0212306
0.0272083
0.0199776
0.0220454
0.0222403
0.0277039
0.0212437
0.0201298
0.0215933
0.0205165
0.0199406
0.17826
0.0620508
0.0224318
0.0268529
0.194504
0.0913369
0.102287
0.0220446
0.0213422
0.01997
0.0310674
1.24917
0.0210751
0.216791
0.213839
0.0211616
0.0211956
0.708843
0.0210382
0.177127
0.0198613
0.0220739
0.0223382
0.0205487
0.0232006
0.0206168
0.200075
0.0196365
0.0228692
0.0243959
0.021605
0.0197851
0.0918069
0.0207505
0.0228557
0.0219267
0.0226025
0.0224804
0.0199118
0.0200593
0.186233
0.0218317
0.0199233
1.65375
0.043977
0.329577
0.180399
0.21292
0.019895
0.589053
0.0295276
0.105991
0.0200506
0.023386
0.524739
0.0243018
0.0200133
0.547691
0.0211688
0.0211337
0.163461
0.0203557
0.0240572
0.0221808
0.190675
0.362101
0.255753
0.255178
0.021554
0.303135
0.023701
0.100769
0.0212698
0.0198482
0.0224086
0.0224741
0.557705
0.0222695
0.0200427
0.0210539
0.0447133
0.0207789
0.0226235
0.021181
0.0520621
0.0222715
0.0217908
0.0307013
0.0217953
0.541051
0.0474317
0.0208031
0.0197073
1.65205
0.135033
0.021214
0.0200762
0.023644
0.374135
0.0211449
0.25673
0.0210576
0.0953785
0.169716
0.0206232
0.374655
0.0225766
0.0235529
0.0253365
0.0214418
0.0212921
0.0210941
0.44713
0.0207057
0.824409
0.45912
1.2399
0.295231
0.0216896
0.110426
0.0213865
1.15905
0.0198732
0.498638
0.021372
0.0210642
0.0220572
0.0210578
0.159558
0.0372378
0.0232346
0.0208741
0.0790652
0.585354
0.0221991
0.022854
0.0212391
0.0216038
0.020844
0.0232882
0.215324
0.154922
0.02101
0.0213952
0.0235453
0.231617
0.0241313
0.0213553
0.0206689
0.0202769
0.781362
0.0208412
0.0198029
0.0211471
0.404138
0.58749
0.0216294
0.0196121
0.0198368
0.106324
0.0206202
0.0211073
0.0676338
0.024138
0.0213702
0.0237088
0.471505
0.020722
0.0285651
0.0213783
0.0326039
0.0238125
0.0208641
0.0208788
0.0215661
0.318492
0.0202827
0.0220149
0.0329192
0.0209371
0.242121
0.0214192
0.0212539
0.202457
0.31855
0.019984
0.0230545
1.33683
0.0203615
0.0209621
0.0207823
0.816582
0.0263097
0.0216154
0.649078
0.0212082
0.0215031
0.0212599
0.376713
0.0274103
0.0615026
0.650256
1.64362
0.0445171
0.02002
0.430176
0.0213951
0.0216376
0.102732
0.0221082
0.0517229
0.021292
0.159258
0.0211415
0.0198809
0.0230123
0.0198172
0.706733
0.0214103
0.0209234
0.0215297
0.0214569
0.525602
1.5503
0.021181
0.0402848
0.0211946
0.387271
0.0224697
0.0211261
0.628817
0.021568
0.0301928
0.206959
0.0213476
0.444822
0.0744338
0.0209338
0.0209377
0.0208836
0.021101
0.0229753
0.0210729
0.0212326
0.0210997
0.0215948
0.0283978
0.0231453
0.57159
0.246951
0.313388
0.0211256
0.021183
0.0210274
0.0252738
0.0213806
0.0212465
0.111163
0.0516539
0.0200816
0.04288
0.0226333
0.0214026
0.0246399
0.0211445
0.0229388
2.00821
0.381859
0.0213549
0.0229586
0.0200402
0.0245272
0.0398813
0.0225937
0.0202069
0.0342231
0.0208879
0.0207919
0.0197905
1.57243
0.0215996
0.579892
0.0597879
0.0207853
0.0211057
0.802903
0.020706
0.0368739
0.0666771
0.0227164
0.0197653
0.0973682
0.0207655
0.389151
0.0206451
0.0211033
0.0213396
0.0212767
0.180341
0.0296868
0.0202672
0.195226
0.022659
0.0200093
0.02056
0.0248915
0.0199245
0.0216122
0.0266913
0.0211664
0.0204321
0.019621
0.0222136
0.0228649
0.0202461
0.025711
0.0247215
0.0277132
0.0209013
0.0508142
0.0225438
0.0225193
0.0228317
0.0208173
0.021115
1.5986
0.0211144
0.0211043
1.54302
0.0208225
0.0211912
0.021592
1.36182
0.0198784
0.0207494
0.306418
0.0220847
0.0215797
0.167613
0.121282
0.0201108
0.0220267
0.0792679
0.0210832
0.0202655
1.93548
0.130817
0.0951761
0.020834
0.020504
0.0210834
0.360631
0.0215723
0.388676
0.0226587
0.0222092
0.0210225
0.019894
0.357812
0.0259949
0.0211122
0.0202449
0.19202
0.0226203
0.223164
0.0235159
0.0202448
0.0213872
0.0229274
0.151377
0.604339
0.0259001
0.0210049
0.0207895
0.515838
0.542284
0.0210857
0.04778
3.21982
0.0199807
0.0201382
0.0264127
0.200455
0.0264805
0.0216264
0.0905736
0.0210817
0.0214381
0.497817
0.0215879
0.0276375
0.0213624
0.0262413
0.0211275
0.0226546
0.0211417
2.01885
2.49696
0.0210956
0.0223267
0.38524
0.0243416
0.0213988
0.0207397
0.0207853
0.0208214
0.0496315
0.0203708
0.0981641
0.0239063
0.0207699
0.0252914
0.0209849
1.68873
0.0213833
0.360892
0.0198565
0.0211998
0.0260213
0.0204565
1.81743
0.118058
0.0562074
1.8344
0.0826412
0.232395
0.054068
0.0212399
0.0203228
0.0210775
0.0211462
0.0210247
0.020116
0.574265
0.0211306
0.428716
1.54892
0.0211438
0.0213784
0.357195
1.99227
0.021531
0.207027
0.0203065
0.0207825
0.0300303
0.0208933
0.0211379
1.88181
0.0201169
0.021389
0.535727
0.0210857
1.90746
0.0213728
0.0207896
0.0216991
0.0215567
1.24552
0.236575
0.0211819
0.0213395
0.0225488
0.0254238
0.0220147
1.84205
0.0411377
0.0209627
0.0228896
0.0212058
1.70772
0.0200615
0.0262551
0.394164
0.0212784
0.0210475
0.388533
0.0307708
0.0203225
0.0208035
0.0882402
0.22729
0.0224585
0.0253661
0.021422
0.0213865
0.0217011
0.0212712
0.0212423
0.0231998
1.53793
0.0210648
0.157478
0.0201808
0.0220941
0.204504
0.0843499
0.0208072
0.222244
0.0208671
0.0615927
0.0226929
0.0214111
0.0225692
0.104102
0.284584
0.0222513
0.0215906
0.022156
1.59965
0.0213278
0.0292255
0.0207401
0.0218198
0.0238076
0.0224521
0.0209324
0.0266749
0.0200244
0.855115
0.020958
0.263882
0.0207262
0.0211649
0.2245
0.020284
0.0234345
0.0239279
0.198281
0.0201527
1.0326
1.75178
0.391583
0.0214099
1.50953
0.021877
0.0211602
0.586489
0.0892678
0.0200384
0.0225175
0.0198606
0.0222135
0.0226596
0.0520861
0.266181
0.0260833
0.022481
0.283119
0.0219916
0.028548
0.0213684
0.441592
1.53676
0.358723
0.0211007
0.0207878
0.0220606
0.0248318
1.20757
0.113538
0.0209057
0.205367
0.0217282
0.0212597
3.02033
0.0210894
0.447173
0.455583
0.0551588
1.55308
0.27494
0.0215587
0.0200552
0.159511
0.048738
0.0214267
0.0220186
0.0196446
0.0206237
0.0211476
0.0212279
0.0207577
0.0218588
0.0204503
0.0209485
0.0211922
0.0205085
0.020286
0.0201711
2.76591
0.187684
0.49746
0.0293882
0.0213729
0.64232
0.0457432
0.0212632
0.0212586
0.0200268
0.151532
0.0196501
0.0214951
0.0202562
0.0212234
0.0211162
0.0219534
0.0203107
0.0514027
1.74682
0.0423592
0.0241091
0.0212293
0.0378385
0.021162
0.0215442
0.0210889
0.0222922
0.0208758
0.0223607
0.0212988
0.0273689
0.566415
0.0409597
0.0427237
0.0202668
0.275424
0.83707
1.498
0.0209748
1.23527
0.0214223
0.0248272
1.5145
0.0240414
0.0200069
0.232073
0.0531149
0.02194
0.363408
0.0207441
0.0208708
1.02199
0.0201977
0.0201648
0.260684
0.0207717
0.0213641
0.0266316
0.020349
0.0208596
0.0220685
0.525981
0.104165
0.021485
0.045788
0.0209454
0.023347
0.0199686
0.0224267
1.41229
0.0214591
0.0436726
0.0224193
0.0346457
0.0214623
0.0206843
0.0212096
0.02063
0.171329
0.0231035
0.0214691
0.0237783
0.387196
0.0213534
0.0204603
0.02644
0.0242018
0.0208053
0.0212522
0.0219357
0.535957
0.021228
0.0213529
0.0589783
0.0288586
0.0242289
0.0205396
0.195355
0.0200066
0.0205886
0.0208758
0.021363
0.0210387
0.0207291
0.583622
1.53332
0.022516
0.0274715
0.538984
0.022289
0.0196586
0.0201703
0.0213923
0.034779
0.0215057
0.0228162
0.0215655
0.0204732
0.533558
0.0208601
0.0227555
0.0237164
0.542537
0.0209819
0.0217987
0.0283399
0.0219432
0.0200716
0.0199014
0.0333973
0.0225919
0.0202024
0.0216074
0.0199115
0.268986
1.55789
0.022396
0.0215462
0.0231573
0.0238048
0.022584
0.0206306
0.0212627
0.0205782
0.021638
1.40298
0.0347423
0.0210091
0.0213454
1.73694
0.0215617
0.188189
0.0210547
0.021127
0.233884
0.020963
0.021165
0.366013
0.0230382
0.0217324
0.0224896
0.154415
0.0214548
0.0212165
0.0215741
0.0212362
0.02124
0.0282316
0.0199598
0.0219174
0.0665394
0.0250723
0.0690435
0.0199207
0.0216201
0.0231613
0.0201864
0.0201314
0.0211796
0.0441893
0.023647
0.0226771
0.0771538
0.0208003
0.0196294
0.054259
0.0210784
0.0228797
0.0213774
0.021253
0.0215196
0.019683
0.0237041
0.0611608
0.0210297
0.0207259
0.0211791
0.0236925
2.52574
0.0208416
0.0277184
0.0204361
0.0648863
0.0199148
0.019686
1.51238
0.0200887
0.0203185
0.0210898
0.0211979
0.0223216
0.0213293
0.0215446
0.744143
1.14267
0.0213811
0.0261971
0.0200817
0.0210339
0.0213711
0.553661
0.0211573
0.0351101
0.0216527
1.14953
0.021936
0.020838
0.0260705
0.0215897
0.186215
0.0201156
0.0201042
0.0212831
0.51466
1.42412
0.103435
0.147903
0.147166
0.0218766
0.0322617
0.0230198
0.021502
0.021091
0.177754
2.03837
0.100685
0.0198914
0.0232489
0.0200451
0.0205046
0.0588049
0.0211388
0.0236687
0.0210437
0.057018
0.0211229
0.554259
0.0211202
0.0224863
0.605439
0.0217371
0.0237124
1.53534
0.0551359
0.0885882
0.558979
0.0490422
0.0318339
0.0211031
0.0226451
0.0245479
1.4189
0.0218677
0.0210712
0.0215556
0.0199561
0.0211123
0.0238346
0.0238665
0.0211742
0.021492
0.259912
0.574227
1.76994
0.0212234
0.0210035
0.0211533
1.56073
0.0202658
0.0589392
0.0201781
0.022819
0.061969
0.0202755
0.197444
0.0208314
0.0217447
0.0212062
0.0232177
0.0206441
0.0210261
0.0201224
0.021905
2.10563
0.0219684
0.0220171
0.0217986
0.0293018
2.13168
0.0216388
0.0213999
0.0221142
0.0235247
0.0225265
0.304482
0.0512846
0.0233434
0.273836
0.0223809
0.0208991
0.0214433
0.0196816
0.020872
0.0203809
0.0306296
0.0627865
0.0211624
0.0214879
1.79378
0.0230903
0.019834
0.255545
0.0213562
0.0351014
0.453055
0.0241746
1.24584
0.0215593
0.0204918
0.0206984
0.0263618
0.0210307
0.0212072
0.0210952
1.40135
1.5697
0.021575
0.0210953
0.0264528
0.18435
0.454638
0.0220289
0.0230302
0.0211385
0.0477319
0.173765
0.211887
0.0223512
0.0872564
0.0225516
1.73778
0.0211029
0.0924765
0.549041
0.0201773
0.0221362
0.0243479
0.472289
0.0211038
0.0211517
0.0520987
0.250226
0.027576
0.0211463
0.0230617
0.0229826
0.0624189
0.0210954
0.0210623
0.0210177
0.0209508
0.0212071
0.0229238
1.10024
0.0217223
0.0468685
1.35868
0.0285507
0.0234883
0.0260367
0.0280711
0.0201637
0.0806865
0.0661382
0.0248054
0.0202622
0.251158
0.0209039
0.568915
1.61072
0.128836
0.0201302
0.0218674
0.026113
0.020663
0.022658
0.0213452
0.31443
0.0211345
0.0211562
1.72763
0.0261309
0.0255878
1.78034
0.291786
0.0248039
0.0676249
0.0698513
0.0205817
0.0230825
0.0215114
0.0220315
0.581971
0.0207279
0.0304071
0.120751
1.72218
0.168428
0.0410275
0.195567
0.025861
0.0212206
0.0241623
0.0207161
0.0221141
0.455898
0.0207966
0.452947
0.0214817
0.195109
0.131324
0.0215779
0.0211917
0.0404839
0.0255934
0.0204804
0.0209687
0.0202037
0.131324
1.39399
0.0210251
0.0207777
0.0215317
0.0232768
0.0888481
0.0221317
0.0224314
0.0888306
0.0225243
0.220736
0.43046
0.0738848
0.0228687
0.0212008
0.020768
0.0200448
0.0207025
0.021579
0.0828472
0.0271939
0.020509
0.0204231
0.0201316
0.0230403
0.0200631
0.0206484
0.0208258
0.0210008
0.0580029
0.368877
0.0199919
2.26466
0.0198794
0.579652
0.021623
0.0214192
0.0215155
0.197775
0.0219709
0.0212605
0.020819
0.459287
0.168942
0.0399465
0.0209962
0.0207965
1.74064
0.0198352
0.574538
0.0444248
0.200536
0.0212159
0.241456
0.0210025
0.0213721
0.021652
0.567571
0.0204447
1.22496
0.0209925
0.0216856
0.0213745
0.0211686
0.0323174
0.943939
0.264204
0.26823
0.131034
0.0203303
0.0233623
0.0214586
0.256625
0.33713
0.0205014
0.24189
0.0429558
0.0214153
0.0255398
0.0211618
0.0215582
0.406962
0.0223674
0.0217317
0.0225682
0.022844
0.13207
0.0254201
0.433449
0.0405351
0.021116
0.0215664
1.52922
0.0212865
0.0221485
0.0218272
0.0368984
0.0225311
0.0215755
0.0689808
0.0225799
0.0658794
0.0224574
0.0719271
0.0915258
0.0231691
0.0228392
0.0740673
0.0224525
0.0588111
1.4107
0.0211625
0.0222913
0.0208923
0.222656
0.0202091
1.31312
0.0838007
0.0272838
0.0201863
0.0218967
0.0259391
0.0235526
0.0229767
0.0448536
0.0232664
0.0203902
0.0210463
0.0304942
0.57281
0.178451
0.324653
0.0210236
0.020295
0.0209955
1.34441
2.6044
0.460083
1.32459
0.0217629
0.0228869
0.0210153
0.0430696
0.0209451
0.0505846
0.0211051
0.0211366
0.0214669
1.69841
0.0256267
0.0272809
0.0603285
0.0228675
0.020162
0.0210768
0.022519
0.183009
0.0278756
0.212985
0.0265718
0.020194
0.0211006
0.0200059
0.265686
0.0227779
0.0222856
0.022797
0.0210627
1.80558
0.0211038
1.41943
0.0210844
0.0205334
0.203273
0.0222135
0.0203514
0.0210431
0.104293
0.0205796
0.0203191
0.243858
0.0290064
0.0443368
0.452498
0.0221474
0.0299579
0.201999
0.0220848
0.0219223
0.0208719
0.0426231
0.0200394
0.0551978
0.456856
0.0210631
0.020184
0.0268951
0.16021
)
;

boundaryField
{
    frontback
    {
        type            empty;
    }
    topbottom
    {
        type            fixedValue;
        value           uniform 0.0223;
    }
    outlet
    {
        type            zeroGradient;
    }
    inlet
    {
        type            fixedValue;
        value           nonuniform List<scalar> 0();
    }
    walls
    {
        blending        binomial2;
        n               2;
        beta1           0.075;
        type            omegaWallFunction;
        value           nonuniform List<scalar> 0();
    }
    procBoundary1to0
    {
        type            processor;
        value           nonuniform List<scalar> 
80
(
2.91158
0.0346858
0.0220439
3.32931
0.0218651
0.0248658
3.85388
0.0235096
0.023035
0.0235096
0.0215589
0.0241163
0.0315661
0.0315661
0.0458896
0.02141
2.71092
3.79717
0.993642
0.023035
0.0297893
0.0217909
0.021418
0.0287205
0.0458896
0.0217246
0.0215109
0.021531
0.169392
0.169392
0.022695
0.0214087
2.21318
0.021466
0.0219708
0.021492
0.0214393
0.02143
0.0216718
0.027085
0.0214479
0.0214077
0.0403775
0.0214479
0.0839006
0.0724764
0.0403775
0.138459
0.0214796
0.0214051
0.0215928
0.0216291
0.0214393
0.0839006
0.138459
0.0225715
2.07927
0.036079
0.0214777
0.114758
0.0673047
0.0258453
0.0579662
0.114758
0.0214045
0.02143
0.0214231
0.0235145
0.0222177
0.0976027
0.0214231
0.364287
0.0976027
1.9998
0.210474
0.0519634
2.65333
0.210474
0.0220949
0.022371
)
;
    }
    procBoundary1to2
    {
        type            processor;
        value           uniform 2.11267;
    }
    procBoundary1to3
    {
        type            processor;
        value           nonuniform List<scalar> 
147
(
2.04194
0.427291
0.167543
0.154584
0.718836
1.90476
1.93909
0.159853
0.459192
2.01439
0.458973
2.10109
0.258203
0.205195
0.241741
0.859513
0.855353
0.216588
0.340646
1.07871
0.890507
1.99231
2.12556
0.118589
0.473966
0.786203
0.120685
0.150672
0.155434
0.30156
2.09812
2.05536
0.264626
1.83473
0.0962778
0.266031
0.78066
0.239845
0.552667
0.687173
0.341688
0.341688
0.242522
2.20953
0.963567
0.204664
0.340206
2.21991
0.274265
0.30964
0.333702
0.283924
0.186779
0.272392
0.236544
0.277679
0.253914
0.254501
0.261109
0.314045
0.264427
0.259131
0.251083
0.199652
0.186779
0.309296
0.256279
0.305003
0.257755
0.242068
0.236457
0.256885
0.376745
0.388844
0.338481
0.390435
0.313339
0.320756
0.260137
0.386884
0.33695
0.219412
0.410516
0.154806
0.154806
0.31672
0.368513
0.446224
0.442062
0.52024
0.456969
0.456969
0.164529
0.439096
0.321424
0.275952
0.314629
0.403572
0.460489
0.208624
0.34966
0.392544
0.259739
0.581897
0.563002
0.502827
0.502827
0.565038
0.57767
0.547417
0.336316
0.240478
0.153687
0.438991
0.251102
0.384174
0.384174
1.83473
0.676148
0.20119
0.601106
0.331697
1.08204
0.497043
0.643811
0.776677
0.697987
1.00884
0.367984
1.77835
1.86711
1.90053
1.86018
2.11088
0.128687
1.88726
2.0714
2.15476
0.232834
0.592894
0.351754
1.11419
1.11419
0.201636
0.201636
2.05536
0.213273
)
;
    }
}


// ************************************************************************* //
