/*--------------------------------*- C++ -*----------------------------------*\
| =========                 |                                                 |
| \\      /  F ield         | OpenFOAM: The Open Source CFD Toolbox           |
|  \\    /   O peration     | Version:  v2012                                 |
|   \\  /    A nd           | Website:  www.openfoam.com                      |
|    \\/     M anipulation  |                                                 |
\*---------------------------------------------------------------------------*/
FoamFile
{
    version     2.0;
    format      ascii;
    class       volScalarField;
    location    "250";
    object      omega;
}
// * * * * * * * * * * * * * * * * * * * * * * * * * * * * * * * * * * * * * //

dimensions      [0 0 -1 0 0 0 0];


internalField   nonuniform List<scalar> 
10042
(
0.234519
0.322233
0.0403812
0.021127
0.0210651
0.356347
1.36467
0.276161
0.0201152
0.0454962
0.198069
0.315987
0.0312358
0.0208405
0.0215319
0.0208298
0.462927
0.242556
0.0228369
0.0264862
0.0310221
0.237299
0.0211115
0.452312
0.02099
0.0216105
0.0450149
0.0200335
0.395462
0.455539
0.0225264
0.0396341
0.020085
0.0200787
0.250237
0.206572
0.0220405
0.0202626
0.0217699
0.0206378
0.453839
0.0201062
0.112107
0.364168
0.0210627
0.020985
0.0198548
0.021514
0.0588569
0.162882
0.115879
0.0209825
0.438304
0.0226778
0.304764
2.32539
0.0297137
0.0917882
0.0215531
0.019567
0.0596239
0.62833
0.0971708
0.299325
0.0334209
0.0212884
0.0257263
0.250361
0.0198304
0.248401
0.13809
0.0224312
0.0204092
0.0215309
0.0212396
0.132927
0.0390033
0.0198511
0.0421085
0.0229034
0.60156
0.455697
0.0238914
0.0208871
0.036987
0.756267
0.025156
0.0399841
0.0208764
0.0322997
0.0259951
0.0215429
0.0958316
1.06401
0.0372019
0.0213077
2.97365
0.0258405
0.345731
0.0215126
0.0255917
0.375877
0.0216965
0.0339886
0.0234611
0.0215145
1.65788
0.0211909
1.48686
0.0215486
0.0215035
1.41137
0.295098
0.276275
0.0317951
0.0198227
0.0321904
0.0223378
0.059902
0.0198005
0.0195661
0.16851
0.1526
0.0210723
0.0341863
0.0209388
0.0209655
0.269361
0.113967
0.0277754
0.0202458
0.0210708
0.0211605
0.0211446
1.47674
0.148892
0.0256813
1.87138
0.0220885
0.413623
0.0653746
0.0204551
1.63096
0.0200401
0.0244181
0.0202648
0.0331736
0.0198165
0.0223352
0.164915
0.0211272
0.0210809
0.0222775
0.0353765
0.0352347
0.0246587
0.107579
2.09594
0.021176
0.0219044
0.0222066
0.0209177
0.145758
0.0209023
0.0218942
0.153533
0.0204003
0.0351227
0.226788
0.0200459
0.0247268
0.453854
0.114069
0.0200605
0.0226393
0.119286
0.0210369
0.0202527
0.0210333
0.0198307
0.0220421
0.0234642
0.0215321
0.0197874
0.2031
0.0264383
0.0224412
0.0196146
0.201589
0.0213415
0.453502
0.0295742
0.0202642
0.0233116
0.201317
0.0215397
0.214359
0.0790992
3.60342
0.0209032
0.133321
0.0799561
0.436394
0.0202548
0.393821
0.021091
0.295249
0.0346836
0.0214802
0.0211734
0.0376604
0.0201514
0.532398
0.114921
0.0221479
0.240668
0.0201989
0.0816125
0.0213253
0.128216
0.419352
0.0278933
0.425563
0.2414
0.0211227
0.0823102
0.0219086
0.0251516
0.0400082
0.0217276
0.020255
0.021014
0.0264972
0.0230164
0.0210308
0.258405
0.0243273
3.17571
0.0239229
0.42675
0.0334413
0.433728
0.019556
0.0212066
0.192902
0.0211443
0.428697
0.0237576
0.0223296
0.0215162
0.023208
0.0202789
0.517173
0.508924
0.02221
0.0239842
0.0217102
0.0223208
2.78096
0.0211011
0.0349306
0.0203138
0.020969
0.0198677
0.0324245
0.610063
0.0338174
0.542344
0.0232137
0.0210319
0.0213529
0.149104
0.0207511
0.157135
0.0221777
0.0362055
0.0219118
0.0210258
0.0233
0.175171
0.020032
0.374726
0.219958
0.0218655
0.0234873
2.40732
0.0356653
0.0199011
0.225424
0.0214098
0.0284322
0.0269707
0.0239081
0.413147
0.0349646
0.0207915
0.481973
0.0249682
0.0213626
0.0202508
0.0222252
0.316396
0.0196169
0.0532518
0.0407005
0.651734
0.0208383
0.0226964
0.608162
0.387983
0.0226895
0.0210809
0.0212918
0.0207919
0.0266854
0.224272
0.0198717
0.20061
0.378495
0.019811
0.0219801
0.163273
0.0326069
0.277315
0.209352
0.0225148
0.0269712
0.0210078
0.0245174
0.0275118
0.0210838
0.0213619
0.227148
0.0213245
0.342887
0.245533
1.71527
0.272496
0.0202958
0.149961
0.0646055
0.0308828
0.01956
0.0265418
0.0226795
0.0202423
0.0206831
0.0212257
0.0243757
3.38685
0.0216674
0.0368708
0.0242394
0.0204299
0.453742
0.0275832
0.0219266
0.023801
0.176217
0.0224602
0.0214763
0.0221762
0.0218876
0.379062
0.164034
0.0219425
0.0210013
0.023214
0.023368
0.309517
0.0195816
0.0241911
0.0207887
0.0214747
0.281535
0.0209781
0.0398867
0.38341
0.674339
0.0903784
0.0213962
0.263247
0.040567
0.0209846
0.0446089
0.0198118
0.0214082
0.0197919
0.021157
0.0199006
0.0221546
2.17726
0.0216568
0.0488161
0.197391
0.63891
0.0211862
0.266156
0.0220837
0.0396947
0.0209954
1.10904
0.0215284
0.389717
2.7208
0.0204496
0.0595853
0.0214129
0.0323013
0.0220274
0.544713
0.0251204
0.430251
0.021628
0.309202
0.0219173
0.0259475
0.309086
0.0199106
0.0217522
0.0210691
0.256242
0.0202475
0.0197726
0.0696855
0.0228497
0.0401771
0.545273
0.0210842
0.0310579
0.0228153
0.0198503
0.0251672
0.220943
0.0210064
0.0218334
1.58379
0.0491888
0.0219446
2.55373
0.0200637
0.0267264
0.0312951
0.181321
0.159116
0.212428
0.306849
0.134488
0.290908
0.0197584
0.0307547
0.213965
0.163987
0.0426067
0.0211091
0.02071
0.0318383
2.78486
0.0197902
0.0199553
0.0227872
0.0211584
0.0213682
0.0215539
0.0211125
0.0239429
0.243374
0.0218725
0.0267388
0.0294435
0.115514
0.0200766
0.88659
1.62113
0.115228
0.0211624
0.0247867
0.0218437
0.831327
0.0213544
0.0616906
0.0216189
0.325852
0.0206028
0.0232691
0.0199469
0.0290792
0.588675
0.0217196
0.0207909
0.0211167
0.449164
0.0203038
0.0328371
0.0390999
0.0592578
0.0203029
0.0290869
0.431868
1.62502
0.0214319
0.0226999
0.404311
0.326765
0.0362179
0.353861
0.0215023
0.189377
0.0302309
0.0272171
0.0231228
0.284265
0.0202755
0.021094
0.0215938
0.410309
0.0210837
0.0760704
0.021159
0.0214071
0.0201213
0.0258351
0.34561
0.0216755
0.0218275
0.305034
0.0479351
0.0368644
0.0216524
0.0211413
0.194205
1.57139
0.0214203
0.0199579
0.0366263
0.0213304
0.021317
0.221684
0.0202354
0.243938
0.0209837
0.0443353
0.0238411
1.06856
0.0210946
0.0251734
0.0214426
0.0203708
0.302471
0.0195541
0.660451
0.0362527
0.0201267
0.0240433
1.74885
0.0722783
0.0348092
0.0212858
0.019954
0.0198052
0.0205557
0.0269282
0.0215546
0.127148
0.021283
0.0199787
1.49146
0.023459
0.0279119
0.0222519
0.0207752
1.44278
0.355947
0.0232522
0.235734
0.0213538
0.0256788
0.020035
0.0201309
0.0211413
0.0210809
0.0214541
0.0213649
2.26163
0.0215867
0.678337
0.0209913
0.0228448
0.0198818
0.0402783
0.0638941
0.0201407
0.0210147
0.205903
0.026203
0.0198999
0.570189
0.0210258
0.206898
0.020275
0.0221502
0.0203585
0.187015
0.0198885
0.0208955
0.0210545
0.34288
0.0218577
0.0211223
0.0213641
0.0489503
0.0211819
0.0210897
0.0203956
0.0210985
0.0232618
0.0210509
0.0222387
0.020049
2.61768
0.401118
0.584199
0.0219952
0.0232847
0.0212778
0.0802084
0.0220596
0.414814
0.585687
0.541076
0.208749
0.424276
0.0213549
0.0213818
0.44537
0.046449
0.024422
0.0723634
0.0215275
0.344965
0.0208055
0.0214463
0.0200837
0.0202938
0.0221753
0.439807
0.0218501
0.0215072
1.92635
0.0212295
0.0984587
0.0204905
0.0218324
0.0263466
0.0213443
0.339776
0.0210077
0.0210498
0.29986
0.0214221
0.0197786
0.0226496
0.0208427
0.0207761
0.565748
0.40904
0.222903
0.021502
0.0208525
0.0208458
0.354824
0.0226276
0.0212034
0.0203883
0.0206634
0.423356
0.131706
0.0961959
0.0220578
0.0235093
2.18211
0.0256502
0.0256519
0.0387597
0.195722
0.61596
0.399861
0.0207936
0.0213057
0.0210389
0.299272
0.0207816
0.0238181
0.0211292
0.0195614
0.02509
0.0215464
0.195899
0.279886
0.0198858
0.0210494
0.0197568
0.211254
0.0202836
0.521901
0.0227411
0.198511
0.0208449
0.0207197
0.0201463
0.0210828
0.0213447
0.019669
0.0213644
0.0216397
0.0527215
0.0230402
0.579566
0.0213664
0.0431121
0.215653
0.0224575
1.93499
0.0209543
0.0210219
0.0220243
0.0214764
0.200087
0.0211209
0.0218825
0.0201333
0.171016
0.0206574
0.301892
0.0328417
0.0208635
0.8524
0.282729
0.02037
0.0204223
0.071138
0.024202
0.582151
0.0391374
0.0422987
0.0306901
0.0214873
0.0214506
0.0212816
0.0285401
0.0223247
0.262628
0.41814
0.0195592
0.0206824
0.0219408
0.0311226
0.024236
0.505311
0.0215726
0.0214493
0.578329
0.0208422
0.0649136
0.027902
0.0236624
0.307917
0.0243485
0.0208813
0.0217138
0.0362312
0.020893
0.502673
0.0216121
0.0348836
0.0240923
0.0893275
0.0215543
0.0261027
0.0225716
0.0216725
0.0317133
0.0200563
0.0312546
0.0209293
0.0216136
0.0207818
0.0213152
0.0221734
0.0379585
0.0222488
0.0215065
0.212732
0.0200709
0.0208573
0.0210045
0.0197732
0.121859
0.0225808
0.0227197
0.0855149
0.214506
0.0213329
0.0408031
0.505596
0.0206447
0.021011
0.0197558
0.258071
0.199063
0.023226
0.0208574
0.0414823
1.41283
1.17715
0.0219753
0.30794
0.115893
0.58602
0.0237182
0.0196948
0.0209886
0.494985
0.0780573
0.0215958
1.0562
0.0697246
0.302832
0.177101
0.0211118
0.0327743
0.628196
0.040478
0.497722
0.0283369
2.09031
0.0225281
0.401332
0.0214126
0.0649681
0.0223856
0.0299499
0.0196335
0.0214745
0.0210374
0.812275
0.0210506
0.0195702
1.01502
0.0213666
0.0250252
0.022196
0.260195
0.0208939
0.0218917
0.0215455
0.0211764
0.0212203
0.0244458
0.0207853
1.62756
0.0602951
0.0394349
0.0210812
0.21838
0.0207423
0.0638785
0.211219
0.0229156
0.0212475
0.0198223
0.0211673
0.02213
0.0756304
0.0393263
0.0208552
0.0791216
0.0208693
0.0214974
0.391527
0.0197888
0.021589
0.0745161
0.0208705
0.0613663
0.0220919
0.0675773
0.0252204
0.0366415
0.0236032
0.0213068
2.02918
2.02599
0.0210018
0.0299875
0.184973
1.59072
1.5144
0.0220287
0.0205084
0.0226886
0.021483
0.0225166
0.363267
0.0232286
0.0198024
0.0317595
0.0822173
0.211124
0.0198194
0.0197576
0.0216604
0.0215496
0.442851
0.564244
0.0202516
0.0240302
0.141002
0.0213225
0.0226716
0.464816
0.0230547
0.312884
0.0213424
0.0213376
0.0215022
0.021995
0.0658802
0.0382516
0.0212085
0.391442
0.0824732
0.103447
0.0229685
0.0228251
0.555592
0.0346033
0.167047
0.0295629
0.021372
0.0209876
0.0918359
0.0719036
0.0217578
0.0237274
0.0386713
0.0209938
0.0374348
0.0217723
0.0209641
0.0218007
0.033228
0.0208696
0.0210382
3.78496
0.0207162
0.0204922
0.0408678
0.0242815
0.323807
0.0224041
0.0218447
0.106882
0.0407962
0.0226814
0.0302363
0.352803
0.0209462
0.0201024
0.0243826
0.0613429
0.0208189
0.0215278
0.0209718
0.0202844
0.0207659
0.225562
0.0213308
0.552518
0.0214218
0.0338928
0.0202506
0.0215957
0.0317593
0.459499
0.716125
0.0212635
0.0225628
0.242086
0.191402
0.0231902
0.0218251
0.35438
0.0209621
0.0247839
0.0360983
0.0208147
0.0222838
0.0210041
0.0356995
1.64728
0.549437
0.0206921
0.0221447
0.0246444
0.159268
0.0206637
0.0204281
0.0381133
0.0196493
0.0206104
0.356513
0.021528
0.775828
0.0202441
0.0204484
0.0200789
0.0320305
0.0217424
0.0215201
1.63427
0.0206279
0.0216255
0.878543
0.0210201
0.0338427
0.022742
0.064396
0.287304
0.0227958
0.179022
0.0265815
0.0214276
0.207786
0.0217786
0.0209125
0.0198459
0.020965
0.0242176
0.0962433
0.0376166
0.274509
0.162834
0.269982
0.0466768
0.302598
0.0228337
0.347995
0.0200329
0.0261627
0.021491
0.0215761
0.0219401
2.03208
0.285202
0.0212648
0.579992
0.020466
1.3004
0.0212474
0.0228143
0.0219967
0.123737
0.573755
0.0211474
0.0199139
0.521794
0.0908346
0.0260865
0.0241334
0.573463
0.0217049
0.192875
0.299028
0.0207617
0.0205792
0.020855
0.0237399
0.0208481
0.0218857
0.0221307
0.0212184
0.0217413
0.0217468
0.020892
0.349071
0.345778
0.0199045
1.19024
0.0222696
0.0389636
0.0424272
0.0492049
0.0207517
0.0492702
0.0449203
0.02015
0.0397208
0.553591
0.0215657
0.0205953
0.0218924
0.345916
0.171974
0.020219
0.233007
0.0214467
0.0215166
1.00743
0.0207004
0.0205996
0.0204778
0.0208272
0.0221918
0.205983
0.0243809
0.0208593
0.0213205
0.0209801
0.0210841
0.262798
0.0198857
0.0303341
0.892395
0.479884
0.0205767
0.457733
0.0203786
1.20673
0.021976
0.037997
0.0200289
0.588469
1.715
1.61229
0.0213804
0.0556492
0.246059
0.271527
0.0217032
0.267049
0.0209481
0.224523
0.346554
0.0256937
0.158693
0.310942
0.127057
1.0691
0.104627
0.341248
0.0205561
0.0220644
0.274173
0.0659927
0.021306
0.300522
0.0218095
0.0207694
0.0204605
0.0376695
0.0656952
0.0318757
0.0534618
0.0267558
0.274098
0.0219402
0.0210008
0.0211624
0.118347
0.288236
0.0266192
0.294501
0.0217745
0.0223483
0.0286926
0.371977
0.0385565
0.0207602
0.163305
0.068669
0.0220732
0.0376212
0.020169
0.0315164
0.0301903
0.0206575
0.364608
0.261086
0.0212578
0.0218924
0.0209172
0.178503
0.0225084
0.135805
0.271959
0.0209325
0.0208644
0.019993
0.0301334
0.0203892
0.025372
0.0230564
0.0239611
0.336288
0.0220549
0.0254322
0.328162
0.0222192
0.0316243
0.022154
0.0213916
0.657849
0.299516
0.0220306
0.153864
0.0242241
0.282894
0.0207385
0.0206441
0.0264122
0.022701
0.0364558
0.334779
0.0219264
0.0222771
0.226771
0.0302257
0.0229548
0.293113
0.113989
0.270837
0.0209277
0.0198613
0.0295579
0.0204755
0.914263
0.26681
0.058937
0.273363
0.0218607
0.0207583
0.115452
0.269993
0.0209109
0.151484
0.0240051
0.0210695
0.0704485
0.0219056
0.0215777
0.0391694
0.0230981
0.0204009
0.0225167
0.0209961
0.0225921
0.308753
0.0294207
0.246789
0.0213048
0.0252104
0.0208519
0.0212679
0.304584
0.0214636
0.157274
0.192289
0.0218925
0.215643
0.0322618
0.329621
0.0197721
0.119056
0.0980269
0.0514707
0.0226962
0.0218031
0.0206814
1.38465
0.022937
0.356552
0.0332807
0.0203144
0.0203607
0.0197341
3.7714
0.0209914
0.977441
0.0210925
0.0205202
0.0201199
0.045171
0.0207972
0.0201862
0.0200473
0.0208313
0.0213546
0.0368074
0.0254237
0.0203054
0.0241745
0.0215578
0.020975
0.0207094
0.0441326
2.03316
0.0240894
0.0213547
0.0207185
0.0200743
0.023497
0.0236764
0.0200865
0.180277
0.227907
0.336193
0.0202144
0.0208273
0.0213199
0.0223786
0.0205708
0.0218406
0.0213322
0.0207463
0.0273227
0.0221828
0.0434354
0.100713
2.38643
0.0210717
0.0209675
0.0209734
0.483947
0.0211457
0.025871
0.0243601
0.0204204
0.0213135
0.02105
0.247234
0.0212727
0.215658
0.248506
0.052335
0.0212895
0.0239165
0.303267
0.0227562
0.0315461
0.0227516
0.0352677
0.0203856
0.0242972
1.53167
0.29112
0.0205797
0.0214531
0.933275
0.0234405
0.048877
0.0243702
0.267605
0.0212639
0.0239919
0.299825
1.05871
0.0546114
0.0203418
0.0209045
0.0203553
0.0215175
0.0447926
0.253735
0.187994
0.0205645
0.287446
0.0227233
1.09239
0.258979
0.0210191
0.250048
0.0501078
0.020669
0.0481869
0.0285622
0.0216822
0.207533
0.0208101
2.10347
0.0253931
2.38347
0.763771
0.0399177
0.0213406
0.0244102
0.0218363
0.0208378
0.0202288
0.0201142
1.62507
0.0217369
0.0322305
0.302952
2.12876
0.0321217
0.0355699
0.0203894
0.940886
0.0197477
0.24837
0.169335
2.48978
0.141112
0.257595
1.12245
0.0200411
0.0215963
0.0201327
0.0411273
0.0221561
0.0665688
0.023496
0.431583
0.0246273
0.0202183
0.0201867
0.0214775
0.0200442
0.268882
0.061626
3.4501
0.0206067
0.0242923
0.0227458
0.0224046
0.0796832
0.0214204
0.247986
0.176186
0.0217872
0.0212239
0.271512
0.0246732
0.145956
0.365777
0.0215778
0.259914
0.0223271
3.76744
0.0209565
0.0445468
0.0209383
0.250828
0.0288799
0.659233
0.292661
0.393249
0.0992602
0.0404166
0.0208525
0.0212826
0.213168
0.274506
0.0875524
0.0252456
1.17908
0.313255
0.342608
0.0362391
0.17021
0.0246842
0.0296528
0.0527934
0.0219758
0.0241703
0.0240267
0.0197974
0.0204285
0.0209185
0.0212097
1.68248
0.0217807
0.277551
0.0794097
0.10471
0.273282
0.202856
0.0201222
0.0216492
0.256356
0.037257
0.028434
0.210314
1.33499
0.187868
0.0207753
0.0285364
0.0232887
0.0729222
0.045409
0.345606
0.298228
0.0558477
0.0215527
0.0222205
1.51212
0.0389339
0.0470748
0.289166
0.0209601
0.0243862
0.0222846
0.161187
0.0224841
0.0203103
0.0208942
0.0221871
1.09437
0.213745
0.0216036
0.0605281
0.0745071
0.0220816
0.0158485
0.0243917
0.0276412
0.0242856
0.0288649
0.125861
0.0210886
0.0206375
0.0217194
0.907951
0.0802342
0.0296357
0.0218373
0.0222272
0.0215724
0.681724
0.0305936
0.0224658
0.021545
0.171122
0.0227566
0.305769
0.0221323
0.0265922
0.0209857
0.124336
0.0862165
0.0519793
1.64086
0.0205372
0.0240152
0.246259
0.0227431
0.297216
0.13441
0.0215154
0.0222168
1.46106
0.0213099
1.10396
0.021518
0.738959
0.217593
0.294214
0.0223239
0.0209778
0.0211447
0.0212776
0.023125
0.019809
0.0217143
0.0209595
0.0206529
0.022568
0.0221834
0.0215519
0.0220807
0.0796102
0.0214776
1.61697
0.0217475
0.0214788
1.64819
0.0210777
1.75175
0.335186
0.0214949
0.0218269
0.0356153
0.262662
0.0241104
1.70724
0.0259885
0.0222032
0.932658
0.0205565
2.86203
0.0214867
0.166022
0.0198772
2.59062
0.895078
0.390965
0.0216413
0.022606
0.0207633
0.0225006
0.0566022
0.0208394
0.021322
0.0406771
0.0242556
0.163949
0.3216
0.0217703
0.0343618
0.0214296
0.0251908
0.0219447
0.0213341
0.0217878
1.56638
2.21999
0.0366031
0.0224423
0.0217789
0.0220936
0.0980496
1.95261
0.0549503
1.23019
0.265213
0.0222
0.0226298
0.0832262
0.0207572
0.0225847
0.0239851
0.0221034
0.244551
0.0222035
0.182425
0.020489
0.0217752
0.0837211
0.022297
0.0227387
0.0225078
0.0245134
0.291569
0.0222619
0.0214153
0.0216345
3.59407
0.164298
0.0229475
0.0218186
0.0206896
0.0218727
0.0211586
0.0517485
0.0209034
0.0207254
0.0214766
0.0243872
0.0286443
0.0216207
1.70139
0.0217153
0.0218308
1.3438
0.0224536
0.0229356
0.111734
0.0217258
0.193695
0.0207637
0.0206968
0.0217942
0.0242903
0.020415
0.226702
0.021785
0.0210036
1.24995
0.300667
2.6739
0.270619
0.394195
0.0242081
0.020535
0.0223457
0.298946
0.0253687
0.69324
0.0219556
0.030245
0.0314469
0.0357326
0.0206708
0.349298
0.0910164
0.020954
0.0241508
0.0216763
0.0218951
0.0262912
0.0438205
0.0214655
0.0207344
0.0200281
0.0959938
0.0215819
0.0700294
0.0327163
0.0215536
0.0209397
0.0210054
2.01709
0.0273935
0.0208724
1.59021
0.0530306
0.0217782
0.268025
0.0215248
0.0205404
0.0206711
0.021487
0.0200995
0.0212231
0.0216369
0.0221269
0.0215527
0.0766319
0.0223382
0.490354
0.027506
0.0212523
1.49514
0.0200059
0.0205418
0.0549777
0.0209305
0.393397
0.0210371
0.0716371
0.724916
0.0206209
1.6152
0.303332
0.021438
0.0218124
0.0211898
1.08003
0.021497
0.226255
0.182595
0.0216634
0.0249144
0.0365091
0.117044
0.0211658
0.312186
0.0215645
0.0358948
1.59052
0.0384256
0.38962
0.0211492
0.0874948
0.315546
0.102248
0.0214547
0.055446
0.0222181
0.0464044
0.0204062
0.0227344
0.505335
0.0245373
0.0524867
0.0646241
0.0242457
0.24516
0.0205429
0.0304895
0.0214879
0.0241759
0.116081
0.0506425
0.348873
0.0328821
0.0238625
0.152512
0.0243809
0.0209755
0.0203398
0.0217842
0.0222505
0.0236431
0.0210514
0.802994
0.024766
0.0209539
0.0200507
0.0213044
0.0212561
1.50345
0.0206254
0.137961
0.0224119
0.931227
0.0214869
0.0214389
0.0196769
0.0700077
0.0213139
0.163988
0.751433
0.201616
0.0239242
0.0218006
0.0213996
0.020924
0.0207858
0.251953
0.02193
0.0217288
1.12395
0.0213918
0.0219615
0.195688
1.49917
0.218983
0.0210754
0.295158
1.23021
0.0210144
0.0205981
0.0301272
1.03244
0.124201
0.22603
0.0933751
0.0212956
0.0207027
0.0735946
0.0256201
0.0216809
0.0281146
0.021638
0.0224
0.34301
1.26004
0.0261116
0.024741
0.0240257
0.0289773
0.153501
0.0214695
0.0209082
0.0214022
0.0624511
0.020872
0.0233951
0.0821297
0.207873
0.0204308
0.0208103
0.0196897
0.021496
0.0211658
0.0336705
0.0381855
0.0218896
0.246055
0.313559
0.457564
0.0243228
0.0221218
0.0214414
0.0211797
0.0207213
0.0199927
0.0215035
0.90987
0.394288
0.0205183
0.020551
0.0218182
0.021691
1.07523
0.0344601
0.0794213
0.218053
0.070619
0.0610486
0.0212858
0.0210633
0.0212188
0.0216524
0.804076
0.0212706
0.0231935
1.4748
0.198588
0.300864
1.5051
1.1464
0.185946
0.0213345
0.0316484
0.838547
0.861164
0.0214052
0.0214059
0.0206061
0.0214236
0.0214607
1.12519
0.0210172
0.0209701
0.73499
0.0230358
0.180446
0.0212475
0.0206233
0.0317701
1.47533
0.0298202
0.281475
0.022951
1.01686
0.0327392
0.0209679
0.110787
0.0210745
0.0228715
0.0215199
0.0205209
2.2703
1.00032
0.256359
0.105544
0.251819
0.331284
0.71189
0.0207723
0.0217351
1.56459
0.0213205
0.0215979
0.0226847
0.0213685
0.94919
0.0214987
0.0892728
0.0312116
0.0200278
0.135045
0.021546
0.0211415
0.0239231
0.0238361
0.0240748
0.0243696
0.0243881
0.424108
0.0216588
0.0212578
0.0203296
0.0377603
0.0607992
0.0209045
0.0220457
0.0317379
0.917166
0.0210273
0.0243944
0.0243631
0.0202164
0.0213182
0.0210162
1.06045
1.58714
0.0242838
0.0220169
0.0213801
0.030122
0.0654594
0.0215821
0.0610915
1.12265
0.0214802
0.0302199
0.258367
0.655778
0.0327541
0.0201539
0.0206803
0.494579
0.0411752
0.121727
0.0241512
0.994411
0.0301742
0.0638225
0.266824
0.259442
0.0445604
0.116958
0.299146
0.838764
0.0218027
0.294978
0.0212486
1.26814
0.0221725
0.0218978
0.0241504
1.24176
0.298818
0.0221805
0.0215123
0.052685
1.14233
1.04127
0.0207417
0.0208975
0.0212785
0.0238877
0.021521
0.0359215
0.0736183
0.247505
0.0234805
0.0206651
0.0952039
0.0216009
0.0213576
0.353879
0.0212547
0.0227695
0.0200294
0.432119
0.0543058
0.305886
0.0214548
0.0524921
1.16747
0.0305453
0.364363
1.43519
1.249
0.284836
0.0210178
0.0214605
0.0716969
0.0214026
0.0216522
0.0210319
0.0218291
0.0287973
0.0251307
0.0209953
0.284155
0.0209665
0.256926
0.0222096
0.720727
1.25551
0.0260028
1.6929
0.121301
0.0311038
1.2096
2.28229
0.0217347
0.0215062
0.0286683
0.0286518
0.113122
0.0209818
0.0215266
0.134385
0.0213371
0.0207154
0.0218971
0.0199793
0.353139
0.0215183
0.0284917
0.0215953
1.85367
0.0212381
2.16325
0.248611
0.392324
0.0911514
0.0200538
0.0240587
0.021746
0.0212898
0.803215
0.0469609
0.0559882
0.250247
0.0199451
0.0226078
0.0232755
0.0214132
0.259547
0.0209164
0.0265408
0.486961
0.246791
0.0471485
0.0212378
0.0218156
0.106434
0.0267879
0.0657195
0.540442
0.891659
0.164353
0.0217563
0.0208525
0.0209032
0.0217957
0.0889897
0.0222071
0.0515203
0.0214103
0.0216717
0.353506
0.0200509
0.343045
0.0241676
0.0215985
0.0241687
1.29393
0.0207036
0.0220517
0.271205
0.0214323
0.0214743
0.0379809
0.832311
0.0231842
0.0271536
0.0204232
1.1827
0.387983
0.162886
0.02144
0.0207039
0.028133
0.0215293
0.183863
0.0567489
0.214323
0.118014
0.0212499
0.0780745
0.0209706
1.08851
0.0214136
0.565447
0.300779
0.0213858
0.840122
0.0213092
1.38771
0.0339829
0.0204029
0.0319509
0.0207599
0.0209169
0.0205396
0.0198674
0.0261528
0.0850736
0.0214726
0.020591
0.0902024
0.020109
0.0219163
0.0218816
0.0211603
0.0213732
0.0566405
0.0311512
0.0199185
0.0221285
0.0220379
0.0213396
0.153946
0.0623255
0.0213744
0.0209238
0.0214777
0.0302315
0.0214903
0.0220186
0.0220522
0.048921
0.0199371
0.0223542
0.304702
0.0215074
0.050826
0.0212497
0.0214056
0.021018
0.0211408
0.0206171
0.0212973
0.251111
0.234387
0.02061
0.0217439
0.0226304
0.478468
0.0271025
0.0502642
0.0212476
0.0217802
0.0480093
0.0227633
0.255989
0.0341059
0.0210624
0.0209988
2.0467
0.0217612
0.157204
1.41336
0.0210539
0.0546418
0.0768637
0.305118
0.049458
0.0311823
0.0268645
0.0209909
0.222013
0.0214605
0.0236833
0.0317286
0.0200236
0.0213315
1.98566
0.0207369
0.114153
0.836271
0.0217466
0.0213875
1.87538
0.0212394
0.0459047
0.0203861
0.0492912
0.8391
0.273028
0.0212573
0.020834
0.0218271
0.0647995
0.668585
0.256753
0.88346
0.0258815
0.0212916
0.0487239
1.66963
0.0213951
0.0200233
0.0240798
0.0210316
0.535064
0.0440373
0.0204042
0.277309
0.0208213
0.0207434
0.0203747
0.0212493
0.0213363
1.6885
0.0211289
0.0608482
0.0207258
0.0217374
0.0218257
0.0217925
0.0211528
0.0212611
0.0313713
0.0206104
0.0470716
0.295748
0.041941
0.0243575
0.0441077
0.0288295
0.0211119
0.020089
0.0212687
0.0201463
1.6007
0.223413
0.0222908
0.0222495
1.16397
0.0222859
0.269171
0.0215324
0.0210308
0.0215335
0.0460298
0.377132
1.01514
2.12699
0.0243406
0.0408994
0.048993
0.0212301
0.0210747
0.0207296
0.0264966
0.0274116
1.6202
2.75819
0.0286299
0.0209088
0.0308413
0.0211709
0.0464271
0.0210485
0.0707074
0.0218461
0.326181
0.0316174
0.0217315
0.0243823
0.0378178
0.0288509
0.0725671
0.021044
0.020691
0.0213535
0.0212662
0.371995
0.0205064
0.021738
0.0276534
0.0199213
0.141769
1.26822
0.0342005
0.0213233
0.0215722
0.557268
0.165919
0.0210533
0.0212843
1.21851
0.0213025
0.0213089
0.351592
0.0243374
0.295454
0.307934
0.305243
0.030468
0.0209413
0.0213473
0.0257859
0.0210452
0.0209161
0.683617
1.10792
0.020738
0.0210154
0.0209235
0.0219535
2.14619
0.0210117
0.021944
0.0213917
0.0203896
0.0209757
0.0281653
0.0223431
0.0208954
0.0200007
0.0217066
0.020703
0.0301932
0.293108
0.0284324
0.0206923
0.0210791
0.0213075
0.0209749
0.274369
0.0213926
0.263127
0.518846
0.021057
0.020631
0.248612
0.0206864
0.0207719
0.0209408
0.0604423
0.0239708
0.0298757
0.0209423
0.0199007
0.0213629
0.243753
0.0210324
0.0216531
0.0348162
0.310843
0.0291816
0.0199468
0.273957
0.01957
0.534078
0.0209453
0.0200594
0.0206455
0.0215283
0.0211716
1.26484
0.0899674
0.261553
0.059619
0.0266087
1.84477
0.0213273
0.235211
0.0773802
0.0219507
0.264409
0.0399974
0.0462594
0.0212101
0.70954
0.0215815
0.0206657
0.0206602
0.0950406
0.302882
0.0237669
0.187702
2.58987
0.100956
0.0213232
0.0228251
0.0369652
0.121763
0.518166
0.0245985
0.0214778
0.0343294
0.185143
0.0208256
0.134566
0.0220875
0.346669
0.0205952
0.0204348
0.0261692
0.0253114
1.63807
0.0769075
0.406222
0.0209309
0.0210203
0.446979
0.349935
1.17663
0.020818
0.0222742
0.0207088
0.0209914
0.0210251
0.319157
0.17203
0.440466
0.334343
0.470673
0.0524448
0.0208792
0.021488
0.0208645
0.0205401
0.0286364
0.0210637
0.021315
0.0212734
0.0209048
0.0253533
0.291443
0.0289885
0.0207714
0.0209707
1.06706
0.027489
0.0226465
0.026539
0.0312283
0.310392
0.0209347
0.0252882
0.474374
0.020801
0.0618087
0.0210102
0.0209302
0.0208263
0.272216
0.0209217
0.020722
0.022065
0.0217232
0.0208669
0.0207637
0.353483
0.0995737
0.200874
0.0219107
0.0208316
0.363152
0.021209
0.0205199
0.0207759
0.481077
0.0213199
0.854847
0.0200968
0.0207303
0.039687
0.0439805
0.0207589
0.0390597
0.0747667
0.173392
0.0208438
0.0197462
0.0208022
0.208114
0.022102
0.0243701
0.934374
0.0209876
0.0204083
0.022014
0.0207931
1.20823
0.0209003
0.0213306
0.0209585
0.0275905
0.188713
0.021314
0.0207047
0.0214569
0.102506
0.075944
0.26441
0.0238192
0.510971
0.0206564
0.0209234
0.73733
0.102855
0.0212699
0.0209583
0.543442
0.0341653
0.0208878
0.0207969
0.0207553
0.0209422
0.0209378
0.363041
0.02169
0.0241241
0.251285
0.0555572
0.0211126
0.0375916
0.0283119
0.476885
0.0236891
0.026021
0.0212879
0.545252
0.0211991
0.0284792
0.276496
0.0217333
0.0787522
0.268219
0.0210049
0.0220394
0.532115
0.29935
0.0222542
0.0207394
0.0204928
0.683438
0.0208814
0.0207368
0.0264321
0.0236815
0.0209575
0.0249544
0.211721
0.0206393
0.0235994
0.0219822
0.0207977
0.0205746
0.0209237
0.0205198
0.482029
0.0219778
0.0225154
0.0207201
0.0199907
0.0207313
0.0208591
0.0221197
0.0268151
0.0233187
0.538955
0.0209779
0.0208907
0.0248535
0.0207558
0.0199574
0.0220721
0.337333
0.0208098
0.49539
0.0253196
0.519866
0.0202096
0.524775
0.401488
0.307835
0.0204323
0.0209554
0.446137
0.020957
0.283598
0.021066
0.0255221
0.022626
0.0209911
0.264929
0.52713
0.268211
0.298679
0.0248174
0.0207224
0.0208177
0.107686
0.306904
0.0208796
0.0214301
0.0200355
0.0214649
0.0204444
0.368791
0.0206842
0.0202625
0.0215012
0.0217272
0.0360943
0.025261
0.0219782
0.0207192
0.0205225
0.126543
0.0249147
0.0196885
0.871813
0.0348237
0.0254705
0.0253328
0.0270111
0.0204284
0.0208629
0.0476058
0.311583
0.283012
0.020957
0.0206028
0.483378
0.154906
0.0243088
0.020822
0.0245009
0.0206647
0.0216884
0.0223727
0.0235449
0.0198866
0.0207438
0.0204198
0.020796
0.0206687
0.0225436
0.020652
0.0666632
0.451949
0.020605
0.0208225
0.0199593
0.0209884
0.0213922
0.02097
0.383456
0.565103
0.020897
0.0221417
0.32746
0.0211328
0.0686281
0.278233
0.250659
0.0206194
0.246286
0.027191
0.135129
0.0235398
0.0207146
0.166193
0.275739
0.151628
0.0220324
0.0203635
0.290633
0.300684
0.0206179
0.0206875
0.0207453
0.0236773
0.0312487
0.0214635
0.0207059
0.0205733
0.577127
0.0502245
0.0308233
0.020802
3.11065
0.370635
0.0205111
0.0250402
0.0210077
0.0208322
0.0208431
0.101936
0.0208126
0.112605
0.0207833
0.0206907
0.0208116
0.0204894
0.0210098
0.0266625
0.0199729
0.0206239
0.0316359
0.0205789
0.0217084
0.0205571
0.0202645
0.575646
0.0662556
0.0208496
0.434945
0.0208882
0.0206055
0.0294731
0.0230467
0.206447
0.0199103
0.0205421
0.021412
0.0206519
0.0465626
0.0205069
0.0208096
0.0320282
0.0196471
0.0210406
0.0209401
0.0207674
0.0309992
0.0210414
0.0443623
0.246257
0.0231026
1.03938
0.0199393
0.0205429
0.0685351
0.020777
0.500783
0.0199678
0.415092
0.401327
0.020094
0.0205221
0.0212585
0.306025
0.0208892
0.0208918
0.163988
0.0455839
0.177244
0.0223488
0.271297
0.0196613
0.321459
0.447599
0.342846
0.308377
0.0232198
0.231013
0.0206002
0.0208121
0.0279408
0.334177
0.0211888
0.0207171
0.0210124
0.474856
0.0201261
0.0201129
0.236138
0.0205559
0.311702
0.0208301
0.450111
0.031895
0.0226411
0.0212298
0.0207896
0.0209231
0.0295741
0.840169
0.245179
0.0333797
0.424233
0.355007
0.021104
0.023597
0.451978
0.0214675
0.0205818
0.367076
0.245324
0.464598
0.298237
0.23765
0.0277076
0.0212543
0.0209738
0.237152
0.337138
0.198898
0.451328
0.0197034
0.0213512
0.0221536
0.213202
0.435792
0.0206221
0.0241368
0.537785
0.0215902
0.0229515
2.08172
0.407476
0.0502047
0.0223525
0.0207703
0.184274
0.021015
0.0196728
0.393228
0.0213213
0.0202458
0.184703
0.0201662
0.0205386
0.33059
0.657451
0.404062
0.020244
0.264894
0.0204705
0.194577
0.296284
0.174017
0.02094
0.217052
0.0251294
0.113744
0.0204145
0.0204989
0.194995
1.09026
0.185516
0.0207038
0.0207699
0.020373
0.0206403
0.0325081
0.0208789
0.191176
0.0223657
0.193476
0.0202753
0.330871
0.0211138
0.0203952
0.0206866
0.350665
0.351252
0.0196479
0.0199019
0.0204216
0.0204866
0.256985
0.020539
0.170497
0.0234973
0.0339258
0.247178
0.169197
0.102595
0.193617
0.0315438
0.0280395
3.64943
0.048017
0.213551
0.145659
0.328969
0.0205557
0.0286819
0.209438
0.0205093
0.492337
0.433482
0.0595662
0.340006
0.0204954
0.267019
0.101191
0.482881
0.0214786
0.0206386
0.94566
0.0498728
0.192524
0.0207524
0.298773
0.0210577
0.258613
0.533642
0.175686
0.0207358
0.022031
0.172616
0.334434
0.0203977
0.249833
0.101356
0.23787
0.0210308
1.35697
0.0204748
0.22153
0.340356
0.301345
0.159598
0.235511
0.0245369
0.150701
0.0237059
0.122032
0.0213418
0.258927
0.0213968
0.0206201
0.0296265
3.43894
0.021334
0.258445
0.280831
0.0461926
0.0432899
0.107519
0.020167
0.261984
0.0266145
0.331018
0.0206811
0.0214513
0.0214407
0.336185
0.0203963
0.33693
0.329797
0.0310336
0.0217124
0.022279
0.0198249
0.123597
0.382428
0.0200807
0.0577782
0.0755825
0.654143
0.173092
0.0206346
0.0213281
0.0205873
0.024549
0.0212364
0.0205961
0.0348921
0.0226911
0.0213412
0.0198766
0.0205773
0.0238737
0.107084
0.0214223
0.273228
0.0206633
0.0206714
0.0269004
0.0248924
0.0214399
0.0207207
0.0204801
0.170569
0.326382
0.020646
0.410292
0.324632
0.0213902
0.0648766
0.0492371
0.295227
0.336848
0.342766
2.03787
0.0251132
0.309266
0.44026
0.234465
0.0331245
0.0203801
0.0205275
0.312467
0.0203541
0.260605
0.0282039
0.0216581
0.0204316
0.0222534
0.0208594
0.310549
0.0204068
0.128344
0.0354457
1.21504
0.0201144
0.0240207
0.0206154
0.0198786
0.0235284
0.0203586
0.0200443
0.0205254
0.0282735
0.0243981
0.0274844
0.256259
0.0237716
0.019635
0.268617
0.0519059
0.0216365
0.0208168
0.302662
0.0393832
0.0270375
0.338648
0.0205872
0.450156
0.246986
0.023089
0.0223146
0.0205693
0.348939
0.0232056
0.0205586
0.021155
0.0262575
0.0423263
0.0204866
0.0232808
0.492541
0.0208486
0.194288
0.0214219
0.0215585
0.0539461
0.0498137
0.0389026
0.0212253
0.020208
0.0211531
0.570041
0.0205353
0.0457344
0.250793
0.0299436
0.141363
0.0214003
0.0254792
1.33637
0.0730015
0.288526
0.0412205
0.0221879
0.0650124
0.0209294
0.0199192
0.311861
0.0203815
0.0248332
0.341721
2.14803
0.0201095
0.0278325
0.0217845
0.0253858
0.0276166
0.311522
0.335211
0.0222839
0.105589
0.324919
0.0222179
0.0204833
0.0308352
1.86296
0.0207774
0.177983
0.0204103
0.0201325
0.208229
0.169976
0.0210257
0.020918
0.228388
0.330454
0.0202311
0.0845822
0.0205554
0.286885
0.244206
0.0275368
0.0208666
0.26532
0.324526
0.280875
0.166696
0.0207887
0.0201463
0.020219
0.268384
0.208263
0.0212547
0.267163
0.20869
0.0203867
0.0231358
0.214021
0.0886857
0.0205455
0.30628
0.0206732
0.287649
0.172046
0.275201
0.905147
0.0212616
0.0471256
0.0222033
0.0213468
0.0202301
0.0209784
0.0209051
0.347768
0.0202212
0.0265313
0.110078
0.0501926
0.0199014
0.0221147
0.145588
0.0226541
0.0209654
0.0215669
0.35816
0.051894
0.263503
0.0212781
0.0614358
0.290142
0.0241311
0.298735
0.0293294
0.0436398
0.0210869
0.317384
0.350474
0.933814
0.0199834
0.0581378
0.019671
0.0410851
0.33933
0.0208207
0.410883
0.0211359
0.298336
0.020605
0.335916
0.275311
0.0266079
0.592176
0.0207163
0.0431749
0.541668
0.0208032
0.407427
1.27785
0.0210853
0.0200509
0.324081
0.0208783
0.0203835
0.0401209
0.0209412
0.0248405
0.310722
0.0224179
1.44284
0.0214513
0.0212895
0.0200351
0.262581
0.338793
0.020727
0.0260515
0.370642
0.288511
0.0203931
0.379497
0.0414792
0.274174
0.0199798
0.34184
0.336808
0.0334851
0.0424152
0.0199323
0.0204978
0.0225432
0.0209152
0.0212394
0.0211219
0.0147835
0.0211867
0.315783
0.0205619
0.0200827
0.019838
0.287122
0.238843
0.324929
0.0236662
2.01045
0.0370187
0.0257363
0.0273448
0.0229397
0.292786
0.0198877
0.0205182
0.021051
0.245116
0.0232332
0.0204856
0.259217
0.0225556
0.021227
0.0226534
0.0210153
0.020127
0.217097
0.0199276
0.0207501
0.0200775
0.294465
0.150341
0.318401
0.0203112
0.0196263
0.0201807
0.0235631
0.0207411
0.0303705
0.0219077
0.0201121
0.0206711
0.0291235
0.259035
0.461423
0.0316589
0.0222604
0.117058
0.313232
0.0222224
0.34146
0.332332
0.0213147
0.030476
0.48433
0.302869
0.331875
0.319891
0.0377543
0.0211282
0.260486
0.0200081
0.0219474
0.0212446
0.0209161
0.0266071
0.274004
0.0243292
0.253213
0.0203901
0.0244483
0.0198482
0.0208648
0.0226874
0.294754
0.0196127
0.241653
0.0226687
0.020921
0.0201056
0.0198381
0.1069
0.0292592
0.281951
0.0204173
0.319247
0.266114
0.02023
0.020479
0.30471
0.0214824
0.239652
0.337888
0.0199004
0.238871
0.0198814
0.020548
0.379557
0.0219604
0.0213281
0.0223906
0.0197213
0.255948
0.0307195
0.242186
0.0281685
0.272426
0.0200689
0.0209302
0.020558
0.17696
0.0241265
0.0204113
0.296115
0.0206698
0.0211164
0.0265209
0.113256
0.310111
0.0328431
0.0670065
0.330059
0.0468915
0.0198666
0.256731
0.330255
0.292937
0.0200779
0.0593295
0.0202962
0.020623
0.0296391
0.0380735
0.325478
0.0198702
0.0200731
0.368609
0.324669
0.0210068
0.0198858
0.0199272
1.50363
0.0204899
0.0277115
0.437005
0.0233255
0.320176
0.198434
0.126068
0.0202851
0.103238
0.019934
0.0205839
0.0222269
0.0269909
0.0226259
0.0206785
0.0205054
0.0237901
0.0207577
0.399716
0.200841
1.64225
0.380734
0.301688
0.0209329
0.273878
0.181203
0.022613
0.0196911
0.233853
0.0225511
0.0209443
0.0230233
0.266847
0.0207339
0.0213425
0.197468
0.280425
0.291098
0.208428
0.510318
0.186759
0.0255837
0.0284541
0.285713
0.0209971
0.0206891
0.0213425
0.0222103
0.0302552
0.259706
0.0206587
0.020683
0.0204698
0.0200584
0.0205323
0.0209628
0.0201998
0.0375211
0.0203242
0.0202825
0.0201878
0.265266
0.262365
0.0204568
0.311949
0.188288
0.0208423
0.0773262
0.0217424
0.333872
0.398823
0.020351
0.165498
0.0230727
0.106358
0.360812
0.25971
0.0213017
0.0212511
0.0222046
0.0235618
0.258927
0.257857
0.252162
0.0199997
0.190431
0.0203317
0.0234487
0.0200624
0.289388
0.338225
0.265964
0.0276613
0.0918277
0.0203761
0.156631
0.0213025
0.0218573
0.0679882
0.019942
0.146376
0.417787
0.0201303
0.248826
0.0202314
0.33692
0.021232
0.253812
0.0228904
0.0207655
0.258182
0.0238152
0.0198637
0.0244361
0.253568
0.186237
0.293744
0.140986
0.0232781
0.0229185
0.0207171
0.0305838
0.0224305
0.0206331
0.342967
0.0204876
0.0202154
0.0204408
0.0857309
0.263129
0.0204883
0.283174
0.0203906
0.29307
0.034596
0.234436
0.0208327
0.0210276
0.296898
0.0207671
0.0200148
0.0203431
0.289346
0.0201685
0.282097
0.0208315
0.265566
0.259918
0.0205576
0.0223379
0.0207787
0.286439
0.0207516
0.268978
0.0199795
0.0199424
0.0200139
0.0246014
0.0495788
0.0209926
0.0210945
0.24631
0.020798
0.339473
0.22871
0.24876
0.315658
0.020008
0.0200539
0.242662
0.329313
0.0222252
0.228634
0.02281
0.0377227
0.0199506
0.0277822
0.25302
0.0211896
0.0202498
0.0219234
0.0232567
0.0203764
0.269907
0.0205668
0.355941
0.340353
0.0200998
0.0207939
0.337934
0.267825
0.0596521
0.0204691
0.297761
0.0204163
0.329648
0.115712
0.0199217
0.0202122
0.303896
0.263404
0.247405
0.0447432
0.255153
0.038712
0.283245
0.0282106
0.255938
0.0200047
0.0212752
0.170174
0.0228932
0.0198285
0.0198907
0.143355
0.0210821
0.0204308
0.0202305
0.0206334
0.0216457
0.0275606
0.119102
0.266818
0.273532
0.0201795
0.246528
0.189278
0.0205647
0.0298809
0.255887
0.269882
0.0201553
0.29474
0.0201284
0.0223542
0.0203873
0.179298
0.262542
0.0625028
0.0199355
0.0205035
0.126956
0.0200926
0.0202113
0.0187057
0.448906
0.0494843
0.0228433
0.0248445
0.244213
0.0198962
0.0292029
0.304217
0.022259
0.299573
0.0200178
0.020469
0.0429215
0.0219736
0.0215157
0.252416
0.267155
0.0237303
0.0201144
0.504146
0.29408
0.019952
0.020567
0.0218423
0.0200225
0.0203871
0.0201052
0.537431
0.0212398
0.0394904
0.0206381
0.0206033
0.0198639
0.0202572
0.280032
0.0208281
0.0429421
0.267125
0.0211271
0.0196842
0.265833
0.183017
0.022449
0.251536
0.178146
0.195095
0.266108
0.0313262
0.243202
0.0350053
0.0244102
0.077158
0.0208186
0.0203228
0.0208271
0.0211863
0.0204671
0.0200941
0.16328
0.0219455
0.0199329
0.0198278
0.0222238
0.0206394
0.0198571
0.0238485
0.0199459
0.476313
0.17256
0.250398
0.0204206
0.338468
0.020079
0.360627
0.0291257
0.0203542
0.0210696
0.0200312
0.267864
0.269172
0.0221143
0.0200364
0.428212
0.0230411
0.0245084
0.0263289
0.0199934
0.030099
0.0317825
0.0202279
0.326308
0.0222329
0.0198084
0.521505
0.218946
0.228884
0.0208666
0.0201372
0.330047
0.0202863
0.0219043
0.0205262
0.0206757
0.0231975
0.0846054
0.149773
0.140889
0.0202872
0.235091
0.0334284
0.0200879
0.0474894
0.0201445
0.0200743
0.0267632
0.0199642
0.0199326
0.44611
0.248994
0.0338581
0.0316771
0.242015
0.0265519
0.019949
0.0312851
0.385504
0.11892
0.0199346
0.278528
0.019826
0.28059
0.0219713
0.223974
0.2524
0.0200549
0.0208938
0.0202259
0.0197844
0.208
0.0204357
0.0198184
0.0201037
0.260775
0.0206408
0.0199045
0.0201618
0.0329332
0.269149
0.0197879
0.0257993
0.0213087
0.250037
0.0200938
0.0417091
0.0348827
0.164119
0.021258
0.0201623
0.0201286
0.0200257
1.23721
0.0261684
0.0198756
0.0345432
0.0292698
0.0215661
0.0231576
0.0197664
0.0222732
0.266036
0.0262381
0.0720122
0.0536684
0.0198532
0.0222804
0.0207283
0.0219572
0.422379
0.347446
0.022185
0.0208158
0.372646
0.20143
0.0205395
0.0211991
0.0208402
0.0276377
0.259984
0.0199764
0.0674959
0.2515
0.0226813
0.0198076
0.0263614
0.0214197
0.0197448
0.0218007
0.0273366
0.0222547
0.307563
0.0201062
0.0213336
0.0200896
0.0291965
0.0212867
0.0748173
0.0972782
0.0217248
0.0226004
0.021261
0.0536735
0.020592
0.0197288
0.0212269
0.0207637
0.0205633
0.217314
0.0196975
0.0197645
0.0201693
0.0210325
0.336623
0.0212541
0.0231851
0.0198466
0.0274712
0.178399
0.486397
0.0266126
0.0197113
0.888003
0.0227188
0.0208585
0.0196642
0.0196962
0.0199487
0.291217
0.0208482
0.022927
0.0203134
0.263937
0.356992
0.0210409
0.0218555
0.0203982
0.276051
0.269796
0.019668
0.020567
0.020969
0.0217634
0.0205134
0.344512
0.0215224
0.250607
0.023033
0.0205675
0.0219891
0.0205233
0.195632
0.0198545
0.0196284
0.021711
0.0228779
0.0228855
0.0196507
0.312519
0.0211359
0.0206963
0.0206547
0.0231888
0.0196448
0.0212367
0.0211133
0.0199425
1.55178
0.0970775
0.0228284
0.019807
0.019832
0.0219026
0.268349
0.176245
0.256086
0.06279
0.0196365
0.0212119
0.269504
0.0216506
0.0197198
0.0238217
0.0209717
0.256613
0.252846
0.0219352
0.0235129
0.226553
0.021775
0.0516599
0.0203928
0.023336
0.0199255
0.0196131
0.0227317
0.0227473
0.0202032
0.26828
0.0203643
0.0276053
0.0928023
0.338367
0.0198674
0.246635
0.268362
0.0208441
0.0196752
0.0217203
0.0198281
0.279596
0.019987
1.01217
0.276482
0.019629
0.0199231
0.0198387
0.0197562
0.0200067
0.0198724
0.26352
0.0197895
0.0201268
0.0239093
0.0212169
0.0201449
0.0199959
0.0202204
0.262014
0.15383
0.0202103
0.367312
1.66899
0.0215538
0.297444
0.0209593
0.0198838
0.0205951
0.0199281
0.0283512
0.0225889
0.0199052
0.0219296
0.240933
0.0196945
0.0198902
0.0203473
0.265874
0.0198856
0.0550373
0.0202968
0.0200584
0.0201144
0.0213592
0.0201793
0.0196606
0.0321154
0.0199285
0.01966
0.0203752
0.0199584
0.0196323
0.0196243
0.0200055
0.0213931
0.0199333
0.262839
0.0198431
0.0208595
0.019716
0.020631
0.156827
0.0196157
0.0198537
0.0226526
0.257018
0.0220608
0.0202736
0.0209919
0.0219206
0.0754415
0.192329
0.0224117
0.0224042
0.125249
0.0208865
0.0203496
0.246998
0.0216526
0.197112
0.01996
0.020515
0.176888
0.159828
0.0210915
0.0200681
0.019601
0.0202619
0.0200663
0.0204903
0.0223938
0.183273
0.0197084
0.0208688
0.331756
0.0227035
0.0226911
0.342392
0.0201525
0.0740918
0.111216
0.0201308
0.0209648
0.0207922
0.216572
0.0203487
0.0223944
0.211913
0.0981743
0.267991
0.0382415
0.136886
0.252612
0.0353013
0.0203955
0.0336804
0.0206882
0.0231257
0.0221154
0.0201903
0.0285716
0.0200898
0.0218637
0.0288269
0.117699
0.0203366
0.0196505
0.0204209
0.0201339
0.0252617
0.0205379
0.0209052
0.290284
0.0210039
1.43495
0.388857
0.236053
0.0199064
0.0196771
0.022392
0.0224169
0.0207075
0.0202092
0.0203655
0.0289848
0.019796
0.0213037
0.193625
0.174566
0.020611
0.0224072
0.0203567
0.0208438
0.0231677
0.0195931
0.0260486
0.0198462
0.020482
0.0237864
0.0202024
0.289239
0.0202076
0.0215745
0.298832
0.020244
0.022416
0.0321338
0.0224934
0.0199017
0.0205281
0.244805
0.0216208
0.020279
0.0197823
0.0200824
0.066129
0.0201466
0.0224089
0.024213
0.0424159
0.14783
0.0224851
0.0224501
0.0198358
0.0206394
0.0212416
0.24629
0.0206737
0.0202112
0.0387581
0.0224167
0.0205392
0.0214479
0.0213955
0.0202428
0.0224371
0.115238
0.0290532
0.0224602
0.020332
0.0225209
0.02133
0.0223969
0.0224021
0.0197956
0.019557
0.0195516
0.241482
0.0207619
0.0204532
0.0199181
0.0203715
0.0219707
0.0217516
0.0224082
0.10766
0.0196626
0.257188
0.0588024
0.0224456
0.0214154
0.0199047
0.0270377
0.0224644
0.0197822
0.0200055
0.023144
0.0230852
0.0231204
0.0231391
0.023013
0.0230607
0.0231008
0.023124
0.0230385
0.0230438
0.0230679
0.0229963
0.0229652
0.0230214
0.022989
0.0229727
0.0225498
0.0224759
0.0224828
0.0224111
0.0225449
0.0224164
0.0224306
0.0228024
0.0224996
0.0229493
0.0224213
0.0224095
0.0224738
0.0224085
0.022903
0.0227921
0.022771
0.19657
0.0225216
0.022478
0.0533548
0.0199599
0.021615
0.0227556
0.0226137
0.185233
0.0225633
0.0224241
0.0224295
0.0223952
0.0224383
0.0224428
0.210062
0.198144
0.206821
0.0195368
0.019565
0.019634
0.0228523
0.0227777
0.0226765
0.0224069
0.0198789
0.0195373
0.0225405
0.019545
0.195472
0.194708
0.0196224
0.200204
0.195545
0.0195442
0.0195888
0.199455
0.0225305
0.0195304
0.197395
0.0195955
0.0204787
0.0201907
0.0199761
0.0217778
0.0198622
0.275243
0.0198895
0.0198853
0.260183
0.0208552
0.0206351
0.0197718
0.0198117
0.020021
0.298896
0.288559
0.0227105
0.0206594
0.0203419
0.184506
0.0236562
0.0224676
0.0196024
0.0198699
0.0217475
0.268313
0.0218071
0.0223904
0.310793
0.25841
0.0202737
0.0197752
0.0205994
0.0207177
0.0210922
0.0196223
0.0196066
0.021139
0.0240309
0.0201758
0.04667
0.019592
0.0213363
0.0344111
0.0196195
0.0200623
0.136106
0.0202725
0.270008
0.0210889
0.0228018
0.0216148
0.0198141
0.0203741
0.0216729
0.019673
0.116812
0.0203353
0.604123
0.0247039
0.267922
0.0202211
0.29227
0.0208926
0.159368
0.0198612
0.01969
0.137931
0.0199624
0.021311
0.0251551
0.0332006
0.020761
0.0198033
0.0224106
0.264313
0.264715
0.0205071
0.0199357
0.315488
0.0206087
0.0276868
0.0224075
0.0200728
0.240317
0.0213231
0.0196567
0.0199814
0.0209591
0.0263552
0.0214727
0.0202715
0.0253603
0.12676
0.0197685
0.0199949
0.241379
0.020762
0.0210586
0.0209279
0.019626
0.290763
0.0206783
0.021401
0.0199535
0.0197255
0.258431
0.0854708
0.0216283
0.0202657
0.0200119
0.0207491
0.0202002
0.202808
0.0255297
0.0210258
0.0199264
0.291607
0.253675
0.234476
0.0196505
0.0221908
0.0241029
0.0241693
0.0216567
0.0197544
0.019984
0.0205229
0.020959
0.267771
0.0415781
0.256546
0.0204766
0.019641
0.228268
0.0196425
0.105156
0.0200857
0.0199928
0.0196303
0.019832
0.0224483
0.0213016
0.0217527
0.0204763
0.0213773
0.0198615
0.0199708
0.0198413
0.0204745
0.26682
0.0243669
0.0197363
0.0208688
1.58552
0.0198522
0.0197017
0.259716
0.0210274
0.0219378
0.19184
0.0196059
0.0212367
0.0223951
0.0214974
0.0214008
0.282989
0.0204549
0.0216101
0.0196104
0.310671
0.277884
0.166293
0.15055
0.0204912
0.0207314
0.0195723
0.173501
0.0209249
0.197796
0.0195886
0.0201403
0.19813
0.0196225
0.0644826
0.138479
0.0225739
0.0197393
0.31808
0.0287347
0.030718
0.0196238
0.0214001
0.01997
0.0200908
0.351058
0.0198568
0.064571
0.0196744
0.020431
0.0249175
0.0205919
0.0208585
0.0313919
0.0210647
0.0196568
0.028233
0.0241634
0.0254461
0.0215
0.279284
0.312202
0.0196166
0.131061
0.0203962
0.0206793
0.285003
0.0790844
0.0997541
0.0209097
0.0209652
0.0218168
0.0206703
0.0196094
0.0207976
0.0209568
0.0235807
0.0202923
0.0199263
0.0195917
0.0206467
0.0266766
0.0196408
0.0883071
0.0205028
0.0204269
0.387386
0.0196393
0.372076
0.345778
0.0225662
0.020221
0.0214031
0.0195757
0.0205548
0.250723
0.0259587
0.334397
0.0196236
0.0197128
0.288593
0.0196831
0.0210757
0.0197979
0.179298
0.29722
0.037823
0.258417
0.0224268
0.0205207
0.0204165
0.0199361
0.02174
0.0309922
0.0198269
0.019591
0.0215009
0.02841
0.019953
0.0201993
0.0211002
0.0206646
0.0197298
0.0200766
0.019756
0.0197894
0.0197807
0.0228168
0.0202653
0.0197321
0.0206668
0.0211279
0.0196751
0.0507558
0.0210556
0.0197477
0.0199192
0.0212316
0.0272215
0.0214613
0.0212106
0.0200329
0.0313445
0.290903
0.0203264
0.0256434
0.0214366
0.0228672
0.0197399
0.02154
0.0223112
0.0200903
0.0484687
0.020869
0.0197329
0.0202212
0.241687
0.020338
0.019693
0.0197891
0.0213592
0.0199634
0.0212679
0.351498
0.0204166
0.0202385
0.0841843
0.0206965
0.0201606
0.0208579
0.0217232
0.0201148
0.278819
0.0198865
0.0201085
0.0199366
0.0198051
0.0197321
0.0213903
0.0197073
0.0197111
0.0228027
0.0336788
0.0204194
0.0197579
0.0197783
0.0214383
0.0219113
0.0204601
0.022943
0.373833
0.0199958
0.0201706
0.0196075
0.264803
0.0231326
0.0209222
0.2497
0.0205541
0.0205884
0.245113
0.020371
0.0206535
0.0197169
0.0206623
0.0204368
0.238117
0.0197246
0.0221298
0.0213468
0.0259814
0.023099
0.0203219
0.0199546
0.0197078
0.020977
0.0201235
0.110303
0.0197763
0.541311
0.0195977
0.387492
0.0207352
0.0201776
0.0431488
0.0195783
0.0208558
0.0196029
0.0207282
0.0207226
0.0196939
0.0644523
0.0277958
0.0219345
0.0239841
0.543683
0.0198311
0.0197449
0.32403
0.0199278
0.0204331
0.0201439
0.020659
0.0197667
0.0216339
0.216175
0.0202562
0.0201338
0.0201876
0.0209811
0.019723
0.0198175
0.0210864
0.0201245
0.290332
0.0197815
0.0217467
0.0199329
0.0197594
0.0196759
0.0205904
0.027228
0.0210579
0.0214122
0.387171
0.0405473
0.0204753
0.0201621
0.0199638
0.247028
0.225613
0.0208662
0.0602664
0.0197661
0.019806
0.38694
0.0200523
0.0197404
0.0198863
0.217691
0.024871
0.0713261
0.0271117
0.665593
0.0210587
0.0196753
0.0204925
0.0200181
0.0828067
0.0201662
0.0197907
0.0266071
0.0197555
0.0601111
0.0203899
0.019937
0.0277229
0.0204652
0.0198515
0.0212323
0.0199605
0.0719789
0.0199472
0.261213
0.0196908
0.0209646
0.234764
0.0254894
0.0198236
0.0195914
0.151328
0.0229633
0.020621
0.155164
0.0219765
0.118168
0.0206256
0.0214042
0.0201873
0.211619
0.31168
0.0197461
0.217872
0.0200157
0.197714
0.0199764
0.0231676
0.0197593
0.0227282
1.0537
0.240026
0.330217
0.0214086
0.0340778
0.294498
0.020828
0.0197798
0.0340418
0.0223919
0.0198314
0.0196594
0.165887
0.0198351
0.0198669
0.0202544
0.0210107
0.269515
0.0204232
0.020105
0.0202808
0.0200437
0.197874
0.271691
0.01998
0.0212488
0.0201941
0.0403433
0.0197101
0.0200777
0.0198702
0.0491258
0.0201324
0.0198897
0.0199053
0.0208085
0.0225741
0.214923
0.0214665
0.0199017
0.0200032
0.0209284
0.224752
0.0196902
0.0196416
0.0214594
0.0196568
0.0225636
0.0205135
0.263955
0.0196973
0.05635
0.0197191
0.0207541
0.021472
0.0218167
0.0201668
0.021266
0.0299438
0.237616
0.0199948
0.0215415
0.0196608
0.0253879
0.0201793
0.0264246
0.0199601
0.220774
0.0200333
0.194141
0.0199803
0.0209041
0.0228255
0.0207415
0.0277318
0.020523
0.0203222
0.0251339
0.020044
0.0204481
0.22319
0.594464
0.232093
0.0200371
0.0216459
0.0282146
0.243499
0.0196816
0.208994
0.0205489
0.0197706
0.0202255
0.0198028
0.0200207
0.0208207
0.0233192
0.0262161
0.0204929
0.233465
0.460136
0.0537739
0.0208545
0.26275
0.924253
0.267199
0.255252
0.0203781
0.021859
0.0211431
0.0207502
0.0199542
0.218199
0.0328826
0.0199811
0.13334
0.24873
0.875745
0.0199325
0.0206911
0.0213715
0.252924
0.0231893
0.38089
0.249956
0.0254109
0.0207865
0.0206206
0.040813
0.242913
0.0201778
0.0207592
0.0203977
0.0214855
0.110227
0.128205
0.0198854
0.150886
0.0215905
0.0200645
0.747116
0.0200604
0.0213937
0.0270801
0.0202546
0.0203869
0.0199802
0.0858224
0.152001
0.0211796
0.0200204
0.0205597
0.0201127
0.0196944
0.0203522
0.268272
0.0213151
0.0199554
0.0208211
0.289575
0.021003
0.132833
0.0198141
0.210506
0.0208198
0.0203497
0.0201207
0.352826
0.0912891
0.0213302
0.0213183
0.11596
0.36393
0.0341184
0.0198532
0.0219051
0.0363553
0.0356452
0.0214702
0.223485
0.0200469
0.0682244
0.0200188
0.0211262
0.0201008
0.0210769
0.343231
0.0212299
0.172394
0.0200566
0.240781
0.0199961
0.0197207
0.0197148
0.0203269
0.192356
0.0277572
0.0202564
0.0223597
0.185276
0.290675
0.0449561
0.177652
0.0201715
0.281786
0.706477
0.222704
0.0197039
0.058537
0.0207094
0.573434
0.020127
0.0201378
0.275761
0.0203952
0.286037
0.0209021
0.021106
0.0210389
0.0919391
0.0203225
0.0207376
0.220316
0.222313
0.23031
0.579184
0.0199601
0.0206798
0.0201627
0.253323
0.0204651
0.280335
0.0203038
0.020192
0.0218328
0.0202009
0.0201431
0.0202341
0.0199469
0.0204601
0.596428
0.0619754
0.228991
0.0201734
0.020901
0.390053
0.0198404
0.0208189
0.0776605
0.27787
0.274775
0.214135
0.0221833
0.0217518
0.0199489
0.0454883
0.384633
2.46227
0.0203503
0.0200947
0.020282
0.0199612
0.0538718
0.0208505
0.0201341
0.0209067
0.0205607
0.0354789
0.0211028
0.0234777
0.0205488
0.0692618
0.129304
0.0200858
0.0206397
0.298413
0.0203543
0.0202219
0.0205336
0.0199948
0.0204142
0.0201986
2.33032
0.021077
0.0575375
0.0209195
0.0203218
0.174507
0.0199762
0.346796
0.0253365
0.292653
0.021049
0.0209594
0.0199954
0.0266796
0.0223328
0.0264164
0.0220759
0.0228065
0.0207661
0.319844
0.249445
0.159933
0.178155
0.0398725
0.1494
0.245788
0.0227794
0.340766
0.11317
0.0204266
0.0786694
0.275321
0.273737
0.289971
0.0252932
0.0292382
0.282948
0.0215833
0.0203863
1.16976
0.0201482
0.0253472
0.0197381
0.0212128
0.0205007
0.0204047
0.253915
0.0213288
0.0202071
0.682504
0.0204904
0.0205164
0.0201424
0.126926
0.0296721
0.0201448
0.0200256
0.0701758
0.0201625
0.0206903
0.0266642
0.0209389
0.0200715
0.0203033
0.027626
0.0209303
0.0203761
0.0199951
0.0223916
0.0202865
0.261897
0.0209234
0.146051
0.106046
0.0203536
0.239498
0.0200175
0.0303971
0.0234831
0.0227804
0.0255758
0.0259935
0.0339865
0.0201735
0.286527
0.0202235
0.243091
0.0200162
0.0214972
0.0200463
0.522066
0.0197876
0.0205327
0.0205574
0.0201398
0.0202048
0.0202093
0.0210755
0.156934
0.0215575
0.024115
0.264627
0.236989
0.0236722
0.0200173
0.3282
0.12258
0.0208259
0.0211466
0.026675
0.280754
0.0206243
0.134568
0.0202706
0.241555
0.0199801
0.242821
0.34615
0.0232159
0.019976
0.0204254
0.261266
0.0213738
0.295302
0.25906
0.315803
0.0212207
0.019993
0.0315147
0.0222342
0.0204812
0.0774817
0.0209354
0.0366368
0.108425
0.0201299
0.094654
0.258735
0.0318002
1.1418
0.0213423
0.0203754
0.0205209
0.0201934
0.0207531
0.0201945
0.0203115
0.0210666
0.0205485
0.0601771
0.0201756
0.0406773
0.0209632
0.0206072
0.0203425
0.0197068
0.112454
0.0200852
0.0202698
0.0211106
0.158094
0.496399
0.02186
0.0326603
0.0198102
0.0239266
0.285558
0.0211464
0.0204371
0.0258993
0.233013
0.0201434
0.282014
0.021637
0.0207419
0.0203213
0.275907
0.241248
0.0253794
0.0197334
0.260966
0.0289584
0.0209812
0.240414
0.0200751
0.0878885
0.0201897
0.0947754
0.386839
0.0215886
0.269862
0.020197
0.0197834
0.0216067
0.109332
0.237195
0.0891308
0.0199677
0.0201725
0.0204097
0.184347
0.0201732
0.34702
0.287784
0.064328
0.0439525
0.0207728
0.021026
0.0202969
0.0202254
0.38183
0.23488
0.0198297
0.0227932
0.166466
0.0432161
0.0198513
0.020157
0.0203269
0.0201944
0.0202887
0.260839
0.0217677
0.22058
0.0220704
0.331958
0.0201809
0.0867083
0.278626
0.0201512
0.0369497
0.11566
0.21609
0.0199691
0.0201111
0.0206972
0.148217
0.0199604
0.209391
0.041598
0.020287
0.020883
0.582745
0.0202405
0.248995
0.0774158
0.576482
0.166142
0.361775
0.0203866
0.0537715
0.189941
0.0219577
0.0944138
0.231669
0.0204257
0.238981
0.21612
0.0198119
0.0226142
0.0561575
0.287183
0.0197588
0.0204361
0.393946
0.0283863
0.0210801
0.0201081
0.0234378
0.296305
0.241625
0.0205808
0.0204078
0.0198688
0.0197757
0.205921
0.0199413
0.261
0.228567
0.0212274
0.0232394
0.0199789
1.34784
0.0204674
0.0207726
0.0373867
0.522926
0.0207914
0.23213
0.303577
0.0239758
0.0200626
0.0209447
0.0203944
0.863576
0.020026
0.0224262
0.0201985
0.391878
0.019914
0.0244956
0.0201891
0.22324
0.244353
0.0204307
0.0200616
0.0197511
0.0210202
0.0202256
0.0211763
0.0228715
0.024619
0.0204367
0.0203115
0.267378
0.21665
0.198708
0.222091
0.0222089
0.0206371
0.0202712
0.094161
0.0208156
0.0201578
0.0206001
0.274631
0.376539
0.0387337
0.023569
0.257883
0.0317964
0.0578326
0.252942
0.0204178
0.073917
0.0215259
0.070577
0.0202443
0.0199549
0.250352
0.220458
0.0204768
0.0621871
0.021424
0.300179
0.245473
0.0199943
0.025287
0.379066
0.0198958
0.0268726
0.261267
0.0204885
0.0247843
0.0209023
0.0199222
0.0212222
0.0204265
0.0212161
0.0206585
0.0869525
0.021387
0.0269107
0.0205254
0.0203352
0.0204338
0.0213204
0.0213873
0.0285454
0.0212892
0.207626
0.243696
0.0772947
0.0201595
0.044139
0.387936
0.104353
0.0246916
0.260754
0.0206492
0.0202922
0.539182
0.0229859
0.245009
0.0205263
0.0216827
0.0202502
0.247578
0.0212771
0.0213514
0.0698002
1.67942
0.0207533
0.0212406
1.05881
0.0208144
0.149269
0.284999
0.0197456
0.258436
0.248456
0.0745064
0.024667
0.217109
0.0214529
0.349202
0.0199676
0.0213893
0.0203416
0.022109
0.0258582
0.379356
0.210328
0.0204957
0.0205187
0.389926
0.0204664
0.153981
0.0202108
0.257857
0.386047
0.0261191
0.0205755
0.0221599
0.148534
0.0221018
0.0205439
0.0205706
0.0880894
0.0215877
0.0204106
0.0297504
0.0206467
0.229628
0.0204827
0.210564
0.0212531
0.0201631
0.157264
0.0226247
0.0201201
0.344777
0.0239517
0.0219176
0.0208153
0.0213986
0.0290711
0.0202443
0.327554
0.0205232
0.0213818
0.0205351
0.205633
0.125326
0.0202021
0.0207627
0.0358746
0.306583
0.0515336
0.0976532
0.023224
0.0237321
0.0205923
0.196252
0.0877935
0.0210088
0.0218636
0.0330732
0.0429161
0.0204827
0.0211715
0.380276
0.0203773
0.0412576
0.0369348
0.184428
0.0205028
0.0206595
0.02093
0.0206262
0.12056
0.167407
0.0199991
0.0222015
0.0216742
0.0460628
0.0239411
0.0248776
0.0203675
0.0216862
0.0211131
0.388655
0.393963
0.022695
0.0206255
0.0197912
0.021512
0.0205585
0.0195904
0.288952
0.164864
0.020359
0.0229173
0.0226505
0.085559
0.0452901
0.0255354
0.28473
0.0437818
0.0203177
0.37406
0.0261741
0.0214415
0.0390476
0.25773
0.0203237
0.0195793
0.0198523
0.0207263
0.0215126
0.0203014
0.0250189
0.17178
0.0199802
0.270875
0.0215556
0.0457536
0.0209882
0.0691216
0.0198485
0.0427918
0.228691
0.0218323
0.0214446
0.158677
0.0206595
2.22746
0.109255
0.0215623
0.0226931
0.344421
0.023758
0.02641
0.388302
0.020658
0.388943
0.168977
0.0213757
0.0214301
0.0216771
0.0203006
0.555613
0.0214588
0.0203031
0.0280253
0.025525
0.329877
0.44202
0.0203088
0.0228991
0.0206067
0.474256
1.59263
0.0263332
0.0213835
0.148009
0.0207701
0.0214688
0.0199659
0.0238265
0.0205278
0.0249966
0.0199957
0.0219414
0.392095
0.0293138
0.0353352
0.0200035
0.388842
0.216366
0.0382751
0.0207823
0.0199805
0.356553
0.388953
0.0220593
0.0207353
0.0202823
0.254632
0.0213126
0.0268597
0.0205
0.0206693
0.0213734
0.454683
0.0206943
0.0203495
0.242908
0.14353
0.0309424
0.0399832
0.0204414
0.35874
0.368203
0.0209086
0.0224292
0.764736
0.043284
0.0615028
0.0206735
0.258934
0.0209443
0.0233526
0.310459
0.0207974
0.0201775
0.0210261
0.0197177
0.111748
0.0203899
0.0854836
0.0203127
0.0202868
0.34456
0.0849229
0.384283
0.0208249
0.0203571
0.0216182
0.0205221
0.424928
0.0211039
0.22199
0.0203349
0.0208461
0.137857
0.383718
0.0283805
0.023813
0.0206841
0.0205236
0.458654
0.0219135
0.021339
0.0204587
0.0219625
0.0213745
0.420782
0.104769
0.390706
0.020867
0.0215241
0.386173
0.0214134
0.0234628
0.0213823
0.0205228
0.0204462
0.339735
0.0305481
0.0204384
0.0203587
0.0209165
0.0223026
0.453253
0.0204938
0.0204434
0.0217665
0.327136
0.0373055
0.357319
0.816879
0.0404156
0.021065
0.0205448
1.29201
0.0203396
0.02033
0.0422323
0.122534
0.047239
0.0204617
0.311579
0.0411391
0.0213243
0.070897
0.225156
0.0213684
0.0207221
0.0206301
0.0202955
0.0241112
0.414632
0.02057
0.0207173
0.376243
0.0212151
0.0204547
0.0213707
0.0217317
0.168908
0.0592989
0.021251
0.296857
0.0203044
0.0203298
0.0203091
0.242216
0.020289
0.0205641
0.0206021
0.0280635
0.0196879
0.0204011
0.0203593
0.0201792
0.0203837
0.0214123
0.0209765
0.0213827
0.283132
0.100658
0.290151
0.0216486
0.020462
0.181014
0.0251838
0.522961
0.0202123
0.452982
0.219018
0.0237023
0.0197029
0.0206023
0.458941
0.175105
0.205208
0.0209504
0.0204007
0.0695653
0.0209506
0.0220473
0.335069
0.0204214
0.0424977
0.0207317
0.019674
0.02301
0.0203347
0.395731
0.0229013
0.0226109
0.230544
0.15907
0.0213919
0.0206411
0.0247472
0.0210619
0.0226206
0.0201983
0.0265746
0.22574
0.346363
0.0213299
0.0220868
0.153062
0.0206757
0.0204795
0.0234454
1.18116
0.0212117
0.0239693
0.0741594
0.0279766
0.0205995
0.247057
0.333691
0.0216933
0.0206719
0.179137
0.0214819
0.270888
0.135437
0.0208703
0.430873
0.0204789
0.0208599
0.345609
0.0214366
0.336509
0.0206337
0.0209976
0.0237714
0.0213557
0.169375
0.020643
0.0209797
0.0203825
0.0208892
0.286505
0.231629
0.355356
0.022524
0.307943
0.500736
0.0208179
0.225661
0.0282924
0.394305
0.103823
0.0206547
0.250186
0.358826
0.0212084
0.035481
0.0207503
0.0670597
0.0201745
0.458463
0.340824
0.0212127
0.0388639
0.0208384
0.0213903
0.0485818
0.0204095
0.0618264
0.0339954
0.0204006
0.0202034
0.0210095
0.386097
0.020731
0.0204485
0.266258
0.0223746
0.0202872
0.020272
0.584981
0.582602
0.0213692
0.4338
0.456758
0.0198528
0.0204983
0.0204233
0.0206863
0.456538
0.583148
0.275434
0.028027
0.0227712
0.020515
0.0216229
0.021379
0.0208699
0.0210565
0.0214241
0.0253068
0.457742
0.223652
0.0251449
0.0208443
0.141246
0.0203826
0.581399
0.145174
0.219396
0.0202435
0.400277
0.18462
0.0205641
0.144795
0.0204016
0.0212887
0.0210288
0.202905
0.175981
0.282535
0.0247907
0.37517
0.0236127
0.0204568
0.020261
0.0218137
0.0221479
0.0283651
1.988
0.0269607
0.0203988
0.0204905
0.0248678
0.435473
0.0210668
0.555732
0.538948
0.541933
0.289437
0.0208037
0.020336
0.0560337
0.0209104
0.0219821
0.0255505
0.312557
0.0208113
0.0211222
0.0213316
0.383526
0.0205402
0.0212194
0.0203075
0.43127
0.0207139
0.0195925
1.8325
0.0222454
0.0210935
0.0207634
0.0219429
0.0206989
0.0216878
0.0215178
0.0201859
2.21822
0.0827552
0.0202907
0.373841
0.0248413
0.0205159
0.0232883
0.305125
0.0217225
0.519181
0.0202195
0.0210598
0.0215875
0.514505
0.0203885
0.0208213
0.0302421
1.76957
0.158532
0.0208782
0.584536
0.0243385
0.568857
0.0218385
0.020503
0.0202686
0.0547007
0.147439
0.277341
0.0203481
0.0235572
1.96555
0.019829
0.210634
0.0205066
0.0201677
0.144866
0.0206438
0.0230902
0.314095
0.0211735
1.06351
1.61578
0.0202643
0.220597
0.0247663
0.137912
0.0418926
0.215364
0.0244393
0.0233958
1.60374
0.0212664
0.0212833
0.0431975
1.26313
0.0205649
0.450015
0.64567
0.0274292
0.0277355
0.0211241
0.0242107
0.0205766
0.235421
0.297985
0.332021
0.0208536
0.0346608
0.0203235
0.0343343
0.0205993
0.020402
0.0210424
0.0207966
0.0302721
0.339008
0.220255
0.0205691
0.0203671
0.0230491
0.020504
0.0205641
0.585636
0.0208353
0.0205072
0.0197371
0.0209027
0.0246352
0.295749
0.0396796
0.0208307
0.0204428
0.0239263
0.215821
0.020977
0.020281
0.0810379
0.0207052
0.0237724
0.576922
0.0213277
0.586072
0.133826
0.0206118
0.0212621
0.0246461
0.262822
0.0220156
0.579081
0.0204222
0.0270824
0.025907
0.0208436
0.0214294
0.0227424
0.212272
0.0224739
0.0205311
0.195854
0.0209396
0.0234665
0.557654
0.0214877
0.0204452
0.0218009
0.213181
0.020552
0.0554415
0.0205045
0.0205275
0.0205033
0.0206457
0.0205516
0.0222125
0.586253
0.0507344
0.10065
0.0219145
0.0211722
0.0215699
0.0866672
0.186188
0.0208851
1.14205
0.129834
0.0208723
0.0222809
0.0292021
0.0223078
0.474341
0.361946
0.019852
0.0205828
0.0469104
0.0284352
0.0212779
0.0253523
0.528789
1.38826
0.204177
0.0203825
0.0222434
0.0206045
0.529722
0.0203227
0.0204869
0.0413371
0.28425
0.0209386
0.03755
0.0204618
0.0213246
0.0203714
0.0207236
0.020422
0.0243285
0.0207153
0.370772
0.563314
0.0206618
0.0206428
0.0343508
0.217492
0.0212409
0.0293352
0.0219441
0.0216959
0.027402
0.0202785
0.0202986
0.0702117
0.0220425
0.032007
0.728945
0.0237986
0.021147
0.022178
0.0207014
0.0212777
0.0212783
0.247932
0.0229191
0.0310329
0.0241618
0.565592
0.107422
0.0376004
0.560072
0.0208933
0.0206638
0.0206314
0.697162
0.0212622
0.0202563
0.0212641
0.0198713
0.0201898
0.0207103
0.586012
0.0221178
0.2655
0.0208879
0.164797
0.0515802
0.0206429
0.0206647
0.755263
0.302825
0.0488641
0.0299477
1.74693
0.0322327
0.281662
0.0205965
0.583766
0.0203711
0.158599
0.0207424
0.0214577
0.020607
0.0239752
0.0205177
0.172492
0.0263169
0.0206562
0.745478
0.0210134
0.0213109
0.0312541
0.15968
0.0213451
0.021704
0.0208025
0.0571431
0.0732653
0.0206549
0.0224665
0.0216779
0.0241094
0.572332
0.0204517
0.348838
0.589598
0.0195727
0.026454
0.245595
0.0212731
0.0203179
0.0225402
0.0218891
0.0211574
0.020452
0.0219907
0.138302
0.0571699
0.0207747
0.0255549
0.021051
0.0205391
0.582741
0.0212618
0.0203843
0.0217198
0.175986
0.761488
0.0413936
0.0195794
0.211381
0.0824329
0.0207437
0.136727
0.0204788
0.208029
0.0406572
0.0202956
0.12783
0.0230882
0.020934
0.020324
0.020703
0.0204929
1.32156
0.0937048
0.020687
0.0232895
0.0211539
0.0234773
0.0226385
0.0206916
0.0206207
0.0227774
0.331617
0.0213067
0.363225
0.0202688
0.0631142
0.0211139
0.341867
0.258099
0.022827
0.0210724
0.0204826
0.0207728
0.0271191
0.0207194
0.285631
0.0215219
0.0213729
0.0224728
0.0203176
0.0208082
0.0229592
0.0211689
0.0197739
0.0231855
0.326178
0.0206997
0.0209261
0.020844
0.0646356
0.0362476
0.0211747
0.306544
0.020523
0.043646
0.0232123
0.0434915
0.0203512
0.0919471
0.041245
0.0206558
0.0206031
0.393644
1.16338
0.0206537
0.025535
0.0203329
0.0212962
0.260913
0.0335298
0.0210849
0.0206569
0.0213014
0.0225809
0.848817
0.0222364
0.0207899
0.103302
0.0197227
0.292644
0.0206573
0.153725
0.0208423
0.574651
0.0204985
0.0203682
0.0202038
0.0213662
0.360193
0.436408
0.0210363
0.0202803
0.0208721
0.112981
0.0198882
0.0210871
0.0208475
0.215316
0.0212236
0.0211141
0.0207995
0.020577
0.0211928
0.0673577
0.0241227
0.0205526
0.0208844
0.0205168
0.0212777
0.0226209
0.0226341
0.0211459
0.262842
0.45874
0.0470255
0.0224516
0.0205884
1.4859
0.237778
0.0210625
0.0213567
0.0219913
0.0419222
0.0216654
0.587993
0.020529
0.0211503
0.144625
0.0213394
0.0208881
0.0450104
0.0210914
0.286749
0.0206752
0.0211499
0.509991
0.236839
0.0252639
0.0357532
0.542312
0.0211178
0.0205246
0.0236208
0.0231897
0.022179
0.0215327
0.0208225
0.0208377
0.0211284
0.0208014
0.0735109
0.0224354
0.0208868
0.0214419
0.0304948
0.432799
0.417347
0.131663
0.0278996
0.280359
0.379846
0.0209152
0.0204166
0.0214547
0.27384
0.0213021
0.0208242
0.0207599
0.229728
0.421828
0.0202969
0.024827
0.0199903
0.0214532
0.0208666
0.020897
0.0225049
0.0210671
0.023325
0.252767
0.0213348
0.0260792
0.829471
0.0197321
0.0210718
0.0209524
0.0417962
0.0211176
0.256575
0.0203071
0.0238178
0.0208906
0.0199307
0.253539
0.287506
0.372714
0.020857
0.0191434
0.0209903
0.0213354
0.0202598
0.0198998
0.02052
0.0213165
0.0345293
0.0208366
0.521688
0.0211338
0.0214107
0.0208523
0.536839
0.176057
0.0448611
0.0251164
0.0213516
0.0208667
0.0211689
0.0236619
0.570575
0.0199215
0.0216325
0.620975
0.7842
0.0210319
0.0213307
0.0205049
0.542328
0.0205103
0.0228991
0.0198769
0.0210976
0.0210384
0.0204208
0.0235024
0.0210302
0.549948
0.0214823
0.995494
0.389317
0.49879
0.550297
0.0207081
0.0205445
0.0258823
0.0253742
0.0206377
0.893274
0.0204155
0.0250083
0.0520724
0.657121
0.0204921
1.10787
0.0205453
0.0217753
0.0219206
0.0251894
0.0221096
0.0208915
0.0354958
0.0207458
0.0210152
0.0213495
0.443356
0.0209488
0.530635
0.0215013
0.587297
0.020266
0.0212282
0.0210265
0.0209278
0.0206544
0.0206384
0.0322059
0.617657
0.115872
0.0289021
0.733653
0.0211205
0.675762
0.0212019
0.0264727
0.0204358
0.0238067
0.0324344
0.0212253
0.0202946
0.021491
0.0212221
0.0204239
0.268406
0.0217657
0.543864
0.0228452
0.990778
0.02174
0.0245747
0.021174
0.0205521
0.0207094
0.0209623
0.0225684
1.26699
0.0208799
0.0214776
0.0349129
0.0213044
0.0212115
0.534934
0.0206531
0.0215867
0.329522
0.612203
0.0210624
0.0513763
0.490899
0.449174
0.0209477
0.0211761
0.0209694
0.0212113
0.600058
0.0211058
0.0204467
0.0212941
0.0405004
0.0214511
0.0224899
0.0215862
0.0207871
0.0209672
0.0213675
0.0226345
0.62034
0.0263281
0.0198732
0.0319231
0.0243644
0.385566
0.0208523
0.0253957
0.0211094
0.0208517
0.320899
0.0230103
0.0212311
0.042234
0.0204492
0.0208574
0.925564
0.0212322
0.023312
0.0216096
0.0205349
0.253464
0.0233063
0.0213057
0.640723
0.295791
0.02127
0.0219118
0.0212908
0.0209181
0.0199768
0.0206753
0.289571
0.260128
0.0366315
0.0212508
0.0211982
0.0324406
0.0481311
0.541446
0.02312
0.286442
0.7657
0.0225635
0.0238193
0.023949
0.0722591
0.0369927
0.0216619
0.0216895
0.0203022
0.0210963
0.528287
0.328139
0.020024
0.117703
0.0208721
0.0214111
0.03213
0.0213395
0.0218466
0.0203918
0.0211294
0.506503
0.0266988
0.0220076
0.0206328
0.0202946
0.433871
0.363495
0.0286313
0.246374
0.021253
0.118888
0.035097
0.0206723
0.168728
0.0238966
0.021211
0.0195868
1.26391
1.96525
0.0275601
0.0572723
0.289513
0.0231979
0.0205068
0.0220354
0.0212751
1.25627
1.07986
0.0218199
0.0202416
0.0415416
0.571813
0.0246693
0.773805
0.0204305
0.021794
0.514546
0.0212895
0.0453162
0.0214342
0.289939
0.0281767
0.0274176
0.0199069
0.0204589
0.664449
0.0206623
0.587984
0.0213945
0.0214158
0.0211504
0.543421
0.0687277
0.0505989
0.721564
0.286153
0.0204679
0.0223359
0.0240169
0.0209149
0.575331
0.77283
0.0227112
0.0202444
0.0821637
0.163205
0.0254832
2.0549
0.0215461
0.315262
0.747277
0.020643
0.105627
0.0212564
0.0210452
0.0211292
0.0206553
0.0227304
0.24266
0.0227868
0.0202682
0.025354
0.0213047
0.0204091
0.123686
0.0206381
0.0242025
0.021022
0.311974
0.0212803
0.0210859
0.0203425
0.276805
0.438748
0.0971094
0.0211371
0.776515
0.353479
0.0209506
0.020834
0.0211071
0.0781368
0.022682
0.700696
0.0243833
0.0429576
0.0214078
0.762567
0.0263911
0.0283632
0.0213602
0.0222788
0.0210454
0.0208545
0.0211947
0.0204792
0.0831421
0.0202774
0.0203652
0.0212133
0.0215244
1.17364
0.0211079
0.0212579
0.560809
0.0211891
0.0226063
0.0211578
0.0206865
0.271939
0.0208707
0.0208368
0.0225625
0.278181
0.0222446
0.0210843
0.0211152
0.64339
1.79939
0.293337
0.0211875
0.0212379
0.0198569
0.0222698
0.0226546
0.375322
0.0212559
0.021113
0.0227888
0.0213389
0.756974
0.0211616
0.290317
0.0249291
0.0319583
0.0255308
0.112337
0.0202485
0.0317912
0.0545726
0.0213795
1.44496
0.278324
0.0486543
0.564987
0.0287142
0.322999
2.36418
0.0205419
0.814412
0.0212504
0.0205112
0.0199187
1.06402
0.0211381
0.0206765
0.0211461
0.0211563
0.0214889
0.413333
1.33547
0.0208543
0.0195805
0.0211975
0.0213216
0.0221301
0.0220243
0.0213971
0.558165
0.0224431
0.0429951
0.0211345
0.0211712
0.0212339
0.0213556
0.0228432
0.0559277
0.0211876
0.0215957
0.021515
0.0224835
1.27754
0.02317
0.020159
0.0228004
0.224617
0.177925
0.021191
0.0556988
0.0223828
0.0211399
0.745308
3.62049
0.021167
0.0213751
0.020955
0.0204714
0.165835
0.243626
0.0216771
0.236637
0.0222207
0.050362
0.497853
0.0214022
0.0220283
0.0199487
0.0205411
1.59562
0.118182
0.0212773
0.020283
0.355667
0.651537
0.0212286
0.0211729
0.024615
0.0268008
0.0212847
0.0214301
0.0222486
0.0213799
0.0204481
0.0212922
0.0212914
0.0263664
0.0200957
0.0196818
0.021715
0.0198827
0.0590997
0.0224418
0.0282613
0.025774
0.0202457
1.09188
0.917735
0.0213349
0.0360131
0.0211615
0.0376228
0.0203539
0.0213582
0.252936
0.0291535
0.0207028
0.0211871
0.464789
0.0214953
0.0284439
0.020564
0.0213807
0.0212204
0.0218409
0.0205981
0.0226972
0.0208551
0.641398
0.0205645
0.0213877
0.0255347
0.0211906
0.346805
0.0212918
0.600007
0.0272078
1.27086
1.0105
0.0214916
0.0211268
0.0218959
1.03968
0.0214052
0.0212047
0.0206241
0.2924
0.0206859
0.272833
0.0212705
1.11977
0.021246
0.292334
0.0202492
0.0216213
0.0220755
0.292346
0.0323665
0.0211347
0.022111
0.419289
0.0218554
0.0638154
0.0211468
0.0208422
0.0357907
1.14114
2.90302
0.0206973
0.0348975
0.0198262
0.0213837
1.36732
0.0222752
0.260989
0.0213158
0.020367
0.020468
0.0212439
0.656832
1.55509
0.0212081
0.0224975
0.0203495
0.0200318
0.0207171
0.022998
0.023082
0.020413
0.154857
0.0514589
0.0238481
0.0233252
0.257711
0.977916
0.242879
0.0263479
0.023343
0.0208773
1.41574
0.997526
0.02308
0.0212236
0.0333869
0.0213995
0.0208366
0.813675
0.24001
0.0236966
0.0206998
0.0207016
0.070512
0.0217618
0.030382
0.0274097
0.93065
0.0211247
0.0207635
0.0212644
0.295854
0.101245
0.0235558
0.0211385
0.0345544
0.374736
0.0215009
0.0400448
0.0227516
0.0316369
0.0209199
0.021224
0.0589278
0.0206096
0.0212255
0.0212246
1.13912
0.404537
0.0212433
0.020575
0.288635
0.0263266
0.0202507
0.0241179
1.12139
0.0503754
0.0243581
0.0208668
0.0204772
0.0209451
0.641153
0.226142
0.0459002
0.0215472
0.0234017
0.0377435
0.0212675
0.0213898
0.0323926
0.390225
0.0542276
0.0212913
1.10984
0.0307538
0.034107
0.0214177
0.109434
0.0213401
0.0345467
0.784496
0.0219073
0.0276885
0.0235625
0.0208799
0.287932
0.0212628
0.0290436
0.0230421
0.0233666
0.282411
1.58618
0.0245938
0.0214301
1.4411
0.243806
0.0215103
0.0214195
0.0211199
0.020631
0.0356485
0.0237131
0.022037
0.0240319
0.24803
0.0211264
0.0232501
0.0249317
0.0208406
0.0463132
0.0204708
0.0245971
0.775223
0.0197559
0.0223639
0.770116
0.0203358
0.0310245
0.635895
0.0336853
0.0269343
0.674566
0.0385351
0.0357307
0.0206907
0.0250362
3.31924
0.0203929
0.244384
0.0455501
0.0207184
0.0346619
0.0212089
1.29312
0.0209048
0.0445434
0.464576
0.045463
0.020243
0.0206009
0.0198543
0.0255776
0.691391
0.0241222
0.0227348
0.0361399
0.0211983
0.0216887
0.811776
0.0871797
0.105412
0.026381
0.021356
0.631167
0.0213848
0.0421547
0.0212893
0.0212991
0.0213259
0.0210822
0.709768
0.292747
0.021167
0.0217341
0.0213189
0.255177
0.039277
0.0204432
0.0269813
0.0225885
0.0208905
0.175312
0.0238825
0.0204774
0.646959
0.981546
0.0245969
0.0210568
0.29661
0.020632
0.0249212
0.0211139
0.0213127
0.0213563
0.0282377
0.0211359
0.0209035
0.0214487
0.0213806
0.0256304
0.0226704
0.274375
0.0464178
0.019658
0.332976
1.17372
0.231994
0.0263174
0.0198042
0.241095
0.0212823
0.0429111
0.0210941
0.161668
0.0228101
0.0217357
0.0234469
0.173625
0.0781148
0.0226226
0.295201
0.702903
0.525991
0.021553
0.0214622
0.242988
1.30908
0.0213686
0.0211404
0.0213456
0.0214506
0.0204707
1.7849
0.416275
0.0333144
0.0212894
0.019827
0.0212862
0.170609
0.0222997
0.0204512
0.0414683
0.021389
0.0211413
0.361422
0.0213912
0.0205821
0.0225371
0.637254
0.152863
0.0222395
0.0211897
0.404236
0.0204562
0.0234747
0.408919
1.31542
0.0214156
0.020439
1.09944
0.0224156
0.357032
0.0544423
0.0248027
0.0203582
0.0203497
0.0213236
0.0221473
0.0271851
0.0584379
0.0485865
0.0276839
0.0277275
0.0276572
1.24025
0.0208714
1.10003
0.0259788
0.0208746
0.0197125
0.0197577
0.0213005
0.0266992
0.0245613
0.0243681
0.0284791
0.0214091
0.0225899
0.0257551
0.0209428
0.0238539
0.0207869
0.0203839
0.927504
0.0436625
0.0218803
0.020789
0.697478
0.0610316
0.0286157
0.019778
0.0216854
0.0305969
0.0211569
0.0294204
0.0397842
0.0426834
0.0214434
0.0197437
0.345903
0.0215363
0.0226564
0.0289958
0.0223324
1.12443
0.0216533
1.05345
0.0204331
0.162799
0.021181
0.0212006
0.0213362
0.0214354
0.03301
0.0221822
1.4694
0.0214588
0.0211213
0.0213553
0.08559
1.56809
0.021329
0.0213749
0.0276959
0.021207
0.0215927
0.0214385
1.07458
0.0221612
0.0211928
0.0213995
0.0283425
0.0219509
0.0213148
0.0213551
0.0212187
0.0203439
0.0285634
0.0213602
0.749644
0.0214172
0.0450795
0.247482
0.238767
0.0203971
0.0214958
0.0211267
0.0207385
0.0224516
0.178446
0.0213556
0.0213403
0.0210763
0.0212697
0.0208846
0.449557
0.0202292
0.0365053
0.0896574
2.12835
0.0213444
0.0203262
0.245642
0.0290486
0.0198062
0.126047
0.253646
0.0375876
0.0213659
1.39598
0.0223597
0.336053
0.0215121
0.0242064
0.0331401
0.370347
0.0241346
0.0248492
0.0211777
0.0295951
0.0226682
0.0210011
1.32122
0.974885
2.08765
0.563578
0.0213545
0.022122
0.020208
0.0211675
0.0197807
0.0222009
0.573688
0.0428757
0.021813
0.0206211
1.99142
0.0223626
0.0213743
0.0222401
0.0212786
0.308694
0.0214408
0.246624
0.38947
0.0213187
0.124349
0.409171
0.0207301
0.0204589
2.8782
0.0224296
0.0229304
0.0213179
0.0233837
0.0252232
0.0242471
0.0213548
0.0216365
0.0216328
0.0479435
0.317226
0.0205298
0.020977
0.0206477
0.0197353
0.0296439
0.25051
0.0217257
0.0214095
0.0829058
0.362866
0.0197447
0.0225455
0.0216156
0.0213534
1.45458
0.0203346
0.0240883
0.0298899
0.0207989
0.0213286
0.0197261
1.04999
0.184964
0.0311242
0.149035
0.370896
0.031399
1.75344
0.0205872
0.0213551
0.01974
1.25641
0.0300153
0.271756
0.227455
2.16865
0.0219627
0.0818105
0.0203575
0.0214515
0.034159
0.1378
0.0211778
0.022295
0.20793
0.0222995
0.0215496
0.0384209
0.0213916
0.0337648
0.0242084
0.0212976
0.0216069
0.0229639
0.0210737
0.0214393
0.0197812
0.0890522
0.111175
0.0210926
0.364298
0.0220227
1.27113
0.0217788
1.11392
0.0239931
0.11994
0.0214253
0.03457
0.0213981
1.22105
0.0212956
0.0211924
0.0213075
0.0224937
0.0204514
0.021342
0.025574
0.765295
0.0214719
0.021394
0.0212363
0.580575
0.328431
0.0214294
0.0214065
0.0237698
0.0221149
0.0216793
0.54719
0.0245743
0.0302649
0.193942
0.0227372
0.0210558
1.67082
0.0197179
0.343713
0.346188
0.197129
0.020755
0.0231057
0.0761
0.0207804
0.0258257
0.0212764
0.0217067
0.0215854
1.76419
0.0212957
0.0202353
0.0212492
0.0212131
1.3062
0.0251704
0.0200596
0.0196946
0.0265523
0.0205988
0.0241589
0.551306
0.325865
0.0197623
0.551794
0.0219816
0.0204677
0.0226146
0.027878
0.0222376
0.0202144
0.0218845
0.436521
0.0202342
1.58518
0.0200124
0.0213709
0.0211917
0.021692
0.366385
0.0213903
0.02062
0.0220469
0.0216191
0.0219629
0.975027
0.0211761
0.37538
0.28167
0.0243874
0.0204566
0.34142
0.0220616
0.0213077
0.0243636
0.0220978
0.0212727
0.0212834
0.0204346
1.6953
0.0266448
1.7145
0.412144
0.0215102
0.023801
0.296639
1.76095
0.021079
0.0196147
0.91824
1.82784
0.0509835
0.019693
0.0211884
0.0215455
0.0213071
0.0226874
0.107068
0.0200151
0.0203861
0.0212781
0.0199017
0.0596505
0.0232878
0.0212043
0.752536
0.910024
0.0211742
0.020741
0.0244577
0.0964546
0.0207509
0.0204467
2.93727
0.29095
0.218281
0.0202204
0.0197395
0.0211784
0.0283328
0.0537792
0.353607
0.0204356
1.60433
0.0213231
0.0213492
0.0201875
1.18601
0.0561701
0.0216889
1.72606
0.0501427
0.0771109
0.0960343
1.64908
0.0216224
0.124383
0.0323318
0.0204354
0.0216412
0.0215872
0.251163
2.1226
3.09169
0.0209411
0.236832
1.91751
1.35623
0.0213748
0.0213727
2.10513
0.0454619
0.0581233
0.0214493
2.05359
0.0207729
0.0212616
0.0210076
0.0202395
0.0207337
2.16931
0.0344305
0.0212209
0.0212077
0.0517125
0.0217153
0.0214177
0.0236247
0.0203716
0.0227537
3.47411
0.0214389
0.514759
0.0212574
1.56358
0.0212387
0.020487
0.371746
0.0823188
0.208402
0.172159
0.299401
0.0267502
0.0213126
0.252576
0.0213729
0.208504
0.020292
0.02113
0.0219344
0.0213093
0.021169
0.22217
0.0223509
0.0204508
0.244957
1.25085
0.0195508
0.0195651
0.0572688
0.0197896
1.80187
0.612208
0.0213801
0.776781
0.0216551
0.0216296
0.0213898
0.0213707
0.49678
0.0213505
0.0232659
0.0245243
0.0221643
0.0225192
0.0211937
0.0212485
0.0211097
0.0216265
0.346285
0.0216433
0.0214315
0.448573
0.0212448
0.171309
0.200233
0.251358
0.0231372
0.286466
0.0268156
0.24397
0.0207055
0.614662
1.13762
0.778501
0.0203114
0.0632033
0.0334941
0.0268753
0.202933
0.0213875
0.0217183
0.0213388
0.0352947
0.248645
0.0494476
0.0285353
0.0202201
0.242898
0.0213082
2.01719
0.0225083
0.0282252
0.0216022
0.168722
0.0213187
0.0904446
0.0197759
0.0220308
0.0888692
0.137099
0.0215922
0.106414
0.0209782
0.157804
0.233521
0.0544385
0.0336768
0.0213326
0.371922
0.0297088
0.0514092
0.0299106
0.0207657
0.0203412
0.0209523
0.221197
0.021419
0.131593
0.0214654
0.0203233
0.0208259
0.0227138
0.0205736
0.151761
0.731633
0.292283
0.0205077
0.0216751
0.0342885
0.0213624
0.0216441
0.14852
1.57377
0.18871
0.0214102
0.0689487
0.0326385
0.0428782
0.0447543
0.0209993
0.0215058
0.021379
1.67579
0.239465
0.0214291
0.0219758
0.021425
0.0205775
0.0240799
0.515478
0.0503119
1.74768
0.02144
0.626232
0.0462213
1.24272
0.0425547
0.0394482
0.159446
0.0207741
0.023516
0.027829
0.63059
0.0213717
0.0224459
0.106944
0.0538606
0.205139
0.047333
0.213624
0.0210585
0.286983
0.0581811
0.0274363
0.0213014
0.0275428
0.0213269
0.0268475
0.0380862
0.0300173
3.0362
0.0197895
0.0223931
0.0211894
0.0427636
0.0433917
0.0222792
0.143219
0.225327
3.26468
0.121149
0.0237458
0.021376
0.0196972
0.0211896
0.0287077
0.08386
0.0214328
0.0237169
0.0236537
0.0214582
0.0219842
0.0769098
0.0230377
0.0310516
0.0514776
0.206438
0.292327
0.190634
0.0205752
0.290977
0.0256731
0.0256488
0.0224648
2.27705
0.0539662
0.562884
0.11309
0.557397
0.625597
1.58807
0.0324388
0.0498525
0.0213402
0.0215959
0.0205976
0.0243964
0.0204544
0.0457245
0.021614
0.0422072
0.0471726
0.0207534
0.191713
0.0213893
0.0212384
0.0649102
0.376242
0.044105
1.61531
0.575368
0.0213631
0.0214419
0.0596299
0.0212462
0.199118
0.0232475
0.0203465
0.021962
3.45715
0.125439
0.0229923
0.020502
0.365055
0.0216418
0.389344
0.210252
0.0204552
0.0197308
0.0211706
0.0211879
0.0229476
0.0207943
0.0214453
0.072232
0.0631693
0.0203274
0.0201887
0.0197587
0.126544
0.020128
0.0205662
0.0212518
0.0437021
0.0212107
2.42724
0.0272423
0.0221599
0.0221014
0.382005
0.0757346
0.09333
0.0224632
0.244449
1.83656
0.0210629
0.019644
0.0265695
1.613
0.0607973
0.0235849
1.09915
0.0817927
0.0208078
1.08356
0.221832
0.0196539
0.0224568
0.0759327
3.28945
0.0217306
0.0210858
0.0219194
0.231515
0.0219399
0.0209223
0.021182
0.0216392
0.0591369
0.139411
0.0228206
0.0221566
0.0203603
2.92108
0.0208715
0.0224208
0.0218695
0.0235351
0.0691498
0.019642
0.0223632
0.125801
0.0232203
0.0209935
0.317332
0.0212558
0.4203
0.586634
0.0338135
0.0222945
0.0208009
0.317737
0.0211695
0.0228267
0.0213664
0.625993
0.466661
0.0214465
0.0234012
0.55155
0.181127
0.506918
0.293635
0.0232169
0.0209588
2.4577
0.0212829
0.0548379
0.0214681
0.020233
0.0221209
1.27851
0.021296
0.0230561
0.0198036
0.0199092
0.337772
0.021275
0.0207757
0.0214753
0.021066
0.0223517
1.27138
0.0217026
0.0207451
2.08183
0.578732
0.367213
3.07581
0.0211568
0.0205387
0.033784
1.25836
0.196344
0.0202052
0.0316195
0.0214404
0.0958873
0.215242
0.0223115
0.0216509
0.0240937
2.78771
0.0215148
0.456228
0.0207037
0.0230885
0.0432699
1.33606
0.186649
0.0207521
0.0203348
0.211439
0.0196771
0.0217206
0.0202971
0.551702
0.0210355
1.95143
0.0735785
0.0249524
0.019725
0.0218245
2.23792
0.220275
0.0205971
0.0250708
0.0204694
0.218164
0.0209894
1.22201
0.021197
0.0213121
1.86912
0.021371
0.0211588
0.0208671
0.499715
0.0225559
0.0199893
0.0248822
0.0231451
0.0202531
1.4239
0.441709
1.59446
0.020984
0.0212284
0.0210586
0.137712
0.0197632
0.0212366
0.0236161
1.74463
0.501641
0.0206312
0.574048
0.0222789
0.147092
0.0585011
0.107966
0.0231906
0.0229743
0.0214508
0.563136
0.0211411
0.581353
0.200213
1.30639
0.193295
0.0198584
1.40756
0.0211701
0.0212699
0.021083
0.0331213
0.0369164
0.0239392
0.0212036
0.0200463
1.01123
0.0212744
0.318485
0.619033
1.02946
0.0212976
0.162991
0.0198765
0.0205727
0.214411
0.0228757
0.0212857
0.0211263
1.05428
0.0891349
0.503805
0.203999
0.0314057
1.25546
0.379092
0.202796
0.024471
0.0213565
0.0211986
0.0206118
0.0209477
0.0200508
0.022959
0.0227801
0.208609
0.0216858
1.09916
0.0208228
1.7442
1.75801
0.205526
0.0216747
0.442625
0.020047
0.0197142
0.0214049
0.127779
0.213481
1.355
0.0203755
0.0196254
0.0211757
0.0227771
0.0208831
0.0248893
0.384612
0.104988
0.0233682
0.0214326
0.0204927
0.600976
0.0962357
0.0216425
0.0266519
0.049897
0.0236805
0.0207853
0.0212035
0.438582
0.022708
0.0234682
0.380202
1.354
0.0207709
0.555745
0.0208313
1.45667
0.0200296
0.0207301
0.0195949
0.0268326
0.0200207
2.01673
0.54561
0.115079
0.0215352
0.0215085
0.046938
0.0211767
0.0203482
0.0212791
0.230768
0.0368794
0.0226002
0.0222603
0.0285106
0.0270693
0.0342692
0.0205728
0.484795
1.94761
0.0219135
1.31785
0.0324725
0.0217967
0.209642
0.0197161
0.0251204
0.13574
0.0224198
0.0226192
3.26242
0.0209661
0.0202866
0.0214862
0.890367
0.0211304
0.0214157
0.0237957
0.20626
0.0376729
3.14244
0.0326343
0.021268
0.0224669
0.0200114
0.0211873
0.0223002
0.0209653
0.0216799
1.7883
0.0211872
0.160779
0.0238866
0.0783903
0.0216343
0.0200535
0.020773
0.0276506
0.0214101
0.88075
0.022801
0.0224935
0.259402
0.192883
0.0702154
0.0211736
0.0367603
0.0211676
0.021751
0.0197545
0.0205729
0.0225175
0.0423683
0.0266337
0.251791
0.299335
0.590104
0.0213093
1.83936
0.109864
0.0200957
0.0208541
0.0196
2.97509
0.585379
0.0391861
1.0371
0.0225568
0.0216605
0.0213433
0.11682
0.0424332
0.566034
0.237992
0.0205629
0.0720358
0.976787
0.0263358
0.0211471
0.0238315
1.65018
0.0215342
0.0290075
0.0208946
0.0236664
0.0205954
2.07825
0.0292154
0.0211064
0.0228385
0.0325471
0.0207451
0.0214111
0.0208121
0.199151
0.0309394
0.021443
0.0198646
0.0262591
2.96953
0.0223381
0.027557
0.0199385
0.0204451
0.0229085
0.346079
0.0200809
0.0228598
0.0668444
0.0210263
0.48563
0.0209883
0.0210356
0.635781
0.0197323
0.0207853
0.0206495
0.0287666
0.163184
0.022117
0.131559
0.0208568
0.0279787
0.0987534
0.0203472
0.211404
0.0239879
0.0201305
0.0208811
0.0214048
0.0848211
0.0218588
0.0205861
0.0230893
0.0235857
0.0214366
0.279625
0.0475748
0.488723
0.0213956
0.0711908
0.0212679
0.19233
0.162395
0.0213014
0.0214107
0.0341532
0.0209768
0.020818
0.41952
0.019935
0.0215511
0.0223744
0.0242465
1.19681
0.0249438
1.15006
0.506007
0.0234731
0.145443
0.0199039
0.0198969
0.253566
0.0301787
0.036558
0.0209651
0.0212834
0.0209487
0.0231306
0.489368
0.0572707
0.0241162
0.0209306
0.0202316
0.0296565
0.0210612
0.0195464
0.216396
0.0198526
0.0522968
0.0235858
0.0211826
0.512234
0.0241804
0.0232144
0.540977
0.213431
0.0213689
0.0205765
0.0196525
0.0323384
0.0213894
0.379796
0.0207394
0.0217527
0.0211045
0.0214205
0.0284228
0.188078
0.0226616
0.0210893
0.0212972
0.0210908
0.208583
0.0269893
0.020997
1.3159
0.0207519
0.0203571
0.0210151
0.131438
0.0430887
0.0256321
0.276978
0.0242906
0.133995
0.0201173
0.0248991
0.0207729
0.378886
0.0212189
0.227033
0.0208874
0.0210947
0.0263919
0.0205911
0.205621
0.0210254
0.0203806
0.382204
0.021239
0.0214205
0.353683
0.584749
0.0203038
0.230422
0.02025
0.0806385
0.0223837
0.0257495
1.70198
0.0208194
0.235562
2.23017
0.431703
0.0219152
0.0207355
0.259444
0.0330403
0.0198647
2.73587
0.0216522
0.0213848
0.0212184
0.0203004
0.0246792
0.0207686
0.0212906
0.251669
0.221127
0.0210084
2.03252
3.18742
0.69222
0.0207919
0.0210024
0.178748
0.0212579
0.0212854
0.392128
0.135738
0.0327149
0.0721474
0.0214149
0.0200554
0.123317
0.282262
0.0216071
0.0308862
0.056183
0.0256022
0.20265
0.0463139
0.0208982
0.0204204
0.0199079
0.0210712
0.0248347
0.0216207
0.105196
0.154482
0.0226678
1.06097
0.0211367
0.0287284
0.192123
0.0216799
0.020334
0.425498
0.0206396
0.992064
0.0208097
0.0208582
0.0220997
0.0206855
0.0246073
0.0208953
0.0237487
0.0355357
0.0544253
0.0394995
0.0216847
0.0209501
0.201398
0.0221511
0.0213217
0.0208746
0.513838
0.0211756
0.23143
0.0405675
0.0208192
0.0218331
0.0197768
0.0212436
0.0208315
0.207075
0.162642
0.0295158
0.0207313
1.38515
0.0203612
0.0212721
0.0460961
0.0335146
0.190763
0.0701344
0.0209261
0.0209247
0.279468
0.0217583
0.0205982
0.11781
0.216815
0.021469
0.0300553
0.0220606
0.0212161
0.0555373
0.0213886
0.0211893
0.267465
0.21627
0.0236746
0.0212081
0.0239837
0.0200248
0.280847
0.0216114
0.026583
0.296412
0.396753
0.198326
0.0211586
0.0221885
0.0220071
0.0210694
1.31919
0.0219186
0.0289268
0.0208657
0.0217854
0.0203241
0.0237625
0.119741
0.273107
0.0250886
0.0209115
0.0202098
0.184239
0.804409
0.291035
0.0216662
0.0208406
0.508855
0.0217376
0.0211859
0.0213419
0.0208838
1.65641
0.0235815
0.021051
0.0602287
0.0199468
0.0214242
0.0203177
0.0207194
0.0297542
0.0211695
0.0205903
0.0210474
0.0212815
2.07142
0.021002
0.421209
0.0224575
0.0200814
0.0221861
0.0227584
0.339974
0.027088
0.020783
0.0960278
0.020994
0.0532295
0.0244243
0.0197294
0.0218559
0.438077
1.59867
0.398976
0.019974
0.0208873
0.0630806
0.0237527
0.0243189
0.257823
0.0205884
0.0201003
0.0219827
0.0323818
0.0206242
0.043392
0.0261315
1.1945
0.022312
0.27366
0.0208496
0.0239878
0.0199819
0.0237181
0.0283459
0.0233612
0.0210417
1.904
0.0319423
0.019899
0.021148
0.020748
0.0216958
0.0200865
0.0213751
0.114231
0.370265
0.0211814
0.210906
0.0223952
0.042015
0.0220889
0.198368
0.0204172
0.0212226
0.0200502
0.0392273
0.0286079
0.0212637
0.0198972
0.383588
0.0205899
0.0248358
0.0202272
0.209116
0.384931
0.680482
1.19136
1.39839
0.0213831
0.0238932
0.39229
0.0211377
0.0201579
0.257653
0.0217638
0.0218633
1.85421
0.0224452
0.0224384
0.0212184
0.607561
0.0210196
0.0236105
0.0200554
0.0464932
0.0994848
0.019917
2.39995
0.179471
0.279302
0.0211144
0.0207284
0.0198039
0.0202215
0.0212335
0.211396
0.0195787
0.0197087
0.0434028
0.0212186
0.0217733
0.0227063
0.0212421
0.363616
0.0798891
0.0213568
0.0196635
0.0205694
0.368716
0.0214153
0.153219
0.0201532
0.0292614
0.0639348
0.0211301
0.0204934
0.0232779
0.0216063
0.0251177
0.0274909
0.0198208
0.561252
0.980439
0.0215424
0.0211692
0.0212965
0.0223212
0.0250772
0.0868648
0.0206821
0.0343657
0.187476
0.0211652
0.149553
0.0385307
0.0210165
1.60136
0.0206824
0.0215744
0.0220284
0.100616
0.0212902
0.167396
0.0196518
0.0240957
0.0215814
0.26124
0.0212301
0.0272121
0.0199776
0.0220456
0.0222404
0.0276981
0.0212442
0.02013
0.0215934
0.0205164
0.0199406
0.178395
0.0621653
0.0224318
0.0268641
0.194551
0.0914542
0.102328
0.0220444
0.0213422
0.01997
0.0311969
1.24682
0.0210752
0.217503
0.213945
0.0211613
0.0211956
0.724837
0.0210382
0.177186
0.0198612
0.0220742
0.0223414
0.0205484
0.0232002
0.0206168
0.200433
0.0196366
0.0228722
0.0243946
0.021605
0.0197851
0.093227
0.0207505
0.0228577
0.0219322
0.0226025
0.0224804
0.0199118
0.0200594
0.18934
0.0218317
0.0199232
1.6476
0.0440029
0.332827
0.177977
0.206967
0.0198949
0.588447
0.0295367
0.106096
0.0200506
0.0233886
0.522678
0.0243015
0.0200133
0.546094
0.021169
0.0211338
0.166129
0.0203557
0.024063
0.0221809
0.190616
0.356496
0.255829
0.255249
0.0215534
0.306186
0.0237007
0.100986
0.0212698
0.0198482
0.0224085
0.022474
0.557446
0.022272
0.0200428
0.021054
0.0450877
0.0207789
0.0226202
0.0211808
0.0521105
0.0222684
0.0217911
0.0306891
0.0217939
0.554422
0.0474754
0.0208031
0.0197073
1.64775
0.134965
0.0212141
0.0200763
0.0236442
0.373531
0.0211444
0.248284
0.0210577
0.0954993
0.16977
0.0206232
0.374096
0.0225779
0.0235525
0.0253404
0.0214418
0.021292
0.0210941
0.446448
0.0207057
0.839997
0.458825
1.23761
0.29645
0.0216885
0.111753
0.0213863
1.1332
0.0198732
0.498746
0.021372
0.0210651
0.0220573
0.0210577
0.160008
0.0372621
0.0232293
0.0208741
0.0795203
0.585759
0.0221994
0.0228505
0.0212393
0.0216034
0.020844
0.0232884
0.215107
0.154413
0.02101
0.0213951
0.0235393
0.233552
0.0241324
0.0213588
0.0206689
0.0202769
0.786466
0.020841
0.0198029
0.0211471
0.407961
0.586985
0.0216293
0.019612
0.0198367
0.106361
0.0206198
0.0211073
0.0674531
0.0241307
0.0213702
0.0237239
0.468053
0.020722
0.0285715
0.0213783
0.0325912
0.023814
0.0208641
0.0208781
0.0215657
0.318343
0.0202827
0.0220151
0.0329263
0.0209371
0.242045
0.0214192
0.0212539
0.202743
0.326682
0.019984
0.0230506
1.33413
0.0203614
0.020962
0.0207823
0.80777
0.0263188
0.0216147
0.645842
0.0212082
0.0215032
0.0212598
0.376169
0.0274192
0.061295
0.646402
1.64396
0.0445364
0.02002
0.42326
0.0213951
0.0216368
0.102638
0.0221082
0.0467293
0.021292
0.159561
0.0211415
0.0198809
0.023012
0.0198171
0.723288
0.0214102
0.0209234
0.0215297
0.021458
0.539897
1.54805
0.021181
0.040288
0.0211946
0.387004
0.0224699
0.02113
0.625674
0.0215686
0.0302103
0.207105
0.0213478
0.444257
0.0742595
0.020934
0.0209359
0.0208835
0.0211012
0.0229769
0.0210729
0.0212326
0.0211004
0.0215948
0.0284014
0.0231533
0.57359
0.250938
0.31339
0.0211258
0.0211828
0.021029
0.0252734
0.0213778
0.0212466
0.111233
0.0516904
0.0200817
0.0428711
0.0226307
0.0214027
0.0246313
0.0211447
0.022936
2.00771
0.381384
0.0213549
0.0229583
0.0200403
0.0245586
0.0399108
0.0225958
0.0202073
0.0342476
0.020889
0.0207895
0.0197905
1.57171
0.0215991
0.580279
0.0595746
0.0207853
0.0211057
0.820179
0.0207073
0.0368834
0.0612946
0.022718
0.0197652
0.0973422
0.0207655
0.388918
0.0206466
0.0211033
0.0213397
0.0212779
0.17799
0.0296913
0.0202671
0.195493
0.022659
0.0200092
0.0205612
0.0249141
0.0199244
0.0216121
0.0266945
0.0211664
0.0204329
0.019621
0.0222111
0.0228648
0.0202465
0.0257193
0.0246999
0.0277264
0.0209012
0.0525433
0.0225459
0.0225192
0.0228286
0.0208189
0.021115
1.58142
0.0211144
0.0211043
1.57409
0.0208225
0.0211911
0.0215919
1.36011
0.0198784
0.0207494
0.306722
0.0220826
0.0215794
0.167641
0.123007
0.0201108
0.0220232
0.0793071
0.0210832
0.0202655
1.93639
0.13064
0.0985663
0.0208341
0.0205052
0.0210836
0.357636
0.0215719
0.388559
0.0226563
0.0222066
0.0210225
0.0198939
0.363541
0.0259884
0.0211122
0.0202448
0.191957
0.0226222
0.218952
0.0235154
0.0202448
0.0213872
0.0229589
0.153397
0.603316
0.0259064
0.021005
0.0207895
0.519784
0.540577
0.0210857
0.0478168
3.21609
0.0199807
0.0201384
0.0264227
0.200476
0.0264448
0.0216264
0.0906744
0.0210821
0.0214324
0.504638
0.0215872
0.0275381
0.0213624
0.0262107
0.0211275
0.0226544
0.0211422
2.02182
2.50391
0.0210954
0.0223284
0.384747
0.024343
0.0213987
0.0207396
0.0207853
0.0208192
0.0496955
0.0203707
0.0981931
0.023906
0.0207699
0.0252868
0.0209849
1.68925
0.0213842
0.363371
0.0198562
0.0211998
0.0260285
0.0204564
1.81835
0.120525
0.0561552
1.83134
0.0835942
0.232877
0.0545034
0.0212399
0.0203228
0.0210774
0.0211462
0.0210247
0.0201161
0.540679
0.0211306
0.427002
1.54696
0.0211441
0.0213783
0.353931
1.99581
0.0215403
0.207687
0.0203065
0.0207826
0.0300092
0.0208931
0.0211379
1.88607
0.0201169
0.0213889
0.53463
0.0210857
1.90803
0.0213728
0.0207896
0.0216988
0.0215563
1.24721
0.239064
0.0211819
0.0213397
0.0225486
0.0254291
0.0220127
1.84711
0.0406822
0.0209627
0.0228918
0.0212055
1.70008
0.0200615
0.0262585
0.394193
0.0212784
0.0210477
0.388194
0.0309718
0.0203226
0.0208035
0.0894103
0.227137
0.0224606
0.0253763
0.021422
0.0213865
0.0217011
0.0212712
0.0212425
0.0232008
1.53711
0.021065
0.157267
0.0201808
0.0220908
0.204245
0.0843857
0.0208072
0.222832
0.0208672
0.0616382
0.0226929
0.0214111
0.0225703
0.10506
0.284465
0.0222509
0.0215907
0.0221537
1.59111
0.0213279
0.0292183
0.0207401
0.021826
0.0238008
0.0224519
0.0209324
0.0266823
0.0200244
0.877458
0.020958
0.264024
0.0207261
0.0211649
0.225328
0.0202839
0.0234287
0.0239278
0.198402
0.0201528
1.04581
1.75418
0.391324
0.0214097
1.50932
0.0218801
0.0211602
0.586242
0.0902783
0.0200384
0.0225173
0.0198606
0.0222186
0.0226613
0.0521256
0.269701
0.0260799
0.0224824
0.283225
0.0219932
0.0285362
0.0213683
0.440742
1.53568
0.369036
0.0211007
0.0207878
0.0220476
0.0248333
1.20907
0.113594
0.0209057
0.205439
0.0217317
0.0212597
3.02276
0.0210898
0.44982
0.455256
0.0552036
1.55033
0.277337
0.021558
0.0200552
0.159537
0.0487727
0.0214277
0.0220205
0.0196445
0.0206237
0.0211476
0.0212279
0.0207577
0.0218604
0.0204502
0.0209493
0.0211944
0.0205086
0.0202865
0.0201712
2.76998
0.190068
0.497398
0.029273
0.0213757
0.65538
0.0457856
0.0212632
0.0212586
0.0200269
0.15157
0.0196502
0.0214976
0.0202566
0.0212234
0.0211163
0.0219553
0.0203106
0.0516707
1.74885
0.0421721
0.0241088
0.0212293
0.0378639
0.0211619
0.0215441
0.0210912
0.0222935
0.0208757
0.0223603
0.0212988
0.0273595
0.564285
0.0409887
0.0427582
0.0202668
0.275461
0.853977
1.49476
0.020975
1.21098
0.0214223
0.0248295
1.50202
0.0240396
0.0200069
0.234642
0.0531368
0.0219382
0.367425
0.0207453
0.0208708
1.03381
0.0201977
0.0201651
0.260812
0.0207717
0.0213641
0.0266251
0.0203493
0.020861
0.0220665
0.525536
0.10412
0.021485
0.0456987
0.0209474
0.0233458
0.0199686
0.022429
1.41121
0.021459
0.0436714
0.0224194
0.034644
0.0214623
0.0206844
0.0212095
0.0206296
0.171183
0.0231007
0.0214645
0.0238058
0.388627
0.0213534
0.0204602
0.026412
0.0242035
0.0208053
0.0212521
0.0219339
0.535684
0.021228
0.0213528
0.0594339
0.0288449
0.0242305
0.0205396
0.195388
0.0200066
0.0205891
0.0208758
0.021363
0.0210389
0.0207291
0.58428
1.53274
0.0225178
0.0274834
0.538669
0.0222897
0.0196585
0.0201704
0.0213923
0.0347887
0.0215051
0.0228162
0.0215654
0.0204733
0.531825
0.0208601
0.0227578
0.0237145
0.557254
0.0209819
0.0217973
0.0283448
0.0219415
0.0200716
0.0199015
0.0333933
0.0225917
0.0202025
0.0216074
0.0199114
0.26921
1.55765
0.0223955
0.0215456
0.023156
0.0238064
0.0225818
0.0206305
0.0212628
0.020578
0.0216371
1.40184
0.0347568
0.0210091
0.0213462
1.73515
0.0215612
0.188079
0.0210547
0.0211271
0.236621
0.020963
0.021165
0.359433
0.0230336
0.0217312
0.0224894
0.157707
0.0214544
0.0212159
0.0215741
0.0212362
0.02124
0.0282352
0.0199598
0.0219158
0.066817
0.0250675
0.0690777
0.0199207
0.021621
0.0231647
0.0201867
0.0201314
0.0211796
0.0442422
0.0236508
0.0226799
0.0771856
0.0208003
0.0196294
0.0545551
0.0210785
0.0228794
0.0213783
0.021253
0.0215197
0.019683
0.0237038
0.0613434
0.0210295
0.0207259
0.0211791
0.0236904
2.53052
0.0208414
0.0277054
0.0204364
0.0649325
0.0199148
0.0196857
1.51182
0.0200889
0.0203185
0.0210898
0.0211979
0.0223236
0.0213293
0.0215453
0.760723
1.15261
0.0213811
0.0261993
0.0200817
0.0210343
0.0213711
0.551701
0.0211573
0.0351196
0.0216537
1.15442
0.0219363
0.0208384
0.0260543
0.0215889
0.186421
0.0201158
0.0201042
0.0212831
0.512788
1.42265
0.104656
0.147933
0.148119
0.021875
0.0322073
0.0230198
0.021502
0.0210917
0.182394
2.03823
0.100718
0.0198913
0.0232485
0.0200451
0.0205047
0.0588497
0.0211388
0.0236683
0.0210434
0.0576778
0.0211229
0.553817
0.0211202
0.0224866
0.605022
0.0217359
0.0237121
1.53503
0.0551806
0.0886451
0.557522
0.0489629
0.03182
0.0211029
0.0226449
0.0245463
1.39208
0.0218786
0.0210712
0.0215555
0.019956
0.0211123
0.0238278
0.0238664
0.0211747
0.0214921
0.259968
0.573935
1.76634
0.0212234
0.0210038
0.0211533
1.55983
0.0202658
0.058985
0.0201783
0.0228252
0.0620144
0.0202756
0.197653
0.0208314
0.0217434
0.0212062
0.0232204
0.0206442
0.0210263
0.0201224
0.0219187
2.10527
0.0219703
0.0220189
0.0217972
0.029415
2.13459
0.0216388
0.0213996
0.0221161
0.0235187
0.0225266
0.307291
0.0513197
0.0233389
0.280859
0.0223816
0.020899
0.021443
0.0196816
0.020872
0.0203808
0.0306996
0.0628288
0.0211624
0.0214874
1.78489
0.023091
0.0198339
0.255997
0.021356
0.0351238
0.452662
0.0241715
1.24624
0.0215691
0.0204917
0.0206986
0.0263586
0.021031
0.0212072
0.0210952
1.39476
1.56739
0.0215744
0.0210955
0.0264628
0.18442
0.455262
0.0220307
0.0230256
0.0211387
0.0477622
0.17363
0.212484
0.0223526
0.087293
0.0225516
1.7389
0.0211029
0.0925052
0.547229
0.0201773
0.0221366
0.0243469
0.477565
0.0211038
0.0211518
0.0521573
0.250241
0.0275689
0.0211463
0.0230654
0.0229466
0.0624598
0.0210954
0.0210623
0.0210179
0.0209508
0.0212071
0.0229237
1.10111
0.0217236
0.0468949
1.3578
0.0284853
0.0234873
0.0260201
0.0280582
0.0201637
0.0807138
0.0665824
0.0247972
0.0202623
0.254497
0.0209045
0.567419
1.59247
0.130112
0.0201302
0.0218675
0.0261036
0.0206627
0.0226241
0.0213452
0.319319
0.0211345
0.0211561
1.71932
0.026131
0.0256028
1.77536
0.296429
0.0248036
0.0684552
0.0703048
0.0205814
0.0230788
0.021511
0.0220318
0.580719
0.020728
0.0303955
0.122733
1.72399
0.170076
0.0404809
0.19551
0.0258607
0.0212206
0.0241518
0.0207161
0.0221138
0.460083
0.0207966
0.452415
0.0214813
0.197297
0.131341
0.0215772
0.0211917
0.0405693
0.0255874
0.0204802
0.0209687
0.0202043
0.131369
1.39283
0.0210251
0.0207777
0.0215312
0.0232717
0.088809
0.0221314
0.0224326
0.0885729
0.0225241
0.221162
0.429366
0.0749691
0.0228658
0.0212006
0.020768
0.0200448
0.0207025
0.0215789
0.0826781
0.027205
0.020509
0.0204229
0.0201318
0.0230371
0.0200631
0.0206469
0.0208254
0.021001
0.0587061
0.37071
0.0199919
2.26775
0.0198794
0.579962
0.0216227
0.0214193
0.0215155
0.197968
0.0219711
0.0212607
0.0208191
0.459019
0.170896
0.0401607
0.0209962
0.0207964
1.73608
0.0198352
0.574593
0.0444594
0.199057
0.0212159
0.239359
0.0210031
0.0213721
0.0216519
0.567527
0.0204446
1.22809
0.0209927
0.0216855
0.0213745
0.0211685
0.0323359
0.892008
0.270087
0.268423
0.127174
0.0203308
0.0233638
0.0214583
0.258943
0.34365
0.0205014
0.242389
0.0430634
0.0214162
0.0255417
0.0211612
0.0215581
0.406193
0.0223683
0.0217316
0.022568
0.0228415
0.133661
0.0254228
0.440959
0.0405313
0.021116
0.0215664
1.56265
0.0212865
0.0221503
0.0218271
0.0369038
0.0225324
0.0215754
0.0690407
0.0225802
0.0659295
0.0224586
0.0725079
0.0915586
0.0231599
0.0228352
0.0741048
0.0224525
0.0584713
1.41013
0.0211621
0.022292
0.0208924
0.222592
0.0202091
1.31404
0.0838339
0.0272764
0.0201866
0.0218876
0.0259478
0.0235721
0.0229773
0.0446579
0.0232614
0.0203902
0.0210461
0.0304828
0.572195
0.178298
0.32904
0.0210236
0.0202954
0.0209955
1.34452
2.60077
0.47193
1.32429
0.0217626
0.0228869
0.0210154
0.0431032
0.0209454
0.0503877
0.0211051
0.0211364
0.021467
1.70042
0.0256234
0.0272378
0.0604637
0.0228782
0.0201623
0.0210768
0.0225163
0.182896
0.0278644
0.213767
0.0265654
0.0201941
0.0211007
0.0200059
0.265889
0.0227779
0.0222881
0.0227973
0.0210626
1.80924
0.0211038
1.41813
0.0210845
0.0205334
0.203698
0.0222141
0.0203514
0.0210432
0.105116
0.0205793
0.020319
0.250331
0.0289785
0.0442994
0.451895
0.0221479
0.0299465
0.202398
0.0220852
0.0219222
0.0208725
0.0426567
0.0200393
0.0552911
0.456398
0.0210631
0.0201844
0.0268888
0.162518
)
;

boundaryField
{
    frontback
    {
        type            empty;
    }
    topbottom
    {
        type            fixedValue;
        value           uniform 0.0223;
    }
    outlet
    {
        type            zeroGradient;
    }
    inlet
    {
        type            fixedValue;
        value           nonuniform List<scalar> 0();
    }
    walls
    {
        blending        binomial2;
        n               2;
        beta1           0.075;
        type            omegaWallFunction;
        value           nonuniform List<scalar> 0();
    }
    procBoundary1to0
    {
        type            processor;
        value           nonuniform List<scalar> 
80
(
2.90709
0.0347123
0.0220438
3.32434
0.0218652
0.0248731
3.85999
0.0235133
0.0230377
0.0235133
0.0215588
0.0241216
0.031587
0.031587
0.0459308
0.02141
2.73034
3.79348
1.00399
0.0230377
0.0298066
0.021791
0.021418
0.0287362
0.0459308
0.0217246
0.0215108
0.0215309
0.169474
0.169474
0.0226969
0.0214087
2.21058
0.021466
0.021971
0.021492
0.0214392
0.02143
0.0216718
0.0270973
0.0214478
0.0214077
0.0404127
0.0214478
0.0839748
0.072533
0.0404127
0.138506
0.0214796
0.0214051
0.0215927
0.021629
0.0214392
0.0839748
0.138506
0.0225731
2.07751
0.0361084
0.0214776
0.114928
0.0673633
0.0258549
0.0580141
0.114928
0.0214046
0.02143
0.0214231
0.0235141
0.0222183
0.0977195
0.0214231
0.36678
0.0977195
1.99967
0.21079
0.0520067
2.64933
0.21079
0.0220954
0.022372
)
;
    }
    procBoundary1to2
    {
        type            processor;
        value           uniform 2.11376;
    }
    procBoundary1to3
    {
        type            processor;
        value           nonuniform List<scalar> 
147
(
2.03234
0.434166
0.168282
0.15459
0.7156
1.9056
1.94035
0.159404
0.458892
2.01484
0.458638
2.10172
0.257142
0.206611
0.241158
0.855663
0.867533
0.218408
0.340433
1.07846
0.887447
1.993
2.11625
0.116189
0.486472
0.785028
0.118235
0.144556
0.1584
0.302049
2.09826
2.05557
0.264453
1.83485
0.096771
0.265912
0.778949
0.242472
0.538949
0.698867
0.341575
0.341575
0.242248
2.20324
0.959443
0.208982
0.340116
2.21512
0.274985
0.30932
0.334116
0.283133
0.18643
0.27119
0.234829
0.279503
0.253624
0.254491
0.261765
0.313951
0.264422
0.259209
0.251317
0.199408
0.18643
0.308432
0.257495
0.304578
0.257497
0.242245
0.237149
0.256926
0.376129
0.388601
0.338153
0.390253
0.31331
0.320026
0.264382
0.386593
0.335664
0.216013
0.409325
0.155481
0.155481
0.31504
0.367779
0.445562
0.4436
0.523553
0.45659
0.45659
0.162015
0.438344
0.325846
0.280379
0.311598
0.399386
0.460277
0.209378
0.355115
0.39102
0.255992
0.581543
0.561793
0.500571
0.500571
0.566282
0.57721
0.54584
0.330867
0.240485
0.157255
0.434033
0.243451
0.392476
0.392476
1.83485
0.683586
0.206308
0.597468
0.333908
1.08014
0.492825
0.640175
0.77938
0.688079
1.00453
0.369577
1.80884
1.8627
1.89229
1.85487
2.1228
0.130742
1.88032
2.07149
2.15571
0.235161
0.609662
0.357607
1.14294
1.14294
0.202052
0.202052
2.05557
0.211357
)
;
    }
}


// ************************************************************************* //
