/*--------------------------------*- C++ -*----------------------------------*\
| =========                 |                                                 |
| \\      /  F ield         | OpenFOAM: The Open Source CFD Toolbox           |
|  \\    /   O peration     | Version:  v2012                                 |
|   \\  /    A nd           | Website:  www.openfoam.com                      |
|    \\/     M anipulation  |                                                 |
\*---------------------------------------------------------------------------*/
FoamFile
{
    version     2.0;
    format      ascii;
    class       volScalarField;
    location    "50";
    object      omega;
}
// * * * * * * * * * * * * * * * * * * * * * * * * * * * * * * * * * * * * * //

dimensions      [0 0 -1 0 0 0 0];


internalField   nonuniform List<scalar> 
9793
(
0.0223775
13.815
0.0219391
2.67407
0.0222598
0.187576
0.0800809
6.06342
0.0220907
14.1347
0.0221966
0.0221873
0.0219185
1.84601
0.0217825
0.0259148
0.0511339
0.0219348
2.38355
0.0215617
0.0216316
0.0222917
2.66574
6.32869
1.9879
0.0264329
0.0220986
0.022262
0.0215726
0.0757917
7.60666
0.328886
0.0220103
0.0219462
0.0218674
0.0276043
0.0242051
0.0249128
1.64924
0.029705
0.0657311
6.47525
4.97068
0.0222717
0.0219607
0.0220427
5.91594
0.0222844
0.0217262
0.0219414
0.0273504
0.0218512
0.0357403
0.0222687
0.0327448
2.24895
0.0219265
0.0842198
0.0217304
0.0222914
0.0269744
0.095947
0.0219525
0.0335749
0.0219624
0.022028
25.0947
0.0238728
0.0246295
3.98265
0.0219876
0.100395
5.33435
3.82975
5.05505
0.0222625
0.0457429
10.5262
0.0219811
0.0222706
0.0481903
2.36149
0.0494133
0.0237911
0.0246491
0.22823
0.0222613
0.0655559
1.65852
0.0924321
1.85696
0.983189
1.05029
0.0398035
4.76166
0.0219123
5.7848
0.048258
0.0243593
0.0222686
1.46529
0.0340654
2.43912
0.0219659
3.6193
11.1505
3.44896
0.0218792
0.0219851
0.0222835
0.0222336
2.18819
3.32269
7.31064
0.0219654
0.0221122
0.0241493
0.0220504
1.91058
0.0220283
3.03794
0.0693384
7.73484
0.040275
0.0242343
0.0220344
0.0580353
6.01274
0.164578
0.16933
0.0235436
0.0218131
0.0222813
0.0231844
0.026628
0.151894
0.414541
0.0241837
0.0222737
0.0582511
2.63373
0.0268518
0.0219538
0.053498
5.67687
0.588657
0.0220353
5.62134
0.0218105
0.022029
0.0220687
17.489
0.0239448
0.0220916
0.0219233
0.931925
0.0543991
0.021948
0.431203
0.0219283
0.0615886
0.0236344
0.021638
0.353747
0.0220503
7.78474
2.29396
0.0222175
0.0218801
0.0222174
0.0219665
6.17598
28.1582
1.95879
0.0219125
0.170155
0.13217
0.717732
0.0219667
0.023816
4.07588
7.12089
0.0757024
0.0220353
0.0220733
0.0218738
7.83711
5.03826
20.8556
2.58863
0.0219687
24.9218
0.419813
0.0253427
0.0217792
0.023238
1.98679
0.0216007
0.0219332
0.022204
0.0220066
0.0216321
0.0282995
0.0246848
1.79742
0.0219285
0.0273256
0.0222171
0.0223396
0.456398
0.0561195
2.87975
0.0216404
3.37099
0.0238245
0.042735
0.0217942
0.14592
0.0221211
0.0502117
0.0514609
0.0216348
1.4172
2.06246
0.0381913
0.0219018
0.0488997
2.11513
0.0494271
0.0500902
1.64003
0.124303
0.0400291
0.0342365
0.375373
0.0216074
4.25962
6.25757
0.0216069
0.0222224
5.304
0.0219174
0.0222313
0.100276
0.110504
0.0220227
0.0238451
0.028278
0.0374775
0.0239017
0.0219725
0.042823
2.9579
0.0216325
1.97214
0.0222621
0.0221699
0.0216691
2.17389
0.0219772
2.05308
3.13106
0.022103
0.0221308
1.97662
0.0218566
0.0222398
0.0218365
2.78873
0.266829
0.0248386
0.426121
0.0791721
2.33615
3.89066
0.0222298
19.4207
0.0222643
2.1334
8.14842
1.67447
3.17529
0.120879
0.02357
0.0457473
0.0243437
0.0218171
0.0223226
0.445823
0.0265971
0.0221394
0.0222838
0.0216379
0.0216721
0.021635
2.42799
0.0218707
0.0217769
0.0218716
0.0219199
5.48207
0.567517
0.0639914
0.0228599
0.0539292
0.0219833
1.85532
13.2957
0.0219712
3.72654
0.0318715
0.0219551
21.9478
2.90502
0.0220181
0.0450128
13.3298
0.0221501
0.0339191
0.0217754
0.0222311
2.32637
0.0403665
0.0219546
0.0220215
0.0227383
0.166486
3.36694
0.0219425
0.0218734
0.0217435
6.80107
5.45228
8.66422
0.0215986
0.0426448
0.0347897
2.13044
0.0649361
0.0216115
0.0216647
0.021744
0.0441929
0.0220697
8.78091
0.0220878
0.0217889
2.63337
2.30094
2.83073
0.0217524
1.46349
0.0244624
4.18496
7.95451
1.71166
0.0234567
0.0307371
0.461477
1.7132
2.11966
0.0264874
0.0222634
0.0252194
0.0216969
0.0218555
0.0220542
0.0220807
0.022292
10.2404
0.0222065
0.0582741
0.0293307
4.01779
0.021608
0.0238622
5.2239
0.492089
1.97547
0.0632968
0.0217915
0.023526
0.0219423
0.419192
0.0215686
2.67394
0.154471
0.0805351
6.75617
2.34963
0.0221372
0.0219005
0.559823
0.392497
0.0219274
6.62688
0.0221312
0.0221756
6.92522
0.0216388
0.0857176
0.0216158
2.30911
0.0220932
0.0220624
2.65718
0.0958083
0.0532929
0.0253444
0.0220742
0.0218514
7.28142
0.0480123
0.0215766
0.0221946
0.0338841
0.0347909
0.0530054
6.81644
0.0221956
0.0219433
0.351593
0.0220808
2.56259
0.70491
0.022065
0.022015
0.0222872
0.0221162
0.0217306
1.48495
0.050659
3.26345
0.0289626
0.0232284
0.0405022
0.0246306
1.76645
0.0262106
0.0222679
0.0238839
0.477152
0.0219555
0.0219319
0.0219851
0.0215717
0.0219852
0.0217981
0.0220441
0.0221576
0.0228242
0.0243174
0.0996511
0.0219912
1.45954
0.0255399
0.203421
4.90872
0.0218207
2.81135
0.0779862
0.0217838
0.0215722
0.0219616
3.54834
0.0805961
0.0215683
0.0221205
0.0221972
0.0676802
0.148128
10.5726
0.0219757
0.0219238
0.0315001
6.50657
1.63136
0.0236505
0.0231203
2.04558
6.54974
0.209541
0.0221886
0.0218009
1.71029
0.0219168
0.130028
5.15383
0.0215653
0.232338
0.0263455
1.44785
0.0218516
2.05959
0.263261
0.0254823
1.57707
0.0219145
1.90122
0.0220945
0.0218966
0.0222231
0.021948
4.12826
0.021908
0.0217108
0.0228166
0.021607
0.0218017
0.0449143
0.0227265
0.0329728
0.0220332
0.0220376
4.07212
0.0745448
0.0236004
2.01716
0.023956
0.0221814
0.0219818
0.0217296
11.0978
0.0217034
0.0220691
8.00191
5.72007
0.0382533
0.0219256
0.0222842
0.0220744
0.022241
1.89359
0.0221927
3.00111
0.0239051
1.85717
0.0222621
18.4609
0.0222081
0.215009
0.0219226
0.0851342
4.17698
0.0221031
8.56913
0.0219127
0.0222182
0.0216215
5.26862
1.83614
0.0219677
0.0270443
0.0217017
2.00141
0.0218691
0.0434061
1.98439
0.0252228
0.0220261
0.0451285
0.0222451
0.0221166
0.0217589
0.0936074
0.0219552
2.17584
0.0220513
0.0220821
0.0374759
0.0751953
0.666068
0.021768
17.8382
0.0218965
0.193269
0.021924
0.0221821
0.0219131
0.0220491
0.0222683
0.208839
0.0402339
8.78052
0.104229
0.0350302
0.0337729
5.4686
0.0234316
1.8412
4.26941
0.24908
9.16163
2.91989
0.171135
0.0221221
3.44696
0.0371426
0.022095
0.335802
0.0222509
0.438138
0.0351904
0.192112
0.0276381
1.97361
4.83923
0.0352428
0.17501
0.022216
0.63979
0.0228558
0.021925
0.0220606
0.0235058
0.0446281
1.59247
0.267989
4.7903
0.0231855
0.0233489
1.43651
0.352597
0.0229065
0.0585553
0.0223623
5.00403
2.76667
0.0220588
0.064311
0.285882
4.93984
0.0219572
0.0256782
9.21972
0.0277208
8.00433
0.0871905
4.00099
0.0254805
0.0235283
0.0218959
0.0219237
0.207398
0.0222843
0.216113
0.123107
0.0780514
0.0222596
0.0222238
0.0234782
0.0221458
0.0218338
0.0219184
0.0951927
3.66557
2.05657
0.0222797
0.314974
0.0219496
4.77745
0.0444261
0.0467422
0.0341853
0.245136
0.0217534
0.0220595
0.0427918
0.0219164
0.0220313
0.0574641
1.49359
0.0216313
0.190668
1.74608
0.0240685
2.18941
1.82536
0.0218104
0.0522201
0.0264825
0.0219644
0.0216186
0.10125
1.7317
5.17479
0.0219733
0.0220158
0.0216669
0.0245276
0.0227549
0.0236784
0.577233
0.0441792
0.0221514
3.66643
0.028409
0.0333744
0.0219942
18.7271
0.0234425
0.0219175
0.0795881
2.10779
0.0215833
0.0220503
0.0219482
0.0250212
0.0217493
0.0359442
0.432042
0.0221552
0.0932042
0.0227317
0.0219516
0.896896
3.37504
0.264686
0.0220741
0.0215967
4.89956
0.025824
1.31634
0.0215613
0.0219151
6.51481
2.78438
0.0288379
0.0917782
0.0628085
0.0218989
0.0222717
0.0219299
4.03502
0.022057
0.0222928
1.59358
0.027454
0.271795
0.0328096
0.0219354
2.97052
0.0222681
0.0219196
0.0219221
0.0302442
3.48204
0.0221618
0.0219704
0.0219152
0.0219048
0.0219416
0.0219085
11.8352
0.0311853
0.0227605
0.0221095
0.0313063
0.058287
0.0258779
0.0284944
0.0222839
0.0216602
0.0231518
2.17665
2.71616
0.0231073
4.90103
0.0222154
0.0250603
0.913148
2.20682
0.0217715
0.0221803
0.346474
0.0488076
0.0219067
0.0222487
2.24173
0.0222682
0.0656759
0.02201
0.615481
0.0222476
0.0222754
0.0221268
0.0300053
0.0221007
0.0244036
0.0261109
0.164585
0.0218656
0.0219957
0.0222498
0.0218924
0.0220921
0.0219525
0.0296224
0.0221112
0.0494167
2.1527
0.0411381
0.0602456
0.0222019
0.0217583
6.57662
4.31506
0.0216088
2.10559
7.24875
0.0216026
0.021966
0.0218842
0.0915425
0.0513398
2.45186
0.0218595
0.0247094
0.0218608
0.0222749
0.0222579
0.0827513
0.0220692
0.231961
0.0220926
0.0570297
0.0218947
0.023056
0.0219208
0.037461
0.0604341
6.82146
3.01376
2.06117
0.0455793
0.0219154
2.98571
3.79757
0.0586463
0.0219974
0.0220842
1.9793
0.0218776
3.19504
0.0216245
0.028414
0.0221378
0.0222699
0.0217782
6.51965
4.07175
2.95116
0.0723483
5.2634
0.0219523
2.99255
11.3552
0.0222705
0.02207
0.0217347
1.70077
0.021559
5.91039
0.0322512
0.131187
0.0222132
0.855681
7.39554
1.70872
0.0290897
0.0306375
0.0220405
19.9625
0.0215414
0.609583
0.200463
0.0673259
10.2824
4.14699
0.0235794
0.0232071
0.0219483
0.0927069
6.2193
5.37649
0.0217489
3.91995
0.025494
0.109145
0.123117
1.52071
1.57534
0.0216614
0.0258885
0.0292839
0.0238824
0.0237485
2.92726
0.0221969
12.0074
0.021802
0.0216395
0.0750292
0.100417
1.24166
0.0224835
22.1588
12.4437
0.626458
0.0268706
0.022233
0.0224858
0.022227
0.0219244
0.740106
1.06761
0.0221109
0.0219248
0.0304725
1.72084
0.0254378
0.0219236
0.433763
0.0219416
0.0222749
0.0215514
0.0574998
0.0220294
0.0245265
4.40701
0.0582142
0.022261
4.2178
0.128491
0.0219379
0.0228839
0.0323062
0.0222624
0.0219641
0.0217509
12.4138
0.83441
0.0221792
0.0337698
0.0361737
0.625076
0.0219545
3.27851
0.0218636
0.0217565
0.692684
0.222884
0.0617772
0.0220377
0.0218993
5.64595
1.53174
0.269567
2.86676
0.0221022
0.0236636
0.0220143
8.12004
0.0241167
1.33001
0.0226838
0.0219078
0.0234457
0.0216948
0.0218766
0.0627358
0.0217865
3.18661
0.0218377
0.0221864
0.0215716
0.0244898
1.92055
2.83758
0.0500279
5.45195
0.0219794
0.0353217
0.023117
7.29075
0.0218532
0.0216451
2.77015
0.0342016
0.0325534
0.0221112
0.190836
6.29029
2.53228
0.0221291
0.0342495
0.919488
0.0302011
0.797541
0.115184
0.0777489
0.0217588
0.0225553
0.0584926
0.0749082
0.0219866
0.0950285
0.0217424
0.0221829
0.0222377
0.0217685
0.021917
0.0219894
0.779235
0.0252636
0.0227623
0.0446632
0.0217561
0.0219291
0.0369999
3.055
0.0842017
0.0586392
2.66437
0.022234
11.3346
0.0288079
5.569
0.0599968
0.0222018
0.0220428
0.0232141
10.3892
1.73453
0.0491131
0.151016
0.0216578
0.0219179
0.0222481
0.022201
7.54927
0.025082
0.021931
0.144136
0.290035
6.45061
0.0225864
2.5935
0.0556405
0.0383625
0.0307803
0.429434
0.232908
0.0222
1.60883
0.233861
0.0385881
2.35748
0.0429615
0.022144
0.0222638
0.0219204
0.0230699
0.0270978
21.6525
0.0479436
0.0218702
0.273499
0.0220028
4.36441
3.34264
0.021956
29.075
0.0218268
0.0217474
0.0220131
1.60734
13.8651
0.0463103
0.0311269
0.0217248
0.49061
0.0222313
0.03005
0.02209
0.0221375
0.0218831
5.49772
0.0227485
0.0419664
0.0284915
0.0222115
0.350162
0.125999
0.0327255
0.0250531
0.0234765
1.88136
2.60317
0.0219058
0.0217638
0.0219046
0.0225134
5.22153
12.319
0.19439
0.0253314
0.0217917
10.3573
4.67933
0.0221693
23.5344
0.0217168
0.0798308
13.1308
0.0217481
6.09765
9.7551
0.119078
6.18684
5.95845
0.0218615
0.0226319
2.49535
1.55548
0.0225171
5.02916
0.0245173
0.0219177
0.0222739
0.0229729
0.038068
0.0247427
0.314916
6.36801
0.228042
0.0340564
0.0220788
0.0580471
2.1862
0.0217626
3.67399
0.0459295
0.0222199
0.0243732
0.0222416
0.0221883
0.0312944
2.3137
0.0223963
0.0217955
5.5921
1.53717
0.0663845
0.0222614
0.053514
0.0219309
0.0219307
4.14314
5.21147
0.0219206
0.0214852
2.75028
4.45835
0.0465683
0.0222504
10.8374
0.0225742
0.0219274
0.0238411
0.0219315
0.0216514
0.021626
10.1948
0.181668
0.0256001
1.607
0.0429924
1.50531
9.22844
2.09517
0.142711
0.0219451
0.0222387
0.0222309
0.0219918
0.0730835
0.0218829
0.110122
0.0282352
1.25489
0.0220457
1.5268
0.0362595
5.91721
0.0219241
1.75677
0.0288752
0.15849
0.231793
0.0301448
0.0216228
10.0935
0.0537641
1.26589
0.0216059
5.50732
0.0220251
5.02292
0.465089
0.0429889
0.0219264
0.0220892
1.88403
6.82205
0.0305109
0.0215867
0.676967
0.0822512
0.0428113
2.85481
0.0774382
0.0219356
3.69638
0.021923
0.0317242
0.0216246
6.54157
0.0216299
0.0234969
0.286199
3.59716
0.0222219
0.0641561
0.0239897
0.0776759
0.021881
0.316734
0.0234008
0.0623165
0.021952
0.0219846
2.02748
0.0276395
5.2798
4.25622
5.25647
0.0227022
0.0216453
0.021759
0.0250989
0.0350743
0.0300731
5.66449
0.0232585
0.338959
0.0411606
0.0222811
0.0219279
0.0656645
0.32145
8.73043
0.0219174
1.64788
0.0218639
5.81863
1.4585
0.0445272
0.0219952
0.0217288
0.0414056
1.26623
0.0239952
0.0222687
0.0236497
0.0427048
0.0228022
1.49081
2.23732
3.87687
0.022156
0.025676
11.8765
0.0221866
0.0618763
0.0217998
0.766052
0.0358165
0.0219493
0.0424781
0.181919
0.02194
2.21361
0.0219214
0.127946
0.241772
0.352031
0.301642
0.0221662
0.0221979
18.4817
0.0221484
0.0391572
0.0773016
0.0232668
0.021532
10.9707
0.0248649
0.404859
0.0233464
0.0654575
0.022487
0.40947
0.0251362
0.0242469
2.41689
1.18815
0.0220882
0.022273
0.160024
2.21223
1.94632
0.787175
0.0283528
0.0219213
0.0218126
1.89158
0.0221381
5.9639
0.0943374
2.548
0.022107
0.0217233
0.0217989
0.0412852
0.0458035
3.70167
1.56561
0.832849
0.200883
0.0216077
2.54372
0.0228986
0.0611587
0.0227305
0.0386235
0.0609324
0.0219278
0.021575
0.0615686
0.0216396
0.0380505
0.0709491
3.50373
4.62872
0.0364044
1.84543
0.0217375
0.0216394
0.0220734
0.195349
0.0604732
0.0446408
0.107367
2.22799
0.0388691
0.150266
0.0218035
0.0221309
18.0393
0.0218852
0.286448
0.0214632
0.0218757
2.37833
0.331009
0.0218652
0.0758601
0.51364
4.14599
2.41337
0.0247072
0.065187
0.0471429
2.51375
0.0220389
5.3213
6.42141
0.0236903
0.0254701
0.0216128
0.470907
0.0217491
0.0219825
1.62961
0.022195
0.0215647
0.189312
0.0571688
1.53622
1.51958
3.3181
1.77767
0.0216354
0.0219179
0.021873
0.0222051
6.16062
0.0220484
1.78127
0.0228813
4.95522
0.0244414
0.0221219
0.0216867
0.0222253
0.0299866
0.0219897
0.0215212
0.277105
0.0218308
0.049601
0.0224452
6.91505
0.0245025
0.0220791
0.02194
0.050925
0.0219066
0.0217651
0.0220877
0.0222147
0.0243669
0.0218651
0.0232104
0.0314701
3.70204
6.21006
4.75249
2.56702
0.0217738
0.0220041
0.021924
0.0214249
0.0219338
0.0217403
0.167462
0.0218745
0.0222518
0.0220679
0.0220414
0.0219175
8.45878
0.0240121
0.0219704
21.5093
0.0414196
0.0217166
9.46057
7.56472
0.0220184
0.434689
0.702238
0.0220317
0.0457742
0.0239253
0.0215578
0.0270435
0.0220932
0.0389171
0.0220117
0.0222474
0.0217512
27.785
0.0276712
0.0450864
0.0220318
0.0222653
5.07097
0.025724
0.0220346
0.0235867
0.0238863
0.0222519
0.216026
14.6024
0.93383
1.58505
0.222548
0.0369678
0.0222597
10.1036
0.152344
0.0226592
0.0572789
0.0222932
0.0219108
0.0222464
3.05468
0.045559
0.0219969
0.0220402
0.16934
0.0217354
0.421753
0.0219666
1.88645
0.210502
2.12886
0.0220797
0.0231765
0.0317233
0.0350362
0.0222189
0.0383057
0.0859982
2.18937
0.0220393
0.488667
10.6895
0.0215684
1.94103
0.0429272
0.33563
0.101187
0.021924
0.0273646
0.038647
0.0216899
0.0245959
0.0215429
3.39549
1.42785
0.0322076
0.0218292
0.14267
0.0743533
2.80048
0.292041
0.0231863
0.027269
0.0219472
0.0219397
0.0387131
0.0511639
21.9046
0.021826
0.452698
0.0226737
9.42961
0.167772
2.37963
0.0216035
0.0229168
2.01417
1.80849
0.0424553
1.99172
0.0227944
0.257827
0.0219132
0.0218685
2.66863
0.328797
0.0245677
0.0220933
0.0734892
2.17666
0.190103
0.065423
0.0217788
0.0220123
0.0217212
2.37599
4.88764
0.0217566
0.0429245
1.90333
0.0709583
0.264594
1.6653
6.23532
2.22742
0.0217707
0.0227214
1.65154
0.0218959
0.0485398
1.57443
11.4617
0.0233648
0.0301714
4.9682
0.628433
2.03414
6.05104
1.77777
1.49429
0.0221103
0.0216268
0.0219896
0.0224725
23.7289
0.0546921
0.367795
0.356796
0.0557933
0.0219112
0.27185
0.021701
0.0293658
0.0219215
0.0402033
8.87171
1.73513
0.0220708
0.0216048
0.0375179
4.13701
0.176892
8.60779
0.0442853
0.0220415
0.0831618
0.0214613
0.0940973
0.0319921
0.0219195
4.18673
0.168791
0.481899
0.0557101
0.0222038
0.021583
4.54308
0.0252071
0.0216248
0.022145
0.022256
0.0216881
5.64201
7.09402
2.01974
1.41688
7.30757
0.0238241
0.0219416
3.06566
0.0239633
0.0845573
6.60808
0.021867
6.31599
2.9419
0.0575117
0.03349
0.801042
0.0230078
1.7901
0.0365791
1.96695
0.0218322
0.0227808
0.0401828
3.25719
0.108745
0.0674664
5.11082
2.1775
0.0716918
0.147798
3.31503
0.023876
0.362312
18.3562
0.035104
0.0620553
3.08439
0.030857
0.0362387
0.0221028
0.0351112
0.0372615
0.0542507
0.0220875
8.46199
0.16102
1.77852
5.17939
2.21629
0.039079
1.59948
8.62095
0.0218477
0.553828
3.19944
5.69088
0.0274232
0.0242096
1.68673
6.36539
0.0216141
0.239587
0.0217564
0.02191
4.15997
0.0253849
2.32621
1.57757
2.06835
6.87147
0.021625
0.033616
0.0219823
0.0218449
0.110167
0.054594
0.025852
2.7901
1.87911
0.0222731
0.0255434
1.35472
0.0232028
0.383091
0.0477384
1.52438
1.52177
0.343105
9.60077
6.97407
1.83182
1.53455
1.79015
0.030383
0.0251153
0.113959
0.11688
1.87315
6.64367
0.0221317
0.0227394
6.27067
2.37022
0.0243008
5.1112
0.0219364
0.821046
4.8701
4.54524
0.0219225
1.62901
1.55792
0.0263833
0.0341161
6.57233
5.69629
4.81787
4.35829
0.0219835
4.1714
1.64374
0.0403777
0.213765
0.107568
0.021739
0.0259694
3.50993
2.41077
0.0241486
0.0221716
1.57529
0.0843481
1.88446
0.0709035
2.19661
1.5601
0.0219903
10.9249
0.0222852
0.0292523
0.0220636
0.0218706
0.0217087
0.0361026
0.271145
0.0214897
13.5429
0.0702264
3.30129
9.42957
2.02885
0.0219088
4.79135
1.5253
2.04433
0.0338066
0.0219269
2.57101
0.376372
2.16244
0.0552541
0.0234225
0.0216919
3.08901
5.61551
0.0329272
13.8272
0.0310536
0.022168
1.46454
0.0541033
19.168
0.0218773
0.0287404
1.67539
4.80459
1.54231
0.191118
1.53045
1.73358
2.76754
0.0220465
9.1326
0.0469224
0.0218503
0.0215554
0.0219387
5.2915
0.0492229
1.53855
1.6005
0.0353366
0.157281
0.0784762
2.63194
0.265067
6.95616
5.18641
1.29461
0.0867249
0.0216514
0.398913
0.0559628
0.106066
1.45332
2.83231
1.70322
0.0220949
0.0237679
0.0482604
0.0220584
0.021924
0.0270539
1.56047
0.0279073
0.0250094
1.42697
0.0709634
0.257753
3.13429
1.59354
0.412803
1.99418
4.95592
2.27041
0.0618054
0.0299925
0.0221071
1.31044
0.101906
0.207659
0.0627354
0.0605402
0.021445
0.164742
6.22988
0.026003
0.0215878
0.0229019
1.89538
0.0218782
0.0220243
0.0599753
1.57663
0.0276728
0.0538356
0.174308
0.0303511
0.0564741
0.0218719
0.0219805
0.0397918
0.198639
0.0222254
0.0304313
0.271893
6.70183
0.0221206
12.2354
0.0218829
1.5927
0.0232132
0.0233619
0.0215523
0.168829
0.0329237
5.91745
13.9474
0.0680304
0.0221618
0.021924
6.70497
1.63706
0.0218148
0.230158
1.64572
0.0504858
0.0765081
0.0214234
0.0225846
0.0219278
1.48699
0.0407466
0.0220492
8.08972
0.0223243
0.0578335
0.228352
0.0217404
0.0957739
0.0575596
19.5515
0.0223932
0.0261257
0.0233668
0.0522134
0.0213991
0.0219117
5.90045
0.306059
0.0713104
0.0219165
1.96673
0.0223439
0.0223269
0.0219569
0.438074
7.83634
0.023464
11.0044
1.03429
0.0614216
3.01932
2.33134
5.59948
4.09901
0.0505354
0.0610532
0.203609
0.0462308
0.0219499
0.0300063
0.0284909
9.83847
0.0220782
3.66332
0.0219773
0.410376
0.0868225
0.0226723
0.0231153
5.65878
14.9944
5.55748
1.58608
0.0218154
0.0661008
4.9448
0.0253434
8.33592
0.040246
0.107323
1.71532
0.0331614
0.0219918
0.117864
0.140187
0.0219233
1.53087
0.647621
0.0217145
0.0222394
0.0221211
0.0220083
7.87528
0.0219769
0.0457019
0.0220238
0.02229
0.0322849
0.0219379
1.51193
0.0793811
0.0221169
0.02163
0.104231
0.0230799
0.0551944
7.22741
5.01156
0.0515973
0.229268
0.0401484
0.0215957
0.127001
12.4066
0.0369123
1.51338
4.98677
0.0742468
0.0375441
0.0273988
0.0637645
0.0372706
6.79828
0.0221128
0.0221145
0.0218128
2.50527
7.26171
0.0353545
0.0967247
0.0218453
0.0260334
0.0982765
0.240785
0.0219294
0.0577892
1.94756
0.0874261
0.0219899
0.0219392
20.5994
5.51139
0.0219361
0.508331
0.0293522
0.183093
0.227473
0.0218671
2.95213
0.0280244
0.0220242
2.95954
0.187159
0.0219261
0.0221622
0.238629
0.0217793
0.0220397
0.136574
0.0415648
0.045191
6.40615
0.0247313
0.0403461
1.87903
0.0218457
8.70541
5.22177
0.0246024
0.0570144
0.159994
0.0219625
0.146234
0.021463
2.23166
1.51132
0.0220021
3.51248
8.63914
0.0219488
0.0219368
0.56632
0.0365496
1.55235
1.53156
0.0220954
0.0414371
5.04069
0.0225168
0.0458686
0.0657353
0.0331964
3.32576
0.175879
0.0232144
0.208003
3.17076
0.0451853
3.25148
0.0219118
0.02155
0.0222675
0.0419362
5.07207
0.0220654
0.0318978
13.5019
2.84968
0.0222177
0.0290263
1.96215
1.57617
0.0222247
9.01454
0.0321028
0.0825161
0.0328666
0.0229299
0.0253169
0.0219641
0.0219615
6.08348
0.0219329
0.0517911
0.0219814
6.19303
0.0232007
0.0238425
0.0215921
0.0234431
0.0219814
0.0397322
5.41563
0.559237
0.0365955
0.0421223
0.0219666
0.0313585
0.0491903
2.28949
5.82213
0.0218326
0.708868
0.0220221
2.31876
1.43472
5.30447
0.0218305
0.102907
0.0663914
7.21923
0.234217
0.0218615
2.58639
0.327408
0.0376525
2.01993
0.0221158
0.021984
0.038708
3.40216
0.0219278
6.23454
0.0337863
1.85869
0.0896052
0.02244
2.21843
0.0275087
0.0221063
0.229016
0.0219079
2.77016
10.386
0.140772
0.0274158
0.152471
0.0219343
0.0962564
0.0423221
8.49121
0.022012
0.0216212
0.0263528
0.0286804
0.0407385
1.8904
3.56761
0.0356402
0.226501
0.0218178
3.39136
3.03734
0.172445
0.0219246
0.0222603
0.0230803
2.82436
0.0220506
0.0255877
2.40434
0.0765293
0.0219802
0.26379
0.0722999
0.0219867
0.0246761
0.111933
1.55031
0.0663611
0.0414943
2.02634
1.53772
0.282275
0.0261719
0.0221002
0.0240215
0.0246055
0.130191
0.0536665
0.026576
0.071028
6.69726
0.0240228
0.021995
5.06233
0.283078
1.66058
0.159546
0.0252835
0.0236609
0.0234507
0.0217677
0.0219024
0.0407846
0.0215488
0.022878
0.0220081
0.022801
0.0233545
0.0219476
0.0380989
0.0345901
0.0220222
0.0219362
0.0221189
0.0226908
0.0223063
0.247255
0.0220582
0.0233668
1.42269
0.0216899
0.0230527
0.0222233
0.0263316
4.9678
11.9196
2.58702
2.92641
2.9812
0.179283
0.0218829
0.0554568
0.0219831
0.458204
0.0229926
0.0288888
0.022154
0.0508545
0.021959
0.029473
0.0217908
2.67949
0.152323
0.022078
5.75045
2.78167
0.022085
0.0858338
0.0219516
0.0215963
7.15827
0.0220503
0.0611572
0.179145
0.0221053
0.0215545
0.067802
1.71154
0.0249392
0.0231352
1.48334
0.0219446
4.17294
0.0471757
6.86442
0.0216758
1.57562
0.0219321
0.022143
0.204419
0.0547048
2.62481
1.78242
6.53969
2.99529
0.149241
0.1281
0.0220457
0.120761
0.021985
0.0218245
0.0926704
0.0219147
0.0219827
0.0216051
0.021616
0.0530254
4.21887
1.51943
0.363409
2.86531
0.0232243
0.0301074
0.0226515
0.0226474
0.0686936
0.0220231
0.0217448
0.0218222
0.0233426
0.0231044
0.195706
0.0774095
0.0438013
0.0221085
0.0539683
0.055227
2.22374
5.29091
0.0242566
0.0368253
0.0220888
10.868
1.70666
0.0219247
0.0219331
0.0240325
0.022213
0.352465
0.240804
4.86775
0.0221106
3.60362
0.0220782
2.69974
0.0473672
0.0218133
0.0272969
2.16784
0.0267615
0.0270202
0.0285884
0.075774
4.5195
0.0217783
0.0219151
0.0275359
0.148364
0.0218767
2.0355
3.49959
0.0219583
0.0214175
6.14652
0.0614892
0.0219246
4.53858
14.5865
2.26175
3.36494
0.0268718
1.94712
0.0220705
4.87376
3.33971
0.813238
0.061376
0.0235577
5.58186
0.0245962
0.0218721
0.0214434
0.231956
0.0216385
2.61835
0.0225736
0.0221402
0.0248208
1.54514
0.0235066
0.0226424
0.0220734
9.61045
4.11037
10.0715
1.62922
0.0394168
0.0219281
0.0240548
0.194506
0.104411
0.0219864
0.0465171
0.163323
2.98826
0.0219039
4.00548
4.92924
0.0358079
0.0220627
0.0234572
0.0219519
0.0217289
0.0219403
0.0220307
0.0221997
0.0960105
0.0220949
0.108554
0.0225403
0.0225821
5.11686
0.0659069
0.0233268
0.0226472
2.20641
0.0215567
0.0228981
0.0255308
0.0218177
0.954262
0.0295309
0.0226265
0.0438697
0.0219344
0.0263339
0.0218546
0.125685
0.0218282
0.0219228
6.3708
0.0233363
0.15846
0.0313164
0.0236772
0.0756077
0.0214025
0.0220876
0.0225442
6.08754
0.0234606
0.0219236
1.91201
0.0219755
0.0216261
0.0218843
0.568744
0.0316621
0.118564
0.0331986
0.0304068
0.0493085
0.0235233
0.0264795
0.0470026
2.31554
0.0222292
0.0276838
0.0217988
0.239067
0.181364
0.0219041
0.0278692
3.24485
0.0296204
0.0215465
9.10705
0.0253515
0.0793773
2.40807
0.0272362
0.0219126
0.0282542
0.0219249
0.0240207
0.0219056
0.0231404
0.0254173
0.0219695
0.0220679
0.0316202
0.0221436
0.0845596
0.0218758
0.0236301
0.0219426
0.0283891
1.57565
0.0220461
0.0219412
0.0955919
0.0229972
0.0219345
0.211284
7.16398
3.01118
0.022054
0.0240548
0.0329818
0.0222448
0.0221247
0.0317084
0.177642
0.0215327
0.0519442
0.0219599
0.0218944
0.0217443
0.0215235
0.0226501
0.0407518
0.0318816
0.0259665
1.7409
0.0237689
0.0274904
0.0217209
2.39314
2.11041
2.57695
0.0220362
0.0441151
0.0273047
0.0220151
0.0221198
0.0405139
1.57999
2.43848
0.0219189
0.0265897
9.8591
0.0227126
0.164306
3.91989
1.67362
0.0279637
0.0219859
0.036508
0.0411421
0.146001
10.3619
6.9796
1.62255
0.0225389
0.0221737
0.0219385
0.0956969
0.0218871
0.0216918
0.0353558
0.0219276
0.0218475
0.0218781
0.051712
0.0219165
0.0217819
0.0219711
2.41373
0.0215444
0.0220185
0.0221062
0.0225095
0.0219383
0.0710811
0.0651159
3.89479
0.0215904
0.0276273
0.0998651
5.79627
2.48337
0.0221954
0.0222753
0.0518368
0.0948878
0.0253611
0.363233
0.0219325
2.87676
0.0222781
1.5074
0.0226676
0.0219308
0.0420211
0.021946
0.0219767
0.0226236
0.681451
0.0240582
0.0224153
0.0221782
0.0219612
0.0372234
0.0219943
0.0219194
0.0252864
0.0999715
0.0238783
0.0218958
1.50705
6.91748
0.0219802
0.481061
0.0221428
0.0288894
0.0705283
0.186674
0.0231924
0.0228381
0.0220567
0.26234
0.0276226
0.0221155
0.0219144
0.0230703
0.151094
0.0221146
0.0327678
0.0235493
0.034712
0.0502463
0.0353973
0.0858176
3.57297
0.0245819
0.0220378
6.68516
0.278843
0.0219299
0.0214853
0.0220643
0.0219619
0.0219253
0.0236006
0.0216788
0.0220794
3.20282
1.5659
0.0304477
0.0219436
3.06531
0.0235254
0.0217054
6.586
0.0234694
0.0216506
0.0220949
0.0220365
0.0346533
0.022038
0.0530031
0.021925
0.0217862
0.0219445
0.0305816
0.0335241
0.0218975
0.0534012
1.52475
0.023098
0.0219011
0.0600475
0.0217143
0.021988
0.0218727
0.0289294
0.0220512
4.84165
0.0222985
0.232866
3.13809
0.0528688
0.0231234
0.0221767
0.0220294
0.0219401
0.0286445
0.144771
0.105851
0.0218175
0.0237542
5.38192
0.0215906
0.163075
0.0219641
0.0230919
0.0296843
0.0605621
0.0219559
0.0318694
0.0276634
0.0566481
1.4636
9.23136
0.0218665
0.0219265
0.0323513
0.022715
0.0225635
0.0470433
0.0225799
0.0907567
0.0217864
0.0679455
0.0221058
0.0799939
0.0538568
1.50193
5.40766
0.0219231
0.0363861
0.911212
0.187524
0.0215969
0.0218104
0.116723
0.021943
0.0218996
0.02175
0.0215119
0.0687461
0.0709695
20.5706
0.0220191
0.0421465
0.0222551
0.0215888
0.0228798
1.7297
0.147812
0.0219332
0.0221027
0.021852
7.675
0.0220006
0.0219313
0.0224243
0.0219439
0.0424215
0.0218356
1.89048
0.0219841
0.0225117
0.0222474
0.021916
0.0217438
0.0220056
11.1905
0.0217867
0.0219462
0.213545
0.021863
0.0220432
0.0221112
0.0221558
0.0507741
0.0219253
0.021974
2.47998
0.0233453
0.0220376
0.0222291
0.0215342
1.60612
0.0229214
0.0221952
0.0219208
0.0253095
0.0219676
2.30682
0.0217977
0.022009
7.51089
0.0219764
0.058648
0.0221593
0.0214069
0.0215117
0.0304346
0.0362617
0.0218641
0.0222862
0.023721
0.0219164
0.022111
0.0220893
0.0218701
0.0217754
0.0218571
4.98269
0.0219584
0.0218514
2.07156
0.0219453
0.0260111
0.113678
1.60749
0.0218289
0.0220633
0.0219593
0.0216404
0.022894
0.0371628
0.0237848
0.0352672
0.0217745
0.0249868
0.0219815
0.0214702
0.0273795
0.055679
0.0234132
0.0282447
0.0220253
0.0219585
0.0221201
2.28167
0.0233503
0.0220101
4.40098
0.0228868
2.55432
0.0220641
0.0219353
0.0217388
1.60731
0.0219408
0.0246001
0.022798
0.0220734
0.0219651
0.0220889
0.0219669
0.0238754
0.0219189
0.0383702
0.0222479
0.036858
0.0215093
0.0216361
0.0236072
8.47114
0.0221481
0.022049
0.0225514
0.0219295
0.0237394
2.39379
0.0226968
0.0268805
1.93905
0.397787
0.0226567
0.0226384
0.134298
0.0838063
0.0230004
0.0221143
0.0218863
3.54467
0.0225756
7.47559
0.0216914
0.0215387
0.022105
0.0219509
0.0231311
0.0215868
0.0219873
0.0222652
0.0573589
0.0237169
0.0224331
0.0216306
0.343959
0.0616867
0.0215115
0.0221049
0.0233867
0.0222391
0.0220582
0.021591
1.5004
0.0216042
0.0219475
0.0649465
0.0215804
2.24248
0.0218254
0.0424416
0.0266266
0.021968
0.02154
0.0219268
0.0222142
0.0220439
0.0218168
0.0216212
0.873974
1.61953
1.91102
0.0216145
2.19725
0.0219777
0.0533955
0.0219255
0.0219284
0.022109
5.75916
0.0219481
0.0219168
0.0221258
0.0219726
1.03431
0.0219341
1.83462
0.0214443
0.0224473
2.57858
5.22141
0.0219824
0.0219572
0.0261018
0.0220148
0.132298
0.0217574
0.429766
0.0217761
0.0343579
0.022139
0.0218241
0.0219437
0.0219693
0.0231197
0.021898
0.0296155
0.0335015
0.115057
0.0217748
2.74592
0.0219043
12.5971
0.0219187
5.6682
0.962745
0.0217545
0.0219181
0.0216004
0.0218746
0.0220436
0.0220662
0.0215886
0.0224495
0.021437
0.0820814
0.0221111
1.51878
0.02158
0.0215351
0.0219297
0.021924
0.0225688
1.88494
0.0228931
3.1822
0.0215579
0.0221187
0.0334954
0.0215863
0.129878
0.0229854
0.0219329
0.0380792
0.021504
0.0219713
0.0223316
0.0217199
0.0283547
0.0385201
0.0216389
0.0221123
0.0220456
7.84406
0.0233642
0.0215986
4.85976
0.0499334
0.0216289
0.0219222
0.142447
0.0227077
0.021436
3.10973
0.212706
0.0227172
0.0214431
0.0222399
0.0341941
0.0215699
0.166053
0.0216208
0.0216806
0.0391412
0.0504128
0.021615
0.0216151
0.0215207
0.0217336
0.0217459
0.0406004
0.0219689
0.0217506
0.0221113
0.0218471
3.08092
0.0222722
1.56145
0.0256403
0.0269468
0.022142
1.78944
0.0218872
2.02572
0.0215474
0.0219594
0.450746
0.0219716
0.0226678
0.0216625
0.0244665
0.0217044
0.0262307
0.0215815
2.75562
0.0221618
0.0215849
0.0215375
0.0215767
0.0959573
0.0217903
3.89089
0.0219217
0.0245387
0.0214975
0.0220153
0.182222
0.0219985
0.104309
0.0218247
0.0229128
0.0221417
0.0221328
0.0223446
0.0219335
0.0219808
0.255976
0.0215744
0.0219476
0.0225172
0.0220562
0.0220533
0.0313869
0.0218964
0.0219221
0.0218672
0.0216259
0.0217681
0.0219944
7.85123
0.179981
1.54844
0.0214321
0.0233653
0.0221256
0.025766
0.111271
0.223946
0.0306286
0.0215723
0.0219776
0.0219909
0.0221436
0.0221142
0.0219169
1.35316
0.0489872
0.021928
0.199796
0.0221368
5.72567
0.0219619
0.0218996
0.0218096
0.0215761
0.0214795
0.0218429
0.0216659
0.0218022
0.041353
0.0230445
0.0219249
1.87911
0.0215679
0.0226431
0.021985
0.0216169
0.0219233
0.281834
0.0218002
8.16391
0.021927
0.0216011
0.0342748
0.0219029
0.0266609
0.0731658
0.021675
1.49057
0.0685147
0.0216093
0.0224928
0.0215303
0.229841
0.0216171
0.0268763
0.0228916
0.0218009
0.0217318
0.0218481
0.0219463
0.0223951
0.0217601
0.0223367
8.30716
1.96901
0.0227656
0.0219632
0.235379
0.0305048
1.18294
0.0218048
0.0218934
0.0219637
0.0223196
0.0219302
0.0216292
0.0215997
0.0219734
0.0418827
0.0216655
0.0220099
0.0257738
0.021986
0.0295677
0.0220412
2.45898
0.0218789
0.0219263
0.023094
0.0387392
5.30274
0.0219221
0.0221553
0.0218792
0.0221022
2.42593
0.0225416
0.0219337
1.48003
0.0218149
0.0219943
5.11446
0.0220189
0.0218688
0.0214666
0.0219213
0.0217892
0.0219996
0.0343267
0.0218
1.00113
0.0220985
0.0236636
8.69236
0.0219714
0.0216507
0.0220615
0.0214368
0.0216207
1.99888
0.0219704
0.0220088
0.0225773
0.0218994
8.41361
0.021816
0.117075
0.0217197
0.0666536
0.149378
0.0716066
2.43035
0.0259646
0.0340814
0.0275763
0.0218895
0.0219897
0.0230055
0.175867
0.055238
0.0215249
0.0220061
0.0219706
0.0217563
0.0216073
0.128498
1.57336
0.143513
0.0222782
0.0221622
0.0306837
0.0220029
0.0220535
0.0218981
0.0220408
0.021946
0.903206
0.0228651
0.0222887
0.0215025
0.0608525
0.0216436
0.0220735
0.0217303
0.0215562
0.0219065
0.0220472
0.0468868
0.0217933
0.0254844
2.1645
0.0216749
0.0221051
0.0216772
3.8725
0.0215237
0.021782
0.0438466
0.0219801
0.0678611
0.0217758
0.0215429
0.0225462
2.44185
0.0222525
0.0220937
0.0216882
0.0217826
4.23703
0.0229229
0.0217441
0.145367
0.0219193
0.0217717
2.0838
0.0222936
0.0222942
0.0222931
0.0222926
0.0222919
0.0217386
0.0233682
0.0232887
0.0678624
0.0215824
1.93684
5.2666
0.0310457
0.0219565
0.0218119
0.0219142
0.0220274
0.0217827
0.0221339
0.0217419
0.161847
0.021935
0.0217957
0.0217546
2.5288
0.0220079
0.0221346
0.0219917
0.0219561
0.0219042
0.0217876
0.022774
0.0235269
0.0221446
0.0229651
0.0232654
0.0222287
0.0223717
0.0225545
0.021975
0.0222859
0.0215461
0.0218
0.0217099
0.0226359
0.0217985
8.79348
0.0218684
0.021867
0.0219431
0.0214176
0.0229773
0.0219743
0.022013
0.0219256
5.15096
2.30694
0.0215721
0.0217961
0.126913
0.0339787
1.1919
0.0218389
0.0238543
0.0342797
0.0215539
0.0221567
0.0219609
0.0221906
0.0219257
0.150231
0.0282626
0.0332285
0.0219551
1.56516
0.0221242
0.022039
1.47757
2.1614
0.0217181
0.0218733
0.0222616
0.0228688
0.02192
0.0219948
0.0218581
0.0234751
0.0215632
0.119224
0.0217963
2.24425
0.021796
0.0220117
0.747372
0.022796
0.0218242
0.0224089
0.0218889
0.0220233
0.0271039
0.0221679
0.349394
3.52749
9.32863
0.0217721
0.105694
0.0218829
0.0220773
0.0219787
0.021846
0.0217085
0.0219951
2.00875
0.0218234
0.0219351
0.0216012
0.021832
0.0218906
0.021574
0.0224428
0.0219823
0.0217265
0.0219432
0.0220261
3.96275
0.0219329
2.33373
0.0222945
0.0219886
0.0217879
5.0362
1.5794
0.0215987
0.0216534
9.79499
0.0446683
0.0219365
0.0220255
0.0289231
0.0217819
0.0219268
0.0217873
2.30404
0.0220903
0.0220544
0.022284
0.0218928
0.0219412
4.27163
0.0217768
0.0216862
0.0218111
0.0220773
0.0219246
0.0218937
0.0219504
0.0219252
11.9537
0.0221022
0.0220054
0.0216851
0.0307031
0.0217208
0.0325232
0.0220378
0.0216866
0.021952
0.0217871
0.0218643
0.0219302
0.022121
0.0216336
0.021799
4.7908
0.0219667
0.033445
0.0219705
0.0219106
0.0216483
0.0218421
0.0304854
0.0220176
0.0215312
0.0219475
0.0219119
0.0241017
0.591361
0.0217432
0.0214837
0.0220304
0.0220591
0.0219969
0.139896
0.0218099
0.0220038
0.031785
0.0217593
0.0441942
0.02184
4.13653
0.0219363
0.0217863
0.0220697
0.0219109
0.0219499
0.0250997
0.0218879
0.022022
0.0219099
0.0219816
0.0221244
0.0217507
0.0218943
0.0216607
10.3514
0.0219727
0.0222321
0.077384
0.0236085
0.0218036
0.0215657
0.631913
0.0226401
5.1912
0.021801
0.0907751
0.0222841
0.023675
0.0215369
0.022028
0.0219215
0.0217685
0.0219265
0.0219216
0.0219515
5.08484
0.0214141
0.0220378
5.43201
0.0221215
0.0216229
0.0221951
0.0219284
0.0293961
0.0217072
0.0305171
0.0218632
0.0221207
0.022125
0.0221279
0.0218415
0.0219615
0.0240334
2.40163
0.0221223
0.0221301
0.0218473
0.0220058
0.0216141
13.2077
0.0228106
0.0220185
0.0218955
0.0215893
0.0217036
0.0268013
0.0217968
0.0214641
0.0220658
0.0219711
0.0215008
0.0225068
1.2494
0.0220933
0.0218144
0.0222245
0.0220077
0.0220422
0.0214509
0.0220721
0.022024
0.022073
0.0221387
0.0215097
0.0219115
0.0220204
0.0219356
0.0221561
10.9345
4.89221
0.0220556
0.0231911
0.0218526
0.0252519
0.0987624
0.0215968
0.0217987
0.0264926
0.0227317
0.0301494
0.0220084
0.0219594
0.0219411
0.0219858
0.0216028
0.021845
2.24672
0.033179
0.0215719
0.0239579
0.0223886
0.252904
0.0216706
0.0216356
0.0215204
0.0217407
0.0219105
0.0756703
0.0218455
0.103674
0.0418347
0.0240639
0.0218548
0.0220822
0.0218582
0.0219187
0.0221964
0.0218958
0.0218698
0.0287539
0.0220451
0.0218289
0.0221603
0.0220338
0.0219746
0.0220081
0.0219859
0.0217372
0.0220102
0.021897
0.0220284
0.0220138
0.0326358
9.9946
0.0315199
0.0217261
2.84315
0.022043
0.0216893
0.0573306
0.0222109
0.0218851
0.021877
0.0218989
0.0219394
0.0216712
0.0220296
0.0224297
0.0219232
0.0218871
0.0218044
11.5252
0.0217851
0.0219006
0.0285846
0.0217715
0.0217633
0.0219828
0.022293
0.0221483
23.8007
0.0218831
0.0415303
0.0219718
0.0415076
0.11539
0.0214506
6.70415
0.0219488
0.0219635
0.0217191
12.242
3.02774
0.0215965
0.0271559
0.02211
0.023136
3.61603
0.0240598
0.021952
0.0215999
1.09671
0.021972
0.0228854
0.0220039
4.57086
0.0219352
0.0215406
0.0217737
13.2172
0.0218014
0.0219785
0.0220004
0.0216771
0.0220133
0.0220893
0.0219982
2.77038
9.99603
0.0219941
0.0232054
0.0244835
0.0715422
0.0217253
0.155935
10.7632
0.0215629
0.0216527
14.7472
0.0261477
0.022015
0.0218029
0.0222929
2.71638
5.29229
0.0221629
0.0221378
0.0224843
0.0220471
0.0219756
0.0224172
0.0222561
0.0220468
0.0219232
0.0325125
0.0215286
0.0232195
0.0224353
16.3553
0.0215604
0.0220574
0.0218402
0.0224683
17.7379
0.0221288
0.0521504
0.0224961
0.0219947
1.87431
0.0220784
7.07247
14.16
0.0218505
0.0221218
0.0219275
0.022402
0.0219974
0.0218371
0.0268495
0.0214295
0.32616
2.20028
1.55826
0.0219992
0.0243625
0.021946
0.0215722
0.0219938
0.0221427
2.38781
0.0220839
0.0220798
0.021815
0.0221382
0.022182
0.0221637
0.021998
0.0219947
0.0221051
0.0215168
0.0896787
0.0224753
0.0669767
0.0221064
0.0219084
0.021884
0.0220272
0.0217032
0.0220457
0.0225421
0.0241455
0.0216891
1.56832
0.0220972
0.0895621
0.0219207
0.0218945
0.0743869
0.0288977
0.0219293
0.0219801
0.0220295
0.0219351
0.0216117
18.424
0.0395921
0.0218893
0.021537
0.0221148
0.0219972
0.0837748
0.0219933
0.0214977
0.0220421
1.34881
7.05199
0.0216993
0.0218301
0.0219739
0.0219508
0.0230715
4.52159
0.0286078
0.0629374
0.0215995
0.0388654
0.123376
0.0221006
0.0222378
0.145977
0.0227406
0.0216539
0.175
0.0234058
0.0229079
0.0217895
0.0471497
0.0220328
0.0219965
0.0582437
0.0219661
0.0233477
0.0220056
0.0676277
0.0215144
0.0220056
4.87177
0.0259168
0.0221277
0.0299094
0.0216233
0.0281325
0.0247274
2.58103
6.80378
0.0222265
0.0217202
0.0319035
0.0220129
2.32427
1.43889
0.0220817
0.0220534
3.01511
0.0216441
0.0221261
0.0496643
2.05701
0.0597868
0.0216513
0.0219371
0.0219142
0.0218012
0.0217268
0.0220311
0.0375816
0.0220264
0.0214963
0.0219027
0.0219588
8.87292
0.0316829
0.0221831
0.0231522
0.0215334
0.022149
0.0278697
0.0220749
0.036733
0.021897
7.36808
0.0214964
0.0217906
0.036102
0.02218
0.022098
0.0221924
0.0246855
0.0215308
0.0225453
0.0215665
0.021886
0.0216939
0.0233197
0.0219897
0.0219102
0.0220648
1.63139
0.035921
0.0215875
0.0219239
0.0219244
0.0215214
0.0555061
0.0615227
0.0218758
0.0220424
0.0218163
7.71476
12.2816
0.0220638
0.0215946
0.0215492
0.0216177
0.022218
0.0218884
0.0217798
0.0218568
0.0391922
0.0219241
1.19176
0.0220262
0.0218313
0.0220171
0.0570606
0.0217264
0.0357338
0.0217766
0.0219504
0.0219242
0.0295941
0.0220111
2.97224
0.0219875
0.0222927
0.0220104
0.0217144
0.0293647
0.0224814
0.0218625
0.0215842
0.0220865
0.0220224
1.5936
0.0479058
0.0220736
0.0820141
0.0218112
0.0221404
0.0251715
3.57052
0.0220163
0.0221866
0.0288444
0.0261145
3.35114
0.0216297
0.0218903
0.0616106
0.0494519
0.0214207
0.0221146
0.0221747
0.0217856
0.0232337
0.0219288
0.0219168
0.0260641
0.0215156
0.0430177
0.0217711
0.0218202
0.0219499
0.0218472
0.0216604
0.0220493
0.154794
0.0222521
0.0218462
0.0217576
0.021692
0.0218161
0.0219171
0.030797
0.0517476
0.0216967
0.022196
15.7357
0.0556671
0.0615798
6.6222
0.0219225
0.0217527
0.0217065
0.0217152
0.054299
0.0221224
0.0959253
4.35046
1.67062
0.0220468
0.0222177
0.0215736
0.0222383
0.0219751
0.0254997
0.0222631
0.0259417
17.6957
0.0218162
1.15656
0.0252736
2.35434
0.0220646
0.0217641
0.0217106
5.96702
0.0218029
0.0222589
2.1601
1.69194
0.0219244
0.021867
0.0223016
0.0216456
0.0217889
0.0531001
0.0217925
0.0218504
0.0256075
0.0220894
0.0218206
0.0216105
0.996695
0.0219315
0.0221295
0.0219557
0.0554953
0.0217745
0.0220094
0.0270875
0.0234406
0.0218833
0.063113
0.0340188
0.0238852
0.0483608
0.0229291
0.0219949
0.0218815
0.0217606
0.0216955
0.0218568
0.0221585
0.022095
0.0256708
0.0221855
0.0219806
0.0496057
0.0458809
0.0219281
0.0215866
0.0220195
0.0220189
0.554821
0.021741
0.0229964
0.0323067
0.353522
0.315322
0.0218625
0.0341478
0.0492751
2.46163
0.0218922
0.0219822
0.0225463
0.0218618
0.0222724
0.0219028
0.0407471
0.021431
5.77255
0.0219168
0.0219785
0.0217471
0.0219413
0.0220356
0.0222654
0.0220238
0.0221258
0.0222454
0.021941
4.43337
0.0217757
0.0219392
0.428337
0.0220203
0.0220086
0.0452125
0.0219936
0.0220555
0.0262138
0.0221457
0.0218406
0.0222717
0.0219479
0.0218297
0.0219183
2.67774
0.0250635
0.0225796
0.0218976
0.021902
0.0218928
4.96935
5.92044
0.0226796
0.0219986
0.0219362
0.0241733
0.0219573
0.0296479
0.0219369
0.0221956
0.0220395
0.475586
0.0365529
0.0217583
0.0340439
0.0219306
0.0293493
0.0221203
0.0216945
0.0221052
0.0221455
0.0218108
0.0217803
0.0218808
0.0221696
0.162638
0.0235522
0.0218706
0.0262526
0.0241068
0.04811
0.0223923
0.0222527
0.0219597
0.0230011
0.021886
0.0223628
0.0217137
2.73736
0.310643
0.0224813
0.0324548
0.0215403
0.021956
0.0219002
0.0217066
0.0219138
0.022313
0.0220952
0.021991
0.022177
0.269244
0.0237039
0.0217203
0.0219251
0.105293
0.0220144
0.0218701
0.0424894
7.65782
0.0219727
0.0218544
0.0219436
0.0218288
0.0219576
0.137908
0.021835
0.0217278
0.0218956
0.0220056
0.0221626
0.0221685
0.0216923
0.0257265
0.0219444
0.115232
0.0221777
0.0229921
0.0359884
0.0219881
0.022093
0.0219236
0.0222941
0.0220841
0.0221364
0.0225591
2.96095
0.0220343
0.021734
0.0493006
0.0220038
1.09626
0.127424
0.0219673
0.0220198
0.0220405
0.0217773
0.022046
0.0217428
0.0219862
0.0386336
0.0222926
0.0215991
2.94451
0.0222045
0.0220915
0.0222076
0.0217976
0.0642108
0.0269386
0.0220753
0.0219473
0.0216641
0.022036
0.0219312
0.0221076
0.0287602
0.0268655
0.0219786
0.0221535
0.0214499
0.0219794
0.0216649
0.0219239
0.0219899
2.89539
0.0231488
0.0219416
2.5615
0.022148
0.0220905
0.0222932
0.0221087
0.021967
0.0219349
0.0221234
0.0221644
0.0220212
0.021846
0.022285
0.0221413
0.0219142
0.0222937
0.0221343
0.0221747
0.0219018
0.0221744
0.0216756
0.0222865
0.0218125
0.0221242
0.0221204
7.63333
0.0220309
0.0220262
0.0218215
0.0340921
0.0220447
0.0219145
0.021757
0.0219239
0.0229291
0.022293
0.0221449
0.0217369
0.0222935
0.0221738
0.02213
0.022699
0.0222917
0.0222277
0.0219145
0.022293
0.0221046
0.136929
0.0218683
3.56438
0.0221236
0.0220568
0.0300305
8.5889
0.0225687
0.0219423
0.0220397
0.0215779
0.0221136
0.022027
0.0217157
0.0263912
0.02178
0.0219765
0.0220992
0.0381751
0.0232414
0.0218103
1.7586
0.0466867
0.0218966
0.0218425
0.0220565
0.0231727
0.0219074
0.0236186
0.024459
0.021774
0.0215192
0.0221352
0.0220231
0.0220863
0.0220756
0.0221867
0.0222497
3.42821
0.0219879
0.0220422
0.0221181
0.0216805
0.04575
0.0217444
0.0221568
0.0221747
0.0221283
0.0220632
5.22088
0.0381929
0.0218684
0.0218058
1.43555
0.0217581
0.0221232
5.2496
0.152015
8.26692
0.022173
0.0221684
0.0378658
0.0224323
0.0219837
0.021844
0.0217079
0.0219481
0.021812
0.0219938
0.0305532
0.0221057
0.0221274
0.02186
0.0215209
0.0219948
0.0217161
0.0218831
0.0221419
0.0215627
10.9646
0.0221786
0.0220176
0.0314748
0.022038
0.0218527
0.0220604
0.225581
0.0217929
4.98597
0.0219749
0.0218265
0.0229669
3.23492
0.0220434
0.0220305
2.0126
0.0221982
0.0229498
0.0220189
0.0219103
0.0310766
0.0216786
0.0275466
1.6741
0.021934
2.47688
0.0222419
10.1287
1.06521
0.0865553
0.0222428
0.0218952
0.0213965
0.0221276
0.021841
1.94771
2.55856
0.0216664
0.0221751
0.0706072
0.0218973
0.0222359
0.996447
0.0218954
0.0222757
0.0219372
0.0400184
0.0899501
0.0218461
0.022792
0.0221028
0.021988
0.0217161
0.0909359
2.33725
0.0231994
0.0256468
0.0219398
3.94901
7.13559
0.0220578
0.0219201
0.0221995
0.0217104
0.0220226
0.0220299
0.0221968
0.0224341
0.0214116
0.029946
4.79826
3.07791
0.0221425
0.0221822
0.230077
0.0221614
0.0222325
5.80406
0.0221556
4.15518
0.0256875
0.022181
0.0219357
0.0264628
0.0217585
0.182589
0.0221995
6.13878
5.28729
0.0220012
0.0222002
0.0221214
5.12051
3.09348
0.0214913
5.22756
0.0219678
0.0222301
0.0218042
0.0216942
0.196962
0.0263355
0.0218374
0.0221606
0.0243935
0.0218093
0.0220078
0.022223
0.0221409
0.0218565
0.02168
0.0745286
0.0222257
0.0214807
0.0625336
0.0221786
0.022203
0.0221381
0.0221266
0.0214474
1.59598
0.0223522
0.0265526
0.175095
0.0221905
0.0220903
0.0215827
0.0221717
0.0221901
0.0527185
0.0265966
0.02166
0.0217207
0.022203
0.0217323
0.0222289
0.0252503
0.0219745
0.0222081
0.0221171
0.0222072
1.6395
10.2846
0.0216364
0.0226362
0.0218175
0.0215607
0.0746256
0.0306921
0.0221522
0.0221865
0.021743
0.0219597
0.0220705
0.0219503
0.0214451
0.0238906
0.0222436
0.0222153
0.0222087
0.0221615
0.0219922
0.0216889
0.022152
0.0217413
0.0220171
0.0216643
0.0221509
0.0222194
0.0538451
0.0215313
0.0221148
0.021783
0.0221538
0.0220778
0.0221424
0.0225749
0.156943
7.97717
0.022097
0.0223968
0.0220451
0.0218335
0.0222455
0.0216771
0.0216906
0.0219463
0.0219829
0.0237264
0.022246
0.0221992
0.0219133
0.0219296
1.69471
0.0222326
0.0219541
0.0216434
0.021841
0.0218043
0.0215463
0.0249325
2.32614
0.0220991
5.1041
0.0220793
0.0223398
0.0221104
0.0217468
0.0440316
0.0221157
0.0220572
0.02192
0.0240144
0.0216643
0.0219355
0.0221843
0.0218969
0.0216626
0.111212
0.0220524
0.0217299
0.0219524
0.0217586
0.0218239
0.115086
0.0218879
0.0238983
0.0221079
0.0220809
0.189311
0.0225045
0.0216006
0.0219341
0.0217699
0.0217983
0.0221721
0.0221178
0.0216782
0.0246016
1.50125
0.0221933
0.0218316
0.0215548
0.0218809
0.022227
0.0219873
0.0220715
0.0222132
0.0755919
0.0214782
0.0218984
0.0214613
0.037702
0.0222192
0.0221787
0.0218986
0.0221076
0.0222187
0.0216253
0.0216642
0.0218648
0.0216075
0.021877
0.0220241
0.02163
0.0215893
0.0221651
0.0222272
9.17251
5.5714
0.0220644
4.51795
0.0220301
2.01449
0.022233
0.0219722
0.0486148
0.0220343
0.0219109
5.63622
0.0218162
0.0217863
0.184558
0.0217739
18.8668
0.0223859
0.0221315
0.0221857
0.0217968
0.0216771
0.0223257
0.0218103
0.0221567
0.021859
0.0221552
0.022136
0.0218027
0.0217832
0.0222829
0.022314
0.0221579
0.0219053
8.04488
0.0220084
0.0403105
0.0221506
0.0222455
0.0215666
0.0217696
0.0485107
0.0221061
0.177942
0.0217435
0.0221292
0.0219324
0.0217838
0.0219935
0.0221952
0.0288768
2.1831
0.0219417
0.08191
0.0220682
0.0215499
0.0220557
1.76928
0.0219148
0.0217559
0.0222857
0.0219354
0.0638077
0.0309903
0.022056
0.0219391
0.0218786
0.0219527
0.0217508
0.0219305
0.0221649
0.0218699
0.0251995
0.0220564
0.0219604
0.0220131
0.0220837
0.0221503
0.0220869
0.0220946
0.021854
0.0218289
0.0218376
0.0219497
0.02213
0.0219683
0.195147
0.0219867
13.7602
0.0217292
0.168016
0.0219838
0.0218556
1.78439
4.77418
0.0218739
0.0217458
1.63547
0.0219095
0.0220568
0.0417233
0.0243522
0.0220867
0.0245877
4.96053
0.0220147
0.0321375
0.0222002
0.0219992
0.0221725
0.0220892
0.0220305
0.0222142
0.0222425
0.0219968
0.643677
0.0215033
0.0225385
0.0220716
0.0356597
0.0218753
0.0222119
5.54841
1.54426
0.0221369
0.0222072
0.0239997
0.0215225
0.0216984
0.0219301
0.0220593
0.0255788
0.0219207
0.0214998
0.0221159
2.39086
0.0220948
0.0220392
0.0278186
0.0220759
0.0222227
2.84121
6.66914
0.0214857
0.0221878
0.0219
0.12736
0.0221493
0.0214881
0.0216563
0.0218016
0.0220085
0.0220716
0.0220466
0.0222857
0.0218662
0.021885
0.0215822
0.0215013
0.0218072
0.0220686
0.0214601
0.0275047
0.021742
0.0222847
0.0220223
2.59097
0.0216607
0.021816
0.0217904
0.0220809
0.0220236
0.0217998
0.022092
0.0221997
0.0220585
0.0221432
0.0216838
0.0220524
0.0220025
0.022218
0.0216338
0.0221847
0.0214641
0.0217148
0.0218118
0.0219266
0.0221595
0.0221633
0.0221024
0.0218856
0.0219658
2.38535
0.0219257
0.0219627
0.0220007
0.0221254
0.0218893
0.0274972
0.0247152
0.0300777
1.86863
0.0654618
0.0219783
0.0214964
0.0217205
0.0221763
0.022196
0.022703
0.0217013
0.0220891
1.44055
0.0220584
1.70315
0.0215283
2.64229
0.0220741
0.0223214
0.0216878
0.0216279
0.0221818
0.0215533
0.0219581
0.02197
0.0217863
0.0271014
0.33065
0.0221475
0.0219402
0.021729
0.0221814
0.0367829
0.02202
0.0219382
0.0221668
0.0219831
0.127524
0.0214408
0.0221845
0.0220302
0.02204
0.0221664
0.0221874
0.0220601
0.0217696
3.16618
0.0220945
0.191266
0.0296743
0.0219341
0.0218855
0.0218912
0.0219827
0.0231251
0.0222187
0.0222458
0.0426142
0.0220076
0.0221683
0.0218902
0.0394157
0.12893
0.0222252
0.0220004
0.0216875
0.0218755
0.0219813
0.0221808
0.0269011
0.0220682
0.0234049
0.0337353
1.78368
0.0219621
0.0219402
0.0219485
0.0285688
0.0384434
0.0221605
4.72927
3.37511
0.0219556
1.34551
0.0219321
3.92172
0.0218919
0.0219424
0.0220393
0.0216989
0.0220553
0.0221681
0.0219444
0.0221529
0.0222028
0.0230992
0.0219461
0.0221103
0.0214323
1.48326
0.021583
0.0218493
0.0251578
0.0294687
0.0216919
0.0224256
0.0220356
0.0218009
0.0221497
0.0216458
2.22874
0.0220498
5.43488
0.0219757
0.0221323
0.0223659
0.021907
0.021654
0.0225328
0.0219269
0.0218558
0.0215932
0.0217535
0.0220278
0.0220478
0.0231389
0.0222048
0.0232101
0.0220133
0.0221154
0.0220027
0.0220953
0.0294472
2.32233
0.0220025
0.0215193
0.0219625
0.0221388
0.0218385
0.0218572
1.21646
0.0217966
0.0220086
0.0259719
0.0794426
0.112823
0.0219363
0.0215195
2.04341
0.0220199
0.0215544
0.0330964
2.48447
0.0218451
0.0219208
0.0219512
0.021742
0.0220027
5.41893
0.0417379
2.2472
0.0217389
0.0249795
0.0221448
0.0218555
0.0215851
0.0214557
0.0217032
0.0218631
1.47617
0.0220079
0.123768
0.0218438
0.0217046
0.0220024
0.0219495
0.0218165
0.0222673
0.0216855
3.12976
0.0222061
6.45189
0.0221182
0.0218668
0.0219739
0.0306747
0.0216936
0.0218511
0.0217232
0.0215558
0.0376163
0.023174
1.97577
0.0219066
0.0219001
0.0213985
5.24453
2.42532
0.0218741
0.0218504
0.0222051
8.4205
0.0218636
0.0217175
0.0222241
0.0216836
0.136473
0.0217781
0.0218273
0.222467
0.0219318
0.021993
0.0219467
1.06321
0.0365454
0.0218277
0.021685
0.0218911
0.0219542
3.30719
0.0218467
0.0221175
0.0218124
0.021989
0.0256575
0.0218446
0.0219654
0.021744
0.0218273
0.0222051
0.0232775
0.0327335
0.0219532
0.0219066
0.0220965
0.0221387
0.0219371
0.0220613
0.0219699
0.0222262
0.0218529
0.0219037
0.02401
0.0223755
0.0219426
0.0224028
0.0221071
0.0221305
10.2947
0.0220755
0.0224397
3.29758
0.0219825
0.0221568
0.0219955
0.265254
0.0215516
0.0233925
0.035685
0.0216736
0.0222539
0.0221881
0.211262
0.0220555
0.0219445
0.0218485
0.0221104
0.0220058
0.0780915
0.0252216
0.0239926
0.0218722
0.0217373
0.0221926
0.021849
0.0219956
0.0216304
0.0224576
0.188159
0.0219143
0.0221124
0.432696
0.931953
0.0219575
0.0219749
0.022102
0.0599
0.0801815
0.0219124
0.0219209
8.2228
0.0219387
0.0219345
0.0220926
0.0217132
0.0220851
0.0222282
1.70174
0.0221608
0.0221049
0.0219232
0.0218434
0.0221279
0.552051
0.021891
0.0219114
0.0218989
0.0321655
0.0221976
0.0218626
0.0219671
3.61075
0.0216499
0.0221435
0.0218214
0.0222057
0.0217351
0.0231803
0.0219618
0.0218592
0.021906
0.0647651
0.0221485
0.0222078
0.0221437
0.0220613
0.0222272
0.0220657
2.89481
0.0220484
0.0609109
0.0222343
0.021739
0.0222137
0.0222048
0.0216396
0.0217086
0.0216789
0.0218181
0.146833
0.0262411
0.0218368
0.0443024
0.0214615
0.138862
0.0221361
0.02173
0.0216713
0.807531
0.0217336
0.0218365
0.0215366
0.0218392
0.0254638
0.0220623
0.0218765
0.0216897
0.0215878
0.0220129
0.0217075
0.0214813
0.392358
0.103536
0.0218199
0.0220623
0.0220607
0.021827
0.0260259
0.0216208
0.0220731
0.0218382
0.0219433
0.0222467
0.0219105
0.0216555
0.0263119
0.0287921
0.0221673
0.0218226
0.0218046
0.0216045
0.0226455
0.0219365
0.0221125
0.0219619
1.21311
0.0219684
0.0221125
0.0217692
0.0219268
0.0229481
0.0217904
0.0217742
0.0218733
0.0216613
0.0214481
0.0288244
0.0218289
0.021956
0.0216005
0.0219979
0.0216709
0.0220547
0.0709129
0.0221864
0.021577
0.0225305
0.0219383
0.0218935
7.63113
0.0217776
0.0218409
0.0216934
0.73538
0.0217501
0.021932
0.0338975
0.0339007
0.0214647
0.0222464
0.0222191
0.0217657
0.0219597
0.0219334
0.0218506
0.0372335
0.0224544
0.022107
0.0221202
0.0219851
0.0220135
0.0218402
0.0217084
0.0233583
3.59746
0.0219552
0.0219403
0.0219476
0.0216874
9.42063
0.0219023
0.0219441
0.0219836
0.0220956
0.0224483
0.0215056
0.0218438
0.0219983
0.022401
0.0219574
0.0219372
0.0359103
0.0250212
0.0220796
0.0771412
0.0218247
0.0217596
8.7686
0.021864
0.0220358
0.0219255
0.0221993
0.0219555
0.0217604
0.0222071
0.0218004
0.0218133
26.641
26.801
27.7248
3.77882
0.0216226
0.0218958
0.0217592
0.021911
0.0226283
0.0217815
0.0217269
0.0221443
0.0220733
0.0220634
0.0215198
0.0960595
0.0221282
25.5363
0.022149
0.0221118
0.0221802
0.0664428
0.0217684
0.0218405
0.0221281
0.0217599
0.0218816
28.7084
0.0218073
13.566
0.206649
0.021884
10.7849
0.0218464
0.0627918
0.0217543
0.02218
0.0632737
0.0235851
0.0220629
0.0221441
0.0218811
0.022061
0.0219117
0.0218552
0.0217587
17.3273
31.9061
26.0468
20.3714
23.1665
26.5489
16.8105
13.7596
22.0421
11.7618
29.6586
26.5592
13.9049
30.7206
24.3012
26.8471
12.2577
30.6378
6.8478
22.7485
0.0221572
0.0217455
0.0215388
0.0626913
0.0217562
0.0216915
0.0218329
0.0222401
0.0222265
0.0218868
0.0220151
0.0218334
0.0218417
0.0218686
0.621335
0.0220017
0.0578396
0.0218749
0.0221388
0.0216474
0.0218896
0.0218478
0.022023
0.021433
0.0218553
0.0218675
0.0219244
0.0219366
0.0221816
0.0218679
8.17635
8.96195
8.42895
7.67111
6.66694
0.0219328
0.0222192
0.0663873
0.0221798
0.0218356
0.0218553
0.0217604
0.0221234
0.0218906
0.0600997
0.0220778
0.0218463
0.0218349
0.0219461
8.77271
0.0218371
0.0219283
0.0218454
0.0215487
2.24272
0.0218899
1.74273
0.0380482
7.20833
0.0248485
0.0409633
9.12597
0.0220101
0.0217327
7.34687
0.173239
1.78629
1.83422
0.0323225
0.0214845
0.0230826
0.0216075
0.0218556
0.0215133
0.0217281
0.0217981
0.0221993
0.0222166
0.0553614
0.0265006
0.021868
0.0217221
0.0220755
0.0222399
0.0226904
0.0219216
0.021767
0.0248462
0.0217052
0.0218807
0.0217295
0.0218869
2.42365
0.0217685
0.0222394
0.0221791
0.0220877
0.021642
0.0220411
0.0221613
0.021655
0.0221992
0.0219076
0.0216732
0.021936
3.29023
0.0214957
0.02196
0.0216086
0.0515614
0.0219334
0.0219485
0.0222115
0.0218569
2.74863
0.136212
4.22085
0.0216332
0.0218395
0.0218038
0.0218457
0.0221304
0.0220994
0.0219674
0.0218369
0.0218305
0.0217904
0.0218212
0.0246285
0.0747901
0.0216454
0.0218639
0.0219358
1.44788
0.0218421
0.829782
0.0223945
0.0218493
0.0218315
5.36774
0.0216687
0.0219281
0.0220972
0.0219067
0.0214272
9.34303
0.021536
0.0221568
0.051914
0.0220677
0.0219651
0.0297257
0.0396423
0.0216694
0.0218365
0.0223607
0.0219011
0.021695
0.0481711
0.0220986
0.0218495
0.0224161
0.021609
0.527258
0.0223569
0.0219717
0.0222355
0.0219209
0.0219907
0.44494
5.27747
0.0218557
0.0219382
0.0220927
4.81169
0.0216718
0.0352721
0.0216492
0.0220287
0.0216213
0.0218338
0.0219591
0.0219531
0.0216731
0.0216048
0.0216777
0.0222182
0.0263092
0.022072
0.0216964
0.0215307
0.0217145
0.0221893
0.0237631
0.021832
0.0218045
1.6992
0.0218323
0.0214136
0.0216856
0.0331178
0.0217795
0.0214784
0.0213938
0.0450982
0.0220449
0.0217742
0.0220635
0.0216758
1.46745
9.91315
0.0239803
0.0213951
0.0222298
0.0217698
0.0220829
0.0219672
0.0219474
0.0214956
0.0217925
0.0222937
0.0226298
0.021687
0.0263291
0.0456268
0.0220394
10.3332
0.0220077
0.0220775
0.0217732
0.022131
0.0216586
0.0217311
4.68687
0.0227125
0.0215338
0.021734
4.72758
0.0221426
0.0221817
0.0457937
11.6808
0.0219381
0.0214818
0.0287958
0.162245
0.0217029
0.0219603
0.0424034
0.0216302
0.0220024
0.0221613
0.0215349
0.0221692
0.0216715
0.0217134
0.0220074
0.0215459
0.115719
0.0222421
0.0309534
0.0396031
0.0221722
0.0220637
0.180899
0.0214435
0.0219603
0.0216781
0.0220166
0.0214837
0.0218879
0.0245902
0.0220491
0.0221747
0.0220083
0.021954
10.8376
0.0218561
0.0218893
0.0219643
0.244281
0.0217228
0.0221134
0.02226
0.0219233
0.0455706
28.7684
29.6458
0.0218309
0.0220349
0.0221943
0.0222485
0.0217582
0.0594786
0.0218915
0.222464
2.6104
0.0399411
0.0215318
13.4637
0.0220779
0.0222605
0.021536
0.0221143
0.0217323
20.8014
0.0222349
0.0380602
0.0423614
0.0214798
2.7149
0.021728
4.72803
0.0215688
0.0217434
0.0217638
2.42642
0.027129
0.0219595
27.5038
0.0258056
0.0220073
0.0216862
0.0219273
0.0232564
0.0217021
0.0220725
0.0218605
0.0220955
0.0218427
0.0219031
0.0217814
0.0214871
0.0222391
28.0356
26.1966
0.0219246
0.0222164
0.0223221
0.0221877
0.0227913
0.0217118
0.0218081
0.0219287
0.021839
0.0221245
0.0215004
0.107072
5.32491
0.0218262
0.0215684
0.0220076
0.021497
11.3853
13.1145
0.021678
0.0233484
0.0222557
0.0218838
0.16072
0.0218944
0.0217315
0.0220888
0.0233959
0.022124
0.0216399
0.0215403
0.0219249
1.47435
0.0218994
0.0244331
1.49434
0.0286783
0.0219696
0.0217099
0.0218926
6.17775
0.0221635
2.77212
0.128464
0.0230539
0.0221076
0.0218742
0.0288928
0.0221382
0.021636
0.0299201
0.0221874
0.0228592
0.0220445
0.135383
0.0219054
23.4899
25.5477
0.0220887
0.0218274
0.0308126
0.0221023
0.0218023
0.022011
0.0221059
0.0218286
0.0219724
0.0216585
3.19583
0.0218423
0.021567
0.0229032
0.0218614
0.0296013
0.0216847
0.0218947
0.0215319
0.0219261
0.0220719
0.0218515
0.0218427
0.0219078
0.0218733
0.0220237
0.0219768
0.137366
0.0215336
0.0223441
0.0221286
18.0265
0.0342106
0.0216884
0.0250619
0.0218983
0.0385292
1.71048
0.0227995
0.0219374
0.0843341
0.0218428
0.0221615
0.0228797
0.0218826
0.0943854
0.0219244
0.0225233
0.0219031
0.0218548
0.0220895
0.0216515
0.021664
0.021486
0.0216934
12.0381
8.37295
0.0295938
0.0216985
0.0221792
0.0500651
0.0216429
0.0220004
0.0218837
0.109527
7.34788
0.0221976
28.1963
0.166944
0.0219288
0.0218918
0.0214758
0.0703975
0.0218419
0.0218368
0.0220953
28.8382
0.0537264
0.021912
0.0221457
0.021786
0.0217433
0.0425663
0.0218318
0.0217209
0.0231641
0.0214852
0.0220451
0.024948
0.0220736
1.18573
2.16483
0.16568
0.022052
0.0219481
0.0218253
0.0217034
0.0218689
0.10239
0.0218084
21.0191
0.025372
0.0219865
0.021771
2.09813
0.0218532
27.4773
0.0687823
0.0230953
12.4475
0.0215661
0.0221372
0.0220571
0.0219099
0.0221938
0.0377482
0.0238569
0.0616549
26.0531
27.4908
0.0221055
0.022122
0.0324249
0.0235757
0.0219104
0.022021
0.0224763
0.021757
0.0219316
0.117656
0.0219949
0.0220741
13.4677
9.61004
0.021949
0.0245313
0.145227
0.0221538
4.07767
0.0225613
0.0454276
0.0219268
12.1308
0.0218232
4.12473
2.49416
0.0215289
3.61152
1.6239
0.164416
0.0222078
0.0215664
0.032881
0.13962
34.1406
0.0218493
28.81
0.0219592
0.022021
0.107676
1.18321
0.0219387
23.9813
4.44206
0.0215827
27.2672
0.0217726
6.10819
0.0219217
0.0221175
17.2379
0.0220038
0.0218925
12.6839
3.68415
0.021895
0.0238843
0.0220154
14.2081
0.0313836
0.0218556
0.0219132
0.0215295
0.0217178
0.0214295
0.0216715
25.4086
0.0215134
1.5528
0.0220735
0.0218224
0.0218498
0.0220592
0.0218616
0.0221551
0.0220444
0.0224388
0.0766521
0.154156
0.0250485
0.0215916
6.2184
7.03896
0.021895
0.0220989
0.0261283
14.9314
0.0222284
0.0271453
0.226705
0.516562
0.0357188
0.0340025
0.0221743
2.36726
4.90653
1.15235
0.0244624
0.0859076
0.0220234
3.689
0.0221858
0.0219565
0.0336285
0.0338598
0.0214761
0.0218946
0.0219035
0.0220298
0.508513
0.0220919
0.0219432
0.135357
0.0216443
1.66659
0.0218774
0.0246512
0.0217511
0.0339133
0.0221803
0.0221319
0.0220321
0.0248526
0.0217658
0.0219142
18.0546
0.0220428
3.85944
0.0218677
0.021935
0.0220029
0.021746
0.0348416
0.0218802
0.021968
0.02219
0.021864
0.117051
0.0218557
16.2727
0.0261109
0.0218917
0.0217808
0.0218573
0.0220157
0.0219193
2.72794
0.0253387
0.0222325
0.136655
0.0224193
0.0220545
0.0220287
28.2343
3.20003
0.0404495
0.746473
2.9745
0.024481
0.169868
0.0221389
0.0218818
0.022081
0.0538176
0.0219434
0.0216847
0.0911539
0.0255659
2.74248
0.0221561
0.0643643
0.0222098
0.0217627
16.9174
0.322404
0.472178
0.0219512
0.0218574
0.0219821
0.0216624
0.0338429
0.0244429
17.3857
0.0218623
0.0222979
0.021512
0.0222472
0.0215414
0.021719
3.39821
0.0219791
0.0223087
0.0220721
0.0290609
0.0219089
0.0454866
0.28525
1.75019
0.0217918
0.124507
0.025261
0.0222069
0.0252346
0.0219285
0.0218765
0.024939
0.0221727
24.2215
0.021923
0.0244663
0.150981
0.0219528
0.105775
0.0217548
0.142151
0.0223292
0.0218536
2.37611
0.0788671
0.0220876
0.0215678
0.0294697
0.0217782
0.0380166
0.0311852
0.0389923
0.0224774
0.0218325
0.0218562
0.0217101
18.2525
0.0221909
0.0214097
0.0219202
0.0418067
0.0278726
0.0217678
0.0222787
0.0223166
0.0217786
0.0220758
0.0220105
0.0220101
9.69656
7.1099
0.0235527
0.022285
0.0222837
0.0875924
0.0217751
0.0221776
0.0723708
0.0221554
0.0229299
0.0216518
0.022013
0.0217926
0.0215567
0.0219909
1.9411
0.0781074
0.630521
0.0328902
0.022002
6.83802
0.0220195
0.0217555
0.0219202
0.0643251
3.37238
0.02177
0.0328394
0.0221871
0.0239167
1.48946
0.0217859
0.0221511
0.0221481
0.358322
30.1498
0.0242599
0.0455532
0.740259
0.0216919
0.0219488
0.0218388
0.021716
0.021728
0.0216895
1.91707
3.10491
2.69121
0.0219606
0.0217416
0.0231128
0.0226244
0.0222384
8.24189
7.97154
2.60807
0.0215197
0.0217146
0.0271599
0.0217329
0.0219772
0.0226473
0.0228919
2.94582
0.022143
0.0217757
0.0218204
1.89682
0.141193
0.0216033
1.77802
1.47388
7.30548
0.0219314
1.69471
0.045799
0.0222745
0.0217633
16.0265
0.026702
1.79418
0.0218119
1.72142
0.0217629
0.0218259
0.0233481
0.0219916
8.20513
0.0897455
0.023585
0.0236843
0.0220777
3.12896
0.514864
0.194041
0.14891
0.021691
0.0444385
0.0228594
2.16364
1.26759
0.0218096
3.39856
0.0217222
2.02735
0.0221563
0.0240424
0.02169
2.89103
31.2963
0.0746494
2.36137
0.0217767
0.0217236
0.0222866
0.0214504
0.021945
0.0222118
0.0218869
24.4792
0.027439
0.0221713
29.1996
0.0219948
0.0221046
0.021792
2.17766
0.0228697
0.0217341
0.0217319
2.89853
0.0228318
0.0713752
21.6754
0.10464
0.0217011
0.0224089
1.77367
0.0287566
32.9596
0.0249499
0.0281005
0.0215171
26.8008
0.0382481
0.0398755
0.0221229
0.022274
0.0220542
0.0227883
0.0223981
0.033574
0.0806369
0.0215726
0.0215032
0.0214984
0.0216823
0.0217053
18.2496
2.19333
0.119189
2.61706
0.106607
1.47686
0.0220729
0.0221902
0.0216222
0.0216779
0.0221679
0.0251083
0.0219062
0.0231717
0.0215111
0.0222548
0.16458
0.0365119
0.0220972
0.0215474
0.0226252
0.0221384
0.0222625
0.120235
0.0242319
0.0220418
0.0216384
1.819
0.022091
0.0233718
18.0943
0.0216249
0.0218139
0.0619154
0.0219611
0.0220724
0.0223867
27.3484
0.0216869
0.022162
0.0224218
0.0226658
0.0227787
0.0228474
0.021757
0.0257227
0.148277
0.0221926
0.0222225
0.0305859
0.0358514
0.0217757
0.0222575
0.0217398
0.0221752
0.933738
0.0214773
18.0213
0.0215129
0.0223869
0.0906125
0.0665654
0.0265013
0.0279799
1.05055
0.0218398
5.61284
0.022084
0.0763674
0.0221746
0.0266393
0.0219074
0.0223697
0.022401
2.32677
0.114759
0.0222831
0.291064
0.0222425
0.0225595
0.0220479
0.188999
0.174016
0.0268873
0.097159
0.182124
0.0235587
0.0219628
0.256549
0.0225285
0.0220591
0.0328474
18
0.343353
0.0284906
0.0222089
0.0703617
1.54829
0.460518
0.0221184
0.0220994
0.0336158
0.0225946
0.0215142
0.375659
26.4707
0.0259409
0.138156
0.0261635
0.0220363
0.0216963
0.0217837
0.024837
0.0219231
0.0220775
0.0652113
0.0214612
0.0217896
0.0224312
0.0221914
0.0221159
0.0218511
0.0221153
0.103458
0.022048
7.2958
0.0224812
0.0218759
6.15309
0.0263404
0.0225844
0.715321
0.0215269
0.0219582
0.0229804
0.029237
0.0573489
0.0219999
0.0219948
0.0229635
0.0218977
0.0221497
0.038571
0.0672206
0.0227698
0.219336
0.02216
0.0221902
0.0214606
0.0228528
0.0578403
6.65992
0.220686
0.0219103
0.0273756
0.0280372
0.0627373
0.0267645
0.025723
0.0245156
11.4873
0.0312785
0.0219065
0.0241045
0.0256445
0.0220421
0.0218132
0.0247721
0.0512054
0.111073
3.90348
0.0216335
21.8499
22.0108
0.0230342
0.0222542
0.0217455
0.0223703
0.398085
0.0228355
0.0247295
13.0588
0.0787352
0.0214633
16.147
9.52897
0.02273
0.0223068
0.0231355
0.0240277
7.21347
0.0526644
0.0235167
1.83541
3.23407
4.09017
0.0506549
0.0282948
1.06769
16.8006
0.0295589
0.206386
0.0220239
13.1697
12.3266
0.0222949
0.022001
0.0220188
0.0216772
0.0490539
0.0222111
0.913909
2.69988
0.0223411
0.191891
0.0959104
0.0226807
0.0233493
0.0218057
0.0303866
0.123506
0.0236439
0.0222323
3.37465
0.0231217
0.0219852
0.0220787
0.0215497
0.0220599
0.0284
0.023272
2.34401
0.0221615
0.022918
0.021938
0.0396748
10.7172
0.0217613
0.0251291
0.0217247
1.87337
0.0218356
0.0214459
0.0328815
0.0219044
9.02963
0.022159
0.021931
0.0221993
0.0218403
0.0215083
2.89663
0.035972
0.0456571
0.0586846
0.0219856
19.4108
0.0221556
0.0226299
1.75071
1.01033
6.19227
0.0293113
0.0224402
5.27917
0.0235455
18.7293
19.6932
0.0244419
0.0220456
1.72459
0.0222219
0.022219
3.11152
0.124057
0.0245873
0.186046
1.75897
0.0238339
0.0218974
0.0220439
3.13051
6.87681
0.0360096
3.63788
0.0646268
0.136626
0.0250776
0.0220069
0.0239832
3.68634
0.0271837
0.0240893
3.7197
14.2384
0.0217115
0.110112
10.4516
0.0266581
2.35204
0.0248467
0.0214942
0.0294098
0.0219028
0.0470344
0.0219542
0.121211
0.0214966
0.0219639
0.0214275
0.0220501
0.0219997
15.669
0.0220277
0.0887891
0.0223161
0.0219197
0.0216464
0.0218839
0.0521335
0.0223449
7.17256
16.8082
0.0235611
0.0251936
0.0221367
0.0263623
0.022708
0.0219947
0.0235605
0.0222288
0.0216303
0.021934
0.0217215
0.021698
0.393178
0.0223426
0.021888
0.0220887
0.0220215
15.141
14.2714
0.0463316
0.0233363
0.0226895
0.134385
0.0219244
0.0221036
0.0222712
0.0295709
0.0217683
0.021825
0.0254515
0.0287885
1.62265
16.9317
0.0218148
0.0219314
0.0216698
0.0228901
0.0217057
0.0217512
0.0214778
0.0229768
2.87471
19.351
0.023753
0.0221465
0.0263416
0.0219497
0.0221869
0.0275041
1.78354
29.229
0.0220328
0.547149
0.02415
0.0217762
0.0222478
0.0243056
0.0219029
0.0228713
0.942214
0.0218816
0.0217717
0.0215441
0.0231023
8.22318
0.0220745
0.0295466
2.47482
6.72376
0.0240448
10.0759
0.0262378
0.0302003
0.0220442
3.42071
0.0221018
2.17401
0.021891
0.0221103
0.0346338
0.0288725
0.0222667
3.38312
0.0221442
0.0221457
0.021813
0.0221631
0.0217443
0.0233477
0.0249337
0.0223285
0.0299176
18.4216
0.0233847
0.925548
0.0222006
0.0261553
14.3671
0.0256025
0.0224719
11.3273
0.0218278
0.0221554
0.0220721
0.0225615
0.0306335
0.0222315
9.58349
0.0243063
0.0218535
0.0280499
3.67097
0.0221679
0.0223092
0.0223074
2.50422
2.04756
6.31467
0.244009
3.13984
0.0265021
0.106427
0.0256511
0.0273459
0.0216994
0.0220833
0.0237788
0.0222056
0.0221233
0.021656
7.60106
0.0233631
0.0219034
0.120022
0.0221817
3.09484
0.0575173
0.0226293
0.0218925
0.0222896
0.0233226
0.0222981
0.0244646
0.0240778
0.0219112
0.0219345
0.0217703
0.0230467
0.0491741
5.65482
0.0275192
5.17959
4.26308
0.373021
15.0695
0.0224484
1.73099
0.0669047
1.71387
0.0330018
0.0231283
0.0222943
0.0219926
30.5479
0.0248817
2.56925
0.0286735
0.0224995
0.0236813
0.0264801
0.0221779
0.0223356
2.22814
0.0217184
0.0249338
22.7592
0.0227605
0.0219445
0.0287155
0.0216837
0.0218715
0.031094
0.0224731
2.43478
0.0222394
0.103478
0.0224643
1.53264
0.0232951
0.0221946
4.91002
0.0228723
0.190341
0.0216597
0.022462
4.99402
20.6831
0.0215133
3.64203
1.44607
2.00001
0.125711
0.0254974
0.0217704
0.0252884
1.1464
8.11254
0.0225845
0.0221416
34.7788
0.0219087
0.0635879
0.0226537
0.0221218
0.0739752
0.0668674
0.0220087
0.0218882
0.0226655
0.0215518
0.0216814
0.0458254
0.0249395
0.0310213
0.0421015
0.0256448
2.30916
0.0337514
0.0284183
4.34758
0.0276354
0.0220451
0.124587
0.0266566
0.0234657
3.41573
0.0216756
0.0599118
0.0226614
0.0217067
0.0222279
0.116214
0.0218097
8.9418
8.46701
1.65581
0.0217891
0.0214848
0.0278573
0.022039
0.0678632
22.3909
22.5086
0.0225573
0.0218911
0.0252174
0.0292758
0.0272731
5.48414
0.0258474
0.0260468
0.0417595
0.0221519
0.0286384
0.0251086
1.98081
0.0268896
0.0216521
1.68125
1.43734
0.0219236
0.0221995
16.6058
0.0309791
2.16629
19.2058
0.0229231
0.0242768
0.023698
0.0232509
0.0219827
0.0224353
0.025964
0.0228961
0.0450967
10.4153
0.0220872
0.0219239
0.159393
2.09708
0.0221973
0.0222357
0.0217979
0.0280054
0.105822
0.0218622
0.0220432
2.24089
0.0231744
0.0222245
0.0219186
1.94881
0.021644
1.62587
17.9686
0.0217925
0.0878393
0.0317305
2.07911
0.0228726
0.0872749
5.72826
7.21587
0.0313017
0.0238397
0.0222302
0.0326328
0.0486501
33.224
0.0217869
0.0214812
0.0219728
1.82428
0.0274951
1.94548
0.0218797
0.0617827
0.0348676
0.0296605
0.0221052
0.0529786
0.0219269
0.0650981
8.03992
0.0344601
0.0217436
0.022104
2.15142
0.0222273
0.022116
19.9369
0.0216712
0.0241408
11.0704
1.51127
0.021652
0.0228941
0.0220638
0.0282957
4.16289
0.0236178
0.0480213
0.0214643
0.407881
0.0216394
0.12039
15.1633
0.0219154
0.0221988
2.13157
0.0222226
0.0216908
0.021658
2.00318
3.44384
0.0222874
0.0219187
0.0217995
0.0218174
0.0217397
0.465962
0.0218558
18.4821
0.0217352
0.0217099
0.0218574
0.0218231
0.0222801
0.030615
0.0221495
10.896
11.4466
0.0241714
1.95935
0.141148
0.16055
0.0244613
0.021902
0.0327795
0.148712
0.0220214
0.105309
0.0216733
3.63334
0.0221142
0.0218476
0.0248884
0.0259851
0.0235003
0.0216439
1.75049
0.0226642
11.9044
0.0938405
5.35827
0.0220397
2.4567
0.0958091
0.0222305
0.070314
0.0969506
0.0248898
0.0302749
0.0214804
0.0666183
2.22793
0.0219103
3.74528
0.0221118
0.111863
0.0219232
0.150995
1.83763
0.0226862
1.94562
0.0215523
0.0230939
0.0837891
0.0339435
0.338352
0.0218617
0.0231807
0.0322392
0.0753384
2.0078
0.0218397
0.021887
0.0219589
2.58708
0.0235999
0.0264565
1.69418
0.0227083
0.0227443
0.0214311
0.0346236
3.33844
0.0517733
0.0284421
0.0221447
0.298377
0.600812
0.0222654
0.0261129
0.0219055
0.0217787
0.022207
12.6825
0.057301
0.0601469
0.0345298
0.021613
18.3362
19.0276
0.0221968
0.0235139
4.64471
0.0240775
0.0227856
0.0217265
0.0253616
0.0217723
0.0222482
0.0295827
0.0247651
0.0222702
0.265053
0.0219903
0.886377
0.0732766
1.93789
0.0531418
0.0343502
0.021516
0.331516
0.0324633
0.0222397
0.0219026
0.998474
0.0215013
1.56272
3.09779
8.07027
0.035065
0.0254661
0.0257198
0.0223104
0.0220397
0.761406
0.0218005
0.0760111
0.0219082
13.3835
0.0218466
0.0217816
0.0237564
0.0221654
2.62402
0.0262677
0.0439588
22.5027
0.0492101
0.0259389
7.69599
0.0219261
0.0228601
0.21945
7.29139
0.531183
0.167294
0.0219069
0.0221502
2.17979
0.0272273
8.54685
0.103916
0.432943
1.71271
0.0220203
2.31426
0.0850279
0.021672
0.193705
0.0220817
0.0313849
6.87248
0.0220712
0.0285847
0.0221453
1.11867
0.0226853
0.0221387
0.0218691
0.0220155
5.14784
1.96912
0.811285
1.78199
1.86676
8.75993
0.0280628
0.0219241
0.0266734
0.0216368
0.0214718
0.28278
0.0219649
22.8128
0.0290942
16.4015
0.0241851
0.0958731
0.0589268
0.0220301
0.0216345
0.0217059
0.0288636
0.0223256
0.0317358
0.550531
15.864
0.0223224
8.87567
0.0218462
4.96998
0.0222394
0.0812577
16.7005
0.108598
16.8507
0.0221004
0.0219793
0.0371557
0.0219301
0.0266438
4.97294
0.0974359
5.13778
0.0360393
6.66237
0.0356755
0.392706
0.0214132
2.14118
0.0321809
0.0219063
0.0221488
0.0229136
2.34995
0.0294655
0.0216143
1.02974
2.22938
0.0223994
17.2176
0.0222301
0.0300513
0.0220032
0.0340124
7.46896
0.0327191
19.512
8.03115
0.0222993
0.0219706
0.0346194
0.0820561
0.0503619
2.7768
1.82903
0.0220991
6.15324
0.0219392
0.0217004
2.38326
0.151761
4.55317
0.0274927
0.0219086
0.0542762
2.2129
1.63935
7.73717
0.202822
18.9166
1.86782
0.133202
0.0901586
32.424
19.1574
4.62324
10.269
24.4549
15.4988
14.8699
0.0216557
2.4188
0.0215038
0.0300639
8.54579
0.0251867
0.0276478
1.87528
0.0320877
0.0255912
0.0221193
0.034354
0.100322
0.0315004
0.021998
0.0221047
0.022772
1.12245
0.0219852
0.124473
0.0220552
0.0222762
0.0214681
0.0222663
1.66218
2.66758
0.027658
9.43051
0.0221924
14.952
0.0216495
0.0219252
0.121279
0.0220007
0.0221391
0.022174
0.0596115
0.0247267
0.0438971
0.0219352
0.0219528
0.038602
2.18727
1.49916
0.0560564
2.88948
0.71109
0.0219381
1.76544
2.33208
14.8874
0.0219327
0.0222382
0.0226192
0.189121
0.0219757
1.60813
0.0219341
0.117372
0.0220169
6.36565
0.0222395
0.0844446
0.0244246
0.0221912
0.0222225
0.0932393
0.0234062
2.07727
1.44037
0.0219053
0.0216978
2.4119
0.112878
2.26966
0.0222262
0.164486
0.0223107
0.0216018
0.0712943
13.0412
0.121786
0.0344328
0.0225614
0.0259474
0.0387038
0.0221263
0.285061
0.0227467
0.0328397
0.0955798
3.1775
0.0338062
0.0220461
0.0217715
13.9528
0.0224636
0.0327829
0.0217889
5.49544
5.15612
0.0220228
0.0217058
0.188323
9.68748
11.0969
1.82868
0.0227856
0.116699
0.0481049
1.42989
11.9554
0.0253503
0.0237955
0.0270724
0.104533
0.022227
0.0978958
0.029171
0.127393
0.350416
0.0216574
0.0222558
0.0335881
0.0219305
10.3474
0.0218451
0.0219332
0.584378
0.096087
0.720725
0.0251417
0.120278
0.0382982
0.021914
0.0318216
0.0233722
0.0538409
2.02562
2.46488
0.0229008
0.021516
0.0587681
0.0854318
0.024455
0.0244145
0.0223233
0.0213932
0.051661
0.0738294
0.0219814
15.8116
0.0220584
3.21941
2.02592
0.0222939
0.0363935
0.022548
0.0244899
0.044801
0.0575251
0.0231233
0.0222883
0.0914777
0.0218283
0.186127
0.0216696
1.45763
0.0367892
1.66746
0.316254
1.45282
0.0641003
0.0214545
2.03131
0.0214205
0.0228836
0.0221845
0.0223536
0.0293029
0.0230491
0.0314607
0.0222881
0.164304
0.0518602
0.0778885
0.0519508
1.81464
0.02188
0.0363693
0.0218138
0.0221815
0.0217962
0.0218755
4.01526
0.0223474
0.02223
0.0303796
0.177429
0.0469096
0.0219357
0.0970636
0.37036
5.99385
0.0242529
2.74323
2.17416
0.0220065
0.0233348
0.0732045
0.0631728
9.10061
0.105997
0.0220857
0.0470831
0.0214938
0.155144
0.821334
15.57
0.279921
0.021856
31.1485
0.0217827
0.0218099
0.0248616
0.0569049
0.0365223
0.0888082
0.0368715
0.021485
15.1733
0.0551905
6.47452
3.60475
1.67313
0.0286297
0.0233108
0.0229795
0.0227911
0.0219884
0.0247456
33.7178
15.1175
8.44251
0.223133
0.22145
0.0219895
0.0220201
0.0228957
0.0243047
5.23023
0.022876
0.022238
0.0217425
0.0217461
0.0215853
0.0373849
0.0318223
0.0218442
0.0278474
2.50149
1.30451
0.037097
5.35097
0.0218813
5.21811
2.71739
0.121157
0.0217933
0.0218659
0.0221965
3.58157
0.025824
0.0290305
0.0452289
0.192187
0.0363957
0.0222869
0.0221472
0.0608205
0.0219379
0.108848
0.0245994
0.0285122
0.0217287
1.86312
0.0317065
0.0219392
4.00232
0.022286
0.103881
0.022458
0.0220331
2.12709
0.0543977
0.0428939
0.0218814
0.0217742
0.0217148
0.0216114
0.0221131
0.0896861
4.72981
0.283508
0.0381065
0.0813007
0.0217933
0.102995
0.0222785
0.98223
1.94715
0.0259987
0.0218862
0.0217848
2.28619
2.18241
0.0238145
0.131754
0.0294169
0.0222265
1.45037
0.0221914
0.0908433
9.89898
0.0223056
10.483
0.0213965
0.02244
0.0362063
32.3874
0.0217847
0.0244694
5.33158
0.956964
1.89133
0.0217113
0.0222209
5.42393
7.6548
4.54556
15.5701
0.0578429
0.0221964
0.0218233
0.0224418
0.021702
0.022156
3.87153
2.82717
3.82759
2.09139
0.0215098
0.0216707
2.32426
0.0290608
0.0223285
0.0217284
0.0221288
1.49509
0.0382173
2.64922
0.0222322
0.021992
0.0222193
0.0363094
0.0258034
0.0230746
0.0244286
8.96485
1.6914
0.0233514
1.73694
0.0219884
0.0221299
0.133338
0.827679
0.0214503
0.110346
0.0219448
19.7547
0.0220467
0.726276
0.0222953
0.0369981
0.0218041
0.0224637
0.0230053
0.0965212
0.0690512
2.29101
0.02199
0.0221979
0.0215223
23.532
5.81287
0.0244063
0.127179
0.0707616
0.0230723
0.0259071
4.1671
0.0455067
0.0215588
1.50222
3.69117
0.125682
0.022274
0.0217041
0.0222135
0.0220197
0.0465846
0.0222714
0.0221663
0.0258721
2.19775
0.0222492
18.201
7.85695
2.87934
0.0777353
7.25413
7.60456
3.74765
1.19012
1.91183
1.17743
0.0677446
0.119247
0.0218088
0.717637
0.0219742
19.216
2.59281
0.0214651
8.08926
0.0457124
0.0217143
0.15424
1.47067
0.021796
0.0644585
0.0218194
1.70766
6.60552
5.39476
0.0220594
4.09894
4.72119
9.1696
0.055364
0.0419033
3.19782
0.0215025
1.98262
3.87415
2.5329
0.0220514
0.0249534
0.0216302
20.1322
0.0220207
0.784363
0.0344945
0.0290877
0.58515
0.0245455
0.0221518
0.0219657
0.0220422
0.0223283
10.1412
0.0218961
0.0275448
21.2305
8.51767
0.166581
0.0228805
0.0365653
0.329232
0.0216026
0.0223023
0.023847
6.52705
0.0245236
0.700375
0.0220755
0.0216211
0.0648808
0.0407323
0.0393787
21.8829
0.0217422
0.467326
0.0252372
0.0220289
0.0508815
0.909752
0.0220444
8.60552
0.0273159
0.739762
2.08158
0.186048
0.0218869
14.6892
0.817915
0.0316918
0.0257873
3.20637
0.240578
0.0219202
0.0217955
2.722
0.0217146
0.0215928
0.0228331
0.096922
1.44883
0.0215727
0.0388615
0.0628351
0.0698453
3.00916
0.0219219
0.0221913
0.0219271
0.022266
0.90949
2.05557
0.0420392
0.0219589
0.0214275
0.104752
0.0220952
0.024566
3.75108
0.022485
0.0240921
2.06817
0.0218333
0.0220341
0.0282255
0.0221382
0.0219133
3.01197
0.0724698
0.0883834
0.022211
0.0229905
0.0377208
0.0540616
0.0221416
0.0399519
0.0215025
0.0250522
3.87455
0.0224987
9.91285
0.021459
25.7928
1.84211
0.021793
0.0287026
2.64846
0.0248862
1.23407
5.91985
0.022295
0.0390068
0.0218233
3.03302
1.10032
0.0220749
10.9172
0.0222977
0.0218097
2.39824
0.0828203
0.580231
6.28393
0.138727
0.0216976
2.64689
0.0218581
18.0985
0.0223326
0.084299
23.7822
0.0222454
0.0217344
0.0380083
0.0215376
0.474141
5.31856
0.0218163
0.0216547
0.0217562
0.0216779
1.87269
0.297228
0.0388515
0.872336
0.0281725
0.0267719
0.02407
0.0308406
0.0288124
0.0215359
0.0222909
0.0216681
0.021807
0.0249743
0.0803439
0.0222522
0.321978
8.80668
0.0216805
2.36113
0.0216103
0.765728
0.0225288
1.59808
3.51605
0.0221612
0.215704
0.0222864
0.252709
0.76537
0.0220413
0.0222689
0.0957228
0.0307385
0.022225
0.044611
14.7938
0.0222833
43.7022
0.0230299
0.0218805
0.184395
1.49495
0.0232168
0.0219004
0.0268089
0.0220487
0.0419566
0.0217356
0.0218906
0.0214937
0.0222388
1.9305
0.0274077
0.0222285
0.0217541
0.0264566
2.40524
3.15864
0.12903
0.0216912
0.26186
0.0437768
0.0214262
0.0219291
2.44663
0.0222509
0.0217676
27.4702
0.0302601
11.5083
0.0227739
0.0435165
10.6943
2.27556
0.791517
0.0218171
0.0728355
0.0221622
0.0228368
0.0216596
25.4246
0.0580963
0.0217635
0.261873
2.67658
1.9679
0.0219928
3.29021
0.0223634
0.0222147
0.187129
5.6301
0.0267593
4.84141
0.069392
10.0405
0.0216722
0.0301935
0.074221
0.0219851
0.0222064
0.471404
0.0356705
12.0947
12.5878
0.0217765
18.1364
0.0248855
9.272
0.0221793
0.475232
1.69228
0.0723761
0.0222195
0.0219325
7.25982
0.0220735
0.0216549
0.180734
0.0309326
0.0219285
14.6373
0.0219598
0.0217678
0.0221807
0.0221906
0.0216594
0.0218813
0.0216414
4.97189
9.28626
0.0224886
0.0215873
0.0219154
0.0218304
0.0266852
0.0217724
2.80935
0.0320987
0.458483
0.0295963
0.0271365
2.51624
0.0218405
0.0778482
3.17926
0.0253891
0.383791
13.4597
3.54805
0.0214127
0.0220451
0.0218101
7.4365
0.411466
2.92952
13.2821
0.0318404
0.0217835
14.2058
0.0279468
0.0221546
0.021912
0.0221549
4.79352
0.0354385
0.34085
0.0218873
0.0221468
4.00383
0.0216828
0.0230403
0.0218234
4.97312
0.0216149
0.0218383
0.0787331
0.0222163
0.0221713
0.0244547
0.0873297
0.0356595
0.349709
0.0816581
0.0222462
6.91829
0.0319237
0.0217908
0.0220018
7.1553
0.0219821
14.362
2.71111
0.0216363
5.26879
0.02181
1.45716
0.389831
2.55136
0.0432268
0.162704
10.3341
0.0350875
12.5686
0.706138
0.0219219
0.021782
0.0501777
0.0613673
6.39416
0.0281172
0.0268198
0.021965
0.0225899
0.0218291
0.0322885
0.0434588
5.46681
0.0420322
0.0221548
4.51575
0.039073
0.022077
0.0219203
0.0218759
0.0215495
0.0231908
0.0222314
0.0435137
0.0313145
5.7485
5.31608
2.35101
0.0217242
0.0218747
0.0378425
0.0270565
0.021754
0.0253059
0.0216573
2.14299
0.0219544
0.0821486
7.1628
0.0222122
0.0220151
0.0218803
5.69669
0.0785947
0.0494959
1.76004
0.0218634
0.0232505
1.44591
8.18782
0.0222309
14.6626
0.0225902
0.0444932
2.71645
0.0218371
0.0221468
0.0220056
1.47417
3.00082
7.25198
20.0436
0.0222515
0.0220645
0.021972
0.10096
0.0221493
0.0217172
0.0222138
0.0217522
9.57609
0.0222927
0.0222917
1.5136
0.493504
12.2734
0.0256065
0.0285505
0.0338435
0.179817
0.112599
2.31898
1.56451
0.357738
0.0217931
1.86457
0.0217548
0.0245244
0.0220858
5.50417
0.0215705
0.0218144
0.0221055
0.0222192
2.01289
0.02266
0.022294
0.487564
18.8834
0.0218811
0.0217722
0.0703907
0.0217101
0.0221017
0.0218271
0.0219082
0.0358563
0.144004
0.027716
0.247231
8.41854
0.0244649
3.35012
0.124843
0.0280079
2.44905
0.0216775
2.36588
4.44493
25.335
8.80325
1.62362
5.30921
0.0349337
0.0219221
0.0231312
0.021863
1.72425
0.0219254
1.5863
4.01072
0.0221803
6.14859
0.0721826
0.0217471
27.0365
0.116533
0.0214672
13.4065
0.0225161
0.0310589
9.58174
0.0237314
0.166563
17.2826
0.0216022
1.66983
0.548232
0.0220782
13.1494
0.0217204
0.0467801
0.0220001
0.0218905
1.78606
0.021805
0.0219258
1.21193
18.4169
0.587817
0.0219323
2.26151
1.73236
0.12703
1.74764
0.0217144
0.0218508
1.43023
0.0217662
0.0217506
0.0222103
0.022129
1.59341
20.6572
0.0428326
0.0216534
0.0270324
0.0219569
13.7575
0.022163
0.0244777
2.32206
11.64
12.0426
4.98202
0.241966
0.0219176
11.2866
0.0218505
13.3273
1.74344
0.113896
0.022268
0.0220411
0.319201
0.0218448
2.31552
0.0217854
0.0215453
0.0216051
7.05962
1.68083
0.021829
0.0214111
0.159538
12.9671
10.957
14.206
0.0218944
7.80352
0.0252312
0.0220768
0.0304303
10.288
0.0219318
0.0224968
0.0219323
10.6178
1.98446
0.0219675
0.0220772
6.38857
0.0757787
4.22095
9.19728
0.281827
0.297699
0.0570042
0.0219199
12.8037
0.0218174
9.96504
0.0220814
0.74122
0.021856
0.0469632
0.206168
0.817173
12.5384
0.0219082
0.0879037
0.0246272
0.0219571
0.0540578
0.0219207
0.0384441
0.0220979
0.0218863
0.0219704
0.0481272
0.0262667
0.0214313
0.0220271
0.0217278
0.093897
0.0220934
0.0542067
0.0217037
0.0224601
1.42517
0.0230721
0.0583138
0.0881225
0.0217589
0.0218173
36.7996
0.0877363
0.021675
4.98676
0.02166
0.0219329
5.59413
0.0214058
0.0222001
0.0390802
0.0223035
0.152357
0.299805
0.723429
0.0872537
0.0221417
14.4823
0.0222944
0.022222
0.128689
0.0242449
27.9899
0.0219049
0.0215529
0.0220926
21.0335
24.5437
0.0218087
0.0281832
0.0222486
0.0570383
0.0217048
0.0218921
6.8988
0.0222502
0.0218361
2.10047
0.0222992
2.19825
0.0219389
2.31911
0.0219506
2.87023
0.0994439
0.0220512
0.0219595
0.0222507
0.0223414
4.93959
0.0352641
0.0518664
3.64788
8.91922
0.0218951
0.0223732
4.97224
0.0912725
0.0223834
0.0221357
0.021942
0.0534758
0.0368581
0.0808606
0.0282314
0.0216838
0.0219761
10.7775
0.0220972
0.0218611
0.0241788
0.0301833
0.0219807
0.0218845
0.02401
0.0399462
0.0216753
4.82669
0.0217533
0.206197
0.0214102
2.99248
0.0216049
0.023441
2.95679
4.064
9.59318
0.701712
3.30762
0.0219458
6.91835
0.0217104
0.0216789
0.0372933
2.59698
6.45684
0.0215993
1.75188
12.7872
1.6282
0.0222639
0.0217857
0.0217286
0.0222074
2.59034
0.105029
0.0682155
0.46918
0.0223499
0.0214252
0.0216554
0.0218111
0.16484
7.94802
0.0220519
20.1626
0.0975909
0.199843
0.0569184
6.94891
2.6434
0.0217444
0.021993
21.3995
16.3372
2.699
0.0221793
0.17712
8.90051
0.021544
0.0221919
18.6611
0.0216705
0.128384
0.0966877
0.0226952
19.7565
0.0219372
0.0726019
14.0452
0.0271816
3.41015
0.0219377
2.74833
6.84826
0.0218803
20.3642
0.0217009
0.027308
0.0219125
5.08693
2.65608
0.0279142
0.0215277
15.443
0.0222875
0.0214608
0.0218893
0.0278599
2.41223
0.0214937
0.0230246
0.0217696
5.23259
5.10834
0.0230326
0.125048
0.561423
0.127373
0.116298
0.0221522
0.0453894
0.0278819
20.1573
0.024039
0.0237378
14.9391
0.0321616
0.11525
0.026525
0.0220149
0.602191
0.0219403
0.0219871
0.0217611
1.84201
0.0219359
4.63891
0.0221266
1.42885
0.0219497
0.0319117
2.7088
3.79585
0.0217124
0.0222619
0.0220045
4.36334
0.0216579
1.81122
0.178975
0.915612
0.0219551
0.0215046
4.65364
0.0903501
21.7692
0.0308082
18.7338
0.0302469
0.022015
0.021951
0.0706529
1.43274
0.0219076
0.0314092
0.0219123
0.320177
0.0218278
0.0958331
3.7511
0.021718
0.0214498
0.0657336
0.021786
0.342148
20.7665
0.0222243
0.26835
0.194284
0.0444752
0.0215917
0.0218053
0.0399447
0.0392041
0.0260743
0.0488954
0.222386
0.0220122
0.0284259
0.0470529
0.0217902
0.529788
0.0225743
3.40682
15.322
0.0221061
0.0226034
2.02707
17.3429
6.61989
4.43452
0.0217455
1.88471
0.568348
0.0216774
0.0270811
0.0218118
0.0219637
0.0216495
0.0220018
0.0223633
0.0429233
0.0215833
0.0227331
0.0284676
3.31505
0.0222789
4.61525
3.32016
0.0216425
0.0220895
0.0220639
0.0220949
4.67052
0.588972
0.0220572
0.0218471
0.0219606
0.0222692
0.0219676
0.0246186
0.0217454
0.334006
0.565681
7.43028
0.0280356
0.0221833
0.0271127
0.0242511
0.0220028
0.121688
0.0222457
9.48797
0.0301613
0.167693
0.0222876
0.0220647
7.83613
0.0219194
0.0472752
0.0220587
0.135103
0.0816858
0.0896242
0.0221734
0.0242927
0.6838
0.0218283
0.0222151
0.023642
0.0220498
0.021741
3.10913
0.596422
0.0217543
0.0218096
3.00063
0.129413
0.0218712
0.0219721
0.0552448
0.0224813
0.0265239
0.282072
0.538251
0.0230141
0.0530159
2.87932
0.0219296
0.0221935
0.0219523
0.0217388
0.0218198
2.3399
6.37437
4.75333
0.0244446
0.039146
0.0219053
0.0222595
0.0258078
0.549377
0.0511798
0.0268119
0.0497843
0.0656053
9.56502
0.0219965
0.60475
0.0419198
1.28787
0.0365228
0.0217558
0.325492
7.06236
0.0345553
9.12076
1.04204
0.0217185
0.0504097
1.47862
0.0215613
0.0222327
6.57737
7.04935
0.0214779
0.0218417
0.121082
0.0215894
4.94773
0.0216659
0.0218215
0.0220969
1.47412
0.0289673
0.0762627
0.777604
0.0812767
0.02919
5.70758
0.021672
0.0216618
0.0218954
0.137293
0.720354
0.0489016
0.0244808
0.0218247
0.0218286
8.84661
0.0219327
0.0219832
28.5018
16.166
0.403533
0.0219853
2.39202
0.0219114
0.0220457
0.287151
0.471085
0.0219635
0.800244
0.0219253
0.0226763
0.0263268
0.0236228
0.0218531
0.0215943
7.29071
5.30322
0.0217269
0.0216544
0.128817
0.030224
0.0219864
0.0265738
0.0222435
0.0218148
0.0394865
0.0216686
0.0222044
5.22645
6.37116
0.0260574
0.0219391
6.61215
0.021395
0.021732
5.62736
0.0220214
6.04915
0.14838
0.0264473
0.762201
0.0219205
0.0218421
0.0219094
0.0218085
0.166939
0.0275491
0.0219347
0.0219342
5.22408
1.45081
0.0217584
2.57673
6.31784
0.0219566
16.3445
5.51065
0.0267663
0.0220119
18.3
0.0220205
0.0218226
0.0218661
0.0218268
0.0220667
0.0856214
0.0730741
5.23489
0.022156
6.21248
1.34934
5.17058
0.0219823
0.258025
0.0217317
0.0273957
12.8118
0.0219285
0.0742314
6.37106
0.0254372
0.0385755
0.106464
0.0214591
0.0217981
0.0471776
0.0219985
6.23891
0.525167
0.0220373
0.0219432
0.0278154
0.0221479
0.0428552
0.0220944
0.241716
0.0218841
0.0218195
0.0624951
0.0314407
9.07658
0.093333
0.0229603
2.73341
0.0757941
0.162857
0.0222134
0.917191
0.461706
0.0221101
1.94596
22.3012
0.0217493
0.0222945
0.113232
0.0831261
0.0218193
0.0421301
0.724132
0.0214604
0.0220306
0.0427511
0.0222183
0.0562011
0.0220791
3.96991
1.04956
0.0418319
2.01691
0.021512
0.564022
7.83296
1.10342
0.0314392
0.0217548
0.0226612
0.0967631
0.0220836
0.0216463
0.0222491
0.141003
0.0219154
0.0216828
0.0222665
0.0214683
0.0227566
6.69029
0.322978
0.0221994
0.0218141
0.0218203
0.0220215
0.150645
0.230134
0.692566
0.0711211
5.46572
0.0220124
12.5989
0.634119
0.0274473
0.021962
0.0384756
0.0220197
0.0219158
0.0214779
0.0690876
3.39305
0.0218536
0.128515
0.0935244
0.0323986
0.0221471
8.82752
0.022159
0.023981
0.108073
0.272626
0.0222842
0.0220463
0.0216215
0.0234597
2.45187
0.0223373
4.7996
0.0220275
0.0219014
1.271
0.0227564
0.02195
0.0222359
7.81522
0.0222171
0.0884471
0.0302567
9.8907
0.0892299
3.16845
0.0218844
0.0225165
0.0217056
0.0218136
0.0274191
0.0220968
0.0219228
5.3362
0.0222855
0.0223188
9.94106
3.28537
0.0218613
0.059252
0.0217216
0.0214682
0.0230955
0.0216554
0.911628
8.00622
0.0214407
0.0221618
0.0703842
3.58532
0.0220216
0.0517738
16.4381
0.0220719
34.7379
0.0226628
1.69937
0.0222231
0.946762
5.64882
0.0217989
1.79244
0.0235335
0.021656
0.0219362
1.24773
3.4385
0.0624295
0.0221719
5.51592
0.0219947
0.0226325
0.0219423
10.1374
0.0765054
0.0426986
4.41819
0.0218225
1.41578
16.3837
12.3407
6.10272
0.0351878
0.0330394
7.09542
0.021986
0.0226566
0.0727965
1.51308
0.0214504
0.0222854
0.0219002
0.0219564
0.0219657
0.0317903
0.303746
0.0218613
27.8784
0.0219065
0.0229899
0.0220098
0.0477684
1.76416
0.0221654
0.021732
0.0516657
16.3315
1.13391
6.83066
0.61255
0.021883
0.0218652
0.0214947
0.369471
0.0224901
0.0219888
19.1003
0.0219885
0.0867822
11.7458
0.0219586
5.10487
3.27522
0.865479
0.0463462
0.119307
15.8055
0.259841
0.0219232
0.021659
0.0329033
0.0222687
0.0448401
35.7886
11.4334
0.0275913
5.64504
1.02561
7.06723
0.0214411
0.0221797
0.0219473
0.0217122
0.0219804
1.79107
1.4261
0.0219768
3.42232
0.02197
0.0219213
0.305822
0.0217866
0.641204
1.65289
4.21651
0.0217431
0.0218796
0.022247
0.0222439
12.3771
0.0219699
0.0260926
0.0222015
0.0989007
0.0240213
0.022104
0.0219453
4.68638
0.0216653
0.507623
0.0218758
3.1922
0.0220264
0.0219557
0.0229309
0.260014
0.0216924
0.0220783
4.57714
0.0219212
0.0384445
0.200538
0.366814
0.0355073
0.0217666
0.0219213
0.785554
0.0282052
0.0217001
0.0763581
0.105283
2.40468
0.0219682
0.0219896
0.0219392
0.0217582
0.0220144
0.0223936
0.654413
0.0227623
14.997
1.3977
0.0396015
0.022764
0.0218755
0.324139
5.19662
0.0217283
0.0219803
0.0726644
0.0222746
0.0228876
7.75099
2.05736
0.0218871
2.24552
0.0225967
7.81674
0.021702
0.0220166
0.0218969
4.85699
0.0216404
0.0219105
1.84385
0.0218623
0.0320626
0.0651085
0.0219107
18.7656
0.0271315
2.6268
1.70216
0.021937
0.0222535
3.20826
0.0218556
0.0221144
0.0219726
0.0286579
0.0220717
16.4679
14.2821
2.31495
2.11131
0.0217055
0.499201
0.0218727
1.53442
0.0262059
0.0276917
0.0220376
6.16194
0.0220575
0.022532
6.68336
0.0217409
0.0355458
0.0349388
0.0222792
11.8599
0.0217448
3.71571
0.0275138
0.0219782
0.0218631
0.0214591
1.45806
0.0217543
1.67462
0.0222667
0.0240773
0.0237203
0.0255981
9.23045
0.0220905
0.0238918
0.171773
0.0503306
0.155332
0.0220412
0.021875
13.5382
0.0214406
7.51097
0.0290381
0.0218651
0.0219012
12.6503
0.268518
0.0222385
11.8096
0.0218388
0.0229026
0.0218317
0.0474528
0.0231837
0.0476551
7.70619
0.0218916
0.021725
0.0219299
6.61327
0.0218873
0.0223144
1.50348
0.0218751
0.118523
0.0220383
0.0265633
0.0220154
0.0221712
0.0222485
0.150123
0.0306978
0.021808
0.131593
0.0221034
3.27196
0.0219515
0.149853
0.0219407
0.0219165
0.0219342
40.0454
0.0257961
0.0223361
0.300495
0.0222782
0.0278115
0.0227837
0.0242401
0.022273
0.0218984
0.0223063
5.22097
0.021975
0.0218352
1.44278
0.0220027
0.0217727
0.0219681
1.37209
0.0222055
0.048704
0.0275789
0.31659
0.0222109
0.0423241
0.0217346
0.0222966
0.0276593
10.566
0.0222928
0.021691
0.0219293
0.127358
0.422668
0.0224835
0.0218657
0.0219073
5.19619
0.0216244
0.0345754
0.040445
7.14828
0.0222948
0.021685
1.06297
0.0223191
0.0462285
0.0286187
0.0214524
0.0387142
0.0219806
0.0279385
0.0214996
0.021762
0.0219328
8.45206
0.0220098
0.221864
0.0216904
10.4617
3.83292
0.161405
0.0220075
5.89314
0.392236
0.0290499
0.0219847
0.028702
23.682
0.0220999
3.78784
0.0222559
0.11044
0.0247731
0.0222149
0.13497
3.79464
0.0218379
0.0238697
0.0219218
0.0329356
0.0218629
0.0217247
0.0220367
3.39688
12.3489
0.0222912
0.0219384
0.0219911
2.06555
0.0219208
0.130225
0.021988
2.19045
6.24819
3.62481
0.04131
0.0222519
0.0220891
7.04498
0.0219976
0.0363859
0.0222662
0.0342596
19.4766
2.79473
0.0222869
0.0216642
0.030191
8.44503
0.0536595
0.0218131
4.58317
27.5918
0.0216151
0.388076
0.0215097
0.0430598
0.0219175
0.0223921
0.0222856
0.0342695
0.0219638
0.0214999
5.42784
0.0240439
0.0224585
1.58914
3.31001
0.0220277
5.26873
0.0220991
7.04864
0.0239676
0.0215175
0.0215868
0.0220135
0.0249635
0.364516
0.216922
0.022004
0.0225582
8.61763
0.0220376
0.0216283
0.0218641
0.0219709
0.23383
0.0219343
0.0216233
0.0216422
5.02232
0.0222667
0.0219216
0.0216584
2.89396
0.0221624
1.13687
12.65
0.0219077
10.0192
35.5674
0.0221648
0.0468412
0.099012
0.02158
0.0217013
0.0228351
0.0219918
0.520038
0.0264984
0.0221165
0.0216528
0.0218887
0.0220268
0.0219031
0.0222292
5.02441
0.0216498
0.02187
0.0252133
0.0219139
1.48184
0.0218806
0.0220518
0.0220858
0.022143
2.93156
5.2746
2.07801
2.42051
0.0222218
11.5162
0.0218649
0.0216187
0.764941
4.30693
0.0222141
0.021965
0.0801948
0.102566
4.92364
8.52385
0.0421633
2.3391
0.0226786
6.13238
0.0219026
0.0247131
0.0218733
3.65418
0.0219436
14.2286
0.0222536
0.024011
0.0221463
0.0224648
0.455709
0.0216185
0.0214821
2.36536
0.0540699
0.0222464
0.02165
0.0216145
0.0226409
0.0222552
0.0221998
0.0218781
19.8329
0.0218149
0.0226307
0.0222553
0.0216134
0.0216937
0.0369807
0.0222971
0.0372519
0.0221638
7.49308
0.0217286
0.0807087
0.0568454
0.0218112
0.856181
0.0214689
1.7981
0.0220413
0.0220171
0.0219057
0.0215933
0.0865198
0.0218743
0.0222954
0.0215854
1.78805
0.139185
0.0220224
0.0222711
0.918263
2.14623
41.011
0.348004
4.43988
0.0218584
0.0218791
0.0314746
0.0220969
31.4465
0.0222583
0.0968582
0.0219
0.0222473
0.0277838
0.0215232
0.0222506
0.041133
0.341106
0.0216671
0.0215805
0.0222091
0.0219691
0.0220194
0.0216727
0.0219414
0.0218696
0.0289861
0.0448427
6.11761
3.95629
38.751
0.0215907
1.50363
0.021895
0.111206
0.968847
0.0220306
2.37021
0.0218837
1.70701
6.36765
0.0630813
0.0219683
20.5118
0.0239542
0.163745
0.0225231
0.0291242
8.17085
3.23814
0.282578
0.0242004
24.3909
0.202788
37.6608
0.0263966
20.2857
41.2418
13.1962
0.0216577
0.0222741
1.6907
0.021478
0.0219498
0.394735
0.02197
0.0220945
0.0368501
8.42332
1.73928
6.52631
0.0218878
0.0218369
0.0222075
11.7503
2.37092
0.246548
0.0255549
7.49863
0.02189
0.028462
2.60366
0.0242404
0.279118
0.0223998
0.022234
1.63759
0.0218109
0.951012
0.0219389
0.0224705
0.0424264
0.0217953
0.0235162
0.0682892
0.0222667
10.4311
0.0218774
0.0214721
5.83075
0.0223177
0.0219101
2.33729
0.0700542
7.86479
2.48343
12.6585
0.0223847
0.0938291
5.77826
0.0839448
0.0267291
0.0223835
5.72269
0.0217701
0.0220536
0.140845
0.0848924
0.0400625
0.0221859
0.0222311
0.0218252
1.67689
0.048947
3.21847
0.0222712
14.649
0.0218774
0.0416564
0.0238956
0.021739
0.171782
0.429813
0.0319447
0.12785
8.62744
0.0222725
0.02367
0.0262715
0.0306688
0.0225104
0.0266213
0.026695
0.0996497
0.0215513
6.7105
7.05966
0.0224983
2.42316
0.935875
2.69122
0.022271
0.0216099
1.46432
0.0219393
5.27683
0.0222309
0.0222725
2.633
0.0236131
0.0219579
30.7795
0.0251214
0.0655835
0.0219149
4.74234
0.0515706
0.0867809
0.032095
0.0224811
0.112807
0.022327
34.1791
0.0252155
0.265245
0.583739
4.10143
0.162529
4.97322
0.0241057
0.0677306
0.0364678
0.697148
15.9545
0.0218229
0.329739
0.0220441
0.0218895
3.43222
0.0680518
0.0216374
0.0628397
1.59204
5.285
0.383971
3.59858
0.0736003
0.0222637
0.0240698
0.021707
5.97711
0.0219506
2.44913
0.558174
0.023734
2.19159
7.00907
0.0216687
3.82967
6.03046
2.89796
0.0219725
0.0219199
0.0222391
0.0378249
0.022273
1.93825
4.68369
0.0418381
2.59173
0.0224551
3.10128
1.64194
1.45969
0.0219865
0.274654
0.0251972
0.086239
0.0304851
0.202456
0.0386853
7.13775
0.0222482
0.0218609
0.0216384
0.342836
3.54158
0.0219215
5.33285
0.0609441
0.077474
0.0218753
0.106015
0.0221592
3.01102
1.63705
1.44928
0.112052
5.78777
0.0615568
1.8216
0.106291
0.0220876
0.499273
0.0218288
0.0414651
0.0219502
5.30925
0.0219534
0.0255519
5.21563
0.0458174
0.0431114
0.0652771
7.15542
8.76976
3.36179
1.4374
0.0381326
0.0219084
0.021933
0.0410471
9.05904
5.31173
0.0296554
0.0272488
0.0985436
0.0397053
0.104224
0.284842
0.0995435
0.0496398
0.0606648
0.364649
0.0216154
13.063
0.0217564
0.0222808
0.152486
0.0286689
6.1793
29.0246
0.128115
0.301131
0.504768
0.0218724
2.1637
1.47426
0.03867
0.0272152
1.4897
0.0389405
0.0450141
2.28585
3.20223
0.0218969
3.64753
5.24222
0.0217002
1.46521
0.0223394
0.0216299
0.0214644
0.0301829
0.542716
1.50621
0.459751
0.050078
0.0477098
0.0407945
2.20618
)
;

boundaryField
{
    frontback
    {
        type            empty;
    }
    topbottom
    {
        type            fixedValue;
        value           uniform 0.0223;
    }
    outlet
    {
        type            zeroGradient;
    }
    inlet
    {
        type            fixedValue;
        value           uniform 0.0223;
    }
    walls
    {
        blending        binomial2;
        n               2;
        beta1           0.075;
        type            omegaWallFunction;
        value           nonuniform List<scalar> 
120
(
14.1347
25.0947
21.9478
27.785
26.641
26.801
27.7248
25.5363
28.7084
17.3273
31.9061
26.0468
20.3714
23.1665
26.5489
16.8105
13.7596
22.0421
11.7618
29.6586
26.5592
13.9049
30.7206
24.3012
26.8471
12.2577
30.6378
6.8478
22.7485
8.17635
8.96195
8.42895
7.67111
6.66694
28.7684
29.6458
13.4637
20.8014
27.5038
28.0356
26.1966
13.1145
23.4899
25.5477
18.0265
28.1963
28.8382
21.0191
27.4773
26.0531
27.4908
12.1308
34.1406
28.81
23.9813
27.2672
17.2379
12.6839
25.4086
6.2184
7.03896
28.2343
16.9174
24.2215
30.1498
8.24189
7.97154
8.20513
31.2963
24.4792
29.1996
21.6754
32.9596
26.8008
18.2496
18.0943
27.3484
18
26.4707
7.2958
9.02963
19.4108
7.17256
29.229
30.5479
22.7592
8.11254
34.7788
8.46701
19.2058
33.224
5.35827
12.6825
8.54579
9.43051
9.91285
25.7928
27.4702
25.4246
25.335
27.0365
13.4065
18.4169
27.9899
21.7692
28.5018
34.7379
27.8784
11.7458
35.7886
11.4334
19.8329
41.011
31.4465
38.751
20.5118
24.3909
37.6608
41.2418
13.1962
)
;
    }
    procBoundary0to1
    {
        type            processor;
        value           nonuniform List<scalar> 
80
(
2.36635
0.0327786
0.0219965
2.36123
0.0220373
0.0250073
2.91191
0.02366
0.02366
0.0242108
0.0215868
0.0243657
0.0312094
0.0295092
0.0459547
0.0213887
3.29674
2.57482
3.39089
0.0231986
0.0295092
0.0219088
0.0214043
0.0282568
0.0406403
0.0218155
0.0215105
0.0215437
0.179136
0.507059
0.0231986
0.0213837
2.65794
0.0214517
0.0221653
0.0214863
0.0214208
0.0214208
0.0217392
0.0269375
0.021442
0.0213836
0.0406403
0.0214315
0.0739389
0.0739389
0.0362544
0.179136
0.0214183
0.0213798
0.0216244
0.0216767
0.0214315
0.0909841
0.136915
0.0228737
3.03157
0.0362544
0.0214672
0.136915
0.0624087
0.0258923
0.0539096
0.114365
0.0213778
0.0214121
0.0214043
0.023678
0.0224662
0.114365
0.0214121
2.5798
0.0909841
3.22994
1.59763
0.0479146
2.51658
0.507059
0.0223096
0.022651
)
;
    }
    procBoundary0to2
    {
        type            processor;
        value           nonuniform List<scalar> 
165
(
9.70198
14.3988
20.7693
0.15449
0.0220291
6.34616
3.46689
8.5604
14.1917
12.3255
14.3988
0.0278032
0.0290806
0.0219701
0.0219945
20.7693
0.0219767
4.45756
1.8297
0.0258275
0.0228707
0.0226876
0.122557
2.37887
9.48769
0.0226876
0.115291
8.58323
3.3193
0.0230695
5.79811
0.02208
2.68436
2.95246
2.68436
0.0219794
10.2117
0.0219413
0.0718025
0.0718025
8.98345
9.03451
2.74034
0.0221113
0.693229
0.366918
0.021928
1.68161
0.0452207
1.8304
0.693229
0.0220891
1.67471
0.0250831
3.68094
3.66586
3.71479
0.0244366
0.0240743
0.022121
7.52647
0.366918
1.8532
0.0219613
0.0220498
0.0220586
5.81462
7.75968
0.0219408
0.0559063
0.0222937
0.0236454
0.0219218
0.0219458
3.70937
0.0222937
0.0419545
0.0219595
0.0221443
0.0225226
0.0219595
0.0222171
0.0504147
0.0626836
0.0219408
0.0274846
0.261232
7.97072
0.0219184
0.0219275
2.91235
0.0220029
1.8532
0.0224077
0.0313217
0.0221784
0.0262519
0.0874412
0.0504147
0.0219309
0.0325995
0.0222139
1.57732
3.70481
0.0220463
0.0390417
0.0220125
2.46248
3.71424
3.65575
0.0222661
0.0221548
0.0219205
3.52178
10.074
9.16546
8.55771
3.72253
2.07956
0.0233597
9.83299
0.0364063
0.0390417
3.67303
0.0219173
9.04956
9.86244
9.3135
0.0221427
0.034503
0.0219191
2.13951
0.0222525
8.71921
0.0290806
9.32029
0.2076
0.0874412
0.0220926
0.0220204
1.58283
0.0221893
2.50165
9.58679
11.6745
6.29418
3.13798
10.2932
9.25802
6.79468
8.55836
17.8462
9.40927
6.44191
1.5623
13.5792
2.12852
0.0301122
9.06141
30.6929
0.0222255
1.56512
1.28743
12.969
10.2712
)
;
    }
}


// ************************************************************************* //
