/*--------------------------------*- C++ -*----------------------------------*\
| =========                 |                                                 |
| \\      /  F ield         | OpenFOAM: The Open Source CFD Toolbox           |
|  \\    /   O peration     | Version:  v2012                                 |
|   \\  /    A nd           | Website:  www.openfoam.com                      |
|    \\/     M anipulation  |                                                 |
\*---------------------------------------------------------------------------*/
FoamFile
{
    version     2.0;
    format      ascii;
    class       labelList;
    location    "constant/polyMesh";
    object      cellProcAddressing;
}
// * * * * * * * * * * * * * * * * * * * * * * * * * * * * * * * * * * * * * //


10042
(
0
2
4
7
9
14
19
23
25
26
33
43
45
47
48
54
68
72
74
81
82
84
85
86
90
92
96
100
103
104
105
112
116
122
124
127
131
132
133
135
136
148
150
155
157
162
164
173
174
180
181
182
185
186
188
196
198
199
203
205
207
213
214
216
219
221
222
232
234
242
245
246
249
250
251
252
254
257
260
268
274
276
279
281
282
285
286
290
297
308
309
310
311
314
317
318
322
323
333
339
344
346
347
348
351
353
354
355
356
359
370
371
375
377
378
382
399
402
403
404
408
414
417
420
422
424
430
433
437
442
445
447
449
453
455
459
462
464
468
472
473
475
477
478
479
480
482
487
492
495
496
498
503
504
510
518
519
520
521
524
527
529
532
533
546
548
549
550
556
561
563
564
568
573
586
588
592
596
599
600
602
606
609
621
625
627
634
638
646
647
648
654
655
657
661
662
663
668
669
672
675
678
679
681
682
684
685
686
688
689
693
694
699
707
712
716
721
722
723
728
730
733
735
738
741
743
744
745
747
750
752
755
756
766
767
769
770
771
773
777
780
787
792
795
796
800
801
804
805
806
807
809
812
814
817
822
823
825
830
836
838
840
841
844
845
848
850
855
857
859
863
864
870
871
873
875
878
880
881
883
888
892
897
899
900
905
910
911
918
922
928
931
932
942
943
944
958
960
961
965
968
972
974
978
981
982
984
985
986
988
991
996
997
998
1000
1001
1013
1016
1018
1026
1029
1031
1032
1034
1035
1036
1039
1042
1052
1059
1064
1066
1071
1072
1074
1078
1081
1083
1087
1092
1094
1099
1101
1102
1106
1111
1113
1116
1117
1118
1125
1130
1132
1133
1134
1142
1143
1145
1148
1150
1151
1152
1162
1163
1166
1167
1169
1170
1174
1175
1180
1181
1184
1185
1189
1191
1195
1200
1203
1204
1205
1208
1209
1210
1214
1216
1219
1230
1233
1234
1235
1242
1243
1245
1246
1247
1261
1262
1263
1271
1272
1280
1281
1284
1291
1302
1303
1304
1314
1319
1320
1322
1324
1325
1327
1328
1334
1338
1351
1354
1365
1371
1373
1377
1379
1382
1386
1392
1394
1396
1402
1405
1407
1410
1414
1415
1419
1421
1424
1431
1433
1436
1439
1442
1444
1448
1452
1453
1464
1471
1473
1475
1480
1481
1485
1487
1497
1498
1500
1504
1505
1506
1507
1518
1523
1525
1526
1527
1528
1530
1531
1532
1535
1536
1548
1549
1551
1552
1554
1560
1569
1576
1578
1581
1584
1585
1592
1597
1599
1600
1602
1607
1609
1617
1621
1626
1627
1628
1630
1637
1642
1650
1654
1658
1663
1668
1670
1677
1678
1680
1683
1687
1691
1693
1694
1695
1696
1699
1703
1705
1708
1712
1714
1715
1718
1723
1727
1728
1729
1733
1734
1735
1740
1745
1748
1752
1755
1759
1764
1770
1774
1778
1780
1790
1792
1793
1794
1795
1799
1812
1816
1818
1821
1822
1824
1825
1828
1834
1837
1838
1842
1843
1844
1848
1850
1852
1856
1860
1864
1865
1866
1872
1874
1876
1877
1878
1880
1883
1885
1894
1897
1898
1900
1902
1907
1909
1911
1912
1917
1921
1928
1929
1930
1934
1935
1939
1940
1941
1943
1946
1948
1949
1954
1955
1959
1965
1973
1974
1980
1981
1983
1986
1992
1994
1999
2000
2001
2003
2009
2016
2017
2025
2030
2036
2037
2038
2042
2047
2049
2051
2055
2058
2059
2061
2064
2065
2066
2070
2073
2074
2075
2076
2078
2080
2084
2086
2087
2088
2089
2092
2093
2098
2104
2106
2108
2109
2110
2111
2113
2120
2121
2122
2123
2125
2126
2137
2139
2141
2142
2143
2146
2149
2152
2153
2154
2155
2157
2158
2165
2166
2168
2170
2174
2176
2177
2189
2190
2197
2201
2212
2219
2221
2229
2230
2232
2234
2235
2245
2246
2247
2248
2251
2253
2259
2261
2262
2267
2268
2271
2278
2279
2284
2285
2291
2294
2295
2296
2297
2300
2302
2303
2308
2313
2314
2316
2318
2319
2323
2325
2327
2331
2335
2343
2344
2348
2355
2357
2366
2368
2369
2372
2373
2374
2376
2378
2379
2380
2384
2389
2391
2394
2396
2397
2398
2402
2405
2406
2408
2411
2412
2413
2414
2415
2416
2420
2421
2430
2434
2438
2441
2443
2446
2447
2448
2456
2460
2461
2465
2468
2469
2472
2474
2475
2477
2481
2482
2483
2484
2494
2498
2501
2504
2509
2510
2511
2513
2514
2515
2522
2528
2530
2531
2534
2537
2538
2539
2543
2545
2555
2562
2569
2572
2575
2576
2581
2582
2585
2586
2589
2590
2598
2608
2612
2614
2615
2616
2618
2620
2621
2622
2625
2630
2636
2643
2646
2647
2653
2654
2657
2660
2663
2666
2667
2672
2674
2675
2679
2681
2683
2685
2693
2698
2701
2702
2704
2706
2709
2710
2715
2716
2719
2725
2731
2732
2733
2735
2738
2742
2745
2747
2759
2760
2762
2763
2765
2767
2770
2771
2776
2784
2791
2794
2797
2798
2799
2801
2816
2817
2818
2829
2832
2838
2840
2841
2843
2848
2852
2853
2855
2857
2863
2865
2867
2869
2880
2898
2905
2907
2916
2921
2926
2928
2931
2935
2937
2939
2944
2949
2950
2951
2957
2962
2970
2973
2975
2983
2984
2992
2994
2995
2998
3000
3002
3003
3005
3007
3016
3018
3019
3022
3026
3029
3030
3037
3041
3043
3045
3049
3051
3052
3063
3072
3081
3083
3086
3087
3089
3090
3092
3095
3100
3101
3103
3106
3108
3110
3112
3113
3115
3120
3128
3131
3136
3138
3139
3141
3145
3148
3149
3157
3159
3163
3174
3176
3178
3180
3182
3185
3188
3191
3195
3196
3198
3205
3207
3212
3220
3221
3222
3224
3227
3233
3240
3244
3245
3247
3248
3253
3255
3257
3258
3269
3270
3274
3275
3279
3282
3285
3286
3287
3291
3292
3302
3306
3308
3310
3312
3314
3316
3320
3322
3323
3325
3326
3331
3335
3346
3350
3351
3352
3355
3362
3363
3368
3371
3375
3376
3380
3381
3382
3383
3386
3393
3395
3396
3400
3406
3407
3408
3411
3414
3418
3423
3428
3431
3440
3442
3444
3445
3446
3448
3449
3453
3454
3459
3463
3464
3465
3466
3470
3472
3473
3474
3478
3480
3481
3483
3485
3491
3493
3494
3497
3500
3504
3505
3506
3507
3508
3513
3514
3517
3523
3524
3526
3531
3534
3536
3539
3541
3542
3548
3549
3550
3554
3555
3560
3563
3569
3572
3573
3576
3579
3580
3587
3589
3590
3592
3594
3598
3600
3605
3606
3610
3611
3614
3619
3620
3623
3624
3633
3638
3640
3642
3644
3647
3649
3650
3651
3654
3655
3656
3658
3661
3669
3675
3678
3679
3680
3682
3692
3694
3703
3709
3712
3715
3719
3720
3726
3728
3739
3746
3747
3750
3751
3752
3753
3757
3758
3761
3767
3769
3771
3774
3775
3778
3781
3784
3786
3788
3789
3798
3801
3816
3818
3820
3826
3827
3828
3829
3833
3834
3837
3839
3840
3847
3850
3853
3854
3855
3857
3859
3860
3862
3863
3867
3870
3872
3876
3877
3879
3880
3884
3885
3887
3888
3893
3894
3896
3898
3903
3906
3907
3911
3912
3913
3914
3920
3924
3928
3929
3930
3932
3934
3936
3938
3940
3944
3946
3952
3955
3956
3957
3958
3960
3961
3962
3964
3969
3970
3973
3977
3979
3981
3985
3986
3991
3993
3994
3996
3997
4002
4006
4009
4012
4013
4019
4021
4024
4025
4027
4028
4030
4035
4037
4038
4041
4045
4046
4050
4053
4054
4059
4062
4063
4068
4069
4070
4074
4081
4082
4089
4091
4101
4104
4105
4106
4107
4108
4109
4115
4117
4122
4123
4124
4125
4128
4134
4137
4140
4141
4144
4156
4158
4160
4161
4162
4170
4171
4172
4173
4175
4177
4180
4183
4184
4187
4191
4194
4196
4197
4200
4203
4204
4207
4209
4214
4216
4217
4218
4221
4225
4226
4227
4228
4232
4233
4235
4237
4239
4242
4260
4267
4273
4276
4282
4284
4289
4293
4294
4297
4303
4304
4318
4319
4320
4325
4328
4329
4330
4336
4337
4341
4342
4347
4352
4353
4356
4366
4369
4371
4373
4376
4379
4381
4384
4385
4386
4387
4388
4389
4391
4392
4396
4398
4400
4401
4404
4405
4406
4409
4412
4419
4423
4436
4438
4439
4441
4442
4443
4446
4447
4449
4460
4466
4469
4470
4472
4473
4481
4482
4484
4491
4492
4494
4496
4501
4505
4506
4518
4521
4523
4527
4529
4530
4531
4532
4535
4552
4554
4558
4563
4564
4570
4572
4574
4579
4580
4585
4586
4587
4593
4595
4596
4598
4600
4618
4619
4620
4622
4623
4627
4631
4635
4640
4641
4652
4658
4660
4663
4675
4678
4681
4682
4685
4695
4705
4709
4710
4711
4715
4717
4719
4720
4723
4724
4725
4728
4735
4736
4739
4740
4746
4752
4754
4765
4769
4773
4774
4775
4777
4781
4782
4788
4797
4809
4810
4813
4819
4822
4827
4828
4829
4831
4833
4834
4840
4845
4847
4850
4856
4869
4877
4881
4884
4886
4890
4893
4894
4899
4903
4908
4912
4917
4919
4920
4928
4932
4933
4934
4937
4946
4950
4953
4956
4962
4967
4976
4979
4981
4990
4992
4995
4996
5000
5006
5015
5018
5019
5022
5023
5028
5032
5033
5034
5035
5037
5038
5042
5043
5044
5046
5052
5054
5064
5065
5069
5073
5077
5083
5084
5087
5090
5100
5103
5104
5105
5106
5112
5114
5119
5121
5122
5123
5128
5129
5135
5137
5138
5139
5141
5142
5144
5150
5155
5156
5159
5170
5173
5175
5178
5179
5180
5185
5186
5187
5191
5194
5196
5197
5199
5200
5205
5207
5209
5211
5212
5217
5218
5221
5223
5226
5227
5229
5230
5236
5237
5238
5239
5240
5242
5246
5249
5259
5265
5268
5279
5280
5282
5285
5287
5288
5293
5296
5297
5302
5309
5311
5314
5315
5320
5324
5329
5330
5335
5336
5346
5347
5350
5351
5357
5360
5370
5373
5376
5379
5382
5385
5387
5389
5390
5396
5397
5401
5403
5405
5409
5411
5412
5415
5422
5423
5432
5434
5436
5437
5438
5439
5447
5450
5451
5452
5458
5459
5460
5462
5464
5467
5473
5480
5481
5482
5483
5490
5491
5494
5495
5500
5503
5507
5509
5512
5518
5521
5522
5525
5533
5544
5546
5547
5551
5552
5554
5556
5559
5561
5562
5563
5564
5567
5569
5572
5575
5576
5580
5581
5583
5586
5591
5595
5597
5599
5608
5609
5610
5611
5612
5617
5618
5619
5620
5625
5626
5629
5630
5632
5633
5635
5640
5642
5645
5651
5652
5654
5655
5659
5669
5674
5675
5681
5682
5683
5684
5686
5689
5690
5691
5692
5693
5694
5697
5699
5706
5712
5714
5719
5720
5727
5728
5729
5732
5733
5735
5742
5743
5746
5748
5756
5761
5763
5764
5765
5766
5768
5769
5772
5775
5779
5781
5784
5789
5796
5798
5799
5802
5808
5809
5814
5819
5822
5829
5830
5843
5844
5846
5847
5848
5849
5851
5854
5855
5858
5865
5869
5874
5877
5880
5881
5882
5890
5891
5895
5896
5908
5909
5910
5912
5916
5919
5921
5922
5925
5930
5933
5937
5938
5956
5957
5958
5960
5961
5962
5964
5970
5971
5976
5978
5983
5984
5985
5990
5991
5999
6004
6010
6014
6018
6020
6022
6023
6024
6029
6033
6034
6040
6041
6043
6047
6048
6049
6050
6051
6054
6066
6067
6068
6069
6071
6072
6074
6086
6089
6090
6093
6099
6102
6103
6111
6116
6118
6123
6124
6125
6128
6129
6133
6138
6140
6141
6142
6145
6148
6150
6151
6157
6159
6166
6167
6181
6185
6187
6190
6194
6195
6198
6201
6202
6204
6210
6212
6215
6218
6224
6228
6230
6232
6234
6236
6237
6240
6241
6246
6249
6252
6257
6258
6259
6260
6261
6263
6264
6268
6273
6276
6277
6278
6280
6282
6283
6287
6288
6290
6298
6299
6303
6305
6313
6314
6315
6317
6318
6320
6321
6322
6328
6330
6333
6338
6339
6342
6343
6351
6356
6359
6360
6361
6365
6366
6370
6376
6378
6380
6382
6383
6386
6387
6389
6390
6392
6396
6399
6400
6401
6402
6406
6410
6412
6413
6416
6417
6424
6425
6427
6431
6440
6442
6445
6446
6449
6452
6454
6456
6459
6461
6464
6467
6468
6469
6473
6474
6477
6486
6487
6488
6493
6496
6505
6509
6511
6512
6515
6516
6517
6518
6520
6522
6525
6528
6529
6533
6538
6539
6540
6545
6546
6547
6548
6553
6555
6560
6561
6563
6565
6566
6568
6569
6571
6574
6575
6580
6582
6583
6587
6588
6593
6595
6596
6597
6600
6603
6604
6605
6607
6614
6619
6621
6622
6623
6624
6625
6626
6631
6633
6637
6638
6639
6646
6647
6648
6649
6656
6661
6663
6665
6668
6669
6672
6674
6676
6679
6681
6685
6686
6687
6689
6694
6699
6701
6703
6704
6706
6707
6708
6709
6715
6718
6722
6724
6727
6729
6730
6731
6735
6737
6738
6739
6741
6745
6746
6748
6749
6755
6757
6758
6763
6765
6768
6769
6774
6779
6780
6782
6784
6785
6786
6787
6790
6792
6793
6794
6797
6798
6811
6813
6816
6817
6819
6820
6827
6829
6831
6835
6836
6839
6841
6843
6845
6847
6848
6851
6854
6858
6860
6862
6863
6866
6871
6876
6878
6879
6880
6881
6882
6887
6889
6893
6895
6896
6898
6899
6902
6904
6909
6910
6912
6913
6916
6921
6924
6926
6929
6930
6931
6933
6936
6937
6938
6940
6942
6943
6945
6949
6950
6952
6954
6955
6958
6959
6961
6963
6964
6965
6967
6968
6973
6977
6978
6983
6987
6990
6993
7002
7004
7005
7006
7009
7012
7013
7014
7016
7018
7019
7022
7025
7033
7035
7036
7037
7042
7045
7049
7053
7059
7061
7064
7067
7073
7077
7078
7079
7086
7089
7093
7094
7096
7097
7098
7100
7106
7107
7113
7114
7119
7121
7122
7123
7129
7130
7131
7133
7138
7139
7140
7141
7144
7148
7149
7150
7158
7161
7163
7165
7166
7169
7170
7171
7174
7176
7177
7183
7184
7186
7190
7192
7194
7196
7198
7199
7205
7210
7211
7212
7215
7216
7217
7221
7222
7224
7225
7227
7230
7231
7237
7238
7239
7240
7242
7243
7251
7252
7257
7258
7259
7262
7264
7270
7274
7280
7281
7283
7284
7285
7286
7291
7294
7299
7300
7302
7303
7305
7306
7307
7308
7309
7315
7316
7317
7318
7327
7328
7330
7334
7336
7337
7340
7342
7343
7358
7359
7360
7369
7373
7374
7376
7377
7378
7379
7383
7384
7387
7394
7395
7396
7404
7405
7406
7407
7409
7410
7412
7414
7416
7417
7419
7420
7424
7426
7427
7429
7430
7432
7433
7434
7435
7437
7441
7442
7444
7449
7450
7451
7453
7456
7457
7460
7461
7465
7469
7470
7472
7476
7477
7479
7482
7483
7486
7489
7496
7497
7500
7501
7504
7510
7511
7512
7513
7517
7524
7527
7528
7529
7533
7537
7538
7540
7542
7545
7547
7548
7553
7554
7555
7557
7561
7562
7567
7569
7572
7573
7575
7578
7579
7580
7581
7582
7583
7584
7585
7587
7593
7594
7596
7605
7607
7609
7614
7619
7620
7621
7625
7631
7633
7634
7637
7639
7641
7644
7645
7648
7649
7650
7659
7660
7666
7667
7675
7680
7682
7687
7690
7692
7694
7698
7702
7703
7705
7712
7714
7717
7719
7722
7724
7728
7729
7731
7733
7736
7742
7744
7746
7757
7762
7766
7769
7770
7776
7782
7784
7787
7793
7796
7798
7800
7801
7802
7805
7806
7808
7809
7811
7812
7814
7815
7817
7818
7824
7825
7826
7829
7830
7831
7832
7833
7835
7836
7837
7842
7844
7845
7846
7849
7850
7852
7853
7854
7856
7861
7866
7869
7871
7873
7880
7882
7883
7884
7885
7889
7891
7892
7894
7902
7903
7906
7908
7910
7912
7919
7920
7921
7922
7925
7928
7930
7932
7933
7934
7935
7937
7938
7939
7941
7943
7948
7950
7951
7953
7954
7957
7959
7960
7964
7966
7967
7968
7973
7979
7980
7984
7985
7991
7992
7993
7994
7998
8001
8002
8008
8009
8010
8012
8013
8014
8015
8019
8020
8021
8022
8024
8026
8027
8029
8033
8036
8037
8039
8040
8041
8043
8047
8048
8056
8059
8062
8065
8069
8075
8076
8078
8082
8084
8086
8089
8093
8096
8098
8100
8101
8103
8109
8112
8113
8116
8117
8122
8126
8128
8129
8132
8133
8143
8147
8150
8152
8153
8154
8156
8158
8162
8163
8164
8165
8167
8170
8172
8174
8176
8178
8180
8183
8185
8186
8187
8190
8192
8195
8202
8212
8214
8216
8217
8218
8220
8224
8225
8227
8229
8230
8231
8235
8236
8237
8238
8242
8243
8246
8248
8249
8255
8264
8266
8267
8268
8270
8271
8273
8276
8277
8279
8281
8282
8284
8285
8288
8289
8291
8293
8296
8299
8302
8310
8313
8315
8318
8320
8325
8328
8330
8332
8333
8336
8337
8338
8340
8341
8343
8344
8351
8354
8356
8358
8359
8361
8362
8364
8365
8366
8368
8369
8370
8371
8372
8376
8379
8381
8383
8385
8386
8387
8389
8391
8393
8394
8399
8400
8402
8403
8405
8409
8412
8413
8414
8420
8423
8426
8430
8433
8435
8436
8438
8439
8440
8444
8446
8450
8451
8452
8453
8456
8458
8461
8464
8471
8472
8474
8480
8482
8485
8486
8488
8489
8492
8495
8500
8502
8504
8505
8516
8517
8518
8519
8521
8525
8526
8528
8532
8536
8537
8539
8540
8542
8547
8550
8555
8558
8559
8564
8569
8575
8578
8580
8581
8582
8583
8585
8586
8588
8589
8596
8599
8607
8608
8611
8617
8619
8622
8623
8624
8626
8627
8629
8630
8631
8634
8636
8637
8643
8647
8650
8652
8653
8657
8659
8662
8664
8665
8668
8670
8671
8678
8682
8683
8686
8693
8695
8696
8699
8702
8703
8710
8717
8718
8721
8722
8723
8725
8728
8731
8732
8733
8739
8742
8744
8747
8749
8750
8751
8756
8758
8761
8764
8765
8770
8771
8773
8775
8783
8786
8789
8790
8794
8798
8799
8800
8801
8803
8809
8810
8811
8812
8816
8819
8820
8821
8823
8824
8825
8826
8828
8832
8834
8837
8838
8839
8844
8845
8846
8848
8849
8851
8852
8853
8855
8858
8861
8867
8868
8870
8872
8873
8876
8877
8879
8880
8885
8886
8887
8888
8892
8893
8894
8896
8897
8898
8901
8904
8907
8910
8915
8917
8921
8922
8923
8924
8928
8929
8930
8936
8939
8940
8941
8945
8946
8947
8949
8951
8956
8958
8960
8961
8963
8964
8965
8966
8968
8969
8970
8971
8973
8975
8977
8978
8983
8984
8985
8987
8988
8990
8991
8992
8995
8999
9004
9007
9010
9014
9016
9018
9020
9022
9023
9025
9026
9027
9028
9031
9032
9033
9034
9036
9043
9046
9050
9052
9056
9060
9062
9066
9067
9069
9070
9072
9074
9078
9079
9081
9082
9084
9085
9086
9096
9097
9098
9101
9103
9104
9106
9107
9108
9110
9112
9114
9118
9120
9123
9125
9126
9129
9132
9135
9144
9146
9148
9149
9150
9152
9153
9160
9162
9164
9165
9168
9169
9171
9173
9174
9179
9180
9184
9185
9186
9187
9188
9189
9190
9191
9193
9194
9195
9199
9201
9202
9204
9207
9209
9210
9212
9214
9215
9219
9220
9221
9223
9228
9229
9231
9235
9236
9237
9241
9242
9243
9247
9249
9252
9260
9264
9266
9267
9272
9276
9278
9280
9281
9283
9286
9288
9291
9294
9295
9297
9300
9301
9302
9307
9309
9311
9312
9315
9321
9322
9325
9326
9327
9333
9335
9343
9349
9350
9351
9352
9354
9355
9356
9358
9367
9368
9369
9371
9372
9378
9381
9386
9389
9390
9394
9395
9396
9397
9398
9402
9405
9406
9407
9409
9413
9415
9417
9421
9423
9424
9425
9429
9431
9434
9435
9436
9438
9442
9445
9447
9448
9449
9456
9459
9462
9463
9466
9468
9472
9473
9474
9475
9476
9479
9481
9482
9483
9484
9487
9488
9492
9493
9498
9499
9500
9502
9503
9505
9512
9521
9522
9526
9527
9528
9529
9530
9531
9532
9533
9534
9538
9541
9543
9545
9546
9549
9550
9552
9553
9555
9556
9558
9559
9560
9561
9568
9569
9571
9572
9579
9582
9584
9585
9598
9599
9602
9607
9609
9611
9613
9614
9616
9618
9624
9629
9635
9638
9640
9642
9646
9647
9649
9650
9651
9652
9654
9655
9656
9658
9659
9661
9662
9664
9667
9668
9670
9672
9673
9676
9678
9680
9683
9685
9690
9694
9695
9696
9699
9700
9702
9704
9705
9706
9709
9715
9718
9723
9724
9727
9729
9731
9739
9747
9748
9750
9754
9755
9759
9767
9768
9770
9771
9772
9781
9782
9783
9789
9797
9799
9805
9806
9809
9810
9812
9814
9817
9819
9823
9825
9826
9827
9828
9830
9833
9837
9841
9842
9843
9844
9847
9852
9855
9857
9858
9860
9866
9867
9872
9875
9876
9880
9881
9886
9888
9889
9892
9894
9895
9896
9898
9905
9912
9913
9915
9917
9921
9922
9923
9930
9931
9935
9949
9950
9952
9960
9967
9969
9970
9971
9977
9978
9982
9986
9987
9990
9993
10001
10006
10014
10015
10018
10022
10024
10025
10026
10027
10032
10033
10038
10039
10044
10048
10050
10052
10055
10057
10059
10064
10071
10072
10073
10077
10078
10079
10080
10082
10084
10086
10087
10088
10089
10090
10091
10092
10095
10097
10098
10100
10102
10103
10106
10111
10114
10116
10122
10124
10135
10137
10138
10139
10146
10148
10152
10153
10154
10157
10159
10166
10171
10173
10176
10178
10180
10181
10182
10184
10189
10190
10191
10194
10195
10196
10198
10201
10202
10203
10206
10207
10208
10215
10221
10223
10224
10228
10230
10231
10232
10233
10234
10235
10242
10243
10245
10246
10247
10249
10250
10252
10255
10256
10258
10259
10261
10266
10270
10272
10276
10278
10281
10284
10286
10289
10293
10298
10299
10300
10302
10304
10305
10312
10313
10314
10315
10318
10319
10321
10325
10328
10329
10330
10332
10338
10339
10341
10346
10350
10352
10353
10355
10356
10358
10362
10365
10369
10370
10372
10374
10375
10382
10383
10388
10391
10394
10396
10405
10406
10410
10413
10421
10425
10426
10427
10428
10434
10438
10441
10443
10445
10448
10453
10454
10455
10460
10462
10463
10470
10474
10475
10478
10483
10486
10487
10488
10489
10494
10496
10503
10505
10509
10513
10516
10520
10523
10533
10534
10538
10541
10542
10544
10545
10553
10567
10569
10571
10573
10575
10580
10583
10585
10587
10593
10597
10610
10611
10612
10615
10618
10621
10624
10627
10628
10629
10630
10634
10638
10642
10645
10646
10650
10652
10653
10654
10657
10665
10666
10667
10671
10674
10675
10677
10680
10682
10683
10685
10686
10687
10692
10696
10701
10702
10704
10705
10711
10715
10716
10718
10719
10720
10721
10722
10723
10724
10731
10739
10740
10741
10746
10747
10748
10753
10759
10760
10766
10768
10770
10772
10775
10782
10788
10789
10792
10793
10795
10798
10800
10802
10813
10814
10815
10818
10828
10830
10835
10841
10845
10849
10850
10856
10857
10864
10865
10869
10872
10876
10877
10879
10885
10889
10897
10899
10904
10906
10913
10916
10919
10923
10927
10936
10939
10949
10951
10959
10962
10967
10971
10972
10980
10983
10985
10986
10987
10995
10997
10998
11002
11005
11006
11007
11012
11013
11021
11030
11032
11036
11039
11049
11052
11055
11063
11064
11066
11071
11075
11076
11078
11079
11086
11087
11088
11089
11095
11105
11107
11111
11112
11114
11119
11122
11127
11131
11134
11137
11138
11141
11142
11144
11145
11157
11166
11167
11168
11170
11171
11174
11175
11188
11189
11191
11197
11198
11200
11201
11203
11204
11205
11209
11210
11213
11220
11221
11225
11237
11238
11245
11246
11255
11260
11262
11263
11264
11265
11266
11268
11280
11281
11282
11288
11297
11301
11306
11313
11314
11315
11316
11317
11325
11332
11333
11338
11339
11340
11344
11346
11349
11351
11363
11367
11371
11375
11378
11381
11390
11404
11406
11409
11410
11418
11423
11427
11428
11433
11434
11436
11438
11448
11449
11456
11459
11465
11467
11471
11477
11483
11490
11492
11494
11498
11503
11504
11505
11507
11511
11514
11517
11519
11521
11532
11537
11540
11544
11551
11553
11555
11571
11572
11580
11587
11588
11590
11592
11599
11604
11605
11610
11622
11624
11626
11628
11636
11646
11656
11659
11666
11667
11668
11675
11677
11678
11682
11684
11697
11698
11699
11703
11720
11723
11729
11751
11761
11764
11767
11769
11770
11775
11777
11783
11786
11787
11790
11795
11803
11806
11817
11818
11819
11823
11827
11830
11839
11841
11847
11861
11864
11873
11884
11891
11901
11906
11907
11910
11913
11914
11918
11920
11921
11922
11925
11928
11931
11936
11937
11941
11942
11944
11945
11956
11959
11965
11967
11970
11976
11980
11982
11987
12004
12005
12011
12016
12018
12021
12025
12031
12034
12037
12040
12041
12048
12050
12051
12058
12060
12062
12063
12067
12070
12071
12072
12075
12076
12080
12086
12097
12098
12099
12100
12101
12102
12105
12106
12107
12109
12110
12112
12115
12120
12123
12127
12128
12130
12136
12140
12148
12152
12156
12163
12167
12173
12187
12188
12191
12192
12193
12195
12199
12206
12209
12210
12211
12217
12218
12222
12227
12236
12245
12252
12258
12260
12263
12265
12266
12267
12269
12272
12273
12277
12288
12293
12306
12309
12312
12313
12317
12324
12331
12333
12334
12336
12337
12343
12345
12354
12355
12358
12360
12373
12381
12384
12387
12390
12400
12403
12409
12410
12415
12426
12437
12440
12444
12445
12447
12448
12449
12450
12458
12471
12474
12476
12477
12478
12486
12489
12490
12502
12505
12508
12510
12524
12529
12530
12534
12539
12543
12545
12548
12550
12555
12559
12561
12564
12565
12567
12575
12576
12577
12596
12600
12601
12605
12613
12614
12628
12640
12650
12658
12659
12667
12668
12669
12674
12675
12679
12688
12691
12696
12703
12707
12711
12719
12723
12725
12728
12732
12738
12740
12748
12764
12771
12773
12775
12777
12780
12781
12788
12792
12794
12799
12802
12808
12809
12810
12814
12839
12841
12842
12849
12850
12851
12852
12858
12859
12864
12865
12868
12869
12877
12879
12882
12886
12891
12894
12895
12899
12902
12908
12922
12923
12933
12934
12936
12939
12946
12947
12967
12968
12970
12972
12973
12974
12978
12989
12992
12993
12996
13000
13003
13006
13012
13013
13016
13028
13029
13033
13040
13043
13044
13058
13067
13074
13075
13077
13084
13092
13094
13100
13105
13117
13120
13127
13136
13137
13144
13145
13152
13161
13164
13167
13171
13180
13182
13191
13196
13199
13201
13212
13218
13220
13231
13235
13236
13237
13245
13256
13260
13266
13268
13272
13274
13277
13278
13280
13281
13286
13292
13296
13306
13310
13314
13316
13319
13320
13323
13327
13334
13339
13342
13346
13347
13349
13351
13357
13364
13365
13368
13371
13376
13377
13378
13380
13381
13392
13393
13410
13418
13420
13426
13431
13435
13441
13442
13444
13457
13459
13464
13467
13470
13475
13479
13501
13503
13504
13510
13512
13522
13534
13536
13551
13554
13566
13588
13611
13612
13615
13624
13629
13633
13636
13637
13641
13647
13648
13659
13663
13664
13666
13670
13671
13672
13680
13683
13685
13686
13689
13701
13702
13706
13715
13725
13727
13729
13733
13741
13763
13767
13771
13784
13788
13798
13800
13806
13807
13808
13809
13814
13815
13827
13829
13837
13858
13874
13892
13906
13912
13918
13926
13937
13946
13948
13950
13952
13953
13958
13966
13971
13987
13989
13990
13995
13996
13999
14000
14002
14003
14007
14010
14032
14037
14049
14055
14066
14069
14076
14080
14082
14088
14099
14106
14110
14114
14129
14143
14153
14161
14169
14170
14179
14186
14189
14202
14205
14206
14215
14220
14238
14256
14259
14261
14262
14265
14268
14273
14275
14276
14285
14295
14300
14302
14310
14325
14351
14356
14365
14366
14386
14405
14406
14416
14423
14425
14426
14434
14442
14450
14451
14454
14455
14466
14483
14491
14503
14508
14511
14538
14558
14560
14586
14593
14602
14608
14611
14615
14623
14624
14631
14652
14684
14687
14695
14702
14717
14719
14737
14749
14762
14783
14784
14804
14807
14809
14856
14860
14866
14879
14883
14887
14901
14911
14915
14922
14928
14942
14974
15008
15009
15014
15020
15024
15029
15052
15069
15073
15083
15084
15099
15107
15115
15121
15123
15124
15155
15179
15199
15208
15219
15222
15223
15229
15240
15247
15262
15269
15275
15291
15292
15372
15393
15414
15420
15432
15444
15448
15488
15492
15494
15497
15531
15592
15659
15688
15695
15700
15702
15716
15730
15761
15771
15789
15796
15798
15825
15835
15853
15866
15868
15880
15882
15900
15907
15909
15914
15916
15917
15933
15956
15961
15974
15976
16024
16033
16082
16103
16110
16119
16122
16131
16138
16146
16155
16170
16181
16188
16207
16217
16228
16253
16267
16282
16292
16303
16307
16311
16320
16330
16332
16344
16358
16379
16380
16398
16409
16420
16434
16439
16453
16460
16464
16480
16481
16487
16490
16499
16527
16531
16565
16567
16569
16578
16580
16602
16607
16634
16636
16638
16645
16646
16652
16690
16692
16722
16729
16732
16741
16792
16827
16829
16838
16858
16870
16896
16900
16903
16907
16909
16910
16922
16956
16965
17013
17027
17036
17039
17086
17093
17115
17119
17128
17138
17179
17190
17203
17204
17209
17210
17235
17237
17252
17394
17407
17436
17448
17459
17467
17471
17478
17484
17507
17512
17539
17542
17586
17588
17608
17638
17651
17682
17685
17691
17701
17718
17737
17749
17755
17800
17822
17823
17826
17858
17861
17893
17924
17933
17938
17948
18008
18013
18025
18044
18126
18137
18154
18169
18170
18173
18175
18177
18183
18231
18234
18240
18243
18281
18284
18304
18379
18388
18394
18397
18408
18430
18450
18480
18509
18552
18558
18591
18635
18637
18643
18653
18719
18753
18756
18767
18790
18812
18821
18824
18825
18843
18863
18871
18910
18924
18930
18998
19010
19047
19048
19052
19060
19064
19068
19081
19101
19122
19150
19162
19165
19180
19205
19215
19248
19255
19270
19273
19303
19305
19308
19315
19331
19332
19347
19379
19413
19418
19431
19440
19445
19463
19464
19474
19522
19524
19537
19547
19548
19551
19569
19589
19594
19613
19616
19620
19634
19641
19661
19679
19682
19684
19692
19720
19729
19746
19751
19771
19802
19814
19822
19825
19833
19834
19867
19870
19883
19889
19892
19908
19917
19919
19930
19965
19981
19994
20010
20012
20025
20031
20038
20045
20053
20058
20061
20068
20071
20096
20103
20104
20138
20180
20204
20220
20227
20231
20238
20247
20264
20270
20296
20303
20306
20309
20317
20324
20330
20333
20353
20364
20378
20392
20439
20450
20473
20475
20488
20492
20497
20504
20511
20517
20518
20523
20526
20532
20543
20546
20552
20556
20563
20565
20566
20570
20575
20578
20583
20584
20600
20612
20613
20618
20639
20672
20679
20682
20688
20701
20717
20718
20732
20734
20737
20739
20746
20749
20751
20771
20775
20784
20800
20803
20804
20818
20846
20852
20864
20868
20879
20888
20899
20911
20914
20917
20923
20927
20937
20945
20948
20953
20958
20963
20997
20999
21007
21032
21036
21039
21057
21070
21071
21077
21078
21082
21086
21090
21126
21128
21132
21147
21153
21154
21168
21172
21176
21184
21190
21195
21211
21212
21215
21222
21228
21237
21247
21248
21255
21268
21282
21295
21300
21305
21312
21321
21322
21326
21331
21342
21350
21365
21376
21378
21387
21388
21406
21407
21418
21423
21442
21451
21453
21466
21469
21475
21478
21491
21498
21522
21526
21537
21547
21576
21579
21582
21598
21607
21608
21616
21617
21634
21662
21668
21674
21680
21682
21685
21694
21706
21708
21720
21724
21725
21726
21754
21779
21789
21802
21804
21812
21818
21825
21834
21839
21857
21862
21888
21889
21890
21893
21896
21902
21906
21908
21939
21949
21957
21970
21983
21988
21989
21993
22002
22004
22011
22013
22014
22015
22037
22042
22046
22057
22064
22068
22073
22077
22078
22085
22086
22106
22107
22115
22124
22126
22127
22142
22143
22163
22167
22168
22173
22177
22183
22186
22202
22203
22208
22211
22220
22229
22231
22240
22245
22260
22264
22267
22277
22278
22280
22283
22313
22315
22317
22323
22330
22335
22339
22341
22344
22365
22366
22369
22373
22378
22384
22388
22395
22399
22400
22402
22403
22408
22417
22419
22421
22422
22439
22449
22451
22453
22455
22457
22462
22469
22470
22471
22475
22477
22479
22489
22503
22505
22518
22519
22524
22553
22557
22558
22566
22567
22579
22583
22586
22588
22602
22604
22605
22615
22616
22619
22629
22637
22641
22650
22653
22657
22659
22660
22661
22662
22665
22666
22667
22668
22669
22672
22673
22676
22680
22681
22684
22687
22698
22709
22710
22720
22723
22733
22736
22739
22748
22750
22755
22757
22758
22760
22762
22778
22785
22789
22792
22796
22802
22803
22806
22809
22811
22813
22817
22841
22845
22846
22852
22853
22856
22857
22870
22873
22874
22890
22893
22905
22908
22916
22919
22922
22923
22925
22926
22928
22929
22939
22940
22945
22949
22956
22960
22971
22973
22978
22979
22990
22998
23000
23002
23012
23024
23027
23028
23030
23038
23042
23046
23047
23049
23053
23063
23065
23071
23075
23077
23079
23082
23084
23085
23088
23095
23098
23099
23100
23108
23116
23119
23128
23131
23134
23140
23151
23152
23158
23161
23176
23178
23180
23184
23186
23191
23197
23208
23212
23216
23219
23229
23230
23231
23232
23234
23245
23252
23261
23270
23277
23289
23291
23293
23295
23299
23303
23305
23311
23313
23318
23328
23332
23342
23351
23352
23358
23365
23370
23372
23373
23376
23379
23384
23390
23393
23395
23399
23416
23421
23425
23433
23438
23439
23443
23445
23451
23454
23456
23460
23464
23472
23475
23479
23482
23484
23486
23487
23491
23495
23497
23498
23507
23511
23513
23525
23540
23541
23552
23558
23559
23566
23572
23577
23579
23583
23585
23590
23591
23596
23599
23600
23602
23611
23614
23623
23627
23628
23631
23635
23639
23645
23652
23655
23660
23664
23668
23673
23676
23681
23682
23686
23689
23691
23697
23699
23700
23704
23710
23712
23718
23722
23726
23735
23757
23759
23772
23778
23779
23780
23786
23794
23796
23798
23811
23812
23816
23823
23835
23837
23848
23853
23856
23858
23859
23862
23864
23873
23876
23881
23882
23884
23890
23891
23898
23899
23904
23905
23909
23914
23923
23925
23926
23927
23940
23941
23942
23944
23945
23947
23948
23952
23959
23960
23962
23977
23978
23983
23988
23995
23996
23998
24005
24013
24015
24021
24027
24044
24045
24049
24054
24065
24082
24086
24100
24109
24114
24121
24125
24126
24132
24133
24135
24138
24144
24149
24153
24175
24179
24196
24208
24227
24243
24250
24259
24265
24276
24279
24280
24290
24293
24294
24298
24315
24316
24329
24330
24333
24342
24343
24355
24358
24360
24365
24374
24375
24380
24384
24399
24414
24417
24418
24423
24425
24433
24435
24458
24460
24461
24467
24469
24471
24474
24487
24493
24499
24500
24502
24510
24512
24522
24525
24528
24529
24551
24552
24555
24570
24580
24584
24585
24592
24597
24600
24602
24605
24606
24614
24618
24620
24621
24629
24633
24648
24652
24673
24674
24685
24690
24692
24699
24700
24701
24704
24705
24708
24715
24716
24719
24725
24728
24731
24741
24749
24752
24754
24759
24765
24769
24778
24782
24787
24791
24794
24800
24801
24807
24810
24812
24819
24822
24824
24829
24834
24839
24853
24855
24861
24872
24875
24887
24888
24906
24910
24915
24916
24922
24925
24927
24928
24931
24932
24933
24934
24944
24950
24953
24955
24959
24964
24977
24999
25003
25004
25011
25012
25014
25021
25024
25027
25033
25038
25049
25054
25055
25057
25058
25059
25062
25071
25074
25079
25087
25090
25100
25103
25104
25105
25107
25114
25115
25120
25125
25131
25141
25149
25150
25153
25154
25168
25173
25180
25181
25182
25199
25206
25208
25211
25212
25214
25215
25217
25251
25258
25260
25262
25267
25268
25269
25274
25275
25277
25279
25280
25285
25306
25312
25317
25328
25329
25336
25339
25340
25341
25342
25349
25350
25352
25356
25363
25366
25367
25369
25376
25384
25385
25397
25402
25404
25405
25408
25419
25424
25440
25446
25448
25452
25453
25460
25465
25473
25474
25475
25476
25477
25478
25481
25482
25483
25485
25490
25493
25494
25502
25503
25523
25524
25529
25537
25541
25546
25554
25557
25558
25568
25569
25574
25579
25581
25584
25586
25588
25601
25602
25610
25611
25612
25621
25622
25624
25625
25626
25637
25639
25645
25646
25647
25648
25652
25653
25654
25656
25658
25659
25666
25668
25670
25671
25673
25681
25684
25690
25691
25692
25695
25697
25707
25709
25710
25713
25714
25717
25720
25722
25723
25726
25729
25730
25731
25734
25745
25748
25749
25752
25753
25761
25767
25771
25773
25776
25784
25785
25790
25792
25793
25794
25795
25802
25804
25805
25816
25820
25824
25828
25831
25833
25839
25844
25846
25847
25851
25855
25862
25864
25875
25882
25892
25893
25894
25898
25900
25901
25907
25908
25910
25913
25915
25918
25926
25927
25935
25938
25940
25944
25945
25948
25952
25954
25955
25957
25958
25961
25967
25969
25971
25974
25977
25982
25983
25985
25986
25989
25990
25998
26005
26009
26015
26020
26022
26026
26028
26029
26032
26036
26037
26039
26048
26052
26053
26054
26058
26065
26068
26070
26075
26081
26088
26090
26091
26106
26108
26112
26115
26120
26122
26126
26127
26129
26131
26141
26145
26153
26161
26163
26173
26180
26181
26182
26185
26189
26190
26191
26192
26194
26197
26199
26200
26203
26204
26207
26210
26215
26219
26222
26227
26229
26231
26233
26239
26242
26243
26246
26248
26249
26251
26259
26264
26271
26272
26274
26277
26278
26285
26286
26289
26300
26304
26307
26308
26311
26314
26320
26321
26323
26327
26328
26345
26348
26350
26355
26357
26360
26361
26363
26364
26370
26371
26380
26381
26383
26384
26391
26394
26400
26403
26404
26406
26409
26413
26422
26423
26433
26438
26441
26443
26445
26448
26455
26465
26466
26475
26478
26480
26482
26493
26495
26499
26500
26501
26504
26507
26508
26509
26511
26530
26532
26533
26538
26539
26547
26548
26550
26551
26561
26567
26569
26571
26574
26577
26578
26582
26583
26584
26587
26589
26596
26598
26607
26608
26612
26615
26618
26621
26623
26629
26631
26633
26640
26643
26646
26647
26648
26651
26653
26655
26656
26658
26659
26664
26672
26676
26677
26679
26692
26695
26699
26700
26707
26714
26717
26725
26727
26728
26729
26738
26743
26747
26748
26750
26752
26754
26755
26757
26758
26759
26763
26764
26765
26768
26772
26775
26777
26781
26784
26785
26787
26789
26790
26793
26794
26796
26802
26808
26815
26818
26827
26830
26833
26839
26843
26846
26847
26848
26850
26851
26855
26856
26863
26864
26872
26876
26881
26882
26885
26890
26893
26896
26904
26905
26911
26915
26917
26920
26923
26925
26927
26930
26933
26934
26937
26938
26942
26946
26949
26951
26953
26960
26963
26967
26973
26984
26990
26994
26995
26998
27006
27007
27008
27012
27014
27018
27019
27022
27023
27025
27027
27028
27029
27047
27051
27054
27055
27058
27062
27065
27067
27068
27071
27072
27073
27074
27076
27079
27083
27085
27086
27094
27095
27096
27098
27101
27104
27105
27109
27113
27114
27116
27123
27124
27125
27131
27135
27138
27142
27144
27147
27151
27152
27155
27157
27161
27162
27163
27165
27172
27173
27174
27177
27178
27180
27181
27182
27183
27187
27189
27196
27199
27201
27204
27206
27208
27209
27221
27223
27229
27230
27231
27232
27234
27240
27244
27245
27248
27252
27254
27256
27258
27261
27264
27265
27269
27273
27276
27277
27281
27285
27286
27288
27290
27295
27304
27306
27307
27311
27312
27313
27314
27315
27324
27325
27331
27333
27335
27340
27341
27345
27346
27349
27350
27358
27363
27370
27375
27378
27388
27391
27405
27406
27408
27409
27410
27411
27412
27414
27419
27420
27421
27424
27425
27426
27427
27428
27430
27435
27440
27443
27449
27451
27453
27454
27457
27458
27459
27462
27465
27467
27470
27476
27480
27483
27485
27486
27490
27491
27495
27497
27500
27501
27504
27508
27511
27513
27514
27519
27520
27521
27524
27525
27531
27532
27536
27537
27540
27541
27545
27547
27548
27549
27551
27556
27559
27560
27562
27565
27570
27573
27574
27581
27583
27586
27587
27589
27590
27591
27592
27599
27601
27602
27605
27606
27607
27610
27612
27614
27615
27616
27618
27624
27625
27627
27631
27632
27635
27642
27644
27645
27646
27647
27648
27651
27658
27663
27664
27665
27666
27668
27669
27671
27672
27675
27676
27678
27680
27682
27683
27685
27687
27689
27690
27694
27699
27701
27708
27709
27714
27715
27717
27719
27721
27726
27730
27733
27735
27736
27740
27744
27745
27748
27749
27750
27753
27754
27755
27756
27758
27760
27762
27769
27779
27782
27785
27786
27791
27794
27795
27799
27803
27805
27809
27810
27816
27817
27818
27819
27820
27822
27824
27827
27831
27833
27837
27841
27842
27848
27850
27851
27857
27859
27860
27863
27864
27868
27873
27874
27881
27882
27886
27889
27890
27897
27898
27899
27903
27905
27913
27914
27916
27926
27927
27930
27931
27934
27938
27939
27941
27947
27948
27952
27954
27971
27973
27988
27989
27990
27991
27995
27996
27997
28002
28003
28007
28010
28011
28013
28016
28020
28021
28025
28026
28028
28030
28031
28033
28040
28041
28043
28049
28052
28055
28057
28060
28061
28062
28069
28070
28071
28072
28074
28075
28079
28080
28081
28083
28087
28090
28095
28098
28104
28110
28116
28117
28122
28128
28129
28133
28134
28135
28136
28137
28140
28142
28143
28150
28151
28153
28154
28156
28157
28160
28161
28164
28169
28172
28173
28177
28183
28189
28193
28195
28197
28200
28202
28203
28205
28207
28208
28212
28213
28218
28219
28220
28223
28224
28225
28227
28230
28236
28238
28246
28247
28253
28254
28256
28260
28261
28263
28267
28268
28271
28276
28278
28283
28284
28289
28299
28300
28309
28311
28312
28314
28317
28321
28323
28325
28330
28332
28334
28335
28341
28344
28345
28347
28350
28352
28358
28361
28362
28365
28369
28370
28372
28373
28385
28391
28395
28396
28397
28402
28404
28405
28412
28417
28422
28432
28433
28437
28444
28447
28449
28451
28454
28459
28461
28464
28474
28477
28479
28488
28494
28502
28503
28508
28509
28512
28513
28515
28517
28518
28519
28523
28525
28526
28535
28544
28548
28549
28552
28553
28556
28557
28558
28562
28563
28565
28566
28568
28570
28572
28575
28576
28577
28579
28581
28582
28585
28588
28589
28591
28594
28610
28615
28616
28623
28630
28633
28636
28638
28641
28644
28648
28649
28651
28654
28655
28656
28665
28667
28672
28674
28680
28682
28685
28697
28700
28708
28711
28712
28713
28718
28719
28722
28729
28731
28735
28737
28740
28742
28744
28748
28750
28751
28764
28765
28766
28767
28769
28772
28779
28781
28783
28787
28788
28789
28791
28794
28795
28806
28808
28811
28812
28814
28820
28828
28830
28831
28832
28833
28837
28841
28844
28847
28850
28852
28858
28859
28860
28864
28869
28870
28874
28879
28880
28891
28893
28894
28902
28906
28908
28909
28914
28916
28917
28923
28926
28927
28928
28929
28934
28935
28946
28949
28950
28955
28962
28965
28972
28974
28975
28976
28978
28979
28980
28981
28988
28999
29000
29004
29010
29013
29019
29023
29025
29028
29030
29033
29034
29041
29042
29045
29046
29047
29048
29050
29052
29061
29064
29075
29076
29077
29078
29081
29082
29092
29093
29094
29101
29103
29104
29107
29114
29119
29122
29128
29130
29131
29132
29137
29140
29155
29161
29162
29163
29168
29170
29171
29172
29175
29176
29177
29180
29181
29183
29190
29194
29196
29197
29200
29201
29210
29212
29215
29223
29226
29227
29229
29232
29236
29240
29244
29248
29250
29254
29255
29259
29261
29264
29272
29274
29276
29284
29288
29295
29301
29302
29303
29306
29312
29320
29321
29323
29328
29337
29340
29355
29363
29364
29368
29372
29373
29378
29379
29383
29394
29396
29398
29401
29402
29404
29405
29406
29408
29410
29417
29419
29421
29424
29425
29428
29431
29433
29436
29443
29444
29446
29448
29450
29451
29455
29462
29463
29465
29467
29472
29473
29476
29484
29487
29489
29490
29493
29495
29497
29502
29504
29508
29509
29510
29514
29517
29518
29523
29533
29534
29539
29548
29556
29558
29559
29561
29562
29567
29570
29571
29578
29587
29589
29591
29596
29598
29602
29609
29610
29612
29614
29616
29617
29620
29621
29623
29625
29626
29627
29635
29637
29639
29647
29652
29653
29655
29660
29662
29663
29666
29668
29673
29676
29681
29682
29683
29690
29691
29693
29697
29698
29702
29709
29712
29713
29716
29717
29719
29723
29731
29732
29736
29738
29739
29741
29743
29750
29762
29763
29767
29779
29782
29783
29786
29788
29791
29793
29795
29797
29798
29802
29803
29804
29806
29811
29813
29816
29818
29819
29821
29825
29831
29835
29836
29838
29841
29844
29845
29850
29852
29853
29859
29862
29863
29865
29866
29869
29872
29878
29887
29893
29896
29899
29902
29903
29904
29905
29908
29909
29914
29915
29916
29932
29938
29941
29943
29944
29945
29946
29952
29959
29963
29966
29975
29976
29980
29983
29984
29985
29987
29992
29999
30002
30003
30007
30012
30015
30016
30019
30021
30027
30037
30038
30039
30042
30044
30045
30047
30049
30050
30056
30057
30062
30063
30064
30067
30068
30070
30078
30079
30081
30084
30095
30097
30098
30100
30103
30105
30111
30113
30117
30118
30120
30122
30123
30124
30125
30126
30129
30130
30131
30133
30135
30144
30145
30152
30154
30155
30156
30157
30158
30160
30164
30166
30169
30170
30174
30176
30177
30182
30184
30187
30188
30189
30192
30193
30196
30197
30199
30204
30206
30209
30213
30216
30217
30218
30221
30224
30234
30249
30252
30253
30254
30265
30271
30273
30275
30276
30278
30279
30280
30281
30287
30288
30291
30293
30295
30297
30298
30300
30302
30303
30304
30306
30308
30309
30312
30316
30318
30321
30322
30324
30325
30327
30329
30330
30333
30335
30339
30348
30354
30357
30358
30361
30364
30369
30371
30373
30375
30377
30379
30380
30381
30383
30384
30385
30386
30387
30390
30392
30395
30396
30399
30404
30406
30407
30415
30419
30420
30422
30429
30430
30434
30438
30441
30442
30443
30444
30446
30450
30453
30462
30463
30464
30467
30471
30474
30476
30479
30480
30482
30486
30492
30495
30500
30504
30507
30524
30525
30529
30531
30537
30541
30542
30548
30553
30554
30558
30562
30564
30567
30568
30573
30575
30582
30584
30592
30593
30606
30607
30610
30611
30614
30619
30623
30625
30626
30628
30630
30632
30638
30640
30645
30648
30652
30654
30658
30662
30667
30669
30671
30673
30674
30675
30677
30678
30693
30700
30702
30705
30709
30710
30711
30714
30717
30720
30721
30723
30729
30730
30735
30737
30738
30741
30744
30745
30746
30750
30764
30765
30769
30771
30775
30776
30778
30781
30783
30786
30789
30792
30793
30794
30795
30796
30798
30799
30800
30803
30806
30807
30813
30815
30816
30819
30822
30831
30834
30836
30838
30843
30844
30852
30854
30855
30860
30862
30867
30868
30872
30873
30877
30878
30879
30881
30882
30884
30887
30888
30891
30898
30899
30900
30903
30905
30913
30914
30924
30930
30931
30932
30933
30935
30942
30946
30948
30949
30954
30959
30963
30967
30972
30973
30975
30977
30978
30979
30984
30985
30988
30993
30994
30997
30998
31001
31002
31003
31005
31006
31007
31008
31010
31011
31014
31017
31020
31032
31034
31038
31041
31048
31049
31052
31055
31060
31065
31066
31067
31068
31071
31077
31079
31084
31086
31094
31095
31097
31100
31104
31107
31110
31120
31126
31127
31129
31132
31146
31147
31151
31152
31154
31162
31168
31174
31175
31176
31178
31182
31183
31184
31187
31193
31200
31201
31202
31204
31208
31209
31220
31226
31227
31228
31229
31230
31236
31241
31245
31249
31250
31253
31254
31255
31257
31260
31263
31266
31274
31277
31280
31283
31284
31290
31292
31296
31301
31302
31307
31310
31313
31314
31317
31320
31321
31322
31326
31328
31329
31331
31332
31337
31338
31340
31342
31347
31350
31351
31353
31357
31358
31360
31361
31362
31364
31366
31368
31371
31372
31379
31380
31382
31385
31389
31390
31392
31397
31399
31402
31408
31423
31425
31434
31436
31437
31438
31439
31449
31450
31454
31456
31459
31460
31464
31466
31469
31471
31480
31484
31489
31492
31496
31497
31499
31503
31505
31506
31510
31511
31518
31526
31533
31534
31542
31545
31555
31559
31563
31566
31567
31573
31574
31575
31576
31583
31584
31585
31586
31588
31590
31591
31597
31601
31605
31610
31612
31617
31622
31624
31628
31630
31631
31632
31634
31639
31642
31644
31647
31648
31653
31662
31666
31667
31670
31671
31673
31679
31681
31683
31685
31693
31695
31698
31702
31706
31707
31712
31716
31718
31723
31724
31725
31737
31739
31740
31742
31743
31745
31752
31754
31755
31757
31759
31760
31765
31766
31768
31777
31778
31786
31787
31788
31793
31794
31802
31803
31808
31815
31817
31819
31822
31826
31830
31832
31833
31836
31838
31842
31845
31846
31847
31851
31852
31853
31861
31866
31868
31872
31877
31880
31884
31889
31896
31897
31902
31905
31912
31916
31917
31921
31925
31950
31951
31952
31956
31957
31959
31964
31969
31972
31975
31982
31985
31991
31995
31997
32000
32001
32006
32010
32012
32013
32014
32018
32024
32028
32036
32037
32041
32042
32051
32055
32056
32061
32063
32064
32070
32071
32074
32082
32083
32084
32090
32091
32097
32101
32103
32104
32110
32112
32122
32127
32131
32134
32135
32136
32138
32145
32148
32151
32153
32154
32155
32159
32161
32163
32166
32167
32169
32173
32177
32181
32185
32186
32189
32196
32200
32201
32204
32206
32207
32209
32213
32216
32224
32225
32231
32232
32242
32248
32271
32275
32276
32277
32282
32283
32289
32291
32297
32299
32303
32306
32309
32310
32315
32317
32318
32319
32323
32329
32330
32331
32336
32339
32344
32346
32347
32350
32353
32354
32356
32357
32358
32359
32361
32373
32375
32378
32385
32390
32406
32407
32412
32417
32418
32427
32430
32432
32434
32438
32442
32449
32455
32457
32461
32465
32468
32469
32471
32475
32478
32479
32480
32481
32482
32483
32486
32497
32502
32508
32509
32512
32514
32515
32516
32525
32533
32535
32538
32548
32550
32554
32555
32561
32563
32570
32571
32572
32575
32578
32585
32586
32587
32589
32592
32594
32601
32612
32616
32619
32628
32632
32633
32639
32646
32649
32650
32656
32661
32663
32667
32672
32673
32676
32685
32690
32694
32699
32708
32711
32720
32731
32735
32739
32742
32744
32746
32748
32750
32755
32756
32758
32763
32777
32781
32788
32790
32795
32805
32806
32807
32809
32812
32815
32816
32818
32820
32823
32824
32834
32836
32837
32838
32839
32845
32853
32854
32859
32868
32870
32871
32872
32876
32878
32882
32883
32885
32890
32892
32894
32896
32898
32906
32908
32909
32913
32917
32918
32927
32932
32935
32938
32948
32949
32952
32955
32959
32960
32966
32968
32969
32974
32976
32977
32980
32981
32982
32988
32990
32991
32993
32996
32998
33017
33021
33028
33030
33031
33033
33035
33037
33039
33043
33049
33056
33058
33062
33064
33066
33070
33076
33080
33088
33090
33092
33094
33096
33098
33100
33102
33103
33106
33108
33109
33112
33114
33117
33119
33120
33122
33123
33133
33141
33147
33148
33149
33158
33160
33165
33166
33172
33175
33177
33186
33190
33204
33205
33209
33211
33221
33223
33226
33229
33232
33239
33244
33251
33256
33258
33259
33260
33262
33265
33269
33274
33279
33287
33298
33301
33302
33303
33304
33306
33315
33319
33320
33323
33325
33328
33332
33339
33342
33343
33347
33350
33356
33357
33362
33363
33367
33372
33380
33388
33391
33392
33394
33404
33411
33412
33418
33419
33420
33421
33425
33430
33432
33438
33439
33442
33445
33452
33453
33460
33461
33465
33471
33473
33478
33479
33491
33493
33497
33503
33504
33507
33512
33513
33520
33534
33537
33538
33539
33545
33546
33550
33553
33554
33555
33556
33557
33561
33562
33568
33569
33570
33572
33577
33579
33582
33584
33588
33589
33591
33594
33596
33603
33605
33609
33610
33614
33615
33617
33618
33621
33626
33632
33636
33637
33643
33644
33647
33658
33661
33662
33664
33666
33674
33675
33676
33679
33681
33690
33695
33698
33703
33704
33716
33717
33722
33726
33728
33733
33736
33742
33744
33750
33753
33757
33758
33760
33763
33764
33765
33769
33772
33774
33776
33778
33788
33794
33799
33800
33809
33810
33811
33814
33816
33817
33824
33828
33843
33845
33848
33850
33853
33855
33856
33860
33866
33870
33876
33877
33878
33884
33886
33887
33893
33894
33897
33906
33909
33922
33925
33927
33929
33938
33946
33953
33960
33970
33971
33975
33977
33982
33993
33995
33999
34003
34016
34018
34019
34020
34022
34028
34037
34038
34044
34046
34049
34050
34056
34059
34060
34061
34069
34070
34072
34076
34078
34079
34086
34089
34094
34095
34106
34110
34111
34112
34115
34118
34120
34122
34127
34128
34131
34137
34143
34146
34147
34151
34154
34155
34157
34160
34161
34164
34165
34167
34169
34178
34179
34181
34182
34184
34195
34198
34204
34207
34208
34215
34227
34229
34232
34234
34243
34244
34251
34255
34256
34262
34273
34275
34276
34285
34296
34298
34300
34301
34303
34305
34313
34318
34324
34326
34327
34329
34333
34335
34337
34338
34340
34343
34346
34347
34352
34355
34359
34360
34361
34364
34365
34366
34372
34375
34376
34386
34388
34402
34403
34405
34408
34413
34416
34420
34421
34424
34425
34426
34431
34438
34441
34443
34447
34450
34451
34453
34458
34461
34466
34469
34471
34474
34480
34481
34483
34489
34492
34494
34497
34499
34500
34503
34506
34511
34513
34521
34522
34528
34529
34531
34532
34535
34538
34539
34540
34541
34544
34547
34552
34558
34559
34561
34567
34570
34571
34598
34599
34601
34606
34611
34615
34617
34619
34627
34628
34634
34641
34642
34644
34646
34651
34653
34655
34659
34663
34664
34666
34674
34675
34676
34677
34693
34699
34707
34716
34717
34718
34719
34721
34728
34733
34741
34748
34752
34755
34756
34769
34771
34773
34774
34776
34778
34780
34781
34785
34788
34790
34792
34794
34797
34798
34799
34801
34802
34813
34816
34818
34819
34822
34829
34834
34836
34837
34839
34853
34858
34863
34864
34866
34869
34870
34874
34877
34878
34880
34886
34888
34889
34890
34900
34901
34902
34905
34906
34910
34913
34918
34920
34922
34924
34930
34938
34940
34943
34947
34949
34951
34955
34956
34957
34962
34966
34968
34970
34974
34975
34976
34982
34983
34989
34993
34994
34996
34999
35004
35005
35007
35015
35017
35022
35026
35041
35042
35045
35047
35055
35056
35060
35066
35067
35068
35069
35070
35072
35082
35083
35087
35096
35097
35100
35102
35104
35106
35109
35118
35119
35122
35126
35127
35128
35129
35131
35139
35142
35159
35163
35164
35166
35168
35170
35175
35179
35180
35181
35182
35186
35193
35194
35197
35202
35208
35210
35215
35220
35221
35224
35231
35235
35240
35241
35244
35247
35250
35254
35256
35257
35258
35263
35265
35266
35267
35268
35270
35271
35286
35287
35288
35292
35293
35294
35295
35297
35299
35303
35309
35310
35320
35323
35324
35325
35326
35327
35329
35334
35335
35340
35343
35347
35352
35353
35360
35363
35371
35372
35373
35377
35379
35380
35384
35389
35397
35398
35399
35405
35408
35416
35417
35420
35421
35423
35427
35428
35429
35433
35438
35444
35448
35449
35450
35453
35461
35463
35464
35465
35468
35470
35475
35476
35477
35478
35480
35481
35482
35483
35484
35490
35492
35493
35494
35495
35497
35499
35502
35506
35513
35515
35521
35524
35525
35528
35529
35530
35533
35535
35537
35539
35551
35553
35556
35558
35561
35565
35566
35571
35572
35575
35576
35579
35580
35585
35588
35589
35590
35593
35596
35600
35602
35607
35614
35617
35619
35622
35623
35635
35636
35638
35643
35645
35648
35659
35662
35666
35667
35670
35675
35677
35678
35683
35688
35689
35692
35693
35696
35701
35707
35710
35714
35715
35716
35718
35719
35728
35733
35735
35737
35738
35740
35742
35746
35748
35751
35752
35756
35758
35762
35764
35768
35773
35774
35776
35777
35782
35785
35789
35790
35791
35804
35810
35814
35818
35822
35830
35835
35843
35844
35848
35851
35855
35856
35860
35862
35867
35870
35872
35880
35882
35885
35891
35892
35894
35895
35897
35900
35902
35903
35904
35905
35909
35913
35921
35928
35932
35933
35941
35942
35943
35945
35947
35949
35958
35960
35967
35970
35972
35982
35984
35987
35988
35989
35991
35996
35997
36003
36005
36008
36020
36023
36027
36029
36037
36039
36045
36047
36049
36054
36055
36059
36062
36065
36072
36075
36079
36080
36084
36088
36090
36091
36096
36099
36103
36104
36106
36114
36116
36119
36120
36123
36128
36129
36131
36134
36143
36144
36147
36148
36151
36154
36156
36158
36160
36171
36172
36174
36175
36179
36182
36187
36189
36190
36199
36200
36209
36210
36212
36215
36219
36220
36221
36226
36227
36238
36243
36251
36254
36261
36265
36266
36269
36271
36276
36279
36282
36289
36290
36297
36302
36303
36310
36314
36318
36321
36324
36328
36331
36333
36335
36339
36344
36345
36347
36349
36354
36355
36356
36363
36364
36365
36367
36373
36380
36385
36386
36393
36394
36397
36398
36402
36404
36408
36413
36414
36418
36421
36422
36427
36429
36435
36437
36447
36450
36456
36457
36461
36463
36464
36465
36466
36467
36468
36470
36471
36472
36478
36482
36484
36485
36490
36501
36502
36504
36505
36507
36509
36513
36519
36520
36521
36522
36525
36532
36536
36537
36540
36542
36545
36547
36548
36549
36551
36552
36562
36566
36567
36568
36572
36573
36574
36579
36584
36588
36589
36590
36593
36597
36605
36608
36609
36610
36611
36612
36613
36621
36622
36627
36630
36633
36642
36647
36657
36662
36668
36672
36676
36677
36686
36689
36690
36693
36694
36702
36706
36709
36712
36715
36726
36730
36731
36732
36736
36738
36743
36744
36745
36746
36754
36757
36762
36764
36771
36773
36776
36779
36780
36782
36785
36786
36788
36791
36803
36809
36819
36820
36824
36831
36835
36840
36842
36846
36852
36854
36860
36863
36868
36870
36877
36879
36882
36886
36890
36892
36894
36895
36909
36913
36915
36925
36929
36931
36936
36937
36939
36942
36943
36944
36945
36948
36949
36950
36958
36966
36968
36973
36975
36977
36979
36981
36982
36989
36992
36993
36998
36999
37001
37004
37013
37020
37021
37023
37025
37029
37033
37037
37042
37048
37049
37055
37058
37061
37076
37077
37078
37082
37083
37084
37085
37093
37098
37105
37111
37117
37123
37126
37129
37134
37135
37137
37138
37141
37142
37158
37161
37167
37169
37171
37174
37178
37182
37184
37195
37197
37198
37200
37205
37207
37208
37213
37217
37223
37224
37225
37226
37228
37230
37233
37237
37238
37242
37247
37250
37256
37258
37259
37262
37267
37268
37270
37273
37277
37281
37283
37285
37286
37297
37306
37309
37311
37313
37317
37320
37322
37325
37326
37328
37335
37340
37341
37346
37350
37358
37366
37369
37370
37371
37372
37374
37375
37376
37380
37383
37389
37390
37397
37401
37404
37411
37417
37428
37434
37435
37437
37441
37444
37446
37447
37448
37450
37456
37457
37458
37462
37463
37466
37471
37473
37474
37480
37484
37485
37489
37491
37492
37494
37497
37499
37500
37509
37511
37515
37517
37519
37521
37525
37531
37535
37537
37540
37543
37544
37545
37547
37548
37552
37553
37560
37566
37568
37572
37575
37576
37580
37582
37583
37589
37595
37597
37601
37602
37608
37613
37615
37622
37623
37625
37629
37635
37641
37642
37646
37648
37651
37659
37660
37661
37662
37665
37667
37670
37671
37674
37676
37677
37678
37684
37686
37692
37699
37708
37715
37720
37722
37727
37728
37731
37734
37737
37741
37751
37752
37754
37755
37758
37762
37773
37783
37784
37790
37794
37795
37798
37799
37808
37810
37816
37819
37828
37832
37833
37835
37840
37842
37843
37844
37847
37848
37849
37862
37863
37864
37868
37870
37872
37876
37877
37879
37881
37883
37888
37889
37894
37898
37906
37910
37917
37924
37925
37928
37932
37936
37938
37943
37944
37945
37950
37951
37953
37955
37956
37957
37962
37964
37967
37968
37969
37973
37975
37978
37981
37987
37989
37990
37991
38000
38003
38010
38013
38019
38020
38021
38022
38026
38029
38032
38033
38035
38044
38052
38055
38058
38065
38067
38068
38071
38073
38075
38078
38079
38082
38087
38089
38094
38101
38105
38107
38109
38114
38119
38122
38123
38124
38132
38139
38140
38142
38143
38148
38152
38154
38158
38160
38163
38169
38170
38180
38184
38185
38189
38190
38191
38196
38197
38198
38205
38211
38216
38231
38243
38246
38248
38250
38252
38260
38261
38269
38273
38277
38279
38281
38287
38292
38298
38299
38300
38304
38306
38311
38323
38339
38341
38346
38351
38354
38358
38361
38362
38363
38371
38372
38374
38375
38378
38386
38390
38400
38403
38405
38406
38408
38409
38411
38414
38416
38420
38426
38427
38450
38460
38466
38468
38474
38482
38489
38493
38503
38512
38514
38515
38520
38525
38531
38532
38544
38548
38555
38556
38558
38560
38569
38574
38575
38576
38579
38582
38584
38586
38588
38594
38600
38604
38608
38609
38610
38616
38618
38622
38630
38634
38636
38638
38639
38643
38651
38652
38654
38659
38661
38663
38665
38678
38681
38683
38688
38696
38697
38704
38707
38713
38717
38718
38723
38732
38735
38746
38748
38749
38751
38761
38764
38766
38776
38779
38787
38792
38809
38815
38816
38823
38828
38831
38837
38849
38851
38853
38857
38860
38862
38863
38866
38867
38872
38873
38875
38880
38891
38895
38904
38907
38911
38916
38922
38923
38926
38931
38932
38933
38934
38935
38939
38948
38952
38955
38959
38962
38972
38974
38976
38979
38981
38983
38988
38992
38995
38998
39000
39001
39005
39007
39008
39010
39014
39020
39022
39025
39026
39027
39030
39037
39038
39041
39045
39048
39052
39058
39060
39061
39062
39067
39069
39072
39074
39076
39078
39081
39083
39092
39094
39095
39097
39101
39102
39104
39108
39110
39118
39127
39129
39134
39139
39140
39141
39144
39148
39150
39155
39157
39158
39178
39180
39182
39185
39186
39187
39194
39199
39200
39202
39203
39204
39207
39208
39212
39213
39215
39221
39222
39224
39227
39228
39230
39232
39233
39234
39235
39240
39243
39244
39245
39248
39250
39257
39268
39278
39280
39282
39286
39288
39294
39298
39299
39303
39306
39308
39312
39316
39322
39324
39327
39328
39331
39335
39339
39340
39341
39348
39350
39353
39356
39362
39366
39371
39373
39376
39378
39381
39396
39397
39403
39408
39419
39421
39425
39430
39432
39433
39437
39442
39443
39448
39452
39458
39460
39465
39466
39467
39468
39471
39475
39476
39479
39488
39490
39493
39496
39497
39499
39503
39505
39506
39511
39512
39522
39523
39528
39529
39532
39550
39552
39556
39559
39562
39563
39568
39570
39571
39572
39578
39580
39583
39584
39587
39588
39589
39590
39591
39592
39595
39596
39598
39603
39607
39612
39613
39618
39620
39622
39626
39630
39632
39638
39641
39643
39647
39661
39662
39665
39666
39668
39669
)


// ************************************************************************* //
