/*--------------------------------*- C++ -*----------------------------------*\
| =========                 |                                                 |
| \\      /  F ield         | OpenFOAM: The Open Source CFD Toolbox           |
|  \\    /   O peration     | Version:  v2012                                 |
|   \\  /    A nd           | Website:  www.openfoam.com                      |
|    \\/     M anipulation  |                                                 |
\*---------------------------------------------------------------------------*/
FoamFile
{
    version     2.0;
    format      ascii;
    class       volScalarField::Internal;
    location    "600";
    object      V0;
}
// * * * * * * * * * * * * * * * * * * * * * * * * * * * * * * * * * * * * * //

dimensions      [0 3 0 0 0 0 0];


value           nonuniform List<scalar> 
10042
(
0.190992
0.0799036
0.0870375
0.136331
0.171447
0.145101
0.0585213
0.158393
0.18856
0.0524342
0.142004
0.0787593
0.0492082
0.152521
0.0844482
0.15402
0.116595
0.131657
0.0657714
0.0996932
0.0484036
0.199818
0.144092
0.132384
0.16511
0.17586
0.0678309
0.19585
0.143292
0.110293
0.153366
0.0346605
0.175892
0.165695
0.156094
0.1421
0.172323
0.154345
0.145428
0.205029
0.141368
0.176472
0.0387053
0.107928
0.139009
0.122658
0.169347
0.103138
0.0509105
0.0442436
0.0403843
0.164696
0.111524
0.060755
0.064329
0.0338823
0.0467231
0.167109
0.0838398
0.19261
0.0577322
0.0628577
0.0390494
0.14988
0.138213
0.151179
0.0877221
0.142422
0.126587
0.140211
0.0367714
0.105125
0.160831
0.0860002
0.150797
0.0349386
0.116952
0.160594
0.111251
0.0598572
0.0987019
0.126654
0.187031
0.165354
0.0729419
0.0498965
0.0927614
0.0875522
0.139962
0.138836
0.0454087
0.0779218
0.0380841
0.0588779
0.133012
0.113302
0.0148284
0.089296
0.115791
0.0856211
0.050231
0.0596724
0.0982438
0.0351042
0.0595789
0.0995058
0.0330798
0.159713
0.0547388
0.101764
0.114278
0.054318
0.0744166
0.148574
0.137922
0.165452
0.109696
0.172728
0.158794
0.171921
0.170871
0.0648332
0.0652204
0.137428
0.107644
0.158147
0.11947
0.0621042
0.0239329
0.117393
0.171129
0.128152
0.153917
0.134316
0.0466461
0.0427301
0.0899787
0.0339902
0.0749962
0.12386
0.0429995
0.166638
0.0394086
0.198246
0.0615621
0.145309
0.0716473
0.164421
0.0929083
0.0847185
0.143456
0.164475
0.0636462
0.0356756
0.134687
0.0604488
0.0280184
0.0326006
0.146144
0.130731
0.16597
0.185488
0.0427405
0.140923
0.0790474
0.116018
0.188961
0.0423507
0.168779
0.135462
0.138394
0.105793
0.0813658
0.160269
0.0578483
0.0754454
0.114047
0.172901
0.143548
0.116737
0.0788403
0.0501904
0.0801122
0.173331
0.180199
0.0423231
0.0955367
0.141105
0.035559
0.154671
0.0695269
0.0477894
0.164715
0.0578581
0.0620179
0.0720284
0.02061
0.145224
0.0180595
0.141959
0.0235603
0.0411298
0.0937627
0.1285
0.117519
0.135683
0.132304
0.0439825
0.113437
0.0981029
0.0371635
0.133168
0.0927422
0.0991738
0.176322
0.147064
0.15303
0.099409
0.146957
0.0280822
0.0220835
0.137604
0.0271901
0.13285
0.111557
0.036212
0.101207
0.0848158
0.0770482
0.0715327
0.167749
0.120502
0.0426848
0.131903
0.110165
0.182533
0.0903435
0.020746
0.0605064
0.13674
0.0967176
0.133332
0.177521
0.162624
0.0664716
0.171161
0.139166
0.0778993
0.0491726
0.144845
0.0648696
0.158359
0.105183
0.0526397
0.111432
0.0955018
0.128709
0.101897
0.0102112
0.150252
0.131216
0.151879
0.151981
0.17379
0.0407012
0.0696184
0.137037
0.102493
0.154671
0.10857
0.10089
0.0421821
0.145246
0.0348543
0.106384
0.161619
0.0669069
0.130133
0.147418
0.0571212
0.140222
0.143294
0.0187626
0.0744323
0.175163
0.0227975
0.108522
0.154706
0.164729
0.136355
0.0472798
0.111522
0.173819
0.132735
0.129388
0.12046
0.0694085
0.101002
0.0957141
0.151941
0.0685031
0.0927933
0.127243
0.0911612
0.0930574
0.0480623
0.156542
0.164343
0.0660135
0.123256
0.142035
0.130365
0.130926
0.112061
0.109693
0.164888
0.113915
0.143148
0.137663
0.160495
0.147888
0.035459
0.155402
0.128215
0.177384
0.168842
0.135688
0.128563
0.0919395
0.0460302
0.135435
0.110992
0.161068
0.157283
0.13526
0.163459
0.0331759
0.12685
0.155279
0.118376
0.0415688
0.0480906
0.172184
0.144232
0.1627
0.172173
0.144323
0.156781
0.125476
0.0170913
0.0720622
0.135203
0.120705
0.145005
0.0708228
0.140112
0.101968
0.169854
0.0261264
0.16696
0.106101
0.158585
0.076567
0.141236
0.107129
0.0730881
0.144568
0.127856
0.125561
0.0603892
0.145121
0.162464
0.140232
0.164122
0.0545598
0.130742
0.15595
0.0950063
0.0651132
0.0462892
0.113711
0.0921654
0.078049
0.138211
0.0285274
0.165433
0.154838
0.165525
0.105339
0.148216
0.111598
0.0265875
0.0730205
0.143202
0.106163
0.0525917
0.136231
0.153913
0.129809
0.0266191
0.144751
0.0235453
0.14857
0.0707142
0.0238667
0.135203
0.0398721
0.14783
0.100196
0.112923
0.109258
0.0542293
0.134567
0.076605
0.149991
0.101129
0.0740807
0.0609657
0.14386
0.0909688
0.152507
0.0952075
0.163365
0.166367
0.0360655
0.101224
0.0852592
0.108474
0.12684
0.0470574
0.100185
0.139928
0.0536009
0.0990319
0.137481
0.0751386
0.0416405
0.152573
0.156925
0.0326324
0.163556
0.114478
0.0894082
0.0319227
0.0380431
0.173402
0.141417
0.0403184
0.147986
0.169466
0.153898
0.0658688
0.0724822
0.0336938
0.109514
0.140269
0.140225
0.026197
0.164994
0.137085
0.147987
0.119621
0.158977
0.158877
0.0984954
0.169425
0.159967
0.0648248
0.0911447
0.138278
0.0409909
0.135012
0.026766
0.0402348
0.123485
0.126573
0.0405797
0.129568
0.0515629
0.100256
0.137467
0.077982
0.122639
0.140749
0.0571711
0.121765
0.152543
0.120579
0.159436
0.137119
0.139373
0.0800541
0.146005
0.147193
0.0935943
0.040229
0.13599
0.148057
0.115312
0.0466989
0.104444
0.157002
0.141405
0.0840857
0.0524729
0.111787
0.158394
0.140203
0.0717943
0.0694741
0.0774185
0.136716
0.145675
0.132991
0.0948068
0.122031
0.120012
0.0990391
0.123442
0.102481
0.129766
0.0718984
0.100128
0.0776441
0.0752145
0.106206
0.139511
0.0775531
0.106529
0.136338
0.11482
0.0376941
0.109535
0.141519
0.0933646
0.0842788
0.111197
0.0716202
0.153917
0.0661408
0.122635
0.0773702
0.137664
0.0225819
0.1226
0.0436507
0.153626
0.132208
0.108954
0.173167
0.0922569
0.0501858
0.148501
0.134033
0.0269577
0.102327
0.137838
0.164815
0.138396
0.16095
0.161033
0.158437
0.0955181
0.0870296
0.118544
0.173276
0.0434651
0.0577304
0.145999
0.145124
0.133643
0.0474088
0.1382
0.13775
0.13711
0.0947837
0.0441781
0.140413
0.144947
0.141206
0.11585
0.106139
0.163037
0.0209125
0.0836241
0.0649824
0.133211
0.145375
0.119824
0.0761592
0.104228
0.14459
0.129974
0.162997
0.136548
0.133042
0.0629281
0.116053
0.183289
0.152152
0.159983
0.140356
0.0223696
0.131875
0.137221
0.118822
0.0654331
0.125931
0.113685
0.152283
0.0709969
0.127897
0.0989008
0.166596
0.0970268
0.0745534
0.103121
0.13947
0.129372
0.0158924
0.0816689
0.109518
0.109719
0.0463666
0.126929
0.0795944
0.123041
0.146671
0.091482
0.124537
0.167342
0.131513
0.089811
0.108651
0.0977474
0.0886515
0.13774
0.0278359
0.0814063
0.135151
0.136781
0.108249
0.133022
0.144581
0.163
0.0978529
0.0654418
0.168489
0.0267713
0.121797
0.0796143
0.150523
0.0762855
0.13478
0.125687
0.137445
0.106056
0.0893496
0.0632793
0.101019
0.167937
0.133839
0.135257
0.137917
0.119534
0.069488
0.0834436
0.105682
0.129479
0.13501
0.136753
0.0814108
0.129707
0.155163
0.154603
0.132039
0.032082
0.146587
0.104077
0.138529
0.0181575
0.0390238
0.135534
0.066067
0.138969
0.0487388
0.134964
0.141734
0.160259
0.103618
0.141063
0.144594
0.0454158
0.113766
0.165036
0.139251
0.126761
0.0270168
0.0157035
0.159465
0.132877
0.15787
0.156369
0.152589
0.0940786
0.123829
0.0346915
0.129461
0.133592
0.125763
0.098943
0.108436
0.139196
0.094548
0.0762189
0.141045
0.0615793
0.117148
0.128313
0.0875028
0.139957
0.12643
0.0274414
0.131323
0.129228
0.15139
0.13203
0.136513
0.0995686
0.109609
0.12698
0.0619501
0.124924
0.145178
0.0574608
0.132696
0.0464509
0.141276
0.158502
0.110562
0.0306889
0.161156
0.0938045
0.139317
0.103323
0.139887
0.092871
0.0985506
0.108211
0.0682874
0.156309
0.131384
0.0500269
0.155622
0.148975
0.112669
0.0866741
0.161746
0.121302
0.0762608
0.106114
0.0866604
0.138365
0.0326118
0.069604
0.142751
0.133391
0.158591
0.134206
0.125888
0.0775124
0.141782
0.0526252
0.0804035
0.0895508
0.0434498
0.0903047
0.128433
0.0701644
0.143373
0.0751157
0.0626673
0.176003
0.075244
0.132301
0.0795552
0.131332
0.163433
0.0639723
0.0515643
0.16326
0.0916857
0.164819
0.15652
0.127344
0.135064
0.166107
0.141101
0.130277
0.100211
0.152299
0.166962
0.10741
0.150932
0.0927507
0.153096
0.134363
0.159608
0.109451
0.131457
0.052439
0.12978
0.0657
0.0399905
0.0263034
0.126602
0.0974555
0.0410251
0.113801
0.153517
0.136632
0.15176
0.128183
0.0784576
0.0810514
0.0254204
0.0931746
0.138347
0.137885
0.123678
0.0889081
0.0933827
0.101781
0.0635967
0.0612217
0.0222054
0.101123
0.130409
0.102237
0.14768
0.165162
0.0943536
0.135665
0.11913
0.132178
0.0664168
0.117824
0.160221
0.0470208
0.100259
0.0503643
0.123085
0.132789
0.131093
0.0735056
0.106068
0.135114
0.11994
0.0396786
0.136667
0.0415001
0.09579
0.086688
0.111711
0.0823896
0.139036
0.0304388
0.156351
0.147403
0.117936
0.151238
0.136315
0.130285
0.0945196
0.0802164
0.131097
0.08903
0.142151
0.150311
0.136177
0.149708
0.120967
0.0906439
0.146404
0.0661606
0.0659168
0.0726232
0.0511419
0.0808043
0.133005
0.137775
0.0164803
0.0151185
0.131475
0.0677749
0.0282296
0.0421654
0.0410027
0.121535
0.110746
0.138684
0.107769
0.152113
0.130622
0.0457662
0.151835
0.036262
0.120869
0.127899
0.183531
0.157825
0.119035
0.0797052
0.109455
0.119455
0.126504
0.0446477
0.121083
0.119252
0.158888
0.0292207
0.0695329
0.129153
0.149188
0.127513
0.0892506
0.12817
0.0794679
0.101642
0.122201
0.123823
0.0687866
0.0857876
0.0380588
0.06988
0.0286395
0.0347874
0.12998
0.0336028
0.108483
0.106783
0.090093
0.092375
0.102183
0.0460046
0.026353
0.12825
0.0882978
0.081108
0.135643
0.147315
0.0325687
0.133048
0.128012
0.0183363
0.143223
0.122387
0.0700205
0.0472487
0.137275
0.168722
0.103097
0.0894016
0.0590998
0.154607
0.0561619
0.130291
0.121813
0.160235
0.0462343
0.0821908
0.135283
0.126347
0.10771
0.135107
0.119318
0.0625466
0.110807
0.0942284
0.106009
0.0824101
0.151901
0.0650472
0.0835545
0.0919772
0.0484038
0.113277
0.104163
0.119758
0.150459
0.136442
0.0784209
0.127298
0.122671
0.142792
0.0958082
0.152794
0.0569716
0.134985
0.0993546
0.040641
0.0922999
0.15513
0.0755932
0.0454442
0.151103
0.136009
0.143571
0.0324806
0.129836
0.143222
0.132424
0.129071
0.0648409
0.131019
0.146646
0.126388
0.0829198
0.126805
0.147842
0.0428328
0.142622
0.106019
0.0673859
0.137691
0.0998892
0.149113
0.0636887
0.120861
0.0871121
0.119865
0.070363
0.108376
0.0255524
0.068306
0.131502
0.109713
0.129938
0.160698
0.0880468
0.0778856
0.1467
0.13013
0.150189
0.0823287
0.126557
0.0550159
0.131933
0.172174
0.038042
0.0930536
0.145696
0.0855822
0.0233347
0.150186
0.120123
0.140921
0.118507
0.0464706
0.12958
0.0712667
0.130661
0.154258
0.128638
0.127457
0.142053
0.0394241
0.0265003
0.140534
0.14471
0.113396
0.125148
0.134279
0.10302
0.135058
0.143941
0.131218
0.0853418
0.130755
0.0744901
0.156543
0.151261
0.124892
0.107692
0.153377
0.131942
0.142118
0.152691
0.0662226
0.0566896
0.0267844
0.0619844
0.0858373
0.138001
0.0257489
0.0690249
0.115074
0.047572
0.118197
0.0710626
0.142898
0.1435
0.141724
0.129168
0.126712
0.121245
0.150368
0.0826772
0.0373421
0.149338
0.151438
0.121209
0.150943
0.152508
0.163613
0.159055
0.151197
0.12768
0.147124
0.121142
0.147253
0.152429
0.0867432
0.051368
0.114923
0.142599
0.0877233
0.108662
0.0649298
0.100267
0.0947592
0.141904
0.0932999
0.0347033
0.039676
0.0987735
0.165673
0.153022
0.130979
0.123823
0.15338
0.132929
0.131473
0.147453
0.10936
0.0292058
0.145702
0.1246
0.0245357
0.0404958
0.148631
0.144947
0.125444
0.152734
0.0419316
0.124731
0.116283
0.0657497
0.137016
0.130329
0.145294
0.0406522
0.0852824
0.0762701
0.0652497
0.132517
0.045798
0.103029
0.137822
0.118191
0.133733
0.0735316
0.14747
0.0841962
0.110666
0.0537207
0.129626
0.062269
0.134977
0.0760245
0.0904373
0.102311
0.0957809
0.141498
0.0366768
0.144523
0.139324
0.116757
0.150691
0.117693
0.0625541
0.131982
0.130748
0.181725
0.0343604
0.134367
0.128465
0.136733
0.139214
0.0548726
0.160981
0.138304
0.129917
0.132587
0.128447
0.0849572
0.0447183
0.145663
0.0929564
0.0982963
0.146798
0.100946
0.0286972
0.14832
0.0981666
0.0331565
0.147765
0.136954
0.140624
0.16437
0.0950451
0.132916
0.0822339
0.131108
0.128517
0.161884
0.153185
0.098728
0.0734082
0.148737
0.0401864
0.151741
0.132651
0.16565
0.124096
0.129181
0.0681564
0.149696
0.0511165
0.144755
0.0870268
0.153173
0.0408157
0.15009
0.133797
0.0342765
0.156782
0.130802
0.0293506
0.0627659
0.108211
0.0464696
0.0746076
0.128767
0.0577729
0.137952
0.154277
0.131642
0.0348024
0.127022
0.1077
0.0522854
0.13273
0.110898
0.150386
0.0916006
0.136448
0.132933
0.0764995
0.117494
0.0273862
0.133749
0.154708
0.133822
0.0243763
0.0829081
0.0715243
0.128387
0.138429
0.0478399
0.0726547
0.13255
0.0378776
0.144113
0.125006
0.15258
0.0176818
0.137727
0.0797876
0.130036
0.142331
0.160076
0.141644
0.134115
0.119444
0.150844
0.133797
0.090116
0.0887363
0.122425
0.151204
0.04876
0.0586591
0.138922
0.137971
0.140587
0.0241565
0.0431595
0.086749
0.138626
0.157702
0.074544
0.0468128
0.159778
0.131759
0.0569544
0.132601
0.151317
0.134261
0.124219
0.0571725
0.143442
0.0775734
0.108838
0.135046
0.132825
0.0981903
0.146217
0.0601245
0.0141077
0.152284
0.134868
0.131912
0.0259009
0.135984
0.0485524
0.15687
0.144552
0.111791
0.130992
0.065627
0.112456
0.124067
0.150522
0.0270841
0.110804
0.0476787
0.149448
0.0539767
0.0603828
0.153594
0.0438691
0.14644
0.0461153
0.0501699
0.143925
0.139349
0.0917048
0.061253
0.046552
0.0268905
0.154948
0.151135
0.112444
0.0465405
0.134038
0.0386434
0.0399878
0.147744
0.125165
0.155248
0.0901739
0.0846677
0.14503
0.122139
0.143465
0.0270389
0.138473
0.0766102
0.134681
0.0856837
0.0607369
0.0845857
0.137647
0.0670171
0.0555588
0.106238
0.131109
0.131374
0.0254151
0.148195
0.028473
0.0389311
0.0408853
0.10755
0.040253
0.0763288
0.131786
0.123652
0.120611
0.049317
0.0657441
0.0565394
0.132412
0.0176555
0.0579643
0.141195
0.129204
0.0267046
0.151813
0.131063
0.0284828
0.0200363
0.0326534
0.149313
0.0367088
0.149384
0.10471
0.135407
0.0698882
0.161992
0.089181
0.0463323
0.0242044
0.0504311
0.113225
0.150826
0.0903669
0.106452
0.151957
0.0905666
0.019476
0.140363
0.153341
0.0588617
0.0999672
0.0380581
0.0987996
0.145035
0.130713
0.0793505
0.153215
0.131338
0.0502259
0.140047
0.110811
0.125672
0.144671
0.14794
0.0186246
0.136614
0.149509
0.122145
0.156488
0.147721
0.0665282
0.146865
0.0270942
0.0290755
0.0958472
0.149626
0.147349
0.130086
0.15229
0.0373196
0.0418086
0.0188902
0.133311
0.141867
0.0351749
0.0668027
0.0951809
0.0477353
0.090141
0.126397
0.0957851
0.154293
0.170569
0.147104
0.130303
0.079301
0.0343347
0.0643669
0.152799
0.0396271
0.038353
0.15352
0.130734
0.150802
0.0740906
0.130147
0.133669
0.0638727
0.131582
0.0282725
0.129751
0.134561
0.0470484
0.0731351
0.0406248
0.0824881
0.14215
0.149364
0.0275151
0.104229
0.133312
0.047242
0.135625
0.0307796
0.132373
0.136393
0.157181
0.0517902
0.0823316
0.0533063
0.15038
0.137173
0.0582456
0.0639963
0.160395
0.0824379
0.0413916
0.139695
0.0717399
0.124172
0.156975
0.0583123
0.149286
0.0603218
0.0410937
0.119222
0.135033
0.161392
0.0545211
0.0371878
0.0520754
0.0658781
0.0689734
0.0799746
0.0682848
0.0613071
0.0479475
0.0813742
0.114826
0.150132
0.149459
0.0702595
0.0663719
0.0986848
0.0383024
0.135889
0.0275791
0.0416007
0.150287
0.158762
0.145183
0.157791
0.151652
0.0411189
0.0862183
0.0435767
0.0364904
0.115096
0.064937
0.0853078
0.0683184
0.134296
0.133438
0.0771045
0.132817
0.109973
0.111146
0.0619137
0.150515
0.102428
0.137465
0.138025
0.0638413
0.149082
0.130181
0.169395
0.0388399
0.0921427
0.0327697
0.06545
0.0872527
0.041145
0.115177
0.0321571
0.125725
0.105261
0.0770899
0.0331473
0.150495
0.160609
0.035036
0.0525801
0.125185
0.0717261
0.141738
0.0189669
0.0902522
0.102631
0.136105
0.0268644
0.0257112
0.12082
0.0693611
0.0662233
0.140933
0.0580495
0.0839486
0.133135
0.11371
0.033693
0.14338
0.0829475
0.132556
0.0665443
0.0612594
0.0966681
0.0430035
0.0633415
0.125848
0.0675535
0.0354483
0.0279569
0.118831
0.0671155
0.0742297
0.0617246
0.0295755
0.0284054
0.0555563
0.0699577
0.148408
0.0570433
0.0533422
0.0306959
0.135169
0.0628123
0.134027
0.0596929
0.153384
0.047071
0.131256
0.151238
0.0797589
0.0285447
0.0506193
0.0434771
0.177025
0.0689938
0.131747
0.124199
0.152718
0.103174
0.0182998
0.126175
0.0588498
0.102013
0.144339
0.141957
0.117996
0.14924
0.135929
0.152338
0.0912182
0.130255
0.0319418
0.103451
0.0395572
0.0643814
0.0754099
0.0491913
0.0655511
0.0591654
0.108592
0.0823592
0.0862854
0.137171
0.141381
0.0667405
0.133062
0.146995
0.150176
0.0750283
0.0919823
0.0707045
0.150131
0.0304161
0.149734
0.128682
0.0819262
0.140292
0.0688039
0.151408
0.0516689
0.0938549
0.0743349
0.0358928
0.135153
0.134835
0.142754
0.0249262
0.151098
0.135151
0.0697703
0.0827622
0.0427296
0.123134
0.102271
0.0922908
0.136342
0.121315
0.139078
0.0785722
0.126834
0.0368548
0.0807351
0.137074
0.105773
0.038222
0.13713
0.138217
0.043255
0.0906065
0.0781446
0.148097
0.0831
0.14314
0.142481
0.0973166
0.152019
0.117301
0.0863521
0.0712785
0.0943541
0.0282146
0.0699575
0.117177
0.0521125
0.111081
0.0481533
0.145346
0.151882
0.060537
0.134942
0.118224
0.12161
0.0414802
0.0182279
0.143579
0.0439748
0.149209
0.102147
0.128646
0.139627
0.0497598
0.0876812
0.130386
0.131027
0.166604
0.048111
0.0603781
0.075604
0.136495
0.133402
0.0807585
0.135824
0.0488706
0.0852681
0.124963
0.139645
0.03688
0.125047
0.036162
0.0919008
0.0277428
0.0683029
0.0289288
0.144342
0.136346
0.0640273
0.0484913
0.151296
0.137898
0.157256
0.148871
0.14351
0.131665
0.0880379
0.0524456
0.0288268
0.138244
0.0266609
0.0365247
0.0533531
0.061447
0.152754
0.138728
0.170521
0.0754856
0.0994391
0.0476477
0.0999242
0.0753255
0.0411167
0.116312
0.151538
0.122845
0.125057
0.0485307
0.139881
0.0285835
0.092867
0.0630623
0.132355
0.171571
0.154158
0.0318592
0.133405
0.0285333
0.065446
0.150566
0.0705488
0.0652389
0.113347
0.135899
0.133712
0.132231
0.0896233
0.0816682
0.070036
0.10459
0.0732577
0.0279289
0.0524007
0.0614819
0.155475
0.0655812
0.0720082
0.133737
0.139066
0.0853544
0.0652522
0.0383074
0.1318
0.041826
0.110364
0.13819
0.1495
0.0703197
0.0846361
0.119509
0.0865064
0.0548761
0.141856
0.0730772
0.131529
0.0437544
0.0990481
0.101267
0.0917319
0.0906335
0.136548
0.0965536
0.149929
0.138359
0.0498097
0.0800125
0.0273293
0.145813
0.134145
0.152987
0.112749
0.141948
0.0758573
0.090327
0.0647119
0.0401777
0.13177
0.0570829
0.15144
0.0778186
0.100492
0.126224
0.136875
0.152177
0.0974275
0.0722768
0.0821043
0.15035
0.142818
0.0932648
0.101773
0.0588557
0.0891286
0.0861557
0.130617
0.135267
0.0423736
0.124798
0.12975
0.115545
0.101155
0.0666638
0.112746
0.0486624
0.0488776
0.0730325
0.147395
0.0481935
0.0389309
0.13064
0.125022
0.0881744
0.0634431
0.0684891
0.102638
0.133008
0.151702
0.0941295
0.0945538
0.0577696
0.127534
0.116338
0.0930208
0.0457138
0.0627351
0.111731
0.142761
0.0851529
0.047727
0.130078
0.127956
0.114249
0.0619709
0.0474599
0.138068
0.0756913
0.123653
0.0461377
0.0961388
0.141251
0.0182901
0.0673275
0.0275657
0.0414384
0.131449
0.133916
0.095904
0.134272
0.095733
0.0486012
0.115988
0.0899902
0.0722284
0.10551
0.0635891
0.0912763
0.075044
0.141445
0.126661
0.0833199
0.124059
0.116808
0.147799
0.161848
0.157152
0.136757
0.153535
0.110645
0.0982422
0.121065
0.152685
0.0233271
0.142571
0.137525
0.100444
0.136049
0.0665116
0.133951
0.154713
0.152972
0.151164
0.110769
0.120651
0.0662858
0.0384489
0.157799
0.0629742
0.117669
0.080126
0.0778557
0.100949
0.0880341
0.0684933
0.0913498
0.0838406
0.0623305
0.0650365
0.0633005
0.163212
0.139334
0.0725906
0.0846418
0.0606791
0.0522567
0.0683959
0.100512
0.0892585
0.124814
0.0261663
0.14282
0.0820456
0.148418
0.0673031
0.122295
0.147171
0.132514
0.0670761
0.0573171
0.075775
0.157243
0.0633804
0.149492
0.151913
0.104013
0.0925938
0.0669796
0.0694341
0.142859
0.12978
0.112273
0.0709324
0.126076
0.0285742
0.082678
0.148555
0.0727877
0.154692
0.0365687
0.0835427
0.105421
0.134391
0.0933427
0.0629224
0.151758
0.114903
0.0411672
0.149848
0.132128
0.0866414
0.0709299
0.0350839
0.130257
0.0281186
0.0719867
0.0919973
0.13467
0.0999591
0.0402933
0.102647
0.107593
0.141929
0.0897083
0.0783235
0.125421
0.134133
0.118304
0.146983
0.152787
0.117253
0.0750488
0.0635813
0.127034
0.0379021
0.0789142
0.12036
0.0736103
0.0282052
0.0782789
0.0857259
0.120821
0.0898686
0.0843359
0.137939
0.116125
0.0846802
0.129822
0.137677
0.103003
0.152566
0.13158
0.0969513
0.050186
0.0892419
0.0300134
0.119231
0.0289914
0.145052
0.102176
0.0814176
0.151348
0.153215
0.0944027
0.107838
0.0665339
0.0833099
0.0978098
0.14512
0.152167
0.0818639
0.0731068
0.103919
0.145086
0.130905
0.051636
0.0666802
0.144962
0.0936885
0.114849
0.100677
0.0779811
0.115107
0.139994
0.120032
0.0680048
0.0601447
0.11376
0.130781
0.131241
0.103494
0.151224
0.127513
0.142794
0.100566
0.0970832
0.134239
0.152966
0.135419
0.153003
0.0997008
0.157701
0.0654962
0.141853
0.127716
0.092843
0.0953051
0.0979979
0.031034
0.0230837
0.0599415
0.131936
0.143804
0.0656824
0.129737
0.0647922
0.10568
0.141799
0.0907658
0.102435
0.117512
0.0956494
0.131728
0.101642
0.112351
0.107112
0.155303
0.0619763
0.103
0.101254
0.149236
0.0966419
0.0672969
0.115455
0.0309116
0.034625
0.145688
0.13703
0.13344
0.133344
0.14099
0.145235
0.148138
0.0863756
0.106689
0.141008
0.0272977
0.146673
0.10217
0.0663726
0.121791
0.104083
0.0891524
0.0797709
0.15115
0.0539545
0.0702933
0.108471
0.0798225
0.0971178
0.103797
0.126081
0.116439
0.141446
0.145111
0.0902952
0.0728442
0.0586541
0.151312
0.0754952
0.147893
0.107788
0.0860817
0.1222
0.0976825
0.138527
0.143803
0.142893
0.111179
0.059723
0.150197
0.139549
0.131691
0.114422
0.093854
0.0893945
0.0605245
0.115234
0.0761269
0.0957001
0.0888028
0.150361
0.150938
0.136212
0.14377
0.0186196
0.0663126
0.0850565
0.0520557
0.131238
0.0864659
0.0896043
0.148226
0.091892
0.136642
0.0971224
0.133385
0.0261653
0.104706
0.0918884
0.0853134
0.15097
0.112175
0.0410547
0.14364
0.0393295
0.0683201
0.0701431
0.097138
0.0274537
0.133117
0.0934036
0.146313
0.0900163
0.0672041
0.145566
0.130365
0.131832
0.0710419
0.0914622
0.0964334
0.145269
0.0798313
0.126539
0.108019
0.092763
0.0377404
0.124432
0.152402
0.154068
0.132373
0.0285793
0.0839168
0.142955
0.117266
0.132641
0.13384
0.146459
0.112732
0.130129
0.045049
0.130345
0.093416
0.138961
0.0740591
0.0977447
0.103721
0.119234
0.11236
0.128976
0.140547
0.0816025
0.131748
0.0969121
0.147119
0.0957996
0.0984945
0.0989415
0.150476
0.128674
0.174463
0.0380115
0.151948
0.152599
0.0704937
0.0694049
0.0914517
0.143339
0.126268
0.133377
0.106954
0.0943932
0.119152
0.0629267
0.0234358
0.151279
0.0975378
0.0950153
0.107161
0.121266
0.1402
0.0654046
0.0578207
0.0368148
0.0212083
0.0608844
0.136193
0.090371
0.118852
0.0966551
0.130662
0.142519
0.0639198
0.133306
0.0348471
0.0690803
0.15421
0.100513
0.0861386
0.087949
0.133674
0.137361
0.104846
0.113848
0.118738
0.141275
0.0999094
0.0902916
0.152032
0.0792207
0.0685911
0.0939242
0.125832
0.103896
0.0934736
0.140358
0.137627
0.127678
0.0566904
0.132334
0.106399
0.134548
0.152209
0.125375
0.148537
0.144097
0.0629224
0.124382
0.109948
0.0565016
0.132421
0.126849
0.0981402
0.0610186
0.151311
0.139453
0.136959
0.0735993
0.0184652
0.121832
0.0656757
0.143128
0.146131
0.153978
0.102593
0.127166
0.128746
0.153055
0.0682914
0.14315
0.0861556
0.143917
0.126542
0.141014
0.0921922
0.110687
0.122924
0.13215
0.1148
0.145769
0.110996
0.128053
0.139814
0.129072
0.143635
0.133499
0.13437
0.15058
0.154315
0.148846
0.126898
0.151513
0.104961
0.145081
0.0970168
0.103531
0.0595933
0.132179
0.105652
0.142318
0.149624
0.151571
0.111624
0.137337
0.150521
0.139322
0.0655192
0.126802
0.0703105
0.030431
0.152696
0.0290144
0.103038
0.0410924
0.140878
0.0885502
0.150628
0.125772
0.130439
0.0859662
0.0906657
0.120859
0.0956886
0.130812
0.13863
0.15211
0.0371309
0.131312
0.0448202
0.100192
0.0191426
0.100774
0.133527
0.0661297
0.0494724
0.149247
0.107727
0.11211
0.0884759
0.0361447
0.101478
0.13345
0.0827088
0.0737019
0.0940548
0.141342
0.143545
0.0729783
0.0668369
0.0305164
0.0894017
0.102517
0.136734
0.0998493
0.11999
0.130708
0.0677429
0.131976
0.12523
0.139056
0.128622
0.136159
0.131925
0.10269
0.114377
0.103249
0.110625
0.0918796
0.130036
0.0875025
0.172878
0.140711
0.0872639
0.155132
0.0842341
0.1421
0.138094
0.0726156
0.104298
0.11302
0.133287
0.12827
0.0678762
0.103126
0.0408226
0.103605
0.139453
0.133876
0.115493
0.0686129
0.107805
0.132825
0.09329
0.124396
0.168097
0.136327
0.0854899
0.137868
0.140581
0.135626
0.100928
0.135195
0.133818
0.0518337
0.102807
0.0994495
0.0936259
0.130325
0.113236
0.136059
0.140682
0.139644
0.111721
0.132024
0.0653633
0.144722
0.134704
0.0783789
0.098531
0.134146
0.0976884
0.0834913
0.100784
0.132171
0.152749
0.132836
0.102347
0.135586
0.151795
0.0688235
0.125182
0.145953
0.0922176
0.132555
0.0664644
0.127981
0.105252
0.153594
0.0863669
0.149341
0.142583
0.136195
0.0921174
0.14979
0.0314174
0.151851
0.112913
0.115218
0.142774
0.125401
0.0948366
0.0885887
0.130577
0.121942
0.112111
0.0828914
0.137526
0.132189
0.136782
0.114719
0.124657
0.13271
0.127113
0.15679
0.144711
0.0915692
0.118416
0.135892
0.107597
0.117935
0.154394
0.0979008
0.128605
0.0935355
0.128313
0.110799
0.145674
0.144804
0.0413464
0.145296
0.111294
0.129142
0.111953
0.135835
0.0781964
0.136758
0.144225
0.0950536
0.129162
0.14064
0.118491
0.0719214
0.141539
0.139574
0.129334
0.13964
0.113447
0.115217
0.132695
0.141776
0.13802
0.143941
0.0645883
0.0738216
0.114221
0.138149
0.150425
0.135323
0.131603
0.146422
0.0980896
0.0935398
0.11277
0.11765
0.130314
0.0684069
0.143602
0.143169
0.0993346
0.107739
0.132859
0.11045
0.121352
0.114083
0.142791
0.131325
0.109684
0.14948
0.152362
0.12363
0.108476
0.115894
0.14476
0.122714
0.120967
0.124645
0.122515
0.151816
0.111294
0.151764
0.149274
0.124946
0.141762
0.135424
0.0788862
0.131594
0.135168
0.0974155
0.147478
0.0900568
0.14421
0.130192
0.137783
0.149991
0.0911854
0.127581
0.101247
0.0532133
0.180056
0.14179
0.145428
0.0797077
0.121323
0.15217
0.0678143
0.117005
0.119028
0.119538
0.103537
0.142844
0.154646
0.140093
0.113318
0.107815
0.147593
0.142564
0.112585
0.149739
0.122988
0.140454
0.122222
0.137919
0.0650054
0.135731
0.124522
0.151158
0.130067
0.145514
0.131651
0.137041
0.124981
0.138937
0.0421032
0.109631
0.141992
0.134411
0.150864
0.116536
0.0969414
0.160135
0.116962
0.103301
0.141484
0.0896909
0.132259
0.142096
0.12133
0.145934
0.145296
0.137904
0.110626
0.125706
0.120185
0.163308
0.135612
0.1331
0.131604
0.132651
0.0777026
0.146372
0.148924
0.116121
0.140149
0.143733
0.134487
0.123986
0.136177
0.0918472
0.139706
0.142692
0.104058
0.121152
0.133674
0.151715
0.0191989
0.106075
0.141695
0.141147
0.132805
0.130187
0.136256
0.115516
0.134122
0.0981721
0.132718
0.136931
0.131303
0.142423
0.133812
0.0825723
0.150707
0.13995
0.133066
0.139009
0.103695
0.142582
0.153144
0.0499764
0.15061
0.134272
0.128311
0.137257
0.140838
0.0903057
0.124724
0.116827
0.146532
0.145374
0.0981011
0.144257
0.124114
0.142948
0.13119
0.110304
0.153533
0.134626
0.13744
0.138476
0.141069
0.134574
0.122733
0.149268
0.126263
0.0678288
0.153098
0.140448
0.112522
0.133165
0.122234
0.150605
0.132959
0.135273
0.151157
0.14558
0.111517
0.123311
0.129875
0.129901
0.127052
0.125462
0.118021
0.144911
0.133202
0.153306
0.142977
0.117298
0.142877
0.138741
0.126964
0.14939
0.130479
0.131919
0.120694
0.132877
0.125595
0.136089
0.134705
0.112197
0.152295
0.151298
0.128427
0.147651
0.116598
0.131609
0.132948
0.139167
0.15337
0.122528
0.138
0.132798
0.130582
0.0542797
0.13523
0.140415
0.163035
0.131007
0.138118
0.100769
0.111693
0.0884744
0.140942
0.133636
0.134765
0.111834
0.130371
0.129657
0.0992864
0.134932
0.146345
0.130211
0.133243
0.130019
0.120369
0.151486
0.116637
0.126028
0.13251
0.147308
0.144492
0.0891091
0.121839
0.116027
0.125234
0.0383369
0.128188
0.150087
0.0955868
0.139822
0.131677
0.147031
0.152663
0.133463
0.116769
0.153515
0.130758
0.150337
0.146106
0.133517
0.0936757
0.111083
0.161173
0.129165
0.143612
0.132378
0.131812
0.13646
0.137324
0.129943
0.110445
0.0388871
0.151416
0.143997
0.135052
0.0552882
0.139643
0.137156
0.136296
0.141809
0.137615
0.092316
0.124193
0.132156
0.110674
0.130292
0.145191
0.130855
0.127241
0.140601
0.14773
0.130863
0.131996
0.153818
0.15307
0.143921
0.152988
0.134819
0.146373
0.131916
0.142773
0.0364108
0.131428
0.131844
0.0848056
0.130892
0.0891039
0.0669353
0.0184714
0.0864948
0.113823
0.134561
0.12974
0.140008
0.127952
0.128507
0.136507
0.110648
0.110203
0.0912876
0.145867
0.142126
0.129017
0.120405
0.13094
0.107762
0.137509
0.0702583
0.0924672
0.130963
0.137982
0.137936
0.12913
0.131677
0.111149
0.131991
0.139651
0.0709912
0.128972
0.132557
0.146426
0.0868448
0.0420303
0.128826
0.124975
0.0524881
0.143031
0.109652
0.14277
0.129927
0.117516
0.13107
0.119864
0.114435
0.0869531
0.136353
0.104972
0.141223
0.106628
0.139054
0.127261
0.0189154
0.107553
0.131466
0.129118
0.141931
0.0918193
0.132939
0.139221
0.148695
0.111509
0.126687
0.137022
0.106821
0.0930873
0.131492
0.146224
0.131495
0.132329
0.135613
0.156094
0.143857
0.153475
0.142944
0.124639
0.152148
0.119055
0.0879832
0.0948651
0.125233
0.139945
0.140111
0.143582
0.118572
0.113325
0.138481
0.150307
0.146932
0.105252
0.153653
0.138796
0.137925
0.0291592
0.106833
0.1459
0.142981
0.146436
0.149577
0.125475
0.0935086
0.13918
0.143581
0.0948103
0.132936
0.138875
0.126132
0.128645
0.097636
0.114384
0.0709782
0.132207
0.1329
0.141596
0.0419789
0.124476
0.130454
0.0971008
0.150996
0.151312
0.141059
0.141759
0.102648
0.146452
0.151797
0.141059
0.126342
0.144496
0.114903
0.130178
0.129784
0.14486
0.137255
0.137762
0.0696403
0.15142
0.123627
0.134491
0.147515
0.134396
0.144027
0.146982
0.141253
0.101831
0.142758
0.0750858
0.145838
0.134383
0.153636
0.151834
0.103625
0.115716
0.153279
0.131607
0.126396
0.125774
0.139269
0.141363
0.113131
0.144863
0.113776
0.0655081
0.133903
0.135554
0.135193
0.139717
0.11751
0.129422
0.129419
0.145836
0.135747
0.108033
0.131916
0.139221
0.0960098
0.0910481
0.141756
0.0926089
0.151138
0.139094
0.152795
0.138117
0.104844
0.142714
0.0913407
0.144632
0.127583
0.0407148
0.101957
0.149524
0.0625418
0.0882032
0.135363
0.139572
0.105236
0.0870169
0.131053
0.150098
0.147523
0.142652
0.0505019
0.133226
0.0201661
0.150855
0.0973242
0.115746
0.113283
0.142927
0.132241
0.132657
0.0767583
0.0857087
0.150219
0.147766
0.142856
0.151716
0.0439054
0.137372
0.150044
0.145901
0.167398
0.126266
0.128878
0.133326
0.123299
0.0575977
0.140174
0.155911
0.138038
0.143441
0.148676
0.143973
0.0872967
0.130771
0.133887
0.131418
0.173472
0.142678
0.134823
0.151151
0.14895
0.135448
0.132688
0.111508
0.167733
0.151643
0.148341
0.123225
0.148139
0.135968
0.139253
0.135742
0.137135
0.133666
0.117956
0.145826
0.0695877
0.111166
0.138542
0.172545
0.103642
0.136646
0.119807
0.129266
0.130794
0.143846
0.0720809
0.146148
0.12224
0.151287
0.0766908
0.12947
0.150503
0.140895
0.1357
0.135021
0.13856
0.144576
0.133497
0.138184
0.148567
0.139772
0.150614
0.118203
0.0993589
0.135892
0.143901
0.108973
0.0393352
0.149696
0.0939313
0.153377
0.139433
0.140783
0.13771
0.104028
0.12362
0.141617
0.142529
0.133649
0.142887
0.121423
0.132502
0.141818
0.150655
0.112599
0.134126
0.1246
0.0691702
0.11954
0.146561
0.141103
0.131156
0.146073
0.0971744
0.129887
0.137072
0.147006
0.151077
0.0526205
0.134956
0.112536
0.149139
0.142016
0.140576
0.136753
0.0906021
0.133263
0.140143
0.139639
0.130842
0.139441
0.143259
0.148647
0.14237
0.132171
0.140917
0.138867
0.150662
0.14221
0.149505
0.121838
0.112805
0.111608
0.139929
0.135208
0.129233
0.140271
0.146342
0.16894
0.146804
0.149289
0.142638
0.131804
0.0422989
0.0979347
0.140267
0.142916
0.0932144
0.147871
0.151027
0.141522
0.13361
0.143366
0.150518
0.14661
0.14014
0.12578
0.113515
0.161998
0.141661
0.147751
0.149194
0.139325
0.134083
0.142372
0.147845
0.149948
0.132054
0.151189
0.153681
0.149667
0.125047
0.142229
0.14379
0.126062
0.14563
0.138356
0.0653512
0.136995
0.115261
0.151198
0.149453
0.136772
0.150683
0.142344
0.131815
0.139883
0.117467
0.14137
0.114366
0.129212
0.142614
0.133634
0.0850637
0.117494
0.144679
0.150501
0.12773
0.108438
0.123158
0.142508
0.135895
0.154025
0.14355
0.148973
0.047869
0.169214
0.129012
0.144739
0.148569
0.153606
0.145434
0.149299
0.123914
0.159288
0.209305
0.0283606
0.143231
0.146122
0.1554
0.139483
0.145241
0.155119
0.150353
0.0801991
0.108063
0.133038
0.132745
0.150932
0.153858
0.144676
0.14423
0.133527
0.151071
0.110467
0.132086
0.152612
0.146171
0.140615
0.144229
0.142218
0.144764
0.147694
0.124485
0.142426
0.150154
0.0502281
0.147297
0.135274
0.13869
0.136587
0.0890023
0.140026
0.12839
0.100866
0.12
0.130112
0.10847
0.151488
0.152125
0.136245
0.133297
0.156321
0.120513
0.151507
0.144363
0.143275
0.151131
0.140848
0.152654
0.148632
0.123911
0.139094
0.171906
0.151967
0.146219
0.0384741
0.141907
0.125898
0.162738
0.114453
0.139126
0.147529
0.125881
0.145381
0.133259
0.140043
0.149553
0.125405
0.110405
0.15408
0.138291
0.140511
0.0525208
0.133388
0.119308
0.133825
0.0432919
0.112128
0.143063
0.13779
0.145736
0.130127
0.149515
0.152935
0.130356
0.154333
0.12455
0.134768
0.143325
0.135474
0.104252
0.148113
0.1424
0.137072
0.150888
0.124397
0.14882
0.136137
0.12499
0.14179
0.118454
0.14413
0.127717
0.147874
0.132899
0.148958
0.140544
0.136638
0.145819
0.142867
0.14138
0.100777
0.147844
0.0987049
0.14986
0.153144
0.130283
0.132515
0.145002
0.144156
0.141232
0.130489
0.142485
0.138228
0.115899
0.134942
0.123975
0.150281
0.149334
0.138013
0.118663
0.13372
0.142413
0.128811
0.136242
0.153446
0.0511075
0.136535
0.151565
0.172814
0.148921
0.130893
0.145326
0.134787
0.147942
0.148429
0.14066
0.150795
0.135235
0.135081
0.149663
0.100944
0.138458
0.147774
0.143283
0.151225
0.11739
0.124176
0.147699
0.115661
0.15757
0.140794
0.112684
0.174263
0.136124
0.136912
0.152225
0.13697
0.147609
0.120502
0.158095
0.136477
0.147516
0.150032
0.10551
0.153932
0.143902
0.138168
0.135531
0.14408
0.141054
0.141234
0.154334
0.144211
0.135407
0.130363
0.133739
0.148582
0.149301
0.148169
0.149491
0.151312
0.12916
0.106239
0.148473
0.133201
0.143016
0.146832
0.147688
0.142258
0.145981
0.131292
0.14486
0.137818
0.143058
0.139026
0.132772
0.146985
0.139812
0.15168
0.142674
0.150544
0.146473
0.0978388
0.119027
0.121249
0.113956
0.12754
0.132337
0.133504
0.148021
0.141404
0.129561
0.161842
0.153254
0.150514
0.13342
0.167932
0.148667
0.148779
0.139642
0.14305
0.147155
0.150993
0.112766
0.153301
0.158494
0.149772
0.148783
0.145576
0.147534
0.126028
0.132978
0.151434
0.132649
0.105169
0.150919
0.138801
0.144537
0.14955
0.146129
0.132398
0.119317
0.147812
0.149563
0.13234
0.150735
0.147615
0.147023
0.144308
0.139758
0.136166
0.147749
0.150214
0.149823
0.134391
0.149705
0.155643
0.151385
0.146322
0.149835
0.142752
0.145778
0.143664
0.141476
0.135159
0.149828
0.15026
0.151947
0.134192
0.149741
0.148326
0.109119
0.151248
0.150995
0.143243
0.151822
0.147859
0.148809
0.149803
0.150499
0.152257
0.150974
0.151262
0.136197
0.154318
0.143821
0.0320176
0.148704
0.131544
0.139887
0.119827
0.121488
0.154017
0.149196
0.150506
0.140519
0.0952485
0.135401
0.164448
0.143011
0.142518
0.145369
0.132288
0.153445
0.139908
0.144622
0.143549
0.14693
0.149053
0.115378
0.0494475
0.150625
0.141447
0.127084
0.148763
0.146762
0.153121
0.112206
0.149009
0.129721
0.13886
0.140396
0.147294
0.157833
0.143969
0.128563
0.150403
0.151356
0.148938
0.153118
0.149966
0.147375
0.0826821
0.15215
0.148354
0.149572
0.128979
0.149707
0.142928
0.131977
0.11898
0.0976585
0.152576
0.150835
0.137929
0.108991
0.144179
0.147803
0.149131
0.140114
0.153541
0.151296
0.0675975
0.141983
0.15273
0.13722
0.15097
0.110453
0.129007
0.146344
0.147097
0.129588
0.156534
0.128602
0.139893
0.14684
0.105279
0.155399
0.146495
0.151846
0.0565611
0.14689
0.109318
0.123812
0.138759
0.139425
0.136508
0.15133
0.0253562
0.149211
0.132351
0.155274
0.151453
0.110943
0.124777
0.129162
0.153144
0.157272
0.132371
0.14874
0.146463
0.152845
0.141465
0.143525
0.138656
0.120202
0.149799
0.149251
0.148781
0.150652
0.150863
0.139086
0.150196
0.139989
0.142843
0.142569
0.150158
0.122832
0.150958
0.149949
0.150172
0.15091
0.120227
0.149979
0.141161
0.131506
0.150156
0.141466
0.134619
0.193104
0.149247
0.153375
0.075455
0.141654
0.154234
0.135565
0.152315
0.15172
0.130508
0.145206
0.154141
0.149059
0.13068
0.133918
0.148008
0.150366
0.141722
0.15133
0.155838
0.0984753
0.133063
0.151899
0.151753
0.150233
0.150416
0.131382
0.120651
0.150378
0.151089
0.147644
0.071329
0.148682
0.150846
0.141781
0.143475
0.140976
0.146972
0.151956
0.182804
0.150608
0.147532
0.142916
0.110993
0.153105
0.149372
0.159236
0.0614767
0.111923
0.130214
0.144594
0.169399
0.118399
0.14999
0.153351
0.146649
0.152673
0.14923
0.149853
0.150715
0.1433
0.150065
0.14904
0.15535
0.100188
0.108679
0.152187
0.117918
0.12653
0.145264
0.149572
0.151139
0.1103
0.153451
0.151209
0.132194
0.151864
0.131046
0.153839
0.153779
0.160695
0.143355
0.142274
0.152353
0.112879
0.136829
0.141484
0.130207
0.152615
0.152583
0.14863
0.148997
0.132414
0.146715
0.142581
0.151934
0.145084
0.165097
0.0912232
0.0991229
0.152334
0.0655282
0.144644
0.137674
0.151814
0.152865
0.149853
0.148384
0.153254
0.153278
0.131108
0.126397
0.13426
0.130401
0.106436
0.152995
0.148416
0.151604
0.153532
0.14413
0.149136
0.139548
0.153027
0.140675
0.149229
0.1457
0.138297
0.133102
0.150189
0.142775
0.150129
0.152977
0.153279
0.156672
0.15315
0.138999
0.152487
0.147154
0.140128
0.137554
0.145987
0.0962178
0.15375
0.110389
0.12481
0.150517
0.042718
0.135018
0.153492
0.148405
0.153946
0.125869
0.151595
0.150197
0.133822
0.138589
0.153315
0.164554
0.15187
0.126883
0.152732
0.133899
0.129648
0.13705
0.121886
0.150211
0.129359
0.133955
0.076622
0.151115
0.14378
0.0506851
0.14807
0.153693
0.145189
0.145262
0.154659
0.15201
0.141995
0.112699
0.139951
0.133077
0.152371
0.0731993
0.151903
0.135858
0.151003
0.145155
0.148341
0.14602
0.156295
0.0691061
0.145965
0.153674
0.164026
0.145913
0.151835
0.140902
0.141458
0.152082
0.155717
0.149686
0.122441
0.140612
0.143955
0.149789
0.133759
0.145374
0.14904
0.149896
0.124134
0.0381624
0.146703
0.148495
0.137154
0.134308
0.139019
0.144464
0.118522
0.153639
0.139771
0.154194
0.151334
0.152669
0.150934
0.149956
0.151889
0.150176
0.143561
0.145788
0.166925
0.149779
0.135578
0.148504
0.153342
0.151152
0.147331
0.153457
0.151264
0.150624
0.153752
0.152888
0.149989
0.149376
0.150934
0.152012
0.158682
0.132039
0.152737
0.150921
0.149485
0.151074
0.143479
0.134007
0.148726
0.160573
0.149716
0.133209
0.166161
0.140256
0.149703
0.15219
0.148444
0.149521
0.137849
0.151933
0.152211
0.146562
0.145544
0.150765
0.153492
0.135189
0.1422
0.135295
0.153519
0.153616
0.133948
0.147365
0.144472
0.154068
0.150764
0.152805
0.135745
0.137488
0.144367
0.146714
0.132754
0.152001
0.146686
0.149856
0.143455
0.138094
0.169258
0.150571
0.13758
0.152581
0.150184
0.150142
0.145401
0.139667
0.143906
0.144282
0.140059
0.146209
0.139635
0.143901
0.148164
0.141249
0.14684
0.151472
0.156134
0.147624
0.138624
0.146825
0.144149
0.153345
0.144934
0.153189
0.143033
0.120249
0.138489
0.145702
0.1287
0.053027
0.131912
0.147973
0.1484
0.152966
0.159726
0.165907
0.138667
0.166935
0.146557
0.139889
0.152341
0.111056
0.134142
0.148892
0.139973
0.180669
0.145447
0.136691
0.150505
0.153636
0.145418
0.153582
0.142034
0.137864
0.143911
0.148386
0.152957
0.128522
0.138753
0.146729
0.175833
0.150027
0.146713
0.151652
0.144678
0.144613
0.14328
0.150235
0.148111
0.149638
0.146281
0.150498
0.0707373
0.134992
0.15132
0.15259
0.152366
0.153344
0.160429
0.133456
0.142384
0.155113
0.138415
0.149782
0.146372
0.176453
0.146848
0.0931988
0.100926
0.162471
0.15334
0.148477
0.151446
0.136224
0.14253
0.153455
0.104845
0.154512
0.154721
0.159228
0.197591
0.179222
0.144672
0.140864
0.144233
0.150762
0.144376
0.140512
0.089409
0.153937
0.14822
0.153243
0.145203
0.0305574
0.147852
0.138631
0.158459
0.1403
0.154329
0.152898
0.151589
0.148447
0.149295
0.146188
0.153552
0.153393
0.15326
0.146047
0.143806
0.153637
0.153978
0.152542
0.153491
0.154199
0.153295
0.153826
0.154182
0.153423
0.17433
0.170683
0.153571
0.150357
0.154791
0.146092
0.154327
0.154333
0.154324
0.157248
0.139217
0.15395
0.154296
0.153896
0.153652
0.1499
0.145035
0.149323
0.174286
0.151622
0.133556
0.159409
0.146754
0.154552
0.136319
0.154328
0.144604
0.150159
0.17005
0.149287
0.157089
0.158142
0.143609
0.149174
0.154337
0.151124
0.143668
0.154356
0.153062
0.14752
0.137272
0.158403
0.168918
0.153881
0.167383
0.147548
0.146961
0.147779
0.144702
0.139486
0.162701
0.147802
0.142435
0.145222
0.162163
0.147325
0.149647
0.143737
0.148279
0.153195
0.150106
0.147812
0.148431
0.152951
0.142002
0.148583
0.13622
0.143154
0.14949
0.152434
0.180547
0.148767
0.14825
0.137227
0.144426
0.147039
0.12974
0.0820247
0.153103
0.152361
0.143282
0.136158
0.133339
0.152716
0.133785
0.147943
0.152183
0.154693
0.156422
0.141475
0.140047
0.153276
0.14878
0.153772
0.17276
0.143523
0.164281
0.150259
0.153625
0.103948
0.150967
0.153759
0.166412
0.143271
0.146762
0.15172
0.15502
0.0537775
0.144937
0.152317
0.14692
0.0927564
0.153199
0.0877155
0.13689
0.102319
0.0392295
0.151993
0.157299
0.147286
0.151071
0.133562
0.15115
0.152981
0.142538
0.148661
0.135781
0.139936
0.136397
0.152867
0.150753
0.155202
0.152009
0.151964
0.156746
0.151233
0.140696
0.139379
0.143623
0.139411
0.148023
0.172016
0.110592
0.153235
0.14435
0.135681
0.129459
0.151288
0.153554
0.139154
0.0285439
0.152906
0.148312
0.15226
0.13759
0.119591
0.182127
0.153826
0.146872
0.137309
0.146631
0.153597
0.152883
0.152088
0.0404901
0.151838
0.153005
0.158578
0.138802
0.148133
0.136115
0.146239
0.15681
0.129584
0.148398
0.144856
0.151487
0.147021
0.150534
0.111197
0.125617
0.162035
0.151712
0.146937
0.139728
0.13647
0.145414
0.121086
0.121218
0.141625
0.153722
0.133508
0.153497
0.1508
0.128183
0.149768
0.150077
0.156162
0.149017
0.117144
0.0672371
0.137527
0.155759
0.152381
0.150995
0.140702
0.141214
0.15142
0.143088
0.152541
0.129692
0.0446881
0.154646
0.151431
0.145492
0.135998
0.1505
0.150275
0.153722
0.109658
0.149537
0.129398
0.132536
0.146168
0.144483
0.150329
0.153759
0.133764
0.133713
0.152967
0.0285662
0.143534
0.134282
0.159011
0.149329
0.1323
0.146331
0.153724
0.149412
0.135791
0.153677
0.134315
0.146948
0.154239
0.153287
0.131882
0.151584
0.0944367
0.15363
0.127232
0.153456
0.148982
0.123432
0.153407
0.165386
0.153093
0.135531
0.125672
0.147791
0.177373
0.140044
0.134853
0.153199
0.134991
0.124417
0.134705
0.126195
0.145962
0.141854
0.16778
0.1495
0.145057
0.138848
0.12978
0.152323
0.149792
0.125763
0.154756
0.106096
0.143882
0.1537
0.143261
0.136863
0.133053
0.148113
0.147098
0.153806
0.149333
0.138271
0.153369
0.149885
0.141641
0.150142
0.133745
0.153423
0.130696
0.144395
0.148682
0.148069
0.121051
0.15731
0.144823
0.131481
0.125752
0.131998
0.15353
0.153562
0.146738
0.15311
0.135483
0.153263
0.0281867
0.147928
0.144895
0.145049
0.101831
0.146352
0.145944
0.135243
0.0698922
0.108181
0.150743
0.151487
0.125204
0.127892
0.150578
0.154129
0.156947
0.13819
0.153796
0.150246
0.152835
0.152526
0.151874
0.153786
0.150845
0.153127
0.138641
0.135764
0.153125
0.145842
0.177009
0.145757
0.15319
0.11086
0.106192
0.148667
0.132375
0.154694
0.146215
0.147054
0.147865
0.131532
0.116674
0.151779
0.152658
0.0967457
0.147386
0.155012
0.146144
0.137543
0.152602
0.146948
0.129179
0.152804
0.152883
0.153155
0.126331
0.149794
0.126656
0.126051
0.146612
0.151725
0.146552
0.156644
0.147922
0.130378
0.127575
0.146835
0.148723
0.153336
0.150365
0.146666
0.153492
0.132044
0.116064
0.151704
0.152748
0.0734973
0.118259
0.145869
0.152997
0.16471
0.126701
0.141701
0.143487
0.153449
0.133416
0.150159
0.150691
0.153746
0.138714
0.0500911
0.135968
0.144212
0.141616
0.139712
0.14492
0.142955
0.151764
0.153262
0.141138
0.151518
0.142874
0.151748
0.149914
0.150061
0.133172
0.0737168
0.147421
0.15193
0.152399
0.148263
0.149696
0.160829
0.15081
0.111681
0.155892
0.130083
0.133824
0.149927
0.148661
0.159063
0.130745
0.17662
0.153686
0.135725
0.153036
0.143964
0.0349399
0.149938
0.142804
0.0822976
0.15176
0.156983
0.145716
0.150754
0.144467
0.149251
0.138467
0.156962
0.107106
0.149986
0.149158
0.151094
0.1492
0.135536
0.151928
0.158471
0.154495
0.151495
0.139199
0.146079
0.105459
0.14677
0.152578
0.153334
0.140705
0.143468
0.127908
0.102024
0.130106
0.151538
0.149159
0.150139
0.135729
0.152233
0.153128
0.131218
0.11645
0.153231
0.152216
0.127323
0.149759
0.154114
0.150939
0.152369
0.141581
0.144421
0.138681
0.0649682
0.104088
0.153078
0.170736
0.153232
0.151357
0.141685
0.159466
0.146604
0.150824
0.150621
0.148374
0.148328
0.15173
0.144047
0.151115
0.153322
0.146341
0.152741
0.146347
0.15121
0.152727
0.129991
0.150166
0.127498
0.158802
0.157497
0.151057
0.0454903
0.137507
0.150019
0.0982264
0.152092
0.139535
0.105505
0.151876
0.147175
0.139673
0.152865
0.149019
0.161507
0.151592
0.1505
0.143996
0.157026
0.151524
0.0714311
0.149176
0.132704
0.129336
0.151424
0.147819
0.138637
0.158019
0.151158
0.0710783
0.155174
0.153264
0.147056
0.150725
0.150894
0.154515
0.133027
0.146389
0.147163
0.151391
0.146666
0.150389
0.126641
0.148748
0.153931
0.112063
0.149819
0.150731
0.152593
0.150581
0.152738
0.0915063
0.150851
0.150599
0.150939
0.148997
0.0726788
0.155664
0.127396
0.152484
0.149155
0.129032
0.152844
0.150584
0.153437
0.114074
0.153344
0.146147
0.138048
0.151443
0.152944
0.150266
0.153147
0.13627
0.116263
0.153236
0.149871
0.10851
0.140366
0.1525
0.151961
0.125836
0.153222
0.142681
0.150247
0.145092
0.150547
0.150715
0.147811
0.144376
0.150057
0.121552
0.0448606
0.133458
0.151644
0.167232
0.132679
0.135067
0.148443
0.143732
0.152604
0.0962461
0.151053
0.149933
0.127605
0.112896
0.148824
0.153081
0.139539
0.141439
0.152119
0.151706
0.158755
0.150441
0.131762
0.130895
0.10398
0.150329
0.147609
0.11141
0.107151
0.13109
0.152042
0.0684282
0.14553
0.152178
0.146162
0.0965805
0.116328
0.132995
0.152276
0.150299
0.141349
0.149872
0.150523
0.135842
0.0679857
0.139635
0.146519
0.124936
0.152197
0.144966
0.128156
0.148335
0.147854
0.133733
0.160541
0.151872
0.147779
0.137968
0.136421
0.144802
0.14656
0.152034
0.135837
0.15334
0.143279
0.12829
0.151365
0.096576
0.147898
0.125466
0.151926
0.151938
0.154221
0.138111
0.15124
0.133994
0.1497
0.150151
0.147853
0.154833
0.152968
0.144559
0.131363
0.107711
0.144496
0.146427
0.147989
0.136875
0.152741
0.15307
0.136587
0.131965
0.141903
0.124293
0.13311
0.147935
0.130032
0.128949
0.15155
0.133259
0.0940926
0.150328
0.101249
0.151342
0.150984
0.143803
0.152517
0.149948
0.150144
0.147894
0.172078
0.149788
0.150439
0.132267
0.145839
0.150495
0.14927
0.152351
0.150369
0.146021
0.150977
0.148899
0.149941
0.101914
0.159893
0.16492
0.0344005
0.131427
0.150423
0.141287
0.133887
0.151065
0.0969836
0.139701
0.153125
0.143562
0.137042
0.116024
0.149564
0.14924
0.148615
0.146514
0.147069
0.124285
0.146912
0.127125
0.125619
0.151441
0.138682
0.149315
0.152953
0.149095
0.105721
0.141379
0.148045
0.122574
0.148909
0.148452
0.146696
0.148924
0.149318
0.14657
0.148208
0.153017
0.139226
0.146022
0.146637
0.107053
0.0873133
0.152716
0.147269
0.121331
0.128309
0.15292
0.179929
0.138347
0.147304
0.14993
0.148018
0.0933576
0.105161
0.149158
0.144783
0.12865
0.0190902
0.141796
0.1507
0.149398
0.146467
0.136331
0.162001
0.150064
0.124411
0.15253
0.0950343
0.148114
0.134931
0.14095
0.147416
0.149129
0.142928
0.137352
0.145378
0.148697
0.149118
0.14824
0.149445
0.149722
0.149039
0.0209853
0.124006
0.124313
0.124479
0.1467
0.14414
0.148081
0.133083
0.123983
0.147463
0.143289
0.147575
0.149086
0.143819
0.147118
0.127018
0.146347
0.124199
0.147813
0.132296
0.152206
0.136084
0.115325
0.118875
0.14009
0.114381
0.138058
0.143057
0.136472
0.145297
0.13403
0.133804
0.147771
0.14859
0.14293
0.136909
0.124053
0.142569
0.150733
0.0700898
0.150759
0.110598
0.152339
0.111564
0.149868
0.149801
0.156102
0.147095
0.150331
0.0976058
0.149611
0.142992
0.154346
0.143559
0.140104
0.148276
0.148651
0.134996
0.150216
0.145416
0.127239
0.128972
0.148969
0.146664
0.138679
0.125369
0.135809
0.150178
0.14153
0.147965
0.150008
0.144648
0.106152
0.0861496
0.146945
0.148214
0.150083
0.145731
0.137282
0.073048
0.10426
0.137729
0.136856
0.144804
0.147508
0.14681
0.144816
0.149574
0.146848
0.14862
0.105991
0.152045
0.144018
0.146259
0.151311
0.165087
0.149586
0.147341
0.14468
0.117586
0.137896
0.147361
0.152384
0.121706
0.138704
0.143523
0.135479
0.137962
0.119795
0.145998
0.146011
0.142103
0.148204
0.146293
0.152183
0.149935
0.14312
0.144816
0.140922
0.150196
0.151916
0.136394
0.119609
0.147923
0.145759
0.134127
0.142298
0.14935
0.143886
0.156731
0.137641
0.0865946
0.11805
0.138208
0.14353
0.130341
0.143987
0.151952
0.139214
0.0721626
0.133408
0.145138
0.152332
0.146961
0.137102
0.149411
0.143365
0.116511
0.172146
0.144517
0.149046
0.145245
0.149564
0.137195
0.150209
0.152709
0.153476
0.14936
0.150759
0.115523
0.133086
0.110988
0.13772
0.145534
0.151806
0.145241
0.133781
0.147823
0.147988
0.0710643
0.133535
0.146382
0.146842
0.0768943
0.142318
0.145746
0.149995
0.107923
0.137317
0.152599
0.126869
0.0660448
0.122833
0.15548
0.14753
0.0810273
0.144663
0.149918
0.123016
0.11655
0.138545
0.136536
0.152696
0.139671
0.150133
0.140221
0.14375
0.150393
0.150641
0.143475
0.136282
0.149548
0.132363
0.146422
0.14426
0.144842
0.132836
0.135816
0.143209
0.143986
0.13356
0.152301
0.151729
0.136644
0.150516
0.0294798
0.150861
0.151466
0.148846
0.149962
0.141517
0.148249
0.105037
0.142867
0.139723
0.132169
0.150033
0.1491
0.147006
0.148838
0.151581
0.151789
0.158175
0.144078
0.150329
0.143712
0.138193
0.150243
0.140091
0.151556
0.148447
0.163372
0.111241
0.148561
0.158131
0.149995
0.110164
0.136181
0.131509
0.146547
0.139145
0.143103
0.136959
0.136224
0.14222
0.138471
0.14141
0.147515
0.151683
0.140514
0.134215
0.114629
0.152277
0.148899
0.127688
0.13002
0.135056
0.152542
0.125114
0.138528
0.140837
0.145747
0.146002
0.15068
0.152051
0.142603
0.150258
0.152033
0.152404
0.113579
0.140261
0.15021
0.0574392
0.142641
0.14525
0.14233
0.100548
0.136189
0.152241
0.107986
0.139796
0.149462
0.137253
0.144874
0.0190709
0.151032
0.0952019
0.149853
0.130135
0.150503
0.143562
0.133869
0.0276482
0.152293
0.144833
0.150744
0.152287
0.144311
0.149625
0.133174
0.128435
0.0879914
0.148653
0.144355
0.138472
0.141733
0.140321
0.141095
0.172579
0.148076
0.148379
0.136546
0.130342
0.151042
0.143793
0.147878
0.131189
0.100338
0.133956
0.152028
0.0741553
0.150209
0.152025
0.138281
0.137392
0.0913556
0.149045
0.146611
0.150354
0.150079
0.140576
0.146386
0.150384
0.108223
0.14725
0.137231
0.150628
0.109772
0.128081
0.150775
0.119143
0.13953
0.147388
0.140117
0.149398
0.150708
0.144602
0.142652
0.123001
0.13815
0.151657
0.105356
0.133495
0.137351
0.14718
0.143544
0.139858
0.109128
0.0350423
0.12325
0.136797
0.137214
0.149888
0.141946
0.0909843
0.131436
0.134819
0.133733
0.152087
0.137414
0.146037
0.0951844
0.145912
0.123813
0.143431
0.139373
0.149183
0.148125
0.10995
0.13378
0.148645
0.03788
0.131341
0.148068
0.0730113
0.129848
0.136628
0.131986
0.152545
0.148256
0.148267
0.142832
0.145282
0.152398
0.126635
0.126505
0.149865
0.124908
0.145434
0.140078
0.131427
0.123784
0.137144
0.141368
0.141465
0.130659
0.143993
0.134842
0.14929
0.152209
0.128512
0.138988
0.157285
0.126681
0.0855692
0.135187
0.147207
0.148259
0.136913
0.138435
0.143499
0.147774
0.15491
0.133608
0.142941
0.149271
0.134769
0.148203
0.136392
0.141026
0.176284
0.131366
0.125544
0.0929216
0.139182
0.10676
0.139443
0.164489
0.133605
0.146862
0.127154
0.142101
0.12329
0.135663
0.136796
0.14106
0.140364
0.127758
0.138702
0.116098
0.139392
0.0882269
0.141026
0.133764
0.136578
0.15017
0.139763
0.0739468
0.152085
0.128484
0.112003
0.133141
0.141572
0.136621
0.136479
0.133873
0.143217
0.140258
0.153043
0.147502
0.147836
0.133965
0.149791
0.138822
0.121306
0.143616
0.140262
0.125842
0.147085
0.0900721
0.149743
0.132143
0.124632
0.137983
0.165766
0.151908
0.107246
0.144825
0.183516
0.133258
0.112133
0.144354
0.113956
0.119661
0.135836
0.150521
0.126128
0.146195
0.151541
0.146349
0.133903
0.12768
0.146735
0.0949394
0.134454
0.141856
0.160208
0.150858
0.14369
0.100047
0.146944
0.143806
0.129483
0.138517
0.131163
0.0950973
0.0300553
0.117831
0.0983666
0.155608
0.106023
0.152281
0.0684012
0.141718
0.0926754
0.139297
0.01846
0.136269
0.0763043
0.0937397
0.128058
0.145102
0.137206
0.131758
0.142558
0.132487
0.141957
0.106735
0.106131
0.110378
0.141658
0.111285
0.0908775
0.148633
0.142045
0.142857
0.134449
0.123713
0.151157
0.137643
0.139328
0.105456
0.0459793
0.133255
0.131202
0.13572
0.140037
0.0928534
0.143018
0.145551
0.142186
0.139466
0.140422
0.124914
0.134423
0.0356835
0.143491
0.147296
0.134019
0.125266
0.11988
0.158707
0.144258
0.121987
0.131542
0.052693
0.138593
0.146381
0.127108
0.123006
0.139188
0.145191
0.139893
0.140038
0.133438
0.14235
0.147107
0.134983
0.149649
0.14054
0.139814
0.150243
0.132386
0.132561
0.127425
0.13539
0.0958719
0.143787
0.137
0.144127
0.134512
0.137793
0.0911313
0.14774
0.133253
0.151194
0.11579
0.153029
0.136475
0.137272
0.148346
0.148988
0.148724
0.134058
0.151576
0.126769
0.13731
0.149627
0.138989
0.140783
0.133666
0.135524
0.151373
0.142364
0.131115
0.141312
0.129388
0.130474
0.082988
0.141171
0.135435
0.123541
0.139284
0.125302
0.142881
0.115361
0.122628
0.12973
0.133456
0.13159
0.140909
0.150169
0.134417
0.12674
0.0602915
0.0949907
0.134815
0.143342
0.132516
0.111014
0.141675
0.140063
0.132679
0.13842
0.133851
0.142561
0.144703
0.128011
0.127571
0.0883112
0.129288
0.0285599
0.109377
0.14285
0.141498
0.0660545
0.144733
0.149855
0.0905342
0.140355
0.114545
0.14237
0.147107
0.138383
0.142554
0.120448
0.152142
0.162481
0.127938
0.143739
0.149855
0.0806563
0.124817
0.139365
0.130432
0.13354
0.114736
0.143428
0.125526
0.0747848
0.141909
0.0911579
0.181646
0.128361
0.148826
0.143002
0.140212
0.175499
0.148655
0.141866
0.140842
0.103644
0.153128
0.146452
0.166922
0.145817
0.143949
0.115803
0.139458
0.149718
0.14605
0.152334
0.124868
0.14218
0.143168
0.135412
0.098262
0.110807
0.149616
0.0969917
0.128007
0.119757
0.153099
0.16639
0.131014
0.124162
0.14334
0.144992
0.146652
0.130014
0.134084
0.141448
0.127302
0.145436
0.11583
0.147409
0.153175
0.0950526
0.147144
0.123981
0.135182
0.140848
0.152335
0.121976
0.154325
0.144615
0.078371
0.143748
0.0650502
0.141498
0.0807793
0.144822
0.133384
0.104347
0.127077
0.155033
0.138549
0.144103
0.136273
0.0700503
0.111874
0.114819
0.137771
0.144565
0.139105
0.116148
0.0280018
0.116457
0.139031
0.10395
0.0971626
0.11146
0.142548
0.144622
0.132875
0.140283
0.135219
0.133192
0.116921
0.132103
0.138953
0.152313
0.121212
0.116384
0.140834
0.141258
0.153439
0.146809
0.138313
0.146375
0.145304
0.125275
0.127144
0.114984
0.110668
0.144582
0.134411
0.132982
0.136166
0.138466
0.133361
0.113246
0.123627
0.112568
0.0856786
0.137822
0.0884381
0.149831
0.127555
0.116855
0.126331
0.151679
0.138234
0.0987973
0.028682
0.149168
0.10444
0.0995368
0.14779
0.151448
0.144972
0.127871
0.136531
0.149901
0.134479
0.136832
0.145469
0.147518
0.109698
0.110463
0.134831
0.105205
0.13206
0.150755
0.13084
0.149594
0.1365
0.124634
0.109082
0.139677
0.0965024
0.106058
0.143608
0.13625
0.130634
0.137855
0.137178
0.114675
0.0745681
0.11986
0.152704
0.128253
0.135222
0.141705
0.147844
0.112609
0.134886
0.133953
0.140075
0.0881813
0.141358
0.139768
0.138165
0.148532
0.142515
0.157339
0.114872
0.142275
0.146631
0.128535
0.0580192
0.0996151
0.144359
0.148764
0.135351
0.1141
0.126077
0.0424291
0.154178
0.14701
0.147416
0.100777
0.118979
0.123
0.0879854
0.105829
0.109045
0.137988
0.136117
0.14504
0.138474
0.135304
0.0749358
0.128834
0.125738
0.137821
0.136678
0.104552
0.133955
0.14193
0.116309
0.145102
0.110403
0.135258
0.148081
0.0281763
0.136312
0.131967
0.134859
0.141606
0.137627
0.106986
0.117462
0.139927
0.0293242
0.137638
0.148879
0.11728
0.128288
0.142695
0.121209
0.116442
0.0688173
0.111359
0.147085
0.12556
0.109086
0.0939143
0.1413
0.13833
0.0993187
0.0339196
0.151131
0.131197
0.109239
0.126482
0.129529
0.135077
0.147546
0.137864
0.134293
0.137612
0.130909
0.144274
0.14314
0.0279117
0.151405
0.140025
0.144991
0.152149
0.136253
0.140114
0.135312
0.131239
0.131445
0.0695951
0.0379095
0.14997
0.115568
0.126218
0.138174
0.08227
0.11499
0.0995496
0.125583
0.0379001
0.122395
0.121653
0.0940847
0.0672429
0.147623
0.111762
0.0951652
0.0994611
0.143525
0.116375
0.128157
0.140987
0.0268532
0.108518
0.115537
0.142195
0.144082
0.14473
0.120976
0.139458
0.141748
0.134947
0.133661
0.0368897
0.12416
0.117791
0.1481
0.14684
0.128236
0.146486
0.141396
0.111842
0.136414
0.14409
0.152985
0.130232
0.101477
0.111862
0.0980183
0.131557
0.144404
0.100431
0.145739
0.126936
0.13736
0.136191
0.149027
0.127317
0.109762
0.124981
0.109975
0.0902668
0.139186
0.136993
0.0530014
0.149251
0.132783
0.128398
0.145532
0.132869
0.103388
0.130285
0.0934901
0.137292
0.126538
0.126203
0.147474
0.116352
0.129655
0.100926
0.10556
0.0910114
0.14452
0.0989303
0.155631
0.142819
0.0821188
0.146974
0.116045
0.145955
0.138582
0.147631
0.170726
0.111123
0.136241
0.136024
0.100428
0.124323
0.134002
0.120313
0.140442
0.132752
0.0705196
0.063774
0.128841
0.0911768
0.139591
0.121616
0.105713
0.125529
0.150913
0.14076
0.0909155
0.102309
0.119329
0.104956
0.103767
0.0580441
0.134266
0.147181
0.121293
0.142814
0.0966987
0.14516
0.145025
0.0304025
0.146268
0.134699
0.0996883
0.142056
0.108274
0.144284
0.133874
0.143174
0.123304
0.134661
0.126694
0.107566
0.147118
0.14527
0.0988021
0.14932
0.124947
0.134433
0.123141
0.0688727
0.090657
0.14967
0.150098
0.136112
0.0950704
0.144158
0.0968114
0.0495554
0.130314
0.13684
0.136065
0.12789
0.12456
0.0658781
0.0727008
0.136837
0.137463
0.112754
0.110198
0.136501
0.112467
0.127355
0.139654
0.144326
0.0974948
0.126603
0.150275
0.125547
0.150811
0.148842
0.13672
0.109003
0.0978649
0.105551
0.148627
0.133513
0.12178
0.145332
0.139042
0.0941974
0.132376
0.133686
0.0870223
0.0360077
0.0940587
0.146496
0.139483
0.0975628
0.143775
0.10423
0.136302
0.0898389
0.138933
0.0782131
0.13562
0.0861343
0.121779
0.14209
0.0685669
0.125966
0.11946
0.0372241
0.104976
0.134335
0.12577
0.131845
0.136245
0.138445
0.143641
0.126698
0.0654327
0.100015
0.111046
0.151051
0.125512
0.114094
0.15534
0.0706375
0.132119
0.136684
0.14788
0.122992
0.182461
0.133883
0.142817
0.123357
0.136089
0.0880968
0.132832
0.137129
0.127606
0.143058
0.107392
0.137693
0.146289
0.147835
0.0660651
0.0961422
0.0998327
0.157074
0.148423
0.116268
0.13457
0.137729
0.143826
0.116869
0.0851607
0.151044
0.101741
0.120909
0.126567
0.153259
0.146741
0.143831
0.0638512
0.133657
0.138393
0.0847393
0.1171
0.127639
0.143023
0.141735
0.131211
0.0733762
0.139013
0.115878
0.0908139
0.150031
0.090348
0.126975
0.135606
0.108768
0.142141
0.110198
0.146785
0.148028
0.0718803
0.13761
0.146553
0.0717217
0.168011
0.0426532
0.147515
0.130387
0.125818
0.148607
0.152973
0.120518
0.105605
0.135674
0.144666
0.130675
0.119041
0.0835341
0.131808
0.0945069
0.140524
0.0730294
0.118182
0.136399
0.149631
0.0389024
0.0924582
0.143986
0.130327
0.113457
0.070872
0.14308
0.0850794
0.147492
0.123106
0.148445
0.0978134
0.123001
0.141031
0.134208
0.140623
0.0673503
0.15401
0.13172
0.0866337
0.15111
0.148064
0.16081
0.133716
0.131488
0.107575
0.14394
0.148154
0.149674
0.114268
0.120157
0.127696
0.147037
0.15303
0.146693
0.103248
0.15854
0.106011
0.139755
0.129344
0.113712
0.122949
0.130734
0.142777
0.129723
0.0867518
0.143631
0.139375
0.126183
0.142669
0.135284
0.0947729
0.123716
0.127947
0.148821
0.110661
0.0728667
0.0912369
0.140732
0.0540471
0.0937128
0.131554
0.107572
0.143418
0.13474
0.071626
0.110142
0.143672
0.125898
0.09391
0.117378
0.126258
0.0890167
0.152763
0.146783
0.134015
0.118267
0.0945673
0.149781
0.0382949
0.0991574
0.111648
0.117034
0.147242
0.0826359
0.104028
0.114911
0.106097
0.140147
0.131559
0.138337
0.139092
0.0889595
0.103548
0.128453
0.114698
0.0975974
0.12379
0.131625
0.103662
0.123568
0.143217
0.088142
0.12996
0.145773
0.0902425
0.071401
0.117459
0.140221
0.172438
0.162577
0.0944536
0.147227
0.0772514
0.157489
0.0914164
0.132834
0.143249
0.0983153
0.117372
0.142238
0.14993
0.11554
0.121952
0.0736921
0.150965
0.111344
0.12652
0.141224
0.116424
0.105487
0.145527
0.119419
0.131016
0.150375
0.156176
0.146301
0.115716
0.135255
0.139544
0.123732
0.134636
0.150708
0.150664
0.147676
0.118217
0.0961082
0.137278
0.0946761
0.114095
0.114081
0.137176
0.086755
0.0970785
0.070128
0.0989415
0.106272
0.132047
0.114704
0.0695739
0.110521
0.150632
0.102082
0.0978933
0.0956509
0.114992
0.114324
0.141492
0.0983383
0.147342
0.0947401
0.150281
0.110258
0.112994
0.145197
0.0929373
0.159277
0.102456
0.0870265
0.0686996
0.105348
0.0986188
0.105835
0.13838
0.142613
0.0720215
0.0946419
0.14394
0.0688124
0.144153
0.0938005
0.028215
0.0975774
0.144244
0.0734282
0.143029
0.102213
0.120163
0.103154
0.0983198
0.144471
0.140422
0.133697
0.113647
0.134017
0.103926
0.125926
0.0969728
0.0884476
0.110917
0.149032
0.112614
0.128249
0.130815
0.138917
0.14246
0.100079
0.0627388
0.102442
0.0999734
0.096577
0.114917
0.0977426
0.113778
0.100064
0.144909
0.137469
0.138788
0.116471
0.146723
0.10841
0.111306
0.179995
0.0873345
0.166976
0.0981905
0.126107
0.0700506
0.101181
0.102221
0.111423
0.139709
0.160505
0.124464
0.135316
0.0564929
0.127877
0.106032
0.121416
0.10861
0.127212
0.111346
0.139407
0.106296
0.137944
0.0978448
0.123518
0.111319
0.0866456
0.10383
0.125043
0.115175
0.119494
0.112784
0.0967707
0.122529
0.144205
0.110116
0.0933701
0.108246
0.100068
0.104882
0.13187
0.115921
0.107712
0.0971053
0.0985435
0.100729
0.150655
0.0983347
0.095572
0.112349
0.136618
0.102891
0.111545
0.136759
0.0948884
0.0995516
0.12505
0.0628867
0.142297
0.133909
0.068923
0.113381
0.131783
0.0929403
0.147466
0.155262
0.0922484
0.108683
0.0979718
0.0991705
0.119197
0.11774
0.11538
0.129777
0.137014
0.144142
0.146742
0.153387
0.0410067
0.122026
0.115423
0.0485853
0.136505
0.0939314
0.0993466
0.148148
0.0945832
0.114545
0.108099
0.100301
0.149248
0.0836968
0.0646867
0.103723
0.145083
0.115896
0.111017
0.132695
0.141762
0.0221602
0.162847
0.107311
0.0986555
0.132471
0.102939
0.1444
0.115968
0.0893218
0.0501853
0.0636642
0.150372
0.146495
0.095213
0.132239
0.096806
0.153389
0.111473
0.0215354
0.0846633
0.144981
0.133022
0.116589
0.112723
0.149059
0.0665727
0.0430987
0.124799
0.0466211
0.146297
0.119901
0.138697
0.0693498
0.11153
0.0689104
0.0722349
0.102388
0.148345
0.150765
0.0914628
0.10001
0.095246
0.141549
0.102215
0.0885167
0.112721
0.0918966
0.147577
0.147466
0.138029
0.048894
0.150315
0.141842
0.0923324
0.144297
0.108559
0.120089
0.0950393
0.114071
0.111607
0.149637
0.148024
0.0923143
0.0954988
0.144804
0.140574
0.0774719
0.131073
0.100291
0.0955211
0.0986767
0.145616
0.149451
0.123095
0.10177
0.0188824
0.101033
0.107675
0.0962626
0.138774
0.0880245
0.111742
0.11505
0.144816
0.135875
0.119823
0.147978
0.0738895
0.150132
0.141723
0.106412
0.142615
0.088704
0.143152
0.0722029
0.096427
0.0887246
0.10904
0.117407
0.144721
0.104703
0.113351
0.0420645
0.115606
0.0963744
0.132572
0.124576
0.135103
0.124389
0.0219792
0.148389
0.0946725
0.0772
0.0325935
0.145914
0.0660498
0.147715
0.146849
0.12494
0.169682
0.139956
0.130323
0.110024
0.143434
0.0217548
0.147845
0.147246
0.114095
0.11837
0.0617992
0.13613
0.113132
0.0925838
0.113702
0.0906491
0.119125
0.144293
0.0881543
0.143606
0.131669
0.0730548
0.110792
0.0709557
0.10094
0.13899
0.0977019
0.0428584
0.129122
0.117314
0.11316
0.150581
0.17046
0.119843
0.0518595
0.116312
0.10977
0.0917091
0.107683
0.0967512
0.134937
0.146082
0.0842998
0.0848055
0.137681
0.0762798
0.14794
0.136965
0.034649
0.100867
0.0535249
0.0934137
0.122839
0.0517445
0.0875191
0.138537
0.0181694
0.140271
0.0549527
0.11138
0.143473
0.149683
0.0538005
0.1172
0.14085
0.12222
0.107387
0.0858181
0.0745143
0.0526375
0.130952
0.154339
0.110218
0.109108
0.0655068
0.100799
0.107263
0.114883
0.114874
0.0928131
0.12455
0.13294
0.115447
0.101116
0.107467
0.042539
0.130793
0.105071
0.107343
0.0692202
0.0663178
0.0615592
0.148283
0.126213
0.151708
0.149632
0.109027
0.0639522
0.0714882
0.103661
0.0927835
0.0194613
0.119009
0.100417
0.125172
0.144285
0.121824
0.148416
0.10487
0.146497
0.0988664
0.0412096
0.0942475
0.134234
0.0784874
0.150444
0.14689
0.0425571
0.147362
0.109887
0.150717
0.132001
0.0744288
0.11242
0.135899
0.107844
0.0572513
0.106554
0.0940254
0.0789116
0.115357
0.143158
0.110576
0.13423
0.137075
0.152272
0.152042
0.0721448
0.150381
0.0309963
0.0968622
0.140607
0.0994717
0.137647
0.0711578
0.068219
0.103161
0.140336
0.116271
0.0972856
0.147183
0.100704
0.149597
0.0976952
0.141285
0.113956
0.0789718
0.102418
0.0874424
0.147381
0.098379
0.112403
0.127314
0.147887
0.0947167
0.136416
0.0981858
0.140954
0.13389
0.100135
0.128288
0.132664
0.136785
0.0534697
0.0825094
0.0668626
0.0631074
0.10374
0.126365
0.102001
0.0708493
0.0961766
0.12844
0.140964
0.14742
0.139776
0.128811
0.131315
0.0722977
0.118317
0.148218
0.149394
0.0926627
0.0999478
0.146037
0.0364782
0.123009
0.15619
0.106183
0.078755
0.0318992
0.120388
0.131339
0.0978441
0.0732287
0.0191043
0.139398
0.136682
0.150894
0.0968306
0.0586974
0.0977088
0.149607
0.105781
0.147662
0.141206
0.11299
0.0899915
0.0440762
0.111116
0.0958949
0.146928
0.141374
0.146393
0.0930743
0.0714205
0.14927
0.0562306
0.0446292
0.123413
0.0831656
0.148543
0.069483
0.0255562
0.0832308
0.0914185
0.14274
0.0528336
0.0678325
0.121091
0.137202
0.0855877
0.101946
0.1317
0.0666675
0.148793
0.0876241
0.136252
0.136553
0.0460296
0.132226
0.142508
0.0877076
0.0731422
0.117555
0.137566
0.120097
0.142235
0.068137
0.135023
0.110663
0.0469525
0.108108
0.0843286
0.0562469
0.0941537
0.0864127
0.15235
0.126125
0.138654
0.138744
0.124434
0.114611
0.0723877
0.0682515
0.123495
0.139835
0.128549
0.137493
0.149681
0.0854209
0.074086
0.0578287
0.110037
0.135988
0.14722
0.142586
0.098269
0.143424
0.0397474
0.140861
0.125841
0.062981
0.110565
0.135562
0.0640954
0.0864081
0.0380999
0.107604
0.0718559
0.0671515
0.0847702
0.0980467
0.0402206
0.103426
0.045466
0.0670401
0.116239
0.0423242
0.138844
0.132225
0.145815
0.120575
0.136659
0.0928385
0.0886494
0.150853
0.0452784
0.0872742
0.091808
0.0535553
0.145414
0.0841377
0.0998991
0.120884
0.139726
0.0833825
0.086391
0.0590187
0.125575
0.140358
0.119445
0.126001
0.0993339
0.143268
0.0701056
0.144515
0.086077
0.0958825
0.149913
0.174977
0.0956971
0.147288
0.0640656
0.0986547
0.0848508
0.0344965
0.0938537
0.081107
0.0638674
0.143767
0.0852128
0.0193127
0.143911
0.126258
0.0605759
0.134955
0.0975831
0.114933
0.0571534
0.166216
0.0668096
0.0863601
0.0568754
0.14937
0.140752
0.150133
0.0757269
0.0956516
0.0834254
0.16054
0.0817165
0.109897
0.103893
0.0752401
0.0639638
0.056932
0.0810325
0.134083
0.0908432
0.103957
0.0813767
0.11673
0.114236
0.106933
0.123402
0.090402
0.146413
0.122743
0.116612
0.112047
0.152293
0.0821887
0.14667
0.0792867
0.134107
0.130887
0.0982729
0.0736712
0.143289
0.0569531
0.0765728
0.090988
0.118346
0.0865888
0.139302
0.0759017
0.0984174
0.110527
0.107313
0.137326
0.118428
0.1318
0.092875
0.097668
0.0766213
0.121749
0.114379
0.0791382
0.152706
0.127665
0.0602876
0.149402
0.0860089
0.150155
0.148588
0.118172
0.0800457
0.115822
0.0189254
0.0858645
0.103787
0.0690545
0.0643619
0.0710537
0.0754353
0.147025
0.0970042
0.104874
0.105392
0.0897205
0.149187
0.0633799
0.0994871
0.113212
0.101976
0.158819
0.149536
0.0427061
0.018457
0.0976433
0.115894
0.150177
0.108866
0.0221392
0.122292
0.144421
0.147458
0.121034
0.110498
0.131932
0.0971673
0.144152
0.0784971
0.0969489
0.019147
0.120403
0.111379
0.113334
0.144095
0.0614053
0.114102
0.0614574
0.0947077
0.141737
0.0750562
0.076681
0.1266
0.0749582
0.0692037
0.144224
0.147001
0.119547
0.0987115
0.136618
0.0607237
0.076185
0.0708918
0.100937
0.03493
0.0676228
0.12757
0.069674
0.0465842
0.129589
0.152103
0.148595
0.112292
0.0704372
0.135606
0.0778724
0.0726726
0.100479
0.122561
0.0727615
0.14138
0.075588
0.133506
0.14817
0.0687663
0.0684396
0.163123
0.132151
0.0954976
0.0718139
0.146634
0.149959
0.0770955
0.0997288
0.114768
0.070379
0.0271915
0.0296311
0.0929805
0.156023
0.132228
0.0850682
0.0756329
0.100222
0.101453
0.0494628
0.0743417
0.0714002
0.145403
0.0334182
0.107282
0.1155
0.127728
0.152022
0.148394
0.115874
0.0527016
0.0949099
0.115059
0.102514
0.0398679
0.0426939
0.105018
0.120723
0.0739991
0.114534
0.0718406
0.0967922
0.0672604
0.0802819
0.105983
0.101515
0.0353437
0.0816515
0.108633
0.129504
0.113995
0.147413
0.0734237
0.132365
0.0962308
0.0932282
0.0291263
0.150805
0.0865473
0.150773
0.128783
0.101654
0.131059
0.0476534
0.145248
0.12469
0.107382
0.116788
0.117048
0.127086
0.0308954
0.149069
0.0440024
0.0308726
0.042475
0.100594
0.144403
0.144361
0.0363131
0.150299
0.0644146
0.0872127
0.133856
0.118787
0.0305542
0.0740154
0.137213
0.105458
0.137396
0.0856789
0.130973
0.0873745
0.0522414
0.119413
0.0688016
0.0742518
0.136166
0.0614581
0.0686476
0.0408984
0.113338
0.124926
0.0676039
0.150207
0.11171
0.147736
0.161367
0.0987539
0.0606262
0.0618658
0.139153
0.0391441
0.135741
0.127834
0.123456
0.113524
0.126538
0.0917241
0.149303
0.130063
0.104514
0.118498
0.0285108
0.138501
0.164988
0.0190387
0.0788866
0.07266
0.107578
0.100878
0.13277
0.136112
0.130877
0.0815811
0.104188
0.0276182
0.127318
0.142977
0.122403
0.13828
0.1504
0.137044
0.149572
0.0765626
0.101589
0.0589413
0.12854
0.151842
0.0772295
0.0762414
0.126795
0.0468675
0.147174
0.125959
0.0888066
0.131699
0.134453
0.152723
0.0690742
0.101243
0.0389038
0.144888
0.0400809
0.0843874
0.0468807
0.139943
0.135754
0.155823
0.0599071
0.0373137
0.0726303
0.148095
0.0408529
0.0733515
0.0416509
0.147544
0.0909219
0.133773
0.149407
0.107531
0.0969636
0.14902
0.0719877
0.116646
0.0982473
0.102763
0.0835198
0.100226
0.108429
0.115074
0.133934
0.133797
0.094974
0.150157
0.117791
0.112423
0.133575
0.132246
0.0606395
0.067149
0.15864
0.076461
0.133118
0.0403118
0.0941147
0.0431824
0.102604
0.0721539
0.116556
0.128798
0.106639
0.0672408
0.144554
0.104716
0.0702032
0.0646451
0.0883235
0.0952603
0.121248
0.0879853
0.113174
0.0986315
0.0939274
0.0508656
0.116335
0.0763019
0.112684
0.136285
0.0262206
0.0633514
0.125644
0.134011
0.0380786
0.150353
0.140701
0.0864672
0.149301
0.140138
0.0574647
0.0317609
0.142553
0.0839873
0.118529
0.0721015
0.0668522
0.0364424
0.105709
0.150756
0.111253
0.114477
0.0192257
0.136728
0.155281
0.142846
0.139416
0.139348
0.140576
0.113155
0.126627
0.1497
0.112431
0.0564096
0.143486
0.161177
0.0405963
0.132574
0.168881
0.121386
0.0590364
0.149338
0.0379558
0.152923
0.129881
0.129846
0.0745215
0.132282
0.122357
0.139866
0.0719787
0.0668961
0.0611631
0.0685526
0.12149
0.126556
0.0607109
0.129925
0.145249
0.140325
0.147447
0.104944
0.100267
0.131973
0.10784
0.1161
0.145675
0.0288472
0.145672
0.0301711
0.0928177
0.103151
0.100604
0.0871416
0.0290638
0.126859
0.147598
0.0433813
0.0386047
0.032149
0.152356
0.127084
0.0776845
0.134233
0.0404566
0.0229996
0.146489
0.147456
0.114327
0.166769
0.144891
0.0680479
0.126137
0.055281
0.028998
0.124678
0.137513
0.0493304
0.0427235
0.136424
0.174446
0.0235591
0.0310958
0.149942
0.148411
0.150267
0.141065
0.058194
0.0327617
0.125376
0.146189
0.0433032
0.10401
0.106971
0.148276
0.0715797
0.0432827
0.0739175
0.0434649
0.0420651
0.0225785
0.0463417
0.0286972
0.0741075
0.0293691
0.0785689
0.145051
0.0652373
0.0784319
0.0702653
0.0419965
0.0213938
0.131457
0.14904
0.0439686
0.0491999
0.112226
0.135633
0.0281689
0.0404852
0.0320223
0.0931599
0.0402917
0.141231
0.109175
0.121293
0.149287
0.128151
0.0417815
0.0466161
0.124208
0.123916
0.041063
0.16506
0.133817
0.0577026
0.148418
0.0642638
0.019603
0.0942632
0.0923809
0.120268
0.0426906
0.122285
0.146552
0.131797
0.0230627
0.0912559
0.028612
0.0285211
0.0601252
0.104475
0.150483
0.0980482
0.147997
0.139202
0.0660633
0.101849
0.107561
0.116945
0.0313698
0.126004
0.145324
0.149718
0.0652826
0.148608
0.151422
0.147016
0.134858
0.0282165
0.0918731
0.0907974
0.0345567
0.141857
0.127284
0.10175
0.122176
0.11491
0.100374
0.0992378
0.132167
0.0713788
0.132727
0.114929
0.110452
0.0660628
0.072689
0.0291206
0.07782
0.0930615
0.0223521
0.120322
0.147437
0.148253
0.144722
0.0589908
0.149001
0.13737
0.144943
0.133719
0.0929752
0.0717297
0.0289436
0.149679
0.0328522
0.0500127
0.0356977
0.160027
0.124308
0.122528
0.12273
0.0674482
0.136584
0.0395732
0.0444407
0.149563
0.148499
0.144357
0.0135566
0.171496
0.0382043
0.0617024
0.132414
0.104704
0.0458167
0.150158
0.161161
0.0432422
0.118342
0.104578
0.0993739
0.1315
0.0197332
0.149609
0.0323112
0.0722764
0.108559
0.131741
0.042625
0.04362
0.0411616
0.137643
0.147768
0.129786
0.0195561
0.100466
0.12585
0.132123
0.137959
0.149732
0.149953
0.130931
0.115369
0.0300973
0.126247
0.145629
0.12109
0.0444905
0.0982216
0.0767283
0.0198928
0.0417365
0.146871
0.131495
0.0976176
0.0452667
0.0761506
0.0311333
0.133611
0.143221
0.133601
0.0292054
0.030717
0.0966625
0.0984665
0.150993
0.140536
0.128568
0.105414
0.0335627
0.0300823
0.0980151
0.0973599
0.0353118
0.0528055
0.0387957
0.0404833
0.0733996
0.136347
0.134739
0.0609374
0.0885873
0.123653
0.138334
0.146887
0.0390405
0.144221
0.0445291
0.154003
0.0807476
0.118973
0.0357176
0.0540006
0.132565
0.0436847
0.120885
0.042012
0.0303962
0.114918
0.0231334
0.123613
0.130565
0.116485
0.0772957
0.0505291
0.14201
0.0211845
0.13185
0.0212871
0.0480647
0.0955673
0.107403
0.150773
0.109625
0.0443801
0.044162
0.096557
0.166347
0.148082
0.0901543
0.125905
0.0229725
0.0857121
0.0453645
0.0447794
0.147061
0.116798
0.148137
0.145859
0.0715808
0.0984102
0.137257
0.0723915
0.0221205
0.0332034
0.113601
0.110289
0.0690504
0.0908435
0.0434565
0.0464032
0.0337118
0.126736
0.168386
0.138722
0.0523441
0.14514
0.0371855
0.161732
0.039804
0.0448843
0.130756
0.132714
0.0979377
0.107917
0.0427725
0.131205
0.0908776
0.040399
0.0292578
0.138485
0.0901856
0.0424565
0.109835
0.148246
0.12546
0.138407
0.13799
0.0200488
0.0227846
0.0634584
0.145731
0.127989
0.136026
0.130527
0.148166
0.146806
0.152257
0.11004
0.112398
0.0967268
0.138298
0.10614
0.0381481
0.0435671
0.148167
0.148385
0.149986
0.0195398
0.114195
0.16019
0.11695
0.0758935
0.108372
0.0183663
0.0799887
0.072801
0.15019
0.130744
0.0244494
0.101887
0.0406142
0.135058
0.0398574
0.0899671
0.14949
0.0889482
0.0385544
0.0432732
0.166924
0.0664009
0.0313141
0.131627
0.0703275
0.151279
0.147719
0.0728349
0.0448507
0.0199864
0.0756169
0.126519
0.075179
0.121461
0.127471
0.120722
0.11508
0.152141
0.0436992
0.0219098
0.135383
0.0934981
0.147517
0.0234526
0.129396
0.130549
0.128541
0.143468
0.0314279
0.145089
0.0524294
0.0237217
0.161038
0.133279
0.022289
0.107241
0.111795
0.101687
0.100467
0.0713863
0.134147
0.126777
0.135724
0.130782
0.102558
0.0958968
0.0876842
0.0898298
0.131297
0.103184
0.132332
0.0657226
0.139024
0.161717
0.125753
0.0193509
0.0906881
0.0434713
0.0876126
0.148944
0.0746837
0.0659501
0.17533
0.0845613
0.147254
0.144629
0.110724
0.106724
0.122368
0.10573
0.148981
0.141425
0.0656193
0.0713962
0.133278
0.0145657
0.108239
0.124725
0.0219062
0.118865
0.138096
0.0861808
0.058167
0.127941
0.146459
0.0978956
0.1041
0.149085
0.148379
0.124999
0.0767566
0.086027
0.0191183
0.131782
0.104554
0.156293
0.140295
0.0235671
0.0607064
0.0842443
0.137082
0.144671
0.0437711
0.140061
0.132043
0.146978
0.0957431
0.123732
0.0281327
0.0427762
0.142354
0.155112
0.151961
0.0169595
0.148298
0.162726
0.127496
0.146338
0.119894
0.129271
0.0722827
0.112467
0.120758
0.02782
0.125357
0.121807
0.133591
0.0871832
0.0419973
0.138906
0.134067
0.131438
0.145589
0.047026
0.0872762
0.0389503
0.13662
0.163153
0.123431
0.144562
0.14959
0.120737
0.0954051
0.0394041
0.100804
0.150302
0.093547
0.0853733
0.0284387
0.0341719
0.067543
0.142498
0.0632741
0.138996
0.0959848
0.129854
0.0707907
0.148576
0.0618887
0.111818
0.109001
0.0480996
0.113065
0.106208
0.119187
0.0991049
0.0983976
0.0510096
0.123654
0.178096
0.0460087
0.106328
0.146346
0.0887054
0.0684049
0.115187
0.117952
0.111784
0.141082
0.147534
0.130977
0.123017
0.130229
0.0737268
0.0212063
0.109154
0.153958
0.0986112
0.0569165
0.124471
0.15334
0.068531
0.116659
0.120976
0.136617
0.123747
0.135957
0.0611775
0.124618
0.0282205
0.0760393
0.0692763
0.128699
0.0283459
0.0406501
0.126674
0.127302
0.0971949
0.114489
0.152702
0.103362
0.0693967
0.143796
0.0612059
0.144682
0.148444
0.13149
0.150801
0.142567
0.0478975
0.128961
0.0247699
0.0600721
0.0901606
0.143556
0.0880031
0.0277454
0.105517
0.0425946
0.0390886
0.134419
0.135367
0.10947
0.0933855
0.129181
0.145291
0.125231
0.0490251
0.134845
0.0888388
0.128503
0.0285254
0.165588
0.136678
0.145587
0.129561
0.134384
0.0287686
0.0785905
0.110427
0.0814892
0.138034
0.0433975
0.110198
0.137316
0.104898
0.0299647
0.048558
0.124379
0.12469
0.135443
0.0814072
0.0967878
0.141763
0.0913871
0.0275856
0.128133
0.0451325
0.132139
0.132745
0.0678683
0.135319
0.0706757
0.0288765
0.0636778
0.140903
0.0206473
0.116067
0.147046
0.1332
0.0470859
0.113629
0.127657
0.13588
0.143123
0.0903335
0.0204501
0.0987997
0.105549
0.145229
0.149238
0.133995
0.130182
0.129417
0.0779307
0.0278126
0.104796
0.0284925
0.13407
0.043249
0.0713682
0.144679
0.132173
0.143261
0.100367
0.0516104
0.134983
0.163371
0.13303
0.0279161
0.0438047
0.133305
0.0423981
0.111707
0.131279
0.135438
0.142834
0.049505
0.0238204
0.140721
0.0286092
0.137219
0.0886722
0.118229
0.0336797
0.152585
0.135272
0.128372
0.14469
0.0218852
0.107712
0.041189
0.0685409
0.142502
0.0723093
0.110844
0.02713
0.0410806
0.108539
0.12282
0.144465
0.0210326
0.0445955
0.0363431
0.110272
0.147441
0.0271122
0.0670956
0.036892
0.13472
0.15185
0.145523
0.0191007
0.0646601
0.111086
0.137897
0.0465746
0.135048
0.143988
0.138663
0.141658
0.0463455
0.0901769
0.170189
0.0355555
0.0192083
0.0980924
0.107164
0.144929
0.117496
0.0907511
0.126367
0.144715
0.139659
0.0218248
0.132921
0.116031
0.0951759
0.126583
0.0468474
0.138944
0.13584
0.141767
0.0380499
0.143006
0.125532
0.143333
0.133204
0.0380395
0.14687
0.137174
0.146585
0.0535374
0.137803
0.13664
0.0924495
0.113744
0.0738173
0.140198
0.0863586
0.0728608
0.0914829
0.0985846
0.0804193
0.110173
0.0837002
0.0231069
0.119283
0.148457
0.118398
0.104354
0.10328
0.0995527
0.126728
0.131919
0.0932315
0.124601
0.105639
0.130286
0.0695571
0.0703931
0.0470798
0.0711371
0.0841147
0.13209
0.144037
0.143572
0.150776
0.134639
0.0896438
0.098165
0.111695
0.108395
0.113607
0.137988
0.1039
0.0211035
0.12894
0.119958
0.138625
0.0858873
0.1299
0.15458
0.108513
0.133889
0.0827613
0.129596
0.124445
0.0927736
0.0574577
0.0657755
0.0935181
0.146331
0.103849
0.13934
0.142384
0.0621229
0.124224
0.0190638
0.132827
0.134554
0.117139
0.133218
0.13668
0.131554
0.140828
0.0808201
0.104699
0.110838
0.144998
0.0722696
0.106205
0.0641391
0.141589
0.138336
0.140069
0.0210611
0.0426004
0.141135
0.100082
0.146215
0.11791
0.132904
0.137157
0.142078
0.123149
0.106838
0.145006
0.125101
0.1147
0.0924168
0.139185
0.165047
0.115031
0.136977
0.12822
0.119417
0.0921687
0.124909
0.0894819
0.147645
0.144586
0.116416
0.147996
0.0388219
0.0379612
0.0258376
0.129767
0.146117
0.0184531
0.0656145
0.152409
0.134423
0.0873121
0.0880674
0.1703
0.0186731
0.0682665
0.0922292
0.109521
0.142989
0.0683757
0.128115
0.104884
0.12739
0.107654
0.135157
0.0194952
0.0195548
0.0893063
0.131133
0.133308
0.130774
0.120733
0.104947
0.108284
0.0204722
0.0838683
0.144274
0.105277
0.139878
0.0199539
0.133201
0.106967
0.10034
0.0678238
0.0368984
0.0946588
0.0429073
0.13654
0.149623
0.149359
0.124111
0.134399
0.137562
0.110945
0.0568282
0.158167
0.0663841
0.107866
0.103011
0.144369
0.132337
0.148895
0.0916028
0.141326
0.0195002
0.124971
0.133521
0.138967
0.110557
0.0855533
0.122469
0.144327
0.0244773
0.045345
0.0422371
0.0785033
0.132099
0.140954
0.0963233
0.108437
0.122986
0.111766
0.105412
0.132136
0.0659124
0.130081
0.11652
0.153271
0.110425
0.130314
0.144028
0.0632844
0.0822332
0.129097
0.0503607
0.141082
0.119077
0.0630698
0.143122
0.10068
0.0445813
0.139501
0.135662
0.144139
0.123783
0.13967
0.028845
0.120732
0.100052
0.0985867
0.0944622
0.108331
0.0444397
0.122932
0.10737
0.0703376
0.0728232
0.161789
0.135387
0.142933
0.133746
0.124138
0.113979
0.0453887
0.098557
0.0807965
0.143039
0.106106
0.138541
0.0711177
0.124654
0.0199217
0.0985101
0.100999
0.149382
0.169717
0.139438
0.135265
0.106041
0.131864
0.0860354
0.132862
0.134483
0.144459
0.0661046
0.12727
0.131189
0.133449
0.0191331
0.137781
0.105841
0.0956131
0.125889
0.0392797
0.12585
0.0838685
0.0884208
0.127634
0.131207
0.150455
0.134576
0.0478288
0.13153
0.138004
0.127217
0.105327
0.0123328
0.131126
0.0862841
0.140759
0.138023
0.130453
0.0897346
0.125899
0.062824
0.120009
0.0687301
0.134478
0.063545
0.0687372
0.138663
0.0742155
0.113516
0.0408806
0.0897305
0.140524
0.119074
0.0423035
0.128359
0.132603
0.13023
0.139212
0.122839
0.164188
0.110828
0.117475
0.0583447
0.0519698
0.0702519
0.152635
0.135233
0.105677
0.135475
0.139582
0.0464874
0.0619506
0.0697909
0.124681
0.0431254
0.0847735
0.134721
0.118664
0.137462
0.0714847
0.137793
0.0933849
0.022482
0.0302695
0.122385
0.142147
0.133301
0.0420099
0.142815
0.131862
0.132884
0.116759
0.123448
0.0417357
0.0870972
0.133467
0.139515
0.125192
0.141353
0.129615
0.131447
0.152843
0.124206
0.0920579
0.0701856
0.0296042
0.13286
0.129547
0.126593
0.0932714
0.128424
0.127365
0.138055
0.0750933
0.0414642
0.125821
0.136786
0.106761
0.091462
0.127083
0.0744566
0.123453
0.0421202
0.0942071
0.144433
0.0107277
0.0172461
0.13924
0.113505
0.141303
0.153993
0.124
0.127779
0.153417
0.126482
0.138477
0.0612714
0.10728
0.126251
0.15188
0.106909
0.125038
0.0951276
0.0991357
0.141778
0.110862
0.0841207
0.091121
0.0972429
0.117051
0.0978862
0.139167
0.10898
0.108406
0.133603
0.0719586
0.0809512
0.0335643
0.149925
0.096533
0.0666859
0.081868
0.105303
0.137008
0.0705416
0.0696092
0.0950906
0.112697
0.0941772
0.016986
0.119519
0.0219565
0.0947387
0.1118
0.0408525
0.139241
0.0922469
0.137914
0.0653376
0.114015
0.0997596
0.145062
0.0686796
0.0804951
0.127489
0.0977141
0.0952573
0.126743
0.137924
0.129581
0.0605164
0.096566
0.12469
0.14146
0.123732
0.103723
0.13112
0.0600392
0.124047
0.0304554
0.139189
0.0706618
0.0203466
0.132755
0.119216
0.120204
0.0827311
0.0725149
0.0926838
0.0577797
0.143593
0.135653
0.135296
0.0499955
0.0986346
0.0229688
0.124226
0.0463439
0.13277
0.0967127
0.16664
0.145062
0.119637
0.128608
0.128765
0.0490053
0.127937
0.137458
0.0634894
0.132656
0.0350239
0.139778
0.130461
0.130461
0.145394
0.159163
0.0734659
0.1251
0.1545
0.0424417
0.0283686
0.093765
0.0255399
0.108028
0.117918
0.0928801
0.0486003
0.0197816
0.132528
0.0916906
0.0988813
0.137749
0.12177
0.101648
0.107404
0.096439
0.103323
0.124861
0.134984
0.136202
0.125274
0.0910119
0.103943
0.0983236
0.0710215
0.118045
0.0882902
0.0746639
0.117675
0.12123
0.117057
0.121253
0.0696387
0.0949704
0.144442
0.104258
0.100355
0.137505
0.0788545
0.121393
0.0892658
0.139413
0.125294
0.0613301
0.074098
0.0671157
0.137367
0.126235
0.13606
0.039105
0.119094
0.124659
0.133572
0.0880722
0.12433
0.135641
0.0944351
0.13394
0.0202301
0.0221561
0.134775
0.122441
0.0419717
0.139065
0.0466035
0.130299
0.136852
0.108519
0.0901874
0.119195
0.0586682
0.0981721
0.0725546
0.0172927
0.0731949
0.101357
0.0871369
0.0320792
0.146614
0.0974553
0.0954017
0.10357
0.13037
0.141674
0.105687
0.0261488
0.0683865
0.119841
0.0430839
0.0914122
0.133439
0.0782408
0.126529
0.0718613
0.130732
0.090042
0.115207
0.108094
0.108489
0.0908832
0.0640967
0.0954441
0.0383298
0.14288
0.132679
0.143441
0.0655685
0.136087
0.150322
0.0994474
0.0951558
0.105885
0.0649264
0.143674
0.148195
0.0234756
0.116117
0.133915
0.0432263
0.0676944
0.0960437
0.14196
0.112212
0.132845
0.0490404
0.105856
0.137011
0.0420447
0.140764
0.140296
0.0769408
0.132053
0.145088
0.0388848
0.0825113
0.12416
0.11856
0.0974319
0.114669
0.134158
0.100325
0.126659
0.0704518
0.0475267
0.138434
0.132164
0.12453
0.0547512
0.0307972
0.07681
0.0943431
0.121594
0.139506
0.15359
0.121765
0.0451238
0.0428834
0.0468722
0.0392932
0.0486816
0.13372
0.090238
0.103305
0.127999
0.0702911
0.125259
0.0957995
0.11811
0.0954774
0.111286
0.154163
0.116167
0.149258
0.0736735
0.0898946
0.108243
0.12998
0.102169
0.0682891
0.0438348
0.110792
0.042237
0.121609
0.120913
0.132936
0.145009
0.0935
0.126807
0.0210728
0.146681
0.126131
0.0970211
0.0429906
0.126464
0.15325
0.12055
0.104322
0.0895803
0.128174
0.11789
0.124554
0.139004
0.0853326
0.138604
0.110874
0.0667129
0.126256
0.106059
0.107737
0.125217
0.0466881
0.136592
0.130382
0.0202372
0.0275467
0.148144
0.0428297
0.0761929
0.0969451
0.0676979
0.106395
0.134805
0.0119477
0.11961
0.074591
0.118205
0.144786
0.147127
0.0205509
0.0961833
0.118479
0.0940942
0.125426
0.149407
0.149175
0.0433576
0.0733892
0.103759
0.0494215
0.132408
0.111692
0.0764718
0.125696
0.0428197
0.0972089
0.090339
0.140902
0.0203622
0.140029
0.121565
0.126171
0.139242
0.126895
0.124544
0.09302
0.0842971
0.13464
0.0152339
0.138078
0.139263
0.128395
0.135082
0.15356
0.0587553
0.114235
0.111129
0.129624
0.142903
0.0725919
0.0502421
0.131779
0.0377799
0.0868181
0.0289728
0.121395
0.0962268
0.0927375
0.138234
0.0778438
0.125611
0.11444
0.0287271
0.120272
0.113262
0.0361973
0.130312
0.104022
0.0602003
0.0386857
0.111791
0.137717
0.135147
0.0716991
0.07284
0.0199354
0.0774142
0.138647
0.129812
0.0216615
0.0915264
0.144672
0.0433386
0.140385
0.11645
0.0996576
0.129005
0.10366
0.112053
0.0774348
0.121988
0.0640979
0.073563
0.111903
0.140019
0.0881076
0.0596942
0.12615
0.133817
0.114813
0.0923535
0.0962759
0.112461
0.129628
0.132179
0.136141
0.0640192
0.0776121
0.0441597
0.100328
0.12163
0.114693
0.0803456
0.109201
0.0248076
0.0221506
0.146651
0.134559
0.0902194
0.141938
0.0746379
0.128135
0.0200889
0.125899
0.127685
0.0832785
0.0629138
0.119131
0.0998255
0.13861
0.10896
0.114092
0.0981533
0.0201802
0.0168388
0.0865251
0.133189
0.116823
0.0822532
0.0908787
0.0929237
0.12166
0.11065
0.0645283
0.142399
0.0238212
0.110015
0.123175
0.0523433
0.118368
0.042142
0.108011
0.129664
0.13157
0.10409
0.0413801
0.129182
0.0276262
0.0488622
0.0832781
0.0424837
0.0646329
0.0154305
0.083546
0.105204
0.115381
0.108263
0.12175
0.128669
0.131324
0.0242306
0.120117
0.0847061
0.042964
0.120568
0.0905015
0.106176
0.0190095
0.137347
0.105332
0.131871
0.135579
0.0824806
0.14672
0.12439
0.0256913
0.120057
0.0900883
0.0756873
0.107489
0.0425667
0.0767127
0.130393
0.117446
0.0762188
0.0401311
0.113497
0.108967
0.138647
0.113485
0.0472022
0.0726288
0.0255715
0.0772142
0.105138
0.0956561
0.131482
0.028502
0.13974
0.0806725
0.126319
0.110615
0.10177
0.116294
0.0855377
0.116973
0.12075
0.0546122
0.107724
0.096452
0.139564
0.0973317
0.0986477
0.122579
0.112751
0.118834
0.0907257
0.0417161
0.101605
0.133703
0.125009
0.13247
0.0961116
0.0221002
0.127723
0.118383
0.12649
0.0210088
0.123684
0.095599
0.0910148
0.0829865
0.124593
0.0534562
0.102115
0.0713872
0.0375002
0.133617
0.0819508
0.131579
0.139424
0.0666672
0.107539
0.118617
0.0449385
0.103655
0.0325177
0.134958
0.122171
0.13161
0.100307
0.128805
0.135577
0.070445
0.130561
0.148804
0.11981
0.0706587
0.0263261
0.120858
0.0660297
0.043032
0.123112
0.112371
0.0789994
0.0889177
0.118473
0.107172
0.144885
0.127472
0.033639
0.0181597
0.0745745
0.0477989
0.0937803
0.134254
0.09913
0.0533923
0.0942306
0.0958819
0.0414034
0.0594629
0.106711
0.138091
0.133848
0.0813855
0.0369592
0.020149
0.126973
0.146079
0.122149
0.106681
0.0202126
0.0824083
0.079254
0.080633
0.0183112
0.035373
0.108431
0.0861618
0.128227
0.0196057
0.0750229
0.0960844
0.0902
0.14012
0.120194
0.102126
0.107528
0.135287
0.0933835
0.0901822
0.0832052
0.121597
0.122266
0.135415
0.119148
0.0188204
0.123868
0.08955
0.112889
0.121802
0.0678775
0.0796019
0.105066
0.110749
0.141955
0.0198078
0.119053
0.122501
0.13225
0.12408
0.0958685
0.0959512
0.142822
0.0898847
0.0231236
0.133523
0.120348
0.105389
0.0263954
0.131627
0.0497715
0.121878
0.09449
0.106899
0.0511048
0.0980473
0.0590331
0.0794412
0.0252047
0.08446
0.135552
0.136786
0.0691136
0.0445881
0.0921027
0.0307477
0.135321
0.0786668
0.0297865
0.122672
0.120096
0.110914
0.0627792
0.0721292
0.0861346
0.119651
0.118075
0.0685104
0.121348
0.134233
0.121786
0.13449
0.0745293
0.0594814
0.138932
0.121873
0.0733656
0.0943653
0.0202981
0.120612
0.0638883
0.122166
0.0498458
0.144666
0.0843857
0.0445666
0.100826
0.0617764
0.133056
0.0432274
0.112561
0.122257
0.114579
0.0946668
0.141436
0.117907
0.129156
0.135608
0.121879
0.0927959
0.100005
0.0781245
0.0394449
0.135373
0.10369
0.073601
0.0752807
0.109425
0.105252
0.036151
0.0526789
0.0786989
0.13144
0.143079
0.137832
0.1283
0.105265
0.0776461
0.109361
0.1177
0.105907
0.0410756
0.0817214
0.031156
0.080587
0.0377116
0.149008
0.11112
0.0948768
0.0882416
0.0780224
0.133386
0.0536842
0.119449
0.0976229
0.133398
0.0785316
0.0477057
0.0553628
0.113858
0.0745716
0.0832779
0.0698202
0.120298
0.125891
0.0443399
0.105915
0.131651
0.112913
0.134211
0.135427
0.0396434
0.13392
0.0794272
0.122843
0.0773032
0.0663138
0.118566
0.117737
0.117922
0.082714
0.0401622
0.0881807
0.101404
0.0885408
0.0269668
0.0766049
0.133803
0.124553
0.0805483
0.106016
0.105778
0.0998086
0.0912234
0.066029
0.07654
0.117437
0.0618163
0.0749256
0.0876128
0.128626
0.110559
0.1084
0.0807912
0.11603
0.0733844
0.0612072
0.0787183
0.0165801
0.138477
0.0982095
0.0718086
0.125829
0.124951
0.092043
0.0414175
0.0790531
0.0721631
0.0226698
0.134108
0.116379
0.0435863
0.0778491
0.127763
0.0755702
0.110245
0.116043
0.140999
0.11502
0.0661136
0.10308
0.135202
0.105364
0.0493048
0.0156622
0.130078
0.0569496
0.119419
0.0192577
0.132617
0.139434
0.0432523
0.137885
0.117936
0.0987941
0.110864
0.0961434
0.127389
0.0784955
0.056858
0.0696633
0.0909076
0.0795199
0.106514
0.0977529
0.0974703
0.088205
0.104457
0.0895549
0.0726574
0.0649485
0.128413
0.0942591
0.0875022
0.0752357
0.0164614
0.135275
0.140046
0.103255
0.107208
0.0407336
0.0662629
0.0174493
0.0915351
0.0717626
0.0791317
0.103119
0.12056
0.105418
0.0702551
0.0124576
0.0195975
0.120002
0.110084
0.156976
0.114442
0.0173182
0.0959994
0.085136
0.0902411
0.0339115
0.0972219
0.0770846
0.110683
0.120015
0.0773281
0.0686721
0.116817
0.0411992
0.018259
0.0193518
0.0811567
0.0366773
0.0644854
0.10176
0.0379816
0.0840202
0.0285404
0.124104
0.112031
0.0487392
0.108997
0.0932992
0.0708244
0.115415
0.0921456
0.111366
0.128787
0.0798966
0.0432505
0.109666
0.123504
0.0922184
0.0401437
0.102712
0.0174528
0.113702
0.126397
0.0198497
0.137016
0.140301
0.129741
0.0607639
0.112227
0.0897452
0.115764
0.0938683
0.144156
0.117368
0.0135661
0.0728651
0.0799783
0.0589931
0.0679148
0.0173227
0.101654
0.0659801
0.0773512
0.0629527
0.116697
0.125058
0.0226877
0.0641371
0.0740006
0.039447
0.104256
0.0694235
0.112635
0.104263
0.115014
0.0733561
0.0174541
0.0943494
0.0773022
0.0296792
0.0735102
0.14173
0.0160563
0.0714497
0.0295277
0.0880288
0.083433
0.041802
0.108856
0.106561
0.104997
0.0863798
0.0770749
0.0984959
0.105446
0.0418786
0.0367695
0.0733407
0.0873861
0.0295357
0.0179089
0.0897518
0.0779804
0.066225
0.109735
0.0216233
0.105842
0.11025
0.0728565
0.0193995
0.110594
0.0432469
0.0834279
0.0189731
0.0743947
0.105756
0.0413702
0.0397522
0.0866554
0.104727
0.107404
0.056638
0.126422
0.0557171
0.0919581
0.0846817
0.105124
0.0171401
0.109474
0.09491
0.0750488
0.103601
0.108438
0.115058
0.0375015
0.0741532
0.0273136
0.0421919
0.0988098
0.0737001
0.0751699
0.078475
0.114265
0.0198509
0.059054
0.0756822
0.10615
0.0882329
0.0941608
0.0714402
0.0265832
0.0681395
0.109908
0.118249
0.0815694
0.110042
0.111028
0.0816865
0.083684
0.11236
0.0905899
0.0246944
0.0756088
0.0817099
0.0247195
0.0631798
0.0409161
0.0753313
0.0411797
0.0944224
0.0681025
0.0719296
0.0358115
0.0797593
0.0992034
0.0542325
0.0853031
0.0203526
0.0566292
0.0814689
0.113934
0.0824441
0.113307
0.139549
0.109356
0.127971
0.0793818
0.10638
0.0925074
0.0627219
0.0871214
0.0185638
0.0577364
0.105376
0.081429
0.0624637
0.0999158
0.107708
0.125425
0.104631
0.0415101
0.096496
0.106994
0.0748986
0.0627375
0.0588887
0.110264
0.0701234
0.0511302
0.101682
0.0137481
0.0881092
0.0748751
0.0572954
0.117457
0.132425
0.0964975
0.107223
0.062183
0.0531669
0.0273831
0.0997281
0.0891386
0.10694
0.0650333
0.115986
0.118454
0.091146
0.0834927
0.0830714
0.127314
0.116142
0.0154434
0.0997447
0.0725017
0.119643
0.107537
0.100773
0.0992028
0.0376783
0.114489
0.108845
0.0901231
0.0862296
0.0891585
0.0918357
0.111537
0.0260562
0.103952
0.0638958
0.0254117
0.083275
0.0951549
0.0481508
0.095715
0.0814578
0.0962004
0.0618341
0.102934
0.039532
0.0877151
0.0985963
0.0839284
0.0882392
0.078327
0.0249579
0.0746241
0.130187
0.037557
0.134912
0.0776247
0.0635844
0.0994513
0.0707688
0.107825
0.0156177
0.0427462
0.07695
0.0808236
0.0864603
0.0980524
0.0809853
0.0386334
0.118417
0.126822
0.0593945
0.0740565
0.0770537
0.0732906
0.0349025
0.0993111
0.0949274
0.0314387
0.09209
0.0978976
0.1043
0.037005
0.0353798
0.0521019
0.042942
0.0415284
0.0198765
0.0386544
0.0518673
0.0193489
0.132578
0.0654148
0.0170775
0.110561
0.121799
0.0411577
0.0967109
0.0395074
0.106636
0.0915915
0.119657
0.0408939
0.020999
0.0444065
0.128909
0.130594
0.0289627
0.138851
0.0363773
0.118685
0.0639165
0.148264
0.102195
0.0437244
0.0707899
0.140018
0.0745942
0.111143
0.136059
0.113311
0.0432168
0.008647
0.0546226
0.0422891
0.118872
0.0375774
0.0805196
0.0222919
0.104233
0.0394053
0.113779
0.110317
0.10275
0.0207763
0.0423844
0.0747742
0.046088
0.132215
0.131288
0.104613
0.122836
0.132119
0.0495453
0.0981276
0.0730238
0.118909
0.100709
0.0949667
0.132996
0.0356013
0.0732993
0.0392801
0.106689
0.0211405
0.0990274
0.0380916
0.0689403
0.105006
0.107854
0.0374361
0.110493
0.092629
0.071755
0.0869538
0.110431
0.0586493
0.0720467
0.0422769
0.0678506
0.042301
0.046622
0.115215
0.0377432
0.0927268
0.0734409
0.0196596
0.0982086
0.0434941
0.070891
0.0731456
0.099533
0.041693
0.066591
)
;


// ************************************************************************* //
