/*--------------------------------*- C++ -*----------------------------------*\
| =========                 |                                                 |
| \\      /  F ield         | OpenFOAM: The Open Source CFD Toolbox           |
|  \\    /   O peration     | Version:  v2012                                 |
|   \\  /    A nd           | Website:  www.openfoam.com                      |
|    \\/     M anipulation  |                                                 |
\*---------------------------------------------------------------------------*/
FoamFile
{
    version     2.0;
    format      ascii;
    class       volScalarField;
    location    "550";
    object      omega_0;
}
// * * * * * * * * * * * * * * * * * * * * * * * * * * * * * * * * * * * * * //

dimensions      [0 0 -1 0 0 0 0];


internalField   nonuniform List<scalar> 
9793
(
0.0224537
17.4487
0.0219351
2.5254
0.0222596
0.282809
0.0896289
4.82391
0.0222737
22.5696
0.022197
0.0221878
0.021917
2.26157
0.0218224
0.0283151
0.0610953
0.0219292
1.78843
0.0215645
0.0216396
0.0222916
2.68182
4.83783
2.46668
0.0270589
0.0221016
0.022262
0.0215747
0.092421
7.91174
0.994017
0.0220132
0.0219433
0.0218723
0.0314881
0.0255497
0.025146
1.30555
0.0337238
0.0781594
8.47134
3.08334
0.0222717
0.0219626
0.0220438
6.44743
0.0222842
0.0217421
0.0219362
0.0311166
0.0218536
0.0431309
0.0222685
0.0339649
2.12464
0.0219267
0.121441
0.0217507
0.0222914
0.0273486
0.100631
0.0219502
0.0418702
0.0219645
0.0221829
26.1501
0.0250809
0.0261795
1.739
0.0219911
0.104356
4.8628
4.6202
2.414
0.0222623
0.0472905
8.36612
0.0219824
0.0222704
0.0510257
1.67458
0.0593972
0.024386
0.0262395
0.282631
0.022261
0.0898802
1.31835
0.0961962
1.86695
4.16401
3.76237
0.044602
2.58545
0.0219014
2.72764
0.0565786
0.0256252
0.0222684
1.47984
0.0404974
2.25486
0.0219677
2.0764
7.19073
4.489
0.0218789
0.0219866
0.0222834
0.0222335
2.21306
3.13925
7.62242
0.0219663
0.0221148
0.0249964
0.0220523
1.80274
0.0220295
1.82903
0.0969702
4.09696
0.0498435
0.0255966
0.022035
0.0700747
6.13138
0.351379
0.369121
0.0245903
0.0218051
0.0223406
0.0239811
0.0297427
0.178763
5.07049
0.0250723
0.0222736
0.0719668
1.63038
0.030166
0.02195
0.0716112
7.05047
0.617121
0.0220355
2.55298
0.0218019
0.0220296
0.022073
11.0078
0.0250461
0.0220946
0.0219255
2.94408
0.0660042
0.0219447
2.32061
0.0219209
0.0835711
0.0247454
0.0216467
0.359051
0.0221952
9.07248
1.96637
0.0224546
0.0218802
0.0222174
0.0219681
6.01429
23.811
1.54053
0.0219102
0.255351
0.143911
0.756342
0.0219673
0.0250205
2.35689
7.53906
0.108204
0.0220366
0.0220746
0.0218735
4.77012
4.83002
21.1461
2.40634
0.0220854
20.8387
0.447209
0.0256785
0.0217842
0.0235837
2.00466
0.0216003
0.0219266
0.0222042
0.0220161
0.021641
0.0328787
0.0265062
1.58711
0.0219363
0.030332
0.0224507
0.0224295
0.455125
0.067913
1.6621
0.0216365
1.56404
0.0243909
0.0519458
0.0218354
0.175023
0.0221233
0.0516379
0.0611036
0.0216443
1.50856
1.67467
0.0423772
0.0218879
0.0622862
1.8293
0.0507459
0.0516473
1.48682
0.195386
0.048977
0.0428812
0.381273
0.0216044
5.27188
6.51488
0.0216057
0.0222224
8.54423
0.0219058
0.0222313
0.15437
0.170735
0.0221695
0.0250645
0.0318185
0.0396537
0.0251963
0.0219732
0.0471222
2.87089
0.0216412
1.60245
0.0222619
0.0221709
0.0216628
2.03904
0.0219794
6.04194
1.55405
0.0221047
0.0221328
8.6404
0.021864
0.0222396
0.0218212
1.45881
0.27736
0.0253176
0.443166
0.111239
2.05773
4.1401
0.0224904
22.1276
0.0222641
1.89783
7.50222
1.40784
1.85766
0.188148
0.0246306
0.053964
0.0259572
0.021819
0.022571
0.461148
0.0272336
0.0221411
0.0222838
0.0216342
0.0216905
0.0216445
2.6853
0.0218692
0.0218089
0.0219045
0.0219194
5.25115
0.597324
0.0655842
0.0229919
0.0720139
0.0220273
3.18126
8.01211
0.0219732
1.75643
0.0391146
0.021957
26.6035
4.35944
0.0220214
0.0494816
14.0028
0.0221911
0.034401
0.0218111
0.0222896
2.15963
0.0424668
0.0219529
0.0220232
0.0228468
0.18322
3.22262
0.0219396
0.0218727
0.0217815
6.68653
4.19562
5.37834
0.0215999
0.0449635
0.0352232
2.02836
0.0860058
0.0215971
0.0216592
0.0217823
0.0525418
0.0221307
4.95362
0.0220905
0.0217825
2.06951
2.62779
1.43095
0.0217684
1.44367
0.0252702
4.01728
4.86208
1.55762
0.0240301
0.0345528
5.01214
1.76372
2.11106
0.0266906
0.0222633
0.0257323
0.0217049
0.0218535
0.0221009
0.0220842
0.022292
5.31715
0.0222067
0.0700419
0.0335109
6.32674
0.0215911
0.0245043
4.81462
0.496675
2.30716
0.0828762
0.0217854
0.0241355
0.0219387
0.493557
0.02157
1.40081
0.165597
0.0899583
4.88754
2.12756
0.0221382
0.0218872
6.33891
0.436545
0.0219349
4.62539
0.0221323
0.0221764
6.29576
0.0216348
0.123431
0.0216155
1.91044
0.0220959
0.022209
1.99865
0.097547
0.0669258
0.0256879
0.0220763
0.0218392
3.57168
0.0562252
0.0215814
0.0221949
0.0353606
0.0350467
0.0658829
8.30683
0.022196
0.0219396
0.391919
0.0220827
2.45631
0.698961
0.0220664
0.0220183
0.0225316
0.0221175
0.0217647
1.48614
0.0520442
10.5447
0.029199
0.0238308
0.0500887
0.0248499
1.68621
0.0265698
0.0222677
0.0251097
0.527057
0.0219551
0.0219254
0.0219931
0.0215727
0.0219876
0.0218284
0.0220457
0.0221582
0.0230702
0.0258869
0.153435
0.0219835
1.54382
0.0260299
0.218465
5.3011
0.0218311
2.23632
0.0882572
0.021798
0.0215734
0.0219607
2.28557
0.112859
0.0215701
0.022122
0.0221975
0.068491
0.16012
7.86997
0.0219778
0.0219273
0.0321502
6.7519
1.39935
0.0239037
0.023828
1.61705
9.11226
1.03202
0.0222438
0.0217939
1.46686
0.0219061
0.141964
6.47191
0.0215694
0.246318
0.0288259
1.46342
0.0218392
1.60023
0.470046
0.027598
8.75113
0.0219043
1.82332
0.0220966
0.0218835
0.022223
0.0219441
1.97701
0.0218962
0.0217326
0.0229566
0.0216099
0.0217944
0.0492077
0.0230145
0.0408233
0.0220356
0.0220399
3.90087
0.0765331
0.0238474
1.56221
0.0252913
0.0222792
0.0219838
0.0217633
6.32437
0.0217208
0.0220697
7.7582
8.74211
0.0405968
0.0219249
0.022284
0.0222646
0.0222409
1.65697
0.0222497
2.89489
0.0250835
1.94596
0.0222619
17.4764
0.022308
0.241329
0.0219128
0.117619
4.18066
0.0221052
6.96414
0.0219001
0.0222182
0.0216284
3.06412
1.66199
0.0219673
0.0299826
0.021714
1.66438
0.0218576
0.0479639
1.46935
0.025435
0.0220274
0.0467817
0.0222451
0.0223322
0.0218019
0.143181
0.0219575
1.66758
0.0220534
0.0221566
0.0477191
0.0792954
7.08654
0.0217928
15.4388
0.0218817
0.211336
0.0219187
0.0223868
0.0219014
0.0220513
0.0222681
0.227633
0.0494822
6.73929
0.130438
0.0359646
0.0352468
4.95751
0.024394
1.66272
3.18323
0.280349
12.1949
6.87223
0.188513
0.0223435
3.25504
0.0473457
0.0222615
0.377883
0.0222509
0.457686
0.0372727
0.373421
0.0278626
2.3309
7.24602
0.044438
0.325672
0.0222161
0.662332
0.0229396
0.0219161
0.0221058
0.0239214
0.0515778
1.42012
0.283719
7.15597
0.0239932
0.0237027
1.48168
0.343058
0.0234998
0.0748938
0.0224562
4.70715
2.10627
0.0220606
0.0657116
0.289377
7.43456
0.0219595
0.0262214
4.39263
0.0318453
5.43187
0.124006
6.33201
0.0262185
0.0245325
0.0219878
0.0219242
1.02221
0.0222841
1.80354
0.162679
0.0863945
0.0222596
0.0222238
0.0241474
0.0221682
0.0218348
0.0219085
0.118706
2.4394
2.5656
0.0222796
0.365447
0.021951
3.90028
0.0574701
0.047958
0.0346287
0.365881
0.021749
0.0220637
0.0442644
0.0219054
0.0221999
0.0717426
1.73443
0.0216401
1.03854
1.35771
0.0254954
2.0284
1.35205
0.0218506
0.0620956
0.0293899
0.0220761
0.0216241
0.104929
1.38663
5.23999
0.0219746
0.0220174
0.0216729
0.0254686
0.0230504
0.0241713
0.593158
0.0570247
0.0221521
9.24451
0.0329786
0.0341975
0.0221467
19.2847
0.0243904
0.0219197
0.0896175
2.11409
0.0215868
0.0220516
0.0219456
0.0268141
0.0217445
0.0454632
4.47419
0.0222677
0.142276
0.0232349
0.0220787
7.15041
2.28768
3.0185
0.0220781
0.0216013
5.02626
0.0261432
5.34022
0.0215639
0.0219018
6.8224
2.70242
0.0324641
0.136412
0.0643582
0.021885
0.0222717
0.0220142
2.25436
0.0220578
0.0222928
1.6487
0.0277127
0.370437
0.0332486
0.0219362
2.10363
0.0222679
0.0219117
0.0219999
0.0314161
3.22604
0.022163
0.0219727
0.0219034
0.0218918
0.0219424
0.0220022
12.4181
0.0324621
0.0229701
0.022112
0.0324404
0.0706525
0.0281557
0.0287694
0.0222839
0.0216658
0.0237053
2.04574
2.76811
0.0235976
5.70334
0.0222154
0.0257476
1.70064
2.12144
0.0218127
0.022181
0.361878
0.0621929
0.0219087
0.0222485
1.6509
0.0222681
0.0776052
0.0220132
0.578755
0.0222474
0.0223311
0.0221282
0.0327414
0.0221091
0.0248394
0.0262864
0.173534
0.0218637
0.0219988
0.0222498
0.0218783
0.022291
0.0220303
0.0337302
0.0221128
0.0652172
2.51125
0.048394
0.0750334
0.0222021
0.021801
6.7359
4.03712
0.0216141
2.00752
7.50775
0.0216079
0.0219685
0.0218756
0.105392
0.0679756
2.28046
0.0218573
0.0259242
0.0218604
0.0223438
0.0223177
0.0917275
0.0222597
0.292558
0.022096
0.060564
0.0218944
0.0233218
0.0219133
0.0458382
0.0613489
6.61896
3.53013
1.90654
0.0569408
0.0219021
2.81005
3.52558
0.0789504
0.0221417
0.0220876
2.01905
0.0218683
2.99111
0.0216199
0.0330665
0.0223529
0.0222698
0.0218203
7.78616
2.04115
2.78377
0.0741238
5.37928
0.0219495
1.93665
6.94242
0.0222705
0.0221348
0.0217292
6.7099
0.021564
4.75498
0.0329744
0.185824
0.0223985
1.1984
12.3032
1.74875
0.0302633
0.0355038
0.0220416
15.4761
0.0215437
0.646409
0.316552
0.0709408
7.23542
1.81137
0.0246504
0.023799
0.0219507
0.128315
4.87484
5.02933
0.0217438
3.9048
0.0274398
0.170082
0.128227
1.76492
1.89057
0.0216508
0.0264191
0.034605
0.0250574
0.0244566
2.91246
0.0221972
8.08865
0.0217884
0.0216293
0.0866732
0.152767
6.62939
0.0228901
21.5538
13.7753
0.898719
0.0270486
0.022233
0.022894
0.022227
0.0219166
1.09151
4.69669
0.0223062
0.0219196
0.0367102
1.67997
0.0268099
0.0219287
0.432448
0.0219373
0.0222748
0.0215536
0.0774702
0.022031
0.0261788
4.43621
0.0700045
0.0223664
4.24548
0.131898
0.021932
0.0233221
0.0378856
0.0222624
0.0219663
0.0217691
10.4541
2.03026
0.0223045
0.0400835
0.0367212
0.652707
0.021955
1.99149
0.0218623
0.0217516
0.703388
0.689641
0.080194
0.0220726
0.0218928
8.2856
1.45843
0.309555
2.74951
0.0221051
0.0242023
0.0220171
8.50141
0.0245293
5.82659
0.0227955
0.0219945
0.0240949
0.0216795
0.0218767
0.0670487
0.0217803
2.03134
0.0218213
0.0222331
0.0215733
0.0261147
2.26462
2.69985
0.0662735
5.57447
0.0219822
0.0373
0.0238155
6.22492
0.0218536
0.0216397
2.46924
0.0356497
0.0334606
0.0221138
0.712761
8.20127
1.4138
0.0221867
0.0350873
0.967273
0.0361988
1.79724
0.151535
0.0885442
0.021797
0.0226408
0.0783661
0.0800878
0.0219896
0.133782
0.021737
0.0221835
0.0223539
0.0217825
0.0219061
0.021991
0.788584
0.026735
0.02332
0.0489449
0.0217528
0.0219282
0.0405879
1.59881
0.0864366
0.0680443
2.94776
0.0222339
5.75518
0.0302577
4.99544
0.0644781
0.022202
0.0222029
0.0240669
5.7105
1.73693
0.0542774
0.162904
0.0216615
0.0219164
0.0222479
0.0222013
7.66717
0.0270016
0.0220474
0.203156
0.307104
4.05109
0.0230502
2.30913
0.0569861
0.0468468
0.0372713
0.451347
0.262845
0.0223636
1.91591
1.18217
0.0395061
1.3761
0.0538629
0.0223671
0.0222638
0.0219129
0.0233489
0.0274789
16.1078
0.0618453
0.021873
0.599958
0.0220058
4.14391
3.3699
0.0219576
24.6993
0.0218178
0.0217782
0.0220946
2.01871
13.2267
0.060348
0.0317435
0.0217339
0.72815
0.0222313
0.0326022
0.0220932
0.0221743
0.0219805
3.72079
0.0229523
0.0427281
0.0299516
0.0222116
0.359577
0.150249
0.0402796
0.025952
0.0244984
1.39932
2.0128
0.0219218
0.0217814
0.0219182
0.0227443
9.68462
10.4607
0.245735
0.0262016
0.0217853
5.9586
5.14993
0.0223059
20.1483
0.0217132
0.0994114
10.1644
0.0217434
10.2175
5.21431
0.141452
6.27458
4.12151
0.0218521
0.0228063
2.39083
1.39432
0.0226638
4.81737
0.025871
0.0219046
0.0222738
0.0236341
0.0465444
0.0263496
0.310665
6.40407
0.253006
0.0348738
0.0220794
0.064819
2.21529
0.0217733
3.48836
0.051814
0.0222199
0.0251164
0.0222415
0.0222498
0.0320971
2.26178
0.0226983
0.0217903
4.76018
1.63074
0.0914689
0.0222612
0.063234
0.0219281
0.0219329
2.80821
9.76713
0.0219227
0.0214937
1.77992
4.31323
0.0525973
0.0223108
6.92922
0.0230017
0.0219288
0.0242346
0.0219337
0.0216553
0.0216233
7.19027
0.51562
0.0265242
1.70229
0.0548132
1.44723
5.16361
1.34739
0.222789
0.0219423
0.0222386
0.0224949
0.0219941
0.0776694
0.0218818
0.11182
0.031841
6.97318
0.0220494
1.61431
0.0367822
4.49517
0.0219266
1.7238
0.0339889
0.247762
0.37931
0.0328171
0.0216202
5.31403
0.0656936
2.45841
0.0216103
3.94888
0.0220289
4.98706
0.51815
0.0441304
0.0219208
0.0220896
1.56332
10.0111
0.0367149
0.0215698
5.8945
0.0914248
0.0525508
3.18592
0.082003
0.0219388
3.31236
0.021917
0.0387283
0.0216273
9.87119
0.0216356
0.0238976
0.711028
3.60892
0.0222219
0.0765889
0.0253061
0.0816075
0.0218802
0.364462
0.0235391
0.0667844
0.0219508
0.0219869
1.89068
0.0317215
4.98879
4.20131
5.33401
0.0228353
0.0216542
0.0217812
0.0270098
0.0424815
0.0350067
5.66888
0.0241007
2.56483
0.0434387
0.022281
0.0219976
0.090461
2.40971
9.19858
0.0219079
1.57789
0.0218635
3.41224
1.48303
0.0565451
0.0219968
0.0217518
0.0472497
3.79856
0.0249929
0.0222685
0.0242258
0.0523297
0.0231473
1.45463
1.74459
3.87483
0.0221569
0.0279598
7.51378
0.0221872
0.0633158
0.0218399
0.939244
0.0377603
0.0219497
0.0448063
0.18694
0.0219793
1.84562
0.0219139
0.182893
0.258367
2.69393
0.325304
0.0221672
0.0222432
18.7466
0.0222227
0.0414772
0.109599
0.0241079
0.0215339
7.9984
0.025029
0.42104
0.0236343
0.0684839
0.022689
0.421099
0.0255995
0.025592
1.95073
1.17348
0.022092
0.0222729
0.171745
1.38849
1.89662
0.790952
0.0329884
0.0219271
0.0218069
1.37349
0.0221394
3.883
0.107825
2.28326
0.0221072
0.0217196
0.0217936
0.0484337
0.0562606
3.66648
1.64415
1.57953
0.521356
0.0216056
2.41414
0.0233299
0.0828227
0.0232373
0.0449463
0.0617729
0.021926
0.021577
0.0837425
0.0216398
0.0418426
0.0715394
3.04695
2.63481
0.0455383
1.33344
0.0217647
0.0216472
0.0220753
0.202871
0.0635352
0.0514622
0.125657
9.17656
0.0407906
0.160342
0.021847
0.0221669
11.6955
0.0219824
0.306478
0.021472
0.0218608
2.75442
0.33453
0.0218709
0.0928178
0.531469
1.87059
1.92541
0.0258684
0.088055
0.0617305
9.43611
0.0221349
3.26846
4.80113
0.0238457
0.0273715
0.021616
0.468354
0.0217525
0.0219843
2.01879
0.0223425
0.0215699
0.234892
0.0768393
1.50859
1.5583
3.35017
2.0714
0.021621
0.021908
0.0218737
0.0222053
7.8666
0.0221661
1.71837
0.0233039
5.26676
0.0246738
0.0221545
0.021681
0.0222759
0.031166
0.0221322
0.0215235
1.53842
0.0218202
0.0655923
0.0225685
7.20371
0.0246657
0.0220795
0.0219769
0.0627669
0.0219073
0.021761
0.0220914
0.0222147
0.0250304
0.0218589
0.0237999
0.0320847
3.20577
4.50988
6.08733
2.33748
0.0217683
0.0220062
0.0219271
0.0214345
0.0219315
0.0217362
0.355795
0.0218581
0.0222517
0.02207
0.0220451
0.02201
4.91562
0.0246334
0.0219727
16.0675
0.0529093
0.021711
5.50076
7.25311
0.0220216
0.479339
0.710138
0.022115
0.0469563
0.0241354
0.0215605
0.0282829
0.0220769
0.0487706
0.0220137
0.0222472
0.0217476
20.6138
0.0311521
0.0468332
0.0220334
0.0222652
5.45335
0.0260481
0.022038
0.0244131
0.0249213
0.0222519
0.223447
9.7647
2.29176
2.03542
0.235282
0.0386119
0.0222597
12.0488
0.184965
0.0229969
0.0712605
0.0222931
0.0218963
0.0222463
2.6927
0.0480901
0.0220003
0.0220442
0.24601
0.0217311
0.440869
0.0219715
1.80251
0.328291
6.44796
0.0220806
0.0233679
0.0323522
0.0367113
0.0223998
0.0401982
0.0888242
6.85605
0.022017
0.523617
6.39713
0.0215734
1.3396
0.0448831
0.35672
0.119215
0.0219181
0.0287835
0.0480444
0.0216843
0.0262034
0.0215471
5.3915
3.4917
0.0335369
0.0218277
0.173357
0.0765223
2.80052
0.317558
0.0237469
0.031044
0.0219482
0.0219357
0.0481704
0.0533028
16.7156
0.021816
0.47127
0.0226624
7.93047
0.210035
1.69369
0.0216019
0.0230702
2.00609
1.74784
0.0443586
2.49087
0.0231351
0.260451
0.0219143
0.0218565
2.51793
3.46771
0.0255556
0.0220962
0.0776854
2.12204
0.195381
0.0681084
0.0217732
0.0220162
0.0217157
2.37888
8.32164
0.0217716
0.0546758
2.13013
0.0868361
0.301645
1.63343
5.20703
1.81487
0.0217929
0.0229739
1.41397
0.0218883
0.0508473
1.53579
6.38601
0.0235244
0.030701
4.53917
0.662701
1.97926
4.13091
1.3162
1.54678
0.0221126
0.0216208
0.0219913
0.0228021
23.669
0.0559439
0.383006
0.378512
0.0580525
0.0220218
1.4083
0.0217244
0.034714
0.0219223
0.0418508
5.57864
6.90967
0.0220719
0.021608
0.0460899
5.07104
0.213196
5.13889
0.0458379
0.0221348
0.0841154
0.0214699
0.0973401
0.0324448
0.0219109
5.04095
0.172648
0.624391
0.0625569
0.0223698
0.0215866
11.2785
0.025432
0.0216254
0.0221459
0.0222558
0.0216824
5.32046
8.80244
1.74456
1.37719
4.92044
0.0244788
0.0219454
2.63822
0.0252996
0.111364
5.04028
0.0218672
4.57957
2.61958
0.0672897
0.0344485
0.838102
0.023402
1.80649
0.0398802
2.12149
0.0218219
0.023117
0.0424026
3.29456
0.137035
0.0707019
4.79736
1.82993
0.0736163
0.214524
3.22904
0.0249795
0.388567
12.1173
0.0374937
0.0651351
2.0405
0.0373386
0.0380983
0.0221055
0.0426161
0.0465507
0.0612438
0.0220911
6.35169
0.165507
1.97426
5.28478
1.94107
0.0410705
1.5567
6.16536
0.0218469
1.17866
3.18834
8.27549
0.0287849
0.0243696
2.20508
9.40896
0.0216185
0.237827
0.0217519
0.0219088
4.2263
0.0255769
2.18565
1.8071
1.43957
7.25606
0.0216219
0.0410172
0.0220056
0.021844
0.117021
0.0684988
0.0284583
2.68115
1.76592
0.022273
0.0279897
1.33789
0.0240001
0.404771
0.0487799
1.36026
1.36022
1.13785
6.24966
7.37401
1.80667
1.38445
1.47397
0.0343915
0.0255098
0.12232
0.125031
2.13489
7.35608
0.0221329
0.0227229
4.65161
2.27353
0.0258002
4.6961
0.0219312
0.85417
3.14416
4.32961
0.0219237
1.81228
1.49715
0.0276853
0.0360086
4.80266
4.57905
7.08865
2.64275
0.0220461
10.4518
1.55519
0.0416082
0.239456
0.110659
0.0217338
0.0283134
3.2519
1.44255
0.0254666
0.0221716
2.03629
0.0887482
1.56602
0.0832382
2.08978
1.42392
0.0219919
8.335
0.0222852
0.0345184
0.0220989
0.0218548
0.0217032
0.0395504
0.286224
0.0214979
16.4771
0.0941601
8.96262
5.2766
1.95739
0.0219099
2.94165
1.54412
1.92094
0.0356784
0.0219263
7.00727
0.45252
1.39358
0.0561462
0.0235728
0.0216864
9.35056
5.00379
0.034486
16.3184
0.0313648
0.0222623
1.5859
0.0550426
18.8662
0.0219685
0.0321661
1.669
6.04002
1.3628
0.641605
1.34804
1.62922
9.15978
0.0220504
6.65793
0.0496497
0.0218397
0.0215605
0.02193
5.06108
0.0503561
1.35949
1.39818
0.0433145
0.161968
0.101806
2.46587
0.277838
4.97595
4.70802
1.29398
0.0911979
0.02166
4.27728
0.0582283
0.139412
1.52515
1.55469
1.69789
0.0220955
0.0248527
0.0500666
0.0220615
0.022039
0.029437
1.39058
0.0309185
0.0260334
1.55686
0.0961143
1.13031
5.45129
1.47469
0.487893
1.38096
4.73091
2.09187
0.06485
0.0349671
0.0221365
1.31025
0.119727
0.311499
0.0643148
0.0619959
0.0214559
0.228263
4.81181
0.0280941
0.0215873
0.0234857
9.44931
0.021874
0.0220271
0.0693492
1.48421
0.0310968
0.056435
0.184498
0.0309903
0.0752118
0.0218749
0.0219824
0.0444086
0.356263
0.0223067
0.0329157
0.276956
5.3987
0.0221531
7.78822
0.0218971
1.43136
0.0233603
0.0235695
0.0215557
0.210804
0.0404798
5.18949
8.03519
0.0690659
0.0221627
0.0220104
3.33603
9.2435
0.0218386
0.263476
1.43873
0.0582992
0.0788887
0.0214326
0.0228601
0.021922
1.60244
0.0465029
0.0220528
5.03487
0.0224738
0.0584814
0.590985
0.0217353
0.099607
0.0672988
15.1053
0.0224726
0.0264728
0.0235095
0.0600975
0.021409
0.0219016
4.58
0.356577
0.087148
0.0219334
1.32595
0.0224527
0.0224774
0.0219591
0.557709
5.08723
0.0243452
6.73537
6.73548
0.0709429
2.81276
9.35034
4.58575
9.02791
0.0670364
0.0826744
0.25505
0.0527452
0.0219522
0.0304964
0.0332996
5.17574
0.022082
1.83861
0.0219792
0.426152
0.101693
0.0230717
0.023125
11.6551
8.45977
5.64346
1.6105
0.0218114
0.0878436
4.72887
0.0276408
8.74222
0.0418857
0.109442
1.32226
0.0383093
0.0219949
0.140352
0.170746
0.0219169
1.4545
1.54707
0.0217087
0.0222393
0.0221216
0.0220115
4.89146
0.0220364
0.0524006
0.0220271
0.0224943
0.0326888
0.0219426
1.68402
0.0991838
0.0222359
0.0216311
0.131103
0.0238373
0.0565961
5.41112
4.6641
0.0570419
0.276869
0.0414191
0.0215961
0.173095
6.35906
0.0396809
1.39931
5.612
0.0768959
0.0410797
0.0299201
0.0762264
0.0390363
4.92858
0.0221156
0.0222615
0.0218306
1.44876
9.45064
0.0369446
0.125421
0.0219258
0.0281881
0.152555
0.452764
0.0219207
0.0641292
1.29479
0.0897218
0.0219915
0.021933
17.7761
5.74694
0.0219334
0.761455
0.0346596
0.271171
1.84127
0.0218593
3.03072
0.0324281
0.0220261
2.80579
0.258767
0.0219192
0.022163
0.466896
0.021785
0.0220438
0.213884
0.0428667
0.0466338
6.26106
0.0263496
0.0512815
1.29164
0.0218561
7.50943
4.75194
0.0262018
0.0764348
0.240519
0.0219825
0.206304
0.0214726
1.97764
1.48025
0.0220057
7.8321
4.8181
0.0219452
0.0219449
0.56963
0.0456743
1.78781
1.65939
0.0220964
0.0471765
4.96123
0.0228885
0.0594611
0.089956
0.0347573
2.99724
0.308179
0.0236249
0.299448
9.42638
0.0463198
3.83936
0.0219125
0.0215534
0.0222673
0.0429763
3.58707
0.0220665
0.038582
15.2019
2.3613
0.0222178
0.0311342
1.95097
1.58097
0.0222247
7.25349
0.0375519
0.0979846
0.0392608
0.0233726
0.0272613
0.021967
0.0219619
5.00528
0.0219352
0.0530222
0.0219826
2.62715
0.0236123
0.0242591
0.0215928
0.0244052
0.0219836
0.0455262
4.99047
4.30807
0.0403318
0.0430916
0.021969
0.0320972
0.0592091
1.87679
4.65659
0.0218312
2.51923
0.0220248
2.45119
1.56175
4.84242
0.0218277
0.111624
0.0897053
4.90226
0.234266
0.0218516
2.11512
0.325449
0.0382912
5.03113
0.0223065
0.0220093
0.0404457
2.28644
0.0219274
5.91106
0.0344688
4.35323
0.0913775
0.0224718
1.88041
0.0290306
0.0221379
0.771263
0.021989
2.78919
8.14431
0.215914
0.0278542
0.160293
0.0219366
0.114901
0.048126
8.48948
0.0220315
0.0216297
0.0276907
0.0309307
0.0513782
1.73195
4.31687
0.0362491
0.232327
0.0218111
4.08071
8.18139
0.196658
0.0219225
0.0222601
0.0233559
2.41397
0.022076
0.0280273
2.07757
0.108785
0.0219941
0.273777
0.0998706
0.0219884
0.0258644
0.134121
1.5201
0.0745665
0.0463144
1.36723
1.70197
3.27825
0.0273839
0.0221337
0.0249652
0.024757
0.158735
0.0657102
0.0297795
0.0984177
3.24037
0.0241657
0.0219966
4.78667
0.304049
2.00824
0.256734
0.0264335
0.0237986
0.0238953
0.0217759
0.0218914
0.0514281
0.0215538
0.022982
0.022093
0.0231665
0.0238634
0.0219476
0.0394541
0.0429066
0.0221804
0.021935
0.0221203
0.0227806
0.0223637
0.26686
0.0220583
0.0234977
1.43138
0.0217103
0.0234907
0.0222725
0.0292846
4.81855
6.18606
2.44921
1.96569
2.5003
0.315474
0.0218702
0.0651267
0.0220593
4.19802
0.0233605
0.0300717
0.0221948
0.0626562
0.0219583
0.0343201
0.0217844
2.59459
0.191317
0.0220807
2.2848
2.26928
0.0222568
0.115156
0.0219486
0.0215999
7.11828
0.0222264
0.0731865
0.230747
0.0221062
0.0215595
0.0829398
1.43626
0.0251231
0.0239262
1.65506
0.0219412
3.55995
0.0570085
11.5278
0.021673
1.52677
0.0219233
0.0222359
0.440675
0.0685653
1.77464
1.61026
6.92475
2.77118
0.209795
0.152625
0.0220476
0.181734
0.0220821
0.0218209
0.09524
0.0219053
0.0219844
0.0216078
0.0216135
0.0707326
4.76111
1.5193
0.419211
1.51863
0.0240812
0.0306705
0.023103
0.0229079
0.0929183
0.0220851
0.0217406
0.0218127
0.0242524
0.0232219
0.195021
0.105144
0.050662
0.0221111
0.0552165
0.0564534
1.51282
5.13594
0.0255906
0.0452361
0.0220897
9.55893
2.19912
0.0219177
0.0219351
0.025066
0.022213
3.40896
0.697926
4.65929
0.0221387
4.16683
0.022157
2.61604
0.0573144
0.0218113
0.029383
5.71393
0.0272067
0.029264
0.0334279
0.0945767
3.06425
0.0217757
0.0219166
0.0285319
0.205971
0.0218707
1.8071
4.25201
0.0219656
0.0214274
6.08445
0.0822516
0.0219238
5.06265
15.4418
1.96453
3.74118
0.0302786
1.95519
0.0220735
5.16102
2.94524
0.812896
0.0815527
0.0243543
4.75033
0.0255895
0.0218667
0.0214542
0.282761
0.0216368
8.44192
0.022799
0.0222133
0.025328
1.4145
0.0243558
0.0230191
0.0220744
7.55088
3.86212
9.34416
1.48415
0.0505752
0.0219292
0.024216
0.694207
0.113353
0.021988
0.0608446
0.239922
4.99386
0.0220088
4.28109
4.7721
0.0450827
0.022064
0.0243183
0.0219518
0.0217615
0.0219392
0.0220341
0.0221924
0.0988951
0.0220983
0.164176
0.0226192
0.0228637
5.05846
0.0864322
0.0235958
0.0229891
2.08661
0.0215609
0.0228812
0.0268813
0.0218157
5.8547
0.0351114
0.0229455
0.044861
0.0220111
0.0290884
0.0218167
0.191347
0.0218208
0.0219118
5.26931
0.0238871
0.272282
0.0369642
0.023851
0.10775
0.021413
0.0220908
0.0227936
4.8368
0.0244174
0.0219214
1.9706
0.0220302
0.0216257
0.0218853
1.06902
0.0326251
0.178096
0.0338555
0.0310995
0.0503714
0.0243405
0.0279548
0.0481003
2.17359
0.0222992
0.0293708
0.0218276
0.25694
0.289942
0.0219065
0.0309885
3.05805
0.0301816
0.0215518
5.06276
0.0266007
0.0840067
2.34402
0.0309809
0.0219032
0.0308132
0.0219209
0.024608
0.0219058
0.0236115
0.0266698
0.0219718
0.0220689
0.0321348
0.0221806
0.107958
0.0219658
0.0238089
0.0219396
0.0319536
1.55049
0.0221517
0.0220661
0.0990079
0.0233761
0.0219962
1.47812
3.99715
2.90391
0.0220757
0.0250425
0.0405516
0.0222446
0.0221272
0.0381254
0.184202
0.0215376
0.0540679
0.0219809
0.0218876
0.0217826
0.0215294
0.0231088
0.0466157
0.0382968
0.0287339
1.39022
0.0248455
0.0287613
0.0217407
2.68199
2.8117
2.24653
0.0220503
0.0524018
0.0295391
0.0220319
0.0221221
0.0422334
1.35576
2.28346
0.0219761
0.029813
4.6612
0.0228065
0.230362
9.7904
1.36893
0.0323514
0.0220009
0.0420045
0.0524798
0.189113
8.93593
6.84891
1.35853
0.022978
0.0221741
0.0219326
0.123656
0.0219785
0.021689
0.0437299
0.0219156
0.0219276
0.0218787
0.0524602
0.0220277
0.0217773
0.0219719
2.30941
0.0215487
0.0220391
0.0221092
0.0227756
0.0219406
0.0735051
0.0874207
7.40838
0.0215876
0.0291309
0.152887
4.92849
2.12751
0.0222998
0.0222752
0.0533303
0.097803
0.0264885
0.38158
0.0219316
3.56959
0.022278
1.40882
0.0230332
0.0219233
0.0539415
0.0219513
0.0220341
0.0229355
0.694528
0.0250099
0.0224844
0.0221785
0.0219712
0.0465611
0.0219751
0.0219159
0.0272366
0.10548
0.024994
0.0218728
1.37846
4.48155
0.0220308
4.58955
0.0221447
0.0322556
0.0831808
0.308422
0.0238207
0.0232057
0.0220839
0.261296
0.0296026
0.0223008
0.0219017
0.0234971
0.213024
0.0221073
0.0404691
0.0244025
0.0352052
0.0509248
0.043729
0.0909394
3.62808
0.0255745
0.0220414
6.54269
1.03014
0.0219335
0.0214935
0.0220641
0.0219805
0.0219168
0.0243832
0.0216753
0.0220794
9.8639
1.51902
0.0364143
0.0219468
1.90631
0.0244073
0.0216995
5.0852
0.0242878
0.0216582
0.022095
0.0220391
0.0429949
0.0221159
0.056582
0.0219246
0.0217814
0.0219613
0.0361787
0.0409828
0.0218919
0.0713998
1.47433
0.0232261
0.0218889
0.0616895
0.0217302
0.0220612
0.0218598
0.034045
0.0220545
4.94242
0.0223854
0.254947
3.09455
0.0603159
0.0237392
0.0224147
0.0220893
0.021938
0.0306769
0.209604
0.139795
0.0218101
0.0238951
4.52837
0.0215943
0.17474
0.0219655
0.0233821
0.0326255
0.0631547
0.0219575
0.0385145
0.0286541
0.0597044
1.64028
4.18187
0.0219169
0.0219282
0.0328549
0.0229593
0.0227983
0.0552382
0.022981
0.137589
0.0217822
0.0702167
0.0221066
0.0812187
0.061112
1.41807
4.86107
0.0219206
0.0441223
0.90283
0.267973
0.0216012
0.0217869
0.159468
0.0219429
0.0220042
0.0217449
0.0215179
0.0724639
0.0918762
18.1868
0.0220222
0.0540166
0.022255
0.0215923
0.0233596
1.82001
0.249212
0.0219242
0.0221369
0.0218398
5.62453
0.022044
0.021947
0.0224933
0.0219621
0.0439015
0.0218347
1.65146
0.0219864
0.0227827
0.0225289
0.0219168
0.0217592
0.0220093
12.0846
0.0217822
0.0219545
0.310302
0.0219489
0.0220438
0.022114
0.0221568
0.0608144
0.0219128
0.0219749
2.3946
0.0240504
0.0220397
0.0222789
0.0215268
1.30924
0.0230389
0.022242
0.0219087
0.0275858
0.021968
8.63443
0.0217952
0.0220126
4.53333
0.0219785
0.0678131
0.0222012
0.0214169
0.0215139
0.0308457
0.0388923
0.0218589
0.022286
0.0246901
0.0219054
0.0221112
0.02211
0.0219219
0.0217645
0.0218297
5.72659
0.0219573
0.0218385
1.36803
0.0219519
0.0285987
0.149045
1.59084
0.0218186
0.022085
0.0219576
0.0216398
0.0229982
0.042251
0.024119
0.0431559
0.0217838
0.0267222
0.0220464
0.0214792
0.0297768
0.0628158
0.0237896
0.0309589
0.0220282
0.021957
0.0221204
1.43912
0.0238964
0.0220138
3.26201
0.0231421
2.40888
0.0220644
0.0219295
0.0217502
1.82435
0.0219985
0.0256607
0.0232702
0.0220731
0.021967
0.0220888
0.0221032
0.025136
0.0219065
0.0394649
0.0222478
0.0452869
0.0215052
0.0216353
0.0245886
5.6279
0.0221497
0.0220498
0.0226302
0.0219348
0.0248826
2.81425
0.0227907
0.0275708
2.02302
4.93902
0.0227638
0.0229407
0.195279
0.124036
0.023533
0.0221169
0.0219243
4.44234
0.0228061
5.06951
0.0217137
0.021543
0.0221051
0.0219254
0.0232557
0.0215876
0.0219891
0.022265
0.0758129
0.0238441
0.022775
0.021635
0.357414
0.0805987
0.0215178
0.0221045
0.0235079
0.022239
0.0220599
0.021596
1.79446
0.0216099
0.0219439
0.0685012
0.0215849
1.31736
0.0218226
0.0514104
0.0289168
0.0219691
0.0215451
0.021922
0.0221923
0.022044
0.0217781
0.0216242
6.88547
1.7477
1.71024
0.0216164
8.81244
0.0220133
0.0707732
0.0219211
0.0219239
0.022111
4.75902
0.0219475
0.0219056
0.0221278
0.0220121
3.72075
0.0219395
1.42356
0.0214534
0.0226506
1.5103
4.50063
0.0219842
0.0219571
0.0287946
0.0220185
0.156554
0.0217523
2.74051
0.0217792
0.0374617
0.02214
0.021817
0.0219426
0.0219983
0.0232344
0.0218897
0.035242
0.0408259
0.123151
0.021741
10.4285
0.0218919
9.55151
0.0219099
5.62712
4.2741
0.0217493
0.0219074
0.0216057
0.0218985
0.0220446
0.0220462
0.0215932
0.0226566
0.021447
0.0981374
0.0221109
1.54574
0.0215841
0.0215393
0.0219254
0.0219249
0.0229033
8.78588
0.0233335
3.43587
0.0215519
0.0221207
0.0407586
0.0215869
0.188859
0.0236931
0.0219293
0.0429709
0.021511
0.0219733
0.0226196
0.0217233
0.0293863
0.0433699
0.0216439
0.0221127
0.0220466
4.90802
0.0235374
0.0215906
5.46277
0.0658514
0.0216323
0.0219141
0.193027
0.0230952
0.0214457
3.44736
0.217484
0.0231061
0.0214522
0.0222397
0.0374674
0.0215721
0.180048
0.0216233
0.0216994
0.0495425
0.0583493
0.0216163
0.0216223
0.0215136
0.0217546
0.0217677
0.0418725
0.021969
0.0217794
0.022112
0.021858
1.66724
0.0222722
8.62431
0.0281695
0.030411
0.0221422
1.40304
0.0219795
2.28542
0.0215375
0.0219578
0.472592
0.0219731
0.0230977
0.0216601
0.025392
0.0217288
0.0291936
0.0215772
2.80203
0.0222034
0.0215858
0.0215428
0.0215783
0.114611
0.0217933
2.47215
0.0219126
0.0254471
0.0215051
0.0220189
0.625001
0.0220005
0.113072
0.0218169
0.023383
0.0221811
0.0221343
0.0226297
0.0219267
0.0219824
0.252407
0.0215759
0.0219445
0.0226076
0.0220596
0.0220564
0.0370086
0.0218839
0.0219132
0.0218529
0.0216314
0.0217632
0.0219972
10.8594
0.20397
6.37171
0.0214422
0.0242158
0.0221277
0.0282687
0.1332
0.237737
0.0362136
0.0215761
0.0219789
0.0219821
0.0221452
0.0221166
0.0219076
8.26676
0.0544667
0.02193
0.245078
0.0221385
5.57657
0.021961
0.0218882
0.0218045
0.0215754
0.0214884
0.0218793
0.0216635
0.0218173
0.0425121
0.0230336
0.0219212
1.33775
0.0215697
0.0229498
0.0219871
0.021609
0.0219376
0.318577
0.0218065
5.17558
0.0219176
0.021607
0.0372468
0.0219008
0.0290217
0.102356
0.0216922
1.71988
0.0944095
0.0216103
0.0228808
0.0215355
0.247271
0.0216145
0.0303275
0.0231633
0.0218013
0.0217472
0.0218508
0.0219622
0.0226328
0.0217596
0.0225205
4.26322
2.37738
0.0233294
0.0219621
0.244102
0.0364978
7.49611
0.0218028
0.0218813
0.0219628
0.0223793
0.0219344
0.0216258
0.0216057
0.0219741
0.0427712
0.0216622
0.0220356
0.0263482
0.0219881
0.0300963
0.0220446
1.75554
0.0218661
0.0219267
0.0232339
0.0449529
5.13479
0.021911
0.0221565
0.0218801
0.0221351
1.43353
0.0225606
0.0219478
1.40101
0.0218796
0.0219973
3.79529
0.022163
0.0218557
0.0214759
0.0219136
0.0218193
0.0220027
0.0371399
0.0217932
6.46665
0.0221003
0.0238807
5.05271
0.0219999
0.0216495
0.0220644
0.0214473
0.0216204
1.90705
0.0219705
0.0220125
0.0225796
0.0218884
5.29926
0.021809
0.166185
0.0217345
0.0856534
0.235372
0.0942573
2.33376
0.0287172
0.0367258
0.0315778
0.0218772
0.0219928
0.0236983
0.183109
0.0650218
0.0215291
0.0220099
0.0219706
0.0217656
0.0216066
0.156794
1.32509
0.217012
0.0222781
0.0221632
0.0310432
0.0220579
0.0220791
0.021967
0.0220613
0.0219457
5.3615
0.0234985
0.0224874
0.0215094
0.0729258
0.0216392
0.0220738
0.0217255
0.0215596
0.0219016
0.0220501
0.0613233
0.0217918
0.0257887
8.12347
0.0216714
0.0221056
0.0216716
3.67192
0.0215294
0.021783
0.0508199
0.0219821
0.0828539
0.0217721
0.0215373
0.0226293
2.0572
0.0222524
0.0220951
0.0216843
0.0217783
3.0032
0.0235823
0.0217543
0.196086
0.0219088
0.021766
1.41218
0.0222936
0.0222941
0.022293
0.0222925
0.0222918
0.0217564
0.0238734
0.0233142
0.0804189
0.021585
1.72635
5.1356
0.0320447
0.021916
0.0218051
0.0219015
0.0221505
0.0217789
0.0221341
0.0217662
0.16483
0.0219361
0.021791
0.0217795
7.80776
0.0219662
0.0221354
0.0221172
0.0219582
0.0218932
0.021821
0.0227763
0.0235719
0.0222086
0.0229562
0.0232679
0.0223393
0.0224742
0.0226007
0.0219773
0.0222858
0.0215513
0.0218167
0.0217041
0.0226668
0.021792
5.37802
0.0218689
0.0218522
0.0219903
0.0214282
0.0231555
0.021977
0.0220312
0.0219295
4.77317
1.99877
0.0215734
0.0218058
0.195591
0.0361429
5.09136
0.0218356
0.0251088
0.0367405
0.0215568
0.0221974
0.0219622
0.0222372
0.021924
0.189027
0.0311302
0.0352301
0.0219583
1.88436
0.0221265
0.022195
1.41394
2.59514
0.0217461
0.0218657
0.0222614
0.0229699
0.0219171
0.021998
0.0218704
0.02431
0.0215678
0.178847
0.0218002
1.88575
0.0217918
0.0220156
3.82976
0.0229719
0.0218198
0.0224753
0.0218886
0.0220274
0.030023
0.0221688
0.352905
2.44644
5.44821
0.0217672
0.156731
0.0218758
0.0222073
0.021981
0.0218455
0.0217352
0.0219972
1.88666
0.021814
0.0219313
0.0216007
0.0219002
0.0218909
0.021575
0.0227828
0.0219835
0.0217434
0.0219408
0.0220301
2.02419
0.0219314
2.38495
0.0222944
0.0219984
0.0217888
4.64782
1.46234
0.0216011
0.0216485
5.44715
0.0473611
0.0219353
0.0220296
0.0335789
0.0217787
0.0219194
0.0217842
1.90839
0.0220927
0.0220556
0.0222838
0.0218934
0.0219794
3.3978
0.0217532
0.0217056
0.0218077
0.0220789
0.0219171
0.0218946
0.0219508
0.0219386
7.76405
0.0221034
0.0220078
0.0216797
0.0317589
0.0217151
0.0333081
0.0220407
0.0216808
0.0219513
0.0217837
0.0219502
0.0220469
0.0221229
0.0216319
0.0217971
10.1093
0.0219691
0.0339997
0.0219723
0.0219009
0.0216462
0.0219094
0.0315069
0.0220215
0.0215279
0.0219452
0.021917
0.0243081
0.645667
0.0217388
0.021492
0.0220344
0.0220598
0.0219993
0.225822
0.0218028
0.0220067
0.0323624
0.0217543
0.0573097
0.0218374
2.49298
0.0219373
0.0217824
0.0220941
0.0218655
0.0219472
0.0272257
0.0218719
0.0220261
0.0219063
0.0219846
0.0221268
0.0217619
0.0218882
0.0216574
5.47923
0.0219741
0.0222321
0.111189
0.0246005
0.0217969
0.0215612
2.3399
0.0228116
4.78919
0.0217969
0.0947853
0.0222839
0.0247827
0.021541
0.0220321
0.0219139
0.0217638
0.0219182
0.0219136
0.0219532
4.89009
0.0214246
0.0220421
5.51586
0.0221217
0.0216276
0.0223836
0.0219197
0.0342511
0.0217009
0.0310059
0.0218637
0.022123
0.0221268
0.02213
0.0218383
0.0219619
0.0251713
2.41332
0.0222481
0.0221322
0.0218472
0.0220078
0.0216201
7.05428
0.0232836
0.0220658
0.0218968
0.0215923
0.0216978
0.0270316
0.021793
0.0214751
0.0220673
0.0219735
0.0215038
0.0226681
1.23318
0.0221243
0.0218128
0.0222745
0.0220096
0.0220438
0.021461
0.0220738
0.022028
0.0220756
0.0221405
0.021509
0.0219131
0.0220234
0.0219354
0.0221574
5.59697
4.67704
0.0220585
0.0238953
0.0218527
0.0262831
0.150712
0.0216021
0.0217964
0.0291443
0.0228334
0.0353136
0.0220439
0.0219575
0.0219421
0.0219881
0.0216015
0.0219168
1.70188
0.0338452
0.0215766
0.0249764
0.022539
0.259403
0.0216652
0.0216318
0.0215261
0.0217356
0.021906
0.0946339
0.0218428
0.104229
0.053879
0.0249667
0.0219269
0.0220838
0.0218455
0.0219088
0.0224601
0.021896
0.021943
0.0311027
0.0220481
0.0218251
0.0221609
0.0220353
0.0219752
0.0220111
0.0219884
0.021732
0.022012
0.0218976
0.0220299
0.0220176
0.0390758
6.10374
0.03832
0.0217209
2.36877
0.022052
0.0216838
0.0773986
0.0224083
0.0218786
0.0219488
0.0219
0.0219417
0.0216868
0.0220337
0.0225019
0.0219231
0.0219553
0.0217977
5.77143
0.021779
0.0219019
0.0311621
0.0217669
0.0217591
0.0219844
0.022293
0.0221499
20.7141
0.0218837
0.0425543
0.021973
0.0519294
0.174656
0.0214603
2.64495
0.0219511
0.0219627
0.0217134
6.10858
2.08066
0.0216016
0.0283819
0.0221845
0.0231316
3.51997
0.0248931
0.0219543
0.0216014
1.09287
0.0219742
0.0229794
0.0220374
4.14814
0.0219375
0.0215381
0.0217694
6.93936
0.0217977
0.0219804
0.0220035
0.0216943
0.0220151
0.0220907
0.0219999
2.49483
9.73353
0.0219972
0.0238867
0.0249899
0.100163
0.0217197
0.281017
5.57859
0.0215672
0.0216506
8.26941
0.0280253
0.0220167
0.0218004
0.0222928
1.95679
2.67048
0.022164
0.0221375
0.0228727
0.0220716
0.021976
0.0224838
0.022256
0.0220501
0.0219174
0.0343173
0.0215343
0.0238779
0.0226658
10.0713
0.0215632
0.0220617
0.0218736
0.0227235
12.5192
0.0221308
0.0598987
0.0228466
0.0219961
8.34308
0.0220798
3.07319
7.91196
0.0218405
0.0221223
0.0219297
0.0226039
0.022
0.0218367
0.0278587
0.0214401
1.40903
1.86449
1.34532
0.0220016
0.0256547
0.0219495
0.0215756
0.021997
0.0221445
1.34817
0.0220852
0.0220812
0.0218182
0.0221391
0.0221826
0.0221647
0.0220013
0.0219964
0.0221064
0.0215232
0.135191
0.0227564
0.0916746
0.022137
0.0219223
0.0219207
0.0220312
0.0216976
0.0220498
0.0226164
0.0254742
0.0216861
1.34085
0.0220984
0.133321
0.0219206
0.0219483
0.0769304
0.0293844
0.0219357
0.0219829
0.0220337
0.021939
0.0216117
14.8478
0.0505878
0.0219509
0.0215425
0.0221159
0.0219992
0.107817
0.0219954
0.021498
0.0220464
1.31469
12.3499
0.0216936
0.0218291
0.0219762
0.0219543
0.0238328
6.02327
0.0332386
0.084085
0.0216045
0.0487419
0.128694
0.022102
0.0222376
0.149646
0.0227592
0.0216597
0.208703
0.0242797
0.023415
0.0217867
0.0554623
0.0220369
0.0219984
0.0743263
0.0219681
0.0242701
0.0220235
0.0804352
0.0215208
0.0220213
4.59451
0.0263301
0.0221274
0.0340678
0.0216221
0.0292713
0.0261707
2.15944
3.64944
0.0222766
0.0217145
0.0331336
0.0220243
10.1062
1.39337
0.0220841
0.0220579
2.8833
0.0216457
0.0222076
0.0508449
6.4057
0.0780443
0.0216483
0.0219365
0.0219095
0.0217979
0.0217382
0.0220325
0.047448
0.0220296
0.0215043
0.0218952
0.021961
7.89867
0.0332556
0.0221832
0.0238599
0.0215384
0.0221095
0.0320083
0.0221018
0.0370952
0.0218923
7.57951
0.0214933
0.0218106
0.0390846
0.0221808
0.0221001
0.0221926
0.0257558
0.0215303
0.0226365
0.0215683
0.0218792
0.0216881
0.0233469
0.0219918
0.0219142
0.0220674
1.53717
0.0452131
0.0215883
0.0219221
0.0219259
0.0215268
0.0712361
0.0785619
0.0218596
0.0220452
0.0218135
9.91079
14.4021
0.0220656
0.0215941
0.0215526
0.0216254
0.022218
0.021872
0.0218024
0.0218723
0.0495208
0.0219268
1.28936
0.022029
0.021829
0.0220186
0.0748229
0.0217211
0.0446416
0.0218264
0.0219534
0.021921
0.0348965
0.0220125
2.57272
0.0219896
0.0222926
0.0220132
0.0217426
0.0328484
0.0228292
0.0218497
0.0215843
0.0221094
0.0220355
1.73152
0.0497165
0.0220772
0.120255
0.0218711
0.0221421
0.0267539
3.2049
0.0220185
0.0223907
0.0305276
0.0267557
3.82307
0.0216313
0.021881
0.0709889
0.0575262
0.0214311
0.0221149
0.0221747
0.0217924
0.0239522
0.0219304
0.021905
0.028001
0.0215199
0.0539224
0.021814
0.0218188
0.0219514
0.0218514
0.0216553
0.0220505
0.251355
0.0222521
0.0218444
0.0217562
0.0216863
0.0218128
0.0219747
0.0366557
0.0653482
0.0217206
0.022265
16.6834
0.0564941
0.0794002
6.44969
0.0219128
0.0217583
0.0217345
0.0217266
0.0614053
0.0221246
0.123587
3.62401
1.44797
0.0220482
0.022453
0.0215788
0.0222381
0.0219773
0.0277036
0.022263
0.0263543
16.3779
0.0218098
1.13826
0.0258477
2.25004
0.0220659
0.0217685
0.021705
4.72279
0.0217964
0.0222589
2.04478
1.29189
0.021916
0.0218515
0.0223581
0.021651
0.0217827
0.069944
0.0217894
0.0218431
0.0281209
0.0221347
0.0218115
0.0216093
0.999392
0.0219266
0.0221317
0.0219541
0.0575854
0.0217686
0.0220127
0.0299093
0.0236362
0.0218677
0.0650966
0.042085
0.0242951
0.0600552
0.0234748
0.0219976
0.0218701
0.021755
0.0217081
0.0218541
0.0221586
0.022154
0.0274004
0.0221861
0.0219824
0.0650624
0.0566361
0.0219253
0.0215917
0.0220215
0.0220379
1.46708
0.0217475
0.0235288
0.0387225
0.461883
0.383511
0.0218565
0.036357
0.0574831
2.40096
0.0218816
0.0219837
0.022642
0.0218619
0.0222724
0.0218933
0.0426764
0.0214398
3.2289
0.0219185
0.0219811
0.0217418
0.0219542
0.022037
0.0222654
0.022028
0.0221276
0.0222454
0.0219366
2.85982
0.021791
0.0219364
0.597036
0.0220218
0.0220124
0.0552415
0.0219968
0.0220903
0.0291633
0.0221469
0.021838
0.0222716
0.0219462
0.0218211
0.0219202
2.72106
0.0271657
0.0227642
0.0218815
0.0219036
0.0218807
4.77482
4.56582
0.0227618
0.0220018
0.0219292
0.024335
0.021957
0.0303479
0.0219589
0.0221958
0.0220438
1.00642
0.0419734
0.021756
0.0409841
0.0219478
0.0333032
0.0221213
0.0217146
0.0221059
0.0221456
0.0218031
0.0217788
0.0219018
0.0221697
0.250877
0.0239956
0.0218589
0.02812
0.0245248
0.0489947
0.0227501
0.0222525
0.021972
0.0231825
0.0218873
0.0224423
0.0217079
2.62181
0.324255
0.022793
0.039577
0.0215404
0.0219583
0.0219458
0.0217019
0.0219058
0.0223726
0.0220949
0.0219942
0.0222226
0.310296
0.0246619
0.0217155
0.0219186
0.138461
0.0220185
0.021871
0.0511225
3.73467
0.0219752
0.0218548
0.0219408
0.0218224
0.0219596
0.224493
0.0218251
0.0217242
0.0219636
0.0220081
0.0222373
0.0221697
0.0216878
0.0265639
0.0219583
0.157448
0.0221777
0.0237054
0.0433198
0.0219911
0.0220952
0.0219229
0.0222941
0.0221166
0.0221365
0.0226419
1.47046
0.0220355
0.021729
0.0500107
0.0220073
1.05877
0.134275
0.021968
0.0220235
0.0221489
0.0217714
0.0220624
0.0217101
0.0219888
0.0429436
0.0222926
0.021599
3.14376
0.0222045
0.0221068
0.0222075
0.0217941
0.0735118
0.0289148
0.0220777
0.0219474
0.0216627
0.0220399
0.0219331
0.0221088
0.0293624
0.0302934
0.0219801
0.0221538
0.0214608
0.0219814
0.0216769
0.0219294
0.0219915
3.05531
0.0234593
0.0219439
6.17702
0.0221483
0.0220926
0.0222931
0.0221143
0.0219793
0.021937
0.0221236
0.0221645
0.0220236
0.0218341
0.0222849
0.0221416
0.0219007
0.0222937
0.0221356
0.0221754
0.0218874
0.022175
0.0216897
0.0222865
0.0217995
0.0221248
0.0221234
4.94694
0.0220571
0.0220279
0.0218204
0.0424717
0.0220462
0.0219008
0.0217997
0.0219262
0.0235927
0.022293
0.0221454
0.0217322
0.0222935
0.0221739
0.0221323
0.0228008
0.0222917
0.0222277
0.0219018
0.022293
0.0221056
0.139478
0.0218633
5.32394
0.0222808
0.0220594
0.03059
4.92057
0.0230012
0.0219438
0.0220424
0.0215831
0.0221142
0.0220292
0.0217177
0.0272976
0.0217916
0.0219791
0.0221088
0.0458525
0.0239689
0.0218064
1.2756
0.060797
0.0218942
0.0218348
0.0220576
0.0233168
0.0219033
0.0239534
0.0247958
0.0217705
0.0215156
0.0221356
0.0220259
0.0220874
0.0220765
0.0221868
0.0222497
3.12498
0.0219897
0.0220453
0.0221193
0.0216975
0.0462799
0.0217319
0.022157
0.0221753
0.0221295
0.022067
5.4158
0.0411778
0.0218561
0.021804
1.43636
0.0217526
0.022124
5.33057
0.295344
5.85371
0.0221732
0.0221684
0.0479728
0.0228072
0.021993
0.0218388
0.0217312
0.0219465
0.0218091
0.0219956
0.0347254
0.0221061
0.0221275
0.0218481
0.0215269
0.0219968
0.0217203
0.0218673
0.0221425
0.0215613
7.76811
0.0221787
0.02202
0.0382793
0.0220393
0.0218498
0.0220643
0.260683
0.021811
4.74272
0.0219755
0.021824
0.0231221
10.0601
0.0220474
0.0220342
1.51022
0.0221983
0.0233141
0.0220395
0.0219117
0.0372642
0.0216743
0.0315254
8.54802
0.0219328
2.38593
0.0222419
5.32127
1.4764
0.105335
0.0222428
0.0218899
0.0214069
0.022128
0.0218391
1.48657
2.58589
0.0216802
0.0221759
0.0730228
0.0218813
0.0222358
1.02692
0.0218794
0.0222756
0.0219873
0.0475512
0.11362
0.0218469
0.022948
0.0221367
0.0219897
0.0217111
0.105196
1.85794
0.023993
0.0259133
0.02198
3.88491
5.14446
0.0220636
0.0219109
0.0221997
0.0217048
0.0220239
0.0220433
0.0221968
0.0227941
0.0214225
0.0353434
5.54677
1.55315
0.0221442
0.0221824
0.580521
0.0221627
0.0225083
5.48566
0.0221557
4.7864
0.0261474
0.022181
0.0219677
0.0290417
0.0217544
0.231942
0.0221998
4.92975
4.73051
0.0220036
0.0222002
0.0221212
4.46877
2.83993
0.0214942
5.37937
0.0219701
0.0222301
0.0218003
0.0216956
0.37458
0.0278363
0.0218334
0.0221618
0.0247524
0.0218081
0.0220099
0.022223
0.0221426
0.021855
0.0216864
0.0865477
0.0222256
0.0214894
0.0634044
0.0221788
0.022203
0.0221392
0.022127
0.0214574
1.33845
0.0226721
0.027054
0.184743
0.0221905
0.0220933
0.0215847
0.0221724
0.0221905
0.0599294
0.0268648
0.0216734
0.0217314
0.0222032
0.0217429
0.0222289
0.0274211
0.0219776
0.0222081
0.0221174
0.0222072
1.34051
6.6734
0.021634
0.0227969
0.021882
0.0215615
0.0978101
0.0315266
0.0221528
0.0221865
0.0217383
0.0219624
0.0220714
0.021953
0.0214556
0.0244438
0.0222435
0.0222153
0.0222088
0.0221617
0.0219942
0.0216827
0.0221529
0.0217795
0.0220666
0.0216659
0.0221519
0.0222194
0.0609281
0.0215363
0.022116
0.0218031
0.0221548
0.0220388
0.0221443
0.022914
0.242371
9.32804
0.0221896
0.0226375
0.0220494
0.0218469
0.0222453
0.0216716
0.0217007
0.0219399
0.0219847
0.0239137
0.022246
0.0221993
0.0219152
0.0219317
1.3506
0.0222325
0.0219564
0.021639
0.0218413
0.0217989
0.0215511
0.0267779
2.16581
0.0221001
5.02586
0.0220829
0.0225261
0.0221123
0.0217524
0.0569462
0.0222585
0.0220597
0.0219322
0.0251532
0.0216604
0.0220513
0.0221843
0.0218985
0.0216748
0.142042
0.0220535
0.0217248
0.0219534
0.021763
0.0218176
0.164273
0.0218769
0.0243927
0.0221084
0.0220815
0.217708
0.0226592
0.0215993
0.0219335
0.0217731
0.0217933
0.0221722
0.0221187
0.0216721
0.0249287
2.3901
0.0221933
0.0218309
0.0215573
0.0218821
0.022227
0.0221136
0.0220755
0.0222132
0.107456
0.0214876
0.0218884
0.0214714
0.0442045
0.0222192
0.0221788
0.0218821
0.0221098
0.0222674
0.0216221
0.0216673
0.0218656
0.0216057
0.0218655
0.0220279
0.0216254
0.0215889
0.0221651
0.0222272
5.89016
4.37046
0.0220662
3.31272
0.0220326
4.11022
0.0222837
0.0219729
0.0538588
0.0220356
0.021908
4.5115
0.0218074
0.0217837
0.231657
0.0217705
12.9405
0.0225324
0.0221318
0.0221859
0.0217907
0.0216826
0.0226103
0.0218041
0.0221581
0.0218468
0.0221558
0.0221367
0.0218009
0.0217773
0.0224201
0.0223718
0.0221581
0.0219038
4.37631
0.0220125
0.0511015
0.0221508
0.0222576
0.0215672
0.0217638
0.050238
0.0221093
0.299364
0.021739
0.0221295
0.0219265
0.0217807
0.0220033
0.0221954
0.0293657
2.48638
0.0219444
0.119557
0.0220714
0.0215536
0.0220597
1.37037
0.021917
0.0217504
0.0224255
0.0219377
0.065328
0.0314062
0.0220599
0.0219462
0.021863
0.0219546
0.0217622
0.0219243
0.0221652
0.0218549
0.0262048
0.0220601
0.0219596
0.0220148
0.0220847
0.0221515
0.0220903
0.0221282
0.0219147
0.0218753
0.0218377
0.0219533
0.022131
0.0219707
0.20657
0.0219886
7.93366
0.0217235
0.455323
0.0219868
0.0218565
1.50639
5.46511
0.0218755
0.0217408
1.50952
0.0219009
0.0220601
0.05367
0.025635
0.0220876
0.0257765
8.39981
0.0220184
0.0334656
0.0222002
0.0220026
0.0221729
0.0220899
0.0220344
0.022264
0.0222424
0.0220005
7.11339
0.0215102
0.0227512
0.0220756
0.0413717
0.0218607
0.022212
4.84251
1.90398
0.0221372
0.0222073
0.024915
0.021528
0.0216926
0.0219229
0.0220603
0.0280269
0.0219137
0.0215099
0.0221163
1.74895
0.0220955
0.0220434
0.0319406
0.0220795
0.0222227
2.96207
4.76142
0.0214938
0.0221884
0.0218965
0.186347
0.0221508
0.0214881
0.021669
0.0217987
0.0220476
0.0220925
0.0220505
0.0222856
0.0218544
0.0218866
0.0215873
0.0215084
0.0218393
0.0220728
0.0214699
0.0294695
0.0217367
0.0222847
0.0220243
5.53963
0.0216678
0.0218146
0.0217996
0.022082
0.022025
0.0217951
0.0220929
0.0222001
0.0220615
0.0221449
0.0216783
0.0220537
0.0221621
0.022218
0.0216286
0.0221849
0.021474
0.0217101
0.0218045
0.0219314
0.0221602
0.0221637
0.0221043
0.0218773
0.021967
2.62433
0.0219319
0.0219652
0.0220024
0.0221261
0.0218768
0.0277579
0.0261193
0.0360264
1.39507
0.0674264
0.021981
0.0215012
0.021715
0.0221766
0.0221963
0.0227899
0.0216966
0.02209
1.51884
0.0220608
8.68657
0.0215339
2.18461
0.0220759
0.022383
0.0216833
0.0216238
0.0221825
0.0215511
0.0219604
0.0219703
0.0217989
0.0303237
0.376151
0.022149
0.0219698
0.0217239
0.022182
0.0405364
0.0220222
0.0219399
0.0221679
0.0219855
0.166923
0.0214462
0.022185
0.0220327
0.0220419
0.0221672
0.022188
0.0220617
0.0217658
3.44736
0.0220977
0.950277
0.0299602
0.0219334
0.0218804
0.0218956
0.0219841
0.0237476
0.0222187
0.0222457
0.0494465
0.0220101
0.0221694
0.0218864
0.0503473
0.175628
0.0222252
0.0220028
0.0216818
0.0218598
0.0219839
0.0221813
0.0273623
0.0220695
0.024268
0.036918
1.98687
0.0219643
0.0219421
0.021949
0.0331193
0.0398332
0.0221606
3.47875
2.84008
0.0219579
8.74561
0.0219283
2.78141
0.0218906
0.0219445
0.0220604
0.021719
0.0220595
0.0221691
0.0219467
0.0221531
0.0222031
0.0235826
0.0219484
0.022111
0.0214427
1.48138
0.0215876
0.0218429
0.0266898
0.034706
0.0216854
0.0225001
0.0220374
0.0217988
0.0221514
0.0216429
1.44362
0.02205
4.46994
0.0219778
0.0221345
0.0225421
0.021903
0.0216492
0.0226092
0.0219302
0.0218741
0.0215947
0.0217491
0.0220298
0.0220494
0.0238274
0.022205
0.023799
0.0220172
0.0221172
0.0220043
0.0220977
0.0298391
1.94405
0.0220042
0.0215248
0.0219641
0.022139
0.0218383
0.0218582
8.67041
0.0217935
0.0220108
0.0262015
0.103974
0.17288
0.0219385
0.021519
2.25498
0.0220425
0.0215568
0.0369538
1.50195
0.0218457
0.0219183
0.0219536
0.0217211
0.0220042
5.66197
0.0521749
1.88133
0.0217338
0.0251575
0.0221451
0.0218567
0.0215852
0.0214657
0.021701
0.0218644
1.56552
0.0220117
0.19263
0.0218677
0.0216989
0.0220036
0.0219518
0.021814
0.0222673
0.0217027
4.98206
0.0222064
4.32466
0.0221199
0.0218678
0.021976
0.0365006
0.0216929
0.0218507
0.0217175
0.0215603
0.0477077
0.0238556
1.32882
0.021893
0.0218848
0.021409
4.46389
1.9326
0.0219025
0.0218414
0.0224378
4.87407
0.0218595
0.021712
0.0222241
0.0216927
0.168762
0.0217753
0.0218222
1.59326
0.0219267
0.0219963
0.0219488
8.30431
0.0376883
0.0218208
0.0216864
0.0218929
0.0219525
2.3115
0.0218453
0.0221179
0.0218098
0.0219915
0.0273136
0.0218332
0.0219682
0.0217393
0.0218311
0.0222052
0.0241504
0.0330128
0.021962
0.0218954
0.0220971
0.0221399
0.0219384
0.0220655
0.0219724
0.0222261
0.0218426
0.0219055
0.0248562
0.0225576
0.0219449
0.0226127
0.0221079
0.0221778
8.87077
0.0220784
0.0226762
8.92329
0.0219855
0.0221577
0.021998
1.79435
0.0215518
0.0234048
0.0448119
0.0216693
0.0222537
0.0221882
0.211531
0.0220598
0.0219465
0.0218374
0.0221108
0.0220091
0.081676
0.0273944
0.0247767
0.0218732
0.0217324
0.022193
0.0218492
0.0219979
0.021628
0.022717
0.801169
0.0219168
0.0221152
2.76991
7.56569
0.0219553
0.0219776
0.0221028
0.0693729
0.0969641
0.0218986
0.0219213
5.2343
0.0219386
0.0219463
0.0220953
0.0217013
0.0220881
0.0222282
1.34422
0.0221619
0.0221073
0.021913
0.0218325
0.0221295
5.74352
0.0218889
0.0218973
0.0218941
0.0385067
0.0221978
0.0218576
0.0219672
1.75826
0.021652
0.022145
0.0218207
0.0222059
0.0217415
0.0238324
0.0219642
0.0218604
0.0219053
0.0668369
0.0221496
0.022208
0.0221449
0.0220652
0.0222271
0.0220692
1.62868
0.0220509
0.0672527
0.0222342
0.0217359
0.0222138
0.0222049
0.0216356
0.0217193
0.0216719
0.021817
0.184867
0.0280079
0.0218303
0.0564497
0.0214717
0.216028
0.0221374
0.0217286
0.021686
6.2589
0.0217285
0.0218293
0.0215406
0.0218294
0.0277093
0.0220661
0.0218729
0.0216856
0.0215852
0.0220169
0.0217215
0.02149
2.9789
0.131924
0.0218191
0.022066
0.022064
0.0218268
0.0278828
0.021618
0.0220763
0.0218297
0.0219451
0.0222465
0.0219098
0.0216676
0.0267041
0.0323102
0.0221684
0.0218218
0.0217973
0.0216029
0.0227661
0.0219326
0.0221141
0.0219616
1.19785
0.0219706
0.0221146
0.0217665
0.0219277
0.0230707
0.0217878
0.0217732
0.0218745
0.0216742
0.0214581
0.0331256
0.0218228
0.0219596
0.0215992
0.0220225
0.0216717
0.0220583
0.0990801
0.022187
0.0215797
0.0226856
0.0219418
0.0219412
5.64967
0.0217727
0.0218344
0.0216878
4.68054
0.0217461
0.0219274
0.040627
0.0420695
0.0214741
0.0222462
0.0222191
0.021762
0.0219605
0.0219281
0.0218686
0.0421908
0.0227447
0.0221102
0.0221209
0.0219881
0.0221597
0.0218326
0.0217266
0.0241991
1.90267
0.0219575
0.0219406
0.0219448
0.0216819
10.0356
0.0218939
0.0219418
0.0219853
0.022097
0.0225394
0.0215104
0.0218349
0.0220069
0.0224658
0.0219571
0.0219395
0.0428501
0.0270534
0.0220814
0.0984784
0.0218241
0.0217557
5.22849
0.0218732
0.0220383
0.0219244
0.0221997
0.0219582
0.0217567
0.0222074
0.0217945
0.0218087
26.2863
28.0452
25.7429
2.34886
0.0216298
0.0218944
0.0217538
0.0219109
0.0230347
0.0217763
0.0217217
0.0221442
0.022077
0.0220664
0.0215257
0.12071
0.0221288
24.8529
0.0221506
0.0221128
0.022181
0.0910547
0.021751
0.0218482
0.0221288
0.0217562
0.0218787
25.4412
0.0218057
7.30354
0.367626
0.0219468
6.47555
0.0218362
0.0662451
0.0217501
0.0221808
0.0693807
0.0243822
0.0220655
0.0221446
0.0218653
0.0220648
0.0218973
0.0218498
0.0217546
16.4702
26.55
28.7404
19.5735
22.5229
28.4053
28.5201
14.3166
22.2655
12.1616
25.4189
24.5177
13.0395
28.8086
25.2719
24.6289
12.882
18.5455
6.61297
22.44
0.0221577
0.0217805
0.0215441
0.0837547
0.0217519
0.0216861
0.0219014
0.02224
0.0222264
0.0219403
0.0220269
0.021833
0.0218304
0.0218578
2.89806
0.0220045
0.0702132
0.0219399
0.0221393
0.0216568
0.0218913
0.0218358
0.0220274
0.0214442
0.0218437
0.0219399
0.0219189
0.0219353
0.0221819
0.0218635
8.29649
8.72091
8.5192
7.48804
7.06466
0.0219273
0.0222192
0.0840041
0.0221806
0.0218352
0.0219256
0.0217926
0.0221239
0.0218747
0.078822
0.0220812
0.0218356
0.0218289
0.0219487
9.28476
0.0218276
0.0219269
0.0219171
0.0215522
1.37009
0.0218919
2.20594
0.0451903
6.34993
0.0267391
0.0458807
5.46975
0.0220122
0.0217275
7.19852
0.182173
1.72285
1.71206
0.0394525
0.021493
0.0231912
0.0216058
0.0218544
0.0215199
0.0217319
0.0217922
0.0221997
0.0222167
0.0713218
0.0273856
0.0218986
0.0217235
0.0220793
0.0222398
0.0232199
0.0219124
0.0218101
0.0267713
0.0217001
0.0218825
0.0217367
0.0218723
2.03322
0.0217685
0.0222392
0.0221791
0.0220904
0.0216379
0.0220452
0.0221627
0.0216587
0.0221995
0.021923
0.021679
0.0219328
3.22884
0.0215033
0.0219625
0.0216064
0.0650814
0.0219262
0.0219473
0.0222116
0.0218475
2.13343
0.174406
1.8162
0.0216306
0.0218489
0.0218645
0.0219248
0.0221318
0.022135
0.0219699
0.0218417
0.021904
0.0218459
0.0218757
0.0264241
0.1031
0.0216508
0.021952
0.0219311
1.62103
0.0218306
3.57605
0.0227527
0.0218376
0.0218296
11.4078
0.0216638
0.0219336
0.0220976
0.0220112
0.0214383
5.54828
0.0215447
0.0223075
0.0532649
0.0220714
0.0219676
0.0310277
0.044427
0.0216641
0.0218262
0.0227045
0.0218873
0.0216933
0.0598689
0.0220991
0.021871
0.0224898
0.021606
1.73193
0.0226836
0.0219741
0.0222355
0.021932
0.021993
5.75203
5.22343
0.0218563
0.0219499
0.0220932
5.10737
0.021667
0.0368172
0.0216457
0.0220329
0.0216193
0.0218347
0.0219614
0.0219555
0.021668
0.0216023
0.0216729
0.0222183
0.0292064
0.0220759
0.0217061
0.0215361
0.0217088
0.0224448
0.0249743
0.0218278
0.021797
2.08575
0.0218244
0.0214242
0.0216859
0.0371298
0.0217746
0.0214879
0.0214046
0.055119
0.022049
0.0217715
0.0220674
0.0216708
6.84763
5.66787
0.0247573
0.0214058
0.0222297
0.0217662
0.0220862
0.0219676
0.0219497
0.0215039
0.0218416
0.0222937
0.0227519
0.0216789
0.0266753
0.0524518
0.0220439
5.69544
0.0220095
0.0222035
0.0217734
0.0221332
0.0216546
0.0217287
5.89952
0.0228202
0.0215384
0.0217376
4.14425
0.0221445
0.0221822
0.0562449
9.0636
0.0219332
0.0214909
0.0293937
0.209727
0.0217139
0.0219627
0.0511905
0.0216273
0.0220047
0.0221626
0.0215397
0.0221698
0.0216729
0.0216924
0.022009
0.0215488
0.1235
0.0224072
0.0370977
0.0455156
0.0221721
0.022066
0.185793
0.0214544
0.0220665
0.0216814
0.022135
0.0214921
0.0218894
0.0263008
0.0220514
0.0221753
0.0220098
0.0219561
5.71702
0.0218775
0.0218912
0.0219668
0.256284
0.0217225
0.0221163
0.0222597
0.0219256
0.0465477
26.0423
25.8992
0.0218781
0.022037
0.0221946
0.0222484
0.0218011
0.0631403
0.0218772
0.972384
1.84108
0.0476201
0.021537
12.5314
0.0220816
0.0222602
0.0215406
0.0222272
0.0217638
20.6815
0.0222348
0.0429144
0.0480281
0.0214889
1.42312
0.0217296
2.42459
0.0215703
0.0217389
0.0217582
1.93838
0.0307023
0.0220863
27.6325
0.0282956
0.0220085
0.0216924
0.0220143
0.023883
0.0217168
0.0220758
0.0219399
0.0220989
0.0218434
0.021888
0.0217765
0.0214919
0.0222389
25.903
24.7694
0.0219198
0.0222164
0.0226116
0.0221877
0.0233791
0.0217347
0.0218434
0.0219323
0.0218392
0.0221271
0.0215075
0.144849
4.74362
0.0218261
0.0215711
0.0220085
0.0215047
5.84167
13.771
0.0216797
0.0240404
0.0222557
0.0218818
0.278136
0.0218782
0.0217186
0.0220921
0.0235996
0.0221265
0.0216427
0.0215448
0.0219292
7.22093
0.0219391
0.0260374
1.4001
0.0291727
0.0219721
0.0216806
0.0218765
3.24205
0.0221641
2.385
0.193773
0.023783
0.0221103
0.0218759
0.0335733
0.0221382
0.0216382
0.0353442
0.0221878
0.0234739
0.022047
0.18423
0.0219419
24.8052
27.8338
0.0220922
0.0218254
0.0343266
0.0221589
0.0218627
0.0220135
0.0221089
0.0219023
0.0219733
0.0216537
2.8761
0.0218408
0.0215555
0.0230474
0.0219497
0.0305762
0.0216885
0.0218791
0.0215372
0.0219384
0.0220757
0.0218451
0.0218704
0.0218955
0.0218648
0.0220281
0.021984
0.21626
0.0215385
0.0226756
0.0221295
17.0465
0.0372733
0.0216763
0.0253458
0.0219
0.0432777
1.61251
0.0231254
0.0219398
0.0853849
0.0218431
0.0221616
0.0229947
0.021884
0.0959842
0.0219245
0.0229504
0.0220055
0.02185
0.0220912
0.0216632
0.0216761
0.0214943
0.0217005
6.08961
11.036
0.0302979
0.0216922
0.0221793
0.0507176
0.0216396
0.0220031
0.0218706
0.111293
4.40511
0.0221977
27.5217
0.221816
0.0219223
0.0218767
0.0214823
0.07346
0.0218362
0.0218312
0.022097
26.4502
0.063516
0.0218993
0.0221465
0.0217816
0.0217794
0.0494137
0.0218467
0.0217473
0.0231606
0.0214913
0.0220471
0.0252357
0.0221944
1.16909
1.89091
0.169543
0.0220559
0.0219457
0.0218308
0.0217225
0.0218655
0.116866
0.0218342
20.2198
0.0277102
0.0220016
0.0218179
1.94348
0.0218457
30.2323
0.0880147
0.0235849
6.3515
0.0215679
0.0221387
0.0220611
0.0218955
0.022194
0.0443475
0.0247718
0.0833378
26.3546
26.0736
0.0221068
0.0221228
0.0342416
0.0243477
0.0219306
0.022023
0.0228688
0.0217584
0.0219351
0.119309
0.0219967
0.0220749
7.14408
4.76415
0.0219508
0.0257768
0.161724
0.0223043
4.39356
0.0226616
0.0471931
0.0219187
12.5839
0.0218179
1.84061
1.39029
0.0215347
4.89607
1.6642
0.180089
0.0222078
0.02157
0.0348435
0.141551
28.415
0.0218421
25.6374
0.0220652
0.0221427
0.157259
1.2175
0.0219409
23.173
4.12611
0.021583
27.2184
0.0218139
2.37394
0.0219316
0.0222348
16.5042
0.0220301
0.0218761
12.1711
3.51742
0.02188
0.0251723
0.0220164
8.20364
0.0328945
0.0218456
0.0219061
0.0215347
0.0217255
0.0214401
0.0216752
25.4665
0.0215201
1.33099
0.0220756
0.0218218
0.0218444
0.0220614
0.0218627
0.022155
0.0220465
0.0227297
0.0789911
0.176294
0.0270944
0.0215816
6.25856
6.97361
0.0218997
0.0221583
0.0279001
8.53372
0.0222284
0.0307398
1.04332
6.04168
0.0414906
0.0368628
0.0221748
1.93413
4.51389
1.14549
0.0256272
0.0879114
0.022177
3.52982
0.0221864
0.0219623
0.0358763
0.0363982
0.0214828
0.0218807
0.0218899
0.0220318
7.06551
0.0220925
0.0219399
0.214063
0.021648
1.94833
0.0218748
0.02646
0.0217511
0.0365661
0.0221811
0.0221323
0.0221634
0.0267871
0.0218077
0.0219044
12.7182
0.022061
4.44774
0.021903
0.0219375
0.0220048
0.0217407
0.0359028
0.0218818
0.0219684
0.0221904
0.0218533
0.120617
0.0219171
10.104
0.0288609
0.0218757
0.0217765
0.0218564
0.0220176
0.0219286
1.45965
0.0267151
0.0223291
0.158681
0.0224916
0.0220823
0.0220331
26.6495
7.40753
0.0489305
0.739688
2.7497
0.0248333
0.447373
0.0221396
0.0218661
0.0222698
0.0698624
0.0219628
0.0216656
0.10268
0.0270026
2.53466
0.0221567
0.0733227
0.0222098
0.0217614
17.3261
4.0123
0.977254
0.0219516
0.0218466
0.0219844
0.021658
0.0389094
0.0252738
12.3674
0.0218615
0.0225974
0.0215177
0.0222472
0.0215459
0.0217138
2.65865
0.0219804
0.0224505
0.0220954
0.0336231
0.0219013
0.0478012
0.297342
1.97313
0.02184
0.193057
0.027406
0.0224311
0.0273691
0.0219384
0.0219527
0.0267925
0.0221727
25.9921
0.0219223
0.0260222
0.264662
0.0220305
0.144662
0.0217493
0.213226
0.0226003
0.0218427
2.40955
0.094207
0.0221357
0.0215697
0.0298383
0.0218102
0.0391358
0.0357739
0.039812
0.0228124
0.0218456
0.0219039
0.0217146
14.6823
0.0221909
0.0214209
0.0219281
0.0421883
0.0313954
0.0217638
0.0222786
0.0223913
0.0217761
0.0221232
0.0220143
0.0220139
10.2711
6.73116
0.0238406
0.022285
0.0222837
0.10936
0.0217719
0.0221781
0.0910958
0.0222302
0.0232378
0.0216512
0.0220428
0.0217869
0.0215605
0.0219928
1.80303
0.0945291
6.22334
0.0388371
0.0220091
4.98611
0.0220445
0.021783
0.0219141
0.0786532
2.07809
0.0217665
0.0335081
0.0221877
0.0246301
1.45987
0.0217831
0.0221924
0.0222382
4.67612
26.1574
0.0248813
0.046097
6.08355
0.0216868
0.0219481
0.0218944
0.0217372
0.0217227
0.02171
1.93382
2.5423
7.50821
0.0219623
0.0217362
0.0238131
0.0230797
0.0224004
8.00867
7.75507
1.78736
0.0215256
0.0217093
0.0283375
0.0217587
0.0219879
0.0227799
0.0234034
2.15373
0.0221444
0.0217727
0.0218741
1.529
0.171191
0.0216021
1.76317
1.41235
5.77139
0.0219272
4.05223
0.0540382
0.0222745
0.0217604
10.0875
0.0298912
1.30283
0.0218535
1.68191
0.0217633
0.0218229
0.024198
0.0220089
8.32689
0.0952167
0.0239111
0.0247337
0.0220812
2.37883
1.98724
0.525066
0.228532
0.0217076
0.0574362
0.0230984
2.30573
1.26975
0.0218642
2.46751
0.0217266
1.72303
0.0221993
0.0253168
0.0217029
3.16002
13.264
0.100775
1.8324
0.0217739
0.0217307
0.0222865
0.0214588
0.0219442
0.0224224
0.0218705
24.2754
0.0277313
0.0221719
27.75
0.0219967
0.0221072
0.0217898
1.71518
0.0229471
0.0217627
0.021728
2.02815
0.0233982
0.0889396
20.8755
0.126873
0.0216959
0.022484
1.43439
0.0304482
27.3786
0.0268208
0.0286129
0.021523
29.944
0.0395706
0.0511688
0.0221249
0.022274
0.0220834
0.0233733
0.0225434
0.0371275
0.108371
0.0215733
0.0215089
0.0215061
0.0216551
0.0216997
17.475
2.41021
0.130813
2.81827
0.165222
1.53325
0.0220755
0.0221903
0.0216188
0.0216922
0.0222109
0.0267078
0.0219043
0.0233979
0.0215171
0.0223228
0.361225
0.03764
0.0221249
0.0215517
0.023096
0.0221387
0.0223607
0.127348
0.0257579
0.0220575
0.0216343
1.68659
0.0220941
0.0235653
18.5389
0.0216218
0.0218067
0.078007
0.0219612
0.0222592
0.0224897
26.6623
0.0216818
0.022394
0.0227875
0.0230709
0.0233371
0.0230013
0.0217966
0.0282186
0.205081
0.0221929
0.0224954
0.0320076
0.045146
0.0217706
0.0223176
0.0217426
0.0221754
0.936541
0.0214777
16.0462
0.0215192
0.0227463
0.135127
0.0811659
0.0267956
0.0307214
1.06063
0.0218398
4.69735
0.0220846
0.101814
0.0224152
0.029043
0.0218914
0.0224453
0.0225243
2.22238
0.169475
0.0225261
0.353313
0.0222424
0.0227079
0.022052
0.605596
0.303816
0.0292026
0.105357
0.638531
0.0242982
0.0220888
0.298711
0.0226354
0.0220962
0.040408
17.1815
0.401798
0.0287869
0.0222089
0.0985289
1.60307
0.786191
0.0223074
0.0222472
0.036951
0.0230504
0.0215207
0.550108
27.5452
0.0278596
0.175056
0.0266981
0.0220394
0.0217125
0.0218344
0.0254106
0.0219304
0.0220782
0.0669735
0.0214652
0.0218448
0.0228019
0.0221917
0.0221774
0.0218515
0.0222747
0.153706
0.0220809
7.28852
0.0227982
0.0218745
9.84009
0.0293082
0.0227612
0.823939
0.0215326
0.021962
0.0236456
0.0323888
0.061922
0.0220081
0.0220098
0.0236405
0.0218889
0.0221501
0.0460604
0.0826753
0.0229646
0.224384
0.0221604
0.0221901
0.0214709
0.0234646
0.0711515
8.4442
0.255948
0.0219378
0.0303607
0.0291812
0.0753137
0.0278157
0.0260119
0.0247596
15.167
0.034649
0.0218909
0.0255519
0.0265413
0.0220438
0.0218793
0.0252052
0.0548544
0.11533
3.33124
0.0216325
19.2735
18.6546
0.0232899
0.0225401
0.0217481
0.0224408
1.46882
0.023081
0.0254414
11.4864
0.100562
0.0214733
16.8008
9.03472
0.0228712
0.0223706
0.0234677
0.0245714
4.72337
0.067628
0.0239413
1.61608
2.34376
3.37653
0.0624634
0.0286416
1.04174
16.1783
0.0308306
1.42029
0.0220374
13.3675
10.6592
0.0224656
0.0220043
0.0220214
0.0216869
0.0547993
0.0222111
0.909404
1.93106
0.0226691
0.199811
0.101864
0.0231977
0.0236747
0.0218042
0.0362794
0.19051
0.0247657
0.0222848
2.77529
0.0238348
0.0219881
0.0220809
0.0215542
0.0220638
0.0327174
0.0241382
1.54885
0.0221613
0.0234543
0.0219478
0.0508387
11.384
0.0217577
0.0255179
0.0217499
2.40615
0.0218355
0.0214565
0.0381472
0.0219348
8.79067
0.0221602
0.0219261
0.0222931
0.0219073
0.0215153
2.23946
0.039952
0.0569858
0.0781494
0.0219916
19.5022
0.0221559
0.0231206
1.29107
1.06395
5.78047
0.0303784
0.0225446
4.45306
0.0245524
19.6903
20.9095
0.0249597
0.0220632
1.60635
0.0224443
0.022219
2.48738
0.148467
0.0262773
0.215261
1.68343
0.0242548
0.0218823
0.022048
2.34972
5.59605
0.0367822
2.79377
0.0703982
0.172728
0.0253459
0.0220107
0.0250499
4.85055
0.0275084
0.0242952
3.84282
13.4824
0.0217188
0.13427
7.61495
0.0296855
1.93658
0.025115
0.0215001
0.0297124
0.0218875
0.0512728
0.0219554
0.155855
0.0215048
0.0219657
0.0214388
0.0220516
0.0220034
14.4303
0.0221848
0.122477
0.0225308
0.0219154
0.0216427
0.0218692
0.0550637
0.0223484
7.08354
15.5821
0.024257
0.0258142
0.0223643
0.0281373
0.0227982
0.0219981
0.0243045
0.0222287
0.0216095
0.0219392
0.021716
0.0216982
0.418047
0.022616
0.021873
0.0220907
0.022025
15.0854
13.9146
0.049442
0.0234448
0.0231161
0.183147
0.0219258
0.022165
0.022271
0.0341453
0.0217628
0.0218431
0.0276433
0.0296934
1.74263
16.1121
0.021881
0.0219361
0.0216824
0.0234579
0.0217133
0.021753
0.0214828
0.0231561
2.06782
18.8772
0.0249625
0.0221469
0.0290628
0.0219505
0.0224288
0.0308929
2.24259
21.8707
0.0220364
6.85721
0.0251996
0.0217733
0.0222478
0.0257949
0.0219944
0.0234494
1.08378
0.0218768
0.0218186
0.0215484
0.0232026
4.47163
0.0220978
0.0305177
1.81047
13.3426
0.0253335
11.0046
0.0265601
0.0310962
0.0220486
2.40887
0.0221022
1.75529
0.0218815
0.0221129
0.0394558
0.0331075
0.0223736
2.58694
0.0221444
0.0221832
0.0218078
0.0221633
0.0217392
0.024209
0.0253382
0.0224278
0.0301952
14.5903
0.0236546
0.952212
0.0222007
0.0268439
13.6365
0.0276379
0.0228584
9.98841
0.0218275
0.0221555
0.0220756
0.0226504
0.0353977
0.0222881
5.56376
0.024661
0.0218542
0.0285444
3.50393
0.0221682
0.0224367
0.0223645
2.35504
1.42563
2.8112
0.242665
2.32437
0.0270142
0.145926
0.0261122
0.0281476
0.0217063
0.0222758
0.0240663
0.0222059
0.0222943
0.0216518
4.87982
0.0243049
0.021902
0.139637
0.0222407
1.62526
0.0738565
0.023095
0.0218896
0.0223521
0.0235511
0.022601
0.0260264
0.0246674
0.0219115
0.0219383
0.0217693
0.0237704
0.054549
6.00427
0.0280513
5.27162
5.13423
5.65178
9.24229
0.0228253
2.08379
0.0751077
1.45903
0.0341092
0.0239152
0.0223773
0.0219954
33.4707
0.0261544
2.51075
0.0291448
0.0228338
0.0247231
0.029591
0.0221782
0.0224139
6.16444
0.0217129
0.0252076
22.2351
0.0229053
0.0219535
0.029529
0.021698
0.0218728
0.0357759
0.0225957
2.09538
0.0222392
0.155912
0.022642
1.9244
0.0235086
0.0223212
4.56758
0.0229952
0.198268
0.0216552
0.0225657
4.18019
18.2457
0.0215203
3.59294
1.57485
1.86992
0.158993
0.0258004
0.0218105
0.0268473
8.06588
7.90077
0.0230389
0.022142
30.3728
0.0219309
0.0657704
0.0227916
0.0221229
0.0969357
0.0708474
0.0220119
0.0218726
0.0228393
0.0215548
0.0216801
0.0463667
0.0268222
0.0313474
0.0425041
0.0279339
2.4203
0.0372312
0.0325586
6.96941
0.0306493
0.0221744
0.193986
0.0294702
0.0244854
2.46346
0.0216702
0.0658125
0.0228933
0.0217048
0.0224241
0.170495
0.0218087
9.23457
8.59039
1.67206
0.0217829
0.0214916
0.0313828
0.0220436
0.0931815
19.5623
19.3857
0.0226502
0.0218972
0.0268256
0.0335925
0.0284171
4.56017
0.0273143
0.0270083
0.042176
0.0221966
0.0299577
0.0259491
1.7904
0.0293595
0.0216478
1.75752
1.66073
0.0219312
0.0221998
14.9961
0.0323346
1.61514
18.4366
0.0232183
0.0249168
0.0241925
0.0236413
0.0219847
0.0225328
0.0279563
0.02312
0.046028
9.23784
0.0220898
0.021926
0.261075
1.47132
0.0221973
0.0222357
0.0218407
0.0309709
0.153112
0.0218995
0.0220655
1.74519
0.0234611
0.0222245
0.0219288
1.82848
0.0216451
1.37419
17.7707
0.0217864
0.117499
0.0350061
1.72841
0.0235063
0.0888962
5.69725
6.83429
0.0315857
0.0247253
0.0222811
0.0329558
0.0529885
24.5054
0.0217844
0.0214844
0.0219752
1.30789
0.0280261
1.91281
0.0219563
0.0766235
0.0358173
0.0329322
0.0221068
0.069809
0.0219193
0.0833256
8.28838
0.0348019
0.0217408
0.0221064
1.56565
0.0222273
0.0222325
15.1426
0.0216658
0.0251612
12.7552
7.60779
0.0216422
0.0230713
0.0220657
0.0289441
3.59285
0.0239861
0.0504697
0.0214734
5.99519
0.021636
0.168556
15.2292
0.0219089
0.022199
1.51777
0.0222226
0.0216925
0.0216588
2.01409
3.02637
0.0222874
0.0219282
0.0218435
0.0218266
0.0217406
6.09045
0.0219005
17.7993
0.0217345
0.0217045
0.0218582
0.0218226
0.0222801
0.0314194
0.0222702
10.7187
12.0624
0.0246556
2.47745
0.157715
0.163266
0.0255987
0.0218857
0.0330749
0.171761
0.0220284
0.154653
0.0216671
1.65342
0.0223343
0.0218963
0.0260948
0.0269973
0.0242004
0.0216401
1.86597
0.0231327
11.3158
0.106748
4.41204
0.0220431
1.8594
0.139834
0.0223252
0.0941611
0.133444
0.0254659
0.0318504
0.0214885
0.0751331
1.7809
0.0218959
2.97813
0.0221131
0.174344
0.0219254
0.28358
1.98231
0.0231333
2.0934
0.0215554
0.0232506
0.104173
0.0350119
4.94973
0.0219038
0.0234083
0.0350726
0.101385
1.28285
0.0218931
0.0218796
0.021965
2.73443
0.0246808
0.0295486
1.9515
0.022781
0.0232985
0.0214377
0.0405904
2.49394
0.0679456
0.0325615
0.0221451
3.74219
4.44172
0.0223269
0.0289003
0.0219052
0.0218138
0.0222073
13.1995
0.0725984
0.0623038
0.0407442
0.0216107
19.4185
20.1716
0.0223253
0.0237852
4.7439
0.024408
0.0233534
0.0217215
0.0266236
0.0217666
0.0222481
0.0313515
0.025163
0.0225631
1.67059
0.0219933
7.83615
0.0938947
1.41714
0.0682055
0.0427837
0.0215225
0.328079
0.0333751
0.0222396
0.0218866
8.02826
0.021509
1.32663
1.73919
3.2462
0.0395409
0.02592
0.0263986
0.0223716
0.0221779
6.72826
0.0217928
0.0781298
0.0218926
14.0439
0.0218987
0.0217767
0.0241941
0.0224007
1.63876
0.0267879
0.0486035
19.48
0.0551487
0.0269876
7.86457
0.0219182
0.0234246
0.22432
4.68647
2.5925
0.36108
0.0219013
0.0222427
2.06951
0.0278261
4.98335
0.106138
1.08103
1.76385
0.0220209
1.33976
0.089429
0.0216664
0.239879
0.0220834
0.0333693
3.16916
0.0220719
0.0295973
0.0221459
7.50138
0.0232018
0.0221392
0.0218703
0.0220161
2.06556
2.06833
0.816381
1.86607
1.97203
8.29968
0.0289329
0.0219158
0.0274121
0.0216401
0.021475
2.86578
0.0219671
15.0852
0.0308799
15.5976
0.0256337
0.138569
0.0714836
0.0220319
0.0216409
0.0217004
0.029764
0.022422
0.0339184
7.16791
16.071
0.02263
4.14615
0.0218345
2.66415
0.0222392
0.109245
15.923
0.127057
15.9349
0.0221018
0.0219841
0.0452172
0.0219268
0.0291103
4.93592
0.143849
4.44609
0.0401004
4.61364
0.03724
5.33665
0.0214246
1.45901
0.0346896
0.0219985
0.0221921
0.0234736
1.49362
0.0303427
0.0216213
0.96158
1.60118
0.0224902
16.4061
0.0222301
0.0329533
0.0220108
0.0423728
2.96138
0.0383237
19.1978
5.35272
0.0223658
0.0219732
0.0393669
0.112918
0.0631961
1.73252
1.27465
0.0223023
4.73351
0.0219393
0.0216949
1.79925
0.182908
3.64482
0.0308599
0.0218931
0.0572316
1.55368
1.30997
4.79537
0.770556
18.7316
1.27254
0.13586
0.109598
28.1779
18.1422
4.54235
7.81426
16.5144
15.1128
14.4017
0.0216508
2.78641
0.0215106
0.0309546
8.67518
0.0267382
0.0278925
1.83264
0.0365501
0.028054
0.0223026
0.0400738
0.117005
0.0382252
0.0220015
0.0222858
0.0229407
1.17147
0.0220843
0.143396
0.0220596
0.0222761
0.0214737
0.0225553
1.84307
2.15222
0.0305988
9.19033
0.0221925
9.36349
0.02166
0.0219313
0.162186
0.0220076
0.0221393
0.0221744
0.0642116
0.0265205
0.0487514
0.0219368
0.0220879
0.0397848
1.50641
1.48106
0.0730849
2.28865
0.72952
0.0219404
1.32004
1.3307
13.9821
0.0220401
0.0222381
0.0230838
0.254952
0.0219785
1.30215
0.0219305
0.117556
0.0220204
6.96258
0.0225137
0.0911761
0.0257778
0.0221915
0.0224318
0.136816
0.0237262
1.82191
1.48086
0.0218895
0.021702
1.55037
0.129123
1.90266
0.0222262
0.174988
0.0223718
0.0215983
0.0888568
7.17198
0.12378
0.0430676
0.0226902
0.0282892
0.0397068
0.0221263
0.343183
0.0233023
0.0405283
0.106809
2.45585
0.038831
0.02215
0.0217681
8.71042
0.0228372
0.038129
0.0217864
5.80633
5.35196
0.0220354
0.0217048
0.219462
5.27104
6.21933
1.44947
0.0233405
0.1284
0.050802
1.56133
6.39591
0.0276648
0.0241252
0.0279627
0.106363
0.0222269
0.099311
0.0299372
0.136742
0.549491
0.0216527
0.0225433
0.0372771
0.0219326
5.94176
0.0218356
0.0220414
0.669733
0.104436
7.18586
0.0267917
0.147598
0.0390801
0.021916
0.0328217
0.0243187
0.0573997
1.64289
2.03174
0.0230249
0.0215226
0.062147
0.0867764
0.0246896
0.0260412
0.0226338
0.0214041
0.055418
0.0772409
0.0219855
10.7562
0.0220596
3.07747
1.98816
0.0222939
0.0376003
0.0226601
0.0246856
0.049019
0.0621252
0.0232863
0.0222883
0.100003
0.0218185
0.246749
0.0216641
1.44834
0.0377887
1.54583
3.31775
1.44846
0.0784129
0.0214637
1.30439
0.0214287
0.0233251
0.0221846
0.022458
0.0343745
0.0232628
0.0382188
0.022288
0.284758
0.0571515
0.0947969
0.066874
1.75734
0.0218665
0.0371123
0.021816
0.0221817
0.021795
0.0218769
2.96769
0.022609
0.02223
0.0363074
0.393819
0.050119
0.0219284
0.129099
0.373331
5.63226
0.0257894
2.05322
1.79431
0.0220103
0.0237744
0.0803794
0.0686993
12.7204
0.150661
0.0220867
0.0503052
0.0215009
0.16174
0.922388
10.7421
0.400303
0.0218524
27.8235
0.0218332
0.0218054
0.0268388
0.0585202
0.0431423
0.130596
0.0382734
0.0214919
14.9904
0.0721159
6.34826
1.65687
1.60606
0.0293738
0.0237822
0.02298
0.0233508
0.0219911
0.026541
30.501
14.3331
3.45588
0.301636
0.458669
0.0219923
0.022032
0.0234374
0.0257956
4.44116
0.0234274
0.022238
0.0217376
0.0217459
0.021585
0.0399379
0.0348635
0.0219239
0.0287623
2.0138
7.8779
0.037934
5.24321
0.0218648
5.44853
2.08691
0.130278
0.0217914
0.0218675
0.0221965
2.93598
0.0278365
0.0294737
0.0474745
0.543771
0.0432286
0.0222869
0.0221486
0.0757948
0.0220054
0.11335
0.0263102
0.0330238
0.0217607
1.28381
0.0346079
0.0219509
4.42764
0.022286
0.126251
0.0224473
0.0220358
1.30371
0.0598887
0.0454959
0.0218978
0.0217705
0.0217122
0.0216089
0.0222876
0.109365
4.78904
0.781274
0.0487595
0.087716
0.0217915
0.11738
0.0222784
7.74649
2.83037
0.0268015
0.021888
0.0218355
1.8972
2.08636
0.0250641
0.152171
0.0346492
0.0222265
1.73191
0.0221915
0.102337
13.1349
0.0226175
9.21654
0.021408
0.0228082
0.045791
29.8054
0.0218056
0.024715
10.4861
2.58033
1.2726
0.0217393
0.022221
2.1707
7.73842
4.53448
14.8126
0.0592842
0.0221964
0.0218184
0.0227327
0.021698
0.0221565
2.97079
1.44982
4.71043
1.97604
0.0215152
0.0216795
1.99554
0.0294506
0.0225894
0.0217227
0.0221307
1.3829
0.0487828
1.69578
0.0222322
0.0219951
0.0222194
0.0401691
0.0260245
0.0232371
0.0260618
5.31196
1.8504
0.0236109
4.06444
0.0220728
0.0221316
0.136623
0.817485
0.021456
0.125069
0.0219431
20.6364
0.0220477
0.779034
0.0222953
0.0384927
0.0218025
0.022562
0.0236913
0.132477
0.0717722
1.49527
0.0220082
0.022198
0.0215279
16.7819
5.57218
0.0248148
0.142625
0.0882813
0.0237786
0.0286202
4.18113
0.0466713
0.021562
2.05181
5.09641
0.134035
0.022274
0.0217082
0.0222136
0.0220209
0.0508689
0.0222714
0.0221664
0.0285626
2.36303
0.0222491
15.8687
6.92282
3.04224
0.0846043
6.76439
7.16159
2.28901
1.27515
1.43946
1.18869
0.0734101
0.145993
0.0218218
0.706876
0.0219762
15.7782
4.32086
0.0214745
7.68614
0.0464581
0.02171
0.157548
1.7581
0.0217903
0.070269
0.0218271
1.50265
4.95687
5.4322
0.0220618
5.98936
4.83992
9.32561
0.0585368
0.0454993
2.46413
0.0215087
1.46187
4.04118
1.99496
0.0220855
0.0266064
0.0216265
18.6525
0.0220319
0.797394
0.0405894
0.0298182
3.89754
0.0252366
0.0221857
0.0219681
0.0220446
0.0225691
10.4588
0.0218954
0.0283029
19.2028
5.43707
0.162207
0.0230526
0.0369949
2.84914
0.0216086
0.0225236
0.0245099
6.3304
0.025854
0.718356
0.022269
0.0216185
0.0830175
0.0492308
0.0403398
17.1737
0.0217406
1.73307
0.0267368
0.02203
0.0538085
0.927249
0.0221461
14.774
0.0308597
0.732241
2.15621
0.190273
0.0219005
14.0419
8.03084
0.0348228
0.0277421
4.2134
0.342326
0.0219149
0.0218479
2.65179
0.021709
0.0215921
0.0234082
0.12859
1.7301
0.0215736
0.0392654
0.0851344
0.091611
2.32478
0.0219303
0.0223729
0.0219193
0.0222659
7.94387
1.28797
0.0541693
0.0219592
0.0214386
0.149319
0.0220971
0.0258551
2.7743
0.0225444
0.0255419
2.18991
0.0218231
0.0220374
0.0288838
0.0221732
0.0219071
5.89856
0.0794523
0.118382
0.0222111
0.0229845
0.0478917
0.0565385
0.0222394
0.0513907
0.0215089
0.0258194
2.08504
0.0225965
9.60055
0.0214644
24.5369
1.84617
0.021791
0.0289647
2.94078
0.0268689
1.54325
6.15568
0.0222951
0.039366
0.0218175
2.86276
1.12515
0.0220771
11.4184
0.0222977
0.021804
5.74134
0.121156
0.613568
3.52353
0.141931
0.0216988
1.57609
0.0218443
18.5008
0.0225771
0.124596
24.8138
0.0222454
0.0217353
0.0405514
0.0215423
0.507603
5.09517
0.0218393
0.0216652
0.0217807
0.0216871
2.05656
3.41421
0.0412573
0.893398
0.0289866
0.0273291
0.0244393
0.0355619
0.0303554
0.0215389
0.0223495
0.0216672
0.0218338
0.0253728
0.105168
0.0222522
0.358592
7.67073
0.02168
2.50893
0.0216096
0.821859
0.0229578
1.31447
2.78596
0.0221623
0.253848
0.0222863
2.01288
0.802524
0.0222182
0.0222689
0.100248
0.0324253
0.022225
0.0453003
11.1485
0.0222833
39.7763
0.0236553
0.0218701
0.184399
1.86487
0.0234836
0.021885
0.0298645
0.0220811
0.0424334
0.0217646
0.0218876
0.0214998
0.0222388
1.80384
0.0281449
0.0222285
0.0217488
0.0293722
1.5012
3.11529
0.144854
0.0216948
0.292841
0.0445627
0.0214375
0.022015
1.70262
0.0222508
0.0217625
30.6179
0.0321767
6.32975
0.0229637
0.0493677
6.08804
2.19216
0.830065
0.0218393
0.0802519
0.0221626
0.0233775
0.0216547
26.0287
0.0597636
0.0217938
2.38843
2.51971
1.28636
0.0219955
3.76806
0.0227066
0.022423
0.204906
10.7046
0.027132
6.03496
0.0909857
5.68281
0.0216669
0.0317345
0.0763025
0.0220915
0.0222064
0.501062
0.0398629
11.0637
12.8476
0.0218262
17.3234
0.026835
5.82544
0.0221801
2.66497
1.312
0.0927734
0.0222195
0.0219265
5.87301
0.0220743
0.0216316
0.183983
0.0326233
0.0219202
22.0975
0.0219601
0.0217625
0.0221814
0.0221906
0.0216419
0.0219727
0.0216366
4.49498
4.74351
0.0225776
0.0215873
0.022004
0.0218862
0.0295045
0.0217674
2.90362
0.0344596
1.85739
0.0313307
0.0304169
2.65587
0.0218366
0.0995675
2.95795
0.0261553
0.831812
7.77953
1.9669
0.0214217
0.0220462
0.021864
7.43258
1.26613
1.69625
7.99491
0.0340881
0.0218343
13.5475
0.0318142
0.0223884
0.0218984
0.022387
3.68073
0.0367272
0.505177
0.0218964
0.0221877
3.80647
0.021696
0.0232873
0.0218136
5.3394
0.0216141
0.0218269
0.0801513
0.0222163
0.0221715
0.0257217
0.101837
0.039719
0.814606
0.0879456
0.0222462
4.20747
0.0343224
0.0217885
0.022005
7.46639
0.0219848
10.1347
1.81959
0.0216435
4.20633
0.0218089
1.47976
0.712652
1.56443
0.0547883
0.212456
9.78809
0.0394101
6.75225
0.714693
0.0219285
0.0217764
0.0646085
0.0782343
5.79487
0.0289406
0.0300101
0.0219874
0.0230549
0.0218987
0.0335113
0.0483247
5.36434
0.0541904
0.022194
2.44332
0.0428896
0.0220798
0.0219274
0.0218716
0.021553
0.0234495
0.0222313
0.0491167
0.0349336
3.1608
9.69068
2.36417
0.0217583
0.0218644
0.0407094
0.0272886
0.0217514
0.0268376
0.021659
1.34485
0.0219567
0.0828483
7.15631
0.0222122
0.0220165
0.021879
4.6483
0.0853138
0.0643909
1.27873
0.0219434
0.0236391
1.62162
5.38713
0.0222309
13.3176
0.023055
0.0573662
1.65197
0.0218676
0.0221483
0.0221541
1.60656
2.80101
5.38064
21.0515
0.0222514
0.0220653
0.021973
0.112614
0.0221509
0.0217435
0.0224562
0.0217908
10.3798
0.0222927
0.0222917
1.96311
0.487852
7.7066
0.0276265
0.0309284
0.0348416
0.211558
0.127223
1.34998
1.4957
0.612482
0.0218456
1.50067
0.0217725
0.0251578
0.0221113
5.08981
0.0215614
0.0218118
0.0221082
0.0222687
7.28822
0.0228132
0.022294
0.861365
20.0335
0.0218671
0.0217669
0.0757342
0.0217117
0.0221414
0.0218184
0.0218933
0.0366202
0.137193
0.028956
0.300254
13.3331
0.0261756
2.93644
0.132343
0.0319631
1.60483
0.021676
1.59858
3.40146
25.4767
4.6638
1.30221
5.27486
0.0356833
0.0219243
0.0233171
0.021873
1.56375
0.0219265
1.31234
6.97114
0.0221806
6.52512
0.0735227
0.0217457
25.3221
0.124288
0.0214732
14.0015
0.0226137
0.0349311
4.69679
0.0239127
0.185616
16.6127
0.0216024
1.29821
4.06073
0.0220816
11.2591
0.021715
0.0529909
0.0220109
0.0218773
1.27114
0.0218113
0.022039
1.208
18.9965
5.66628
0.0219301
2.44606
1.29926
0.132166
1.56213
0.0217085
0.0218473
1.6542
0.0217611
0.0217477
0.0222104
0.02235
1.34625
20.3055
0.0463022
0.0216532
0.0299424
0.0219571
8.88681
0.0221635
0.0261836
8.43597
6.6398
6.79501
4.48965
0.28215
0.0219062
6.44293
0.021846
8.14267
8.73329
0.177647
0.0224172
0.0221626
0.457191
0.02182
2.18557
0.0217801
0.0215493
0.0216053
7.22273
1.77954
0.0218632
0.0214221
0.185397
7.57103
6.30773
10.0179
0.0218975
7.72472
0.025858
0.0220794
0.0325602
5.76089
0.021934
0.0228591
0.0219292
6.10188
2.55486
0.0219866
0.0220805
5.89253
0.0800189
4.79355
9.1359
3.10506
0.301421
0.0586845
0.0219219
15.1328
0.0218085
5.26962
0.0221719
6.2424
0.021843
0.0499624
1.18718
0.639644
6.98347
0.0219016
0.114535
0.0258698
0.0219564
0.0647633
0.021928
0.0459842
0.0221361
0.0218765
0.0220946
0.0509123
0.029133
0.0214399
0.0220306
0.0217223
0.0998002
0.0221294
0.0591375
0.0217054
0.0225812
1.6004
0.0237687
0.0775756
0.121479
0.0217536
0.021817
33.7523
0.114398
0.0216695
4.4859
0.0216547
0.0219349
5.87444
0.0214171
0.0222003
0.0422946
0.0224826
0.178304
1.32875
0.731648
0.090494
0.0221433
11.3743
0.0222944
0.0222727
0.149319
0.0244903
31.2685
0.0219068
0.0215526
0.0221318
19.2215
20.989
0.0218121
0.0285426
0.0222486
0.0617792
0.0217018
0.0218949
9.66308
0.0222501
0.0218691
1.77227
0.0224964
1.31903
0.0219412
2.3464
0.0219506
2.76756
0.10444
0.0222305
0.021959
0.0222507
0.0226394
5.31075
0.0365165
0.0543724
8.00003
8.42208
0.0219887
0.0225303
4.52694
0.0963452
0.0224286
0.022169
0.0219421
0.0557461
0.0396118
0.111721
0.0318747
0.0216781
0.0219789
11.4801
0.0222913
0.0218538
0.0256251
0.0353508
0.0219856
0.0219765
0.0243119
0.0443222
0.0216677
2.01547
0.0217487
0.247658
0.0214215
2.1316
0.0216116
0.0239978
5.87292
3.87215
4.40476
0.711436
3.08245
0.0219476
6.34645
0.0217104
0.0216763
0.0404931
2.50815
6.44921
0.021598
1.51335
15.1806
1.33664
0.0222639
0.0218121
0.0217622
0.0224515
1.39229
0.109201
0.07371
3.0467
0.0223409
0.0214368
0.0216626
0.0218225
0.366987
8.39936
0.0220836
19.8956
0.150693
0.2417
0.0613498
4.61761
2.61192
0.0217389
0.021995
18.2941
13.9622
2.83737
0.0221795
0.178887
13.869
0.0215484
0.0221921
18.9271
0.0216852
0.137081
0.137437
0.023225
21.118
0.0219344
0.073588
14.4498
0.0280152
3.27647
0.0219359
2.6439
2.85531
0.0218568
18.7222
0.0216972
0.030849
0.0219072
6.47439
2.83329
0.0285762
0.0215332
14.7386
0.0222874
0.0214691
0.0218808
0.0285488
2.57711
0.0215006
0.0232307
0.0217654
9.90446
5.10728
0.0236624
0.197907
0.556965
0.130854
0.118138
0.0221913
0.056862
0.0282963
20.793
0.0242268
0.0239035
13.9616
0.0347311
0.122833
0.0290268
0.0220433
6.15492
0.0219496
0.0219899
0.0217561
2.2266
0.0219368
2.11788
0.0221267
1.51736
0.0220686
0.0346665
4.49059
1.66759
0.0217084
0.0222619
0.0221569
4.83108
0.0216531
1.48374
0.1785
0.882897
0.021954
0.0215117
1.91256
0.0988473
21.0726
0.033098
20.062
0.030496
0.0220287
0.0219503
0.0758697
1.52316
0.0218926
0.0368588
0.021899
2.88003
0.0218644
0.13658
4.05953
0.0217166
0.0214561
0.0859918
0.0217802
0.371562
20.8131
0.0222243
0.534268
0.259351
0.0497233
0.0215906
0.0218065
0.0437974
0.04003
0.0262792
0.0552081
0.282665
0.0220917
0.0326133
0.0504666
0.0217938
0.591839
0.0227213
3.3007
14.4426
0.0221092
0.0230677
1.84451
17.5033
6.12203
4.06376
0.0217402
1.30567
0.625625
0.0216891
0.0274715
0.0218716
0.0219764
0.0216588
0.0220045
0.0225353
0.0447621
0.0215834
0.0230286
0.0287161
1.54785
0.0223334
4.56571
5.60724
0.0216382
0.022093
0.0220647
0.0220982
4.28398
0.624002
0.0222402
0.0218658
0.0219604
0.0222691
0.0219684
0.0249358
0.02174
0.343868
0.58181
8.53221
0.0284511
0.022237
0.0276918
0.0245136
0.0220045
0.130547
0.0222457
9.77236
0.031951
0.327865
0.0222876
0.0220929
8.52219
0.0219217
0.0612042
0.0220607
0.137847
0.0859498
0.0955481
0.0221737
0.0248732
0.676652
0.0218982
0.0222151
0.024315
0.0220698
0.0217356
3.00719
0.617813
0.021749
0.0218078
2.12985
0.137177
0.0218572
0.0219726
0.0566862
0.0228451
0.0289785
2.55309
4.73407
0.023407
0.0565295
2.83514
0.0219295
0.0221935
0.0219504
0.0217715
0.0218592
1.39174
6.36896
5.11368
0.0251588
0.039701
0.0219075
0.0222594
0.0278751
5.98747
0.0538026
0.0274344
0.0644596
0.0861007
6.03498
0.0219986
0.616437
0.0455659
1.68268
0.0375809
0.0217912
0.700796
3.15193
0.0352779
7.76169
1.04493
0.0217165
0.0655341
1.81198
0.0215647
0.0222328
12.7591
4.95224
0.0214859
0.0218314
0.125413
0.0215886
4.4595
0.0216591
0.0218804
0.0220985
1.43834
0.0311874
0.0803653
8.0043
0.0847243
0.0306539
5.84128
0.0216724
0.0216716
0.0218927
0.221803
0.742144
0.0531128
0.0250145
0.0218441
0.0218857
3.67727
0.021926
0.0220045
28.6269
12.2978
0.432082
0.0220079
2.46918
0.0219306
0.0220482
0.295347
0.467247
0.0219639
0.855984
0.0219213
0.023134
0.0287983
0.0238516
0.0218447
0.0215951
4.69369
5.20748
0.0217239
0.0216536
0.166376
0.0321934
0.0220821
0.0273891
0.022375
0.0218087
0.0425034
0.0216792
0.0222491
2.40632
10.2075
0.0270417
0.0219463
6.70563
0.0214062
0.0217264
5.19213
0.0220239
2.60909
0.193246
0.0275492
7.9364
0.0219101
0.0218368
0.0218953
0.0218043
0.224063
0.0293245
0.0219286
0.0219314
2.2633
1.50661
0.0217532
5.35447
4.5488
0.0219676
13.3508
5.40654
0.0297939
0.0220145
17.9298
0.0220219
0.0218806
0.0218565
0.0218226
0.0220674
0.0877139
0.101225
5.27401
0.0223375
6.07749
1.18689
4.57277
0.0220705
0.322911
0.0217262
0.0309601
8.76217
0.0219292
0.078912
6.25346
0.0269709
0.041844
0.117416
0.0214658
0.021856
0.0607709
0.0220003
4.70488
0.552793
0.0221809
0.0219456
0.0281822
0.0221493
0.0542159
0.0221258
0.301113
0.0218703
0.0218109
0.0633054
0.0334661
4.10976
0.142702
0.0236365
2.01853
0.0930058
0.199295
0.0222135
0.95467
0.477219
0.0221125
1.28423
26.7021
0.021787
0.0222945
0.140701
0.12138
0.0218142
0.0454204
7.5782
0.0214759
0.022166
0.0462542
0.0222183
0.0583343
0.0221666
3.50894
1.48973
0.0426018
5.0076
0.0215187
0.702341
3.5874
5.08003
0.0334949
0.0217873
0.0231026
0.108026
0.0220857
0.0216408
0.0222491
0.248437
0.0219174
0.0216946
0.0222665
0.0214757
0.0227524
2.6974
4.43318
0.0221995
0.0218142
0.0218585
0.0220259
0.264121
0.340204
6.90499
0.0776558
4.48092
0.0220163
9.51668
0.596259
0.0310214
0.0220732
0.0391296
0.0220208
0.021918
0.0214863
0.0884796
3.32997
0.0218508
0.130511
0.0968072
0.0350202
0.0221472
8.4743
0.0221597
0.0242006
0.119414
0.336878
0.0224135
0.0220759
0.0216272
0.0235036
1.65381
0.0225305
2.04445
0.0221953
0.021894
1.3485
0.023237
0.0219521
0.0222358
7.59112
0.0222172
0.124591
0.0326408
14.0976
0.113349
5.93852
0.0218788
0.0226157
0.0216996
0.0218221
0.0280913
0.0220998
0.0219279
5.26071
0.0222855
0.0225607
6.87262
3.17474
0.0218474
0.0607785
0.0217503
0.0214777
0.0232589
0.0216507
4.81013
7.9371
0.0214482
0.0221619
0.0768903
1.85058
0.0220258
0.0557279
9.82348
0.0220748
31.2034
0.022821
1.51746
0.0222231
1.00167
5.33469
0.0218572
1.28252
0.0241481
0.0216507
0.0220508
1.24715
3.42216
0.0651224
0.0221724
4.07879
0.0219975
0.0231259
0.0219377
13.9177
0.10765
0.0452608
11.5168
0.0218144
1.39057
13.8676
8.38539
4.57638
0.0376294
0.0374388
5.86679
0.0219889
0.0231143
0.0778586
1.91293
0.0214583
0.0222852
0.021902
0.0219563
0.0219839
0.0365841
0.393766
0.0218477
27.4481
0.0219085
0.0233435
0.0220359
0.0603404
2.0811
0.0221655
0.0217266
0.0554889
12.3779
1.25044
13.1517
0.648411
0.0218752
0.0218562
0.0215024
3.95
0.0228645
0.0221329
19.8635
0.0219927
0.122815
11.8978
0.0219594
5.16239
3.21698
0.894733
0.0581718
0.122658
16.4329
0.29654
0.0219138
0.0216529
0.0370889
0.0224213
0.0573253
30.016
11.452
0.0313965
5.3056
1.0751
6.78059
0.0214526
0.0221801
0.0219454
0.0217087
0.0220942
1.57211
1.60357
0.0221184
3.34873
0.0221101
0.0219127
0.487479
0.021787
0.694634
1.35348
8.88763
0.0217379
0.0218692
0.022247
0.0222439
9.00106
0.0219711
0.0268608
0.0224535
0.104473
0.0243054
0.0222351
0.0219444
4.3775
0.0216739
0.563646
0.021866
2.69644
0.0220307
0.021955
0.0234812
0.763252
0.0216865
0.022163
10.7665
0.0219126
0.0390827
0.269046
1.07504
0.0391063
0.0217626
0.0219283
0.802827
0.0295756
0.021697
0.104719
0.16294
1.981
0.0219691
0.02201
0.0219341
0.0217539
0.0220378
0.0224747
7.37082
0.0229246
12.2165
1.37311
0.0429611
0.023246
0.0218613
0.623971
5.15191
0.0217226
0.0220772
0.100581
0.0222744
0.0230858
7.76231
1.77182
0.0218893
2.12179
0.0230047
3.43039
0.0217262
0.0220182
0.0218989
5.27871
0.0216469
0.021897
1.54013
0.0218565
0.0364539
0.0721271
0.0219129
12.6503
0.0274706
1.74079
1.27932
0.0219435
0.0222535
3.0761
0.0218421
0.0220908
0.0219752
0.0299724
0.0220753
9.90173
17.6537
2.24851
2.09954
0.0217288
6.5003
0.021864
1.91843
0.0273603
0.0310851
0.0221009
5.73778
0.0220585
0.0229669
4.57746
0.0217354
0.0429438
0.035711
0.0222791
11.2807
0.0217399
4.1464
0.0282307
0.0219809
0.0218532
0.0214662
1.44181
0.0217497
1.28652
0.0222666
0.025475
0.0239527
0.0263057
8.44641
0.0220937
0.0246267
0.168008
0.0535274
0.150801
0.022056
0.021867
12.2451
0.0214476
7.88161
0.0330447
0.0218626
0.0219032
8.19154
0.357999
0.0222604
7.54491
0.0218278
0.0231111
0.021822
0.0619304
0.0237076
0.0607099
3.14494
0.0218934
0.0217194
0.0219321
6.64243
0.021883
0.0226309
1.37702
0.0218768
0.139264
0.0220963
0.0281303
0.0220405
0.022282
0.0223633
0.199099
0.0355961
0.0218068
0.132965
0.0221062
3.43799
0.0219647
0.146
0.0219355
0.0219065
0.0219338
35.5518
0.0278253
0.0224335
0.342488
0.0223297
0.0315525
0.0227674
0.0256909
0.0222729
0.0218962
0.0222773
5.14524
0.0219776
0.0218243
1.72204
0.0220042
0.0217688
0.0219691
1.35268
0.0222055
0.0547605
0.0294242
0.494297
0.0222109
0.0471061
0.0217299
0.0222966
0.0281164
6.47709
0.0222926
0.0216871
0.0219227
0.2023
2.86651
0.0226024
0.0218519
0.0219031
4.7977
0.0216213
0.0351333
0.0432244
5.46035
0.0222948
0.0217038
8.3128
0.0226118
0.0526045
0.0306625
0.0214616
0.041468
0.0219829
0.0283777
0.0215172
0.0217575
0.0219332
12.6634
0.0220122
1.52957
0.0216885
6.36456
3.70124
0.250317
0.0220102
6.00811
0.400707
0.0336556
0.0219885
0.0326659
23.8527
0.0220702
4.65903
0.0222558
0.172899
0.0255473
0.0222149
0.140616
3.41202
0.0218272
0.0251001
0.021924
0.0340762
0.0218537
0.0217204
0.0220411
2.75997
14.0013
0.0222912
0.0219338
0.0220334
1.31914
0.0219266
0.130159
0.0221324
2.66023
6.09401
5.67106
0.0442137
0.0222519
0.0220897
6.97173
0.0220351
0.0373307
0.0222661
0.0355232
19.5837
3.21394
0.0222869
0.0216744
0.0321836
3.5683
0.0701024
0.0218124
4.3596
23.5974
0.0216229
1.45087
0.0215166
0.0459425
0.0219263
0.0227522
0.0222856
0.0356165
0.0219767
0.0215076
5.33652
0.0243302
0.0228232
1.37098
3.12153
0.0220321
4.88003
0.0220994
5.09473
0.0247409
0.0215237
0.021587
0.0220161
0.026607
0.38901
1.05646
0.0220063
0.0226834
3.9519
0.0220422
0.0216249
0.021861
0.0219826
0.429492
0.021929
0.0216215
0.0216381
4.81934
0.0222667
0.0219272
0.0216534
2.01352
0.0221637
6.17829
8.96782
0.0219099
6.19658
32.4862
0.0221658
0.060434
0.121479
0.0215824
0.0216957
0.0233718
0.0220102
6.89723
0.0267046
0.0221146
0.0216481
0.0218906
0.0220293
0.021903
0.0222292
2.21225
0.0216531
0.0218549
0.0274313
0.0219187
1.41877
0.0218769
0.0220563
0.0221152
0.0221432
2.15459
5.04198
1.30376
2.41478
0.022477
7.36049
0.0218505
0.0216169
0.507945
4.32688
0.0222142
0.0219823
0.0829963
0.160576
4.7096
14.5989
0.0460512
2.43924
0.0229157
5.56466
0.0219047
0.0265867
0.021864
3.49437
0.0219398
13.1091
0.0222536
0.0243187
0.0221463
0.0228589
0.456686
0.0216167
0.0214905
2.9011
0.0564138
0.0222464
0.0216581
0.021611
0.0230551
0.022255
0.0222456
0.0218763
20.4806
0.0218252
0.0226637
0.022255
0.0216111
0.0217129
0.037327
0.0222971
0.0398736
0.0221649
4.69663
0.0217233
0.113622
0.0755572
0.0218023
0.931951
0.0214766
2.08574
0.0220457
0.0220196
0.0219163
0.0215944
0.107108
0.0218594
0.0226061
0.0215853
1.62373
0.234688
0.022025
0.022271
0.902633
2.10238
34.2921
0.403891
4.01528
0.0218458
0.0218641
0.0370353
0.022242
33.5838
0.0222581
0.100692
0.0219004
0.0222472
0.0295661
0.0215378
0.0222506
0.0418889
1.91083
0.0216669
0.0215822
0.0222091
0.0219716
0.0220328
0.0216675
0.0219432
0.0218674
0.0308736
0.0573067
5.99768
5.66453
32.4272
0.0215917
1.93051
0.0219
0.137136
1.02602
0.0220334
2.39989
0.0218689
1.64084
5.97574
0.077935
0.0220856
19.3184
0.0242453
0.167557
0.0227321
0.0307631
8.2445
2.25625
0.562401
0.0246488
24.6756
0.244962
38.7456
0.0279234
13.9156
41.8348
11.6881
0.0216517
0.0222741
1.28247
0.0214856
0.0219482
0.434888
0.0219847
0.0220975
0.0376407
8.09718
1.27488
4.67661
0.0218729
0.0218321
0.0222075
7.09988
1.64607
1.74413
0.0257283
7.34809
0.0218919
0.032711
1.96722
0.0257007
3.14838
0.0224912
0.022234
1.29195
0.0218103
0.93325
0.0219535
0.0226476
0.0449827
0.0217935
0.0241736
0.0858413
0.0222666
5.88173
0.0218794
0.0214809
2.45325
0.0226196
0.0219122
2.10432
0.0946562
4.00835
2.55559
11.1684
0.0224259
0.116969
5.9438
0.103803
0.029891
0.0224313
4.58922
0.0217683
0.0220582
0.164994
0.0914469
0.0438261
0.0224248
0.0222311
0.0218252
1.28219
0.0515211
1.85282
0.0222712
12.3754
0.0218714
0.0451549
0.0243252
0.0217735
0.413409
0.437189
0.0341315
0.154054
3.80562
0.0222725
0.0239126
0.0279422
0.0327885
0.022541
0.0282651
0.0278052
0.123074
0.0215551
12.2672
4.66125
0.022544
1.88542
8.04628
1.86643
0.022271
0.0216089
1.80776
0.0219404
5.21141
0.0222309
0.0222724
1.90675
0.0239489
0.0219815
26.981
0.0267952
0.0823329
0.0219024
4.49572
0.0657464
0.106599
0.0373514
0.0225964
0.132233
0.022628
32.1974
0.0269594
0.403793
0.629642
3.93091
0.166457
4.65168
0.0250881
0.0850508
0.0372379
0.716811
12.9682
0.021814
0.464069
0.0220486
0.0218915
2.8624
0.069119
0.0216434
0.0779705
2.9757
4.96022
4.93823
3.74402
0.0751098
0.0222635
0.0242869
0.0217014
4.49643
0.0220676
1.92681
0.549182
0.0244209
2.26933
6.71268
0.0216634
4.09209
10.5174
3.55521
0.0219739
0.0219112
0.022368
0.04563
0.022273
1.88073
10.5042
0.0425434
1.93505
0.0228469
2.46635
1.29087
1.43164
0.0220995
0.920999
0.0274103
0.125121
0.0327181
0.244291
0.0390344
3.36635
0.022248
0.0218467
0.0216336
0.90767
3.77212
0.0219282
4.49438
0.0750629
0.110379
0.0218673
0.123583
0.0221604
2.408
1.74002
1.67834
0.174485
4.57273
0.0762002
1.67367
0.108602
0.022088
0.50844
0.0218292
0.0457266
0.0219483
2.4002
0.0219747
0.0257283
4.53426
0.0494952
0.0458201
0.0820411
13.8462
9.20459
3.34927
1.66361
0.0414062
0.0219106
0.0219361
0.0438742
12.9733
4.81831
0.0341402
0.0306137
0.104545
0.0437178
0.162061
0.459482
0.105439
0.0519756
0.0629342
2.12079
0.0216233
7.88054
0.0217518
0.0222806
0.15422
0.0327545
5.95698
24.3067
0.147027
1.20184
0.512907
0.0218668
1.32895
1.75618
0.0418592
0.0289225
1.82204
0.0395569
0.048652
2.25125
2.64033
0.0218992
3.44815
4.88218
0.0216945
1.8065
0.0226701
0.0216364
0.0214736
0.0321038
0.592981
1.91167
0.52282
0.0607893
0.0577634
0.0415011
2.24228
)
;

boundaryField
{
    frontback
    {
        type            empty;
    }
    topbottom
    {
        type            fixedValue;
        value           uniform 0.0223;
    }
    outlet
    {
        type            zeroGradient;
    }
    inlet
    {
        type            fixedValue;
        value           uniform 0.0223;
    }
    walls
    {
        blending        binomial2;
        n               2;
        beta1           0.075;
        type            omegaWallFunction;
        value           nonuniform List<scalar> 
120
(
22.5696
26.1501
26.6035
20.6138
26.2863
28.0452
25.7429
24.8529
25.4412
16.4702
26.55
28.7404
19.5735
22.5229
28.4053
28.5201
14.3166
22.2655
12.1616
25.4189
24.5177
13.0395
28.8086
25.2719
24.6289
12.882
18.5455
6.61297
22.44
8.29649
8.72091
8.5192
7.48804
7.06466
26.0423
25.8992
12.5314
20.6815
27.6325
25.903
24.7694
13.771
24.8052
27.8338
17.0465
27.5217
26.4502
20.2198
30.2323
26.3546
26.0736
12.5839
28.415
25.6374
23.173
27.2184
16.5042
12.1711
25.4665
6.25856
6.97361
26.6495
17.3261
25.9921
26.1574
8.00867
7.75507
8.32689
13.264
24.2754
27.75
20.8755
27.3786
29.944
17.475
18.5389
26.6623
17.1815
27.5452
7.28852
8.79067
19.5022
7.08354
21.8707
33.4707
22.2351
7.90077
30.3728
8.59039
18.4366
24.5054
4.41204
13.1995
8.67518
9.19033
9.60055
24.5369
30.6179
26.0287
25.4767
25.3221
14.0015
18.9965
31.2685
21.0726
28.6269
31.2034
27.4481
11.8978
30.016
11.452
20.4806
34.2921
33.5838
32.4272
19.3184
24.6756
38.7456
41.8348
11.6881
)
;
    }
    procBoundary0to1
    {
        type            processor;
        value           nonuniform List<scalar> 
80
(
2.13758
0.0375047
0.022043
2.5179
0.0219749
0.0259431
3.54651
0.0239288
0.0239288
0.0246382
0.0215678
0.0249956
0.035368
0.0328326
0.0548394
0.0213986
4.01261
2.98096
3.67076
0.0233656
0.0328326
0.0218496
0.0214137
0.0308874
0.0483322
0.0217644
0.0215024
0.0215309
0.201485
0.329892
0.0233656
0.0213947
1.93766
0.0214557
0.0221091
0.0214828
0.0214285
0.0214285
0.0216964
0.0287406
0.0214463
0.0213938
0.0483322
0.0214372
0.0874957
0.0874957
0.0423811
0.201485
0.0214328
0.0213899
0.0216005
0.0216419
0.0214372
0.10314
0.153466
0.0229265
2.0496
0.0423811
0.0214676
0.153466
0.074462
0.0272049
0.0638522
0.124288
0.0213883
0.0214206
0.0214137
0.02374
0.02244
0.124288
0.0214206
1.44548
0.10314
2.17941
0.732022
0.0577733
1.96116
0.329892
0.0222613
0.0226575
)
;
    }
    procBoundary0to2
    {
        type            processor;
        value           nonuniform List<scalar> 
165
(
7.17077
16.7006
17.2862
0.15798
0.0220291
6.00839
4.21957
7.24196
9.11189
13.0989
16.7006
0.0279935
0.0293058
0.0219727
0.0219959
17.2862
0.0219789
4.83006
2.37732
0.0259766
0.022955
0.0227656
0.125489
2.92029
8.03847
0.0227656
0.118407
7.86183
3.24876
0.0231576
5.9732
0.0220795
3.02539
3.19219
3.02539
0.0220061
9.38399
0.021946
0.0730013
0.0730013
8.31716
8.1568
3.17647
0.0221108
0.724309
0.389517
0.0219461
2.15839
0.0456846
2.44819
0.724309
0.0220885
2.23688
0.0252187
3.30212
3.35755
3.19156
0.0245937
0.0241894
0.0221205
7.14995
0.389517
2.41478
0.0219869
0.0220496
0.0220582
5.71894
7.23374
0.0219601
0.0566033
0.0223499
0.0237581
0.0219377
0.02195
3.11927
0.0222937
0.0423192
0.0219626
0.0221439
0.0225931
0.0219626
0.0222673
0.0510213
0.0634969
0.0219601
0.0277003
0.264696
7.26074
0.0219316
0.0219343
3.09782
0.0220038
2.41478
0.022471
0.0315733
0.0221783
0.0264573
0.0898485
0.0510213
0.0219368
0.0328638
0.022214
2.09205
2.90776
0.0220811
0.0394075
0.0220432
2.94946
2.55584
2.67479
0.0222662
0.0221545
0.0219293
3.35921
8.49533
7.8688
7.45399
2.98677
2.67395
0.0234662
8.8545
0.0367351
0.0394075
2.75335
0.0219289
7.85585
8.37563
7.93743
0.0221875
0.0348249
0.0219287
2.7109
0.0222525
7.97124
0.0293058
8.14534
0.216157
0.0898485
0.0221323
0.0220207
2.15649
0.0221892
3.1932
8.1336
10.3714
6.04474
3.19737
9.82758
8.19406
7.07562
7.95226
19.0126
7.93913
6.9537
2.08144
9.8466
2.28007
0.0303504
8.81538
33.2834
0.0222255
2.06126
1.36431
7.81744
10.1079
)
;
    }
}


// ************************************************************************* //
