/*--------------------------------*- C++ -*----------------------------------*\
| =========                 |                                                 |
| \\      /  F ield         | OpenFOAM: The Open Source CFD Toolbox           |
|  \\    /   O peration     | Version:  v2012                                 |
|   \\  /    A nd           | Website:  www.openfoam.com                      |
|    \\/     M anipulation  |                                                 |
\*---------------------------------------------------------------------------*/
FoamFile
{
    version     2.0;
    format      ascii;
    class       volScalarField;
    location    "550";
    object      omega;
}
// * * * * * * * * * * * * * * * * * * * * * * * * * * * * * * * * * * * * * //

dimensions      [0 0 -1 0 0 0 0];


internalField   nonuniform List<scalar> 
9793
(
0.0224536
17.4786
0.0219351
2.52626
0.0222596
0.282667
0.0896319
4.81324
0.0222738
22.5667
0.022197
0.0221878
0.021917
2.2632
0.0218224
0.0283252
0.0610905
0.0219292
1.78942
0.0215645
0.0216396
0.0222916
2.68238
4.82752
2.4687
0.0270585
0.0221016
0.022262
0.0215747
0.0923907
7.90331
1.01179
0.0220132
0.0219433
0.0218723
0.0314932
0.0255555
0.0251461
1.30596
0.0337258
0.078138
8.45936
3.07944
0.0222717
0.0219626
0.0220438
6.43064
0.0222842
0.0217424
0.0219363
0.0311222
0.0218536
0.0431347
0.0222685
0.0339607
2.12482
0.0219267
0.121461
0.0217511
0.0222914
0.0273484
0.100477
0.0219502
0.0418858
0.0219645
0.022183
26.1106
0.0250828
0.0261864
1.73683
0.0219911
0.104316
4.85069
4.61642
2.40834
0.0222623
0.0472843
8.35601
0.0219824
0.0222704
0.0510981
1.6752
0.0593924
0.0243856
0.0262462
0.282597
0.022261
0.0899258
1.31878
0.0961509
1.86699
4.12653
3.86752
0.0445992
2.58344
0.0219014
2.7208
0.0565745
0.0256262
0.0222684
1.47998
0.0405002
2.25018
0.0219677
2.07195
7.17763
4.49413
0.0218789
0.0219867
0.0222834
0.0222335
2.21332
3.14027
7.61472
0.0219662
0.0221147
0.0250028
0.0220523
1.80274
0.0220295
1.82631
0.0970043
4.08519
0.0498497
0.0256023
0.022035
0.0700622
6.1243
0.354973
0.372977
0.0245934
0.0218051
0.0223405
0.0239826
0.0297466
0.178799
5.10421
0.0250787
0.0222736
0.0719541
1.6307
0.0301704
0.0219499
0.0716423
7.02826
0.617269
0.0220355
2.54684
0.0218019
0.0220296
0.022073
11.0123
0.0250468
0.0220946
0.0219255
3.01354
0.0659962
0.0219447
2.32738
0.0219209
0.0836057
0.0247487
0.0216468
0.360104
0.0221961
9.06418
1.9644
0.0224557
0.0218803
0.0222174
0.021968
6.00907
23.8125
1.54118
0.0219103
0.255445
0.143905
0.752799
0.0219673
0.0250227
2.35134
7.51948
0.108287
0.0220366
0.0220746
0.0218735
4.75608
4.81863
21.1387
2.40108
0.0220855
20.876
0.447171
0.0256782
0.0217847
0.0235835
2.00481
0.0216003
0.0219266
0.0222042
0.0220161
0.0216411
0.0328854
0.0265116
1.5875
0.0219363
0.0303329
0.0224517
0.0224293
0.450401
0.067905
1.66239
0.0216365
1.56297
0.0243906
0.0519877
0.0218354
0.174447
0.0221233
0.0516387
0.0610953
0.0216444
1.50952
1.67557
0.0423734
0.0218879
0.0622914
1.83128
0.0507613
0.0516826
1.4871
0.195541
0.0490173
0.0428973
0.381154
0.0216045
5.26802
6.50777
0.0216057
0.0222224
8.5337
0.0219058
0.0222313
0.154452
0.170777
0.0221696
0.0250669
0.0318198
0.0396532
0.0251991
0.0219732
0.0471188
2.87033
0.0216413
1.60331
0.0222619
0.0221709
0.0216628
2.03918
0.0219794
5.90875
1.55296
0.0221046
0.0221328
8.63641
0.0218641
0.0222396
0.0218213
1.45822
0.277245
0.0253172
0.443048
0.111241
2.0544
4.14073
0.0224914
22.0675
0.0222641
1.90051
7.50381
1.40844
1.85471
0.188377
0.0246339
0.053961
0.0259617
0.0218196
0.0225724
0.460018
0.0272332
0.0221411
0.0222838
0.0216342
0.0216905
0.0216446
2.68603
0.0218692
0.0218089
0.0219044
0.0219194
5.2498
0.596512
0.0655881
0.0229917
0.0720426
0.0220272
3.21352
8.01513
0.0219732
1.75382
0.039129
0.021957
26.6423
4.37844
0.0220214
0.0494773
14.0111
0.022191
0.0344004
0.0218111
0.0222895
2.16406
0.0424699
0.021953
0.0220232
0.0228466
0.183008
3.22192
0.0219396
0.0218727
0.0217818
6.6813
4.18757
5.37575
0.0216001
0.0449644
0.0352241
2.03069
0.0860046
0.0215973
0.0216595
0.0217826
0.0525419
0.0221306
4.94766
0.0220905
0.0217825
2.06619
2.62854
1.43051
0.0217683
1.44378
0.0252694
4.01703
4.85467
1.5579
0.0240298
0.0345547
5.04031
1.76367
2.11141
0.0266906
0.0222633
0.025732
0.0217052
0.0218535
0.0221008
0.0220842
0.022292
5.31166
0.0222067
0.0700302
0.0335133
6.31222
0.0215913
0.024504
4.81257
0.497149
2.30974
0.0828737
0.0217854
0.0241353
0.0219388
0.489648
0.02157
1.40049
0.165633
0.0899917
4.88354
2.13192
0.0221382
0.0218872
6.3525
0.443969
0.0219349
4.61807
0.0221323
0.0221764
6.29462
0.0216348
0.123439
0.0216157
1.91069
0.0220959
0.0222099
1.99601
0.097534
0.0669924
0.0256877
0.0220763
0.0218392
3.56175
0.056222
0.0215815
0.0221949
0.0353602
0.0350325
0.0659468
8.28042
0.022196
0.0219396
0.397983
0.0220827
2.45607
0.695741
0.0220664
0.0220183
0.022533
0.0221175
0.021765
1.48639
0.0520497
10.541
0.0291993
0.0238346
0.0500944
0.02485
1.68623
0.0265696
0.0222677
0.0251118
0.526746
0.021955
0.0219254
0.021993
0.0215727
0.0219876
0.0218284
0.0220458
0.0221582
0.0230699
0.0258913
0.153516
0.0219834
1.5442
0.0260295
0.218218
5.30206
0.0218317
2.23163
0.0882401
0.0217984
0.0215734
0.0219606
2.28076
0.112854
0.02157
0.022122
0.0221975
0.0684946
0.160052
7.85828
0.0219778
0.0219273
0.0321499
6.7373
1.39991
0.0239034
0.0238309
1.61778
9.10432
1.04107
0.0222436
0.0217939
1.46721
0.0219061
0.141955
6.45725
0.0215695
0.245418
0.0288274
1.46331
0.0218392
1.60061
0.485221
0.0276066
8.74674
0.0219044
1.82335
0.0220966
0.0218835
0.022223
0.0219442
1.97259
0.0218963
0.0217328
0.0229566
0.0216101
0.0217945
0.0492003
0.0230144
0.0408376
0.0220356
0.0220399
3.89617
0.0765413
0.0238471
1.56276
0.0252953
0.0222791
0.0219838
0.0217636
6.3239
0.0217211
0.0220697
7.74842
8.73212
0.0405889
0.021925
0.022284
0.0222652
0.0222409
1.65835
0.0222496
2.88802
0.0250883
1.9465
0.0222619
17.4462
0.0223082
0.241121
0.0219128
0.117817
4.17731
0.0221052
6.94627
0.0219001
0.0222182
0.0216284
3.05483
1.66237
0.0219673
0.0299842
0.0217143
1.66547
0.0218575
0.0479606
1.46961
0.025435
0.0220274
0.0467885
0.0222451
0.0223329
0.0218022
0.14325
0.0219575
1.66777
0.0220534
0.0221565
0.0477405
0.0791505
7.08311
0.0217928
15.41
0.0218818
0.211132
0.0219187
0.0223879
0.0219014
0.0220513
0.0222681
0.22749
0.0495211
6.72153
0.130348
0.0359637
0.0352469
4.95437
0.0243957
1.66418
3.17832
0.279873
12.1908
6.8589
0.188369
0.0223443
3.25451
0.0473677
0.0222624
0.378018
0.0222509
0.456623
0.0372728
0.396568
0.0278625
2.33173
7.19512
0.0444576
0.325882
0.0222161
0.661541
0.0229396
0.0219161
0.0221057
0.0239263
0.0515768
1.4204
0.284602
7.12695
0.0239947
0.0237024
1.48152
0.342979
0.0235022
0.0748887
0.0224561
4.70663
2.10276
0.0220606
0.0657154
0.284491
7.38414
0.0219595
0.026221
4.3806
0.0318524
5.41673
0.124179
6.31709
0.0262175
0.0245343
0.0219879
0.0219242
1.04663
0.0222841
1.85152
0.162642
0.0862454
0.0222596
0.0222238
0.0241518
0.0221695
0.0218348
0.0219085
0.118662
2.43374
2.56767
0.0222796
0.364608
0.021951
3.89664
0.0574895
0.0478859
0.0346334
0.388698
0.021749
0.0220637
0.0442621
0.0219054
0.0222004
0.0717327
1.73445
0.0216402
1.06269
1.3582
0.025498
2.03205
1.35248
0.0218506
0.06209
0.0294014
0.0220762
0.0216241
0.104928
1.38717
5.22203
0.0219746
0.0220174
0.0216729
0.0254762
0.0230502
0.0241707
0.595005
0.0570454
0.0221521
9.23788
0.0329852
0.0341966
0.0221472
19.2637
0.0243937
0.0219197
0.0894585
2.11405
0.0215869
0.0220516
0.0219457
0.0268218
0.0217445
0.0454809
4.50225
0.0222675
0.142346
0.0232369
0.0220791
7.14957
2.28821
3.07139
0.0220781
0.0216014
5.00926
0.0261431
5.34582
0.0215639
0.0219018
6.81454
2.69614
0.0324654
0.136428
0.0643597
0.021885
0.0222717
0.0220142
2.25403
0.0220578
0.0222928
1.64855
0.0277127
0.369802
0.0332481
0.0219362
2.10393
0.0222679
0.0219117
0.0219999
0.0314153
3.2289
0.022163
0.0219727
0.0219034
0.0218918
0.0219424
0.0220023
12.4144
0.0324636
0.0229697
0.022112
0.0324401
0.0706395
0.0281659
0.0287695
0.0222839
0.0216658
0.0237053
2.04592
2.77347
0.0236013
5.68107
0.0222154
0.0257475
1.74028
2.12125
0.0218127
0.022181
0.362151
0.0621987
0.0219087
0.0222485
1.65078
0.0222681
0.077579
0.0220132
0.579032
0.0222474
0.0223314
0.0221282
0.0327415
0.0221104
0.0248391
0.0262862
0.173554
0.0218637
0.0219989
0.0222498
0.0218784
0.0222917
0.0220311
0.0337323
0.0221128
0.0652357
2.51434
0.0483951
0.0750173
0.0222021
0.0218013
6.72879
4.02443
0.0216141
2.0109
7.49968
0.021608
0.0219685
0.0218757
0.10532
0.0679971
2.2796
0.0218574
0.0259241
0.0218605
0.0223437
0.0223179
0.0916798
0.0222604
0.292426
0.022096
0.0605055
0.0218944
0.0233214
0.0219133
0.0458742
0.0613593
6.61001
3.52242
1.90926
0.0569449
0.0219021
2.80655
3.52365
0.0789729
0.0221423
0.0220875
2.02022
0.0218683
2.9929
0.0216201
0.0330785
0.0223538
0.0222698
0.0218204
7.77057
2.04143
2.78539
0.074125
5.37303
0.0219495
1.93359
6.92975
0.0222705
0.0221347
0.0217292
6.70057
0.021564
4.74108
0.032974
0.185713
0.0223984
1.17344
12.265
1.74838
0.0302625
0.0355054
0.0220416
15.4786
0.0215438
0.646408
0.314975
0.0709929
7.2199
1.80869
0.024653
0.0237986
0.0219507
0.128569
4.86309
5.02491
0.0217438
3.90439
0.0274489
0.170161
0.128246
1.7651
1.89091
0.0216511
0.0264188
0.0346137
0.0250621
0.0244619
2.91849
0.0221972
8.07966
0.0217884
0.0216296
0.0866379
0.152775
6.61991
0.0228912
21.5351
13.7709
0.829321
0.0270483
0.022233
0.0228951
0.022227
0.0219166
1.13178
4.71395
0.0223064
0.0219196
0.0367219
1.67939
0.0268091
0.0219287
0.432362
0.0219373
0.0222748
0.0215537
0.0775086
0.022031
0.0261846
4.43767
0.0699924
0.0223665
4.24517
0.131891
0.021932
0.0233252
0.0378869
0.0222624
0.0219663
0.0217691
10.4498
2.07188
0.0223044
0.0400866
0.0367208
0.652987
0.021955
1.98771
0.0218623
0.0217516
0.702775
0.678241
0.0801891
0.0220724
0.0218928
8.2576
1.45887
0.308955
2.74918
0.0221051
0.0242075
0.0220171
8.49262
0.0245289
5.82902
0.0227955
0.0219946
0.0240992
0.0216795
0.0218767
0.0670304
0.0217804
2.02763
0.0218214
0.022233
0.0215734
0.0261206
2.26695
2.70115
0.0663031
5.56734
0.0219822
0.0372975
0.0238184
6.20886
0.0218542
0.0216399
2.46379
0.0356472
0.0334586
0.0221138
0.715029
8.18747
1.41355
0.0221865
0.0350869
0.967611
0.0362141
1.74838
0.151483
0.088504
0.0217971
0.0226407
0.0783901
0.0801079
0.0219896
0.134029
0.021737
0.0221835
0.0223537
0.0217825
0.0219061
0.021991
0.796967
0.0267352
0.023321
0.0489386
0.0217528
0.0219282
0.0405864
1.59754
0.0864087
0.0680252
2.95211
0.0222339
5.75096
0.0302569
4.99225
0.064464
0.022202
0.0222036
0.024069
5.70801
1.73727
0.0542719
0.162838
0.0216615
0.0219163
0.0222479
0.0222013
7.65879
0.0270038
0.0220479
0.202899
0.307288
4.03748
0.0230511
2.30436
0.0569877
0.0468509
0.0372859
0.451511
0.262735
0.0223636
1.91652
1.1886
0.0395072
1.37606
0.0538698
0.022368
0.0222638
0.0219129
0.0233486
0.0274788
16.1204
0.0618542
0.021873
0.587435
0.0220058
4.1426
3.37033
0.0219576
24.7036
0.0218179
0.0217782
0.0220955
2.01904
13.2245
0.0603656
0.0317431
0.0217343
0.717997
0.0222313
0.0326033
0.0220932
0.0221743
0.0219808
3.70817
0.022952
0.0427272
0.0299511
0.0222116
0.362884
0.150134
0.0402967
0.0259513
0.024501
1.39958
2.01009
0.0219225
0.0217814
0.021919
0.0227441
9.63938
10.4565
0.245489
0.0262011
0.0217853
5.94267
5.13485
0.0223058
20.1433
0.0217132
0.0993701
10.1711
0.0217434
10.1831
5.20919
0.141354
6.26728
4.10775
0.021852
0.0228061
2.39053
1.39459
0.0226636
4.81117
0.0258721
0.0219046
0.0222738
0.0236365
0.0465482
0.026351
0.310365
6.39643
0.252202
0.0348734
0.0220794
0.0647788
2.21568
0.0217733
3.48806
0.0518081
0.0222199
0.0251156
0.0222415
0.0222496
0.0320975
2.26195
0.0226999
0.0217903
4.75553
1.63129
0.0914951
0.0222612
0.0632318
0.0219281
0.0219329
2.80059
9.761
0.0219227
0.0214937
1.778
4.31117
0.0525907
0.0223107
6.91448
0.0230034
0.0219288
0.0242403
0.0219337
0.0216553
0.0216233
7.17464
0.525089
0.0265238
1.70251
0.0548252
1.44757
5.14928
1.3476
0.222936
0.0219423
0.0222385
0.0224959
0.0219941
0.0776178
0.0218819
0.111809
0.0318414
6.96572
0.0220494
1.61409
0.0367819
4.48824
0.0219266
1.72355
0.0340004
0.249569
0.393337
0.0328183
0.0216202
5.29947
0.0656863
2.42314
0.0216104
3.93567
0.0220289
4.97378
0.517478
0.0441508
0.0219209
0.0220896
1.56426
9.97904
0.0367259
0.02157
5.90039
0.0913748
0.0525549
3.17865
0.0820029
0.0219387
3.30341
0.021917
0.0387408
0.0216274
9.86498
0.0216358
0.0239025
0.722357
3.6112
0.0222219
0.0765702
0.0253107
0.0814076
0.0218802
0.364831
0.0235392
0.0667735
0.0219507
0.0219869
1.89093
0.0317284
4.9749
4.18857
5.32727
0.0228352
0.0216544
0.0217812
0.0270118
0.0424858
0.0350094
5.6701
0.0241021
2.62129
0.0434361
0.022281
0.0219975
0.0904927
2.41248
9.18826
0.0219079
1.57791
0.0218635
3.40131
1.48326
0.0565537
0.0219968
0.0217519
0.0472505
3.80332
0.0249934
0.0222685
0.024231
0.0523342
0.0231502
1.45527
1.7453
3.87458
0.0221569
0.0279621
7.50405
0.0221872
0.0633183
0.02184
0.965463
0.037758
0.0219497
0.044804
0.186673
0.0219801
1.84632
0.021914
0.182806
0.258602
2.67591
0.331843
0.0221672
0.0222431
18.7328
0.0222225
0.0414743
0.109612
0.0241092
0.021534
7.98795
0.025029
0.421202
0.0236387
0.0685466
0.0226886
0.42086
0.0255992
0.0255934
1.94838
1.17051
0.022092
0.0222729
0.171882
1.38857
1.89626
0.789579
0.0330001
0.0219271
0.0218069
1.37389
0.0221394
3.86981
0.107729
2.28854
0.0221072
0.0217196
0.0217936
0.0484349
0.0563067
3.66623
1.64486
1.66748
0.526633
0.0216056
2.41343
0.02333
0.0828786
0.0232393
0.0449485
0.061775
0.0219261
0.021577
0.0837783
0.0216398
0.0418392
0.0715392
3.04669
2.62801
0.0455678
1.33383
0.0217648
0.0216474
0.0220753
0.202627
0.0635392
0.0514601
0.125623
9.17282
0.040784
0.160349
0.0218471
0.0221668
11.7012
0.0219828
0.308165
0.021472
0.0218608
2.75789
0.334725
0.0218708
0.0927912
0.531486
1.86787
1.92696
0.0258681
0.0881225
0.0617535
9.43238
0.0221348
3.25814
4.7967
0.0238458
0.027381
0.021616
0.466264
0.021753
0.0219843
2.01918
0.0223424
0.02157
0.234717
0.0768906
1.5091
1.55875
3.35043
2.07189
0.0216213
0.021908
0.0218737
0.0222053
7.85192
0.0221661
1.71836
0.0233038
5.2505
0.0246739
0.0221543
0.021681
0.0222759
0.0311639
0.0221328
0.0215235
1.58904
0.0218202
0.0656265
0.0225683
7.19548
0.024666
0.0220795
0.0219777
0.0627637
0.0219073
0.021761
0.0220913
0.0222147
0.0250376
0.0218589
0.0237998
0.0320848
3.19706
4.5031
6.06662
2.33789
0.0217683
0.0220062
0.0219271
0.0214345
0.0219315
0.0217362
0.36055
0.0218581
0.0222517
0.02207
0.0220451
0.0220101
4.90937
0.0246396
0.0219727
16.0721
0.0529239
0.021711
5.49834
7.24046
0.0220217
0.480204
0.708485
0.0221149
0.0469553
0.0241352
0.0215605
0.0282823
0.0220768
0.0488053
0.0220137
0.0222472
0.0217476
20.5747
0.031166
0.0468158
0.0220334
0.0222652
5.4282
0.026048
0.022038
0.0244135
0.024922
0.0222519
0.224435
9.76425
2.26524
2.03576
0.235052
0.0386099
0.0222597
12.0455
0.18475
0.0229969
0.0712505
0.0222931
0.0218963
0.0222463
2.6998
0.0480729
0.0220003
0.0220442
0.246418
0.0217311
0.44056
0.0219714
1.80271
0.328909
6.43704
0.0220806
0.0233677
0.0323524
0.0367129
0.0223997
0.0402002
0.0888073
6.84296
0.0220171
0.519682
6.38216
0.0215735
1.33994
0.0448866
0.356903
0.11915
0.0219181
0.0287834
0.0480514
0.0216843
0.0262052
0.021547
5.38225
3.42036
0.0335417
0.0218277
0.173204
0.0765366
2.79982
0.318699
0.0237468
0.0310519
0.0219482
0.0219357
0.0481777
0.0533722
16.7201
0.021816
0.471407
0.0226627
7.91568
0.209947
1.6929
0.0216018
0.0230701
2.00659
1.74774
0.0443286
2.49233
0.023138
0.25436
0.0219143
0.0218564
2.5174
3.49665
0.0255632
0.0220961
0.0776733
2.1221
0.195012
0.0680915
0.0217732
0.0220162
0.0217157
2.37861
8.28009
0.0217716
0.0546883
2.13269
0.0868082
0.301686
1.63338
5.20503
1.81517
0.021793
0.0229766
1.4143
0.0218883
0.0508307
1.53564
6.38568
0.0235244
0.0307008
4.5465
0.662839
1.97959
4.11795
1.31661
1.54708
0.0221126
0.0216208
0.0219913
0.0228039
23.634
0.055944
0.383733
0.387498
0.0580628
0.022022
1.44166
0.0217246
0.0347226
0.0219223
0.0418472
5.58054
6.85517
0.0220719
0.021608
0.0461239
5.05917
0.212916
5.13505
0.0458403
0.0221347
0.0841305
0.0214699
0.0973536
0.0324463
0.021911
5.03264
0.172337
0.628707
0.0625376
0.0223697
0.0215867
11.2352
0.0254323
0.0216254
0.0221459
0.0222558
0.0216824
5.3165
8.79275
1.74498
1.37678
4.91642
0.0244844
0.0219454
2.64527
0.0253034
0.111556
5.0252
0.0218672
4.56542
2.61989
0.0672779
0.0344492
0.838431
0.0234017
1.80589
0.0398794
2.1217
0.0218219
0.0231169
0.0424015
3.29519
0.136932
0.0706896
4.79134
1.83095
0.0735937
0.214556
3.22942
0.0249805
0.388895
12.0956
0.0374957
0.0651135
2.03696
0.037353
0.0380922
0.0221055
0.0426195
0.0465598
0.061234
0.0220911
6.33459
0.165307
1.9745
5.27801
1.94147
0.041066
1.55622
6.14864
0.0218469
1.20402
3.18071
8.26314
0.0287844
0.0243699
2.20605
9.40236
0.0216185
0.237884
0.021752
0.0219088
4.22688
0.025577
2.18547
1.80774
1.43979
7.23974
0.0216219
0.0410231
0.0220056
0.021844
0.117055
0.0684941
0.0284618
2.6811
1.76591
0.022273
0.0279939
1.33741
0.0240029
0.404092
0.0487785
1.36053
1.36053
1.13046
6.23256
7.36504
1.8067
1.38482
1.47429
0.0344126
0.0255096
0.122311
0.125046
2.13731
7.34074
0.0221329
0.0227231
4.64623
2.27416
0.0258055
4.69008
0.0219312
0.854101
3.1345
4.3155
0.0219238
1.8123
1.49623
0.027685
0.0360037
4.78961
4.56324
7.06103
2.64016
0.022046
10.4462
1.55526
0.0416169
0.239201
0.110643
0.0217338
0.0283151
3.2534
1.44237
0.025468
0.0221716
2.03683
0.0888264
1.56635
0.0832073
2.09137
1.4244
0.0219919
8.3254
0.0222852
0.0345332
0.0220988
0.0218548
0.0217032
0.0395512
0.287166
0.0214979
16.5251
0.0942504
8.95517
5.27283
1.95748
0.0219099
2.93319
1.54394
1.92075
0.0356823
0.0219263
7.03263
0.440835
1.3937
0.0561495
0.0235727
0.0216864
9.37924
5.00036
0.0344783
16.3141
0.0313644
0.0222621
1.58595
0.0550452
18.8529
0.0219688
0.032184
1.66893
6.02091
1.36308
0.657856
1.34834
1.62925
9.15314
0.0220504
6.65848
0.0496279
0.0218397
0.0215605
0.0219299
5.0561
0.0503557
1.35983
1.39848
0.0433449
0.163333
0.101958
2.46578
0.277963
4.96452
4.70218
1.2944
0.0911373
0.02166
4.30469
0.0581807
0.139686
1.52518
1.55381
1.69759
0.0220955
0.024854
0.0499707
0.0220615
0.0220393
0.0294385
1.39102
0.0309344
0.0260421
1.55661
0.0962035
1.17298
5.5279
1.47533
0.494093
1.38124
4.72457
2.09222
0.0648235
0.0349701
0.0221365
1.31025
0.119666
0.310653
0.0643249
0.0619961
0.0214559
0.22823
4.79699
0.0281049
0.0215872
0.0234881
9.44517
0.021874
0.0220271
0.0693295
1.48431
0.0311105
0.0564251
0.184296
0.0309897
0.0752333
0.0218749
0.0219824
0.0444053
0.361922
0.0223065
0.0329155
0.276924
5.3832
0.022153
7.77952
0.0218971
1.43192
0.0233603
0.0235694
0.0215557
0.210688
0.0405023
5.1876
8.03652
0.0690633
0.0221627
0.022011
3.32683
9.2407
0.0218391
0.263361
1.43903
0.0582898
0.0788847
0.0214326
0.02286
0.021922
1.60265
0.0465061
0.0220528
5.02621
0.0224736
0.0585015
0.580724
0.0217353
0.0998934
0.0672845
15.1084
0.0224725
0.0264728
0.0235096
0.0600828
0.021409
0.0219016
4.56551
0.354986
0.0871203
0.0219333
1.32626
0.0224525
0.0224772
0.0219591
0.585067
5.07762
0.0243461
6.72138
6.73264
0.0709262
2.81382
9.34463
4.58002
9.02051
0.0670603
0.082727
0.254964
0.0527398
0.0219522
0.0304958
0.0333082
5.16933
0.022082
1.83522
0.0219792
0.426498
0.101644
0.0230719
0.023125
11.6481
8.46756
5.64415
1.61037
0.0218114
0.0879267
4.71871
0.0276456
8.73241
0.0418909
0.10946
1.3227
0.0383375
0.0219949
0.140251
0.170611
0.0219169
1.45458
1.44537
0.0217087
0.0222393
0.0221216
0.0220115
4.8867
0.0220373
0.0523962
0.0220271
0.0224958
0.032689
0.0219426
1.68431
0.0991414
0.0222358
0.0216312
0.131025
0.0238389
0.056599
5.4101
4.658
0.0570418
0.277402
0.0414111
0.021596
0.173003
6.35661
0.0396787
1.39949
5.59631
0.0769251
0.0410789
0.0299346
0.0762081
0.0390335
4.91626
0.0221155
0.0222615
0.0218311
1.4485
9.44382
0.0369437
0.125664
0.021926
0.0281988
0.152661
0.449102
0.0219207
0.0641149
1.29511
0.0897343
0.0219915
0.0219329
17.7719
5.73961
0.0219334
0.807925
0.0346745
0.270243
1.87231
0.0218593
3.03141
0.0324374
0.0220261
2.81241
0.259393
0.0219192
0.022163
0.464891
0.021785
0.0220438
0.214131
0.0428666
0.0466368
6.24985
0.026351
0.0513152
1.29198
0.0218561
7.49248
4.74129
0.0262034
0.0764943
0.240617
0.0219825
0.206155
0.0214726
1.98098
1.48005
0.0220057
7.82055
4.80493
0.0219452
0.0219449
0.569248
0.0457038
1.78788
1.65919
0.0220964
0.0471766
4.95488
0.0228905
0.0594758
0.0899984
0.0347541
3.00503
0.306352
0.0236289
0.294197
9.42128
0.0463193
3.83114
0.0219125
0.0215534
0.0222673
0.0429771
3.5751
0.0220665
0.0386042
15.1599
2.36209
0.0222178
0.0311349
1.95028
1.58171
0.0222247
7.23649
0.0375554
0.0979389
0.0392645
0.0233724
0.0272629
0.021967
0.0219619
4.98998
0.0219352
0.0530207
0.0219827
2.62303
0.0236163
0.0242647
0.0215928
0.0244071
0.0219836
0.0455273
4.98617
4.34123
0.0403318
0.0430924
0.021969
0.0320961
0.0592041
1.87595
4.65117
0.0218312
2.5055
0.0220248
2.45362
1.56157
4.83733
0.0218277
0.111631
0.0897089
4.8933
0.234023
0.0218516
2.11145
0.32564
0.0382914
5.03938
0.0223073
0.0220093
0.0404433
2.28168
0.0219274
5.89581
0.0344689
4.33403
0.0913498
0.0224721
1.88225
0.0290302
0.0221378
0.75474
0.0219891
2.78901
8.13229
0.215903
0.0278538
0.160185
0.0219366
0.114835
0.0481243
8.47684
0.0220315
0.0216298
0.0276909
0.030932
0.0513876
1.73372
4.31682
0.0362486
0.23238
0.021811
4.07975
8.17133
0.196495
0.0219225
0.0222601
0.0233597
2.42011
0.022076
0.0280314
2.08179
0.108813
0.0219941
0.274726
0.0998752
0.0219885
0.0258643
0.134036
1.52118
0.0745504
0.0463117
1.36749
1.70245
3.33371
0.0273832
0.0221337
0.0249655
0.0247573
0.158632
0.0657035
0.0297864
0.0984227
3.23517
0.0241659
0.0219966
4.78052
0.306883
2.00889
0.255948
0.0264335
0.0237986
0.0238951
0.0217759
0.0218913
0.0514377
0.0215538
0.022982
0.022093
0.0231665
0.0238632
0.0219477
0.0394556
0.0429326
0.022181
0.0219351
0.0221203
0.0227807
0.0223637
0.26696
0.0220583
0.0234978
1.43106
0.0217104
0.0234908
0.0222725
0.0292897
4.81237
6.18391
2.44867
1.96262
2.49437
0.312606
0.0218703
0.065119
0.0220592
4.21565
0.023364
0.0300709
0.0221948
0.062652
0.0219583
0.034324
0.0217844
2.60046
0.191183
0.0220807
2.2816
2.26456
0.0222577
0.115349
0.0219486
0.0216
7.11253
0.022227
0.0731712
0.230722
0.0221062
0.0215595
0.0829126
1.43662
0.0251234
0.0239283
1.65484
0.0219413
3.55264
0.0570088
11.5206
0.021673
1.52677
0.0219233
0.0222357
0.453956
0.0685588
1.77538
1.61064
6.91669
2.77796
0.209975
0.152466
0.0220476
0.181868
0.0220829
0.0218209
0.0952486
0.0219054
0.0219844
0.0216078
0.0216135
0.070777
4.7467
1.51919
0.418853
1.51778
0.0240833
0.0306701
0.0231049
0.0229079
0.0929181
0.022085
0.0217411
0.0218127
0.0242545
0.0232219
0.19495
0.105284
0.0506638
0.0221111
0.0552156
0.0564567
1.51311
5.12848
0.0255919
0.0452409
0.0220897
9.55247
2.19993
0.0219177
0.0219351
0.0250665
0.022213
3.4522
0.684159
4.65025
0.0221386
4.15926
0.0221568
2.61501
0.0573139
0.0218113
0.0293822
5.70715
0.0272064
0.0292633
0.0334369
0.0945383
3.05514
0.0217762
0.0219166
0.0285309
0.206849
0.0218706
1.80751
4.25424
0.0219656
0.0214274
6.07881
0.0823163
0.0219238
5.0657
15.3807
1.96771
3.76182
0.0302848
1.95524
0.0220735
5.14927
2.95319
0.810823
0.0816237
0.0243546
4.74551
0.0255892
0.0218667
0.0214542
0.285438
0.0216368
8.43314
0.0228014
0.0222131
0.0253275
1.41473
0.0243562
0.0230192
0.0220744
7.53462
3.86628
9.33715
1.48487
0.050601
0.0219292
0.024216
0.70834
0.113308
0.0219881
0.0608716
0.241535
4.99805
0.0220092
4.28276
4.76407
0.0451069
0.022064
0.024319
0.0219518
0.0217616
0.0219392
0.0220342
0.0221939
0.0989015
0.0220983
0.164389
0.0226192
0.0228635
5.05251
0.0865183
0.0236002
0.0229891
2.0863
0.021561
0.0228813
0.0268803
0.0218157
5.85427
0.0351232
0.0229455
0.0448605
0.022011
0.0290913
0.0218174
0.191388
0.0218208
0.0219118
5.25383
0.0238913
0.271753
0.0369669
0.0238508
0.107838
0.021413
0.0220908
0.0227934
4.82408
0.0244208
0.0219214
1.9707
0.0220301
0.0216257
0.0218853
1.06461
0.0326243
0.178269
0.0338558
0.0310992
0.0503721
0.0243408
0.0279551
0.048099
2.17381
0.022299
0.0293709
0.0218276
0.257127
0.288156
0.0219065
0.0310038
3.06524
0.0301814
0.0215518
5.05563
0.0265996
0.0840068
2.34458
0.0309888
0.0219032
0.030813
0.0219209
0.0246143
0.0219058
0.0236114
0.0266694
0.0219718
0.0220689
0.0321358
0.0221805
0.107912
0.0219659
0.023809
0.0219396
0.0319701
1.55042
0.0221516
0.0220665
0.0989512
0.0233796
0.0219961
1.51068
3.98708
2.90555
0.0220757
0.0250429
0.0405738
0.0222446
0.0221272
0.0381314
0.183382
0.0215376
0.0540567
0.0219809
0.0218876
0.0217828
0.0215294
0.0231107
0.0466137
0.0383022
0.0287396
1.39051
0.0248466
0.0287608
0.0217407
2.68583
2.86114
2.25173
0.0220503
0.0524022
0.0295405
0.0220318
0.0221221
0.0422241
1.35607
2.28365
0.0219768
0.0298198
4.6485
0.0228065
0.230378
9.78775
1.36926
0.0323605
0.0220009
0.0420076
0.0524944
0.189725
8.92774
6.8331
1.35886
0.022979
0.0221741
0.0219325
0.123601
0.0219786
0.021689
0.0437371
0.0219155
0.0219278
0.0218787
0.0524622
0.022028
0.0217773
0.0219719
2.30878
0.0215487
0.0220391
0.0221092
0.0227777
0.0219406
0.07348
0.0874879
7.3949
0.0215877
0.0291304
0.153023
4.92481
2.12791
0.0222996
0.0222752
0.0533534
0.0978151
0.0264883
0.381796
0.0219316
3.59304
0.022278
1.40913
0.0230333
0.0219233
0.0539746
0.0219513
0.022035
0.0229355
0.692848
0.0250102
0.0224844
0.0221785
0.0219712
0.04657
0.0219761
0.0219159
0.0272383
0.105285
0.0249951
0.0218736
1.37867
4.46706
0.0220307
4.6196
0.0221447
0.032274
0.08315
0.307537
0.0238207
0.0232057
0.0220839
0.261329
0.0296026
0.0223017
0.0219017
0.0234969
0.214122
0.0221086
0.0404864
0.0244029
0.0352044
0.0509252
0.0437362
0.0908729
3.62855
0.0255742
0.0220414
6.53805
1.04829
0.0219335
0.0214935
0.0220641
0.0219805
0.0219168
0.0243836
0.0216753
0.0220794
9.86212
1.51965
0.0364327
0.0219468
1.90319
0.0244079
0.0216995
5.08248
0.0242918
0.0216583
0.022095
0.0220391
0.0430205
0.0221158
0.0565782
0.0219246
0.0217814
0.0219613
0.0361832
0.0409884
0.0218919
0.0714381
1.47434
0.0232261
0.0218889
0.0617
0.0217303
0.0220611
0.0218599
0.0340568
0.0220545
4.9317
0.0223853
0.255392
3.09442
0.0603016
0.0237425
0.0224155
0.0220892
0.021938
0.030678
0.209714
0.139737
0.0218101
0.0238952
4.52238
0.0215945
0.174855
0.0219656
0.0233858
0.0326276
0.063104
0.0219575
0.0385371
0.0286527
0.0597486
1.64023
4.17017
0.0219175
0.0219282
0.0328553
0.0229621
0.0227981
0.0552362
0.0229829
0.137701
0.0217822
0.0702108
0.0221066
0.0812003
0.0610988
1.41817
4.85661
0.0219206
0.0441256
0.896799
0.267239
0.0216013
0.0217875
0.159386
0.0219429
0.0220045
0.0217449
0.0215179
0.0724804
0.0919777
18.1839
0.0220222
0.0540503
0.022255
0.0215923
0.0233597
1.81996
0.250101
0.0219242
0.0221369
0.0218398
5.62357
0.022044
0.021947
0.0224933
0.0219621
0.0439123
0.0218347
1.65188
0.0219864
0.0227847
0.0225298
0.0219167
0.0217592
0.0220093
11.9061
0.0217822
0.0219545
0.309388
0.0219492
0.0220438
0.022114
0.0221568
0.0608086
0.0219128
0.0219749
2.3945
0.0240543
0.0220397
0.0222789
0.0215269
1.30963
0.0230389
0.0222419
0.0219087
0.0275906
0.0219681
8.62649
0.0217952
0.0220126
4.52128
0.0219785
0.067793
0.0222012
0.0214169
0.021514
0.0308441
0.0388916
0.0218589
0.022286
0.0246947
0.0219054
0.0221112
0.02211
0.0219225
0.021765
0.0218304
5.71114
0.0219574
0.0218385
1.36817
0.0219519
0.0286017
0.148997
1.59172
0.0218186
0.0220849
0.0219577
0.0216398
0.0229982
0.0422538
0.0241188
0.0431874
0.0217838
0.0267301
0.0220463
0.0214792
0.0297918
0.0628002
0.0237892
0.0309755
0.0220282
0.0219571
0.0221204
1.43907
0.0239007
0.0220138
3.26027
0.0231454
2.40861
0.0220644
0.0219295
0.0217502
1.82518
0.0219985
0.0256605
0.0232728
0.0220731
0.021967
0.0220888
0.0221036
0.0251401
0.0219065
0.0394574
0.0222478
0.0452919
0.0215053
0.0216353
0.0245928
5.6124
0.0221497
0.0220498
0.0226302
0.0219348
0.0248867
2.81758
0.0227907
0.0275705
2.02315
4.97743
0.0227637
0.0229431
0.195614
0.124105
0.0235362
0.0221169
0.021925
4.44645
0.0228084
5.05906
0.0217138
0.021543
0.0221051
0.0219263
0.0232557
0.0215876
0.0219891
0.022265
0.0758788
0.023844
0.0227767
0.0216351
0.357237
0.0806788
0.0215178
0.0221045
0.0235079
0.022239
0.0220599
0.021596
1.79443
0.02161
0.0219439
0.0685855
0.021585
1.3174
0.0218226
0.051454
0.0289298
0.0219691
0.0215451
0.021922
0.0221938
0.022044
0.0217787
0.0216242
6.87825
1.74761
1.71063
0.0216164
8.80611
0.0220132
0.0708266
0.0219211
0.0219239
0.022111
4.74393
0.0219475
0.0219057
0.0221278
0.022012
3.74439
0.0219395
1.42384
0.0214534
0.0226525
1.50985
4.49442
0.0219842
0.0219571
0.0287981
0.0220185
0.156482
0.0217523
2.74727
0.0217791
0.0374625
0.02214
0.021817
0.0219426
0.0219982
0.0232344
0.0218896
0.0352536
0.0408521
0.123135
0.0217415
10.4247
0.021892
9.54654
0.0219099
5.62193
4.27303
0.0217493
0.0219074
0.0216057
0.0218984
0.0220446
0.0220474
0.0215932
0.0226586
0.021447
0.0980874
0.0221109
1.54558
0.0215841
0.0215393
0.0219255
0.0219249
0.0229054
8.78175
0.0233366
3.42774
0.021552
0.0221207
0.0407853
0.0215869
0.188863
0.0236948
0.0219293
0.0429717
0.021511
0.0219733
0.0226199
0.0217237
0.0293858
0.0433696
0.0216439
0.0221127
0.0220466
4.89544
0.0235373
0.0215908
5.44837
0.065892
0.0216323
0.0219142
0.192979
0.0230977
0.0214457
3.47715
0.217521
0.0231087
0.0214522
0.0222397
0.0374682
0.0215721
0.182084
0.0216233
0.0216995
0.0495539
0.0583418
0.0216163
0.0216224
0.0215137
0.0217547
0.0217677
0.0418698
0.0219691
0.0217794
0.022112
0.0218581
1.66573
0.0222722
8.6223
0.0281754
0.0304171
0.0221422
1.40359
0.0219796
2.28839
0.0215376
0.0219578
0.47283
0.0219731
0.023098
0.0216601
0.0253916
0.021729
0.0292007
0.0215773
2.79555
0.0222033
0.0215859
0.0215429
0.0215783
0.114548
0.0217933
2.46621
0.0219127
0.0254469
0.0215051
0.0220189
0.634314
0.0220005
0.113056
0.0218169
0.0233829
0.022181
0.0221343
0.0226299
0.0219267
0.0219824
0.252223
0.0215759
0.0219445
0.0226076
0.0220596
0.0220564
0.0370114
0.0218847
0.0219132
0.0218529
0.0216315
0.0217632
0.0219972
10.8545
0.203786
6.36103
0.0214423
0.0242193
0.0221277
0.0282721
0.133119
0.237839
0.0362181
0.0215761
0.021979
0.0219831
0.0221452
0.0221165
0.0219076
8.26657
0.0544615
0.02193
0.246817
0.0221384
5.57216
0.021961
0.0218882
0.0218045
0.0215756
0.0214884
0.0218798
0.0216635
0.0218173
0.0425121
0.0230337
0.0219212
1.33799
0.0215697
0.0229523
0.0219871
0.0216092
0.0219376
0.318928
0.0218065
5.16302
0.0219176
0.0216071
0.0372466
0.0219008
0.029034
0.10244
0.0216924
1.71979
0.0944753
0.0216103
0.0228824
0.0215355
0.246462
0.0216145
0.030336
0.0231664
0.0218013
0.0217472
0.0218507
0.0219623
0.0226345
0.0217596
0.0225221
4.25183
2.37971
0.0233304
0.0219622
0.244596
0.036516
7.4963
0.0218028
0.0218813
0.0219628
0.0223793
0.0219344
0.0216258
0.0216058
0.0219741
0.0427724
0.0216622
0.0220355
0.0263477
0.0219882
0.0300959
0.0220446
1.75438
0.0218661
0.0219267
0.0232339
0.0449551
5.12977
0.021911
0.0221564
0.0218801
0.0221351
1.43351
0.0225609
0.0219478
1.40116
0.0218797
0.0219973
3.78271
0.0221637
0.0218557
0.0214758
0.0219137
0.0218193
0.0220027
0.0371382
0.0217932
6.47422
0.0221003
0.0238806
5.04486
0.0219998
0.0216495
0.0220644
0.0214473
0.0216204
1.90719
0.0219706
0.0220125
0.0225799
0.0218883
5.2874
0.021809
0.166167
0.0217346
0.0857463
0.235915
0.0943696
2.32854
0.0287229
0.0367241
0.0315877
0.0218772
0.0219929
0.0236994
0.184463
0.0650156
0.0215292
0.0220099
0.0219706
0.0217656
0.0216066
0.156697
1.32545
0.216746
0.0222781
0.0221632
0.0310424
0.0220578
0.0220791
0.0219677
0.0220613
0.0219457
5.33419
0.0234999
0.0224889
0.0215094
0.0729102
0.0216392
0.0220738
0.0217255
0.0215596
0.0219016
0.0220501
0.0613553
0.0217918
0.0257886
8.11461
0.0216714
0.0221056
0.0216716
3.67151
0.0215294
0.021783
0.0508189
0.0219821
0.082824
0.0217721
0.0215375
0.0226293
2.06123
0.0222524
0.0220951
0.0216843
0.0217783
2.99455
0.0235841
0.0217543
0.196014
0.0219088
0.021766
1.41237
0.0222936
0.0222941
0.022293
0.0222925
0.0222918
0.0217564
0.0238732
0.0233142
0.0803884
0.021585
1.72806
5.13027
0.0320441
0.0219169
0.0218051
0.0219015
0.0221505
0.0217789
0.0221341
0.0217662
0.164984
0.0219361
0.021791
0.0217795
7.79705
0.0219672
0.0221354
0.0221179
0.0219583
0.0218933
0.021821
0.0227766
0.023572
0.0222086
0.0229564
0.023268
0.0223394
0.0224744
0.022601
0.0219773
0.0222858
0.0215513
0.0218167
0.0217041
0.0226671
0.021792
5.36711
0.0218689
0.0218522
0.0219902
0.0214282
0.0231589
0.021977
0.0220312
0.0219295
4.76741
1.99615
0.0215735
0.0218057
0.19553
0.0361338
5.10865
0.0218356
0.0251126
0.0367382
0.0215568
0.0221974
0.0219622
0.0222372
0.021924
0.188827
0.0311293
0.0352288
0.0219583
1.88474
0.0221265
0.0221957
1.41411
2.59782
0.0217462
0.0218657
0.0222614
0.0229699
0.0219171
0.0219981
0.0218703
0.0243141
0.0215678
0.179137
0.0218002
1.88727
0.0217918
0.0220156
3.85538
0.0229749
0.0218198
0.0224753
0.0218886
0.0220274
0.0300363
0.0221688
0.352443
2.44084
5.43832
0.0217673
0.156875
0.0218759
0.0222073
0.021981
0.0218456
0.0217354
0.0219973
1.8865
0.0218141
0.0219313
0.0216007
0.0219003
0.0218909
0.0215749
0.0227844
0.0219836
0.0217434
0.0219408
0.0220301
2.01952
0.0219314
2.38523
0.0222944
0.0219983
0.0217888
4.63841
1.46254
0.0216011
0.0216485
5.43831
0.04735
0.0219353
0.0220296
0.0335838
0.0217787
0.0219194
0.0217842
1.90725
0.0220927
0.0220556
0.0222838
0.0218935
0.0219793
3.38746
0.0217537
0.0217057
0.0218077
0.0220789
0.0219171
0.0218946
0.0219509
0.0219386
7.76949
0.0221034
0.0220078
0.0216797
0.0317597
0.0217151
0.0333078
0.0220407
0.0216808
0.0219513
0.0217837
0.0219504
0.0220474
0.0221228
0.0216319
0.0217971
10.1038
0.0219691
0.0339993
0.0219723
0.0219009
0.0216462
0.0219099
0.0315062
0.0220215
0.021528
0.0219452
0.021917
0.0243081
0.645745
0.0217388
0.0214919
0.0220344
0.0220598
0.0219993
0.225449
0.0218027
0.0220067
0.0323627
0.0217544
0.0573376
0.0218374
2.48688
0.0219373
0.0217824
0.022094
0.0218663
0.0219472
0.0272307
0.0218719
0.0220262
0.0219063
0.0219846
0.0221267
0.0217619
0.0218883
0.0216574
5.47134
0.0219742
0.0222321
0.111235
0.0246046
0.0217969
0.0215614
2.32064
0.0228141
4.78376
0.0217969
0.0948769
0.0222839
0.0247866
0.021541
0.0220321
0.0219139
0.0217638
0.0219182
0.0219137
0.0219533
4.88295
0.0214246
0.0220422
5.50963
0.0221217
0.0216276
0.0223848
0.0219198
0.0342552
0.0217009
0.031006
0.0218637
0.022123
0.0221268
0.02213
0.0218383
0.0219619
0.025177
2.41374
0.022248
0.0221322
0.0218472
0.0220078
0.0216202
7.05357
0.0232862
0.0220656
0.0218969
0.0215923
0.0216978
0.0270315
0.021793
0.021475
0.0220673
0.0219735
0.0215038
0.0226702
1.23238
0.0221243
0.0218128
0.0222745
0.0220096
0.0220438
0.021461
0.0220738
0.022028
0.0220756
0.0221405
0.0215091
0.0219131
0.0220234
0.0219354
0.0221574
5.58992
4.66939
0.0220585
0.0238958
0.0218527
0.0262831
0.150883
0.0216022
0.0217964
0.0291559
0.0228334
0.035333
0.0220437
0.0219574
0.0219421
0.0219881
0.0216015
0.021917
1.70172
0.0338454
0.0215766
0.024977
0.0225408
0.25943
0.0216652
0.0216318
0.0215261
0.0217356
0.0219061
0.0946035
0.0218428
0.104222
0.0539007
0.0249667
0.021927
0.0220838
0.0218455
0.0219088
0.0224609
0.021896
0.0219431
0.0311038
0.0220481
0.0218251
0.0221609
0.0220353
0.0219752
0.0220111
0.0219885
0.021732
0.022012
0.0218977
0.0220299
0.0220176
0.03908
6.08698
0.0383386
0.0217209
2.37479
0.0220519
0.0216838
0.0774394
0.0224083
0.0218786
0.0219489
0.0219
0.0219417
0.021687
0.0220338
0.0225019
0.0219232
0.0219553
0.0217977
5.76525
0.0217791
0.0219019
0.031163
0.0217669
0.0217591
0.0219844
0.022293
0.0221499
20.7071
0.0218837
0.0425546
0.021973
0.051969
0.174677
0.0214603
2.63993
0.0219511
0.0219628
0.0217134
6.10361
2.07704
0.0216017
0.0283809
0.0221844
0.0231317
3.51967
0.0248929
0.0219543
0.0216014
1.09222
0.0219742
0.0229794
0.0220374
4.14153
0.0219375
0.0215382
0.0217694
6.93609
0.0217977
0.0219804
0.0220035
0.0216944
0.0220151
0.0220907
0.0219999
2.50096
9.72712
0.0219972
0.023887
0.0249894
0.100192
0.0217197
0.285376
5.57475
0.0215673
0.0216506
8.27043
0.0280253
0.0220167
0.0218004
0.0222928
1.95867
2.66382
0.022164
0.0221375
0.0228742
0.0220716
0.0219761
0.0224838
0.022256
0.0220501
0.0219174
0.0343161
0.0215343
0.023878
0.0226657
10.0735
0.0215632
0.0220617
0.0218741
0.0227234
12.5224
0.0221308
0.0598831
0.0228469
0.0219961
8.33419
0.0220798
3.06717
7.91041
0.0218405
0.0221223
0.0219297
0.0226038
0.022
0.0218367
0.0278587
0.0214401
1.41388
1.86488
1.34564
0.0220016
0.0256612
0.0219495
0.0215756
0.021997
0.0221445
1.3481
0.0220852
0.0220812
0.0218182
0.0221391
0.0221826
0.0221647
0.0220014
0.0219964
0.0221064
0.0215231
0.135352
0.0227564
0.0916889
0.0221369
0.0219223
0.0219214
0.0220312
0.0216976
0.0220498
0.0226165
0.0254758
0.0216861
1.34122
0.0220984
0.133402
0.0219206
0.0219483
0.0769412
0.0293842
0.0219357
0.0219829
0.0220337
0.021939
0.0216117
14.8476
0.0506043
0.0219508
0.0215425
0.0221159
0.0219992
0.107772
0.0219954
0.0214981
0.0220464
1.31431
12.3496
0.0216936
0.0218291
0.0219762
0.0219543
0.0238344
6.00806
0.0332526
0.0840936
0.0216046
0.0487776
0.128711
0.022102
0.0222376
0.149955
0.0227595
0.0216597
0.209502
0.0242808
0.0234151
0.0217867
0.0554576
0.0220369
0.0219984
0.0743218
0.0219681
0.0242722
0.0220234
0.080408
0.0215208
0.0220213
4.58594
0.0263299
0.0221274
0.0340882
0.0216221
0.0292706
0.026178
2.15549
3.63861
0.0222766
0.0217145
0.0331331
0.0220242
10.0989
1.39379
0.0220841
0.0220579
2.88164
0.0216457
0.0222076
0.0508456
6.40088
0.0780468
0.0216483
0.0219365
0.0219095
0.0217979
0.0217382
0.0220325
0.0474606
0.0220296
0.0215042
0.0218951
0.021961
7.88283
0.0332533
0.0221832
0.0238606
0.0215384
0.0221109
0.0320202
0.0221017
0.03709
0.0218923
7.57141
0.0214934
0.0218106
0.0390832
0.0221808
0.0221001
0.0221926
0.025756
0.0215304
0.0226364
0.0215683
0.0218792
0.0216881
0.0233469
0.0219918
0.0219142
0.0220674
1.53802
0.0452373
0.0215883
0.0219221
0.0219259
0.0215268
0.0712362
0.0785519
0.0218596
0.0220452
0.0218135
9.94514
14.3954
0.0220656
0.0215941
0.0215526
0.0216255
0.022218
0.021872
0.0218024
0.0218723
0.0495326
0.0219268
1.28948
0.022029
0.021829
0.0220186
0.0748937
0.0217211
0.0446523
0.0218267
0.0219534
0.021921
0.0349133
0.0220125
2.56671
0.0219896
0.0222926
0.0220132
0.0217427
0.0328489
0.0228294
0.0218497
0.0215843
0.0221093
0.0220355
1.73238
0.0496903
0.0220772
0.12034
0.0218715
0.0221421
0.0267625
3.20487
0.0220185
0.0223918
0.0305272
0.0267552
3.81495
0.0216313
0.021881
0.0709738
0.0575212
0.0214311
0.0221149
0.0221747
0.0217924
0.0239556
0.0219304
0.021905
0.0280011
0.02152
0.05393
0.0218141
0.0218188
0.0219514
0.0218514
0.0216553
0.0220505
0.249662
0.0222521
0.0218444
0.0217562
0.0216863
0.0218129
0.0219755
0.0366762
0.0653476
0.0217207
0.022265
16.664
0.0565051
0.079483
6.44503
0.0219128
0.0217583
0.0217347
0.0217266
0.0613951
0.0221246
0.123534
3.61275
1.44865
0.0220482
0.0224532
0.0215788
0.0222381
0.0219773
0.0277118
0.022263
0.0263541
16.3745
0.0218098
1.13832
0.0258472
2.24959
0.0220659
0.0217685
0.021705
4.71344
0.0217965
0.0222589
2.04451
1.2923
0.021916
0.0218515
0.0223581
0.021651
0.0217827
0.0700028
0.0217894
0.021843
0.0281266
0.0221346
0.0218115
0.0216093
0.998846
0.0219266
0.0221317
0.0219541
0.0575457
0.0217686
0.0220127
0.0299229
0.0236361
0.0218678
0.0648877
0.0420945
0.0242946
0.0600557
0.0234775
0.0219976
0.0218702
0.021755
0.0217082
0.021854
0.0221586
0.0221539
0.0274104
0.0221861
0.0219824
0.065108
0.0566832
0.0219253
0.0215918
0.0220215
0.0220378
1.46284
0.0217475
0.023532
0.0387475
0.461505
0.380652
0.0218566
0.0363537
0.0574786
2.40109
0.0218817
0.0219837
0.0226419
0.0218619
0.0222724
0.0218934
0.0426727
0.0214399
3.22433
0.0219185
0.0219811
0.0217418
0.0219542
0.022037
0.0222654
0.0220281
0.0221276
0.0222454
0.0219367
2.85177
0.021791
0.0219364
0.581016
0.0220218
0.0220124
0.0552433
0.0219968
0.0220902
0.0291705
0.0221469
0.021838
0.0222716
0.0219462
0.0218211
0.0219202
2.72179
0.0271708
0.0227639
0.0218815
0.0219036
0.0218806
4.76809
4.56005
0.0227619
0.0220019
0.0219292
0.0243351
0.0219571
0.0303473
0.0219588
0.0221958
0.0220438
1.04381
0.0419769
0.0217559
0.0410128
0.0219478
0.0333222
0.0221213
0.0217147
0.0221059
0.0221456
0.0218031
0.0217788
0.0219017
0.0221697
0.251571
0.0239953
0.0218589
0.0281317
0.0245244
0.0489946
0.0227509
0.0222525
0.021972
0.0231823
0.0218873
0.0224421
0.0217079
2.6218
0.323361
0.0227931
0.0395851
0.0215404
0.0219583
0.0219457
0.0217019
0.0219058
0.0223726
0.0220949
0.0219943
0.0222225
0.309437
0.0246665
0.0217155
0.0219186
0.1384
0.0220185
0.021871
0.0511219
3.72659
0.0219752
0.0218548
0.0219408
0.0218224
0.0219596
0.22407
0.0218251
0.0217242
0.0219643
0.0220081
0.0222371
0.0221697
0.0216878
0.026563
0.0219583
0.157363
0.0221777
0.0237071
0.043353
0.0219911
0.0220952
0.0219229
0.0222941
0.0221165
0.0221365
0.0226419
1.46986
0.0220355
0.021729
0.050011
0.0220073
1.05897
0.133403
0.021968
0.0220236
0.0221488
0.0217714
0.0220624
0.0217106
0.0219888
0.0429405
0.0222926
0.021599
3.13629
0.0222045
0.0221068
0.0222075
0.0217942
0.073507
0.0289283
0.0220777
0.0219475
0.0216627
0.0220399
0.0219331
0.0221088
0.0293622
0.030302
0.0219801
0.0221538
0.0214608
0.0219814
0.0216771
0.0219294
0.0219916
3.05588
0.0234588
0.0219439
6.16529
0.0221483
0.0220926
0.0222931
0.0221142
0.0219793
0.021937
0.0221236
0.0221645
0.0220236
0.0218341
0.0222849
0.0221416
0.0219007
0.0222937
0.0221356
0.0221754
0.0218874
0.022175
0.0216899
0.0222865
0.0218001
0.0221248
0.0221233
4.93234
0.022057
0.0220279
0.0218204
0.0424927
0.0220462
0.0219008
0.0217999
0.0219262
0.0235946
0.022293
0.0221454
0.0217322
0.0222935
0.0221739
0.0221322
0.0228007
0.0222917
0.0222277
0.0219018
0.022293
0.0221056
0.13947
0.0218633
5.31442
0.0222808
0.0220594
0.0305904
4.91376
0.0230028
0.0219438
0.0220424
0.0215831
0.0221142
0.0220292
0.0217177
0.0272973
0.0217916
0.0219791
0.0221087
0.04589
0.0239723
0.0218064
1.27597
0.060832
0.0218943
0.0218348
0.0220576
0.0233167
0.0219033
0.0239531
0.0247955
0.0217705
0.0215157
0.0221355
0.0220259
0.0220874
0.0220765
0.0221868
0.0222497
3.11701
0.0219897
0.0220453
0.0221193
0.0216976
0.0462719
0.0217324
0.022157
0.0221753
0.0221295
0.022067
5.40909
0.0411768
0.0218561
0.021804
1.4364
0.0217527
0.022124
5.31484
0.29737
5.83777
0.0221732
0.0221684
0.0480006
0.022808
0.0219929
0.0218388
0.0217313
0.0219466
0.0218091
0.0219956
0.0347475
0.0221061
0.0221275
0.0218481
0.0215269
0.0219968
0.0217203
0.0218673
0.0221425
0.0215614
7.77002
0.0221787
0.02202
0.0382981
0.0220393
0.0218498
0.0220643
0.260486
0.021811
4.73635
0.0219756
0.021824
0.0231257
10.083
0.0220474
0.0220342
1.51065
0.0221983
0.0233138
0.0220395
0.0219117
0.0372714
0.0216743
0.0315352
8.54049
0.0219329
2.39113
0.0222419
5.3069
1.45992
0.105509
0.0222428
0.02189
0.0214069
0.022128
0.0218391
1.48709
2.57979
0.0216803
0.0221759
0.0730296
0.0218813
0.0222358
1.02679
0.0218794
0.0222756
0.0219872
0.047551
0.11357
0.0218469
0.0229511
0.0221367
0.0219898
0.0217115
0.105129
1.85692
0.023996
0.0259133
0.0219799
3.87383
5.14206
0.0220636
0.0219109
0.0221997
0.0217048
0.0220239
0.0220432
0.0221968
0.0227954
0.0214225
0.0353493
5.51021
1.55285
0.0221442
0.0221824
0.591917
0.0221627
0.0225089
5.48124
0.0221557
4.77537
0.0261472
0.022181
0.0219677
0.0290535
0.0217544
0.231838
0.0221998
4.92615
4.72481
0.0220037
0.0222002
0.0221212
4.4624
2.83998
0.0214943
5.37287
0.0219701
0.0222301
0.0218003
0.0216959
0.379831
0.027837
0.0218334
0.0221618
0.0247523
0.0218081
0.0220099
0.022223
0.0221426
0.021855
0.0216864
0.086511
0.0222256
0.0214894
0.0634065
0.0221788
0.022203
0.0221392
0.022127
0.0214575
1.33879
0.0226734
0.0270536
0.1845
0.0221905
0.0220933
0.0215847
0.0221724
0.0221905
0.0599161
0.0268648
0.0216735
0.0217314
0.0222032
0.0217429
0.0222289
0.0274285
0.0219776
0.0222081
0.0221174
0.0222072
1.34084
6.65612
0.021634
0.0227995
0.0218822
0.0215616
0.0977897
0.0315255
0.0221528
0.0221865
0.0217383
0.0219624
0.0220714
0.021953
0.0214556
0.024443
0.0222435
0.0222153
0.0222088
0.0221617
0.0219942
0.0216827
0.0221529
0.0217797
0.0220665
0.021666
0.0221519
0.0222194
0.0609173
0.0215363
0.022116
0.0218031
0.0221548
0.02204
0.0221443
0.0229162
0.243768
9.38074
0.0221895
0.0226392
0.0220494
0.021847
0.0222453
0.0216716
0.0217007
0.0219399
0.0219847
0.0239136
0.022246
0.0221993
0.0219152
0.0219317
1.35092
0.0222325
0.0219564
0.021639
0.0218413
0.0217989
0.0215511
0.0267851
2.16133
0.0221001
5.01948
0.0220829
0.0225277
0.0221123
0.0217524
0.0569748
0.0222585
0.0220597
0.0219322
0.0251589
0.0216604
0.0220515
0.0221843
0.0218985
0.021675
0.141947
0.0220535
0.0217248
0.0219534
0.021763
0.0218176
0.164311
0.0218769
0.0243926
0.0221084
0.0220815
0.217565
0.0226614
0.0215993
0.0219335
0.0217731
0.0217933
0.0221722
0.0221187
0.0216721
0.0249285
2.4361
0.0221933
0.0218309
0.0215573
0.0218821
0.022227
0.0221143
0.0220755
0.0222132
0.107504
0.0214876
0.0218885
0.0214714
0.0442055
0.0222192
0.0221788
0.0218821
0.0221098
0.0222675
0.0216221
0.0216673
0.0218656
0.0216057
0.0218655
0.0220279
0.0216253
0.0215889
0.0221651
0.0222272
5.89049
4.35631
0.0220662
3.30807
0.0220326
4.04408
0.0222837
0.021973
0.0538537
0.0220356
0.021908
4.50542
0.0218074
0.0217837
0.231332
0.0217706
12.9456
0.0225342
0.0221318
0.0221859
0.0217907
0.0216828
0.0226115
0.0218041
0.0221581
0.0218468
0.0221558
0.0221367
0.0218009
0.0217773
0.0224217
0.0223718
0.0221581
0.0219039
4.36523
0.0220125
0.0511338
0.0221508
0.0222592
0.0215672
0.0217638
0.050202
0.0221093
0.295526
0.021739
0.0221295
0.0219265
0.0217807
0.0220032
0.0221954
0.0293654
2.48961
0.0219444
0.119617
0.0220714
0.0215535
0.0220597
1.37066
0.021917
0.0217504
0.0224271
0.0219377
0.0653322
0.0314063
0.0220599
0.0219464
0.021863
0.0219546
0.0217627
0.0219243
0.0221652
0.0218549
0.0262041
0.0220601
0.0219596
0.0220148
0.0220847
0.0221515
0.0220903
0.0221282
0.0219152
0.0218758
0.0218377
0.0219533
0.022131
0.0219708
0.206609
0.0219887
7.93509
0.0217235
0.459026
0.0219868
0.0218565
1.50675
5.44979
0.0218755
0.0217408
1.50972
0.0219009
0.0220601
0.0536922
0.0256416
0.0220876
0.0257765
8.36219
0.0220184
0.0334624
0.0222002
0.0220026
0.0221729
0.0220899
0.0220344
0.0222641
0.0222424
0.0220005
7.11851
0.0215102
0.022751
0.0220756
0.0413741
0.0218606
0.022212
4.83802
1.90405
0.0221372
0.0222073
0.0249152
0.021528
0.0216926
0.021923
0.0220603
0.0280345
0.0219137
0.0215099
0.0221163
1.74799
0.0220955
0.0220434
0.0319521
0.0220795
0.0222227
2.96212
4.7566
0.0214938
0.0221884
0.0218964
0.186272
0.0221508
0.0214882
0.0216691
0.0217987
0.0220475
0.0220924
0.0220505
0.0222856
0.0218544
0.0218866
0.0215874
0.0215084
0.0218398
0.0220728
0.0214699
0.0294696
0.0217367
0.0222847
0.0220243
5.53285
0.021668
0.0218146
0.0217996
0.022082
0.022025
0.0217952
0.0220929
0.0222001
0.0220615
0.0221449
0.0216783
0.0220537
0.0221626
0.022218
0.0216286
0.0221849
0.021474
0.0217101
0.0218045
0.0219314
0.0221602
0.0221637
0.0221043
0.0218773
0.021967
2.62831
0.0219319
0.0219652
0.0220024
0.0221261
0.0218768
0.0277578
0.026127
0.0360421
1.39552
0.0674323
0.021981
0.0215013
0.021715
0.0221766
0.0221963
0.0227899
0.0216966
0.02209
1.51877
0.0220608
8.67985
0.0215339
2.18966
0.0220759
0.022383
0.0216833
0.0216238
0.0221825
0.0215512
0.0219604
0.0219703
0.0217989
0.0303268
0.375168
0.022149
0.0219698
0.0217239
0.022182
0.0405337
0.0220222
0.0219399
0.0221679
0.0219855
0.166782
0.0214463
0.022185
0.0220327
0.0220419
0.0221672
0.022188
0.0220617
0.0217658
3.44001
0.0220977
0.970056
0.0299604
0.0219335
0.0218804
0.0218957
0.0219841
0.0237509
0.0222187
0.0222457
0.049446
0.0220101
0.0221694
0.0218864
0.0503633
0.175548
0.0222252
0.0220029
0.0216818
0.0218598
0.0219839
0.0221813
0.0273622
0.0220695
0.024269
0.0369178
1.98893
0.0219643
0.0219421
0.021949
0.0331335
0.0398343
0.0221606
3.46754
2.84817
0.0219579
8.74129
0.0219283
2.7739
0.0218906
0.0219445
0.0220603
0.0217191
0.0220595
0.0221691
0.0219467
0.0221531
0.022203
0.0235863
0.0219484
0.022111
0.0214427
1.48127
0.0215877
0.0218429
0.0266989
0.0347221
0.0216854
0.0225
0.0220374
0.0217988
0.0221514
0.0216429
1.4436
0.02205
4.46363
0.0219778
0.0221345
0.0225419
0.021903
0.0216492
0.0226092
0.0219302
0.0218747
0.0215947
0.0217491
0.0220298
0.0220494
0.0238281
0.022205
0.0238026
0.0220172
0.0221172
0.0220043
0.0220977
0.0298393
1.94676
0.0220042
0.0215248
0.0219641
0.022139
0.0218383
0.0218582
8.66812
0.0217936
0.0220108
0.0262014
0.10395
0.172927
0.0219385
0.0215191
2.25811
0.0220425
0.0215568
0.0369557
1.50156
0.0218457
0.0219183
0.0219536
0.0217216
0.0220042
5.6548
0.0522155
1.88126
0.0217338
0.0251576
0.0221451
0.0218567
0.0215852
0.0214657
0.021701
0.0218644
1.56525
0.0220117
0.19249
0.0218677
0.0216989
0.0220036
0.0219518
0.0218141
0.0222673
0.0217028
4.98263
0.0222064
4.31044
0.0221198
0.0218678
0.021976
0.0365208
0.0216929
0.0218507
0.0217175
0.0215603
0.0477206
0.023856
1.32901
0.021893
0.0218848
0.021409
4.44918
1.93052
0.0219025
0.0218415
0.022438
4.8615
0.0218595
0.0217121
0.0222241
0.0216928
0.169182
0.0217753
0.0218222
1.62009
0.0219267
0.0219963
0.0219489
8.30414
0.0376836
0.0218207
0.0216864
0.0218929
0.0219526
2.30683
0.0218454
0.0221179
0.0218099
0.0219915
0.0273239
0.0218332
0.0219682
0.0217393
0.021831
0.0222052
0.0241532
0.0330121
0.021962
0.0218954
0.0220971
0.0221399
0.0219384
0.0220655
0.0219724
0.0222261
0.0218426
0.0219055
0.024856
0.0225575
0.0219449
0.0226126
0.0221079
0.0221776
8.8629
0.0220784
0.022676
8.91513
0.0219856
0.0221577
0.0219981
1.81517
0.0215519
0.0234049
0.0448232
0.0216693
0.0222537
0.0221882
0.211415
0.0220598
0.0219465
0.0218381
0.0221108
0.0220091
0.0816901
0.0273973
0.0247764
0.0218733
0.0217324
0.022193
0.0218492
0.0219979
0.021628
0.022717
0.814035
0.0219168
0.0221152
2.77557
7.56713
0.0219553
0.0219776
0.0221028
0.0693522
0.0971093
0.0218986
0.0219213
5.21961
0.0219387
0.0219463
0.0220953
0.0217017
0.0220881
0.0222282
1.34471
0.0221619
0.0221073
0.021913
0.0218325
0.0221295
5.75868
0.0218889
0.0218973
0.0218941
0.0385319
0.0221978
0.0218576
0.0219673
1.75841
0.021652
0.022145
0.0218207
0.0222059
0.0217415
0.0238326
0.0219643
0.0218604
0.0219053
0.0668328
0.0221495
0.022208
0.0221449
0.0220653
0.0222271
0.0220692
1.62752
0.0220509
0.0672707
0.0222342
0.0217359
0.0222138
0.0222049
0.0216356
0.0217193
0.0216719
0.021817
0.185579
0.0280199
0.0218303
0.0564597
0.0214717
0.216933
0.0221374
0.0217286
0.0216861
6.26062
0.0217286
0.0218294
0.0215406
0.0218294
0.0277122
0.0220661
0.0218729
0.0216859
0.0215852
0.022017
0.0217216
0.02149
3.01675
0.131847
0.0218191
0.022066
0.022064
0.0218268
0.0278827
0.021618
0.0220763
0.0218297
0.0219451
0.0222465
0.0219098
0.0216677
0.0267039
0.0323107
0.0221684
0.0218218
0.0217972
0.0216029
0.0227661
0.0219326
0.0221141
0.0219616
1.1976
0.0219706
0.0221146
0.0217665
0.0219277
0.0230707
0.0217879
0.0217732
0.0218746
0.0216744
0.0214581
0.0331277
0.0218228
0.0219595
0.0215992
0.0220224
0.021672
0.0220583
0.0991087
0.022187
0.0215797
0.0226854
0.0219418
0.0219411
5.64875
0.0217727
0.0218344
0.0216878
4.69397
0.0217461
0.0219275
0.040657
0.0420798
0.0214741
0.0222462
0.0222191
0.021762
0.0219606
0.0219282
0.0218686
0.0421927
0.0227447
0.0221102
0.0221209
0.0219881
0.0221604
0.0218326
0.0217266
0.0242027
1.899
0.0219575
0.0219406
0.0219448
0.0216819
10.0297
0.0218939
0.0219419
0.0219853
0.022097
0.0225392
0.0215104
0.0218349
0.0220069
0.0224658
0.0219571
0.0219395
0.0428844
0.0270571
0.0220814
0.0986284
0.0218241
0.0217557
5.21554
0.0218731
0.0220383
0.0219244
0.0221997
0.0219582
0.0217567
0.0222074
0.0217945
0.0218087
26.345
28.0296
25.7299
2.3489
0.0216299
0.0218944
0.0217538
0.0219109
0.0230368
0.0217763
0.0217217
0.0221442
0.022077
0.0220664
0.0215258
0.12097
0.0221288
24.8504
0.0221506
0.0221128
0.022181
0.0910715
0.021751
0.0218481
0.0221288
0.0217563
0.0218787
25.4309
0.0218057
7.30294
0.37147
0.0219468
6.47625
0.0218362
0.0663078
0.0217501
0.0221808
0.069376
0.0243867
0.0220655
0.0221446
0.0218653
0.0220648
0.0218973
0.0218499
0.0217546
16.4661
26.5849
28.7165
19.5689
22.5142
28.3669
28.5378
14.322
22.279
12.159
25.4419
24.5333
13.0368
28.8511
25.2565
24.5821
12.8838
18.467
6.61889
22.4514
0.0221577
0.0217806
0.0215441
0.0837633
0.0217519
0.0216861
0.0219015
0.02224
0.0222264
0.0219403
0.0220268
0.021833
0.0218304
0.0218579
2.90148
0.0220045
0.070291
0.02194
0.0221393
0.021657
0.0218913
0.0218358
0.0220274
0.0214442
0.0218437
0.02194
0.021919
0.0219352
0.0221819
0.0218635
8.297
8.72007
8.52021
7.48806
7.07639
0.0219274
0.0222192
0.0841007
0.0221806
0.0218351
0.0219257
0.0217926
0.0221239
0.0218747
0.0788242
0.0220812
0.0218356
0.0218288
0.0219487
9.25177
0.0218276
0.0219269
0.0219172
0.0215522
1.37014
0.0218919
2.20679
0.045228
6.33428
0.0267454
0.0458783
5.45711
0.0220122
0.0217275
7.19356
0.182442
1.72287
1.71204
0.0394608
0.021493
0.0231912
0.0216058
0.0218543
0.0215199
0.0217319
0.0217922
0.0221997
0.0222167
0.0713213
0.0273849
0.0218986
0.0217235
0.0220793
0.0222398
0.023221
0.0219124
0.0218104
0.0267754
0.0217001
0.0218825
0.0217367
0.0218723
2.03035
0.0217685
0.0222392
0.0221791
0.0220904
0.0216379
0.0220452
0.0221626
0.0216589
0.0221995
0.0219229
0.021679
0.0219329
3.22849
0.0215033
0.0219625
0.0216063
0.0650808
0.0219262
0.0219473
0.0222116
0.0218475
2.13473
0.17428
1.81447
0.0216306
0.0218489
0.0218646
0.0219251
0.0221318
0.0221351
0.0219699
0.0218417
0.0219043
0.0218461
0.0218761
0.0264284
0.103099
0.021651
0.0219524
0.0219311
1.62074
0.0218306
3.62603
0.0227535
0.0218376
0.0218296
11.4042
0.0216638
0.0219336
0.0220976
0.0220116
0.0214383
5.53663
0.0215446
0.0223086
0.0532663
0.0220714
0.0219676
0.031027
0.0444249
0.0216641
0.0218262
0.0227052
0.0218873
0.0216933
0.0598698
0.0220991
0.021871
0.0224898
0.021606
1.70656
0.0226849
0.0219741
0.0222355
0.021932
0.021993
5.76677
5.21761
0.0218563
0.0219499
0.0220932
5.0951
0.021667
0.0368159
0.0216457
0.022033
0.0216193
0.0218346
0.0219614
0.0219555
0.021668
0.0216023
0.0216729
0.0222183
0.0292105
0.0220759
0.0217062
0.0215361
0.0217088
0.0224455
0.0249774
0.0218277
0.021797
2.08674
0.0218244
0.0214243
0.0216859
0.0371316
0.0217746
0.0214879
0.0214046
0.0551222
0.022049
0.0217715
0.0220674
0.0216708
6.84327
5.65727
0.024757
0.0214058
0.0222297
0.0217662
0.0220862
0.0219676
0.0219497
0.0215039
0.0218419
0.0222937
0.0227519
0.0216789
0.026675
0.0524482
0.0220439
5.68602
0.0220095
0.0222045
0.0217734
0.0221332
0.0216546
0.0217288
5.88392
0.0228202
0.0215384
0.0217376
4.13065
0.0221445
0.0221822
0.0562913
9.06751
0.0219333
0.0214908
0.0293937
0.209436
0.0217139
0.0219627
0.0511912
0.0216273
0.0220047
0.0221626
0.0215397
0.0221698
0.0216729
0.0216928
0.022009
0.0215488
0.123522
0.0224086
0.0371052
0.0455173
0.0221721
0.022066
0.185824
0.0214544
0.0220672
0.0216814
0.0221358
0.0214921
0.0218894
0.0263064
0.0220514
0.0221753
0.0220098
0.0219561
5.70863
0.0218781
0.0218912
0.0219668
0.256324
0.0217225
0.0221163
0.0222597
0.0219256
0.0465469
26.0608
25.9199
0.0218786
0.022037
0.0221946
0.0222484
0.0218012
0.0630564
0.0218772
0.99569
1.83918
0.0476221
0.021537
12.5303
0.0220816
0.0222602
0.0215406
0.0222271
0.0217639
20.6927
0.0222348
0.0429145
0.048025
0.0214889
1.4227
0.0217296
2.41877
0.0215703
0.0217389
0.0217582
1.93769
0.0307125
0.0220869
27.6552
0.0283044
0.0220085
0.0216925
0.0220149
0.023883
0.0217168
0.0220758
0.0219404
0.0220989
0.0218434
0.021888
0.0217764
0.021492
0.0222389
25.9016
24.8005
0.0219198
0.0222164
0.0226129
0.0221877
0.0233804
0.0217348
0.0218438
0.0219323
0.0218392
0.0221271
0.0215075
0.145093
4.73828
0.0218261
0.0215711
0.0220085
0.0215047
5.83423
13.7744
0.0216797
0.0240443
0.0222557
0.0218818
0.280684
0.0218782
0.0217186
0.0220921
0.0235995
0.0221265
0.0216429
0.0215448
0.0219292
7.21277
0.0219391
0.0260426
1.40036
0.0291725
0.0219721
0.021681
0.0218765
3.23272
0.0221641
2.37973
0.193735
0.0237852
0.0221103
0.0218759
0.0335786
0.0221382
0.0216382
0.0353507
0.0221878
0.0234758
0.022047
0.184454
0.0219419
24.7894
27.8124
0.0220922
0.0218254
0.0343296
0.02216
0.0218629
0.0220136
0.0221089
0.0219025
0.0219734
0.0216537
2.86907
0.0218408
0.0215556
0.0230472
0.02195
0.0305741
0.0216885
0.0218791
0.0215372
0.0219384
0.0220757
0.0218452
0.0218704
0.0218955
0.0218647
0.0220281
0.021984
0.215805
0.0215385
0.0226767
0.0221295
17.0424
0.0372731
0.0216767
0.0253457
0.0219
0.0432764
1.61372
0.0231252
0.0219398
0.085326
0.0218431
0.0221616
0.0229947
0.021884
0.0959918
0.0219245
0.0229515
0.0220059
0.02185
0.0220912
0.0216633
0.0216762
0.0214943
0.0217005
6.08296
11.0314
0.0302976
0.0216923
0.0221793
0.0507133
0.0216396
0.0220031
0.0218705
0.111305
4.39145
0.0221977
27.5067
0.221558
0.0219223
0.0218768
0.0214823
0.0733197
0.0218362
0.0218313
0.022097
26.4392
0.0635102
0.0218993
0.0221465
0.0217816
0.0217795
0.0494132
0.0218467
0.0217474
0.0231606
0.0214913
0.0220471
0.0252356
0.0221954
1.16892
1.89329
0.169314
0.0220559
0.0219457
0.0218308
0.0217226
0.0218655
0.116812
0.0218342
20.2143
0.0277164
0.0220016
0.0218181
1.94382
0.0218457
30.1955
0.0879952
0.0235847
6.34607
0.0215679
0.0221387
0.0220611
0.0218955
0.022194
0.0443499
0.0247772
0.0833593
26.34
26.0603
0.0221068
0.0221228
0.0342385
0.0243522
0.0219305
0.022023
0.0228701
0.0217584
0.0219351
0.119318
0.0219967
0.0220749
7.14024
4.75079
0.0219508
0.0257771
0.16157
0.0223055
4.38075
0.0226639
0.0471942
0.0219186
12.5882
0.0218179
1.84059
1.3901
0.0215347
4.89234
1.66524
0.181692
0.0222078
0.02157
0.0348407
0.142059
28.4484
0.0218421
25.6566
0.0220659
0.0221436
0.157479
1.21714
0.0219409
23.185
4.1327
0.021583
27.17
0.0218142
2.36931
0.0219316
0.0222359
16.5016
0.0220301
0.0218761
12.1711
3.52026
0.0218801
0.025175
0.0220164
8.20157
0.0328988
0.0218456
0.0219061
0.0215347
0.0217255
0.0214401
0.0216752
25.4803
0.0215201
1.33132
0.0220756
0.0218218
0.0218445
0.0220614
0.0218628
0.0221549
0.0220465
0.0227315
0.0789943
0.176185
0.027098
0.0215818
6.25895
6.97576
0.0218996
0.0221581
0.0279
8.53448
0.0222284
0.0307501
1.03235
6.05446
0.0414934
0.036862
0.0221748
1.93352
4.50697
1.14338
0.0256343
0.0879225
0.0221773
3.52013
0.0221864
0.0219622
0.0358686
0.036396
0.0214828
0.0218807
0.0218899
0.0220319
7.07208
0.0220925
0.02194
0.214473
0.021648
1.94934
0.0218748
0.0264642
0.0217511
0.0365623
0.0221811
0.0221323
0.0221635
0.0267911
0.021808
0.0219044
12.68
0.0220609
4.43874
0.021903
0.0219375
0.0220048
0.0217407
0.0359013
0.0218818
0.0219684
0.0221904
0.0218533
0.120635
0.0219176
10.1057
0.02887
0.0218757
0.0217765
0.0218564
0.0220176
0.0219286
1.45946
0.0267246
0.0223306
0.15903
0.0224916
0.0220823
0.0220331
26.6516
7.39415
0.048933
0.734224
2.74334
0.0248331
0.446734
0.0221396
0.0218661
0.0222701
0.0699269
0.0219627
0.0216659
0.102667
0.0270022
2.54072
0.0221567
0.0733223
0.0222098
0.0217614
17.3347
4.04918
1.0151
0.0219516
0.0218466
0.0219844
0.021658
0.0389144
0.025273
12.37
0.0218615
0.0225979
0.0215177
0.0222472
0.0215459
0.0217139
2.66626
0.0219805
0.0224504
0.0220954
0.0336404
0.0219013
0.0477854
0.297175
1.97502
0.0218404
0.193129
0.0274135
0.0224312
0.0273722
0.0219384
0.0219533
0.0267948
0.0221727
25.974
0.0219223
0.0260242
0.265404
0.0220312
0.144599
0.0217493
0.212796
0.0226004
0.0218427
2.40913
0.0943468
0.0221356
0.0215697
0.0298386
0.0218106
0.0391346
0.0357754
0.0398125
0.0228126
0.0218456
0.0219039
0.0217146
14.6822
0.0221909
0.0214209
0.0219281
0.0421961
0.0313973
0.0217638
0.0222786
0.0223912
0.0217761
0.0221231
0.0220144
0.0220139
10.2659
6.71483
0.0238403
0.022285
0.0222837
0.109557
0.0217719
0.0221781
0.0912183
0.0222301
0.0232375
0.0216514
0.0220428
0.0217869
0.0215605
0.0219928
1.80516
0.0944866
6.23128
0.0388639
0.022009
4.98296
0.0220444
0.0217834
0.0219142
0.0786304
2.07913
0.0217665
0.0335083
0.0221877
0.0246298
1.45983
0.0217831
0.0221924
0.0222394
4.68509
26.146
0.0248808
0.0460883
6.09096
0.0216868
0.021948
0.0218944
0.0217373
0.0217227
0.0217102
1.93644
2.54924
7.54198
0.0219623
0.0217362
0.0238139
0.0230804
0.0224018
8.0086
7.7544
1.78565
0.0215256
0.0217093
0.0283373
0.0217591
0.0219878
0.0227797
0.0234037
2.15853
0.0221444
0.0217728
0.0218745
1.52932
0.171755
0.0216021
1.76498
1.41245
5.75575
0.0219271
4.08289
0.0540347
0.0222745
0.0217604
10.0912
0.0299017
1.30322
0.0218535
1.68335
0.0217633
0.0218228
0.0241992
0.0220089
8.32727
0.0951315
0.0239107
0.0247352
0.0220812
2.38506
2.02672
0.534522
0.229735
0.0217077
0.0574716
0.0230981
2.30692
1.26908
0.0218643
2.47414
0.0217266
1.72437
0.0221993
0.0253185
0.021703
3.16045
13.2073
0.100765
1.83139
0.0217739
0.0217307
0.0222865
0.0214588
0.0219442
0.0224225
0.0218705
24.2656
0.0277312
0.0221719
27.7352
0.0219967
0.0221072
0.0217898
1.71546
0.0229502
0.0217628
0.0217281
2.03156
0.023399
0.0890422
20.8689
0.12681
0.0216959
0.0224839
1.43502
0.0304483
27.4128
0.026828
0.0286126
0.021523
29.9108
0.0395692
0.0511897
0.0221249
0.022274
0.0220834
0.0233747
0.0225432
0.037129
0.108348
0.0215733
0.021509
0.0215061
0.0216555
0.0216997
17.4719
2.41382
0.130749
2.82294
0.16535
1.53302
0.0220755
0.0221903
0.0216188
0.0216922
0.0222108
0.0267084
0.0219044
0.0233978
0.0215171
0.0223227
0.363179
0.0376395
0.0221248
0.0215517
0.0230976
0.0221387
0.0223605
0.12712
0.0257615
0.0220574
0.0216343
1.6867
0.0220941
0.0235651
18.5374
0.0216218
0.0218067
0.0780946
0.0219612
0.0222595
0.0224895
26.6481
0.0216818
0.0223944
0.0227888
0.0230712
0.0233379
0.0230013
0.0217967
0.0282272
0.20554
0.0221929
0.0224961
0.0320068
0.0451595
0.0217706
0.0223175
0.0217426
0.0221754
0.934771
0.0214778
16.0421
0.0215192
0.0227474
0.135304
0.0812675
0.0267957
0.0307236
1.06102
0.0218398
4.6878
0.0220846
0.101943
0.0224161
0.0290438
0.0218914
0.0224452
0.022524
2.21727
0.169362
0.0225274
0.355019
0.0222424
0.0227077
0.022052
0.60355
0.30724
0.0292029
0.105341
0.654436
0.0242985
0.0220894
0.297067
0.0226352
0.0220973
0.040418
17.1786
0.416292
0.0287868
0.0222089
0.098573
1.60345
0.753973
0.0223075
0.0222482
0.0369521
0.023051
0.0215207
0.527714
27.4978
0.0278596
0.174903
0.0266978
0.0220394
0.0217126
0.0218346
0.0254099
0.0219304
0.0220782
0.0669801
0.0214652
0.021845
0.0228026
0.0221917
0.0221773
0.0218515
0.0222747
0.153681
0.0220808
7.28913
0.0227983
0.0218745
9.74766
0.0293132
0.0227612
0.821553
0.0215326
0.021962
0.023648
0.0323893
0.0619146
0.0220081
0.0220097
0.0236418
0.0218889
0.02215
0.0460627
0.0827718
0.0229644
0.224495
0.0221604
0.0221901
0.0214709
0.0234665
0.0712295
8.39843
0.255772
0.0219377
0.0303616
0.0291805
0.0753998
0.0278152
0.0260118
0.0247595
15.2075
0.0346504
0.0218909
0.0255556
0.0265406
0.0220438
0.0218796
0.0252049
0.0548538
0.115492
3.32176
0.0216327
19.2988
18.6852
0.0232896
0.0225408
0.0217481
0.0224408
1.501
0.023081
0.0254405
11.5859
0.100526
0.0214733
16.7924
9.03034
0.022871
0.0223705
0.023467
0.0245714
4.71792
0.0676307
0.0239413
1.61734
2.33886
3.36661
0.0625214
0.0286416
1.04172
16.1925
0.0308304
1.44946
0.0220373
13.3018
10.6966
0.0224655
0.0220043
0.0220214
0.0216872
0.0547944
0.0222111
0.909703
1.92867
0.0226702
0.199682
0.101828
0.0231992
0.0236744
0.0218042
0.0362873
0.190577
0.0247689
0.0222847
2.78322
0.0238357
0.0219881
0.0220809
0.0215542
0.0220638
0.0327222
0.0241408
1.54845
0.0221613
0.0234547
0.0219477
0.0508647
11.388
0.0217577
0.0255177
0.02175
2.40758
0.0218355
0.0214565
0.0381497
0.0219347
8.7898
0.0221602
0.0219261
0.022293
0.0219077
0.0215153
2.24488
0.0399504
0.0569898
0.0781618
0.0219916
19.5133
0.0221559
0.0231218
1.29145
1.06389
5.79275
0.0303763
0.0225466
4.44655
0.024554
19.6699
20.8819
0.0249592
0.0220632
1.60645
0.0224444
0.022219
2.49411
0.148768
0.0262806
0.21518
1.68495
0.0242543
0.0218823
0.022048
2.34444
5.59459
0.0367816
2.78619
0.0703738
0.173048
0.025346
0.0220107
0.0250505
4.84823
0.0275084
0.024295
3.84299
13.4762
0.0217189
0.134532
7.60106
0.0296889
1.93899
0.0251148
0.0215001
0.0297124
0.0218875
0.0512629
0.0219554
0.156198
0.0215048
0.0219657
0.0214388
0.0220516
0.0220034
14.4816
0.0221851
0.122462
0.0225307
0.0219155
0.0216427
0.0218691
0.0550693
0.0223502
7.08459
15.5984
0.0242569
0.0258138
0.0223649
0.0281367
0.0228009
0.0219982
0.0243049
0.0222287
0.0216097
0.0219392
0.0217161
0.0216982
0.416582
0.0226161
0.021873
0.0220907
0.022025
15.0509
13.8592
0.04944
0.0234448
0.0231164
0.183468
0.0219258
0.0221662
0.022271
0.034164
0.0217628
0.021843
0.0276458
0.029694
1.74366
16.1021
0.0218812
0.0219361
0.0216825
0.0234586
0.0217133
0.021753
0.0214829
0.0231559
2.0645
18.8474
0.0249655
0.0221469
0.0290651
0.0219505
0.0224291
0.0308956
2.24371
21.7923
0.0220364
6.8666
0.0252058
0.0217733
0.0222478
0.0257972
0.021995
0.0234501
1.16708
0.0218767
0.0218187
0.0215484
0.0232026
4.45913
0.0220977
0.0305173
1.80911
13.2495
0.0253353
11.0046
0.0265603
0.0310955
0.0220486
2.41514
0.0221022
1.75581
0.0218815
0.0221129
0.0394596
0.0331098
0.0223734
2.59418
0.0221444
0.0221831
0.0218078
0.0221633
0.0217392
0.0242104
0.0253379
0.0224295
0.0301954
14.5632
0.0236544
0.952587
0.0222007
0.0268435
13.6318
0.0276391
0.0228598
9.98901
0.0218275
0.0221555
0.0220756
0.0226503
0.0353998
0.022288
5.54817
0.0246608
0.0218543
0.0285439
3.50367
0.0221682
0.0224365
0.0223646
2.36027
1.42586
2.80428
0.24253
2.33027
0.0270138
0.145869
0.0261119
0.0281463
0.0217063
0.0222761
0.024066
0.0222059
0.0222943
0.0216518
4.87166
0.0243076
0.0219021
0.139563
0.0222421
1.62522
0.0739305
0.0230956
0.0218896
0.022352
0.0235507
0.0226015
0.0260286
0.0246677
0.0219116
0.0219383
0.0217694
0.0237727
0.054544
6.00382
0.028051
5.2722
5.14408
5.67364
9.24217
0.0228259
2.0849
0.0750284
1.45976
0.0341088
0.0239174
0.0223772
0.0219954
33.4681
0.0261626
2.51096
0.0291448
0.0228339
0.0247247
0.0295997
0.0221782
0.0224139
6.15559
0.0217129
0.0252075
22.2465
0.0229051
0.0219535
0.0295287
0.021698
0.0218729
0.0357772
0.0225954
2.09195
0.0222392
0.155945
0.0226417
1.92496
0.0235083
0.0223225
4.56043
0.0229952
0.198342
0.0216552
0.0225656
4.16643
18.2757
0.0215202
3.58356
1.57455
1.87246
0.158875
0.0258003
0.0218108
0.0268475
8.06026
7.90032
0.0230396
0.022142
30.3651
0.0219308
0.0657752
0.0227914
0.0221229
0.0969154
0.0708622
0.0220119
0.0218726
0.0228391
0.0215548
0.0216801
0.0463629
0.0268249
0.0313473
0.0425039
0.0279363
2.42033
0.0372322
0.032562
6.95521
0.0306499
0.0221744
0.194455
0.0294722
0.024488
2.45787
0.0216702
0.0658293
0.0228928
0.0217048
0.0224241
0.170412
0.0218087
9.22483
8.59065
1.67327
0.0217829
0.0214916
0.0313852
0.0220436
0.0932472
19.5878
19.413
0.0226526
0.0218972
0.026826
0.033594
0.028418
4.54517
0.0273252
0.0270077
0.042173
0.0221966
0.029958
0.0259489
1.79245
0.0293596
0.0216477
1.759
1.66045
0.0219312
0.0221998
15.0083
0.0323314
1.61525
18.4329
0.023218
0.0249163
0.0241919
0.0236411
0.0219847
0.0225348
0.0279567
0.0231198
0.0460281
9.23625
0.0220898
0.021926
0.261286
1.47148
0.0221973
0.0222357
0.0218411
0.0309711
0.153426
0.0218994
0.0220654
1.74512
0.0234608
0.0222245
0.0219288
1.82845
0.0216451
1.37469
17.7826
0.0217864
0.117462
0.0350081
1.72948
0.0235077
0.0889029
5.69793
6.83305
0.0315859
0.0247306
0.0222811
0.0329558
0.0529799
24.5559
0.0217844
0.0214844
0.0219752
1.30817
0.0280258
1.91544
0.0219569
0.0767074
0.0358172
0.0329327
0.0221068
0.0698237
0.0219193
0.0833104
8.28929
0.0348042
0.0217408
0.0221064
1.56579
0.0222273
0.0222336
15.0655
0.0216658
0.0251675
12.7514
7.59826
0.0216422
0.023071
0.0220657
0.0289436
3.58206
0.0239857
0.0504718
0.0214734
6.01281
0.021636
0.168819
15.2377
0.0219089
0.022199
1.5179
0.0222226
0.0216925
0.0216588
2.01716
3.01853
0.0222874
0.0219282
0.0218439
0.0218266
0.0217406
6.10102
0.0219005
17.8144
0.0217345
0.0217045
0.0218582
0.0218226
0.0222801
0.0314185
0.0222704
10.6636
11.9827
0.0246551
2.47922
0.157564
0.163247
0.025606
0.0218857
0.0330749
0.171684
0.0220295
0.154619
0.0216671
1.65241
0.0223349
0.0218963
0.0261034
0.0269975
0.0242006
0.0216401
1.86787
0.0231333
11.3147
0.106673
3.93935
0.0220431
1.85781
0.13982
0.0223267
0.0941513
0.13341
0.0254652
0.0318452
0.0214885
0.0751468
1.78109
0.0218959
2.96986
0.0221131
0.174354
0.0219254
0.287029
1.98468
0.0231337
2.09626
0.0215554
0.0232505
0.104129
0.0350117
4.98094
0.0219038
0.0234081
0.0350725
0.101373
1.28309
0.0218931
0.0218796
0.021965
2.73917
0.0246833
0.0295573
1.95286
0.0227837
0.0233
0.0214377
0.0405926
2.48803
0.0679595
0.0325647
0.0221451
3.7789
4.44305
0.0223268
0.0289092
0.0219052
0.0218141
0.0222073
13.1914
0.0726757
0.0622902
0.0407752
0.0216107
19.3957
20.1462
0.0223266
0.0237849
4.72888
0.0244076
0.0233543
0.0217215
0.0266334
0.0217667
0.0222481
0.0313499
0.0251624
0.0225637
1.69883
0.0219933
7.839
0.0938691
1.41754
0.0682707
0.0427955
0.0215225
0.327974
0.0333736
0.0222396
0.0218866
8.02624
0.0215089
1.32696
1.73734
3.23779
0.0395425
0.0259196
0.026398
0.0223716
0.022178
6.73605
0.0217928
0.0781324
0.0218926
14.1995
0.0218987
0.0217767
0.0241936
0.0224011
1.63769
0.0267875
0.0485994
19.5154
0.0551431
0.0269872
7.857
0.0219182
0.0234253
0.224331
4.67189
2.61319
0.36186
0.0219014
0.0222439
2.07331
0.0278259
4.97855
0.106151
1.09452
1.76545
0.0220209
1.33978
0.0894512
0.0216664
0.239587
0.0220834
0.0333726
3.16078
0.0220719
0.0295964
0.0221459
7.49215
0.0232033
0.0221392
0.0218703
0.0220161
2.06235
2.07129
0.815574
1.8681
1.97452
8.29857
0.028932
0.0219158
0.0274105
0.0216401
0.021475
2.89622
0.0219671
15.1051
0.0308803
15.5888
0.0256382
0.138761
0.0714689
0.0220319
0.021641
0.0217004
0.0297636
0.0224237
0.0339148
7.16847
16.0298
0.0226304
4.13596
0.0218345
2.6573
0.0222392
0.109222
15.953
0.127014
15.9571
0.0221018
0.0219841
0.0452211
0.0219267
0.0291115
4.92666
0.143985
4.43905
0.0400989
4.60769
0.0372395
5.35551
0.0214246
1.4591
0.0346889
0.0219991
0.0221921
0.0234742
1.49338
0.0303417
0.0216214
0.961654
1.60108
0.02249
16.3948
0.0222301
0.0329548
0.0220107
0.042394
2.95414
0.0383505
19.1704
5.35134
0.0223657
0.0219733
0.0393681
0.112909
0.0632541
1.73082
1.27496
0.0223027
4.72849
0.0219393
0.0216949
1.79819
0.18281
3.63319
0.0308627
0.0218931
0.0572348
1.55361
1.3103
4.78979
0.772633
18.7471
1.27287
0.135858
0.109548
28.1783
18.1586
4.54482
7.80013
16.5986
15.0741
14.3558
0.0216507
2.76384
0.0215105
0.0309546
8.67599
0.0267385
0.0278924
1.83485
0.0365524
0.0280616
0.0223027
0.0401048
0.117235
0.0382349
0.0220015
0.0222859
0.0229405
1.17173
0.0220851
0.143731
0.0220596
0.0222761
0.0214738
0.0225559
1.84428
2.15702
0.0305996
9.18946
0.0221925
9.36283
0.02166
0.0219313
0.162419
0.0220076
0.0221393
0.0221744
0.0641962
0.0265232
0.0487485
0.0219367
0.0220883
0.0397842
1.5064
1.48165
0.0730893
2.2944
0.728842
0.0219404
1.32034
1.33069
13.9762
0.0220407
0.0222381
0.0230854
0.254956
0.0219785
1.30252
0.0219305
0.117571
0.0220204
6.9662
0.0225145
0.0910651
0.0257789
0.0221915
0.0224318
0.136824
0.0237259
1.82389
1.48084
0.0218895
0.021702
1.54991
0.129384
1.90223
0.0222262
0.175051
0.0223717
0.0215982
0.0888272
7.16579
0.123786
0.043081
0.02269
0.028291
0.0397065
0.0221263
0.342555
0.0233037
0.0405412
0.106811
2.45479
0.0388331
0.0221509
0.0217681
8.70747
0.0228376
0.0381315
0.0217864
5.80866
5.3544
0.0220354
0.0217048
0.219293
5.2577
6.2085
1.4501
0.0233425
0.128332
0.0508321
1.56102
6.38755
0.0276711
0.024125
0.0279616
0.106377
0.0222269
0.0993156
0.0299368
0.137064
0.547994
0.0216527
0.022544
0.0372787
0.0219326
5.92854
0.0218356
0.022042
0.682696
0.10441
7.18747
0.0267924
0.147515
0.0390799
0.021916
0.0328209
0.0243213
0.0573992
1.6432
2.03256
0.0230248
0.0215225
0.0620996
0.0867791
0.0246895
0.0260446
0.0226349
0.0214041
0.0554166
0.0772439
0.0219854
10.7566
0.0220596
3.0772
1.99124
0.0222939
0.037598
0.0226599
0.0246857
0.0490111
0.0621091
0.0232861
0.0222883
0.0999622
0.0218185
0.247328
0.0216641
1.44915
0.0377868
1.54677
3.35131
1.4485
0.0783899
0.0214637
1.30457
0.0214287
0.0233251
0.0221846
0.0224578
0.0343808
0.0232625
0.0382291
0.022288
0.287104
0.057142
0.0947571
0.0668787
1.75919
0.0218665
0.037112
0.021816
0.0221817
0.021795
0.0218769
2.95938
0.022609
0.02223
0.0363157
0.399494
0.05012
0.0219286
0.129049
0.373627
5.63052
0.0257929
2.05708
1.79511
0.0220103
0.0237743
0.0803612
0.0686624
12.7166
0.150663
0.0220867
0.0503006
0.0215009
0.161774
0.890523
10.7423
0.406269
0.0218524
27.8176
0.0218335
0.0218054
0.0268441
0.0584916
0.0431446
0.130788
0.0382737
0.021492
14.9893
0.0721217
6.34376
1.65531
1.60718
0.0293733
0.0237819
0.0229803
0.0233528
0.0219912
0.0265436
30.5001
14.3269
3.44654
0.30845
0.460714
0.0219924
0.0220319
0.0234378
0.025798
4.43433
0.0234281
0.022238
0.0217376
0.0217459
0.021585
0.0399322
0.0348652
0.0219243
0.0287614
2.01735
7.87035
0.037935
5.23025
0.0218648
5.43288
2.09122
0.130281
0.0217914
0.0218675
0.0221965
2.92806
0.0278373
0.0294742
0.047451
0.544835
0.0432312
0.0222869
0.0221486
0.0757789
0.0220054
0.113423
0.0263134
0.0330291
0.021761
1.28408
0.0346093
0.0219509
4.4148
0.022286
0.126189
0.0224494
0.0220358
1.30389
0.0598594
0.045494
0.0218977
0.0217705
0.0217122
0.0216089
0.0222877
0.109316
4.77393
0.797198
0.0487781
0.0877199
0.0217915
0.117327
0.0222784
7.73935
2.65765
0.0268006
0.021888
0.0218356
1.89781
2.08642
0.0250662
0.152069
0.0346559
0.0222265
1.73178
0.0221915
0.102349
13.1993
0.0226185
9.20953
0.021408
0.0228086
0.045806
29.8013
0.021806
0.0247149
10.4807
2.62434
1.2729
0.0217395
0.022221
2.16656
7.73106
4.52604
14.805
0.0592816
0.0221964
0.0218184
0.0227344
0.021698
0.0221565
2.96244
1.44945
4.70516
1.97595
0.0215152
0.0216795
1.99312
0.0294514
0.0225895
0.0217228
0.0221307
1.38311
0.0488006
1.69442
0.0222322
0.0219951
0.0222193
0.0401663
0.0260247
0.023237
0.0260651
5.29744
1.85205
0.0236107
4.09493
0.0220727
0.0221316
0.135934
0.817646
0.021456
0.124975
0.0219431
20.6062
0.0220477
0.768513
0.0222953
0.0384936
0.0218025
0.0225619
0.0236923
0.132448
0.0717544
1.4951
0.0220081
0.022198
0.0215279
16.7934
5.56768
0.0248146
0.142524
0.0882522
0.0237796
0.0286275
4.18128
0.0466715
0.0215619
1.87928
4.974
0.133288
0.022274
0.0217082
0.0222135
0.0220209
0.0508592
0.0222714
0.0221664
0.0285698
2.36677
0.0222491
15.8762
6.91909
3.04306
0.0845869
6.76332
7.16019
2.28402
1.27569
1.43993
1.19089
0.0733975
0.145913
0.0218218
0.706489
0.0219762
15.708
4.34105
0.0214745
7.67461
0.0464574
0.02171
0.157561
1.75808
0.0217903
0.0702472
0.0218271
1.5035
4.95354
5.42627
0.0220617
6.06586
4.83954
9.32566
0.058523
0.0454938
2.45832
0.0215087
1.46228
4.0302
1.9982
0.0220855
0.0266076
0.0216265
18.6721
0.0220318
0.797141
0.0405918
0.0298177
3.8846
0.0252357
0.0221857
0.0219681
0.0220446
0.022569
10.4634
0.0218954
0.0283024
19.2238
5.4356
0.162108
0.0230525
0.0369953
2.82131
0.0216087
0.0225235
0.0245096
6.32151
0.0258549
0.708144
0.0222693
0.0216184
0.0830024
0.0492328
0.0403413
17.2306
0.0217405
1.72553
0.0267369
0.02203
0.0538108
0.927429
0.022147
14.7183
0.0308725
0.732806
2.15967
0.190287
0.0219005
14.0339
8.02833
0.0348243
0.0277428
4.26263
0.342673
0.0219149
0.021848
2.652
0.021709
0.021592
0.0234091
0.128535
1.72983
0.0215736
0.0392772
0.0851506
0.091596
2.31979
0.0219303
0.0223741
0.0219193
0.0222659
7.93819
1.28817
0.0541975
0.0219592
0.0214386
0.149325
0.0220971
0.0258556
2.7669
0.0225447
0.0255455
2.19329
0.0218231
0.0220374
0.0288835
0.0221731
0.0219071
5.88536
0.0794407
0.118346
0.0222111
0.0229847
0.0479194
0.0565993
0.0222395
0.0514127
0.0215089
0.0258188
2.08017
0.0225968
9.60111
0.0214645
24.5508
1.84836
0.021791
0.0289646
2.93382
0.0268741
1.5329
6.14805
0.0222951
0.0393736
0.0218175
2.86215
1.12387
0.0220771
11.4244
0.0222977
0.021804
5.73722
0.121211
0.61367
3.51252
0.141936
0.0216988
1.57532
0.0218443
18.4722
0.0225771
0.124724
24.793
0.0222454
0.0217353
0.0405531
0.0215423
0.507157
5.0793
0.0218393
0.0216653
0.021781
0.0216871
2.06493
3.45634
0.0412687
0.896874
0.0289861
0.0273288
0.0244391
0.0355843
0.0303551
0.0215389
0.0223494
0.0216672
0.0218338
0.0253728
0.105142
0.0222522
0.357405
7.67165
0.02168
2.51321
0.0216095
0.821911
0.022959
1.31481
2.77851
0.0221623
0.253434
0.0222863
2.04433
0.801619
0.0222187
0.0222689
0.100154
0.0324243
0.022225
0.0452969
11.1472
0.0222833
39.7523
0.0236581
0.02187
0.184187
1.86521
0.0234832
0.021885
0.029877
0.0220811
0.0424368
0.0217649
0.0218877
0.0214998
0.0222388
1.80395
0.0281447
0.0222285
0.0217488
0.0293835
1.50136
3.11635
0.144738
0.0216948
0.292362
0.0445637
0.0214375
0.022015
1.70163
0.0222508
0.0217625
30.5893
0.0321762
6.32024
0.0229634
0.0493648
6.07595
2.19174
0.829331
0.0218393
0.0803745
0.0221626
0.0233798
0.0216546
26.0144
0.0597569
0.0217939
2.41256
2.51923
1.28659
0.0219955
3.76927
0.0227075
0.0224242
0.204687
10.684
0.0271319
6.00332
0.0909726
5.66908
0.0216669
0.0317325
0.0763026
0.0220915
0.0222064
0.501232
0.0398629
10.8278
12.8538
0.0218264
17.317
0.0268412
5.80913
0.0221801
2.67412
1.31233
0.0927498
0.0222195
0.0219265
5.85761
0.0220743
0.0216319
0.183988
0.0326191
0.0219202
22.0246
0.0219601
0.0217625
0.0221814
0.0221906
0.0216422
0.0219731
0.0216366
4.48848
4.73143
0.0225776
0.0215873
0.0220041
0.0218863
0.0295066
0.0217674
2.90903
0.0344578
1.86026
0.0313296
0.0304203
2.64949
0.0218366
0.0995352
2.95089
0.026155
0.806288
7.77487
1.96307
0.0214217
0.0220462
0.0218641
7.42607
1.27932
1.69465
7.99688
0.0340855
0.0218346
13.6035
0.031818
0.0223889
0.0218984
0.0223875
3.66874
0.0367237
0.514033
0.0218963
0.0221877
3.7953
0.0216963
0.023287
0.0218136
5.34042
0.0216141
0.0218269
0.0801413
0.0222163
0.0221715
0.0257224
0.101786
0.0397186
0.785695
0.0879493
0.0222462
4.19377
0.034321
0.0217885
0.022005
7.46558
0.0219848
10.1327
1.81753
0.0216436
4.19241
0.0218089
1.4796
0.702822
1.56376
0.0548284
0.212216
9.78767
0.0394112
6.7451
0.711717
0.0219285
0.0217764
0.0646637
0.0782268
5.81317
0.0289403
0.0300141
0.0219872
0.0230561
0.0218991
0.033511
0.0483198
5.36262
0.0542184
0.022194
2.43733
0.0428876
0.0220798
0.0219274
0.0218717
0.021553
0.0234492
0.0222313
0.0491135
0.0349362
3.15135
9.64448
2.36317
0.0217585
0.0218644
0.0407061
0.0272888
0.0217514
0.026838
0.021659
1.34501
0.0219567
0.082843
7.15015
0.0222122
0.0220165
0.021879
4.63939
0.0853004
0.0644037
1.27906
0.0219439
0.0236388
1.62145
5.38568
0.0222309
13.4168
0.0230563
0.0574027
1.65077
0.0218676
0.0221483
0.0221543
1.61388
2.79924
5.36525
21.0234
0.0222514
0.0220654
0.0219731
0.11285
0.0221509
0.0217438
0.0224564
0.0217911
10.3747
0.0222927
0.0222917
1.96384
0.487291
7.70872
0.0276271
0.0309284
0.0348412
0.211281
0.127138
1.34998
1.49734
0.610164
0.0218457
1.5014
0.0217729
0.0251573
0.0221112
5.10128
0.0215615
0.0218118
0.0221082
0.0222686
7.27781
0.0228129
0.022294
0.879712
20.0691
0.0218671
0.0217669
0.075746
0.0217117
0.0221413
0.0218184
0.0218934
0.0366198
0.137046
0.0289561
0.301157
13.2666
0.0261799
2.93283
0.132407
0.0319673
1.60413
0.021676
1.59802
3.39102
25.4652
4.6514
1.30256
5.26931
0.0356831
0.0219243
0.0233169
0.021873
1.56406
0.0219265
1.31268
6.95712
0.0221806
6.52591
0.0735221
0.0217457
25.3379
0.124295
0.0214733
14.0061
0.0226136
0.0349336
4.68473
0.0239126
0.185775
16.6004
0.0216024
1.29855
4.06808
0.0220816
11.297
0.021715
0.0529846
0.0220108
0.0218774
1.27149
0.0218113
0.0220393
1.208
19.0055
5.67897
0.0219301
2.44654
1.29958
0.130304
1.56319
0.0217085
0.0218473
1.65388
0.0217611
0.0217478
0.0222103
0.0223505
1.34667
20.289
0.0462939
0.0216532
0.0299441
0.0219571
8.88306
0.0221635
0.026188
8.37645
6.62954
6.78599
4.48225
0.284108
0.0219062
6.4313
0.021846
8.13739
8.76034
0.177657
0.022417
0.0221626
0.470264
0.02182
2.19024
0.0217801
0.0215493
0.0216053
7.22402
1.77836
0.0218632
0.0214221
0.185317
7.56449
6.29485
10.0157
0.0218974
7.70639
0.0258572
0.0220794
0.0325598
5.7468
0.021934
0.0228593
0.0219293
6.08802
2.68052
0.0219865
0.0220805
5.8914
0.0800951
4.79282
9.14111
3.14645
0.301718
0.0586748
0.0219219
15.1126
0.0218085
5.25622
0.0221718
6.25037
0.021843
0.0499539
1.20662
0.651611
6.97569
0.0219017
0.114497
0.0258699
0.0219564
0.0648302
0.0219279
0.0459865
0.0221362
0.0218765
0.0220948
0.0509109
0.0291429
0.0214399
0.0220307
0.0217223
0.0997485
0.0221294
0.0591006
0.0217054
0.0225811
1.60007
0.0237697
0.0775893
0.121469
0.0217536
0.0218169
33.7509
0.114364
0.0216695
4.47927
0.0216547
0.0219349
5.86172
0.0214172
0.0222003
0.0422926
0.0224825
0.178271
1.35812
0.725627
0.0903978
0.0221433
11.3723
0.0222944
0.0222727
0.149226
0.0244901
31.236
0.0219068
0.0215526
0.0221318
19.243
21.0255
0.021812
0.0285422
0.0222486
0.0617401
0.0217018
0.0218948
9.47388
0.0222501
0.021869
1.77363
0.0224963
1.3191
0.0219412
2.34715
0.0219506
2.76619
0.104741
0.0222309
0.021959
0.0222507
0.0226398
5.27754
0.036513
0.0543935
8.00482
8.4101
0.0219888
0.0225301
4.51918
0.0961535
0.0224289
0.0221703
0.0219421
0.0557982
0.0396096
0.111717
0.0318905
0.0216781
0.0219789
11.4842
0.0222916
0.0218538
0.0256298
0.0353705
0.0219855
0.021977
0.0243116
0.0443189
0.0216677
2.01177
0.0217487
0.246337
0.0214215
2.12778
0.0216116
0.0239976
5.86379
3.87212
4.39265
0.708982
3.08262
0.0219476
6.34385
0.0217104
0.0216763
0.0404909
2.50514
6.44161
0.021598
1.51424
15.1842
1.33708
0.0222639
0.0218126
0.0217623
0.0224518
1.39208
0.10935
0.0736979
3.08113
0.0223427
0.0214368
0.0216626
0.0218225
0.369482
8.38993
0.0220836
19.8811
0.150765
0.241522
0.0613439
4.61122
2.61731
0.0217389
0.021995
18.3223
13.96
2.83829
0.0221795
0.178912
13.7369
0.0215484
0.0221921
18.9417
0.0216853
0.1369
0.13742
0.0232261
21.1389
0.0219344
0.0735875
14.4575
0.0280151
3.27633
0.0219359
2.64347
2.84884
0.0218568
18.7501
0.0216972
0.030861
0.0219072
6.45983
2.83342
0.028576
0.0215332
14.7326
0.0222874
0.0214691
0.0218808
0.0285487
2.57722
0.0215006
0.0232303
0.0217654
9.8595
5.10099
0.0236653
0.197895
0.55679
0.130704
0.118298
0.0221913
0.0569067
0.0282958
20.7669
0.0242268
0.0239035
13.956
0.0347316
0.122564
0.0290282
0.0220433
6.16131
0.0219495
0.0219899
0.0217561
2.22843
0.0219369
2.11744
0.0221267
1.51712
0.0220688
0.0346662
4.66921
1.66625
0.0217084
0.0222619
0.0221571
4.84923
0.0216531
1.48449
0.178589
0.882976
0.021954
0.0215117
1.90971
0.098806
21.065
0.0330976
20.009
0.0304964
0.0220287
0.0219504
0.0758807
1.52289
0.0218926
0.0368819
0.021899
2.88532
0.0218644
0.136557
4.06073
0.0217166
0.0214561
0.0859773
0.0217802
0.370669
20.8162
0.0222243
0.499472
0.258568
0.0497156
0.0215906
0.0218065
0.0437942
0.0400309
0.0262792
0.0552006
0.280081
0.0220926
0.0326285
0.0504613
0.0217938
0.582988
0.0227211
3.29247
14.4374
0.0221092
0.0230684
1.84681
17.5159
6.11617
4.06469
0.0217402
1.30602
0.625783
0.0216891
0.027472
0.021872
0.0219763
0.0216588
0.0220045
0.0225351
0.0447618
0.0215834
0.0230283
0.0287161
1.54694
0.022335
4.56246
5.59826
0.0216382
0.022093
0.0220647
0.0220982
4.27041
0.624491
0.0222407
0.0218659
0.0219604
0.0222691
0.0219684
0.0249355
0.02174
0.343693
0.58236
8.52151
0.0284508
0.0222384
0.0276915
0.0245135
0.0220045
0.130482
0.0222457
9.77397
0.0319506
0.333977
0.0222876
0.022094
8.53731
0.0219217
0.061246
0.0220607
0.137861
0.0858705
0.0954622
0.0221737
0.0248725
0.676988
0.0218985
0.0222151
0.0243147
0.0220698
0.0217356
3.00723
0.61526
0.021749
0.0218077
2.13435
0.136807
0.0218572
0.0219725
0.0566529
0.0228454
0.0289797
2.58549
4.74317
0.0234067
0.0565269
2.84115
0.0219296
0.0221935
0.0219504
0.0217718
0.0218592
1.39168
6.36283
5.09821
0.0251576
0.0396982
0.0219075
0.0222594
0.0278759
6.00526
0.0537972
0.027434
0.0644694
0.0860942
6.03528
0.0219986
0.615153
0.0455598
1.71632
0.0375802
0.0217915
0.698912
3.14417
0.0352782
7.76401
1.04482
0.0217165
0.0655865
1.81184
0.0215647
0.0222328
12.7465
4.94242
0.0214859
0.0218314
0.125393
0.0215886
4.44455
0.0216591
0.0218805
0.0220985
1.43834
0.0311884
0.0803498
8.00491
0.0847252
0.0306566
5.83403
0.0216724
0.0216718
0.0218928
0.221761
0.742297
0.0531016
0.0250137
0.021844
0.0218857
3.66748
0.021926
0.0220045
28.6112
12.2976
0.429921
0.022008
2.46303
0.0219307
0.0220482
0.295727
0.467411
0.0219639
0.862249
0.0219213
0.0231344
0.0288
0.0238515
0.0218447
0.021595
4.6833
5.19932
0.0217239
0.0216536
0.16623
0.0321932
0.0220821
0.02739
0.0223748
0.0218087
0.0425031
0.0216793
0.0222491
2.40424
10.2017
0.0270408
0.0219463
6.6987
0.0214062
0.0217264
5.18973
0.0220239
2.60329
0.193099
0.0275482
7.93905
0.0219102
0.0218369
0.0218953
0.0218043
0.224059
0.0293247
0.0219286
0.0219322
2.2583
1.50638
0.0217532
5.51488
4.54249
0.0219676
13.3534
5.39936
0.0298058
0.0220145
17.9141
0.0220219
0.0218807
0.0218565
0.0218226
0.0220674
0.0877263
0.101326
5.26722
0.0223386
6.08103
1.21229
4.56423
0.0220705
0.322912
0.0217263
0.0309643
8.75615
0.0219292
0.0788342
6.24825
0.0269708
0.0418407
0.117337
0.0214658
0.0218563
0.0608151
0.0220003
4.69618
0.552796
0.0221809
0.0219456
0.028182
0.0221493
0.054254
0.0221258
0.300167
0.0218704
0.0218109
0.0633218
0.0334708
4.09918
0.142791
0.0236377
2.01574
0.0929781
0.199501
0.0222135
0.955492
0.477905
0.0221124
1.28454
26.5021
0.0217873
0.0222945
0.140595
0.121526
0.0218142
0.0454116
7.58354
0.0214759
0.0221661
0.0462461
0.0222183
0.0583269
0.0221676
3.49874
1.53966
0.0426009
5.01655
0.0215187
0.686109
3.57825
5.07163
0.0334929
0.0217877
0.023103
0.108023
0.0220857
0.0216408
0.0222491
0.249206
0.0219175
0.0216947
0.0222665
0.0214757
0.0227526
2.6912
4.48499
0.0221995
0.0218142
0.0218586
0.0220259
0.264986
0.326847
6.91272
0.0776499
4.47356
0.0220164
9.51148
0.596659
0.0310344
0.0220733
0.0391322
0.0220209
0.021918
0.0214863
0.0884589
3.32709
0.0218508
0.130498
0.0967596
0.0350197
0.0221472
8.46918
0.0221597
0.0242006
0.119348
0.334343
0.0224137
0.0220759
0.0216274
0.0235036
1.65294
0.0225303
2.04362
0.0221956
0.0218941
1.34199
0.0232393
0.0219521
0.0222358
7.58608
0.0222172
0.124574
0.0326404
14.0952
0.113295
5.76427
0.0218788
0.0226156
0.0216997
0.0218221
0.0280909
0.0220998
0.0219279
5.25392
0.0222855
0.0225621
6.8553
3.17426
0.0218474
0.0607512
0.0217505
0.0214777
0.0232587
0.0216507
4.83166
7.92798
0.0214483
0.0221619
0.0769098
1.8512
0.0220258
0.0557367
9.82681
0.0220748
31.2488
0.0228207
1.5178
0.0222231
0.997908
5.33121
0.0218575
1.28289
0.0241479
0.0216507
0.022051
1.24135
3.42284
0.0651004
0.0221724
4.06442
0.0219975
0.023127
0.0219377
13.9125
0.107767
0.0452573
11.4844
0.0218144
1.39209
13.8652
8.37753
4.56881
0.0376374
0.0374401
5.8681
0.0219889
0.0231148
0.0777955
1.91308
0.0214583
0.0222852
0.021902
0.0219564
0.0219839
0.036609
0.380537
0.0218477
27.437
0.0219085
0.0233428
0.0220359
0.0603902
2.08269
0.0221655
0.0217266
0.0554855
12.3782
1.23979
13.1149
0.648365
0.0218752
0.0218562
0.0215024
3.97328
0.0228649
0.0221332
19.8424
0.0219926
0.122805
11.8992
0.0219595
5.1524
3.21489
0.893172
0.0582194
0.122619
16.4428
0.296903
0.0219138
0.0216529
0.0370902
0.0224212
0.0573665
30.0487
11.4585
0.0314012
5.3025
1.07219
6.76999
0.0214526
0.0221801
0.0219455
0.0217087
0.0220943
1.5732
1.60326
0.0221188
3.3492
0.0221103
0.0219128
0.497792
0.021787
0.693513
1.35396
8.87964
0.0217379
0.0218693
0.0222469
0.0222439
8.99471
0.0219712
0.0268603
0.0224543
0.104988
0.0243052
0.022235
0.0219444
4.37336
0.021674
0.565795
0.021866
2.6898
0.0220307
0.021955
0.0234839
0.758993
0.0216865
0.0221641
10.7376
0.0219126
0.0390832
0.268747
1.1082
0.0391041
0.0217626
0.0219283
0.807721
0.0295748
0.021697
0.104715
0.163054
1.97864
0.0219692
0.02201
0.0219341
0.0217539
0.0220378
0.0224746
7.37439
0.0229244
12.2152
1.37275
0.0429567
0.0232483
0.0218613
0.639634
5.14603
0.0217226
0.0220772
0.100674
0.0222744
0.0230856
7.75531
1.77332
0.0218894
2.15618
0.0230067
3.42197
0.0217264
0.0220182
0.0218989
5.26132
0.021647
0.021897
1.54103
0.0218565
0.0364566
0.0720362
0.021913
12.6548
0.027471
1.73922
1.27969
0.0219435
0.0222535
3.08293
0.0218421
0.0220909
0.0219753
0.0299729
0.0220753
9.90445
17.6673
2.2531
2.10312
0.021729
6.51206
0.021864
1.91848
0.0273597
0.0311
0.0221019
5.73582
0.0220585
0.0229679
4.57084
0.0217354
0.0429476
0.0357105
0.0222791
11.2771
0.0217399
4.13814
0.02823
0.0219809
0.0218533
0.0214663
1.44178
0.0217497
1.28691
0.0222666
0.0254777
0.0239525
0.0263054
8.61594
0.0220937
0.0246265
0.168053
0.0535438
0.150705
0.0220559
0.021867
12.2425
0.0214476
7.87262
0.0330626
0.0218627
0.0219032
8.18394
0.357771
0.0222619
7.53404
0.0218278
0.0231109
0.021822
0.061945
0.0237074
0.0607584
3.13732
0.0218934
0.0217194
0.0219321
6.63586
0.021883
0.0226317
1.37728
0.0218768
0.139197
0.0220973
0.0281309
0.0220405
0.0222818
0.022363
0.198817
0.0356183
0.0218068
0.132951
0.0221062
3.42968
0.0219647
0.14594
0.0219355
0.0219065
0.0219338
35.5478
0.0278259
0.0224337
0.341619
0.0223313
0.0315661
0.0227676
0.0256937
0.0222729
0.0218962
0.022279
5.13868
0.0219776
0.0218243
1.72178
0.0220042
0.0217688
0.021969
1.35295
0.0222055
0.0547528
0.0294242
0.49444
0.0222109
0.0471029
0.0217299
0.0222966
0.0281168
6.46147
0.0222926
0.0216871
0.0219227
0.20272
2.87769
0.0226022
0.0218519
0.021903
4.79722
0.0216212
0.035134
0.0432182
5.44518
0.0222948
0.021704
8.30933
0.0226121
0.0525989
0.0306635
0.0214616
0.0414647
0.0219829
0.0283777
0.0215171
0.0217575
0.0219332
12.6635
0.0220122
1.55001
0.0216885
6.36518
3.70103
0.250998
0.0220102
5.99319
0.401637
0.0336726
0.0219884
0.0326818
23.8966
0.0220702
4.65156
0.0222558
0.172886
0.0255464
0.0222149
0.140553
3.41104
0.0218272
0.0251045
0.021924
0.034076
0.0218537
0.0217204
0.0220411
2.75271
13.9918
0.0222912
0.0219338
0.0220343
1.31937
0.0219266
0.130137
0.0221327
2.66287
6.08913
5.65473
0.0442143
0.0222519
0.0220897
6.96317
0.0220361
0.0373301
0.0222661
0.035523
19.5663
3.21476
0.0222869
0.0216744
0.0321832
3.55953
0.0701111
0.0218124
4.35896
23.6313
0.0216229
1.41979
0.0215165
0.0459163
0.0219262
0.0227533
0.0222856
0.0356169
0.0219766
0.0215076
5.32756
0.0243299
0.0228236
1.37142
3.11994
0.0220321
4.87487
0.0220994
5.07968
0.0247468
0.0215237
0.0215869
0.0220161
0.0266081
0.387902
1.07889
0.0220063
0.0226832
3.94175
0.0220422
0.0216249
0.021861
0.0219826
0.429626
0.021929
0.0216215
0.021638
4.81287
0.0222667
0.0219272
0.0216534
2.0103
0.0221636
6.17591
8.96091
0.0219099
6.19739
32.459
0.0221658
0.0604458
0.12141
0.0215825
0.0216957
0.0233742
0.0220102
6.90823
0.026705
0.0221145
0.021648
0.0218906
0.0220293
0.0219038
0.0222292
2.20764
0.0216531
0.0218549
0.0274379
0.0219186
1.41885
0.0218769
0.0220563
0.0221152
0.0221432
2.15068
5.04716
1.30397
2.41947
0.0224773
7.34846
0.0218505
0.0216169
0.516606
4.32221
0.0222142
0.0219823
0.083361
0.160644
4.70304
14.5379
0.0460454
2.44355
0.022915
5.57778
0.0219047
0.0265922
0.021864
3.49863
0.0219397
13.1066
0.0222536
0.0243184
0.0221463
0.02286
0.456666
0.0216167
0.0214905
2.90268
0.0564612
0.0222464
0.0216582
0.021611
0.0230573
0.022255
0.0222455
0.0218763
20.4896
0.0218252
0.0226663
0.022255
0.0216111
0.0217131
0.0373405
0.0222971
0.0398682
0.0221649
4.68985
0.0217233
0.113753
0.0755766
0.0218023
0.932125
0.0214766
2.08776
0.0220457
0.0220196
0.0219163
0.0215944
0.10704
0.0218595
0.0226069
0.0215853
1.62503
0.234435
0.022025
0.022271
0.895662
2.10604
34.338
0.404266
4.00292
0.0218458
0.0218641
0.0370586
0.0222429
33.6111
0.0222581
0.100738
0.0219003
0.0222472
0.0295666
0.0215377
0.0222506
0.0418918
1.92041
0.0216669
0.0215822
0.0222091
0.0219716
0.0220338
0.0216674
0.0219432
0.0218674
0.0308744
0.0573481
5.99285
5.64971
32.4605
0.0215917
1.93103
0.0218999
0.13706
1.02629
0.0220334
2.40441
0.0218689
1.63586
5.98773
0.0779164
0.0220857
19.3138
0.0242449
0.16754
0.0227319
0.0307627
8.23549
2.26166
0.546542
0.0246485
24.6897
0.24445
38.7608
0.027924
13.929
41.8043
11.6855
0.0216517
0.0222741
1.28282
0.0214856
0.0219482
0.435055
0.0219847
0.0220975
0.0376409
8.08659
1.27523
4.66869
0.0218729
0.0218321
0.0222075
7.08803
1.64537
1.76367
0.0257282
7.34309
0.0218919
0.0327257
1.96958
0.0257035
3.18597
0.022491
0.022234
1.29232
0.0218103
0.932331
0.0219535
0.0226474
0.0449853
0.0217935
0.0241734
0.085816
0.0222666
5.86678
0.0218794
0.0214809
2.4479
0.02262
0.0219122
2.09995
0.0946525
3.99723
2.5604
11.1649
0.0224278
0.116902
5.93053
0.103766
0.0299017
0.0224332
4.58095
0.0217683
0.0220582
0.164931
0.0913133
0.0438229
0.0224251
0.0222311
0.0218252
1.28255
0.0515371
1.85365
0.0222712
12.3731
0.0218714
0.0451503
0.0243247
0.0217738
0.418801
0.435445
0.0341418
0.154223
3.79586
0.0222725
0.0239124
0.0279422
0.0327883
0.0225432
0.0282652
0.0278045
0.122979
0.0215551
12.2234
4.65516
0.0225462
1.88381
8.04563
1.86426
0.022271
0.0216088
1.80782
0.0219404
5.1956
0.0222309
0.0222724
1.90464
0.0239483
0.0219824
26.9803
0.0267959
0.0823108
0.0219025
4.49578
0.0658069
0.106552
0.0373768
0.0225963
0.132186
0.0226284
32.1734
0.0269603
0.393641
0.641823
3.93072
0.166566
4.64899
0.0250943
0.0850242
0.0372373
0.71629
12.9749
0.021814
0.470596
0.0220486
0.0218915
2.8551
0.0691144
0.0216435
0.0779526
2.85583
4.94457
4.97784
3.73456
0.0751114
0.0222635
0.0242868
0.0217014
4.48975
0.0220677
1.92784
0.549564
0.0244261
2.27322
6.7201
0.0216634
4.08169
10.5029
3.55231
0.021974
0.0219112
0.0223678
0.0456328
0.022273
1.87921
10.5419
0.042544
1.93626
0.0228481
2.46057
1.29123
1.43168
0.0220995
0.909521
0.027417
0.125286
0.0327179
0.243868
0.0390384
3.35745
0.022248
0.0218467
0.0216336
0.920626
3.76298
0.0219282
4.48682
0.075048
0.110494
0.0218673
0.123467
0.0221604
2.40245
1.7393
1.6781
0.174454
4.56473
0.0761835
1.67391
0.108904
0.022088
0.508451
0.0218292
0.0457237
0.0219483
2.39475
0.0219756
0.0257282
4.52611
0.0494882
0.0458171
0.0820187
13.7957
9.1946
3.34138
1.66332
0.0414032
0.0219106
0.021937
0.0438753
12.9691
4.83016
0.0341592
0.0306263
0.104507
0.0437157
0.162105
0.444355
0.105258
0.0520232
0.0630331
2.12119
0.0216234
7.88266
0.0217518
0.0222806
0.154286
0.0327706
5.9525
24.314
0.147141
1.19931
0.512809
0.0218668
1.3291
1.756
0.0418555
0.0289224
1.82191
0.0395566
0.0486418
2.25551
2.63385
0.0218992
3.45168
4.89082
0.0216945
1.8064
0.022671
0.0216365
0.0214736
0.0321031
0.586312
1.91187
0.523513
0.0608477
0.0578132
0.0415006
2.24626
)
;

boundaryField
{
    frontback
    {
        type            empty;
    }
    topbottom
    {
        type            fixedValue;
        value           uniform 0.0223;
    }
    outlet
    {
        type            zeroGradient;
    }
    inlet
    {
        type            fixedValue;
        value           uniform 0.0223;
    }
    walls
    {
        blending        binomial2;
        n               2;
        beta1           0.075;
        type            omegaWallFunction;
        value           nonuniform List<scalar> 
120
(
22.5667
26.1106
26.6423
20.5747
26.345
28.0296
25.7299
24.8504
25.4309
16.4661
26.5849
28.7165
19.5689
22.5142
28.3669
28.5378
14.322
22.279
12.159
25.4419
24.5333
13.0368
28.8511
25.2565
24.5821
12.8838
18.467
6.61889
22.4514
8.297
8.72007
8.52021
7.48806
7.07639
26.0608
25.9199
12.5303
20.6927
27.6552
25.9016
24.8005
13.7744
24.7894
27.8124
17.0424
27.5067
26.4392
20.2143
30.1955
26.34
26.0603
12.5882
28.4484
25.6566
23.185
27.17
16.5016
12.1711
25.4803
6.25895
6.97576
26.6516
17.3347
25.974
26.146
8.0086
7.7544
8.32727
13.2073
24.2656
27.7352
20.8689
27.4128
29.9108
17.4719
18.5374
26.6481
17.1786
27.4978
7.28913
8.7898
19.5133
7.08459
21.7923
33.4681
22.2465
7.90032
30.3651
8.59065
18.4329
24.5559
3.93935
13.1914
8.67599
9.18946
9.60111
24.5508
30.5893
26.0144
25.4652
25.3379
14.0061
19.0055
31.236
21.065
28.6112
31.2488
27.437
11.8992
30.0487
11.4585
20.4896
34.338
33.6111
32.4605
19.3138
24.6897
38.7608
41.8043
11.6855
)
;
    }
    procBoundary0to1
    {
        type            processor;
        value           nonuniform List<scalar> 
80
(
2.13272
0.037532
0.0220429
2.51128
0.021976
0.0259522
3.53919
0.023934
0.023934
0.0246448
0.021568
0.0250027
0.0353915
0.0328519
0.054886
0.0213986
4.01119
2.97395
3.69151
0.0233696
0.0328519
0.0218504
0.0214137
0.0309044
0.0483731
0.021765
0.0215025
0.021531
0.202308
0.333795
0.0233696
0.0213947
1.93783
0.0214557
0.0221105
0.0214829
0.0214286
0.0214286
0.0216968
0.0287542
0.0214463
0.0213938
0.0483731
0.0214373
0.0876067
0.0876067
0.0424152
0.202308
0.0214328
0.0213899
0.0216007
0.0216422
0.0214373
0.103312
0.153875
0.0229298
2.05306
0.0424152
0.0214677
0.153875
0.0745396
0.0272161
0.0639148
0.124545
0.0213883
0.0214206
0.0214137
0.02374
0.0224421
0.124545
0.0214206
1.47147
0.103312
2.18416
0.745627
0.0578218
1.95975
0.333795
0.0222631
0.0226601
)
;
    }
    procBoundary0to2
    {
        type            processor;
        value           nonuniform List<scalar> 
165
(
7.18009
16.7081
17.2818
0.158164
0.0220291
6.01322
4.21957
7.25215
9.16848
13.1029
16.7081
0.0279939
0.0293062
0.0219727
0.0219959
17.2818
0.0219789
4.83173
2.37904
0.0259767
0.0229551
0.0227657
0.125539
2.92339
8.05051
0.0227657
0.118453
7.8745
3.25573
0.0231576
5.97435
0.0220795
3.02973
3.19734
3.02973
0.0220062
9.3944
0.021946
0.073009
0.073009
8.32609
8.16624
3.18065
0.0221108
0.724542
0.388358
0.0219461
2.15964
0.0456814
2.4507
0.724542
0.0220885
2.23846
0.0252188
3.31058
3.36593
3.2007
0.0245939
0.0241896
0.0221205
7.15648
0.388358
2.41645
0.0219869
0.0220496
0.0220582
5.72143
7.24089
0.0219601
0.0566152
0.0223499
0.0237584
0.0219377
0.02195
3.12838
0.0222937
0.0423241
0.0219626
0.0221439
0.0225931
0.0219626
0.0222674
0.0510172
0.0635185
0.0219601
0.0277006
0.265416
7.27221
0.0219316
0.0219343
3.10301
0.0220038
2.41645
0.022471
0.0315736
0.0221783
0.0264575
0.0898558
0.0510172
0.0219368
0.0328647
0.022214
2.09335
2.9165
0.0220812
0.0394153
0.0220432
2.95263
2.56276
2.68241
0.0222662
0.0221545
0.0219293
3.36644
8.50846
7.88204
7.46343
2.9958
2.67641
0.0234663
8.86987
0.0367341
0.0394153
2.76142
0.0219289
7.8659
8.38871
7.95034
0.0221875
0.034827
0.0219287
2.71347
0.0222525
7.98445
0.0293062
8.15966
0.215944
0.0898558
0.0221324
0.0220207
2.15824
0.0221892
3.19454
8.14523
10.3906
6.04965
3.20338
9.83762
8.20619
7.07836
7.96099
19.0079
7.95095
6.95405
2.08266
9.85851
2.2771
0.0303508
8.82296
33.2676
0.0222255
2.06221
1.35504
7.82513
10.1271
)
;
    }
}


// ************************************************************************* //
