/*--------------------------------*- C++ -*----------------------------------*\
| =========                 |                                                 |
| \\      /  F ield         | OpenFOAM: The Open Source CFD Toolbox           |
|  \\    /   O peration     | Version:  v2012                                 |
|   \\  /    A nd           | Website:  www.openfoam.com                      |
|    \\/     M anipulation  |                                                 |
\*---------------------------------------------------------------------------*/
FoamFile
{
    version     2.0;
    format      ascii;
    class       volScalarField::Internal;
    location    "400";
    object      V0;
}
// * * * * * * * * * * * * * * * * * * * * * * * * * * * * * * * * * * * * * //

dimensions      [0 3 0 0 0 0 0];


value           nonuniform List<scalar> 
9793
(
0.033424
0.00144294
0.0892136
0.00114519
0.186484
0.00698901
0.00914677
0.00216155
0.0527324
0.0015463
0.161458
0.136389
0.140595
0.00495622
0.0888934
0.0379237
0.0166848
0.0864747
0.00167731
0.118647
0.103322
0.179901
0.00189873
0.0017151
0.00449403
0.0228221
0.140602
0.203557
0.0981976
0.00864737
0.00129543
0.0061685
0.102239
0.101929
0.167118
0.0217321
0.0388073
0.0205783
0.00363616
0.0220429
0.0106058
0.00413913
0.00176045
0.175114
0.0819307
0.113156
0.00153425
0.17028
0.0767289
0.097423
0.028115
0.151184
0.0187098
0.173863
0.0170179
0.00197648
0.134597
0.0120099
0.0681545
0.179812
0.0179942
0.00547067
0.092706
0.0274639
0.167901
0.0603523
0.00131352
0.0330934
0.0386057
0.00337027
0.0469071
0.00431812
0.00185632
0.0166357
0.00494637
0.161975
0.0113841
0.00367755
0.0852389
0.156584
0.00738887
0.00200836
0.0146372
0.0320198
0.0369435
0.005878
0.15897
0.018934
0.0035955
0.00578024
0.00205331
0.00336392
0.00433446
0.0159351
0.00216687
0.0941511
0.0046105
0.0129294
0.0285529
0.187378
0.00364437
0.0201691
0.0156424
0.0877333
0.00548254
0.00275569
0.019476
0.125111
0.0863741
0.18035
0.143419
0.00201184
0.00182106
0.00118391
0.0518409
0.13007
0.0498844
0.0990422
0.00185309
0.0824109
0.00669077
0.0192398
0.00367375
0.0182033
0.0457334
0.0929119
0.0127504
0.00150597
0.0109369
0.0123128
0.0340391
0.101999
0.0362953
0.0366419
0.0295265
0.00596597
0.0063834
0.0410935
0.178171
0.00888564
0.00193524
0.0206061
0.0603722
0.0182446
0.00147082
0.00356577
0.0956749
0.00210635
0.0849508
0.0826074
0.144103
0.00245561
0.0350141
0.116262
0.0576455
0.00368497
0.0128382
0.0965553
0.00486702
0.0584259
0.0180253
0.0332186
0.0787438
0.00233487
0.0594846
0.00411508
0.0156348
0.0517042
0.134626
0.169262
0.0495782
0.00171435
0.00186485
0.00644654
0.127045
0.00794274
0.00588012
0.00231204
0.0995047
0.0337608
0.00699736
0.00142879
0.0165687
0.0985475
0.100894
0.12796
0.00489909
0.0017978
0.00228924
0.0146012
0.0567856
0.00107128
0.00208502
0.020363
0.0678708
0.0321118
0.00197699
0.1054
0.0664353
0.148044
0.0496754
0.0636464
0.0248531
0.0312681
0.00217886
0.0512886
0.0209472
0.0483599
0.0417067
0.00287901
0.0123633
0.00196973
0.108936
0.00259829
0.0295316
0.028961
0.0708653
0.00642339
0.136841
0.00880288
0.0109161
0.0795042
0.00192831
0.0081352
0.012398
0.0918188
0.0170125
0.0114138
0.00866042
0.00641434
0.00240017
0.0124135
0.031683
0.0225616
0.00232356
0.0806434
0.00124816
0.00139931
0.101935
0.153862
0.00467575
0.0765255
0.116366
0.0123744
0.0119593
0.0598919
0.0274875
0.0192527
0.0146387
0.028159
0.0936935
0.0121884
0.00176537
0.0924812
0.00848071
0.142141
0.15682
0.132643
0.00199699
0.0765149
0.00317845
0.00312256
0.162403
0.125852
0.0042154
0.161075
0.155091
0.159247
0.00248731
0.00329658
0.0242934
0.00356166
0.011502
0.0158503
0.00149767
0.0523225
0.00123927
0.17621
0.0124586
0.00109339
0.00462616
0.0053791
0.0117254
0.0340086
0.0141546
0.0321865
0.0741423
0.0418744
0.00363199
0.017012
0.108971
0.170692
0.0861251
0.135327
0.0914471
0.000958623
0.12589
0.0825902
0.109873
0.116012
0.00136794
0.00311974
0.00555162
0.0301707
0.0170872
0.14944
0.0163009
0.00212915
0.0745927
0.00462861
0.0270033
0.0762695
0.00124248
0.0155572
0.0998451
0.0121096
0.001243
0.0454447
0.0106512
0.085472
0.0423688
0.0106885
0.0140132
0.110203
0.0884916
0.0330207
0.00501205
0.00144877
0.0751742
0.119405
0.0635544
0.0014406
0.00162881
0.00200316
0.0801061
0.0125691
0.0106723
0.00211395
0.0105622
0.0789986
0.0742159
0.0714623
0.0144507
0.0554694
0.00156862
0.104873
0.106347
0.00918008
0.00130569
0.00255118
0.15196
0.00305823
0.0299423
0.00119794
0.00204944
0.00203
0.0313353
0.0167047
0.00614729
0.00201413
0.001764
0.0116782
0.199211
0.0212132
0.070537
0.130426
0.0554353
0.136945
0.172335
0.0021686
0.154445
0.0122147
0.0214335
0.00758693
0.0668155
0.0283
0.00128477
0.00274262
0.00581988
0.0134695
0.104315
0.0288862
0.0911522
0.00416296
0.145892
0.00316094
0.00556363
0.00710934
0.00159493
0.0111287
0.143936
0.087193
0.005618
0.00421333
0.055684
0.0017648
0.144841
0.13792
0.00143537
0.0973155
0.0112079
0.0788862
0.0132238
0.110191
0.0505848
0.00823041
0.00407865
0.0217099
0.0191868
0.140515
0.0619003
0.00292285
0.0127982
0.100208
0.138401
0.012659
0.0109857
0.0236431
0.00126539
0.141163
0.0765712
0.00351696
0.145575
0.00167496
0.00260002
0.0953191
0.103822
0.0422414
0.162239
0.0736461
0.00419897
0.00719961
0.00379949
0.0135083
0.0450231
0.0168111
0.0196746
0.00195276
0.0175957
0.187773
0.0284036
0.0038281
0.0516878
0.0452047
0.0477133
0.147317
0.111801
0.0695238
0.0955045
0.158491
0.0371775
0.0284888
0.0107479
0.137073
0.00204407
0.0220426
0.00439545
0.00148096
0.0690633
0.0096909
0.00948089
0.065233
0.120876
0.0528743
0.00767512
0.0101324
0.135946
0.115103
0.139103
0.00398151
0.00609048
0.00304562
0.167275
0.0429336
0.0128059
0.00136776
0.00383658
0.0176411
0.0351569
0.00795922
0.00374069
0.00899605
0.0461562
0.0927383
0.00231052
0.0878339
0.00556948
0.00510202
0.108457
0.0041464
0.0233271
0.00212847
0.0692797
0.00209515
0.00531508
0.0372761
0.0044941
0.0873812
0.00226391
0.125893
0.0850681
0.155841
0.0895153
0.004583
0.0827386
0.0769731
0.0313044
0.0843112
0.0905197
0.0115314
0.0432535
0.0236562
0.106734
0.131978
0.00137668
0.00436885
0.023063
0.00726558
0.0317543
0.0515635
0.0722653
0.0645455
0.00208514
0.0734899
0.166049
0.00129687
0.00300575
0.0141926
0.118539
0.170875
0.044464
0.159382
0.00772264
0.041102
0.0146021
0.0366833
0.00158855
0.153479
0.00123398
0.162718
0.00474266
0.0667475
0.0205896
0.00153691
0.131036
0.00361182
0.074021
0.16613
0.0956011
0.00610404
0.00188726
0.0472341
0.0220297
0.0706094
0.00754724
0.116515
0.00958094
0.00228242
0.0156809
0.153447
0.0101795
0.132541
0.0396914
0.0701758
0.012022
0.130136
0.00789129
0.142155
0.0561163
0.0205629
0.00620245
0.00713755
0.080272
0.00126013
0.0819731
0.00562553
0.0644358
0.0573045
0.0933435
0.141492
0.169392
0.00341577
0.0320805
0.00357982
0.00701401
0.0116902
0.0166488
0.00144868
0.0347176
0.00626845
0.00127947
0.00454844
0.00233493
0.00572371
0.00516837
0.0424101
0.00120346
0.023672
0.0623423
0.00336943
0.136842
0.00312569
0.0167743
0.00718656
0.0115947
0.00144018
0.00185711
0.0238835
0.00809146
0.147606
0.00303122
0.0241457
0.0631707
0.0522121
0.0454505
0.0137916
0.00236918
0.00371946
0.00155225
0.0348088
0.0234458
0.00246166
0.00340992
0.0382468
0.0123608
0.0308971
0.00146759
0.0107737
0.0945018
0.00456851
0.00443048
0.00172091
0.135183
0.0229738
0.00282237
0.0245484
0.00430035
0.0182675
0.00800586
0.0210834
0.0332598
0.0624933
0.0666981
0.0119868
0.167504
0.0105626
0.00765467
0.00725988
0.156204
0.151339
0.0428694
0.0472702
0.145813
0.0665146
0.00743176
0.00792568
0.00388841
0.136909
0.00458432
0.127593
0.00135784
0.0214163
0.0102463
0.0113711
0.0056093
0.105274
0.11245
0.0101193
0.0749536
0.0612592
0.0148695
0.00342908
0.0477395
0.012295
0.00485678
0.0249958
0.0109078
0.00432017
0.0681542
0.0130289
0.0311513
0.0441569
0.0954483
0.00504875
0.00490496
0.00184275
0.0501395
0.0794681
0.087229
0.0421654
0.0453476
0.0301352
0.00232107
0.0230224
0.142952
0.00385052
0.0227691
0.0134844
0.0670951
0.00114292
0.0366357
0.117511
0.00589226
0.00156945
0.0920427
0.0955885
0.0909164
0.0356226
0.102721
0.0218686
0.00558186
0.0496323
0.0105702
0.0397542
0.0580578
0.00668689
0.00205106
0.0103802
0.12383
0.0697099
0.00972778
0.0174003
0.00856729
0.0960785
0.0704041
0.00134988
0.0164015
0.0219544
0.010927
0.00696627
0.0804405
0.154701
0.0463261
0.00150895
0.165523
0.16897
0.00204529
0.0118333
0.00512883
0.011178
0.113726
0.00186517
0.123316
0.0700503
0.05985
0.0185614
0.00114466
0.139331
0.073317
0.0674388
0.0857695
0.124616
0.0458315
0.00200289
0.0161621
0.0369015
0.142227
0.0173406
0.00884889
0.0325505
0.0124807
0.160078
0.0830694
0.0364093
0.00168391
0.00718686
0.0427666
0.00158497
0.143548
0.0214283
0.00341486
0.00175797
0.0778445
0.136695
0.00189167
0.012787
0.117382
0.154576
0.00793635
0.165367
0.00994425
0.101769
0.00220238
0.146471
0.150963
0.11587
0.0199854
0.0473478
0.0235006
0.0114745
0.00352932
0.0812692
0.115754
0.147859
0.0675879
0.033602
0.0488292
0.0183486
0.107854
0.0130307
0.00668549
0.0145535
0.0118504
0.140685
0.0604659
0.00121524
0.0112158
0.0919558
0.00860264
0.00127004
0.0572366
0.0733295
0.090415
0.00711019
0.0146088
0.00181209
0.11344
0.0313514
0.135712
0.0363129
0.146247
0.00725409
0.0380646
0.00517023
0.132056
0.00905381
0.134856
0.0362821
0.061675
0.0271361
0.00414958
0.00144057
0.0171999
0.00861619
0.0191888
0.0716053
0.00169237
0.00134114
0.0156211
0.0638139
0.119443
0.00151133
0.08775
0.00084372
0.0770605
0.0266612
0.0516096
0.114054
0.0693494
0.0042628
0.00179569
0.00105782
0.00404461
0.0013419
0.0902327
0.00633837
0.00244567
0.153997
0.0581449
0.114668
0.00777974
0.0908596
0.00193891
0.0126346
0.00860761
0.0515326
0.00362222
0.00117979
0.0018286
0.0189405
0.0196852
0.131078
0.00237973
0.0882171
0.0021478
0.00495074
0.00664069
0.00297679
0.00378814
0.0316876
0.0382236
0.131465
0.0210169
0.00209312
0.00165541
0.107399
0.00132572
0.0354482
0.0106872
0.00381794
0.00414804
0.00465091
0.0682696
0.0189578
0.0227678
0.0405805
0.0379744
0.00713821
0.14742
0.0025071
0.127751
0.0762795
0.00848991
0.0116808
0.00818793
0.033952
0.00210152
0.00258108
0.00413893
0.0118771
0.118873
0.0366413
0.101097
0.0648677
0.003527
0.00971316
0.034596
0.0615715
0.0228619
0.00169045
0.0290491
0.0515421
0.0025745
0.0967678
0.118974
0.0842586
0.0177472
0.0915102
0.0345505
0.00127566
0.0105503
0.169281
0.00122373
0.00410207
0.106002
0.0417011
0.0187522
0.150039
0.124377
0.0825563
0.00278502
0.0161227
0.0423552
0.0174679
0.00994324
0.00320942
0.0462571
0.0069927
0.124974
0.0974467
0.002208
0.00741354
0.011041
0.0515058
0.0846802
0.00147329
0.00368705
0.00525908
0.0013258
0.135466
0.0406029
0.0807443
0.00106592
0.0250115
0.0100328
0.0262863
0.0614066
0.0397447
0.13965
0.119303
0.00882475
0.0975194
0.00653316
0.125085
0.0417637
0.0723173
0.0395911
0.00409293
0.00139318
0.0194844
0.00125256
0.118808
0.012316
0.0316704
0.00467739
0.0629012
0.0734287
0.0144515
0.0143511
0.0125424
0.137492
0.00897556
0.00427478
0.00311694
0.0440914
0.00716095
0.0019348
0.0268324
0.00417393
0.00830177
0.00773951
0.0720648
0.0270944
0.0160914
0.00683908
0.118222
0.0184161
0.107578
0.143992
0.0457422
0.079389
0.0405671
0.0760612
0.00217103
0.024888
0.0358355
0.0112967
0.0862321
0.0615688
0.0145612
0.00462161
0.00535572
0.0103031
0.00641065
0.135427
0.00201677
0.020251
0.00146729
0.00973549
0.132903
0.050632
0.0333339
0.00195527
0.00151451
0.0105043
0.00605311
0.0915984
0.0599395
0.139428
0.135939
0.0012427
0.0237738
0.0615537
0.00789313
0.0026131
0.00569592
0.0366288
0.0144097
0.00630024
0.0171435
0.0243914
0.00239171
0.00539693
0.0520134
0.00431375
0.00724711
0.00795222
0.00311871
0.0195373
0.0370947
0.140761
0.067566
0.0411233
0.0112803
0.00136373
0.0122925
0.162336
0.00542935
0.11413
0.00123282
0.00115934
0.116915
0.00131664
0.145814
0.0720885
0.0485588
0.00377472
0.00225593
0.017462
0.0124217
0.0682978
0.00444121
0.14988
0.0186811
0.127133
0.0371685
0.0617382
0.00711243
0.036071
0.00699877
0.0192995
0.128365
0.00285779
0.00647202
0.0244682
0.0247428
0.0329589
0.00209851
0.00907724
0.0544556
0.0806949
0.0390314
0.0329162
0.00113176
0.00286419
0.00575355
0.0257997
0.0930379
0.00259502
0.00907437
0.0509373
0.00205793
0.0942652
0.00806804
0.00146625
0.0921484
0.0012183
0.0018711
0.00655891
0.00124577
0.00700195
0.0606793
0.0357496
0.00183837
0.00226174
0.0388248
0.00143524
0.0214653
0.0725985
0.108614
0.037012
0.0185878
0.0265185
0.00306772
0.00136356
0.00380069
0.0120305
0.165791
0.00908971
0.0014731
0.081226
0.00128717
0.00953264
0.137126
0.027256
0.140202
0.0457394
0.0127683
0.00163425
0.0354249
0.100891
0.00146624
0.00394441
0.0148158
0.157778
0.0113436
0.0729907
0.126652
0.00753648
0.00346897
0.121282
0.102973
0.00649262
0.00113129
0.00936091
0.0435579
0.00251464
0.0391052
0.114982
0.0446163
0.125627
0.093468
0.101305
0.00205953
0.0158732
0.0195077
0.00177629
0.015771
0.00392764
0.00313119
0.00415009
0.00880348
0.0442319
0.144237
0.0438576
0.134788
0.00711058
0.111676
0.00414979
0.019999
0.00763357
0.0977627
0.00209792
0.00891798
0.0017805
0.128353
0.00172358
0.0251477
0.00847162
0.00582928
0.0179268
0.111613
0.00284264
0.015008
0.00374028
0.0916965
0.00746082
0.0992102
0.00168522
0.00275539
0.0108008
0.0727323
0.0942313
0.00432224
0.00130859
0.0215178
0.0722914
0.00827591
0.00622406
0.01574
0.01689
0.00446164
0.058412
0.0117946
0.0683863
0.0212612
0.0855823
0.00309961
0.0777124
0.0441605
0.00601199
0.00131961
0.129646
0.0116096
0.0259889
0.00595147
0.132848
0.00381688
0.0182709
0.00890463
0.0569732
0.133643
0.00155762
0.0255838
0.00178157
0.0134084
0.00127273
0.0310944
0.0675655
0.0802267
0.0250428
0.019384
0.0200388
0.00116018
0.0340326
0.0155512
0.00778141
0.117699
0.0594257
0.0161622
0.00600196
0.00110308
0.0614706
0.00193391
0.12695
0.00526885
0.00182585
0.0154465
0.0746979
0.0748794
0.0134583
0.00361656
0.0301649
0.1655
0.0425225
0.0161787
0.0415289
0.0024671
0.00158661
0.00136221
0.121492
0.0228382
0.00246097
0.136552
0.00553463
0.0794153
0.00406769
0.0141708
0.061399
0.0090354
0.00360974
0.0460869
0.0134067
0.07054
0.00843164
0.00423537
0.00573698
0.00272047
0.097497
0.0284847
0.0021719
0.0550976
0.00914222
0.0124672
0.033997
0.0858825
0.00262236
0.0153422
0.00306133
0.0456625
0.00608206
0.0445067
0.00250126
0.0209358
0.0278355
0.0133803
0.00203649
0.120943
0.143544
0.00475095
0.00399552
0.00157624
0.00275692
0.0257371
0.0496276
0.0730918
0.0043345
0.118739
0.00678466
0.00657221
0.0112923
0.133205
0.0961454
0.0985123
0.0141405
0.0213455
0.00139146
0.004043
0.00379149
0.00777345
0.11653
0.00149258
0.0433395
0.0165051
0.0390862
0.0143723
0.00761621
0.0676523
0.0903874
0.0168223
0.0973081
0.00989456
0.00427709
0.00134738
0.00532516
0.024276
0.00389576
0.0732313
0.0519907
0.138742
0.00334988
0.00711943
0.0129399
0.00777332
0.00422482
0.0147518
0.0049227
0.06561
0.130416
0.00190881
0.0602147
0.00428549
0.0944675
0.0713288
0.00689894
0.00308072
0.0701111
0.00596568
0.001415
0.0043119
0.0129783
0.0324254
0.0159258
0.0216448
0.00366017
0.0538175
0.00605382
0.00149876
0.0177673
0.0344876
0.094075
0.00223203
0.0691742
0.0745495
0.00422356
0.042383
0.0897171
0.00569078
0.0185418
0.0038718
0.00387603
0.00135313
0.00193167
0.0755229
0.0365479
0.0679852
0.139722
0.0043896
0.0505673
0.00201272
0.0426022
0.00173429
0.0169172
0.0389995
0.102501
0.0282829
0.0178359
0.0709211
0.087116
0.00629819
0.0803251
0.0191463
0.0387987
0.000910716
0.0152199
0.0924441
0.0465897
0.0137219
0.12128
0.107493
0.119028
0.134398
0.0405939
0.0585287
0.0332989
0.0123135
0.0101735
0.00111215
0.00164314
0.00173915
0.0902839
0.14056
0.0452801
0.107632
0.0718831
0.0857498
0.0155986
0.0727671
0.125086
0.138438
0.0953811
0.0483733
0.00134142
0.0442277
0.114251
0.00203913
0.0182997
0.097376
0.00215119
0.00119805
0.120039
0.00350301
0.00296449
0.0544308
0.00806691
0.0185898
0.114579
0.0198366
0.128072
0.0234867
0.140736
0.16056
0.0880156
0.00121228
0.0240986
0.00898344
0.140097
0.14803
0.0017095
0.0167876
0.119928
0.0316337
0.0316739
0.193073
0.00420543
0.00175639
0.00377755
0.00276285
0.00370376
0.0143443
0.183098
0.00204662
0.00592878
0.0397066
0.0122575
0.166028
0.0670445
0.145958
0.0110034
0.00674475
0.117576
0.0998038
0.00816638
0.0929879
0.0034016
0.0533258
0.00167561
0.00614034
0.00787826
0.0973029
0.0213973
0.0128474
0.0155642
0.0457775
0.0121119
0.00476265
0.00659483
0.122186
0.00224848
0.00238745
0.0893263
0.00397
0.00969243
0.00285265
0.0071296
0.0713087
0.0216576
0.0180086
0.102859
0.0264785
0.116747
0.00950551
0.00346481
0.0163203
0.128509
0.00709805
0.00412293
0.00153991
0.0039383
0.0286893
0.0252293
0.0520084
0.059623
0.0174937
0.00780371
0.00189516
0.0762623
0.00270955
0.147206
0.00265144
0.00640115
0.00635471
0.115311
0.0212044
0.0017416
0.00150979
0.0111831
0.00143011
0.0429744
0.0037137
0.122449
0.0749402
0.001453
0.011752
0.0382374
0.0972844
0.00704968
0.00172752
0.00328853
0.00670922
0.0925141
0.115289
0.0923478
0.00148349
0.00156384
0.0798836
0.0156269
0.00589416
0.00893373
0.00449058
0.00191349
0.00134393
0.0105087
0.0802213
0.0448351
0.00224934
0.0896524
0.00833282
0.00173381
0.00210667
0.0205455
0.0124637
0.000848761
0.00193913
0.00157534
0.00186964
0.00379093
0.00371525
0.134238
0.155219
0.0749791
0.0350345
0.00170219
0.00662732
0.00262665
0.00235873
0.007408
0.0559068
0.015798
0.0709712
0.0212067
0.113084
0.0100848
0.00144768
0.00321598
0.139517
0.0945096
0.0262486
0.0129919
0.00541303
0.00182476
0.00931229
0.0527446
0.00504959
0.0912341
0.0043636
0.0110574
0.05712
0.0145273
0.00358513
0.00386865
0.00947144
0.0418271
0.0724123
0.00273962
0.0129853
0.0961908
0.119279
0.145
0.132253
0.00134656
0.00357332
0.00171265
0.00175553
0.001966
0.0240952
0.0605467
0.0112662
0.029381
0.0198271
0.00660351
0.129777
0.00197784
0.00150795
0.0107134
0.0118947
0.00182969
0.0321461
0.00177614
0.0160937
0.00200134
0.0815642
0.0374351
0.0109209
0.00126911
0.00776832
0.00625539
0.00144269
0.0113897
0.00551372
0.00786373
0.00144383
0.0381261
0.0025657
0.00120261
0.0139705
0.00703275
0.00668261
0.0239328
0.0143896
0.131858
0.0183096
0.0182225
0.0101716
0.119105
0.00392299
0.00368553
0.0019906
0.00150087
0.001584
0.0136878
0.00167273
0.00367724
0.123691
0.0163405
0.00935367
0.00434865
0.0233357
0.0172606
0.00319932
0.00433194
0.0907012
0.00345034
0.090061
0.111552
0.000987754
0.0105023
0.00148292
0.00421144
0.00230309
0.00421401
0.115145
0.0185088
0.0399026
0.123748
0.00441532
0.0129794
0.0243198
0.0014667
0.00182361
0.143603
0.0263263
0.00180599
0.0400578
0.00371413
0.00748148
0.00244119
0.00256878
0.00380051
0.00340087
0.00124718
0.00179084
0.00284487
0.00189626
0.0271598
0.0182814
0.00550059
0.00599864
0.00548093
0.00443438
0.145239
0.139475
0.0016943
0.00168727
0.0276681
0.00149648
0.0459448
0.00183895
0.00672818
0.0090018
0.117836
0.00189251
0.00174765
0.0229838
0.0165874
0.00198383
0.00183552
0.00153407
0.00153172
0.0569448
0.00314514
0.00191374
0.0106138
0.00477774
0.0036622
0.107857
0.0230356
0.00100663
0.00410805
0.0295426
0.155536
0.00234579
0.00482149
0.0017969
0.00854602
0.00180472
0.00358999
0.0753741
0.00214457
0.166966
0.025186
0.0469547
0.141972
0.135446
0.0140171
0.00403048
0.0925724
0.00225384
0.0193125
0.00389474
0.00189493
0.00194391
0.121743
0.00633814
0.00174158
0.00170492
0.0185555
0.0570782
0.00315887
0.00445545
0.00431055
0.00681969
0.0194122
0.131386
0.00328246
0.00161203
0.0166532
0.00252278
0.0114483
0.047664
0.00338349
0.00682908
0.00223054
0.0590304
0.0350636
0.00194916
0.00154087
0.00236719
0.00704489
0.00240863
0.00192938
0.00384363
0.10074
0.0017061
0.00901059
0.0701192
0.0917797
0.0677295
0.00136631
0.00718275
0.00268207
0.00226561
0.0258944
0.00360221
0.0204087
0.00163807
0.00277266
0.00237913
0.00146843
0.0017056
0.00321731
0.0751331
0.00823635
0.00726437
0.0186661
0.00311253
0.00440591
0.00165057
0.0975455
0.0308933
0.00568867
0.123153
0.0514656
0.0223704
0.00323885
0.031894
0.037241
0.0022834
0.0174112
0.0066149
0.0022138
0.00403614
0.00398784
0.00443161
0.00171368
0.00151923
0.00593911
0.0189451
0.0419648
0.00176919
0.00682566
0.00620769
0.00663629
0.00610239
0.129451
0.00732312
0.00711582
0.0327958
0.136958
0.0352241
0.0037992
0.083273
0.0859107
0.00940893
0.00200629
0.0220421
0.00628157
0.00409827
0.0132578
0.0117011
0.0650546
0.0948432
0.0148752
0.00719069
0.0431072
0.0177219
0.00267018
0.00466606
0.0381563
0.00229417
0.125313
0.00375659
0.0215619
0.021039
0.114588
0.00685129
0.023808
0.00139642
0.00172856
0.00547224
0.119674
0.051781
0.00409582
0.00384939
0.0573405
0.00491175
0.0022371
0.0105552
0.00507613
0.103425
0.0385361
0.0725368
0.00351647
0.01365
0.119778
0.00202126
0.0281114
0.00594489
0.00651669
0.0857336
0.00464407
0.0103235
0.00229248
0.0245408
0.0156341
0.019252
0.0105832
0.113342
0.0909642
0.00763138
0.00417901
0.0100152
0.152936
0.00393757
0.040045
0.0299424
0.138287
0.00428475
0.00182131
0.0337337
0.00246825
0.00389537
0.00885374
0.00146676
0.00383179
0.00165033
0.00374003
0.0195571
0.0172311
0.00625337
0.0111808
0.13564
0.0122729
0.0246429
0.00199192
0.113677
0.0042976
0.0776805
0.00204123
0.00736618
0.0387407
0.177339
0.00221436
0.00166063
0.00122176
0.00202233
0.112088
0.0192991
0.00151885
0.0262679
0.00353265
0.00993255
0.00395
0.00317673
0.0284299
0.114715
0.00680925
0.00717075
0.0583041
0.00208161
0.00474671
0.102376
0.145032
0.152709
0.1199
0.00182604
0.0497421
0.0119424
0.116325
0.0467946
0.0117977
0.0606075
0.00373556
0.00796338
0.0554524
0.0954557
0.00849058
0.0351148
0.00658901
0.00133956
0.00148879
0.00982992
0.00254232
0.0101683
0.0733622
0.00758305
0.00204446
0.0167563
0.00261274
0.00773999
0.00504178
0.014859
0.0332323
0.0115997
0.0132485
0.00204927
0.118538
0.0494461
0.0590376
0.00424641
0.00379068
0.0146712
0.0187234
0.061603
0.0333229
0.0105611
0.00511518
0.0592049
0.00881605
0.00271938
0.00413122
0.0758352
0.0540225
0.00223496
0.00125165
0.0706744
0.00425642
0.0250518
0.00648395
0.00938012
0.0851262
0.00150399
0.024406
0.137445
0.00912792
0.00644408
0.0715901
0.121036
0.00529672
0.0823121
0.100295
0.0160423
0.00924649
0.00838739
0.00120893
0.0257211
0.021064
0.00319252
0.12492
0.00361618
0.00169869
0.0271727
0.0188755
0.00753587
0.0407528
0.00768262
0.112611
0.0115735
0.00180311
0.114541
0.00458963
0.00323777
0.0498426
0.0364031
0.00204583
0.0238386
0.00196178
0.00200573
0.102358
0.0134771
0.00169008
0.028305
0.0159856
0.0181635
0.0160635
0.0100919
0.0092004
0.0420014
0.00557228
0.00384327
0.00772173
0.0172867
0.121232
0.114311
0.137678
0.00855003
0.00759986
0.141323
0.0247632
0.00221392
0.00151127
0.142989
0.0173429
0.00155874
0.00408316
0.148195
0.00343093
0.0165343
0.00777683
0.0185336
0.0389596
0.0241658
0.0433431
0.0683963
0.00751155
0.133199
0.00706177
0.0877962
0.00256999
0.0432872
0.0441454
0.0816973
0.0356724
0.106276
0.013721
0.00154079
0.0130897
0.0165138
0.00804235
0.135157
0.0133103
0.0143169
0.0133682
0.00165357
0.122524
0.00321402
0.0672716
0.00168348
0.00229779
0.00107876
0.111094
0.00613803
0.0147141
0.00180825
0.00289929
0.0522215
0.0117486
0.0025064
0.0102546
0.0132172
0.0506267
0.0368251
0.011112
0.0076397
0.05338
0.00551078
0.00980262
0.00321842
0.00466264
0.155177
0.011812
0.0216707
0.0458834
0.00658507
0.0513578
0.00151771
0.00341923
0.00901909
0.0164851
0.0034608
0.0502999
0.00738537
0.0126203
0.00304908
0.0387586
0.0501616
0.0252575
0.022009
0.0157321
0.00713989
0.0188752
0.0102055
0.00284245
0.0709906
0.0177614
0.00449205
0.00500837
0.0583954
0.135716
0.0443988
0.0117461
0.0361719
0.0241243
0.0117336
0.0131225
0.0414364
0.00302172
0.0126375
0.0876697
0.033166
0.00700398
0.00175599
0.0091474
0.0130122
0.00423464
0.00396047
0.0130128
0.0236621
0.033807
0.0303993
0.015836
0.00655288
0.0146203
0.0252973
0.0136029
0.00219412
0.0170259
0.0747817
0.00147834
0.00423828
0.00195463
0.00988251
0.0270292
0.0184418
0.0230236
0.0788314
0.0618715
0.0164271
0.0916155
0.0220303
0.155573
0.0381227
0.0325191
0.0737488
0.0104003
0.0239153
0.0727997
0.0657276
0.139762
0.0236026
0.028122
0.00292377
0.0869909
0.0196277
0.00172275
0.0695894
0.0351476
0.0296138
0.0311855
0.00163384
0.00200104
0.00149107
0.00654154
0.0115862
0.00741669
0.0769316
0.0106026
0.0573087
0.0048887
0.0411626
0.0194525
0.0316161
0.0134447
0.0936701
0.0189124
0.0983363
0.00804677
0.00624251
0.127774
0.00236178
0.0104221
0.0558028
0.0201682
0.085687
0.0935723
0.00126273
0.0506018
0.0106498
0.00661385
0.1045
0.093899
0.00999018
0.00202281
0.0168811
0.0337112
0.00207508
0.0698553
0.0014262
0.0138994
0.00215446
0.0922063
0.00198911
0.0710587
0.0442208
0.00681982
0.0129714
0.00170196
0.00104616
0.00130065
0.00970189
0.014541
0.00705661
0.136623
0.014768
0.0500861
0.110917
0.00406406
0.0878881
0.0744985
0.0944666
0.0675919
0.018592
0.0143318
0.00198122
0.00294858
0.00300784
0.033451
0.0131644
0.0410501
0.0306942
0.0104017
0.0543156
0.0702573
0.0780506
0.0393003
0.020835
0.00322038
0.0191816
0.0135582
0.113961
0.00649234
0.0067859
0.00203663
0.00142746
0.0324021
0.0184292
0.101879
0.00137989
0.00340927
0.0707484
0.123753
0.0282893
0.124775
0.00886731
0.00590114
0.00160531
0.0408893
0.0175443
0.0517637
0.00143782
0.0148435
0.123857
0.0223422
0.00899947
0.0186235
0.0220282
0.0237164
0.00891026
0.00746344
0.0661413
0.122578
0.0198291
0.0172161
0.0535518
0.00168066
0.0174871
0.0444521
0.110003
0.00130596
0.0190623
0.0557313
0.00199113
0.00243548
0.0119174
0.0174805
0.0259641
0.00160624
0.125466
0.00141995
0.0104605
0.00278262
0.0193464
0.0328869
0.00144398
0.0283935
0.0816931
0.127261
0.017379
0.0995845
0.00421999
0.0439064
0.0505876
0.0233841
0.00217158
0.0321676
0.0383693
0.14539
0.00309487
0.00105395
0.00285733
0.0041984
0.0210148
0.0512142
0.0172089
0.012481
0.00391459
0.0816965
0.0194433
0.0177127
0.0127957
0.059454
0.00134052
0.00151723
0.0223402
0.138219
0.0322759
0.0696588
0.0675373
0.0691176
0.0978772
0.0442822
0.004936
0.114502
0.0168268
0.0251926
0.0404199
0.00146734
0.0195728
0.0453127
0.039594
0.00150047
0.106895
0.169167
0.0243303
0.122033
0.0112029
0.023494
0.0402219
0.00887626
0.0501297
0.021015
0.0621042
0.00869724
0.0960254
0.0597434
0.00783867
0.0417834
0.00997085
0.0189793
0.023013
0.0126255
0.118629
0.103441
0.0406025
0.0019053
0.0340383
0.0614278
0.00157116
0.0587673
0.0979134
0.124759
0.00401341
0.0128072
0.0127033
0.0104216
0.0133608
0.00679479
0.0320614
0.0233835
0.0072212
0.00148327
0.0431385
0.0208597
0.0701429
0.00395146
0.00707743
0.127373
0.0293045
0.00876772
0.013661
0.092026
0.00217697
0.0269399
0.00603789
0.00132131
0.0250634
0.0604572
0.021345
0.063608
0.0427546
0.119656
0.0329199
0.0262446
0.139669
0.146954
0.0117105
0.0454917
0.00819211
0.061106
0.0167697
0.063617
0.0244736
0.00195012
0.0527503
0.0562336
0.00422901
0.0421272
0.0602503
0.0103003
0.00198607
0.00111628
0.0329875
0.030194
0.0232881
0.148646
0.117935
0.018669
0.00377392
0.116591
0.00763745
0.0411954
0.0879294
0.066855
0.0942577
0.0369965
0.0137972
0.0189377
0.0253766
0.00200207
0.0307775
0.0177217
0.0735999
0.0065021
0.0172372
0.0118123
0.0408821
0.0145421
0.0222847
0.0505894
0.121002
0.0101173
0.00226126
0.00177516
0.0529363
0.0257958
0.00212487
0.0228153
0.00670542
0.00337619
0.00214473
0.0246682
0.0401854
0.0145105
0.0186018
0.0177732
0.00292695
0.00455688
0.00221774
0.0389093
0.140903
0.0534431
0.00817989
0.0586845
0.0895913
0.0183019
0.0595613
0.0609068
0.12414
0.00644481
0.0539884
0.110277
0.0947455
0.00137952
0.0922288
0.0374323
0.113661
0.0416697
0.125209
0.00529458
0.0156179
0.00482904
0.0789937
0.0207912
0.0140995
0.00142537
0.00167296
0.0415199
0.141181
0.00569614
0.00504466
0.0250663
0.00280653
0.0601155
0.0175307
0.148364
0.00344797
0.0392272
0.0555106
0.0212913
0.0457525
0.045257
0.0400315
0.00302918
0.0305371
0.026614
0.144083
0.0428955
0.01826
0.0524904
0.093815
0.0249305
0.00323777
0.0362562
0.0573094
0.00254013
0.00532231
0.0573794
0.0116645
0.121328
0.0327177
0.00823555
0.00799822
0.0350197
0.036908
0.0349582
0.00323166
0.024605
0.0512605
0.0691939
0.0331913
0.0182464
0.0506765
0.0237553
0.0312979
0.0100259
0.00623542
0.0183564
0.00566918
0.000997051
0.027759
0.117656
0.00113206
0.00543222
0.158835
0.128394
0.0876422
0.038802
0.0618969
0.0317819
0.0921015
0.0964878
0.00346302
0.00400585
0.0255547
0.0476023
0.00585741
0.0324282
0.131491
0.00161888
0.0354624
0.071479
0.0990746
0.0926854
0.0235626
0.0538147
0.0100826
0.0583124
0.0991345
0.0432852
0.0189913
0.0185726
0.0937782
0.0182784
0.00209438
0.0210618
0.0913398
0.00576404
0.0753619
0.0571904
0.0779299
0.0234975
0.124176
0.00134844
0.0407278
0.00264404
0.00105885
0.0120857
0.0364927
0.0409876
0.0551294
0.0709389
0.0171961
0.00792812
0.00805724
0.111846
0.0177191
0.00159796
0.0695264
0.00443586
0.0993899
0.0441704
0.0198332
0.00711553
0.116871
0.0252793
0.0196787
0.00673082
0.00305776
0.0027004
0.0568442
0.122616
0.0108317
0.043551
0.0433364
0.0124379
0.0368189
0.0133478
0.112291
0.00527932
0.132982
0.00503454
0.00969358
0.00248531
0.00139019
0.0993898
0.0100936
0.00236638
0.00605712
0.0910351
0.0622884
0.00785358
0.0725738
0.0578285
0.0920506
0.0949823
0.00611875
0.0199459
0.00213254
0.123976
0.0206335
0.12083
0.093952
0.0374939
0.00188116
0.00936517
0.0696171
0.0327192
0.079465
0.00161898
0.152801
0.0453964
0.0257043
0.0422662
0.00958553
0.123957
0.00175547
0.0940228
0.041261
0.0393749
0.0620677
0.0787209
0.0988682
0.00164199
0.108481
0.0472299
0.00591888
0.0611877
0.0946343
0.119348
0.118866
0.014721
0.0620722
0.0853834
0.00115829
0.0356094
0.152991
0.0286871
0.0806866
0.00295211
0.0217271
0.0335891
0.06161
0.0257447
0.0956595
0.00488763
0.124294
0.0944556
0.00205584
0.140926
0.00975435
0.0305607
0.110409
0.0861917
0.0116883
0.0137868
0.0638396
0.142914
0.0340901
0.0689754
0.102613
0.0385861
0.0561748
0.0663205
0.0609396
0.00800337
0.108994
0.0746966
0.00219279
0.0460185
0.0220147
0.00772729
0.00417269
0.0764786
0.0416764
0.0840471
0.0933834
0.0213286
0.0141433
0.0241136
0.0264179
0.0791435
0.0347578
0.058966
0.100705
0.0333486
0.00920813
0.0330191
0.032793
0.123481
0.0872321
0.149746
0.00450509
0.0398197
0.106735
0.00139912
0.0434296
0.00176177
0.0878013
0.066709
0.0796057
0.00428843
0.0587068
0.028949
0.0384366
0.0928532
0.0820247
0.0979258
0.0552454
0.0313663
0.0638817
0.0102342
0.141016
0.0182068
0.0845478
0.0996921
0.0337142
0.00377742
0.123305
0.10145
0.024394
0.0510346
0.0309932
0.00607815
0.0234792
0.0212168
0.00185219
0.00875218
0.0309266
0.0415647
0.0157269
0.0145476
0.0375936
0.114033
0.0544456
0.0197094
0.0429419
0.00150376
0.071376
0.116953
0.101099
0.0574243
0.0202655
0.12521
0.177281
0.140137
0.0193949
0.0177022
0.0501776
0.0822186
0.00274997
0.0202048
0.0946359
0.10261
0.0190663
0.127486
0.134167
0.0897594
0.0024773
0.0886629
0.0526481
0.00681119
0.0907388
0.00274557
0.11035
0.0260755
0.0334184
0.0682404
0.0898262
0.0684461
0.0419312
0.0889767
0.063177
0.0906963
0.00774762
0.00192915
0.00168216
0.0950329
0.00394059
0.056251
0.0191722
0.0664085
0.0695733
0.121236
0.0078595
0.0715365
0.0690329
0.109856
0.0571413
0.0132627
0.0477398
0.00203712
0.115088
0.0427813
0.00448076
0.00147929
0.167527
0.068567
0.0223541
0.0964235
0.00492098
0.105439
0.00447374
0.0817288
0.0157854
0.137176
0.0960503
0.0707649
0.0531581
0.0203517
0.0638651
0.0232669
0.0250155
0.00601001
0.0641056
0.00324316
0.0767131
0.00228816
0.0734544
0.00114857
0.00355148
0.105558
0.0699949
0.0895081
0.0656144
0.151214
0.0547216
0.0903257
0.0422641
0.108259
0.00775186
0.101471
0.00201073
0.0924903
0.0882814
0.0713153
0.0712002
0.0403083
0.003812
0.0408862
0.0173856
0.0774593
0.10819
0.025829
0.132353
0.00792384
0.0350967
0.0710503
0.0140816
0.123391
0.177271
0.040322
0.0702158
0.0179967
0.0140286
0.0810155
0.149761
0.149392
0.00204563
0.023793
0.0774246
0.00146851
0.0185654
0.0886126
0.0867333
0.00713205
0.041073
0.109268
0.0168881
0.00281287
0.0395506
0.116844
0.140786
0.0156319
0.132891
0.00380142
0.0934219
0.068817
0.0175991
0.0109524
0.096322
0.076902
0.0833787
0.0759089
0.0730826
0.0096181
0.0876556
0.0734896
0.103738
0.132025
0.00447105
0.144967
0.00399352
0.0259185
0.0311378
0.149381
0.00450519
0.0546196
0.00598808
0.0903877
0.0812733
0.00205337
0.0714119
0.0364318
0.0972291
0.026313
0.0713345
0.0256819
0.0794217
0.0177023
0.0303423
0.0765484
0.0915693
0.125484
0.00720443
0.0792544
0.00698166
0.0948897
0.0277954
0.133152
0.0977586
0.00934295
0.074421
0.00569385
0.114481
0.0375608
0.0417629
0.12893
0.0399671
0.0552342
0.0904589
0.00299808
0.113844
0.0862544
0.0272256
0.12126
0.125469
0.0182217
0.0572255
0.0802902
0.0728056
0.0920145
0.106842
0.0942873
0.00289976
0.00504311
0.00800558
0.115662
0.0317932
0.129956
0.0232284
0.00676591
0.00292538
0.0189924
0.0935825
0.0748872
0.0494975
0.118446
0.143701
0.0866559
0.00399753
0.0133631
0.122527
0.017871
0.116705
0.00128854
0.0866003
0.100547
0.102436
0.0823347
0.121612
0.0567097
0.0867071
0.0711586
0.00878418
0.134842
0.0589869
0.00221423
0.116122
0.0416161
0.0952147
0.073175
0.0465382
0.00475141
0.0765876
0.00203916
0.0593045
0.075143
0.0161716
0.0648159
0.0325875
0.0122193
0.0719766
0.00205226
0.0154102
0.0973071
0.0403622
0.0892067
0.00316891
0.10931
0.0252887
0.0424816
0.0795362
0.0764551
0.0743064
0.0391074
0.0424519
0.119517
0.04298
0.00298244
0.00369748
0.0339656
0.0861876
0.002993
0.0249847
0.00395356
0.124243
0.0950313
0.0827744
0.027514
0.141127
0.121182
0.0774483
0.088847
0.00819661
0.0987269
0.148792
0.0239591
0.0923235
0.0134254
0.107295
0.0064545
0.0795196
0.116023
0.0214227
0.0140853
0.00135882
0.062531
0.119494
0.124003
0.0314606
0.00253625
0.147475
0.0441651
0.00203968
0.0613527
0.0956681
0.00771594
0.0520328
0.0801877
0.11431
0.0869188
0.0764277
0.0957962
0.0156883
0.0978929
0.00394458
0.123235
0.0211984
0.001887
0.051376
0.0950216
0.12719
0.11675
0.114003
0.00210457
0.0857904
0.0972252
0.168544
0.0635818
0.00243653
0.096397
0.00822873
0.0760365
0.0206767
0.0167395
0.0198125
0.0147577
0.0255575
0.0174624
0.025471
0.0806936
0.104531
0.0325072
0.00391037
0.01061
0.08997
0.107722
0.0837033
0.0810152
0.0759417
0.00641287
0.00291101
0.0077416
0.137989
0.122096
0.0113133
0.150546
0.0348312
0.0534676
0.0469473
0.0975036
0.00402558
0.0348998
0.0411333
0.120693
0.0103853
0.13376
0.0917096
0.0923105
0.10981
0.0962919
0.105845
0.0185515
0.0807911
0.016302
0.00461657
0.0999389
0.100672
0.128352
0.00153537
0.10737
0.0810229
0.012939
0.088987
0.00952696
0.125708
0.0788545
0.0251513
0.0119596
0.131858
0.132927
0.0954312
0.113176
0.0077621
0.0351507
0.0784675
0.00651602
0.0675774
0.096775
0.0045898
0.163337
0.132907
0.163652
0.156091
0.160042
0.0759882
0.0312979
0.167918
0.00876272
0.0952195
0.00738905
0.00130393
0.0139927
0.0581001
0.0965589
0.0659743
0.149194
0.11375
0.148213
0.0753275
0.00390895
0.0493816
0.102778
0.0795893
0.00482549
0.0568695
0.138169
0.0538456
0.0596386
0.0991199
0.0827024
0.173394
0.153883
0.156773
0.171076
0.151503
0.138187
0.149811
0.144365
0.101086
0.169701
0.093161
0.0687
0.126959
0.153958
0.0977209
0.00201631
0.124593
0.070743
0.0606501
0.119237
0.0450302
0.154257
0.0382703
0.0526777
0.00146791
0.0167156
0.0808098
0.0753737
0.00973647
0.0148406
0.00840082
0.112548
0.0327796
0.0173848
0.119081
0.0308086
0.102467
0.148264
0.0651054
0.00613473
0.0198347
0.0173847
0.0669989
0.00198133
0.119863
0.0514979
0.00231004
0.00528336
0.06764
0.0735453
0.12248
0.0219044
0.0996347
0.106665
0.0701014
0.0356517
0.0923591
0.0154889
0.0785185
0.012044
0.108349
0.109259
0.00398563
0.0439766
0.100272
0.0262415
0.141947
0.110194
0.0329895
0.125882
0.00184224
0.00782952
0.00206752
0.107127
0.0147739
0.0823413
0.141345
0.105931
0.122895
0.0678104
0.0922577
0.0015629
0.0969301
0.0731696
0.089118
0.0614906
0.123557
0.117312
0.0428497
0.0849402
0.0772769
0.0719913
0.105122
0.00456044
0.0974614
0.0015433
0.146502
0.0485674
0.0799931
0.00178953
0.00208068
0.0953538
0.120779
0.00199875
0.0081521
0.0958584
0.111715
0.0198522
0.13117
0.0908993
0.135284
0.0121841
0.127574
0.143815
0.158085
0.125403
0.0602208
0.00883223
0.0634562
0.0709237
0.112052
0.132502
0.0815498
0.123411
0.100496
0.0462579
0.00148682
0.13797
0.0720435
0.10687
0.018547
0.125712
0.0134501
0.124858
0.123661
0.0687272
0.113741
0.0598292
0.060099
0.114346
0.098927
0.0803395
0.00374165
0.114712
0.00978873
0.0864744
0.087995
0.0999403
0.056219
0.0184164
0.113591
0.0813544
0.044814
0.139453
0.0155021
0.00167441
0.131709
0.123056
0.0989723
0.0875447
0.153262
0.00946801
0.0794107
0.124446
0.0116247
0.0997681
0.0185839
0.116339
0.00717002
0.113497
0.114257
0.038837
0.0602631
0.0836
0.0262715
0.0719767
0.104523
0.0991743
0.117162
0.12778
0.081937
0.0915066
0.101533
0.00210771
0.0919685
0.1664
0.0145444
0.0325698
0.0997721
0.0767199
0.00365048
0.0439406
0.00130382
0.108681
0.00400691
0.161518
0.0301205
0.119852
0.114406
0.0701233
0.107014
0.070237
0.090639
0.113127
0.00125159
0.118034
0.10736
0.00108894
0.103543
0.0863946
0.0478022
0.0700057
0.0192169
0.13654
0.0116486
0.124723
0.143559
0.128421
0.153943
0.0984555
0.074343
0.0369345
0.00158475
0.0527023
0.12181
0.124991
0.13992
0.0832103
0.00206426
0.0375175
0.054511
0.124121
0.0942739
0.119657
0.0147419
0.112599
0.125787
0.136511
0.116394
0.0870663
0.0437212
0.00189607
0.0325059
0.123794
0.0281001
0.140494
0.153621
0.114584
0.139351
0.0982191
0.127969
0.119596
0.0843762
0.124063
0.127431
0.110694
0.121221
0.00211414
0.00155072
0.125398
0.0331301
0.123897
0.0250935
0.0163839
0.0823803
0.123895
0.032467
0.0229102
0.0239606
0.056453
0.0463384
0.108343
0.138937
0.127579
0.0611017
0.00771473
0.0103427
0.0904455
0.0303462
0.0431295
0.00259981
0.120233
0.128908
0.117151
0.134374
0.0966263
0.00848413
0.115216
0.00425988
0.0186907
0.029906
0.0594774
0.131978
0.0786421
0.0682033
0.036856
0.124994
0.0691067
0.0194547
0.124804
0.104609
0.148851
0.143708
0.0872452
0.11912
0.0899514
0.117718
0.142451
0.127752
0.142335
0.0985897
0.0184592
0.00298006
0.0236732
0.135996
0.0120283
0.154728
0.108599
0.0176344
0.0468502
0.0832398
0.0714184
0.126614
0.134662
0.0712522
0.0995501
0.025888
0.0600967
0.072053
0.0883362
0.00240523
0.0978088
0.12306
0.0206226
0.110041
0.0916931
0.0753763
0.152075
0.125984
0.00196921
0.116213
0.00909415
0.0748753
0.023137
0.00909267
0.118635
0.00229659
0.137007
0.0769804
0.106582
0.00242729
0.00677403
0.0775831
0.0251421
0.150665
0.155047
0.00114366
0.0281972
0.140126
0.0939031
0.00187539
0.141066
0.0218504
0.151619
0.00134625
0.13782
0.0804114
0.10166
0.00215172
0.111385
0.076202
0.0931668
0.0644412
0.142986
0.102563
0.145438
0.0107836
0.002605
0.104374
0.03349
0.0241596
0.0134373
0.131251
0.010467
0.00194501
0.0933285
0.0961601
0.00198542
0.0235189
0.141455
0.122247
0.168042
0.0142248
0.00464673
0.144904
0.106719
0.0433326
0.0356932
0.0851708
0.0256863
0.134758
0.0944741
0.0693161
0.0200469
0.0901636
0.0338311
0.0404699
0.00198936
0.13306
0.108395
0.0559989
0.0405748
0.00201925
0.122052
0.0116626
0.0380944
0.0742577
0.00433209
0.136784
0.00249248
0.00213096
0.0575792
0.103768
0.0513928
0.0406465
0.123056
0.124689
0.020879
0.118581
0.00420618
0.00167266
0.00232542
0.0830625
0.0352985
0.0624506
0.0948334
0.0979646
0.126237
0.00231577
0.136672
0.0996724
0.148884
0.140374
0.129021
0.12978
0.0979018
0.0761487
0.15077
0.104773
0.0132721
0.0410517
0.0130097
0.0426372
0.0617061
0.0518698
0.110329
0.10631
0.100581
0.0252949
0.0279126
0.0842081
0.00315788
0.138515
0.0112659
0.112581
0.0630809
0.00518687
0.0127581
0.0498633
0.10564
0.111823
0.0452589
0.109312
0.00205921
0.0184029
0.0683639
0.0925478
0.13899
0.153181
0.0079653
0.14018
0.0852977
0.106472
0.00180757
0.00255713
0.110491
0.122775
0.138663
0.17162
0.0349332
0.00756069
0.0279546
0.0151833
0.081564
0.0243121
0.00449707
0.132186
0.148208
0.00382598
0.154253
0.0754022
0.00460051
0.0311544
0.0352385
0.121
0.0135715
0.113779
0.142016
0.0119691
0.104742
0.0380272
0.0523387
0.00906941
0.120328
0.0470715
0.00145947
0.0178199
0.10382
0.0224646
0.11052
0.0206015
0.0344266
0.0125894
0.00525788
0.0293313
0.106353
0.0165733
0.0316511
0.00342524
0.00186119
0.125513
0.106702
0.00139042
0.0854782
0.153007
0.00704305
0.00326789
0.0151053
0.101712
0.101528
0.061693
0.113587
0.0773329
0.143323
0.018383
0.123548
0.122135
0.0641919
0.141576
0.00323518
0.0177471
0.151582
0.0332264
0.108247
0.0478155
0.0250537
0.0443737
0.00537751
0.098383
0.00117785
0.0858198
0.0732915
0.0140526
0.126476
0.128786
0.139641
0.0276985
0.0846944
0.0263078
0.117823
0.0865799
0.118807
0.179708
0.140658
0.128499
0.12353
0.00416256
0.0227013
0.102718
0.100721
0.121695
0.0881278
0.0133432
0.010932
0.073357
0.123187
0.112927
0.0023086
0.0022888
0.131453
0.135397
0.120088
0.0788336
0.145213
0.0730639
0.0783787
0.0678214
0.0176592
0.0617858
0.00185438
0.122597
0.112285
0.143281
0.0198429
0.116573
0.0184274
0.0634082
0.175653
0.0903517
0.0247919
0.146588
0.0119176
0.138029
0.16994
0.122177
0.0694817
0.0225591
0.0381418
0.0785331
0.115158
0.154229
0.0424178
0.0042168
0.00816395
0.153947
0.013419
0.0571623
0.125944
0.0342555
0.000807238
0.0807175
0.0437675
0.0213198
0.0237553
0.0163477
0.0917445
0.0646188
0.0092901
0.0118378
0.115502
0.150755
0.150652
0.0777128
0.0346921
0.119709
0.0643266
0.0236682
0.0882865
0.0188678
0.069546
0.121663
0.0471364
0.0704998
0.115923
0.14442
0.010824
0.140177
0.114505
0.0826235
0.134101
0.111887
0.0532057
0.0252639
0.0139342
0.0727613
0.149598
0.00224884
0.00605819
0.0205686
0.000966336
0.0691193
0.0804192
0.068953
0.0771147
0.00956325
0.126701
0.00822961
0.00887706
0.00427479
0.141535
0.0421658
0.088502
0.146111
0.138506
0.0349467
0.158262
0.0173373
0.00215833
0.0950921
0.00184576
0.022406
0.00135899
0.156767
0.0784617
0.13562
0.001456
0.0953863
0.114749
0.00144511
0.00306849
0.0714905
0.0682524
0.0273937
0.0780754
0.0952983
0.0193909
0.0816408
0.08215
0.0259256
0.15163
0.0709579
0.0818525
0.0018406
0.0763149
0.123986
0.0861062
0.00732507
0.0947045
0.0937166
0.0303143
0.0237779
0.07289
0.00550897
0.0186477
0.0252971
0.0141055
0.0360014
0.0914803
0.0839549
0.0966176
0.0727863
0.0689275
0.146443
0.152537
0.0335977
0.145518
0.093201
0.0188352
0.0319298
0.0565415
0.0855479
0.153131
0.15615
0.00427202
0.0790651
0.0402198
0.024472
0.0043643
0.00447305
0.101557
0.0122429
0.0126238
0.00139649
0.086373
0.0881664
0.0275563
0.122807
0.15176
0.0870723
0.010444
0.101448
0.00165835
0.122879
0.116662
0.0977045
0.0498649
0.143826
0.144254
0.0994047
0.109486
0.136125
0.0786372
0.00713126
0.0769492
0.0689309
0.00409697
0.15346
0.0984475
0.0141837
0.0982351
0.0477576
0.0254285
0.131054
0.0743225
0.162256
0.0707418
0.109333
0.123155
0.00123985
0.0262943
0.0379983
0.0688809
0.123181
0.0651821
0.00134909
0.00163292
0.0239526
0.0965654
0.0617831
0.0164861
0.0712955
0.0135267
0.0581685
0.135816
0.100681
0.00464049
0.0144925
0.0859564
0.0251225
0.0438456
0.0294555
0.138094
0.0717165
0.14231
0.145365
0.0803702
0.0817151
0.0643567
0.146228
0.00764404
0.0274311
0.0838927
0.0338213
0.0242866
0.00659446
0.038461
0.100598
0.0464746
0.0262855
0.125202
0.0371995
0.111143
0.00142963
0.00245408
0.0404031
0.0188954
0.0855474
0.14066
0.0621594
0.108323
0.0875366
0.0280429
0.0991531
0.106422
0.0376297
0.00448395
0.0343011
0.106874
0.0877676
0.00788023
0.110293
0.125766
0.0144526
0.00209727
0.113368
0.125256
0.0851529
0.097201
0.113451
0.00954756
0.0794948
0.0885818
0.0556559
0.124696
0.0445132
0.125341
0.0973163
0.0220602
0.0378444
0.00799724
0.150294
0.0349664
0.0271805
0.116043
0.126869
0.0637533
0.132478
0.153798
0.148685
0.0243207
0.0041354
0.148118
0.0930125
0.00641137
0.11753
0.00185495
0.00375248
0.0745584
0.116114
0.0509787
0.0936803
0.0419439
0.0647788
0.118993
0.0131885
0.16117
0.0759036
0.0182034
0.171398
0.154052
0.152008
0.114309
0.0084392
0.0341598
0.124351
0.102337
0.0830191
0.116118
0.122153
0.13899
0.0138222
0.0250787
0.0752901
0.141294
0.131989
0.141526
0.0688427
0.053398
0.0763051
0.0011893
0.0368481
0.139039
0.00800708
0.144064
0.151749
0.158401
0.153971
0.0425347
0.123318
0.147516
0.150461
0.0831314
0.077432
0.159957
0.173948
0.0633671
0.149714
0.14798
0.127996
0.0699131
0.12727
0.0577333
0.147149
0.0625751
0.165223
0.152852
0.00538228
0.049391
0.141449
0.124422
0.0235135
0.139389
0.0609393
0.0638323
0.125479
0.035196
0.154185
0.175774
0.0895659
0.157922
0.142548
0.119221
0.0247065
0.169983
0.165665
0.0608248
0.166241
0.139163
0.00357695
0.09872
0.0129018
0.0479185
0.123369
0.01249
0.00202795
0.0390581
0.112637
0.122893
0.0899687
0.143248
0.155008
0.0809395
0.0211064
0.0761607
0.105363
0.153639
0.0287413
0.0349777
0.108324
0.00277581
0.0186233
0.108516
0.0856764
0.144101
0.0212983
0.098939
0.0251771
0.0174339
0.122066
0.08294
0.144596
0.124227
0.138174
0.144494
0.147979
0.140671
0.0116903
0.0872851
0.121098
0.13912
0.0724645
0.00674875
0.0648618
0.146108
0.127255
0.11316
0.121322
0.00138392
0.0133258
0.061949
0.124741
0.00163064
0.0950407
0.139578
0.00791404
0.00921313
0.00418244
0.110245
0.158244
0.0208826
0.0398181
0.051568
0.0843884
0.0705982
0.0872398
0.11336
0.0801604
0.024313
0.132318
0.104402
0.0853708
0.096937
0.139497
0.0791899
0.0736408
0.140348
0.0777034
0.00165046
0.146897
0.143464
0.023679
0.141573
0.105926
0.111457
0.00462792
0.0712737
0.00145631
0.0824177
0.11303
0.0450114
0.00297774
0.110541
0.101481
0.00538268
0.133843
0.0350152
0.0369678
0.122256
0.0192136
0.100899
0.0256351
0.00424722
0.101438
0.00814645
0.149407
0.00245163
0.00323035
0.0202677
0.151909
0.0946858
0.1193
0.104294
0.112372
0.00518146
0.0160288
0.0723637
0.157396
0.0051669
0.07369
0.150266
0.00181056
0.0666052
0.105492
0.0611801
0.0148159
0.00773151
0.160087
0.0445657
0.0418453
0.0858696
0.0686962
0.00680283
0.00817059
0.0368944
0.0140438
0.0609389
0.0130896
0.00148327
0.153589
0.0699114
0.147116
0.123606
0.152828
0.153329
0.149663
0.0430045
0.120211
0.0194876
0.00181451
0.00240606
0.130615
0.144491
0.0156401
0.125865
0.0465152
0.000996186
0.148454
0.0131626
0.0173848
0.157606
0.0604388
0.0359559
0.122206
0.00626886
0.145162
0.00142555
0.00149814
0.0909601
0.145137
0.102503
0.00162045
0.00139915
0.0864331
0.00138202
0.137038
0.146893
0.0820543
0.0703956
0.0165052
0.0230307
0.0925203
0.126754
0.0193883
0.127209
0.0770785
0.152656
0.123891
0.127201
0.0809067
0.00778195
0.14163
0.0993423
0.0049883
0.142754
0.14334
0.118341
0.143388
0.115318
0.0022076
0.0456435
0.0161973
0.0039444
0.129048
0.124745
0.0967649
0.135353
0.13697
0.0112889
0.015853
0.0723806
0.0774145
0.145477
0.0779645
0.168333
0.0266623
0.149432
0.148803
0.141358
0.151027
0.00217414
0.00205522
0.0976992
0.0439912
0.0615968
0.0803542
0.00945459
0.0134387
0.148949
0.141623
0.123815
0.0730488
0.144549
0.0669313
0.120608
0.0248012
0.152862
0.157402
0.138352
0.107528
0.141829
0.131686
0.140839
0.0676973
0.0546344
0.082253
0.135916
0.144322
0.00985308
0.121212
0.133005
0.075018
0.133991
0.0535582
0.127387
0.0432484
0.0165459
0.00230313
0.0508499
0.0431036
0.101448
0.15419
0.15278
0.123059
0.075837
0.0572033
0.0770191
0.0135964
0.153218
0.145062
0.122984
0.123757
0.00207698
0.139074
0.140808
0.120116
0.138651
0.078439
0.0939501
0.0348748
0.0164193
0.139015
0.00128983
0.110628
0.0429698
0.129072
0.0793095
0.0184795
0.0522952
0.0921694
0.046773
0.0371531
0.102424
0.0501986
0.147021
0.124285
0.0760935
0.00512128
0.139268
0.132735
0.102969
0.0796171
0.0964122
0.00812436
0.0853962
0.0254131
0.143598
0.146216
0.0048754
0.0437553
0.126613
0.0493547
0.0802202
0.0823001
0.148709
0.139499
0.127947
0.0179666
0.00255408
0.140292
0.124556
0.146251
0.125566
0.165732
0.0540056
0.111624
0.159988
0.0161661
0.123895
0.0868311
0.122451
0.0146152
0.149745
0.149555
0.0657456
0.126945
0.0290385
0.121348
0.0865721
0.125661
0.122856
0.0840135
0.0984964
0.155549
0.131844
0.144643
0.146428
0.00171649
0.00778636
0.0894527
0.00149735
0.0858406
0.00297677
0.0288292
0.0938334
0.0128209
0.157683
0.0996012
0.00149687
0.0751925
0.0820623
0.00312996
0.133324
0.00194536
0.0434428
0.146593
0.143825
0.0955378
0.0688789
0.0531458
0.0953722
0.109409
0.0742735
0.141887
0.14026
0.125479
0.0954349
0.0432631
0.0269413
0.147723
0.108244
0.00207278
0.0987785
0.0207272
0.147028
0.0419187
0.136598
0.0961863
0.00861264
0.112817
0.00798924
0.136696
0.145272
0.0838968
0.119216
0.0498144
0.144847
0.0132327
0.00630147
0.0583453
0.0122637
0.123956
0.147449
0.101463
0.00205086
0.133367
0.0966377
0.043057
0.137638
0.0043303
0.0110902
0.0976709
0.127889
0.0735863
0.113345
0.0675991
0.0768079
0.141761
0.069192
0.0259156
0.0964953
0.089686
0.139785
0.142227
0.127876
0.0860573
0.0325237
0.0549107
0.0560966
0.131025
0.0632093
0.133549
0.113377
0.00272278
0.0895398
0.00165552
0.130008
0.00983134
0.113617
0.132778
0.00183895
0.00159216
0.131531
0.113397
0.00194133
0.0873084
0.0944279
0.0186899
0.0352787
0.143456
0.0289382
0.00129851
0.116781
0.01731
0.144746
0.115138
0.135837
0.14319
0.118149
0.0285842
0.155911
0.107259
0.00526368
0.099376
0.0432779
0.10768
0.0146907
0.0665492
0.146933
0.00143614
0.00255246
0.146152
0.144798
0.0301043
0.0985638
0.119322
0.0705244
0.138198
0.025082
0.0876696
0.130338
0.144463
0.00672704
0.14249
0.110465
0.0266395
0.109965
0.169698
0.00144537
0.00175955
0.106558
0.140671
0.0638584
0.00793037
0.133329
0.086787
0.0761806
0.114887
0.0544818
0.0440374
0.118172
0.159054
0.0849783
0.127842
0.0882883
0.0974278
0.0571115
0.110423
0.132337
0.0239708
0.0975099
0.151734
0.133132
0.00724827
0.0653734
0.125004
0.0755603
0.138973
0.161187
0.102804
0.143949
0.143225
0.0917993
0.0971475
0.108086
0.141693
0.0530517
0.140992
0.14625
0.144209
0.132744
0.109445
0.0993921
0.0562777
0.136043
0.142352
0.124471
0.0745206
0.0989394
0.00645817
0.0530763
0.123442
0.142136
0.139642
0.0653923
0.0122458
0.0338857
0.0246404
0.00442486
0.00546337
0.106349
0.0874659
0.124141
0.143977
0.138045
0.0225795
0.0998642
0.141058
0.00257046
0.13481
0.00478135
0.0903551
0.0121269
0.094163
0.0275554
0.100517
0.131924
0.133526
0.0780981
0.118955
0.081833
0.0734242
0.0202711
0.00414879
0.123111
0.058853
0.0959091
0.129829
0.0142573
0.131459
0.117055
0.127164
0.128647
0.00502211
0.0935867
0.136751
0.130199
0.133846
0.134941
0.128661
0.136449
0.124637
0.00207436
0.108
0.0103026
0.0115047
0.109182
0.065656
0.129316
0.0862039
0.0344999
0.144133
0.142877
0.0132292
0.0870857
0.12417
0.0983113
0.018325
0.00743453
0.138844
0.128439
0.126372
0.0743887
0.126241
0.128374
0.0153189
0.138161
0.0318373
0.0153263
0.0050956
0.14571
0.118283
0.102633
0.0277406
0.010451
0.149582
0.00780292
0.0116209
0.111819
0.00375733
0.0879834
0.00774055
0.105347
0.119929
0.0290903
0.0711983
0.111503
0.138087
0.122392
0.148562
0.136248
0.0402647
0.123679
0.140687
0.119996
0.00201
0.0865087
0.09639
0.0341312
0.0247515
0.135938
0.0269544
0.0923091
0.125149
0.120056
0.102364
0.00456694
0.0854295
0.00158274
0.0486718
0.135822
0.0364484
0.0992794
0.123345
0.0247974
0.0561779
0.0661608
0.0943411
0.12094
0.132178
0.134157
0.0334473
0.130545
0.0376849
0.0989774
0.12818
0.0758804
0.126393
0.0114065
0.0120668
0.0788246
0.120951
0.103727
0.146906
0.1254
0.137942
0.00390485
0.117473
0.1297
0.017079
0.00898557
0.0094597
0.120404
0.0850005
0.00607554
0.0350932
0.124046
0.0160815
0.00454758
0.132985
0.0999685
0.123577
0.0644212
0.0727173
0.00139245
0.0283581
0.0120527
0.129311
0.011019
0.140401
0.163863
0.110292
0.112475
0.0822821
0.134832
0.00208256
0.108515
0.00972673
0.0667851
0.127469
0.0722119
0.121212
0.11373
0.128232
0.0719929
0.0135136
0.133713
0.0061365
0.129462
0.127641
0.144377
0.0247317
0.0815197
0.119077
0.132533
0.0938455
0.0183175
0.0334532
0.00223083
0.0834052
0.0750496
0.120881
0.00811018
0.00897477
0.0652919
0.0851864
0.0470248
0.00205934
0.0939331
0.118614
0.138885
0.0758625
0.0187401
0.128215
0.0945258
0.0130356
0.0873538
0.106713
0.118459
0.00398142
0.0106891
0.0687767
0.0826032
0.123338
0.104531
0.00738297
0.113971
0.146676
0.114534
0.127408
0.0339379
0.0839534
0.0699138
0.132904
0.0706808
0.140448
0.0362298
0.0110825
0.0375359
0.0858838
0.143811
0.138751
0.113364
0.104574
0.124763
0.143166
0.0848869
0.122617
0.02814
0.0386965
0.141347
0.0401731
0.139295
0.04602
0.00270072
0.125824
0.0406336
0.00291103
0.1056
0.134242
0.0869385
0.00657309
0.08312
0.148772
0.0184086
0.102326
0.134264
0.152032
0.00267469
0.102376
0.118417
0.0583354
0.145214
0.116055
0.00569009
0.0242957
0.0254246
0.126884
0.126213
0.137805
0.125786
0.0898805
0.100578
0.0407985
0.00868793
0.101971
0.116279
0.00423349
0.00396632
0.0357426
0.111776
0.139409
0.00917134
0.0207323
0.0666733
0.110075
0.0039071
0.101652
0.0534417
0.123756
0.0668037
0.1213
0.150667
0.00337304
0.134416
0.126512
0.0568092
0.0858507
0.130697
0.00441429
0.101355
0.0612002
0.0941618
0.025326
0.143141
0.096424
0.0938352
0.00165052
0.082723
0.11841
0.130521
0.139402
0.0792035
0.034036
0.115471
0.132321
0.105906
0.00546249
0.133267
0.136958
0.117182
0.101625
0.142512
0.120989
0.0044858
0.0907173
0.00866092
0.131157
0.0848244
0.140896
0.148073
0.119985
0.0769987
0.150235
0.127129
0.0194323
0.0339732
0.0967582
0.0119788
0.13013
0.00927785
0.132539
0.0842528
0.0726777
0.00398225
0.129001
0.0950862
0.122429
0.0883353
0.023203
0.0997511
0.0965378
0.0694268
0.149342
0.091764
0.0761337
0.124474
0.0120847
0.00840316
0.128875
0.0979581
0.095625
0.130934
0.0237843
0.122126
0.120423
0.0926493
0.115974
0.152454
0.108467
0.0743455
0.017764
0.0237455
0.125329
0.125799
0.0793403
0.12218
0.02745
0.089022
0.131671
0.0765759
0.00253512
0.104989
0.127938
0.0837328
0.112406
0.0216273
0.124434
0.0816846
0.128883
0.0846776
0.121513
0.0191389
0.0925405
0.0382684
0.130104
0.0533427
0.0705325
0.119322
0.0136024
0.129667
0.110535
0.0384162
0.0603116
0.0646628
0.000999908
0.0894044
0.0963423
0.128272
0.00403369
0.124151
0.0901881
0.0264947
0.0185656
0.123378
0.143178
0.137891
0.0848565
0.0943217
0.077191
0.069315
0.0142513
0.0408931
0.11736
0.139512
0.1113
0.0528962
0.0941557
0.0729788
0.0335695
0.00446841
0.142969
0.105563
0.0924181
0.111628
0.00138379
0.0847635
0.0884006
0.0763394
0.0984166
0.0348478
0.088764
0.0910067
0.0467324
0.0265625
0.0955781
0.128487
0.0286015
0.0248254
0.0939967
0.0206171
0.128701
0.126415
0.00204305
0.0676523
0.0870418
0.106037
0.129311
0.0722065
0.134199
0.138271
0.0934674
0.103222
0.00108765
0.00108662
0.00108253
0.00132083
0.0531976
0.104301
0.0977896
0.106183
0.0413166
0.101168
0.125902
0.106519
0.110378
0.0926842
0.0908892
0.0192547
0.140259
0.00121697
0.122503
0.102184
0.125509
0.0129903
0.112991
0.0716308
0.104145
0.129977
0.0974386
0.00114923
0.126262
0.00205148
0.00707319
0.0736526
0.00156574
0.0851233
0.00659365
0.126896
0.128055
0.00796674
0.0344738
0.0917406
0.140294
0.0703111
0.112841
0.0620099
0.0976898
0.136404
0.0010147
0.00117576
0.00108253
0.00105696
0.00103771
0.00115068
0.00103323
0.00120825
0.000930025
0.00108178
0.00114862
0.00108253
0.0010352
0.00108253
0.00108253
0.00123399
0.00109664
0.0010652
0.00109163
0.00105296
0.140934
0.0672112
0.0949862
0.0129564
0.131855
0.104858
0.0612163
0.153633
0.136905
0.0647939
0.0424237
0.125558
0.0760937
0.0819722
0.00403736
0.0912423
0.0216412
0.0650837
0.139856
0.071235
0.124382
0.0815094
0.0952699
0.122721
0.0849013
0.0720864
0.0889002
0.0473181
0.117635
0.0953809
0.00109408
0.00103778
0.00100647
0.00109228
0.00107919
0.0744443
0.144034
0.0208537
0.135606
0.0736849
0.0622844
0.0743171
0.140377
0.0734941
0.0156552
0.11326
0.0870145
0.0748564
0.0631109
0.00193779
0.0737444
0.0527671
0.0615697
0.125255
0.00213147
0.105739
0.00370306
0.0284265
0.00488354
0.025396
0.0120592
0.0020378
0.135233
0.0969097
0.000927627
0.00381672
0.00196074
0.00159803
0.0187652
0.12835
0.0205752
0.113403
0.0716689
0.100168
0.0804455
0.0829976
0.131447
0.122196
0.013919
0.0209661
0.066568
0.0825583
0.112603
0.16021
0.0353231
0.0704586
0.0577838
0.0262204
0.102031
0.138151
0.0789131
0.0747806
0.0125488
0.0812286
0.155281
0.111804
0.1254
0.122845
0.111302
0.124094
0.0697914
0.132019
0.0626292
0.0832149
0.0897178
0.000963506
0.0978689
0.11227
0.131449
0.0143711
0.092793
0.0893176
0.137879
0.087314
0.00140279
0.0058232
0.00207413
0.104386
0.0705002
0.0620573
0.0571011
0.135247
0.0312807
0.118811
0.125629
0.0614486
0.0626096
0.056536
0.0264139
0.00823958
0.0633351
0.0601841
0.087133
0.00212228
0.0797299
0.014146
0.0403233
0.0810938
0.113565
0.00290373
0.108919
0.0551056
0.135796
0.0560109
0.11996
0.00243776
0.130932
0.044873
0.00648052
0.117824
0.117474
0.0192716
0.0156732
0.0974055
0.0762668
0.0398091
0.0633818
0.085059
0.0142963
0.144494
0.0676788
0.0275108
0.148535
0.00393148
0.0445179
0.125602
0.121204
0.046858
0.13115
0.00699189
0.00100195
0.126707
0.0485557
0.147613
0.00153779
0.104677
0.0125241
0.103326
0.0990699
0.122917
0.072605
0.112886
0.121563
0.104913
0.126116
0.103206
0.143181
0.0224633
0.103625
0.0774143
0.123886
0.156936
0.0400218
0.0308491
0.0748101
0.0825113
0.00506006
0.0738248
0.119569
0.0829329
0.0153811
0.0941387
0.126239
0.121472
0.014244
0.110673
0.0827541
0.115984
0.106732
0.00357737
0.00200793
0.0274936
0.119762
0.140262
0.0849446
0.121889
0.0934286
0.123904
0.123898
0.0570009
0.15137
0.0286273
0.163457
0.0145247
0.0124816
0.0999823
0.00205
0.0817733
0.0461731
0.148032
0.118326
0.103384
0.0864386
0.00833418
0.0233092
0.12486
0.0797917
0.00970039
0.120503
0.123375
0.0233273
0.00142539
0.0821977
0.127867
0.0138661
0.00567016
0.0768467
0.114931
0.0139059
0.101362
0.132976
0.121905
0.128668
0.13504
0.0804346
0.064698
0.0782833
0.13233
0.00528005
0.0446076
0.019046
0.0136627
0.108877
0.0919898
0.00293942
0.122735
0.053796
0.082749
0.0500593
0.127603
0.12355
0.0242533
0.0932572
0.134837
0.0720406
0.112583
0.00203748
0.0552309
0.126809
0.124622
0.00298738
0.0845346
0.115718
0.163238
0.138951
0.00764827
0.00100922
0.0010813
0.0559415
0.0897078
0.131236
0.137876
0.0656018
0.00699576
0.0650913
0.0144709
0.00645027
0.0142015
0.125978
0.00103426
0.106576
0.156638
0.130186
0.0517925
0.0682977
0.00122994
0.136298
0.0141229
0.0122208
0.129689
0.0026838
0.0821817
0.00468231
0.112015
0.127284
0.0934386
0.0116831
0.0243108
0.0549579
0.00105895
0.0311776
0.0711021
0.0794213
0.0525175
0.0331723
0.0744777
0.103159
0.0546806
0.112768
0.137571
0.0652567
0.086258
0.0884288
0.138355
0.00108253
0.00112827
0.0861431
0.122603
0.0456981
0.134103
0.0342513
0.0702856
0.0564016
0.0549967
0.134474
0.117197
0.122895
0.0175638
0.00116719
0.130398
0.100067
0.0720111
0.0919555
0.00209846
0.00107371
0.0828601
0.0351529
0.114597
0.102918
0.0155547
0.0735172
0.133314
0.104508
0.0207273
0.116493
0.0771541
0.0908256
0.051829
0.00572858
0.0636534
0.0288842
0.00248115
0.0134612
0.110928
0.0650797
0.0677131
0.00454654
0.116141
0.0127016
0.00861557
0.0335818
0.0908073
0.139662
0.0193332
0.105723
0.0861118
0.0194039
0.136429
0.0354274
0.0881088
0.0158489
0.0627975
0.00118193
0.00108253
0.110172
0.114829
0.0198418
0.0454694
0.0623648
0.0748191
0.114985
0.0615217
0.0767791
0.122148
0.011957
0.115025
0.0824427
0.0207083
0.0569248
0.0169849
0.0812511
0.065041
0.094615
0.0478757
0.0968486
0.0900745
0.0650179
0.0905952
0.059956
0.0993188
0.0410749
0.00913475
0.0860209
0.0449794
0.104435
0.000905203
0.0160864
0.0637646
0.0163247
0.118845
0.0167004
0.00462295
0.0342541
0.124666
0.00421827
0.129311
0.110755
0.0216841
0.121514
0.0038263
0.0562629
0.0378502
0.0563148
0.0952837
0.0963059
0.07605
0.0690612
0.100132
0.0787608
0.00209321
0.00274468
0.0137135
0.161468
0.113715
0.00669297
0.103813
0.0888051
0.0660125
0.00418461
0.00561719
0.117221
0.00103255
0.00630206
0.058683
0.075041
0.0879738
0.00554334
0.0936968
0.0912015
0.0976909
0.00108253
0.0119739
0.0611819
0.10979
0.0831558
0.0670071
0.0141407
0.066963
0.069676
0.143851
0.0884911
0.120955
0.0177962
0.0438729
0.00181178
0.0109472
0.00386301
0.116895
0.0867498
0.0707774
0.071567
0.0982931
0.00610979
0.0666783
0.00105936
0.0259047
0.0363337
0.0638361
0.00154344
0.0907926
0.00105922
0.00956816
0.0395093
0.00253817
0.116961
0.117004
0.111602
0.066983
0.128242
0.0150172
0.0343834
0.0136727
0.00113786
0.00108253
0.100415
0.103453
0.0192582
0.0342889
0.060965
0.0853861
0.038829
0.0798708
0.0567966
0.00405625
0.0760517
0.138281
0.0022656
0.00282777
0.0600234
0.0263347
0.0053371
0.0453933
0.0129681
0.0432853
0.00884615
0.0589209
0.00107383
0.0711898
0.00185125
0.00233315
0.0939342
0.0133026
0.00425948
0.00381026
0.11297
0.094891
0.015839
0.00386194
0.000994141
0.0930293
0.00106761
0.0532594
0.0489159
0.0158606
0.00177695
0.0574266
0.00108253
0.000775616
0.111132
0.00116591
0.0540951
0.00235873
0.0466554
0.0457664
0.00108276
0.0497213
0.0698564
0.00108816
0.000848741
0.0703421
0.0295143
0.0719134
0.00217314
0.017995
0.0841302
0.0865019
0.095087
0.078164
0.120329
0.0840423
0.000846446
0.122662
0.00259834
0.0941696
0.0712122
0.0948427
0.0923971
0.130303
0.108712
0.0912862
0.0449521
0.0045149
0.00509835
0.0247346
0.0775564
0.00126998
0.00112435
0.0662142
0.0499761
0.0237343
0.00204593
0.126634
0.0261098
0.00638206
0.0074316
0.0148686
0.016389
0.119388
0.0132565
0.00121225
0.00184897
0.0341236
0.00409576
0.0581389
0.011801
0.127628
0.0528833
0.0161856
0.0180882
0.0867813
0.0645861
0.062329
0.0876291
0.00557894
0.141846
0.0875877
0.0122505
0.0893372
0.00433449
0.100944
0.0263983
0.082047
0.0161792
0.126528
0.1412
0.0443077
0.0253885
0.0590025
0.0602331
0.00125404
0.0437026
0.00942435
0.0657074
0.057266
0.0746996
0.0965504
0.0110053
0.124047
0.0800773
0.135817
0.0790561
0.00357157
0.0543166
0.00201623
0.0250702
0.0662603
0.0839961
0.120028
0.0835849
0.046785
0.00254477
0.0342179
0.0442339
0.0192048
0.0264753
0.0332945
0.0956328
0.00104116
0.00493352
0.0138341
0.00201629
0.0126128
0.0182681
0.00972964
0.106405
0.0703529
0.05205
0.0187568
0.0570381
0.0650503
0.00572342
0.018182
0.0104389
0.113692
0.00929419
0.119901
0.0820476
0.00113722
0.00706744
0.00381998
0.0619848
0.0824059
0.0783466
0.104231
0.0153117
0.028889
0.00193965
0.127403
0.0410917
0.0883441
0.123188
0.0907106
0.0986093
0.0122953
0.0800476
0.0360287
0.0411482
0.026733
0.0855919
0.00811864
0.00235486
0.00451781
0.0565428
0.00923343
0.0282407
0.0450698
0.0238531
0.055639
0.0542076
0.0251553
0.113318
0.00115416
0.0618562
0.0282222
0.00966686
0.0522804
0.00822285
0.0971398
0.00835102
0.042804
0.0816415
0.00119827
0.0213197
0.0478815
0.134132
0.0116487
0.0563023
0.00980702
0.0161937
0.00779261
0.0404084
0.0691957
0.0647202
0.0792937
0.00207274
0.117555
0.119759
0.0459896
0.00733433
0.0213104
0.0903125
0.137916
0.0329413
0.143458
0.0479118
0.0963902
0.110912
0.00253475
0.00435008
0.0239886
0.157785
0.162847
0.0198892
0.1249
0.132907
0.0209831
0.0457911
0.0293448
0.0731417
0.0337165
0.0826448
0.0940381
0.070851
0.00712184
0.00838545
0.00768549
0.0244168
0.0444485
0.00124861
0.0503662
0.0593947
0.0876539
0.00907338
0.00189622
0.12611
0.0106706
0.1264
0.0304975
0.00191096
0.124889
0.0302358
0.0444181
0.00673315
0.00115602
0.028814
0.00679036
0.0091356
0.101507
0.0558545
0.061567
0.0724392
0.0970982
0.0612783
0.00642564
0.0120375
0.00279305
0.0617497
0.0969685
0.032995
0.0357797
0.043988
0.00104923
0.00111519
0.00586902
0.092744
0.100283
0.0192251
0.0610435
0.0509319
0.0283743
0.0353318
0.0146748
0.125057
0.125795
0.0555371
0.00195611
0.0198392
0.111279
0.00536658
0.00168225
0.0050568
0.0573409
0.013758
0.0140293
0.165699
0.122857
0.00149791
0.0245016
0.00307217
0.0647021
0.00475912
0.0804629
0.069996
0.0316733
0.0371562
0.00111494
0.00513779
0.0253044
0.0293703
0.0957925
0.0129239
0.0144498
0.0148743
0.0158244
0.0701996
0.0189322
0.0322403
0.000787757
0.00171569
0.0629516
0.012915
0.0799292
0.00764381
0.0296482
0.029988
0.0716131
0.000913931
0.00106718
0.00963386
0.00853512
0.131046
0.0786761
0.136773
0.105032
0.0453856
0.0449731
0.069382
0.00100215
0.0123393
0.135321
0.00101578
0.139936
0.0853009
0.125545
0.00795161
0.0418472
0.068984
0.155418
0.0128873
0.0345637
0.0212606
0.00105745
0.00658352
0.101084
0.027373
0.00430083
0.0171612
0.00108824
0.0332398
0.0138392
0.123339
0.00108253
0.0101639
0.0189089
0.130052
0.122894
0.0328941
0.0354425
0.0381686
0.0164737
0.00917927
0.109699
0.0878985
0.124426
0.0662079
0.106365
0.00112873
0.00629142
0.00584916
0.0065841
0.0101826
0.00208522
0.0900908
0.143862
0.127809
0.0682211
0.0394298
0.024826
0.0585888
0.025273
0.0888059
0.0470678
0.0101223
0.0106302
0.040507
0.140539
0.0374784
0.105616
0.0424467
0.00382581
0.0268356
0.0414483
0.122732
0.00159411
0.082958
0.0210087
0.00109862
0.125964
0.0719402
0.0213162
0.0700386
0.045956
0.0400523
0.00108253
0.103147
0.0421346
0.0406778
0.0387928
0.0353445
0.0265029
0.0658927
0.0266634
0.0159134
0.119849
0.041576
0.0183353
0.0189053
0.0957871
0.0360003
0.079742
0.141495
0.00185176
0.0869529
0.00204437
0.149366
0.0381173
0.0128325
0.0223235
0.0133404
0.0201826
0.00182244
0.126826
0.00156841
0.158465
0.018924
0.0314956
0.0203962
0.0642703
0.0318093
0.0363254
0.0172905
0.00842307
0.0416873
0.00440433
0.137446
0.0308939
0.114347
0.00696951
0.0171377
0.0222338
0.00609484
0.0129996
0.0306361
0.054289
0.00454675
0.0300285
0.0435608
0.0199297
0.00108253
0.00418483
0.01197
0.121294
0.0160212
0.00158009
0.00464865
0.0449558
0.03543
0.0160661
0.0371102
0.092701
0.00409553
0.00128119
0.0235412
0.00602107
0.016842
0.126213
0.0704593
0.0632001
0.0202538
0.0511084
0.141824
0.00540926
0.0910767
0.060603
0.0397176
0.129364
0.0477614
0.126052
0.0482138
0.00908231
0.0497304
0.00110124
0.0402694
0.0435986
0.00232974
0.0308286
0.0368947
0.00283374
0.0891194
0.0520012
0.0363212
0.0191654
0.00837908
0.0435
0.0498804
0.0335871
0.0845037
0.140085
0.0141153
0.0218915
0.0289946
0.00255399
0.140087
0.11367
0.125917
0.0346601
0.0219894
0.00224829
0.00446648
0.0613895
0.01976
0.0199309
0.021454
0.0208348
0.0151726
0.0160546
0.00228382
0.0176032
0.061547
0.0274231
0.0263219
0.135842
0.0579671
0.0219728
0.0090214
0.00423376
0.00926214
0.0789592
0.00104588
0.00121832
0.0294197
0.0415716
0.0799974
0.0279752
0.0145692
0.0332528
0.0240538
0.00105717
0.00810456
0.127787
0.00221579
0.00115117
0.0279461
0.0292343
0.0314211
0.0274434
0.0017585
0.0112872
0.0298589
0.00415373
0.00746046
0.00903139
0.0176001
0.0120982
0.00182111
0.001266
0.018164
0.0132841
0.0448874
0.00108253
0.00105615
0.0413903
0.117222
0.0622213
0.0659421
0.0123477
0.128339
0.0018601
0.00595617
0.0467312
0.00294843
0.00490435
0.0364898
0.026631
0.124768
0.0193349
0.009733
0.031344
0.0319944
0.0119405
0.0324139
0.110083
0.0974547
0.09254
0.118908
0.0162609
0.0324393
0.00531898
0.108325
0.0347193
0.0449898
0.0205478
0.00105031
0.124853
0.0182978
0.0713067
0.00366456
0.12808
0.125177
0.015972
0.0625118
0.00105553
0.0854558
0.0661369
0.0439623
0.0550116
0.100692
0.0128651
0.0159136
0.0153925
0.0149106
0.0468373
0.00117721
0.107663
0.0341792
0.00271621
0.00183913
0.00113006
0.017971
0.041218
0.001724
0.0322288
0.00109091
0.00108253
0.0225341
0.0431601
0.00170404
0.0442552
0.131477
0.0123896
0.0187359
0.0248571
0.00465749
0.00502886
0.0250958
0.0635709
0.1165
0.00953564
0.000715336
0.00848068
0.00873323
0.00746922
0.0173687
0.0165026
0.0926649
0.0301204
0.0135323
0.0128757
0.0140758
0.0013027
0.00103211
0.0788559
0.0191184
0.00280106
0.0208534
0.0129502
0.0167286
0.0888135
0.0128205
0.0619166
0.0103983
0.101696
0.0181438
0.126311
0.102863
0.124764
0.137637
0.109346
0.00115266
0.0569522
0.00883637
0.0413268
0.0882776
0.103261
0.0679288
0.00798965
0.0399803
0.00114459
0.00112744
0.0292749
0.021421
0.0449398
0.0223588
0.0422259
0.113361
0.0313905
0.118931
0.0650675
0.0607278
0.129807
0.0832953
0.00335468
0.0418291
0.0662988
0.104051
0.11681
0.00122553
0.00108253
0.0102601
0.0191599
0.0368952
0.0165148
0.0543317
0.0455948
0.152751
0.0223518
0.0977008
0.0675735
0.0234472
0.0166953
0.00425021
0.00106012
0.0590694
0.0577989
0.0708978
0.0336968
0.0781152
0.081007
0.087595
0.0258006
0.00679847
0.00110104
0.0298075
0.140622
0.0215282
0.102205
0.0421503
0.0193419
0.00470909
0.00113074
0.118856
0.0044208
0.0337591
0.126766
0.12108
0.0249396
0.0528905
0.0340701
0.0027163
0.0493844
0.064117
0.0961241
0.0201048
0.00333504
0.0411713
0.0155364
0.00741957
0.00129482
0.0289801
0.00113433
0.0141633
0.0144486
0.099339
0.0134898
0.144856
0.00793339
0.0815599
0.108333
0.014773
0.0195915
0.0397031
0.0127602
0.106231
0.0399109
0.0936528
0.13972
0.0972053
0.0319148
0.0197272
0.0431245
0.0123912
0.00127549
0.0249786
0.00186285
0.12132
0.0196943
0.00107075
0.0228731
0.0387452
0.00107653
0.126282
0.108394
0.121552
0.025103
0.0182892
0.0372082
0.0033028
0.0189953
0.128803
0.0137359
0.00119958
0.139672
0.0394131
0.0272262
0.0097615
0.00459379
0.00226418
0.00292049
0.0132791
0.015909
0.00822402
0.0182368
0.0179625
0.0783954
0.0447075
0.0233785
0.128327
0.0466128
0.102445
0.00198369
0.0308252
0.0585728
0.00510219
0.0447968
0.00179702
0.0206194
0.0353776
0.0863558
0.027922
0.0269121
0.0417047
0.0270336
0.0245792
0.115695
0.0595162
0.126793
0.0338177
0.010631
0.00183328
0.0145575
0.00126688
0.00120878
0.00720659
0.0020914
0.0382792
0.00486128
0.007932
0.00436327
0.011673
0.0332221
0.0444832
0.118011
0.00108253
0.0336153
0.0011725
0.0121209
0.03997
0.0292844
0.0252826
0.129233
0.0339625
0.00823292
0.0977372
0.0166905
0.00111638
0.028574
0.038029
0.01503
0.0694585
0.118637
0.0172075
0.0328787
0.0143303
0.131543
0.010918
0.0366066
0.00202655
0.02483
0.0426606
0.00127213
0.0218955
0.00304452
0.104478
0.0309974
0.00865567
0.0013102
0.124261
0.0123433
0.00214349
0.00750947
0.0058028
0.0163121
0.0541218
0.0240217
0.00470178
0.00108253
0.0382173
0.140396
0.00105206
0.0613811
0.00555368
0.0288287
0.108537
0.00949061
0.0061543
0.118933
0.0675705
0.0306373
0.119663
0.0851728
0.00661538
0.0243545
0.0103017
0.00698634
0.0227025
0.00150585
0.0157557
0.0185967
0.00501013
0.0213111
0.0495091
0.00962
0.0199977
0.0322522
0.00766641
0.124347
0.00871049
0.0351598
0.0849368
0.0455163
0.00819398
0.127716
0.000996233
0.00111787
0.00440862
0.0834258
0.0896546
0.0191151
0.0978615
0.0128906
0.00103842
0.00107406
0.0427596
0.144517
0.0241139
0.0190435
0.0196408
0.00787126
0.0352794
0.0235089
0.00782515
0.0290344
0.0189608
0.0262255
0.00747816
0.0210703
0.0992939
0.00456328
0.00199134
0.0455709
0.128224
0.00126635
0.0183592
0.00673177
0.00110165
0.0319464
0.026347
0.0294108
0.0293239
0.143895
0.0422555
0.0230704
0.0296065
0.00659421
0.00108445
0.0914799
0.0515851
0.00843956
0.00496663
0.11549
0.117951
0.0551509
0.0199736
0.015989
0.0649278
0.0454627
0.00810306
0.0284341
0.141024
0.0476271
0.00151553
0.0846318
0.00260086
0.000959573
0.0832504
0.00877118
0.0167834
0.00793126
0.0337621
0.00384521
0.00113735
0.00109844
0.00955979
0.0340828
0.0285387
0.00990978
0.010143
0.00111765
0.125557
0.0875375
0.131972
0.00223299
0.0143423
0.00665754
0.0534256
0.0225956
0.0113967
0.0183498
0.0979698
0.0109976
0.0680331
0.00998733
0.0010932
0.0092035
0.0865381
0.0961282
0.00574254
0.119253
0.0431344
0.00100729
0.124982
0.034011
0.00210657
0.00510346
0.130572
0.0270284
0.121439
0.0141758
0.00949842
0.0262472
0.00819347
0.0945815
0.00731931
0.0889062
0.0161634
0.00122406
0.0597902
0.136282
0.00570314
0.139414
0.0817782
0.0849614
0.0062634
0.0106118
0.130849
0.0488393
0.0552793
0.0683197
0.0809188
0.00911813
0.0654032
0.00108678
0.0829598
0.128414
0.127359
0.1218
0.162483
0.0135361
0.130749
0.00113222
0.0010808
0.0237677
0.00475319
0.00528059
0.00306787
0.0337851
0.0647645
0.00972115
0.0051668
0.0461247
0.00869265
0.124461
0.00213678
0.0392148
0.0632256
0.0339148
0.0164985
0.029995
0.0816155
0.00508806
0.0348558
0.00107363
0.00683873
0.00108253
0.120784
0.00738402
0.0100623
0.0436992
0.0102142
0.00844866
0.0219291
0.018252
0.0972972
0.00935199
0.00839046
0.0670764
0.00911229
0.104811
0.00973
0.124298
0.0114035
0.0056137
0.035353
0.00600717
0.121816
0.0223775
0.00677925
0.0115525
0.00633833
0.0646804
0.0248366
0.0168452
0.00958953
0.00259568
0.0648374
0.0857561
0.0368409
0.00649497
0.0359382
0.0255805
0.00398773
0.0420801
0.0357802
0.0936335
0.0148983
0.00767182
0.0111278
0.0196337
0.107042
0.00749749
0.00484718
0.0357611
0.0261684
0.110311
0.0562189
0.129232
0.00111725
0.0201009
0.00627272
0.0259579
0.074936
0.00120666
0.00112333
0.0434351
0.0267639
0.00938843
0.0205103
0.034147
0.131667
0.0349989
0.0951017
0.130816
0.016111
0.0195522
0.0422908
0.00592896
0.11373
0.00454909
0.00844239
0.00448638
0.0197489
0.0183855
0.124663
0.00262007
0.0122532
0.129529
0.0639093
0.00514148
0.126693
0.00243894
0.00381286
0.00226652
0.0145691
0.0188837
0.0205863
0.0282662
0.0459516
0.00430966
0.0817711
0.00437286
0.0645503
0.00141223
0.0628923
0.0996348
0.0208198
0.0434164
0.00558334
0.0171807
0.00969408
0.00110688
0.010102
0.02255
0.00124297
0.0623031
0.0339079
0.00242703
0.00481352
0.003975
0.00782387
0.0912498
0.0431891
0.00759566
0.0151737
0.00184902
0.00341652
0.00387668
0.00483345
0.0709775
0.00262633
0.00487486
0.12152
0.0030121
0.120328
0.0153504
0.0023748
0.160392
0.017828
0.106328
0.00529044
0.0364903
0.105993
0.126976
0.0690576
0.002356
0.00625141
0.00220814
0.00534966
0.00587624
0.00110181
0.0172396
0.0569341
0.0188564
0.0862377
0.0888761
0.0064297
0.13385
0.00181909
0.0137124
0.00106598
0.0322527
0.0153339
0.0089356
0.133924
0.0801639
0.102879
0.016222
0.0420554
0.0173178
0.00618244
0.00123146
0.0385184
0.0021173
0.0738621
0.00466096
0.132823
0.00914125
0.000972819
0.00710859
0.00104916
0.124854
0.0446266
0.00980421
0.0579363
0.0204944
0.00125493
0.0147056
0.0013175
0.0176499
0.0015897
0.0117867
0.00618624
0.125373
0.00477468
0.0162123
0.0538962
0.0293701
0.0337847
0.00470822
0.0150688
0.0581856
0.00190786
0.00619175
0.0321781
0.00110139
0.136885
0.0193186
0.0427576
0.0216523
0.00245413
0.0243557
0.00107006
0.00136788
0.0394305
0.106536
0.0143477
0.00916196
0.0157198
0.00555991
0.00231145
0.0448123
0.00170521
0.0622412
0.10401
0.00816234
0.00492381
0.00839617
0.0196641
0.0632388
0.00778515
0.00581036
0.00207531
0.00170559
0.00621515
0.000991418
0.00283614
0.00318149
0.00710026
0.00104826
0.00107754
0.0012228
0.00322053
0.00117187
0.00112252
0.00108253
0.122124
0.00221904
0.123847
0.0139005
0.00103337
0.0245909
0.00965526
0.00668491
0.0156055
0.0246406
0.0450587
0.0294275
0.0197267
0.0202119
0.0949064
0.0477385
0.027187
0.00167893
0.0506392
0.0192658
0.0981183
0.137348
0.0878849
0.0425647
0.00420881
0.0125882
0.0202906
0.00104505
0.13601
0.00213845
0.0682713
0.0456465
0.0164062
0.041307
0.138795
0.113962
0.00796355
0.023747
0.00967902
0.0556233
0.050483
0.00869433
0.00512488
0.00191927
0.0128034
0.0126713
0.00187126
0.12954
0.00213329
0.00250336
0.00109973
0.0527793
0.120174
0.0384106
0.00601023
0.111331
0.0023577
0.061084
0.00337131
0.115445
0.0011996
0.0419533
0.00571892
0.0224544
0.142647
0.0438098
0.010789
0.0261915
0.00791926
0.00246757
0.0640281
0.0794108
0.00503161
0.0192914
0.0137609
0.134776
0.0031325
0.0282631
0.13135
0.00874695
0.0021531
0.00338315
0.0192793
0.029472
0.0229636
0.00822207
0.158572
0.00459462
0.0357128
0.0187031
0.00583682
0.00148619
0.0149799
0.0489728
0.128621
0.00224975
0.0360411
0.0150821
0.126473
0.00125918
0.00110717
0.0420453
0.0833554
0.00486858
0.00211197
0.00211188
0.00435254
0.0384132
0.00577056
0.00736416
0.00209338
0.00211037
0.0241952
0.0235173
0.0200134
0.0036257
0.135843
0.00385425
0.013951
0.0193584
0.00475881
0.10201
0.0422522
0.016024
0.127577
0.00208979
0.0893433
0.0524698
0.00284907
0.00581527
0.00581203
0.0236376
0.00616452
0.0082709
0.122543
0.0129742
0.0327026
0.00788622
0.00181575
0.00144998
0.0235965
0.124146
0.00751628
0.00399374
0.0166189
0.0267764
0.03883
0.121628
0.00881141
0.00554632
0.0456552
0.00205802
0.093178
0.00120224
0.00712552
0.155692
0.0109632
0.0293732
0.0168719
0.0101904
0.00782676
0.0217487
0.12701
0.0062955
0.0752016
0.00584499
0.112408
0.00197624
0.00994826
0.00420093
0.00628284
0.0021397
0.0089615
0.0912023
0.00229135
0.0969955
0.0372768
0.139195
0.0383363
0.0191849
0.0255492
0.0207506
0.13124
0.0159723
0.0097425
0.0073693
0.0108079
0.0054883
0.0619005
0.00820169
0.0706272
0.14114
0.146352
0.122582
0.00766769
0.0412487
0.135626
0.0195446
0.0154718
0.00925577
0.140544
0.00805944
0.00219732
0.00119004
0.0289342
0.0139691
0.00945982
0.0932011
0.0304099
0.00706477
0.00764176
0.0020479
0.00834818
0.132589
0.00851134
0.0919096
0.00317363
0.00266971
0.00191325
0.0168284
0.0910525
0.00118708
0.0559133
0.107189
0.0263027
0.00577185
0.0145361
0.0136657
0.0109942
0.0880441
0.00210714
0.0145216
0.00102185
0.00445293
0.00436248
0.0144784
0.032669
0.136739
0.0369557
0.104624
0.023429
0.00131412
0.00111054
0.00251576
0.00416465
0.00504357
0.111921
0.0417739
0.0344091
0.0244103
0.00147903
0.0335653
0.137638
0.110072
0.0801138
0.114154
0.0115352
0.0173211
0.0552259
0.0177327
0.0127428
0.00485322
0.007155
0.00113927
0.0717424
0.00774357
0.0124031
0.00437294
0.120278
0.160724
0.112904
0.00857275
0.0212866
0.0121884
0.00964468
0.00684918
0.0147921
0.123117
0.117416
0.00854814
0.0558117
0.00401932
0.0233412
0.0173829
0.0583502
0.00232847
0.016982
0.0387574
0.0128878
0.119354
0.00636586
0.037351
0.0653428
0.00319131
0.00904091
0.0124624
0.0666546
0.12427
0.0819333
0.107579
0.0460793
0.00682498
0.00969918
0.0147555
0.0163441
0.00636
0.139514
0.00621762
0.143166
0.00495307
0.00263829
0.0210479
0.11282
0.0689833
0.0137121
0.00192479
0.0259407
0.00532848
0.0192322
0.149529
0.00192019
0.111844
0.00579605
0.00228371
0.0445607
0.00234546
0.12196
0.036348
0.0166732
0.00127949
0.0546158
0.0168411
0.00282313
0.0151718
0.0024468
0.0603197
0.137939
0.0023892
0.00117268
0.00102317
0.0011336
0.00560038
0.127101
0.0927211
0.0359109
0.0906122
0.108118
0.00826374
0.00192463
0.013173
0.00139856
0.127707
0.0733122
0.0146963
0.0118706
0.0421783
0.106558
0.12492
0.00207116
0.0152384
0.00601144
0.112197
0.114143
0.137955
0.0117566
0.0119071
0.0208753
0.0252608
0.00319884
0.00422688
0.0248131
0.0147369
0.0550238
0.126905
0.00410136
0.00199568
0.0900402
0.00563252
0.0887544
0.00103963
0.130315
0.00276878
0.135461
0.0104982
0.1268
0.0306276
0.032963
0.0085111
0.00554573
0.00478552
0.0502409
0.113523
0.126162
0.00163703
0.00103784
0.0234747
0.00518747
0.0082066
0.0323692
0.0245866
0.00105568
0.0075791
0.0801623
0.0025769
0.00232624
0.00391078
0.133444
0.0788479
0.141528
0.0609681
0.0103785
0.130942
0.140304
0.0240721
0.00613954
0.120584
0.00119314
0.000918072
0.00134462
0.0065342
0.00112211
0.00107596
0.00714366
0.00160997
0.00445594
0.00181596
0.0070054
0.00609906
0.0655648
0.00196523
0.0977344
0.0010744
0.0135623
0.0908735
0.00110389
0.00653831
0.0896928
0.00300034
0.0019537
0.097131
0.00743755
0.0697474
0.00422431
0.00129833
0.00114453
0.117413
0.00245868
0.00121566
0.00114533
0.00739898
0.0106918
0.00941336
0.0902495
0.00469845
0.0126892
0.0127073
0.0308337
0.0223785
0.107112
0.00105058
0.0453893
0.00184635
0.0147393
0.0141224
0.00394806
0.0228957
0.0279526
0.130867
0.117916
0.0421672
0.00136923
0.10317
0.0176019
0.00103662
0.00161872
0.00371601
0.0262791
0.00759408
0.00574558
0.0597051
0.0418505
0.0296959
0.000978373
0.025697
0.00173291
0.0440127
0.121305
0.0101863
0.0131881
0.00708532
0.00103196
0.0845907
0.00394167
0.0252866
0.0743057
0.00789729
0.00219961
0.0476882
0.00110975
0.020879
0.00226654
0.00582386
0.0028183
0.0652907
0.00113153
0.00522882
0.0185355
0.0223418
0.00236804
0.0038784
0.0867917
0.0634635
0.001554
0.0992791
0.111227
0.0336493
0.00818213
0.00211783
0.1106
0.00740092
0.0123612
0.00999296
0.0112486
0.0471739
0.036803
0.0537221
0.126594
0.00464794
0.00250376
0.0194677
0.0917866
0.121763
0.00833638
0.103543
0.0254182
0.00774868
0.129494
0.0284059
0.00595226
0.0684972
0.0970539
0.0141495
0.0299073
0.0840867
0.00804763
0.00682818
0.00850572
0.13425
0.129644
0.0217347
0.004172
0.152504
0.0184915
0.0890736
0.0263615
0.00444697
0.129911
0.000891463
0.0890673
0.00101863
0.00618269
0.126629
0.0106983
0.0172187
0.0270597
0.00265763
0.00103028
0.130789
0.00777119
0.0901199
0.00186155
0.00270872
0.117372
0.00119863
0.125128
0.0903934
0.0107448
0.0117063
0.00308173
0.0049089
0.00334982
0.0802606
0.00452991
0.0676976
0.00141233
0.045034
0.0105101
0.00111977
0.166548
0.0817674
0.00942493
0.092523
0.00338659
0.00775246
0.0656408
0.0644134
0.0580577
0.0739545
0.00235615
0.006977
0.0102177
0.00314568
0.0154631
0.0158937
0.0225526
0.0180515
0.0175291
0.122769
0.0278579
0.0842057
0.0682515
0.0187705
0.00833156
0.117345
0.00398224
0.00104372
0.0787018
0.00599092
0.077302
0.00178135
0.0352078
0.00217466
0.00899392
0.116779
0.0050499
0.127618
0.00658289
0.00180641
0.0459568
0.155157
0.00395817
0.0208188
0.136886
0.00654099
0.0021745
0.134456
0.00117112
0.0354585
0.0711053
0.00353535
0.00197593
0.0252051
0.0656875
0.0236308
0.0310533
0.00701417
0.0578642
0.0892798
0.0889102
0.170302
0.00146679
0.0159939
0.123627
0.0971857
0.0228623
0.00182297
0.00135257
0.00519868
0.0805584
0.00421276
0.00630253
0.118877
0.0359302
0.00586217
0.121164
0.0991098
0.00100646
0.015029
0.00223692
0.0279833
0.00915117
0.00212515
0.00133677
0.00173428
0.0659226
0.00651227
0.106933
0.0362874
0.124022
0.000983333
0.00541687
0.0714139
0.00729567
0.00172338
0.00233737
0.112294
0.00117615
0.037763
0.0327831
0.0050604
0.00253615
0.0130184
0.00170947
0.00989878
0.00221365
0.0919171
0.0215166
0.00390617
0.0473842
0.150323
0.00174709
0.0149345
0.00132669
0.00121824
0.0614011
0.00106645
0.0201694
0.00313917
0.116107
0.00471214
0.00207685
0.0081212
0.129984
0.071685
0.00480804
0.0970872
0.0682763
0.00279057
0.01951
0.0846777
0.00113737
0.0904219
0.0966887
0.102467
0.138461
0.070923
0.0526643
0.123403
0.00130092
0.00206964
0.0232254
0.110114
0.0442305
0.0596953
0.021997
0.0970893
0.00659292
0.0162253
0.00396217
0.0162424
0.0200308
0.0168366
0.0928528
0.00796727
0.0117968
0.0228689
0.00375637
0.00215662
0.00416067
0.101619
0.129889
0.0544692
0.00107011
0.00396898
0.00413935
0.00141776
0.0179216
0.0568067
0.00113873
0.0193787
0.0430463
0.0627722
0.0434261
0.00764771
0.0107611
0.0168409
0.0649407
0.0284926
0.0120747
0.0709405
0.0269336
0.065502
0.00130282
0.0947859
0.0768679
0.00414047
0.137942
0.140445
0.0280354
0.00725714
0.0155736
0.00426198
0.00597656
0.12183
0.00484189
0.0158248
0.124594
0.116749
0.00112892
0.109631
0.00260672
0.00580376
0.0675264
0.00770424
0.120252
0.00207943
0.00403453
0.00463252
0.0195902
0.00551419
0.00118738
0.0148697
0.00238911
0.0016968
0.0510313
0.0990476
0.0182024
0.0113752
0.000962576
0.0164643
0.0190221
0.0461465
0.035376
0.0541757
0.0119676
0.0098749
0.00101307
0.0189544
0.029173
0.00444935
0.0127038
0.0876702
0.0463212
0.0833623
0.108682
0.0255449
0.116276
0.00908644
0.0168496
0.00483486
0.00107217
0.00123514
0.0585922
0.0829578
0.00761909
0.0116883
0.0862
0.0232643
0.0799535
0.00290108
0.128967
0.0039365
0.00116705
0.122229
0.0571479
0.0796065
0.00130706
0.00661105
0.0111214
0.00220167
0.0520926
0.0300012
0.00255734
0.00142886
0.149588
0.00104132
0.0319333
0.0187723
0.0051872
0.064332
0.0854721
0.045061
0.00237347
0.00170669
0.00445468
0.00103285
0.133958
0.0931634
0.0875862
0.0196246
0.0935593
0.0528571
0.0386263
0.0487953
0.00229096
0.129554
0.129538
0.00201107
0.001788
0.00149949
0.0215527
0.0211423
0.0111991
0.00493121
0.00538145
0.00217945
0.00191791
0.00389644
0.0646434
0.00477481
0.0644625
0.0233494
0.0367817
0.00160267
0.0744936
0.0740403
0.0821658
0.0288144
0.00547313
0.0278494
0.139672
0.0163288
0.00108419
0.066286
0.0963283
0.00639029
0.0782613
0.0463771
0.0737324
0.0642571
0.00818947
0.00300453
0.0152202
0.00467734
0.00126107
0.027356
0.00078728
0.00348081
0.0191843
0.00550973
0.0851784
0.00543306
0.00776441
0.000967863
0.00304857
0.00208821
0.00116131
0.0072576
0.121144
0.0238177
0.128733
0.00116626
0.068245
0.00232004
0.00513769
0.107568
0.00124028
0.00382142
0.0861228
0.000990708
0.00387009
0.0871262
0.00113963
0.0233162
0.0153404
0.00221227
0.0156941
0.00261263
0.0011712
0.0760653
0.00207488
0.00416944
0.0928373
0.00123289
0.123492
0.0090349
0.0479107
0.0667245
0.00275701
0.0671559
0.050714
0.00183076
0.000967143
0.00363673
0.0897696
0.00105337
0.00208391
0.00405813
0.00434316
0.0937708
0.0912416
0.00198247
0.0892625
0.125329
0.114821
0.0435242
0.00268278
0.000834623
0.00888569
0.0870051
0.0224564
0.0411316
0.00230765
0.110561
0.0276999
0.00313333
0.00209058
0.00217667
0.0013485
0.00498704
0.0656243
0.00203464
0.0895503
0.00199212
0.00306898
0.00906499
0.0390013
0.0498723
0.00478127
0.123699
0.00186437
0.10043
0.0734204
0.0902743
0.000786309
0.00144108
0.0640581
0.118334
0.00472762
0.00238332
0.00217427
0.00263539
0.0505355
0.000893437
0.0205051
0.0759453
0.0184397
0.00219526
0.123936
0.0362928
0.0863086
0.0021907
0.00249026
0.0479154
0.105212
0.00100158
0.00535712
0.000821424
0.0011186
0.00767655
0.00281783
0.00580816
0.124953
0.00210198
0.0623289
0.00222235
0.048261
0.00345426
0.0742112
0.00852832
0.00722501
0.0163469
0.00237273
0.0871576
0.00810478
0.0270917
0.0630847
0.0201879
0.050225
0.0129117
0.029809
0.0810648
0.0458244
0.00836443
0.0239791
0.0968043
0.0923309
0.0939699
0.00411443
0.0296189
0.00864977
0.0788209
0.029315
0.00203566
0.0331056
0.0136165
0.00878938
0.0937628
0.0706494
0.0012326
0.00824174
0.125329
0.00125023
0.123219
0.0544121
0.00129835
0.128264
0.130699
0.0095088
0.0352009
0.0046918
0.00482286
0.00212256
0.00424375
0.118952
0.00226121
0.135245
0.0287483
0.00502284
0.0167091
0.000983161
0.1209
0.12672
0.0300533
0.00100467
0.000923677
0.0661736
0.0115745
0.126138
0.00831159
0.0685389
0.0523902
0.00249118
0.153614
0.0632786
0.00662418
0.0345455
0.00224111
0.129943
0.0010163
0.0921119
0.00122195
0.00449953
0.0436644
0.0600939
0.11708
0.0368115
0.00161514
0.0104248
0.00796698
0.00241868
0.00322865
0.0565459
0.0317583
0.0013463
0.00358826
0.111776
0.044154
0.0481845
0.00432728
0.00817814
0.00840585
0.0200638
0.0889218
0.107666
0.0010116
0.035734
0.0841899
0.0256622
0.023087
0.0454809
0.0534546
0.0177957
0.0106945
0.121572
0.00261159
0.0903139
0.0050184
0.12084
0.00670915
0.108771
0.0312409
0.00801609
0.00112606
0.00209591
0.00190082
0.0010418
0.0461758
0.00139339
0.0804894
0.0862205
0.0142437
0.00198856
0.000941807
0.102288
0.00446445
0.00210888
0.00247641
0.114386
0.0549032
0.0605602
0.031973
0.00200866
0.00390401
0.00704932
0.0103105
0.0380334
0.127718
0.0697385
0.0659473
0.00883816
0.00111234
0.0301278
0.000782
0.00777404
0.00492564
0.0082587
0.0011969
0.00750206
0.0938983
0.0708943
0.000873382
0.00205841
0.000987164
0.109114
0.00320252
0.00217449
0.0691367
0.107942
0.000723876
0.0490814
0.00387222
0.0086354
0.0364109
0.000808796
0.0855969
0.00377272
0.000854494
0.0191642
0.0010496
0.0857916
0.00118717
0.00266067
0.109948
0.000840004
0.0767272
0.021014
0.0883981
0.00493988
0.00135427
0.0146484
0.0893513
0.00206125
0.129253
0.0806026
0.0880309
0.0141808
0.00133726
0.0919944
0.0254246
0.0808843
0.00233337
0.00126605
0.0336037
0.00887102
0.00140945
0.00421333
0.00402839
0.0276822
0.0175085
0.0109673
0.00099923
0.0163052
0.0172136
0.000768335
0.0153862
0.00398974
0.021213
0.0316863
0.00786159
0.110362
0.111499
0.0932677
0.00325523
0.049621
0.00170672
0.136179
0.00230196
0.0475683
0.0173733
0.00253413
0.00220666
0.0756465
0.160792
0.0457719
0.000804302
0.097042
0.0045484
0.00290399
0.00165968
0.0852108
0.0824447
0.00223266
0.00604179
0.00110273
0.0133753
0.0008133
0.00951747
0.0336982
0.0872384
0.00641584
0.00228235
0.0651934
0.0240847
0.0499584
0.00564786
0.0638975
0.00847406
0.000895644
0.0794093
0.0854974
0.0107905
0.0952706
0.00329577
0.000787735
0.132874
0.00403981
0.0046205
0.00978278
0.0997146
0.0664242
0.0117839
0.0064966
0.0121345
0.00940174
0.00429445
0.0459174
0.0209293
0.00828021
0.147766
0.00328379
0.0283254
0.011548
0.00072602
0.114384
0.0368757
0.00696023
0.000888991
0.00102889
0.000972335
0.0932865
0.0030193
0.00140842
0.0691077
0.0111773
0.0541457
0.0485292
0.0627683
0.111065
0.0345089
0.00854186
0.0896989
0.0248394
0.00972441
0.00208928
0.0418174
0.000947543
0.00682238
0.124458
0.106557
0.132966
0.113652
0.00895025
0.00214334
0.0439734
0.112636
0.0858029
0.139568
0.0795135
0.0181389
0.105289
0.00143143
0.0025978
0.00293044
0.0111347
0.0438987
0.0151908
0.0172284
0.117341
0.00402469
0.094353
0.000804408
0.0141079
0.00756561
0.112629
0.04231
0.00175656
0.127578
0.0176768
0.107168
0.00298839
0.00496641
0.00480646
0.108605
0.0213645
0.00176879
0.0538449
0.114288
0.0213344
0.0289421
0.0915046
0.00103781
0.00277653
0.0947804
0.0713596
0.0119527
0.00372119
0.0687615
0.0445412
0.00538256
0.0352551
0.0206872
0.00592226
0.00372158
0.0308028
0.00825892
0.0064972
0.0536858
0.134246
0.0647506
0.0525086
0.0666917
0.00315758
0.00109344
0.00910467
0.0269883
0.0058316
0.103239
0.116934
0.0211288
0.00367937
0.00771976
0.0132936
0.0110277
0.0102905
0.00118988
0.069858
0.00183105
0.00911089
0.0172121
0.00702504
0.053799
0.00416507
0.00312991
0.00738881
0.00106009
0.00175225
0.0752195
0.0176613
0.00187918
0.073225
0.115716
0.00256822
0.00129404
0.0813505
0.0783605
0.00301044
0.0982098
0.00871453
0.119416
0.047917
0.105916
0.00165934
0.0167733
0.0050772
0.0043208
0.00431943
0.0174356
0.000987794
0.082302
0.0730092
0.0752283
0.0110077
0.00177814
0.0094141
0.0184432
0.0644143
0.0573657
0.00172596
0.0613754
0.0322231
0.00101136
0.00210894
0.0028421
0.0323993
0.0151972
0.136273
0.101546
0.00203755
0.00185498
0.0854812
0.00271229
0.0862248
0.0346753
0.0223527
0.0189381
0.0590618
0.114916
0.000891672
0.00110736
0.0765385
0.0868269
0.00487048
0.0120612
0.0523334
0.0185883
0.0401768
0.091911
0.00955915
0.0743892
0.0282801
0.00187135
0.00285274
0.0183398
0.0474637
0.00112628
0.120619
0.10622
0.00162768
0.100199
0.00333728
0.00572954
0.0142495
0.00398714
0.0637891
0.0945149
0.0517869
0.0744847
0.0055737
0.0184966
0.0593492
0.0476618
0.0032721
0.00216119
0.0962715
0.00228641
0.00132395
0.0284245
0.00110001
0.000938439
0.0200051
0.100775
0.000887794
0.115181
0.047898
0.0797064
0.0933636
0.133742
0.00356837
0.0123685
0.00123058
0.0331958
0.00102476
0.016927
0.00121267
0.0537361
0.0036756
0.0920945
0.0177739
0.00201101
0.0563849
0.00475259
0.000955185
0.0165346
0.00722971
0.00558972
0.0864477
0.0561728
0.0176506
0.121056
0.00130165
0.00156051
0.057779
0.117643
0.0115054
0.113552
0.0197763
0.0290823
0.00345476
0.0591969
0.0716623
0.00371456
0.0123888
0.00174667
0.00992585
0.0341397
0.00583771
0.00613037
0.0026741
0.13503
0.00213873
0.00205058
0.0840889
0.00246696
0.000887756
0.0446302
0.128886
0.00616905
0.0102829
0.0707364
0.00737429
0.00377444
0.145639
0.056623
0.00879283
0.115184
0.00515037
0.044572
0.00981753
0.00292257
0.00587674
0.0133478
0.0941403
0.00372312
0.00279583
0.00270889
0.0139366
0.0573053
0.035441
0.00573181
0.0997954
0.0966263
0.130916
0.00882759
0.119721
0.0704624
0.106654
0.0850214
0.126016
0.00236285
0.00728082
0.110274
0.0965587
0.0677154
0.0873031
0.00959985
0.00411921
0.00366616
0.00591937
0.00114788
0.0854528
0.00183599
0.00182819
0.0180858
0.0343714
0.00498781
0.063947
0.119613
0.0785914
0.00840426
0.00101691
0.0947659
0.00329659
0.00388934
0.0164221
0.114625
0.000887182
0.129771
0.0123635
0.00573854
0.00355495
0.132003
0.0304197
0.054748
0.129836
0.0059059
0.0340542
0.00173864
0.0447734
0.0859715
0.00149535
0.0276332
0.130085
0.102299
0.00103568
0.104245
0.00899428
0.0142503
0.00251997
0.00733164
0.00179455
0.0704069
0.0239842
0.0920801
0.120935
0.0116394
0.0850809
0.0371378
0.00101121
0.147857
0.0338573
0.00230998
0.00106377
0.0698194
0.00429745
0.051609
0.0843415
0.0185575
0.0985917
0.0107325
0.00108571
0.0927022
0.126975
0.00612679
0.00146789
0.0877645
0.00802981
0.00142247
0.0741234
0.00092486
0.0265185
0.00121386
0.135591
0.00157864
0.00116211
0.0614145
0.00255916
0.0227798
0.123145
0.0510252
0.0021436
0.000889714
0.00571696
0.123921
0.00142052
0.0970788
0.0332592
0.0683376
0.00221309
0.0112071
0.00983886
0.00210499
0.0721793
0.00212734
0.00230396
0.00183019
0.00126486
0.0100895
0.0119012
0.000955448
0.112379
0.0336001
0.00465142
0.00195807
0.0929495
0.13211
0.113663
0.0558571
0.0323672
0.0217393
0.00392602
0.0720512
0.000805975
0.111525
0.0308345
0.0315749
0.0158424
0.00335523
0.118445
0.0955435
0.00823604
0.00213774
0.00280856
0.00222847
0.00151599
0.0844268
0.0793808
0.083859
0.00425619
0.0337396
0.0442662
0.00102054
0.0429658
0.00967121
0.000799436
0.0516476
0.00121289
0.00098398
0.00146248
0.0184225
0.00240044
0.000776273
0.00405619
0.0701382
0.0999603
0.0126398
0.0395649
0.0194874
0.000880348
0.000975985
0.0164709
0.0010012
0.00264843
0.00091306
0.129019
0.126077
0.0530246
0.069406
0.0445419
0.00401956
0.00218472
0.0458794
0.000954215
0.0474929
0.0505961
0.00389042
0.114915
0.00227448
0.00250693
0.00249076
0.0890548
0.0773193
0.148157
0.108645
0.00151678
0.0752896
0.0206193
0.0389773
0.00380096
0.0179564
0.0488038
0.0869455
0.00171467
0.0693315
0.00221544
0.0666179
0.009513
0.0830476
0.0851292
0.0315751
0.00397282
0.0980339
0.0419282
0.0021637
0.059908
0.00705475
0.00457328
0.00381241
0.0111687
0.104104
0.0429724
0.00294281
0.0180392
0.0699432
0.00727169
0.00857117
0.0114672
0.0687632
0.0301356
0.0585049
0.0910457
0.0302442
0.0236462
0.00405329
0.0257039
0.0015592
0.00191799
0.00920571
0.0267421
0.0662134
0.00371455
0.00102605
0.103741
0.0471777
0.0120811
0.106893
0.0267463
0.00103981
0.00605158
0.102619
0.0166815
0.0274401
0.00275992
0.0549503
0.122497
0.0877161
0.00721327
0.0694059
0.0640307
0.00418623
0.0938153
0.0132431
0.00646065
0.10038
0.00151021
0.0120344
0.00578024
0.00180125
0.0317043
0.110956
0.00572513
0.0688201
0.108691
0.100558
0.0156545
0.0895544
0.00158487
0.000864981
0.00627645
0.00653698
0.0468964
0.0042565
0.0784399
0.00211307
0.0231262
0.021653
0.0437282
0.000839839
0.115102
0.0361604
0.000975292
0.0980384
0.0102952
0.00729161
0.111193
0.00204818
0.0918264
0.00967936
0.0126069
0.0943132
0.0772727
0.0915759
0.00172378
0.0987561
0.00196078
0.111653
0.0201945
0.0187063
0.0204903
0.00140727
0.0945878
0.0287772
0.00260128
0.00711346
0.00230253
0.0289214
0.075059
0.00104062
0.0867316
0.000968712
0.0251562
0.078986
0.11668
0.00197172
0.00369474
0.0426566
0.00173857
0.0683389
0.0259838
0.0745088
0.0105034
0.0285967
0.0177779
0.00252951
0.111092
0.0946308
0.0528249
0.00110399
0.0763325
0.041614
0.00195245
0.106683
0.00414649
0.0420188
0.0185719
0.0309028
0.0392243
0.037028
0.00514266
0.0220653
0.11668
0.00296417
0.0858384
0.00937646
0.0280833
0.0028402
0.0375859
0.0361293
0.0574193
0.00115851
0.0196698
0.107454
0.00315037
0.0430477
0.0177361
0.124739
0.019473
0.139263
0.0733185
0.0421158
0.00104083
0.098271
0.0647845
0.00201487
0.111201
0.0881274
0.033144
0.00178357
0.1159
0.00846412
0.0163828
0.0033475
0.110698
0.00778658
0.111204
0.113602
0.0101471
0.0021932
0.105514
0.0797028
0.0585204
0.00938181
0.00357877
0.0245773
0.0670944
0.106036
0.000651534
0.0944793
0.00796167
0.00828738
0.00374174
0.114473
0.0458642
0.00348073
0.0363211
0.00875631
0.018239
0.0890151
0.0112948
0.0705445
0.0105276
0.112388
0.0759175
0.0543421
0.00213392
0.0666026
0.00642269
0.0833561
0.00138683
0.000929455
0.0104981
0.0933242
0.00437796
0.00228433
0.0252371
0.0396809
0.01997
0.000766338
0.124228
0.000736948
0.138453
0.00941024
0.0235974
0.100276
0.00292152
0.00071264
0.0674169
0.021661
0.121039
0.00939404
0.0799189
0.081868
0.0790587
0.00710774
0.0023625
0.0931667
0.0532969
0.0429845
0.00217702
0.0424358
0.00245209
0.0474004
0.0037809
0.000931249
0.00657588
0.00844844
0.0957855
0.104151
0.000865136
0.0417641
0.00730524
0.123541
0.00891887
0.00095485
0.00113499
0.111351
0.0698159
0.0150472
0.0017481
0.0109498
0.100898
0.00155592
0.000746021
0.0523012
0.00354463
0.0783821
0.00794665
0.0415857
0.027102
0.112921
0.00995944
0.0478596
0.0815816
0.00098337
0.0158655
0.0337431
0.00218607
0.00175931
0.0782429
0.00101555
0.107946
0.0035974
0.0226569
0.0879356
0.103969
0.0843954
0.0184981
0.0027282
0.00602274
0.0637215
0.0260428
0.00286385
0.070859
0.0673771
0.0841518
0.0285222
0.004073
0.0672795
0.0789447
0.0821405
0.00102213
0.111617
0.0390341
0.0873243
0.00644057
0.0819305
0.00689029
0.00150614
0.120435
0.0011365
0.000999554
0.0856765
0.0104713
0.00576867
0.0603012
0.0944393
0.0317483
0.0312406
0.00370152
0.0101139
0.10471
0.0780815
0.10207
0.0908184
0.0384019
0.0943251
0.00194931
0.113778
0.0606558
0.0202049
0.0376521
0.00169286
0.0753915
0.0671023
0.0304973
0.114092
0.00633649
0.000771447
0.00275797
0.00711415
0.0283187
0.00199039
0.0650387
0.0703279
0.0156669
0.000924542
0.148873
0.0298704
0.00404011
0.00729313
0.00108957
0.000894724
0.00811553
0.00472304
0.0225459
0.000844629
0.111601
0.0233001
0.0806668
0.00171237
0.0382748
0.0016244
0.118836
0.0146487
0.105236
0.0284765
0.00195336
0.085861
0.0806766
0.00150493
0.00405401
0.100724
0.058524
0.103448
0.0271517
0.0962573
0.0268721
0.0736483
0.000751373
0.105136
0.0373098
0.0938206
0.0750656
0.0550605
0.00502758
0.0901929
0.010938
0.092265
0.00106734
0.0824385
0.0112267
0.0115179
0.0692853
0.0017355
0.0704682
0.00330783
0.070231
0.0617025
0.0392416
0.0725436
0.0054818
0.0594564
0.0287533
0.0875554
0.00398506
0.00935112
0.0511577
0.103755
0.00212052
0.00615601
0.000714001
0.00189411
0.00760922
0.0497126
0.0582486
0.0241239
0.0306351
0.000753713
0.107991
0.00335482
0.0367196
0.106533
0.0166801
0.110158
0.100214
0.00524204
0.00413702
0.0825538
0.0749458
0.103831
0.0375397
0.0424761
0.078554
0.042157
0.07407
0.0155433
0.0200884
0.000910605
0.00762961
0.000706052
0.0660178
0.00189798
0.0377228
0.00600486
0.00146667
0.0539028
0.00558004
0.0507206
0.00179386
0.000825245
0.00716946
0.0430207
0.000687759
0.0135452
0.00245408
0.0221989
0.0132212
0.000833226
0.0110955
0.00378003
0.018477
0.000716815
0.0029668
0.000693058
0.0181832
0.00114085
0.000692979
0.000680776
0.107429
0.102188
0.00205338
0.0704634
0.0485481
0.00136905
0.0282417
0.0757717
0.00642197
0.000868606
0.00220145
0.00131362
0.0533155
0.0926085
0.123337
0.00173943
0.00578496
0.00517396
0.0107668
0.000872212
0.0921698
0.0190672
0.0113295
0.0209811
0.00594214
0.0245818
0.0985374
0.00183938
0.101726
0.00173088
0.0452221
0.0279921
0.00932671
0.118541
0.0227768
0.00750817
0.102111
0.0020968
0.103158
0.0653716
0.00285668
0.0326026
0.107061
0.0136253
0.00797067
0.00258569
0.0054337
0.00232558
0.0382873
0.00651286
0.00085123
0.00568987
0.0192187
0.0387958
0.00111049
0.0953908
0.0650683
0.00404537
0.00439896
0.00978605
0.0307501
0.103518
0.0963619
0.00164503
0.00434597
0.00158903
0.108429
0.00167179
0.0657245
0.00811843
0.0164997
0.0452624
0.00919351
0.0014969
0.0126129
0.00246476
0.00261642
0.10802
0.0141947
0.0151889
0.015199
0.0372879
0.0159434
0.0150819
0.00625448
0.0660921
0.000912949
0.00122738
0.0380106
0.0074324
0.00304653
0.00611206
0.0995016
0.104404
0.00189382
0.0382444
0.00614793
0.0942706
0.104816
0.00562636
0.0178655
0.0353111
0.000938736
0.0171482
0.00609223
0.0542606
0.000909343
0.0150079
0.00525227
0.0188801
0.0220482
0.00510635
0.0357498
0.00113664
0.0164646
0.00351445
0.00217245
0.000913028
0.00206508
0.000746133
0.0197859
0.00746526
0.00759475
0.00141488
0.00125065
0.075117
0.00316312
0.0660276
0.096578
0.00687802
0.00374959
0.0453793
0.00627236
0.00217303
0.00628508
0.00395031
0.00887683
0.00340264
0.0937239
0.0118822
0.0729452
0.0010201
0.0385321
0.0105679
0.00166015
0.021224
0.00457485
0.000769149
0.0764738
0.00918077
0.00172854
0.000750823
0.0660227
0.0306186
0.0318387
0.00948048
0.102175
0.00171665
0.00184429
0.0048374
0.0108436
0.0288037
0.00818179
0.00163121
0.00156971
0.0400354
0.00374574
0.0191962
0.010241
0.0145828
0.0031403
0.00463787
0.0024302
0.0863086
0.0673773
0.0988133
0.00319401
0.00903085
0.036623
0.000991143
0.00720808
0.0102332
0.0829238
0.00436692
0.0862689
0.00730569
0.00116814
0.00243107
0.00835222
0.00107129
0.00672693
0.00100285
0.0032568
0.103897
0.00132679
0.0959625
0.0070823
0.0502509
0.00203786
0.0384983
0.00877682
0.0010019
0.00687062
0.00712572
0.00647787
0.000869771
0.00085894
0.00853869
0.00213098
0.00944489
0.0994565
0.0370114
0.00861805
0.00183689
0.000844381
0.0246646
0.0146988
0.00266136
0.00876905
0.00831277
0.00311283
0.00269306
0.00448368
0.00408966
0.00331857
0.0449934
0.00119302
0.0738249
0.0942719
0.00215821
0.0212863
0.000697599
0.00107033
0.00209224
0.00348805
0.00147855
0.0711193
0.00215558
0.00189179
0.00667066
0.0139534
0.0017507
0.00486612
0.00735189
0.00544558
0.00652472
0.0895916
0.00083077
0.000791965
0.0725587
0.00185955
0.0305269
0.0400357
0.0671846
0.0117663
0.00179782
0.00188369
0.00209395
0.0148181
0.0154606
0.00427914
0.00473956
)
;


// ************************************************************************* //
