/*--------------------------------*- C++ -*----------------------------------*\
| =========                 |                                                 |
| \\      /  F ield         | OpenFOAM: The Open Source CFD Toolbox           |
|  \\    /   O peration     | Version:  v2012                                 |
|   \\  /    A nd           | Website:  www.openfoam.com                      |
|    \\/     M anipulation  |                                                 |
\*---------------------------------------------------------------------------*/
FoamFile
{
    version     2.0;
    format      ascii;
    class       labelList;
    location    "constant/polyMesh";
    object      cellProcAddressing;
}
// * * * * * * * * * * * * * * * * * * * * * * * * * * * * * * * * * * * * * //


9793
(
3
11
13
16
17
20
21
22
28
32
34
36
38
40
42
44
46
56
59
60
61
62
64
66
69
70
71
73
78
88
89
93
97
98
101
108
113
119
125
130
138
140
141
146
149
152
154
158
161
163
166
168
171
172
175
178
179
183
184
187
189
191
193
194
195
197
200
202
209
212
220
225
226
229
231
233
236
238
239
240
241
243
247
261
262
263
264
266
270
277
280
283
284
292
293
295
298
299
303
304
305
307
315
316
320
321
332
334
336
338
343
345
350
352
360
361
362
365
368
374
376
379
380
381
384
385
386
389
390
391
392
394
395
397
400
405
411
413
418
421
425
427
428
431
432
434
436
439
443
446
448
451
452
461
466
469
470
474
481
488
489
491
493
494
497
499
500
505
506
509
511
512
514
516
522
528
535
537
538
541
543
544
547
558
559
566
570
572
574
575
580
581
582
583
589
590
593
601
607
611
612
619
622
624
630
631
632
633
636
640
643
644
650
651
653
659
660
664
666
670
674
676
680
687
690
692
696
697
700
701
702
703
708
710
714
715
718
724
729
731
734
746
749
751
753
754
758
761
762
772
778
779
781
782
783
793
798
799
803
811
819
821
824
826
827
828
829
831
832
834
842
843
846
849
856
858
865
866
882
884
889
890
894
902
903
904
907
909
912
913
917
920
921
924
925
926
934
935
937
938
948
949
950
962
963
964
967
970
979
989
994
995
1004
1005
1008
1009
1010
1011
1015
1017
1019
1021
1023
1024
1025
1027
1038
1040
1043
1047
1049
1050
1053
1056
1058
1061
1062
1063
1065
1067
1068
1069
1073
1080
1085
1089
1090
1095
1096
1097
1100
1104
1107
1110
1112
1114
1115
1126
1136
1138
1140
1141
1146
1154
1155
1161
1164
1168
1172
1173
1178
1182
1188
1193
1194
1198
1199
1201
1202
1213
1215
1217
1218
1220
1221
1222
1223
1224
1225
1227
1228
1238
1240
1241
1244
1248
1250
1256
1257
1258
1260
1269
1273
1282
1285
1286
1288
1289
1292
1293
1295
1296
1297
1299
1300
1309
1310
1311
1312
1313
1315
1317
1318
1321
1323
1330
1331
1332
1335
1337
1339
1341
1343
1344
1345
1346
1350
1352
1357
1358
1359
1361
1362
1363
1370
1374
1376
1381
1388
1389
1395
1397
1398
1399
1400
1404
1406
1411
1416
1418
1423
1427
1428
1430
1432
1434
1435
1438
1440
1441
1449
1450
1451
1454
1459
1463
1465
1466
1467
1468
1476
1478
1483
1484
1492
1493
1494
1501
1510
1512
1517
1520
1524
1529
1537
1538
1540
1543
1546
1547
1550
1555
1562
1563
1565
1566
1568
1577
1583
1588
1589
1590
1591
1593
1594
1596
1603
1604
1605
1606
1608
1611
1613
1614
1615
1618
1620
1622
1634
1640
1641
1643
1645
1646
1649
1653
1657
1664
1667
1669
1674
1679
1684
1685
1686
1688
1689
1692
1701
1702
1704
1730
1731
1732
1739
1742
1754
1756
1760
1761
1762
1763
1766
1768
1769
1772
1775
1779
1785
1787
1788
1789
1796
1797
1801
1805
1807
1813
1817
1823
1827
1829
1836
1839
1845
1851
1854
1855
1858
1862
1863
1873
1879
1881
1887
1889
1892
1901
1905
1906
1908
1916
1918
1922
1924
1926
1927
1931
1933
1936
1944
1951
1952
1953
1961
1962
1968
1970
1971
1972
1978
1982
1984
1988
1989
1990
1997
2002
2005
2008
2010
2014
2022
2023
2024
2027
2031
2033
2040
2043
2054
2057
2062
2063
2069
2071
2081
2083
2085
2094
2095
2096
2097
2100
2105
2115
2117
2118
2127
2128
2129
2130
2131
2134
2144
2147
2151
2163
2171
2178
2179
2183
2184
2186
2187
2188
2193
2194
2195
2199
2202
2204
2208
2210
2214
2216
2217
2224
2226
2227
2236
2237
2238
2239
2242
2243
2244
2255
2260
2263
2264
2273
2276
2280
2282
2283
2289
2290
2292
2298
2301
2307
2310
2312
2322
2324
2326
2328
2329
2332
2333
2338
2341
2347
2351
2354
2356
2358
2360
2364
2365
2371
2381
2382
2388
2390
2393
2395
2399
2400
2401
2403
2409
2410
2423
2424
2426
2427
2428
2429
2432
2435
2436
2439
2440
2451
2452
2455
2459
2464
2466
2470
2471
2473
2478
2479
2480
2485
2486
2488
2489
2492
2493
2497
2500
2502
2512
2516
2520
2523
2527
2544
2548
2549
2550
2551
2553
2556
2557
2558
2559
2560
2561
2564
2567
2570
2571
2573
2574
2578
2580
2583
2591
2592
2593
2596
2597
2599
2602
2604
2606
2607
2610
2617
2619
2623
2627
2629
2631
2634
2635
2637
2638
2639
2651
2652
2658
2668
2670
2671
2676
2678
2680
2682
2684
2689
2694
2695
2696
2697
2699
2703
2712
2714
2718
2722
2724
2728
2730
2736
2740
2752
2753
2754
2756
2758
2761
2764
2766
2769
2772
2773
2774
2775
2777
2778
2779
2780
2781
2782
2783
2785
2787
2788
2792
2793
2795
2800
2802
2803
2806
2809
2811
2812
2814
2815
2819
2820
2822
2824
2825
2827
2828
2835
2836
2837
2845
2849
2851
2854
2856
2858
2860
2862
2868
2871
2872
2877
2878
2879
2881
2882
2885
2886
2887
2888
2889
2891
2894
2900
2901
2903
2906
2908
2909
2914
2915
2920
2923
2924
2932
2934
2936
2940
2941
2942
2943
2945
2948
2953
2954
2955
2956
2958
2960
2961
2964
2965
2966
2969
2971
2976
2978
2979
2981
2985
2990
2993
2997
3004
3006
3008
3009
3015
3017
3020
3023
3027
3031
3032
3034
3036
3039
3040
3047
3050
3055
3060
3067
3068
3070
3071
3073
3077
3078
3080
3084
3088
3091
3093
3096
3097
3099
3102
3105
3111
3114
3122
3126
3133
3134
3135
3144
3147
3150
3156
3162
3164
3165
3167
3169
3170
3171
3172
3173
3177
3179
3192
3193
3199
3200
3202
3203
3204
3206
3208
3209
3211
3216
3217
3218
3225
3229
3230
3236
3237
3241
3242
3243
3249
3251
3252
3256
3259
3260
3263
3265
3268
3271
3272
3276
3278
3281
3283
3288
3294
3295
3299
3301
3304
3305
3307
3311
3315
3318
3319
3324
3327
3328
3329
3334
3337
3339
3340
3341
3342
3344
3345
3347
3348
3349
3353
3356
3359
3365
3373
3374
3377
3379
3385
3387
3389
3391
3394
3401
3404
3410
3416
3427
3429
3430
3432
3433
3434
3436
3443
3450
3457
3458
3467
3468
3469
3471
3477
3479
3484
3486
3487
3488
3490
3492
3496
3501
3503
3509
3510
3511
3515
3516
3518
3520
3521
3522
3527
3528
3533
3537
3538
3556
3557
3559
3562
3564
3566
3568
3570
3574
3575
3577
3581
3584
3588
3596
3599
3602
3603
3613
3615
3617
3618
3622
3627
3628
3629
3630
3631
3632
3635
3636
3641
3645
3646
3648
3657
3660
3662
3666
3668
3671
3673
3674
3681
3683
3686
3687
3691
3695
3699
3700
3704
3708
3710
3714
3717
3722
3729
3731
3735
3738
3741
3742
3743
3744
3748
3754
3755
3776
3779
3780
3783
3795
3800
3802
3803
3805
3812
3813
3815
3817
3819
3821
3823
3825
3835
3836
3844
3845
3846
3848
3849
3864
3868
3869
3871
3874
3875
3878
3881
3882
3889
3900
3902
3905
3908
3915
3916
3918
3919
3926
3927
3945
3947
3948
3951
3953
3963
3966
3971
3974
3975
3976
3978
3982
3983
3984
3992
3998
4003
4008
4011
4016
4020
4023
4026
4032
4033
4036
4039
4040
4042
4047
4048
4056
4064
4071
4075
4076
4077
4079
4083
4092
4095
4100
4102
4110
4112
4120
4121
4127
4130
4133
4135
4136
4138
4139
4143
4148
4149
4150
4163
4164
4167
4174
4181
4189
4192
4193
4195
4198
4206
4211
4212
4223
4224
4229
4230
4236
4240
4241
4243
4244
4251
4253
4254
4257
4259
4261
4266
4268
4271
4274
4277
4278
4279
4286
4287
4288
4292
4295
4298
4299
4301
4302
4306
4308
4312
4314
4315
4316
4317
4323
4324
4332
4335
4340
4348
4349
4354
4355
4363
4365
4368
4370
4374
4375
4382
4390
4407
4408
4410
4415
4416
4418
4420
4421
4422
4424
4426
4427
4429
4431
4432
4433
4434
4437
4444
4448
4453
4454
4455
4461
4468
4471
4474
4475
4477
4480
4483
4485
4487
4488
4495
4498
4503
4507
4510
4511
4513
4516
4519
4522
4524
4525
4534
4537
4545
4549
4550
4551
4553
4557
4560
4561
4567
4569
4573
4581
4582
4583
4592
4601
4602
4603
4605
4606
4610
4611
4613
4615
4616
4617
4625
4626
4638
4639
4642
4643
4645
4647
4648
4651
4654
4661
4664
4667
4669
4670
4671
4673
4674
4677
4679
4680
4686
4687
4690
4691
4692
4694
4696
4699
4700
4703
4706
4708
4712
4716
4730
4741
4742
4743
4744
4745
4749
4751
4753
4756
4758
4759
4761
4763
4767
4768
4771
4772
4778
4783
4785
4786
4787
4789
4792
4793
4798
4800
4802
4805
4808
4820
4823
4835
4841
4842
4844
4846
4849
4851
4852
4857
4858
4860
4861
4864
4866
4867
4872
4873
4876
4878
4879
4880
4882
4883
4889
4892
4897
4900
4901
4904
4905
4909
4910
4913
4914
4915
4916
4923
4924
4926
4927
4931
4940
4942
4943
4945
4947
4948
4951
4957
4959
4963
4968
4969
4971
4972
4973
4974
4975
4983
4984
4987
4988
4991
4994
4997
4999
5001
5004
5005
5009
5010
5011
5012
5013
5014
5016
5020
5024
5025
5026
5027
5036
5039
5045
5050
5053
5058
5059
5060
5061
5063
5066
5070
5071
5079
5080
5081
5082
5086
5088
5089
5092
5098
5108
5113
5117
5120
5127
5130
5131
5132
5133
5140
5143
5145
5148
5149
5151
5154
5160
5165
5169
5171
5172
5176
5181
5188
5192
5193
5195
5198
5202
5203
5204
5208
5213
5214
5219
5220
5231
5241
5243
5244
5245
5248
5250
5251
5252
5253
5254
5257
5258
5261
5263
5264
5273
5274
5276
5278
5281
5283
5290
5291
5292
5294
5295
5299
5301
5303
5304
5306
5310
5313
5316
5318
5319
5323
5328
5332
5334
5337
5338
5339
5342
5343
5354
5355
5358
5361
5366
5367
5368
5369
5372
5374
5378
5383
5384
5386
5391
5392
5394
5398
5399
5404
5406
5407
5408
5410
5414
5418
5419
5424
5425
5428
5429
5430
5433
5435
5440
5443
5444
5445
5446
5448
5455
5457
5461
5466
5468
5471
5475
5476
5478
5484
5486
5489
5493
5496
5497
5498
5501
5502
5504
5505
5506
5515
5516
5517
5520
5523
5524
5527
5528
5529
5534
5536
5537
5541
5545
5553
5557
5558
5560
5566
5570
5571
5573
5574
5577
5578
5585
5587
5590
5598
5600
5602
5603
5604
5605
5606
5607
5614
5622
5624
5627
5628
5636
5638
5643
5644
5646
5647
5649
5650
5657
5660
5662
5663
5665
5668
5670
5671
5672
5677
5678
5679
5680
5685
5687
5688
5695
5696
5698
5700
5705
5708
5709
5711
5713
5715
5718
5734
5737
5738
5739
5740
5741
5744
5745
5747
5749
5750
5751
5754
5757
5758
5759
5760
5762
5770
5771
5773
5774
5777
5778
5780
5785
5787
5788
5791
5793
5794
5797
5800
5801
5804
5806
5807
5810
5815
5823
5826
5827
5834
5837
5840
5841
5850
5853
5856
5857
5859
5861
5863
5864
5866
5868
5871
5872
5875
5876
5878
5879
5883
5884
5885
5886
5888
5889
5893
5897
5900
5901
5906
5907
5911
5915
5917
5918
5920
5924
5926
5928
5931
5934
5935
5941
5944
5945
5947
5950
5953
5955
5963
5966
5969
5972
5974
5975
5977
5981
5982
5987
5988
5989
5992
5993
5994
5995
5996
5998
6000
6001
6002
6003
6006
6011
6012
6013
6015
6016
6025
6026
6028
6031
6032
6035
6037
6038
6042
6045
6046
6055
6056
6057
6058
6059
6060
6061
6062
6065
6070
6076
6078
6081
6084
6088
6092
6094
6096
6097
6098
6101
6104
6105
6107
6112
6115
6117
6122
6126
6127
6130
6132
6135
6139
6146
6147
6152
6155
6156
6158
6160
6161
6162
6163
6165
6168
6170
6171
6173
6174
6175
6177
6178
6179
6183
6186
6193
6196
6197
6199
6200
6207
6208
6209
6211
6213
6216
6217
6219
6220
6222
6226
6227
6229
6238
6242
6243
6244
6245
6248
6250
6251
6253
6254
6262
6265
6266
6267
6269
6272
6274
6279
6281
6284
6285
6294
6296
6300
6304
6306
6308
6309
6310
6312
6316
6323
6324
6325
6326
6327
6332
6334
6337
6344
6345
6347
6349
6355
6357
6362
6363
6368
6375
6381
6384
6385
6388
6395
6397
6398
6404
6407
6409
6411
6414
6415
6419
6421
6423
6426
6428
6429
6430
6436
6438
6439
6443
6447
6451
6453
6455
6465
6466
6471
6472
6475
6476
6478
6481
6483
6490
6494
6495
6498
6500
6501
6508
6514
6530
6531
6534
6535
6536
6541
6542
6543
6552
6557
6558
6564
6572
6579
6584
6585
6590
6591
6608
6609
6610
6611
6612
6613
6615
6616
6617
6618
6632
6636
6640
6641
6642
6643
6644
6645
6650
6651
6654
6657
6658
6660
6667
6673
6675
6677
6680
6683
6688
6690
6691
6692
6697
6698
6700
6702
6705
6711
6713
6716
6720
6725
6734
6743
6744
6751
6752
6753
6754
6756
6759
6764
6766
6767
6770
6771
6772
6773
6775
6776
6777
6778
6791
6796
6799
6800
6801
6802
6803
6804
6807
6808
6809
6810
6815
6818
6823
6825
6826
6830
6832
6833
6840
6850
6852
6853
6855
6857
6859
6864
6867
6868
6869
6870
6873
6883
6884
6885
6891
6894
6897
6911
6917
6919
6922
6923
6935
6939
6944
6946
6956
6957
6960
6962
6966
6969
6975
6980
6981
6982
6985
6986
6989
6991
6992
6994
6996
6998
6999
7000
7003
7007
7008
7010
7015
7021
7024
7027
7028
7029
7030
7031
7032
7034
7039
7041
7044
7046
7047
7048
7050
7054
7055
7058
7062
7068
7069
7071
7074
7081
7082
7083
7084
7087
7088
7092
7095
7105
7108
7109
7110
7111
7115
7116
7117
7118
7124
7126
7132
7135
7137
7142
7146
7153
7154
7156
7157
7159
7160
7162
7168
7172
7173
7175
7178
7182
7185
7187
7188
7193
7200
7201
7206
7207
7208
7209
7213
7214
7226
7228
7232
7234
7235
7244
7248
7249
7250
7261
7267
7268
7269
7271
7272
7273
7275
7276
7277
7278
7279
7282
7287
7288
7292
7293
7295
7296
7297
7301
7304
7310
7313
7314
7320
7321
7323
7325
7329
7331
7332
7333
7338
7341
7348
7352
7354
7355
7356
7357
7361
7363
7365
7368
7371
7380
7386
7388
7390
7391
7392
7393
7398
7400
7402
7408
7413
7418
7421
7422
7423
7425
7428
7436
7438
7440
7445
7446
7447
7454
7455
7459
7464
7466
7468
7471
7474
7481
7485
7490
7491
7492
7493
7494
7495
7498
7499
7503
7506
7514
7515
7516
7521
7531
7534
7536
7539
7541
7543
7544
7549
7551
7552
7556
7563
7566
7568
7571
7574
7577
7590
7595
7597
7598
7603
7604
7606
7610
7611
7617
7618
7623
7626
7632
7642
7643
7647
7653
7654
7655
7657
7664
7665
7668
7669
7670
7671
7672
7673
7674
7677
7684
7686
7693
7695
7696
7699
7701
7704
7706
7709
7710
7718
7720
7721
7723
7726
7727
7730
7737
7738
7739
7741
7743
7750
7751
7752
7753
7755
7756
7759
7761
7763
7764
7767
7771
7772
7775
7777
7778
7780
7781
7785
7790
7794
7795
7804
7807
7810
7813
7816
7821
7822
7823
7834
7838
7839
7841
7843
7848
7851
7855
7857
7860
7864
7865
7878
7879
7887
7888
7890
7896
7897
7898
7899
7900
7904
7909
7911
7913
7914
7918
7924
7926
7927
7931
7936
7944
7945
7946
7955
7958
7962
7963
7965
7969
7971
7972
7975
7976
7981
7982
7986
7996
8004
8005
8016
8017
8018
8023
8028
8030
8031
8032
8042
8044
8049
8053
8055
8057
8068
8073
8079
8080
8087
8088
8091
8097
8102
8104
8106
8111
8114
8118
8120
8124
8127
8130
8135
8136
8137
8139
8141
8148
8159
8160
8161
8166
8168
8175
8177
8181
8182
8184
8188
8191
8194
8196
8206
8207
8208
8210
8211
8219
8223
8226
8234
8241
8245
8250
8253
8256
8258
8259
8260
8263
8265
8274
8275
8287
8290
8292
8294
8297
8301
8304
8305
8306
8308
8312
8314
8316
8319
8321
8324
8327
8339
8346
8349
8352
8355
8363
8375
8380
8382
8392
8395
8404
8407
8408
8415
8422
8424
8425
8429
8437
8441
8442
8455
8465
8466
8467
8468
8469
8473
8478
8479
8487
8490
8493
8507
8509
8510
8512
8513
8514
8522
8524
8530
8534
8541
8545
8546
8549
8553
8560
8563
8572
8574
8590
8591
8592
8594
8603
8604
8605
8606
8612
8616
8618
8621
8625
8632
8633
8644
8645
8646
8656
8661
8667
8674
8677
8680
8681
8685
8687
8689
8694
8698
8707
8709
8712
8714
8715
8719
8724
8726
8729
8737
8741
8746
8755
8759
8763
8767
8769
8776
8779
8782
8787
8791
8792
8793
8795
8807
8808
8814
8818
8830
8835
8836
8847
8850
8854
8857
8859
8864
8865
8866
8869
8871
8875
8882
8889
8890
8902
8905
8906
8908
8913
8914
8920
8925
8931
8942
8944
8952
8954
8955
8957
8967
8972
8974
8976
8981
8986
8996
8997
9003
9005
9006
9008
9011
9012
9015
9024
9035
9038
9039
9041
9042
9044
9047
9048
9049
9053
9057
9058
9068
9073
9075
9077
9083
9087
9089
9092
9094
9095
9099
9115
9116
9121
9128
9130
9134
9136
9137
9138
9139
9141
9143
9145
9147
9151
9156
9159
9163
9166
9170
9175
9176
9178
9181
9182
9197
9206
9213
9216
9217
9218
9222
9224
9225
9226
9230
9233
9238
9246
9248
9250
9251
9253
9255
9257
9259
9261
9268
9271
9273
9274
9279
9282
9285
9289
9296
9298
9299
9305
9306
9310
9313
9318
9330
9336
9339
9342
9346
9353
9357
9359
9360
9380
9383
9387
9388
9392
9404
9414
9427
9430
9439
9443
9444
9451
9455
9457
9461
9467
9480
9497
9501
9504
9506
9511
9513
9515
9516
9517
9518
9520
9523
9525
9539
9544
9554
9557
9562
9565
9570
9573
9574
9575
9587
9589
9593
9594
9595
9600
9606
9612
9615
9623
9625
9630
9631
9632
9637
9639
9641
9645
9648
9657
9660
9671
9674
9679
9688
9692
9698
9701
9703
9710
9711
9717
9719
9720
9730
9733
9734
9736
9737
9738
9742
9743
9744
9745
9751
9752
9753
9758
9760
9761
9776
9785
9786
9791
9792
9798
9800
9801
9802
9803
9807
9808
9815
9829
9831
9836
9838
9840
9845
9846
9848
9851
9856
9861
9864
9870
9873
9890
9893
9897
9903
9904
9910
9911
9914
9916
9918
9924
9925
9926
9932
9933
9934
9938
9945
9948
9953
9954
9955
9959
9962
9964
9965
9968
9972
9974
9979
9981
9984
9985
9988
9991
9992
9996
10002
10005
10011
10013
10017
10028
10036
10041
10046
10047
10049
10053
10054
10058
10066
10068
10069
10070
10074
10083
10085
10093
10096
10099
10105
10109
10110
10119
10120
10121
10123
10125
10126
10132
10134
10140
10141
10145
10149
10150
10156
10158
10165
10167
10170
10172
10174
10187
10188
10199
10200
10205
10210
10213
10216
10220
10225
10227
10229
10238
10241
10257
10260
10262
10267
10279
10288
10290
10295
10296
10301
10307
10311
10323
10327
10331
10334
10336
10342
10343
10345
10359
10364
10371
10373
10377
10378
10379
10380
10385
10386
10387
10398
10401
10403
10411
10414
10416
10423
10433
10436
10439
10450
10456
10461
10464
10467
10469
10473
10476
10477
10479
10484
10490
10491
10493
10502
10507
10515
10519
10522
10524
10525
10526
10529
10535
10537
10543
10548
10549
10552
10558
10559
10561
10563
10568
10572
10574
10577
10578
10586
10588
10594
10600
10602
10603
10604
10613
10616
10620
10626
10632
10635
10637
10639
10643
10647
10658
10662
10664
10668
10669
10670
10672
10673
10678
10679
10681
10684
10688
10690
10694
10699
10706
10708
10713
10714
10717
10725
10726
10730
10736
10743
10744
10749
10752
10755
10756
10757
10762
10776
10777
10778
10779
10781
10784
10796
10797
10799
10805
10807
10811
10812
10816
10826
10827
10837
10840
10848
10851
10853
10858
10873
10875
10887
10888
10896
10898
10901
10902
10907
10912
10914
10915
10917
10920
10925
10928
10929
10938
10940
10947
10948
10952
10953
10954
10955
10956
10957
10960
10974
10979
10984
10989
10990
10992
10994
10996
10999
11000
11003
11004
11009
11011
11016
11017
11018
11020
11028
11031
11033
11035
11040
11042
11043
11044
11045
11046
11053
11065
11070
11080
11081
11084
11085
11092
11093
11099
11104
11106
11108
11113
11133
11136
11154
11159
11160
11163
11177
11179
11183
11184
11186
11187
11195
11196
11212
11216
11222
11228
11229
11231
11233
11236
11243
11248
11251
11252
11254
11257
11258
11273
11283
11285
11286
11289
11291
11292
11293
11295
11300
11303
11305
11312
11318
11320
11321
11324
11327
11329
11330
11335
11336
11341
11342
11343
11348
11352
11355
11356
11357
11360
11365
11372
11376
11380
11382
11385
11386
11387
11395
11405
11412
11413
11414
11416
11420
11421
11422
11424
11429
11432
11437
11443
11446
11450
11451
11452
11457
11460
11462
11466
11469
11475
11476
11478
11481
11486
11491
11499
11500
11520
11525
11526
11527
11528
11534
11535
11543
11557
11558
11568
11569
11595
11596
11597
11608
11615
11616
11618
11620
11625
11633
11640
11642
11647
11661
11664
11670
11679
11687
11692
11718
11724
11727
11731
11734
11736
11738
11742
11748
11750
11752
11758
11768
11771
11772
11774
11776
11778
11779
11781
11782
11789
11791
11792
11797
11798
11804
11809
11810
11812
11813
11820
11824
11826
11829
11835
11840
11842
11846
11849
11853
11854
11855
11856
11866
11868
11870
11874
11875
11877
11882
11888
11889
11892
11896
11897
11909
11912
11926
11934
11948
11950
11954
11958
11960
11961
11962
11963
11972
11977
11988
11994
12009
12015
12020
12026
12027
12055
12059
12078
12079
12082
12083
12084
12085
12087
12088
12092
12093
12103
12118
12124
12131
12139
12142
12158
12166
12174
12175
12179
12180
12182
12184
12190
12201
12207
12208
12215
12225
12226
12232
12235
12237
12239
12243
12246
12247
12249
12250
12253
12256
12262
12264
12268
12275
12279
12291
12294
12296
12297
12300
12301
12305
12308
12319
12320
12327
12329
12330
12340
12344
12346
12347
12349
12350
12351
12352
12361
12367
12371
12376
12377
12386
12388
12394
12395
12397
12405
12408
12411
12412
12413
12418
12424
12429
12430
12431
12436
12452
12454
12456
12459
12460
12462
12468
12470
12472
12475
12485
12488
12491
12492
12509
12517
12520
12521
12523
12526
12538
12541
12544
12547
12551
12553
12574
12578
12580
12582
12594
12595
12597
12599
12603
12604
12612
12617
12619
12622
12623
12625
12629
12632
12633
12634
12637
12639
12641
12648
12654
12655
12657
12661
12666
12676
12677
12680
12682
12685
12686
12693
12697
12700
12706
12708
12709
12710
12727
12733
12735
12742
12750
12753
12760
12763
12765
12774
12782
12789
12790
12791
12811
12813
12815
12817
12818
12821
12822
12832
12833
12838
12845
12860
12863
12867
12872
12873
12878
12881
12887
12889
12890
12892
12896
12898
12911
12920
12921
12931
12945
12953
12954
12960
12961
12969
12979
12981
12987
12990
12991
12997
12998
13001
13010
13015
13023
13036
13045
13050
13051
13061
13080
13081
13082
13090
13098
13103
13104
13122
13128
13131
13133
13140
13150
13153
13155
13162
13170
13172
13179
13190
13193
13200
13207
13209
13211
13227
13241
13242
13244
13250
13251
13258
13262
13269
13271
13287
13297
13300
13305
13313
13318
13328
13331
13340
13344
13358
13359
13367
13369
13389
13394
13399
13402
13403
13419
13423
13427
13432
13437
13439
13443
13446
13448
13472
13474
13489
13491
13492
13500
13506
13507
13511
13513
13524
13529
13543
13548
13550
13552
13562
13564
13567
13571
13574
13576
13579
13581
13586
13587
13589
13592
13593
13601
13606
13618
13626
13640
13642
13643
13682
13691
13694
13700
13705
13711
13713
13716
13719
13731
13738
13739
13740
13745
13758
13769
13772
13776
13797
13801
13832
13833
13845
13854
13857
13860
13863
13864
13870
13875
13878
13879
13883
13885
13887
13894
13908
13914
13919
13922
13925
13927
13933
13940
13941
13942
13951
13955
13957
13964
13965
13975
13977
13981
14005
14009
14016
14024
14031
14038
14040
14050
14057
14059
14072
14086
14105
14118
14121
14135
14139
14151
14166
14172
14178
14184
14196
14198
14201
14208
14209
14212
14227
14237
14239
14240
14253
14257
14258
14264
14277
14286
14299
14315
14322
14331
14359
14373
14374
14377
14379
14380
14387
14414
14419
14437
14444
14457
14481
14486
14489
14499
14506
14529
14533
14534
14537
14545
14546
14547
14548
14550
14559
14575
14576
14579
14626
14637
14641
14642
14647
14651
14666
14672
14673
14675
14676
14689
14692
14696
14705
14723
14726
14746
14753
14758
14768
14797
14810
14814
14830
14846
14859
14868
14882
14903
14904
14916
14920
14941
14949
14963
14967
14977
14987
14994
15010
15018
15022
15032
15034
15043
15046
15063
15075
15077
15087
15092
15111
15125
15140
15156
15176
15191
15203
15224
15230
15236
15249
15270
15288
15295
15299
15322
15330
15334
15340
15341
15347
15354
15360
15362
15363
15368
15374
15380
15386
15387
15417
15429
15433
15438
15442
15453
15474
15479
15500
15552
15564
15567
15574
15591
15596
15608
15637
15639
15647
15653
15655
15656
15679
15690
15699
15706
15717
15740
15743
15759
15778
15847
15861
15871
15878
15885
15887
15888
15922
15924
15942
16023
16043
16050
16068
16084
16090
16096
16107
16142
16152
16186
16187
16206
16216
16227
16239
16243
16261
16272
16308
16309
16310
16364
16463
16471
16473
16507
16510
16520
16521
16559
16568
16571
16574
16575
16577
16582
16598
16610
16659
16660
16672
16710
16714
16725
16742
16749
16755
16756
16758
16764
16767
16768
16784
16791
16811
16814
16837
16874
16878
16899
16902
16906
16931
16949
16964
16974
16981
16991
17018
17019
17032
17035
17038
17042
17044
17050
17051
17070
17071
17074
17094
17099
17101
17122
17123
17132
17140
17141
17169
17193
17194
17197
17198
17206
17208
17211
17221
17225
17234
17236
17247
17251
17392
17416
17424
17437
17441
17450
17451
17457
17477
17479
17488
17520
17521
17522
17558
17583
17609
17653
17661
17663
17667
17677
17693
17703
17705
17717
17720
17721
17730
17733
17769
17778
17784
17789
17799
17818
17829
17842
17874
17888
17914
17965
17975
17994
18015
18074
18075
18076
18079
18096
18120
18134
18163
18187
18189
18200
18214
18226
18238
18247
18266
18329
18334
18344
18348
18364
18370
18373
18435
18449
18457
18510
18580
18584
18600
18662
18670
18672
18677
18678
18679
18724
18732
18743
18768
18804
18880
18899
18904
18917
18921
18938
18940
18946
18969
18977
18982
18983
18984
18987
19009
19063
19065
19069
19097
19121
19154
19155
19163
19171
19174
19190
19210
19223
19232
19234
19238
19247
19258
19278
19288
19302
19348
19351
19352
19423
19455
19466
19477
19490
19494
19525
19531
19538
19544
19617
19626
19640
19658
19674
19689
19704
19735
19739
19745
19757
19760
19764
19811
19827
19836
19866
19868
19874
19890
19901
19916
19924
19932
19947
19968
19979
19988
19991
20007
20018
20048
20049
20065
20082
20084
20098
20106
20108
20119
20120
20141
20156
20161
20168
20175
20178
20184
20206
20245
20250
20251
20255
20259
20261
20269
20280
20315
20318
20319
20322
20335
20356
20367
20373
20382
20395
20404
20405
20414
20423
20464
20467
20468
20495
20501
20513
20538
20558
20569
20632
20638
20644
20650
20676
20766
20768
20769
20773
20780
20781
20792
20806
20811
20814
20816
20819
20834
20836
20845
20856
20881
20898
20907
20915
20921
20929
20935
20943
20949
20956
20974
20976
20979
20980
21008
21012
21014
21022
21035
21062
21095
21100
21102
21144
21152
21155
21156
21158
21160
21193
21199
21203
21206
21220
21221
21238
21242
21249
21258
21286
21296
21297
21311
21324
21329
21371
21374
21381
21389
21390
21394
21424
21434
21437
21440
21445
21457
21458
21472
21482
21485
21486
21497
21504
21521
21552
21553
21563
21570
21573
21575
21577
21592
21596
21599
21600
21603
21606
21626
21627
21630
21647
21649
21660
21663
21666
21670
21671
21676
21681
21686
21688
21695
21701
21707
21715
21722
21728
21732
21733
21734
21738
21740
21747
21755
21756
21760
21781
21785
21787
21796
21798
21807
21816
21822
21827
21832
21838
21846
21847
21850
21854
21860
21861
21869
21875
21876
21877
21878
21903
21907
21909
21915
21918
21923
21924
21925
21926
21941
21951
21963
21968
21971
21992
22007
22020
22024
22027
22031
22032
22033
22038
22040
22049
22053
22054
22055
22067
22070
22083
22084
22098
22101
22110
22113
22131
22135
22136
22137
22139
22141
22145
22148
22152
22158
22165
22180
22192
22196
22197
22218
22221
22224
22232
22234
22236
22239
22243
22244
22252
22266
22276
22296
22308
22316
22327
22328
22337
22346
22351
22352
22355
22358
22364
22371
22383
22396
22410
22418
22425
22432
22435
22440
22443
22445
22452
22454
22459
22466
22473
22482
22488
22512
22521
22527
22528
22530
22536
22538
22550
22552
22561
22578
22581
22589
22590
22591
22593
22595
22600
22612
22618
22628
22635
22638
22643
22647
22648
22663
22675
22690
22699
22707
22708
22713
22722
22730
22732
22744
22746
22767
22768
22776
22779
22795
22797
22801
22805
22821
22825
22826
22827
22834
22836
22839
22840
22844
22863
22867
22878
22895
22897
22901
22918
22933
22934
22946
22959
22962
22967
22970
22974
22975
22984
22986
22993
22994
22999
23013
23014
23017
23026
23033
23037
23043
23048
23051
23058
23064
23069
23073
23097
23103
23106
23117
23118
23121
23127
23135
23142
23148
23181
23188
23196
23206
23213
23220
23241
23249
23258
23260
23271
23272
23275
23276
23285
23290
23309
23316
23320
23324
23329
23331
23338
23343
23344
23349
23359
23360
23371
23377
23396
23398
23408
23409
23412
23424
23432
23435
23437
23446
23450
23461
23467
23471
23480
23481
23483
23485
23499
23501
23503
23509
23516
23517
23518
23526
23527
23532
23535
23542
23544
23546
23553
23554
23556
23560
23563
23564
23574
23576
23580
23592
23606
23621
23633
23643
23646
23653
23654
23667
23669
23677
23695
23702
23711
23729
23730
23731
23732
23737
23740
23745
23746
23755
23758
23760
23773
23775
23776
23777
23785
23788
23789
23790
23793
23801
23806
23808
23814
23826
23828
23831
23839
23840
23842
23850
23860
23868
23869
23874
23877
23879
23883
23889
23897
23902
23910
23912
23922
23930
23931
23936
23937
23939
23950
23953
23954
23968
23972
23973
23975
23976
23979
23984
23986
24002
24003
24007
24012
24014
24017
24019
24020
24024
24025
24031
24033
24034
24035
24037
24038
24039
24043
24055
24058
24060
24061
24066
24072
24073
24076
24080
24084
24088
24091
24092
24093
24094
24095
24097
24108
24111
24115
24116
24117
24128
24134
24139
24140
24141
24145
24147
24154
24158
24161
24162
24166
24168
24169
24171
24176
24184
24185
24186
24187
24188
24198
24202
24204
24205
24206
24209
24210
24211
24213
24214
24215
24217
24223
24224
24225
24226
24229
24231
24247
24249
24253
24256
24268
24271
24272
24274
24275
24287
24296
24299
24300
24302
24307
24331
24336
24340
24350
24351
24354
24356
24359
24361
24363
24364
24367
24368
24371
24376
24378
24379
24383
24385
24389
24393
24397
24403
24412
24428
24429
24431
24436
24437
24439
24443
24445
24446
24448
24457
24464
24465
24466
24468
24482
24483
24495
24497
24501
24504
24509
24515
24520
24521
24526
24536
24537
24538
24542
24545
24558
24560
24561
24564
24565
24575
24577
24578
24579
24583
24587
24588
24590
24591
24594
24595
24596
24603
24607
24609
24610
24619
24626
24631
24632
24637
24639
24640
24643
24646
24647
24651
24653
24655
24656
24658
24659
24660
24663
24666
24671
24676
24678
24680
24682
24684
24686
24688
24689
24695
24696
24702
24707
24709
24711
24713
24717
24718
24721
24722
24724
24729
24736
24738
24739
24742
24744
24751
24756
24757
24761
24763
24764
24767
24774
24780
24783
24784
24793
24796
24797
24804
24805
24808
24820
24833
24837
24841
24844
24845
24846
24847
24850
24857
24859
24863
24865
24873
24878
24879
24883
24884
24885
24889
24891
24897
24900
24903
24907
24914
24918
24920
24943
24945
24947
24952
24956
24958
24969
24972
24976
24978
24979
24982
24984
24986
24991
24993
25000
25001
25007
25017
25018
25026
25042
25043
25044
25053
25060
25064
25065
25067
25068
25069
25072
25077
25080
25086
25088
25093
25094
25095
25096
25097
25099
25106
25110
25113
25119
25127
25133
25137
25140
25142
25144
25145
25146
25151
25152
25155
25156
25158
25159
25160
25162
25177
25179
25183
25184
25186
25188
25189
25191
25192
25194
25197
25203
25207
25210
25222
25223
25226
25227
25235
25239
25240
25247
25248
25253
25255
25257
25263
25266
25270
25271
25272
25273
25276
25278
25283
25286
25287
25288
25289
25290
25291
25292
25293
25294
25295
25296
25297
25298
25299
25300
25301
25302
25303
25304
25305
25308
25310
25311
25315
25319
25325
25330
25333
25334
25338
25345
25346
25348
25351
25355
25359
25361
25364
25368
25374
25378
25379
25386
25387
25388
25390
25400
25407
25409
25410
25411
25412
25413
25414
25415
25416
25418
25420
25421
25428
25431
25434
25438
25441
25443
25449
25456
25457
25458
25459
25461
25463
25472
25480
25484
25488
25501
25504
25521
25530
25535
25538
25539
25542
25543
25544
25548
25550
25555
25556
25560
25562
25565
25566
25567
25573
25576
25589
25595
25596
25600
25607
25608
25613
25614
25617
25618
25619
25629
25632
25641
25643
25650
25660
25663
25664
25672
25674
25676
25680
25686
25699
25703
25706
25712
25718
25719
25724
25732
25733
25736
25739
25744
25754
25756
25764
25775
25781
25796
25798
25799
25806
25813
25815
25817
25818
25821
25822
25823
25825
25834
25836
25841
25845
25858
25860
25861
25863
25865
25867
25868
25872
25873
25880
25881
25883
25884
25889
25891
25899
25914
25919
25923
25928
25929
25931
25932
25946
25947
25949
25960
25963
25964
25966
25970
25973
25975
25979
25980
25981
25984
25993
25997
26000
26001
26006
26007
26008
26016
26025
26034
26035
26038
26043
26050
26051
26055
26056
26060
26062
26066
26072
26073
26077
26078
26079
26082
26084
26085
26086
26089
26094
26095
26096
26098
26102
26107
26110
26111
26118
26124
26132
26133
26134
26135
26149
26150
26157
26158
26162
26165
26166
26167
26168
26171
26174
26177
26179
26184
26193
26195
26196
26214
26221
26225
26226
26228
26234
26235
26236
26240
26245
26247
26252
26253
26254
26260
26267
26270
26279
26281
26288
26291
26292
26293
26294
26295
26297
26298
26301
26313
26317
26322
26325
26326
26330
26331
26338
26339
26342
26343
26353
26356
26365
26375
26376
26378
26389
26390
26396
26399
26402
26408
26416
26421
26427
26428
26429
26435
26439
26449
26460
26462
26463
26464
26470
26472
26474
26476
26484
26492
26502
26513
26514
26516
26517
26518
26526
26527
26528
26542
26544
26553
26555
26556
26559
26560
26563
26565
26575
26576
26581
26586
26590
26595
26597
26599
26602
26610
26616
26620
26625
26627
26635
26644
26645
26649
26650
26652
26654
26660
26661
26662
26663
26667
26670
26673
26678
26680
26684
26686
26688
26691
26701
26702
26705
26711
26712
26719
26723
26726
26731
26732
26733
26736
26745
26749
26751
26753
26769
26773
26779
26791
26792
26799
26800
26803
26804
26806
26809
26812
26813
26814
26816
26819
26822
26824
26826
26828
26832
26838
26840
26844
26845
26858
26861
26862
26866
26871
26874
26875
26879
26880
26884
26888
26892
26894
26895
26899
26903
26907
26908
26916
26921
26924
26926
26928
26929
26931
26945
26948
26964
26968
26969
26970
26976
26978
26981
26983
26987
26991
26997
26999
27005
27016
27020
27024
27026
27035
27037
27040
27041
27042
27046
27049
27052
27053
27056
27064
27069
27077
27078
27081
27082
27084
27087
27090
27092
27111
27117
27119
27121
27126
27128
27129
27130
27139
27140
27141
27143
27148
27149
27150
27153
27159
27168
27170
27171
27179
27190
27191
27193
27195
27197
27202
27205
27207
27210
27214
27216
27220
27222
27225
27226
27227
27233
27238
27239
27241
27242
27246
27267
27268
27271
27272
27274
27280
27287
27289
27291
27293
27296
27297
27298
27299
27301
27303
27310
27317
27319
27323
27326
27327
27328
27332
27334
27339
27351
27354
27357
27361
27362
27364
27366
27367
27369
27372
27374
27377
27379
27384
27386
27387
27389
27390
27394
27396
27400
27401
27413
27415
27418
27422
27432
27444
27446
27447
27450
27456
27468
27469
27484
27493
27496
27499
27502
27505
27507
27510
27517
27518
27523
27526
27527
27528
27530
27542
27550
27558
27561
27563
27566
27567
27575
27576
27578
27588
27593
27594
27603
27604
27611
27620
27622
27623
27629
27630
27633
27634
27636
27639
27649
27652
27653
27655
27656
27659
27660
27661
27662
27681
27691
27693
27695
27700
27702
27704
27706
27707
27718
27720
27724
27725
27728
27731
27732
27734
27738
27739
27746
27761
27763
27770
27771
27772
27773
27774
27778
27781
27784
27798
27800
27801
27806
27811
27825
27826
27830
27839
27840
27845
27846
27847
27849
27852
27854
27855
27858
27861
27866
27867
27871
27875
27877
27880
27887
27891
27896
27906
27907
27910
27915
27918
27919
27920
27921
27923
27924
27928
27932
27933
27935
27940
27943
27944
27949
27956
27963
27964
27968
27977
27980
27982
27983
27984
27986
27992
27993
27998
28000
28001
28008
28012
28015
28017
28024
28027
28032
28035
28038
28044
28047
28048
28050
28051
28053
28054
28059
28064
28067
28068
28086
28089
28091
28096
28103
28111
28112
28113
28115
28119
28124
28125
28126
28138
28145
28155
28165
28166
28176
28179
28180
28182
28184
28185
28188
28192
28194
28198
28206
28210
28214
28215
28228
28229
28232
28234
28242
28243
28244
28248
28249
28250
28251
28252
28255
28257
28258
28266
28269
28270
28272
28282
28285
28287
28288
28290
28292
28293
28294
28297
28301
28303
28307
28308
28318
28322
28324
28326
28327
28331
28333
28339
28340
28343
28351
28354
28357
28359
28363
28375
28376
28379
28380
28382
28383
28384
28386
28389
28393
28394
28398
28399
28401
28406
28410
28416
28419
28424
28425
28426
28427
28428
28431
28442
28445
28450
28455
28457
28462
28463
28465
28466
28468
28470
28471
28478
28480
28481
28482
28483
28484
28485
28486
28490
28492
28498
28499
28501
28506
28507
28510
28516
28520
28528
28534
28536
28537
28539
28545
28550
28554
28559
28564
28567
28569
28571
28573
28574
28578
28580
28584
28590
28599
28600
28607
28608
28611
28613
28617
28618
28624
28629
28631
28650
28652
28658
28666
28668
28675
28679
28681
28686
28687
28693
28698
28702
28703
28706
28707
28710
28714
28715
28717
28721
28726
28732
28736
28741
28743
28745
28749
28755
28762
28768
28773
28775
28780
28784
28786
28793
28796
28797
28798
28800
28802
28804
28807
28809
28810
28815
28823
28834
28835
28836
28839
28840
28843
28845
28851
28853
28854
28861
28862
28865
28868
28871
28872
28875
28878
28882
28883
28886
28887
28888
28889
28890
28892
28895
28896
28898
28900
28903
28904
28907
28912
28913
28919
28921
28932
28933
28936
28942
28948
28957
28961
28966
28969
28970
28971
28982
28984
28986
28992
28996
28998
29002
29007
29008
29009
29011
29012
29014
29018
29021
29022
29031
29036
29038
29043
29049
29051
29053
29054
29056
29057
29058
29060
29066
29067
29069
29074
29079
29080
29083
29095
29097
29098
29099
29100
29105
29108
29112
29113
29121
29129
29135
29138
29141
29145
29146
29148
29152
29154
29158
29159
29160
29165
29166
29167
29178
29182
29184
29187
29189
29191
29193
29199
29204
29206
29207
29208
29214
29216
29219
29221
29222
29228
29230
29233
29235
29243
29246
29247
29249
29253
29256
29258
29263
29267
29268
29269
29273
29277
29278
29280
29283
29286
29289
29290
29293
29296
29297
29300
29307
29308
29309
29311
29313
29314
29315
29316
29319
29326
29329
29330
29331
29332
29333
29336
29338
29341
29342
29344
29345
29347
29348
29349
29350
29351
29356
29357
29358
29359
29360
29362
29365
29366
29367
29370
29371
29374
29375
29376
29385
29386
29389
29392
29393
29395
29397
29399
29403
29407
29411
29412
29413
29416
29426
29430
29432
29439
29441
29445
29447
29454
29457
29460
29461
29464
29470
29474
29475
29477
29478
29481
29482
29483
29485
29486
29488
29491
29492
29494
29496
29505
29511
29512
29513
29522
29524
29525
29530
29536
29537
29538
29540
29541
29542
29544
29546
29547
29549
29550
29551
29552
29554
29557
29563
29564
29565
29568
29569
29572
29573
29574
29576
29577
29580
29583
29584
29585
29588
29590
29594
29597
29603
29604
29605
29611
29624
29630
29634
29638
29642
29643
29644
29645
29648
29649
29654
29658
29661
29664
29665
29669
29670
29671
29672
29674
29679
29684
29685
29687
29688
29692
29696
29700
29701
29703
29705
29706
29715
29720
29721
29722
29725
29726
29730
29734
29737
29740
29742
29746
29747
29748
29752
29753
29754
29756
29757
29758
29759
29760
29765
29768
29769
29771
29772
29773
29778
29780
29781
29785
29787
29789
29790
29792
29794
29796
29799
29800
29801
29807
29810
29812
29814
29820
29822
29823
29824
29827
29828
29829
29830
29833
29834
29849
29855
29856
29858
29860
29864
29868
29873
29874
29875
29876
29879
29881
29882
29884
29885
29892
29900
29901
29907
29911
29912
29920
29921
29923
29924
29925
29927
29929
29930
29931
29933
29936
29937
29939
29940
29942
29948
29949
29950
29951
29957
29958
29961
29962
29965
29968
29970
29971
29974
29978
29979
29981
29982
29989
29990
29991
29993
29995
29996
30000
30001
30004
30006
30011
30013
30017
30018
30020
30024
30025
30026
30031
30032
30033
30034
30035
30036
30043
30048
30052
30053
30054
30055
30059
30065
30071
30072
30073
30074
30077
30085
30087
30090
30091
30092
30093
30096
30102
30104
30107
30110
30115
30127
30128
30134
30136
30139
30140
30142
30146
30147
30148
30150
30163
30172
30173
30175
30178
30180
30181
30194
30198
30200
30202
30207
30208
30215
30219
30223
30225
30226
30230
30231
30239
30242
30244
30245
30255
30258
30259
30274
30294
30307
30311
30314
30317
30326
30331
30332
30336
30337
30340
30345
30346
30347
30349
30352
30359
30367
30368
30382
30389
30391
30393
30397
30400
30401
30402
30405
30409
30410
30412
30413
30416
30418
30424
30425
30427
30428
30433
30440
30447
30451
30452
30455
30456
30459
30466
30468
30470
30473
30475
30484
30485
30488
30489
30493
30494
30496
30497
30498
30501
30502
30505
30509
30511
30512
30513
30514
30516
30517
30519
30520
30521
30522
30523
30528
30532
30536
30538
30540
30544
30545
30552
30555
30559
30561
30565
30566
30570
30574
30576
30577
30578
30581
30585
30587
30588
30589
30591
30594
30598
30599
30600
30603
30608
30612
30615
30617
30624
30631
30633
30634
30635
30636
30639
30642
30643
30644
30647
30649
30650
30651
30657
30660
30661
30663
30664
30666
30670
30672
30679
30683
30685
30686
30689
30690
30694
30695
30696
30706
30708
30719
30724
30725
30726
30728
30731
30732
30734
30736
30740
30742
30747
30748
30749
30753
30754
30761
30768
30770
30780
30782
30784
30785
30787
30797
30801
30804
30809
30820
30823
30824
30826
30827
30828
30833
30840
30841
30845
30846
30848
30849
30850
30853
30857
30864
30865
30866
30870
30871
30883
30885
30889
30890
30892
30894
30896
30901
30902
30904
30906
30907
30908
30909
30910
30911
30915
30918
30919
30920
30921
30922
30923
30925
30928
30929
30938
30939
30940
30943
30950
30952
30955
30956
30958
30965
30966
30969
30970
30974
30980
30983
30986
30992
31000
31004
31012
31013
31016
31021
31022
31023
31024
31025
31027
31029
31030
31036
31037
31039
31043
31044
31047
31050
31051
31053
31056
31064
31069
31070
31075
31076
31082
31083
31087
31088
31089
31090
31093
31098
31099
31101
31103
31105
31111
31112
31114
31124
31130
31137
31139
31140
31142
31144
31149
31155
31156
31159
31167
31169
31171
31172
31173
31185
31186
31188
31191
31192
31205
31207
31211
31212
31213
31214
31215
31216
31218
31225
31231
31232
31233
31238
31239
31243
31247
31248
31256
31264
31265
31268
31270
31272
31273
31275
31279
31281
31285
31287
31289
31293
31298
31299
31304
31305
31315
31325
31327
31333
31334
31336
31339
31343
31346
31348
31354
31355
31356
31359
31363
31365
31367
31374
31375
31376
31391
31394
31395
31398
31400
31401
31406
31409
31410
31411
31418
31420
31421
31422
31426
31428
31430
31432
31442
31443
31446
31455
31457
31462
31465
31468
31470
31472
31473
31475
31476
31478
31483
31485
31486
31487
31488
31491
31493
31494
31495
31498
31502
31508
31513
31515
31516
31517
31519
31525
31527
31528
31531
31536
31550
31552
31553
31554
31561
31562
31565
31568
31569
31570
31571
31572
31577
31579
31582
31595
31599
31608
31611
31620
31621
31623
31625
31629
31635
31636
31637
31638
31641
31646
31650
31651
31655
31657
31658
31659
31660
31669
31674
31675
31677
31680
31682
31684
31690
31692
31697
31703
31705
31708
31709
31710
31722
31726
31730
31731
31733
31738
31744
31746
31747
31753
31761
31762
31763
31773
31774
31775
31780
31784
31785
31790
31792
31796
31798
31799
31801
31804
31810
31814
31818
31820
31821
31823
31827
31829
31831
31837
31839
31841
31850
31855
31856
31858
31860
31869
31870
31878
31885
31887
31890
31891
31893
31899
31901
31906
31907
31908
31910
31913
31914
31915
31918
31919
31923
31924
31926
31927
31928
31931
31935
31937
31938
31939
31940
31941
31942
31944
31946
31947
31948
31954
31958
31961
31962
31966
31967
31968
31971
31977
31978
31981
31983
31984
31990
31993
31999
32002
32003
32005
32009
32011
32015
32019
32021
32022
32023
32029
32033
32038
32044
32045
32047
32052
32053
32054
32065
32066
32067
32068
32069
32072
32076
32077
32078
32079
32080
32081
32088
32092
32093
32095
32099
32100
32107
32109
32115
32117
32119
32123
32125
32126
32130
32133
32140
32141
32142
32143
32144
32150
32156
32158
32162
32164
32165
32168
32170
32175
32187
32190
32194
32195
32198
32205
32210
32215
32219
32220
32221
32227
32229
32230
32233
32235
32237
32238
32240
32244
32246
32252
32256
32257
32260
32261
32263
32264
32266
32269
32270
32272
32273
32274
32278
32280
32281
32285
32290
32295
32296
32298
32302
32305
32307
32308
32311
32312
32313
32314
32320
32321
32324
32325
32332
32333
32335
32340
32341
32348
32349
32351
32352
32355
32362
32365
32366
32369
32371
32372
32374
32379
32380
32381
32382
32386
32387
32389
32391
32398
32399
32400
32401
32402
32403
32408
32411
32413
32415
32419
32421
32424
32428
32429
32431
32433
32435
32439
32441
32448
32452
32453
32456
32458
32459
32462
32463
32464
32466
32467
32473
32476
32484
32488
32489
32491
32493
32494
32498
32499
32501
32503
32504
32507
32510
32517
32518
32523
32532
32536
32537
32539
32542
32543
32545
32546
32547
32551
32553
32556
32558
32567
32568
32573
32576
32579
32580
32582
32583
32584
32588
32591
32597
32598
32599
32607
32608
32610
32613
32614
32615
32617
32618
32620
32621
32622
32625
32627
32629
32631
32634
32635
32636
32637
32638
32640
32642
32643
32644
32645
32647
32648
32652
32654
32658
32660
32662
32665
32669
32670
32675
32679
32681
32686
32687
32688
32689
32691
32693
32697
32698
32700
32702
32703
32705
32709
32710
32713
32715
32716
32717
32718
32724
32728
32732
32734
32736
32741
32743
32745
32747
32752
32757
32760
32761
32764
32765
32767
32768
32772
32773
32776
32780
32786
32789
32801
32802
32808
32810
32811
32813
32819
32821
32826
32827
32829
32830
32831
32835
32840
32841
32842
32843
32846
32849
32852
32855
32857
32858
32860
32863
32865
32866
32867
32873
32875
32879
32884
32887
32897
32899
32904
32912
32914
32922
32923
32925
32928
32930
32933
32940
32941
32945
32946
32950
32951
32958
32962
32964
32971
32973
32975
32979
32983
32984
33003
33006
33009
33012
33014
33015
33018
33019
33022
33029
33034
33041
33045
33046
33048
33050
33052
33054
33057
33059
33060
33061
33063
33065
33068
33069
33071
33075
33077
33079
33082
33083
33085
33087
33097
33099
33115
33116
33121
33127
33132
33135
33143
33144
33145
33146
33152
33154
33155
33159
33162
33164
33173
33176
33178
33179
33183
33185
33191
33195
33197
33206
33207
33210
33213
33214
33217
33219
33220
33231
33234
33236
33237
33241
33246
33247
33249
33250
33253
33254
33255
33264
33267
33270
33272
33273
33275
33280
33282
33286
33288
33293
33296
33297
33300
33305
33309
33310
33311
33314
33317
33318
33329
33334
33337
33346
33349
33351
33352
33355
33364
33369
33371
33373
33374
33381
33382
33384
33385
33386
33390
33395
33398
33399
33403
33406
33413
33416
33417
33422
33424
33428
33429
33435
33440
33443
33446
33447
33449
33451
33454
33456
33457
33464
33467
33470
33472
33474
33475
33480
33481
33484
33485
33488
33496
33502
33505
33506
33510
33517
33518
33521
33523
33525
33526
33527
33529
33533
33536
33541
33542
33548
33552
33558
33575
33578
33581
33583
33597
33600
33606
33607
33608
33613
33619
33623
33631
33638
33639
33645
33646
33649
33650
33652
33653
33654
33655
33663
33669
33670
33673
33677
33678
33682
33683
33684
33685
33686
33688
33691
33692
33693
33694
33700
33702
33705
33708
33711
33713
33715
33720
33723
33724
33725
33727
33730
33732
33734
33738
33746
33748
33752
33755
33759
33762
33766
33768
33770
33771
33777
33780
33781
33783
33784
33790
33796
33804
33808
33813
33818
33822
33823
33827
33829
33830
33831
33832
33834
33836
33838
33851
33852
33859
33861
33863
33874
33882
33883
33885
33888
33890
33905
33913
33914
33919
33920
33926
33931
33932
33933
33934
33935
33937
33940
33942
33943
33945
33949
33950
33951
33952
33954
33956
33957
33958
33959
33961
33962
33965
33966
33969
33973
33979
33980
33983
33985
33987
33988
33990
34001
34006
34008
34010
34011
34012
34015
34017
34024
34025
34026
34031
34034
34035
34039
34041
34043
34045
34052
34053
34054
34057
34058
34064
34066
34067
34068
34074
34077
34080
34081
34083
34085
34087
34090
34093
34096
34099
34100
34102
34103
34104
34113
34119
34126
34136
34141
34142
34144
34145
34148
34152
34153
34156
34158
34159
34162
34172
34174
34175
34176
34183
34190
34193
34197
34199
34201
34203
34210
34216
34217
34220
34225
34228
34230
34231
34235
34239
34246
34248
34249
34252
34253
34259
34260
34261
34266
34269
34271
34272
34274
34277
34279
34280
34282
34283
34288
34289
34291
34292
34293
34294
34295
34297
34299
34307
34308
34310
34311
34315
34316
34323
34330
34339
34341
34344
34350
34354
34367
34368
34369
34378
34379
34383
34384
34387
34389
34392
34394
34396
34401
34406
34407
34410
34412
34415
34417
34422
34428
34430
34433
34434
34439
34440
34442
34446
34455
34460
34463
34465
34468
34470
34473
34476
34477
34479
34484
34486
34487
34490
34491
34498
34501
34502
34507
34508
34509
34512
34514
34515
34516
34518
34519
34524
34525
34537
34543
34546
34548
34551
34555
34556
34560
34565
34569
34576
34577
34578
34581
34582
34583
34585
34588
34594
34596
34603
34605
34607
34608
34609
34610
34614
34618
34620
34621
34623
34625
34626
34630
34631
34635
34637
34640
34647
34649
34652
34656
34657
34661
34665
34667
34668
34671
34673
34678
34680
34681
34682
34683
34685
34687
34688
34689
34690
34692
34694
34697
34701
34703
34704
34708
34712
34713
34714
34720
34724
34725
34730
34732
34734
34736
34737
34738
34739
34743
34745
34747
34749
34757
34759
34761
34762
34763
34764
34765
34770
34777
34779
34784
34786
34793
34796
34804
34805
34808
34812
34815
34817
34820
34821
34825
34826
34827
34831
34832
34833
34835
34841
34842
34843
34844
34845
34848
34851
34852
34854
34857
34861
34862
34871
34872
34873
34881
34884
34894
34895
34896
34898
34899
34903
34907
34908
34915
34919
34921
34923
34926
34927
34931
34932
34934
34944
34946
34950
34954
34958
34959
34960
34967
34969
34972
34977
34978
34979
34980
34984
34991
34992
34995
34997
35000
35001
35003
35006
35012
35013
35016
35018
35020
35023
35024
35025
35027
35029
35031
35033
35034
35037
35044
35049
35050
35053
35054
35059
35063
35064
35065
35074
35075
35080
35085
35095
35098
35099
35103
35105
35107
35112
35115
35117
35125
35132
35134
35135
35136
35140
35143
35144
35146
35153
35154
35157
35158
35160
35161
35167
35169
35171
35176
35177
35178
35184
35185
35187
35188
35189
35190
35195
35199
35200
35204
35205
35207
35211
35218
35219
35222
35225
35226
35228
35229
35230
35232
35233
35236
35237
35238
35243
35245
35246
35251
35252
35253
35255
35259
35260
35264
35269
35273
35274
35276
35277
35282
35285
35289
35290
35301
35305
35315
35316
35317
35322
35328
35330
35331
35337
35341
35345
35346
35348
35349
35351
35356
35357
35359
35361
35362
35365
35366
35367
35374
35375
35383
35386
35387
35395
35396
35402
35403
35404
35418
35422
35425
35426
35430
35432
35435
35437
35439
35441
35442
35443
35446
35447
35454
35455
35456
35471
35472
35474
35479
35485
35487
35488
35496
35500
35503
35504
35505
35509
35510
35512
35514
35516
35517
35518
35519
35520
35526
35536
35538
35540
35541
35543
35544
35545
35546
35547
35550
35559
35560
35562
35568
35573
35578
35582
35583
35584
35586
35591
35595
35603
35604
35605
35606
35608
35611
35612
35616
35620
35621
35624
35625
35634
35639
35646
35647
35651
35655
35656
35657
35658
35661
35663
35664
35665
35669
35672
35674
35680
35691
35695
35698
35702
35704
35705
35709
35711
35712
35713
35730
35734
35736
35739
35741
35747
35754
35757
35761
35766
35767
35770
35771
35775
35784
35786
35787
35792
35795
35796
35798
35801
35807
35809
35811
35813
35816
35817
35820
35821
35823
35824
35825
35826
35827
35829
35832
35836
35840
35845
35847
35852
35857
35858
35859
35873
35875
35877
35878
35879
35881
35883
35886
35887
35889
35890
35896
35899
35910
35911
35917
35919
35923
35925
35926
35931
35934
35936
35946
35948
35954
35956
35957
35963
35964
35965
35969
35971
35975
35976
35979
35980
35981
35983
35986
35992
35994
35995
36004
36006
36009
36014
36017
36019
36021
36024
36025
36028
36034
36040
36041
36042
36046
36050
36057
36061
36067
36071
36073
36077
36082
36083
36087
36092
36093
36094
36097
36101
36111
36112
36118
36121
36122
36127
36130
36132
36135
36139
36141
36155
36159
36163
36164
36165
36170
36173
36178
36180
36181
36186
36188
36191
36193
36195
36196
36198
36201
36202
36204
36205
36207
36217
36225
36228
36231
36233
36235
36236
36239
36241
36246
36248
36249
36252
36253
36256
36257
36258
36259
36260
36281
36286
36287
36288
36291
36294
36296
36298
36300
36301
36305
36306
36308
36311
36313
36316
36319
36322
36323
36325
36327
36329
36332
36334
36337
36338
36342
36348
36350
36360
36361
36381
36382
36391
36405
36406
36407
36409
36410
36411
36412
36415
36416
36419
36420
36423
36424
36425
36428
36430
36431
36433
36439
36440
36441
36442
36444
36446
36449
36451
36453
36455
36459
36462
36473
36474
36476
36483
36486
36488
36491
36494
36498
36499
36500
36503
36508
36510
36514
36515
36517
36527
36528
36529
36538
36539
36541
36544
36553
36554
36565
36571
36578
36582
36585
36586
36591
36592
36594
36598
36599
36600
36604
36606
36614
36618
36623
36628
36636
36637
36638
36640
36641
36643
36644
36645
36646
36648
36649
36650
36655
36661
36663
36664
36670
36675
36678
36680
36681
36684
36688
36695
36697
36700
36704
36713
36722
36724
36735
36742
36750
36751
36752
36753
36755
36760
36761
36763
36768
36775
36777
36778
36787
36797
36799
36802
36806
36810
36812
36813
36814
36815
36817
36818
36821
36823
36825
36827
36828
36830
36833
36838
36841
36843
36844
36847
36849
36850
36851
36855
36857
36859
36861
36862
36864
36872
36873
36884
36887
36889
36893
36898
36899
36902
36903
36905
36908
36910
36914
36916
36920
36922
36923
36933
36947
36952
36960
36961
36972
36974
36976
36983
36984
36985
36986
36987
36994
36995
36996
37000
37002
37003
37005
37007
37010
37011
37014
37017
37018
37024
37031
37036
37040
37045
37046
37052
37053
37065
37066
37071
37073
37074
37075
37087
37090
37091
37092
37096
37099
37100
37108
37109
37112
37113
37115
37121
37122
37127
37128
37130
37139
37140
37143
37145
37147
37148
37152
37153
37156
37157
37164
37168
37170
37172
37179
37183
37185
37196
37204
37210
37211
37227
37234
37235
37240
37248
37249
37251
37253
37254
37264
37265
37274
37275
37278
37280
37287
37290
37291
37292
37293
37295
37296
37298
37302
37308
37312
37315
37316
37331
37333
37337
37338
37342
37344
37347
37348
37352
37353
37354
37355
37363
37364
37367
37373
37385
37386
37394
37395
37399
37406
37408
37409
37413
37415
37416
37421
37426
37436
37438
37440
37443
37445
37452
37455
37459
37460
37465
37467
37468
37469
37470
37475
37476
37478
37482
37486
37487
37490
37496
37503
37506
37507
37510
37513
37514
37523
37524
37527
37528
37529
37533
37538
37558
37562
37563
37571
37573
37574
37578
37585
37587
37590
37591
37593
37596
37599
37600
37604
37606
37612
37616
37619
37621
37626
37628
37631
37632
37634
37636
37638
37643
37649
37650
37656
37657
37669
37672
37682
37683
37688
37695
37696
37700
37701
37709
37714
37717
37718
37723
37725
37726
37733
37750
37756
37759
37760
37763
37768
37769
37770
37774
37779
37781
37782
37785
37786
37788
37789
37797
37801
37805
37806
37807
37809
37812
37813
37815
37817
37821
37822
37829
37830
37837
37838
37841
37845
37851
37855
37859
37861
37867
37873
37874
37882
37892
37897
37902
37907
37908
37911
37912
37916
37919
37921
37923
37927
37931
37935
37939
37946
37947
37948
37949
37958
37961
37966
37977
37982
37983
37995
37997
38005
38012
38015
38017
38023
38027
38037
38040
38043
38045
38046
38049
38050
38051
38062
38064
38070
38072
38077
38080
38081
38084
38088
38090
38091
38093
38097
38100
38110
38111
38134
38135
38141
38146
38151
38155
38157
38159
38161
38162
38164
38166
38168
38173
38176
38177
38178
38183
38193
38195
38200
38212
38214
38218
38219
38220
38222
38224
38233
38234
38239
38242
38247
38249
38251
38253
38254
38255
38258
38262
38263
38267
38272
38282
38283
38284
38289
38290
38291
38303
38307
38312
38314
38315
38321
38333
38338
38340
38342
38344
38347
38348
38349
38357
38360
38370
38373
38380
38381
38383
38393
38394
38395
38398
38407
38410
38412
38413
38417
38428
38431
38432
38433
38437
38439
38444
38452
38454
38456
38458
38464
38465
38467
38469
38471
38476
38478
38480
38485
38486
38490
38491
38494
38500
38509
38517
38521
38528
38530
38535
38537
38538
38539
38540
38543
38547
38550
38552
38553
38557
38559
38562
38563
38568
38570
38572
38573
38578
38580
38585
38590
38592
38599
38605
38611
38615
38619
38621
38624
38632
38633
38641
38642
38648
38660
38669
38674
38676
38684
38687
38691
38693
38698
38699
38701
38702
38705
38706
38711
38712
38721
38725
38727
38742
38745
38753
38755
38757
38762
38765
38770
38771
38777
38780
38781
38785
38789
38791
38795
38802
38804
38806
38807
38813
38819
38820
38827
38829
38832
38836
38841
38842
38843
38846
38850
38855
38856
38868
38870
38871
38874
38881
38889
38890
38896
38897
38898
38900
38902
38903
38908
38909
38910
38913
38915
38918
38919
38921
38924
38925
38928
38929
38936
38937
38938
38942
38943
38944
38945
38950
38951
38953
38954
38961
38964
38970
38971
38977
38978
38984
38985
38986
38987
38989
38991
38993
38996
38997
38999
39004
39009
39011
39012
39015
39016
39021
39023
39024
39028
39031
39033
39034
39035
39036
39039
39040
39042
39044
39047
39050
39051
39053
39057
39065
39071
39073
39079
39080
39087
39089
39090
39093
39096
39098
39099
39103
39105
39106
39107
39109
39113
39115
39116
39119
39122
39123
39126
39130
39131
39133
39136
39137
39143
39149
39153
39154
39156
39160
39161
39165
39166
39167
39168
39172
39173
39174
39175
39176
39181
39188
39189
39190
39191
39193
39195
39196
39197
39205
39206
39209
39210
39217
39218
39223
39226
39229
39231
39236
39239
39242
39247
39253
39254
39256
39258
39259
39260
39264
39265
39266
39267
39270
39271
39272
39274
39275
39276
39277
39279
39281
39283
39284
39291
39292
39293
39296
39297
39300
39307
39309
39310
39311
39318
39319
39320
39321
39325
39326
39330
39332
39333
39336
39338
39343
39344
39345
39346
39347
39351
39352
39354
39357
39358
39360
39363
39364
39365
39367
39369
39372
39374
39377
39379
39380
39382
39383
39384
39388
39390
39394
39395
39398
39399
39400
39401
39402
39405
39406
39407
39411
39413
39415
39418
39423
39435
39436
39447
39450
39453
39454
39455
39456
39457
39462
39464
39469
39473
39482
39484
39486
39489
39494
39498
39502
39504
39508
39515
39517
39518
39521
39524
39525
39527
39530
39531
39534
39535
39536
39545
39547
39554
39558
39567
39574
39575
39576
39579
39581
39582
39586
39597
39601
39604
39605
39608
39609
39611
39614
39615
39616
39619
39625
39627
39628
39635
39637
39642
39645
39650
39651
39652
39655
39667
)


// ************************************************************************* //
