/*--------------------------------*- C++ -*----------------------------------*\
| =========                 |                                                 |
| \\      /  F ield         | OpenFOAM: The Open Source CFD Toolbox           |
|  \\    /   O peration     | Version:  v2012                                 |
|   \\  /    A nd           | Website:  www.openfoam.com                      |
|    \\/     M anipulation  |                                                 |
\*---------------------------------------------------------------------------*/
FoamFile
{
    version     2.0;
    format      ascii;
    class       volScalarField;
    location    "150";
    object      omega_0;
}
// * * * * * * * * * * * * * * * * * * * * * * * * * * * * * * * * * * * * * //

dimensions      [0 0 -1 0 0 0 0];


internalField   nonuniform List<scalar> 
9793
(
0.134801
0.213701
0.11705
0.0210205
1.80709
0.0230584
0.0220357
0.0207958
0.021611
1.73915
0.0459147
0.0676342
0.0210733
0.0207737
0.0231956
0.0205663
0.0233406
0.0237674
1.58441
0.0207508
0.0656516
0.0235044
0.0731666
0.0195838
0.0219409
0.0211846
0.0208682
0.0210954
0.0382005
0.0216023
0.0331735
0.0575871
0.40767
0.0219415
0.0426884
0.0884202
0.0226773
0.0234813
0.0208866
0.0211289
0.0324892
0.0232257
0.0222754
0.0221681
0.0222949
0.0213948
0.0409165
0.275241
0.420464
0.0209903
0.0439382
0.0504444
0.0233971
0.0216724
0.45941
0.0898931
0.021445
0.0755618
0.762674
0.0208728
0.021824
0.0233896
0.760419
0.0219581
1.94611
0.375148
0.753081
0.719933
0.0638559
0.0455095
0.585202
0.0209739
0.0211565
0.202243
0.048967
0.687458
0.0214398
0.0202865
0.0222535
0.0212754
0.399834
0.0219103
0.225457
0.0128795
0.0299595
0.227735
0.0216027
0.0214366
0.0227819
0.0222175
0.203353
2.05209
0.0206482
0.0437309
0.0230651
0.0202277
0.084654
0.215255
0.0205723
0.020354
0.0203265
0.0218623
0.020494
0.0204675
0.0202738
0.0295367
0.0225982
0.0219064
0.023017
0.273643
0.0211639
0.0631564
0.0214231
0.112386
0.0500737
0.0214491
0.31979
0.0475268
0.0224985
0.0392975
0.279666
0.0227874
0.0213487
0.0233695
0.0220172
0.0647355
0.0332915
0.199227
0.0227356
0.0211755
0.0215704
0.0214462
0.0211774
0.0220294
0.0215716
0.0214356
0.0223245
0.0219766
0.0214145
0.019987
0.0213371
0.0218155
0.021235
0.0203703
0.0210426
0.0221622
0.21419
0.0203803
0.0205311
2.11489
1.10455
0.0215583
1.16304
1.67605
0.020486
0.022255
0.0207371
0.021719
0.0203414
0.0211803
0.020799
0.0210794
0.0202916
1.60121
0.208068
0.0720456
0.265931
0.0259033
0.0206518
0.021326
0.0212328
0.190399
0.209467
0.231843
0.0219405
1.60729
0.0214443
0.0195865
0.0212006
0.0261416
0.807052
0.022309
0.0203677
0.0218352
0.482504
0.0211391
0.0846095
0.0211938
0.0213248
0.020305
0.0219459
0.0213351
0.546911
0.0640836
0.730207
0.0259006
1.60094
0.0212024
1.59663
0.0200639
0.0215648
1.45103
0.0965491
0.0211808
0.0214465
0.0200738
0.0779625
0.0203476
0.0272762
0.0225684
0.0289877
0.466122
0.460049
0.0217028
1.72247
0.0206348
0.0214642
0.415095
0.0200759
0.700449
0.0643192
0.0213833
0.0220237
0.0213373
0.0604123
1.6085
0.0230969
0.0204573
0.0634752
0.0395789
0.0196187
0.0195873
0.0223571
0.0202214
0.0370921
0.704619
0.0213959
0.021141
0.0785924
0.0216359
0.0269957
0.0205872
0.0210883
0.390474
0.0210991
0.0205265
0.0207815
0.0216995
0.0205802
0.0217958
0.0218582
0.0238832
0.0472982
0.035116
0.0210368
0.024331
0.0212128
0.0241384
0.0230566
0.0202846
0.348204
0.0211183
0.0470965
0.0215881
0.0261965
0.0197337
0.0197092
0.0289153
1.43057
0.0223035
0.0203179
0.0200513
0.0272044
0.0214035
0.197415
0.203419
0.0211849
0.0692777
0.0213784
0.0351948
0.021625
0.0196528
0.0223755
0.0209962
0.0332409
0.0213792
0.0218548
0.0252228
0.0211305
0.0214378
0.0214038
0.341805
0.0224927
0.0228037
0.0216293
0.0220165
0.0222195
0.0256287
0.0212523
1.50035
0.020491
0.465409
0.31557
0.0223721
0.0221534
0.0203422
0.0280075
0.024659
0.0215412
0.47948
0.0217834
0.0203221
0.0248661
0.0220339
0.0216104
0.0219007
0.110641
0.0211042
0.0261853
0.0226214
0.0210114
0.201309
1.69381
0.202906
0.0198883
0.470448
0.0223694
0.839823
0.0549482
0.0201256
0.0229265
0.0547542
0.0216426
0.0255199
0.0534902
0.0207544
0.0221407
0.0215412
0.0211205
0.0211781
0.869813
0.0211957
0.0209971
1.52279
0.0216573
0.0205252
0.0198519
0.0226621
0.0207703
1.45121
0.0221092
0.0214033
0.0218011
0.0218419
0.0649745
0.0216404
0.0337937
0.0195963
0.032285
1.4878
0.0854516
0.0337833
0.0225841
0.0226658
1.71121
0.0218707
0.344836
0.0216732
0.0202781
0.28794
0.0252204
1.66982
0.021407
0.0393309
0.0977381
0.0229839
0.0211147
0.373401
0.0247937
0.209476
0.0243609
0.0216034
0.246736
0.0212823
0.0225433
0.021795
0.0214058
0.0209009
0.0216381
0.0238526
0.0898291
0.0218195
2.22623
0.155423
1.71458
0.0397811
0.203902
0.0210465
0.0215392
1.86951
0.205712
0.020656
0.0218808
1.28912
0.0200411
0.12631
0.0211637
0.0238856
0.0200211
0.0303641
0.0211879
0.0251981
0.0702877
0.0203698
0.101644
0.0252038
0.0222247
0.0254683
0.0214751
0.022382
0.0221634
0.64504
0.0213522
0.0216383
0.0529223
0.0215765
0.0230134
0.0223641
0.0202351
0.0268016
0.0211944
0.0216524
0.0199633
0.37233
0.0217034
0.397929
0.0213436
0.665401
0.0232005
0.0214812
0.0225738
0.0218229
0.58852
0.0211785
1.6878
0.020384
0.0212501
0.022518
1.09211
0.034773
0.444182
0.552684
0.0233964
0.0212702
0.0385621
0.0266956
0.029697
0.222848
0.399148
0.0216699
0.0234508
0.0394698
0.0213572
0.022171
0.021335
0.0204934
0.0222094
0.113402
0.0252788
0.340906
0.0205297
0.0284944
0.0195714
0.021779
0.0216574
0.0219578
0.0388214
0.0214522
0.0228387
0.0200224
0.0214355
0.0234219
0.286432
0.0212525
0.0212676
0.365451
0.0242321
0.022115
0.769804
0.648063
0.0215604
0.0219307
0.022696
0.0234842
0.0216739
0.022555
0.0221889
0.0213004
0.0212369
0.0210534
0.216735
0.0526099
0.0207469
0.58177
0.0331145
0.0204542
0.0225192
0.0222227
0.0592282
0.0216112
0.0928364
0.0201558
0.0211022
0.0435302
0.0213133
0.0297852
0.280369
0.0269995
0.0204381
2.34266
0.0239741
0.0205548
0.0212339
0.0446335
0.0209381
0.0205399
0.0212742
0.0209302
0.362526
0.0371262
0.0321863
0.0227641
0.0211936
0.0210516
0.0215304
0.0210298
0.0212909
0.0521371
0.0938444
0.0200735
0.0230659
1.88237
0.0214147
0.206402
0.0349331
0.0208941
0.0488709
0.297412
0.0213973
0.110974
0.0196681
0.100529
0.0249116
0.223058
0.0211311
0.0210694
0.0229454
0.177214
0.0227556
0.763659
0.41914
1.85812
0.0305028
0.0945698
0.0296277
0.0232241
0.0277389
0.0228509
0.300677
0.0216401
0.681629
0.0199361
0.254133
0.0222043
0.021998
0.0210315
0.124619
0.019981
0.0208223
0.0223673
0.0228679
0.0257054
0.0211701
0.0212753
0.0213829
0.021354
1.56993
0.0209864
0.39772
0.296861
0.0209987
0.0220127
0.0292623
0.0218812
0.0213275
0.0219336
0.0230548
0.024892
0.0222291
0.0228672
0.0204995
0.0225815
0.0223686
0.0243
0.0219607
0.0228139
0.468225
0.0213839
1.03509
0.0244011
0.0221615
0.0212863
0.0207325
0.0228447
0.0232105
0.0210844
0.0217041
0.0195462
0.0210765
0.0216769
0.0211801
0.0240485
0.0198756
0.0220003
0.0221604
0.0216036
0.0238291
0.0222875
0.0285959
0.0225605
0.0210267
0.0212963
0.0205372
0.0200328
0.0210538
0.020081
0.020979
0.0213926
0.0199692
0.031256
0.0211439
0.0224401
0.0213648
0.66773
0.0210439
0.0200106
0.0450752
0.0196618
0.0216708
0.135314
0.0219666
0.0225986
0.0215622
0.0755749
0.0207442
0.0421174
1.84238
0.294048
0.411886
0.0215998
0.0213754
0.390518
0.0235133
0.0199809
0.206337
0.688159
1.92973
0.0213071
0.0482486
0.0213777
0.0213576
0.121302
0.0211945
0.108565
0.0238817
0.0526544
0.0210116
0.0236562
0.0222914
0.122916
0.652314
0.0212011
0.0233079
0.025466
0.02097
0.0233507
0.0423944
0.243288
0.0211022
0.225325
0.0234645
0.329254
0.19164
0.338364
0.257527
0.0214119
0.0282051
0.441428
0.0210448
0.0211672
0.0223793
0.0222292
0.0199598
0.103397
0.019952
0.403532
0.0228457
0.18526
0.0453082
0.0215508
0.11125
0.58648
0.0219659
0.21404
0.0277046
0.0595851
0.0199709
0.019651
0.343201
0.0214142
0.602397
0.0209869
0.266799
0.0205264
0.286298
0.318438
0.0213956
2.74648
0.0214289
0.0224287
0.0314554
0.250107
0.33808
0.0200308
0.0205484
0.0200325
0.275047
1.48492
0.0228989
0.0249384
0.230946
0.0200013
0.0210021
0.0221609
0.137057
0.0248899
0.02151
0.0209669
0.0208344
0.419894
1.91947
0.227095
0.0205433
0.0209367
0.66256
0.0211801
0.240493
0.0374241
0.40581
0.26245
0.262223
0.0208819
0.0215547
0.0232687
0.022211
0.024511
0.0212246
0.0479536
0.386989
0.0204765
0.510382
0.0208227
0.119326
0.0216961
0.250135
0.0252895
0.0248408
0.0211207
0.0206791
0.146947
0.377182
0.411594
0.0214948
0.031419
0.0219114
0.0229728
0.0239452
0.432728
0.0245429
0.0594975
0.0208696
0.0257536
0.0211789
0.0199014
0.0219923
0.0209653
1.94548
0.0211548
0.0230469
0.0226144
0.0219933
0.0199483
0.0501768
0.0216054
0.0221012
0.0208983
0.0210136
0.276908
0.021056
0.0598995
0.0204969
0.209412
0.0209576
0.0974543
0.0211181
0.0613099
0.0217221
0.0214577
0.0208932
0.318617
0.265945
0.189132
0.551452
0.644311
0.0213956
0.0231686
0.172968
0.0200146
0.310794
0.318977
0.0500969
0.0887799
0.022919
0.295171
0.0239647
0.417208
0.193814
0.0228322
0.0216786
0.28667
1.44903
0.0242335
0.0240673
0.0212092
0.022368
0.0302033
0.021045
0.0200117
0.0222613
0.238883
0.0314598
0.0233544
0.308729
0.0209121
0.0200994
0.254888
0.397419
0.0309045
0.0220659
0.201981
0.0205584
0.019998
0.309696
0.0199564
0.0227461
0.30358
0.309114
0.0216154
0.311671
0.870295
0.0553692
0.381136
0.381713
0.0225192
0.671076
0.0218629
0.0208579
0.0213837
0.0216483
0.0222966
2.66317
0.0225913
0.328404
0.0207542
0.0388646
0.0220367
0.0307806
0.0264322
0.0215858
0.0373783
0.0207886
0.0200384
0.0667632
0.0253704
0.0276008
0.021698
0.0201099
0.280368
0.177561
0.0243399
0.0195635
0.0195532
0.0208668
0.0225837
1.63005
0.0647983
0.374612
0.0304289
0.3378
0.0215764
0.0289122
0.0256524
0.0235485
0.0829656
0.0211347
0.0210242
0.0740501
0.0315953
0.999296
0.0210811
0.322313
0.235351
0.0243492
0.033901
0.0231297
1.62341
0.0215526
0.0242081
0.239747
0.0234748
0.0210951
0.190848
0.0217991
0.020512
0.021004
0.252528
0.0218904
0.0245829
0.049293
0.0329475
0.0256706
0.0313449
0.0244645
0.441651
0.0134938
0.0200502
0.0215745
0.0221264
0.0262667
0.0213592
0.648182
0.251138
0.0231432
0.0923242
0.232855
0.378959
0.0216086
0.264109
0.0212648
0.316207
0.0564073
0.0206432
0.228712
0.395816
0.0208652
0.0215105
0.0214349
0.2104
0.204718
0.0265757
0.0443174
0.188089
0.121402
1.02122
0.243403
0.0214912
0.0213966
2.66762
0.639379
0.0211087
0.0213574
0.0200585
0.021936
0.0216711
0.0240653
0.205653
0.0213276
0.0240098
0.627918
0.0217398
0.0219043
0.0249441
0.644347
0.0215776
0.0236276
0.105058
0.021963
0.0200923
0.0220483
0.0209257
0.0227956
0.311793
0.409572
0.0217366
0.228414
0.0250898
0.221464
0.0213597
0.0228036
0.0225863
0.0218923
0.274764
0.0219487
0.0223406
0.0266096
0.0221811
0.0208823
0.0244161
0.0212341
0.0779265
0.0215464
0.0210564
0.177619
0.0211087
0.521311
0.0264901
0.0209855
0.273379
0.0232542
0.0286709
0.0814004
0.0202826
0.0598754
0.0209903
0.0213858
1.52932
0.777536
0.0203078
0.0215256
0.0207122
0.0217165
0.0619763
0.0224756
0.0215912
0.0221727
0.0222235
0.0220817
0.0213401
0.0203124
0.0209687
0.0211944
0.409366
0.0246304
0.0200409
0.0339614
0.0222925
0.640166
0.215869
0.0291899
0.0215061
0.0212542
0.0565597
0.0238115
0.0214446
0.0218142
0.252295
0.121544
0.0213698
0.0198344
0.0521685
0.0477461
0.0196252
0.418534
0.0343153
0.0215321
0.0219988
0.041364
0.0216657
0.0296182
0.380629
0.0219602
0.0533726
0.0544236
0.114628
0.019836
0.0213678
0.0198544
0.0198365
0.115661
0.0211039
0.0461468
0.0449895
0.0198434
0.0220521
0.0329734
0.02172
0.0217101
0.0213885
0.0227368
0.0428383
0.0198488
0.0215263
0.337642
0.0224329
0.021657
0.0264978
0.0211239
0.0216819
0.0212092
0.0215133
0.024215
0.0218763
0.0909215
0.116669
0.0198502
0.0214308
0.0198479
0.0846828
0.021024
0.0249679
0.0213139
0.0202502
0.0286622
0.0204501
0.0269676
0.0214159
0.0204651
0.251689
0.363652
0.0217717
0.0216281
0.0209677
0.380236
0.0898168
0.0213904
0.113012
0.53107
0.0218618
0.151816
0.238228
0.0240864
0.287553
0.0401132
0.135859
0.0212157
0.0301953
0.0771444
0.0204277
0.24842
1.83105
0.021389
2.35251
2.96865
0.0239379
0.261736
0.0198428
0.0257368
0.040953
0.0212524
0.275557
0.0198502
0.0347958
0.061904
0.0198382
0.0724919
0.0219881
0.0219674
0.0293781
0.0233563
0.21346
2.62612
0.0201406
0.0238176
1.53107
0.0207363
0.0239255
0.0208337
0.281645
0.627427
0.0215209
0.0216246
0.0240793
0.609386
2.4766
0.0266269
0.019853
0.0209124
2.50721
0.0651209
0.384842
0.0232265
0.0233875
0.0247632
0.0200832
0.0223863
0.0244708
0.0235836
0.0209272
0.024325
0.406075
0.0670906
0.0209805
0.150777
0.024648
0.0658447
1.52811
0.0416313
0.467917
0.0809055
0.0198572
0.0905888
0.0957439
0.490237
0.255486
0.021304
0.0988967
0.2412
0.0391822
0.0254242
0.259743
0.245573
0.0210959
0.024377
0.0237748
0.0212326
0.0556237
0.0213
0.0221119
0.0206449
0.0198562
0.0219043
0.0213839
0.0230519
0.0244055
0.38589
0.0244754
0.257057
0.0208469
0.0249953
0.0216012
2.18863
0.184378
0.0212055
0.0408819
0.0218439
0.0202605
0.0213003
0.0202247
0.0210905
0.089536
0.0216567
0.182925
0.0216262
0.0209562
0.404234
0.0225041
0.0218549
0.0211426
0.0213135
0.0453167
0.0552087
0.283094
0.165956
0.641512
0.0215576
0.0217857
0.0217217
0.0236217
0.0399988
0.0628099
2.28362
0.0209906
0.0391148
0.0222189
0.163772
2.28822
0.0239306
2.62389
1.30687
0.0227037
0.037659
0.0209428
0.0382469
0.0230583
0.0710317
0.0370121
0.0198657
3.06234
0.460218
0.0217171
0.0226835
0.0219698
0.163233
0.0221599
0.0217884
0.0355065
0.0208284
0.188658
0.0265
0.0239414
0.0221684
0.0218728
0.426967
0.0211644
0.40326
0.0237675
0.0213274
0.0207475
0.0439207
0.0229165
2.51764
0.0226767
0.0245147
0.0251961
0.0586827
0.0228384
0.021369
0.264453
0.0217268
0.0204355
0.0798991
0.26901
0.0244216
0.0205307
0.0223988
1.27668
0.0603451
0.0211669
0.155025
0.0209016
0.0853233
0.056324
0.0220063
0.0211366
0.0724314
0.0209732
0.0207611
0.0213772
0.064789
2.59775
0.0336579
0.0242741
0.0218278
0.0220829
0.226191
0.0327291
0.0216098
0.0217605
0.021055
0.0594317
1.19302
1.19347
0.021244
0.109241
0.020263
0.0202014
0.0226496
0.0220442
0.0369278
0.0213584
0.0651217
0.0220672
2.65738
0.0236167
0.0215385
0.0215794
0.0356319
0.0206293
0.0213219
0.0344361
0.0215464
0.0212866
0.0224753
0.0243084
0.0200308
1.65214
0.0358726
0.023997
0.0232334
0.0424229
0.0230155
1.63522
0.0213789
0.0212718
0.0215205
0.0210683
0.0214988
0.0209272
0.347192
0.088363
0.0216298
0.022114
0.021292
0.0239468
0.023398
0.0545767
0.0221781
0.577394
0.0213135
0.0219983
0.0218623
0.0638823
0.0215181
2.03436
0.0215085
0.0215748
0.0195626
2.51374
0.023183
0.0709059
2.42937
0.0221464
0.0215105
0.021151
0.021417
0.0311232
0.0220408
0.0242457
0.67756
0.0216266
0.0563927
1.61408
0.0234383
0.0850068
0.0216177
0.023237
0.0209998
0.02041
0.0202794
0.0213638
0.207133
0.0713373
0.0208517
0.550588
0.0517195
0.0212609
0.0996472
0.020385
0.0342792
0.022215
0.0210352
0.324359
0.0215428
0.0226348
0.024582
0.0569997
0.0613383
0.0221468
0.0209855
0.0227899
2.84035
0.103162
0.0323342
0.0252779
0.0214932
0.0214239
0.0625198
0.0218981
0.027664
0.0478911
0.0572598
0.0215181
0.0313581
0.0215715
0.0219498
0.0334592
0.0282865
0.0321553
0.0221655
0.021969
0.0251112
0.358949
0.0430235
0.0204369
0.0242333
0.0722541
0.0234611
0.0367667
0.0216891
0.0218478
0.0213502
0.037341
0.650014
0.0566243
0.0215388
0.542916
0.0239878
0.0257334
0.0215432
0.0213525
0.0213678
0.0200549
0.0562527
0.0234855
0.0225853
0.0221735
0.0213779
0.0215003
0.152779
0.0214162
0.0214062
0.0218893
0.504239
1.29195
0.0214772
0.0211983
0.0215021
0.270849
0.0222856
1.38546
0.0215232
0.0524304
0.0214871
0.0218097
0.040709
0.0217896
0.0294144
0.0217869
0.0214567
0.020402
0.0229344
0.135394
0.0219914
0.022086
0.282935
0.0216669
0.0226749
0.0221213
0.0217131
0.0213003
0.0221535
0.0568323
0.0207751
0.0208385
0.0209557
0.406038
0.0242039
0.212574
0.0215764
0.0218659
0.535514
0.244838
0.252275
0.0247891
0.0313353
0.271524
0.0215757
0.406746
0.0222854
0.0897479
0.0209856
0.0950346
0.0409676
0.0195719
0.0240862
0.0258585
0.0226781
0.0199764
0.416356
0.0209082
0.269665
0.0217525
0.0214029
0.0219178
0.0199782
0.0219497
0.105969
0.0213699
0.0211504
0.0211528
0.0217311
0.0213837
0.0449669
0.516711
0.468588
0.0215746
0.0206283
0.023479
0.0215061
0.0213467
0.0833779
0.0346909
0.0227308
0.0213247
0.0704945
0.0229766
0.213158
0.355461
0.0231999
0.0203587
0.0212902
0.0289264
0.596607
0.0216151
0.021237
0.0438343
0.0982142
0.038104
0.338717
0.0213236
0.0240402
0.0238146
0.0199546
0.0218366
0.398992
0.349177
0.0947121
0.0212816
0.630125
0.0218484
0.0215745
0.0244704
0.0220062
0.0244429
0.0319844
0.021255
0.0214984
0.0213683
0.0208963
0.0199908
0.0211708
0.025176
0.264897
0.0296998
0.019565
0.0200128
0.0212774
0.0219336
0.0213602
0.0821568
0.0220437
0.0220815
0.0220383
0.259705
0.0212624
0.0236061
0.0374621
0.0213125
0.0213007
1.13863
0.0212656
0.0213679
0.021233
2.02169
0.0296307
0.0375385
0.0219184
0.0810227
0.020481
0.020185
0.0204463
0.0212759
0.0358549
0.0212801
0.0217031
0.0369347
0.0213853
0.419236
0.0237162
0.0282571
0.0218212
0.0407936
0.0282794
0.021543
0.0211427
0.0220171
0.0216039
0.0213511
0.417254
0.0209766
0.0429603
0.021187
0.0217594
1.97745
0.0210883
0.271855
0.0644443
0.0213253
0.0539457
0.0211684
0.021896
0.0212616
0.021891
0.0207502
0.0213644
0.0213515
0.0214475
0.349156
0.0215504
0.0209721
0.0219053
0.0208152
0.0212238
0.0212264
0.0214273
0.0205235
0.0213119
0.0213089
0.0213781
0.021278
0.0220939
1.04813
0.0213711
0.0219594
0.0312321
0.290788
0.0200214
0.0276251
0.0209909
0.0215769
0.0213109
0.0215664
0.112922
0.285167
0.021123
0.023205
0.255589
0.021665
0.0236519
0.667318
0.0199808
0.0971182
0.021516
0.0515194
0.0245654
0.237199
1.18286
0.0628257
0.0210017
0.0211256
0.020111
0.0251825
0.0609385
0.0229103
0.0540943
0.0791578
0.0213831
2.34716
0.045701
0.0215765
0.0204223
0.0334498
0.0321158
0.0213379
0.0210428
0.0203749
0.024266
0.024168
0.0246122
0.0240823
0.0244239
0.543431
0.0211004
0.0213091
0.0211727
0.193878
0.0244258
0.0244734
0.326043
0.457392
0.167432
0.0210623
0.0242505
0.0212422
0.030135
0.0213598
0.0222853
0.0425939
0.0247689
0.0553687
0.0198736
0.260372
0.033882
0.0703616
0.277108
0.651522
0.0211401
0.0213493
0.0213405
0.0616372
0.0214216
0.0208919
0.0213461
0.0302142
0.181311
0.215479
0.0241062
0.0229756
0.377582
0.0354606
0.249635
0.0425654
0.0434323
0.0328558
0.507278
0.191821
0.0211229
0.0211364
0.0211637
0.0546256
0.0222274
0.0459424
0.0209614
0.0212621
0.0212854
0.170888
0.0211945
0.0212349
0.0210761
0.0334003
0.0209618
0.0211759
0.0203758
0.0257419
0.294424
0.0288922
0.0239614
0.0215328
1.97486
0.026432
0.0200722
0.0213292
0.0192157
0.25955
0.0216628
0.0217359
1.81292
0.02119
0.021018
0.0209787
0.0215421
0.03617
0.0210128
0.0216073
0.0211335
0.021782
0.0212896
0.0211665
0.0210695
0.0212785
0.0214282
0.0229567
0.0212516
0.0207017
0.0342518
0.0523988
0.0302704
0.0510649
0.0209939
0.03974
0.0212918
0.0294956
0.0211017
0.176274
0.0211511
0.021242
0.0201641
0.112168
0.0245297
0.02122
0.145569
0.021266
0.0201624
0.0212746
0.0220397
0.0264313
0.0209742
0.587342
0.0214838
0.0385534
0.0377547
0.0214453
0.0292103
0.0210126
0.0206326
0.021203
0.149876
0.0266247
0.0245988
0.0371312
0.267279
0.0250197
0.0449999
0.0245923
0.0213473
0.0198083
1.70199
0.210492
0.0209895
0.0339652
0.0209411
0.0210359
0.291978
0.0205388
0.0213298
0.0373551
0.0440071
0.539924
0.0213736
0.0210511
0.0270798
0.0209544
0.0201929
0.0795871
0.0212541
0.0207505
0.168967
1.37169
0.0213409
0.0225543
0.0211416
0.019914
0.027111
0.0216277
0.0214073
0.0336723
0.0207074
0.083098
0.0214423
0.0227681
0.0238177
0.236713
0.0243528
0.0218986
0.143057
0.296869
0.0213042
0.136338
0.0218129
0.0213175
0.0214247
0.0209976
0.024024
0.0461989
0.201976
0.0212083
0.0241324
0.0220132
0.0197587
0.0210575
0.0213586
0.0243022
0.020824
0.0211891
0.0221507
0.0215594
0.580898
0.021371
0.0223117
0.047274
0.0225074
0.0202594
0.277701
0.642596
0.646846
1.36952
0.05228
0.0205754
0.0223697
0.596311
0.363212
0.257921
0.32045
0.300978
0.0215049
0.262534
0.515026
0.0216144
0.139824
0.0220909
0.575272
0.313019
0.152955
0.0222116
0.021025
0.049758
0.0213377
0.0214598
0.0830846
0.0769519
0.0213569
0.0214259
0.0211428
0.195368
0.021116
0.0210844
0.0212426
0.0210127
0.0210299
0.173274
0.0219061
0.0209707
0.0214824
0.030443
0.417476
0.601194
0.0213406
0.0211669
0.0230597
0.021321
0.0210055
0.0211361
1.28176
0.021282
0.0330673
0.0211509
0.021596
0.0203437
0.0213767
0.727562
0.370344
0.0205458
0.0218715
0.182018
0.684373
0.0600286
0.538162
0.0213906
0.0305043
0.0211283
0.0197463
0.0211306
0.0201837
0.021084
0.0212593
0.0217244
0.581993
0.0199689
0.387428
0.57737
0.0198828
0.0321205
0.0412596
0.0220847
0.0211446
0.0212144
0.0213671
0.0210569
0.292221
0.0198276
0.0211022
0.451186
0.0211209
0.0213115
0.0209901
0.0564197
0.0213867
0.0213723
0.602501
0.0206928
0.0206164
0.0211161
0.0230025
0.0212654
0.0196257
0.0211166
0.019996
0.59531
0.0948752
0.0210482
0.0796102
0.0197891
0.0212914
0.0222485
0.310319
0.602518
0.0200217
0.0236378
0.0213341
0.0211726
0.0211302
0.021113
0.202793
0.288154
0.0213554
0.0220383
0.0305322
0.0209675
0.0210868
0.0244154
0.0281986
0.61756
0.0213709
0.0243217
0.258269
0.0211468
0.0239624
0.0383185
0.455738
0.0207601
0.0209598
0.0212925
0.0211559
0.0209821
0.256527
0.0210704
0.151277
0.380235
0.0219089
0.0239666
0.182894
0.0204067
0.289012
0.392847
0.226794
0.025784
0.0211982
0.02244
0.210932
0.0208273
0.0251619
0.0209658
0.0200365
0.0200861
0.0201515
0.0211532
0.56583
0.0217385
0.285812
0.294827
0.0611713
0.710174
0.0197743
0.0213778
0.0226209
0.388903
0.0211836
0.201081
0.0317989
0.0200223
0.0209389
0.242096
0.0209355
0.0275337
0.29701
0.021063
0.271322
0.0219833
0.0401319
0.06359
0.0213921
0.020608
0.0364257
0.0651298
0.021247
0.023001
0.0202004
0.0216336
0.0208788
0.420656
0.0210096
0.0199869
0.0372622
0.0201268
0.26724
0.0214113
0.0211845
0.0211549
0.565008
0.0209828
0.020902
0.0750153
0.0606234
0.299013
0.0214377
0.0201464
0.0323931
0.451898
0.37047
0.137512
0.0238783
0.0242371
0.0216713
0.0212887
0.0244913
0.0218971
0.0211148
0.0203994
0.0341796
0.0244387
0.0209311
0.0196234
0.0216176
0.0205932
0.0214485
0.0199966
0.273999
0.0272887
0.0266717
1.54867
0.177097
0.0206602
0.0209502
0.022214
0.0335116
0.0202482
0.0215196
0.020916
0.0210105
0.0211622
0.0432758
0.0213398
0.0850929
0.0212711
0.0208895
0.382367
0.0371068
0.0215404
0.020906
0.020862
0.638781
0.110531
0.0215712
0.0202761
0.0245597
0.0209423
0.0212475
0.0210223
0.0919785
0.0210018
0.0208563
0.0313451
0.0204832
0.0585246
0.0239742
0.0210427
0.0213384
0.205337
0.12161
0.388561
0.0465378
0.023829
0.0223322
0.0217321
0.0212482
0.0279594
0.0208504
0.656222
0.141596
0.0230293
0.0427906
0.202747
0.0208774
0.311303
0.0241586
2.18123
0.0254528
0.0208
0.0208214
0.0218723
0.0210927
0.139954
0.383182
0.0513336
0.0212164
0.0209313
0.020863
0.168607
0.0242642
0.382956
0.0208854
0.0213472
0.0438552
0.0210418
0.262742
0.155748
0.0208857
0.0214742
0.0197325
0.0212209
0.283061
1.65682
0.0208672
0.0210671
0.0206934
0.186383
0.0211614
0.0233615
0.122714
0.118654
1.4787
0.233554
0.61155
0.0212514
0.0264038
0.02158
0.0210973
0.022763
0.0475331
0.0204706
0.0211335
0.0794334
0.0213202
0.0203556
0.302871
0.0199571
0.021081
0.0627983
0.0381291
0.0200411
0.0202406
0.0414349
0.325418
0.0379658
0.549783
0.0227776
0.635938
0.0209807
0.117036
0.0730255
0.123302
0.299656
0.0292549
0.618844
0.0607427
0.182768
0.0206214
0.0210179
0.0203018
0.0212984
0.0656985
0.0207812
0.0453502
0.0200801
0.0219888
0.0214077
0.397395
0.0213213
0.200612
0.0241705
0.0255816
0.0510346
0.0794725
0.135195
0.0197201
0.0373433
0.0212829
0.080291
0.021527
0.0322912
0.0358505
0.0512981
0.61715
0.020805
0.394768
0.0239192
0.0407241
0.021418
0.56196
0.0216789
0.0208933
0.0212135
0.0947404
0.021532
0.029844
0.0396356
0.0256413
0.0602652
0.0208412
0.020025
0.676982
0.0362287
0.306646
0.153885
0.0208914
0.0514085
0.4021
0.043469
0.0207024
0.0500747
0.286513
0.0207862
0.0229153
0.0197936
0.372402
0.380786
0.243659
0.0589391
0.0208105
0.0206803
0.0218059
0.0202076
0.0237351
0.024098
0.0221256
0.0204471
0.0776868
0.0223254
0.0213434
0.0237925
0.392266
0.0966342
0.0216544
0.0262515
0.0269266
0.305054
0.0208044
0.28564
0.0213039
0.0320291
1.15612
0.0218507
0.585405
0.0204138
0.0198521
0.0208284
0.0208402
0.0206748
0.0208653
0.0197718
0.431961
0.0239199
0.0210103
0.0565954
0.0208915
0.0214681
0.0206579
0.135734
0.0211877
0.0232155
0.0427845
0.0351143
0.0209062
0.0197819
0.464459
0.0212454
0.299045
1.07345
0.0214622
0.0217498
0.0308201
0.0339943
0.110226
0.0202287
0.0206522
0.0226559
0.0304465
0.0229281
0.0601242
0.0362883
0.0231342
0.021761
0.0252966
0.02221
0.0331077
0.096731
0.0205576
0.314832
0.0337763
0.0212829
0.0209271
0.0209103
0.0208844
0.0206594
0.0210161
0.0207568
0.0223492
0.0354601
0.0231718
0.0214108
0.023023
0.0240538
0.0206004
0.0207249
0.546356
0.0227506
0.0241094
0.0205806
0.0218514
0.0205538
0.0199974
0.0352782
0.0213436
0.0210667
0.0479208
0.302921
0.0413455
0.0208898
0.135422
0.0215372
0.0874757
0.0603455
0.0219655
0.230154
0.0206988
0.0203283
0.680673
0.0208431
0.045151
0.810777
0.0470466
0.0240113
0.382556
0.0215036
0.0208579
0.0221718
0.020665
0.0468469
0.0400875
0.0208739
0.0484384
0.349187
0.0197285
0.0206868
0.0349473
0.0364226
0.0384088
0.0264624
0.200631
0.294385
0.0212737
0.58072
0.336403
0.034185
0.317028
0.0237438
0.0522795
0.019766
0.34336
0.0204088
0.019822
0.496176
0.397859
0.0530497
0.0196385
0.0379983
0.0204125
0.0206861
1.73048
0.53623
0.0206936
0.0216801
0.190584
0.0197958
0.0472025
0.02081
0.0885627
0.37598
0.0222276
0.0215167
0.246337
0.0446592
0.639858
0.164478
0.0211442
0.266846
0.0210293
0.221008
0.0256506
0.0202642
0.337898
0.0214768
0.0329712
0.0213606
1.5858
0.0211184
0.0214446
0.0202607
0.0214032
0.0205059
0.0216998
0.746123
0.649031
0.0206015
1.43211
0.364313
0.0203416
0.0205625
0.299669
0.0416381
0.159358
0.321003
0.637356
0.0205659
0.0212384
0.380347
0.0251223
0.345763
0.0315192
0.0206331
0.021268
0.0213028
0.0198063
0.0206066
0.0354414
0.0205852
0.314443
0.0209043
0.021359
0.0576295
0.0197704
0.036039
0.575537
0.0208678
0.0207915
0.0209591
0.0301133
0.019638
0.020203
0.0368582
0.40333
0.0520981
0.0216229
0.032318
0.0205311
0.0212459
0.0212524
0.624816
0.345525
0.291224
0.394887
0.0323667
0.0211935
0.0845566
0.0210249
0.0237128
0.0196491
0.0196395
0.0277305
0.0208213
0.292711
0.200876
0.0237751
0.718817
0.0275954
0.192258
0.062528
0.0200342
0.367452
0.023128
0.387198
0.0213356
0.0204599
0.0201338
0.0302265
0.369187
0.357789
0.401273
0.0209681
2.03162
0.0205889
0.390867
0.149912
0.0204813
0.0234589
0.0211686
0.456541
0.286705
0.0216741
0.0196289
0.0472946
0.0237617
0.305914
0.0215088
0.0214775
0.291492
0.202208
0.0205289
0.0316631
0.0207156
0.0237832
0.0216546
0.332784
0.0207118
0.0221171
0.103068
0.0213398
0.0208511
0.320141
0.369776
0.0214966
0.0213659
0.0217029
0.0205979
0.0205046
0.387636
0.394215
0.0209016
0.0253796
0.0208335
0.0213602
0.0213494
0.0211433
0.308371
0.39586
0.0414094
0.374495
0.0207595
0.0315335
0.0208416
0.0217148
0.229058
0.0217113
0.371929
0.0207361
0.382787
0.0215072
0.394759
0.397331
0.0203401
0.0208362
0.0473426
0.0345068
0.101717
0.231875
0.31516
0.301385
0.0241347
0.0211908
0.253626
0.0207675
0.281048
0.0199463
0.205216
0.0295921
0.0208459
0.022718
0.0208816
0.0313508
0.271778
0.0212882
0.361047
0.0222408
0.0395252
0.0204753
0.0237527
0.377577
0.0204471
0.455441
0.123943
0.0202254
0.107003
0.106532
0.482963
0.0204641
0.30726
0.02132
0.0202875
0.0399789
0.0204685
0.659085
0.0199813
0.0208237
0.0205155
0.0237966
0.282559
0.0207517
0.309266
0.0197432
0.0248686
0.0408034
0.0216521
0.390552
0.366483
0.0323436
0.0837661
0.0215215
0.0205378
0.784228
0.0204923
0.0203907
0.0211496
1.89237
0.314096
0.133414
2.09433
0.0201147
0.0210385
0.0208424
0.0469624
0.0206721
0.150352
0.0649409
0.0212398
0.255208
0.0741729
0.298559
0.0204181
0.0202861
0.0201116
0.0213406
0.0412916
0.0587294
0.0203543
0.0241135
0.0207053
0.400406
0.372261
0.0214433
0.0464016
0.0209791
0.0213795
0.0197663
0.0202536
0.0711123
0.165877
0.020441
0.383996
0.331482
0.0198289
0.402318
0.0206139
0.0208881
0.23149
0.0203842
0.0435789
0.0198176
0.0542918
0.535484
0.0197656
0.0200942
0.0209743
1.55124
0.0253923
1.96945
0.378046
0.042368
0.0236777
0.391106
0.0205018
0.52722
0.0330975
0.0206455
0.189525
0.626553
0.371772
2.22245
0.381635
0.0204034
0.404518
0.086967
0.189996
0.283021
0.0204712
0.0203998
0.0207445
0.430038
0.0203558
0.0201666
0.297029
0.0925241
0.0213166
0.0203766
0.0208565
0.0203198
0.0204381
0.0271063
0.0208245
0.176885
0.246338
0.0247003
0.0235999
0.0206316
0.0204342
0.357426
0.223229
0.398358
0.286774
0.0205036
0.0206759
0.0363662
0.470761
0.311894
0.0204415
0.223446
0.324791
0.0199306
0.0348193
0.0296792
0.0201565
0.0209305
0.0212672
0.0221166
0.0200978
0.368777
0.421672
0.021128
0.25145
0.0213944
0.034631
0.0209045
0.0213378
0.0289857
0.328709
0.0252117
0.0203524
0.0198187
0.0203366
0.0203442
0.274466
0.0365284
0.381829
0.0595117
0.229182
0.0553122
0.0203767
0.0542489
0.25032
0.021264
0.242895
0.0223566
0.0197656
0.18989
0.634392
0.0238677
0.102721
0.301668
0.78752
0.0310606
0.0203028
0.0238957
0.0207095
0.312993
0.0206811
0.300755
0.0670651
0.0338897
0.391906
0.0362435
0.0518834
0.0886354
0.0209705
0.0204704
0.0213909
0.0208195
0.309616
0.0206244
0.0206366
0.0263434
0.0226517
0.0202245
0.337366
0.313964
0.243779
0.0202678
0.528031
0.30112
0.231673
0.0217156
0.0205257
0.0245313
0.020189
0.397438
0.0246124
0.020325
0.0299116
0.0205749
0.305966
0.0558259
0.0206104
0.625926
0.142502
0.020366
0.297345
0.0982766
0.112577
0.0215748
0.206181
0.398507
0.0196447
0.0205022
0.289241
0.0338992
0.0210335
0.397348
0.0210895
0.0204657
0.0205154
0.0203697
0.312762
0.0202028
0.0204338
0.265672
0.051634
0.0204916
0.0208258
0.190528
0.0453269
0.0223067
0.0539856
0.0203914
0.626943
0.0609398
0.021583
0.0202421
0.614321
0.508693
0.0247268
0.0201121
0.139524
0.0218176
0.0202426
0.489955
0.0209192
0.133999
0.020467
0.404146
0.279488
0.396649
0.183567
0.020419
0.112339
0.0214835
0.0361248
0.287041
0.020171
0.225756
0.019893
0.108959
0.0206934
0.0203664
0.0199723
0.0204518
0.0202912
0.0201196
0.0591787
0.0214818
0.0569345
0.022498
0.0197219
0.023035
0.255663
0.0205498
0.0381529
0.02029
0.0210979
0.488391
0.0213753
0.359104
0.0238068
0.0357014
0.0200806
0.0201484
0.0221195
0.0215339
0.0202647
0.0235624
0.0228497
0.246239
0.0202005
0.0237515
0.0205279
0.266507
0.283657
0.0244736
0.264107
0.021515
0.0367967
0.027006
0.020371
0.190895
0.0209031
0.0199398
0.243163
0.514355
0.0241445
0.309528
0.023848
0.22298
0.0285244
0.0215144
0.244407
0.3173
0.0204241
0.242935
0.144879
0.0213254
0.0202283
0.0638355
0.404842
0.252142
0.294179
0.242463
0.0260604
0.0202483
0.0537332
0.0484139
0.0208651
0.0198136
0.0208443
0.0226619
0.020235
0.0201112
0.0437309
0.0461106
0.0200624
0.223683
0.155451
0.209028
0.399519
0.0201293
0.0201503
0.115809
0.157842
0.113976
0.0237706
0.22636
0.0200514
0.312036
0.246935
0.0437122
0.0220759
0.0224774
0.0203436
0.270841
0.0204859
0.0201046
0.260017
0.151343
0.0204873
0.0527483
0.302308
0.0449054
0.285653
0.331046
0.0204972
0.0203172
0.0219539
0.270385
0.0210804
0.371567
0.0213313
0.0201927
0.282698
0.0200642
0.0666257
0.309392
0.0200567
0.317347
0.297372
0.0425225
0.0213177
0.020165
0.0200843
0.206184
0.0203911
0.32433
0.675354
0.292732
0.0403811
0.0292094
0.0223653
0.0210714
0.138995
0.25131
0.020813
0.311834
0.260217
0.24492
0.0198176
0.306434
0.0316189
0.14692
0.116787
0.020093
0.0205083
0.408882
0.0214893
0.020074
0.301059
0.021011
0.0212614
0.0702741
0.614193
0.0200915
0.0204265
0.300109
0.291478
0.300269
0.249839
0.0197324
0.312651
0.020266
0.0199702
0.318237
0.0202348
0.0202368
0.0198332
0.271948
0.0197075
0.0198034
0.196211
0.020201
0.023049
0.0205398
0.0226167
0.0203166
0.282878
0.309082
0.0202201
0.0202736
0.0204824
0.0198819
0.0200025
0.0201284
0.02041
0.0205152
0.0198266
0.0204232
0.271359
0.0202019
0.0212091
0.0219679
0.0196984
0.501286
0.019733
0.0201726
0.232366
0.0938429
0.0225064
0.258509
0.0239036
0.0198222
0.0202627
0.247819
0.0204348
0.345391
0.11481
0.297871
0.0227981
0.0199687
0.248159
0.0359417
0.311505
0.119548
0.0368334
0.0199949
0.0197053
0.0322396
0.021577
0.130737
0.280628
0.0214939
0.0211215
0.0199746
0.251934
0.0199433
0.0197694
0.0206373
0.0603154
0.771761
0.306293
0.0201389
0.0211417
0.0209738
0.237424
0.028794
0.0224065
0.0234689
0.0350507
0.021413
0.149806
0.030372
0.255346
0.160057
0.0206486
0.0202218
0.0261258
0.248996
0.019989
0.0199285
0.0673956
0.166552
0.162441
0.0201019
0.0212965
0.0204091
0.0225511
0.0199198
0.023742
0.112896
0.298423
0.020241
0.0223084
0.0210147
0.0215995
0.0205398
0.0202635
0.172269
0.0245122
0.0197093
0.168007
0.0223717
0.357449
0.0249558
0.0287113
0.194667
0.0210547
0.158175
0.0204853
0.0198162
0.0467513
0.221989
0.139232
0.0240058
0.0206933
0.0202598
0.0227267
0.22972
0.0202272
0.0179973
0.246024
0.020128
0.103373
0.0199222
0.0199419
0.0206295
0.020199
0.388359
0.0220856
0.0203676
0.0222011
0.0181665
0.0455509
0.0199845
0.0213023
0.0204295
0.366542
0.358159
0.0203765
0.020003
0.0203313
0.380226
0.0295547
0.408092
0.0201712
0.022756
0.0715776
0.0212296
0.0197858
0.12385
0.129695
0.0204017
0.233699
0.0200006
0.18465
0.657531
0.0806786
0.197987
0.0204408
0.0202418
0.0200322
0.0199575
0.0260626
0.0196891
0.0203184
0.0197973
0.0257215
0.175673
0.0240683
0.0211297
0.0201668
0.0211043
0.0425822
0.11227
0.0199547
0.021407
0.0200199
0.0217152
0.0268701
0.0200693
0.0202103
0.0194667
0.312697
0.342584
0.01998
0.108073
0.0590918
0.019985
0.0218725
0.0199176
0.172588
0.0199184
0.165179
0.0574607
0.20125
0.260773
0.319582
0.0230971
0.0648526
0.0200246
0.302517
0.183995
0.164493
0.0244785
0.0219283
0.239645
0.0201414
0.0358257
0.0759667
0.926235
0.0508832
0.23261
0.0222082
0.0214363
0.0203842
0.303661
0.0198651
0.020302
0.142175
0.152045
0.230625
0.0204039
0.290189
0.0200459
0.0220076
0.0237199
0.036674
0.0196219
0.0201041
0.177764
0.0209035
0.0518703
0.0263828
0.142646
0.315591
0.0212271
0.532568
0.213213
0.0208668
0.0211499
0.109354
0.155157
0.206288
0.2153
0.0243203
0.019719
0.0480898
0.241415
0.237552
0.0203793
0.219494
0.101534
0.021872
0.0209071
0.0201784
0.0236051
0.0198188
0.0199339
0.0210226
0.0205388
0.0268125
0.0203283
0.021152
0.0217755
0.0213192
0.0210762
0.0197983
0.0204195
0.0146781
0.0211681
0.317927
0.678234
1.11299
0.0393255
0.265904
0.0230488
0.0210032
0.0198031
0.0203541
0.250219
0.0213273
0.225002
0.0484563
0.022209
0.0211533
0.0233647
0.0205705
0.120075
0.0235001
0.279334
0.0227619
0.294478
0.138671
0.259409
0.0198022
0.0213984
0.020788
0.204412
0.0208057
0.0213043
0.0202304
0.0198043
0.282125
0.0413286
0.0210599
0.0204367
0.020012
0.0202139
0.0198129
0.286502
0.020247
0.0197167
0.18183
0.0210178
0.0210517
0.0234751
0.019929
0.255263
0.0213279
0.0213202
0.0202775
0.0197499
0.020648
0.0197182
0.0311878
0.231496
0.0197803
0.0302572
0.0225255
0.270962
0.0226821
0.0224345
0.0617322
0.0209975
0.0223689
0.0218971
0.0200441
0.0205646
0.0196074
0.0379262
0.0210764
0.0198153
0.0198397
0.0197929
0.271243
0.0202898
0.0211501
0.0210826
0.0214051
0.190912
0.0197986
0.021678
0.260689
0.276554
0.019776
0.238502
0.0197355
0.0214018
0.0267811
0.0322691
0.233328
0.673494
0.0201158
0.0197932
0.0199264
0.141796
0.0196925
0.0201777
0.0204268
0.0197596
0.0215962
0.019751
0.0215717
0.0201533
0.0211151
0.0201678
0.0256801
0.0197586
0.0198243
0.284125
0.0201851
0.0213793
0.0197616
0.0197885
0.0199731
0.0197492
0.0199209
0.291011
0.0197461
0.0205376
0.0216806
0.019701
0.264556
0.0197828
0.0196229
0.0630298
0.0204969
0.019704
0.0199297
0.0198284
0.0197984
0.164989
0.165624
0.0202381
0.0231979
0.0234439
0.0203656
0.240994
0.0216294
0.0204732
0.0199233
0.235719
0.0199105
0.0211259
0.0199498
0.0203944
0.0223126
0.0204971
0.241305
0.0231767
0.0209607
0.0217774
0.0201113
0.220647
0.037142
0.019716
0.0210182
0.253104
0.0372398
0.200942
0.373244
0.0201347
0.0203544
0.119798
0.0197505
0.021324
0.0235414
0.0303201
0.201249
0.0212235
0.0199238
0.0205807
0.020146
0.403077
0.0233498
0.0240629
0.0204723
0.0207
0.0196879
0.023063
0.0208454
0.0202628
0.251847
0.021406
0.0241299
0.0202019
0.0198139
0.248339
0.0253196
0.0198037
0.0204713
0.0200367
0.0202314
0.0214355
0.0199153
0.0209516
0.368867
0.0198432
0.199285
0.0207981
0.0199893
0.0201866
0.0386848
0.0209469
0.0205361
0.0208431
0.657208
0.0198055
0.0203024
0.0910539
0.0561369
0.0198617
0.202356
0.313739
0.0210541
0.0199095
0.155972
0.0202117
0.250434
0.0205638
0.0204318
0.0276489
0.0211305
0.021581
0.0209496
0.0204668
0.0208818
0.158323
0.0197486
0.176242
0.074653
0.021397
0.0231522
0.0199051
0.0202661
0.0413479
0.0199061
0.0212916
0.0213047
0.0217749
0.0198301
0.0222081
0.022329
0.0197874
0.0218311
0.0209795
0.0197627
0.0202146
0.0205725
0.0266971
0.254078
0.303599
0.0204303
0.0197208
0.019752
0.202898
0.0204825
0.107876
0.0203788
0.278249
0.256991
0.302737
0.0197317
0.333383
0.0216305
0.0386957
0.0315271
0.0200816
0.0422674
0.0233382
0.0196804
0.0207435
0.0197573
0.0197015
0.0202512
0.027948
0.836802
0.0212171
0.0229897
0.0196996
0.0198161
0.0209889
0.475112
0.184812
0.250606
0.0203856
0.0197171
0.0343001
0.0197644
0.195256
0.0203059
0.0209718
0.0207122
0.021106
0.0241151
0.0208756
0.0199275
0.0204237
0.226626
0.217443
0.0196004
0.0209527
0.0198046
0.320586
0.0197842
0.0203929
0.0196243
0.0197499
0.0223062
0.0223358
0.0253482
0.0203486
0.0367668
0.152368
0.0338894
0.0206736
0.0198777
0.0196068
0.0199547
0.0225765
0.0199551
0.0196116
0.0325758
0.0223166
0.022296
0.0196769
0.246009
0.0199883
0.0202704
0.0288186
0.0200669
0.019903
0.0314414
0.0198257
0.23817
0.116997
0.0196842
0.0196356
0.0210675
0.0215707
0.302323
0.02147
0.0196914
0.0206231
0.0201626
0.0223114
0.0222964
0.0589859
0.0197368
0.0231516
0.0220835
0.0199825
0.0208983
0.0223551
0.0205073
0.0199956
0.0205145
0.0203572
0.0222935
0.0219389
0.0338686
0.0216173
0.019831
0.272075
0.20199
0.0201034
0.0377869
0.0197301
0.392541
0.315335
0.0208283
0.0235285
0.0209412
0.0215321
0.0223242
0.0201933
1.54933
0.0207719
0.0201454
0.0200503
0.274532
0.0245237
0.0195936
0.0203891
0.0206797
0.0222858
0.0203388
0.197139
0.407691
0.0281017
0.0224653
0.0202192
0.0198051
0.0230475
0.0204892
0.0234199
0.0293049
0.0202071
0.0210896
0.0209764
0.345618
0.0197195
0.0205943
0.23607
0.0223546
0.0196144
0.0207962
0.0198032
0.278207
0.0336943
0.0198493
0.0196254
0.0206771
0.0197711
0.0206298
0.258868
0.0197759
0.297187
0.0223476
0.16412
0.0240952
0.0212158
0.0235068
0.0239094
0.193937
0.197299
0.646313
0.0267525
0.0196028
0.0201898
0.0206266
0.217538
0.0196202
0.208889
0.153971
0.0231313
0.0236774
0.0225627
0.0225671
1.57528
0.219589
0.0197349
0.0200794
0.0201633
0.0207327
0.0202248
0.023506
0.0225641
0.0225162
0.0225583
0.0197888
0.0197026
0.188493
0.0207179
0.0198333
0.0204142
0.0201034
0.019952
0.0361079
0.0233101
0.0198008
0.0234651
0.0545407
0.0270172
0.0195713
0.0195791
0.0262729
0.766101
0.0208073
0.0296727
0.0230894
0.0197878
0.200617
0.0203426
0.0220474
0.317503
0.0207738
0.0196134
0.0206399
0.0196679
0.0223047
0.020087
0.0196695
0.0232058
0.0201561
0.0205253
0.0196106
0.0215472
0.02238
0.0195937
0.159625
0.0959943
0.0196775
0.0208237
0.0199049
0.25778
0.020626
0.0196837
0.0196842
0.200635
0.150888
0.0216152
0.0230406
0.0229698
0.0230686
0.0230317
0.0229226
0.0229956
0.0230206
0.0230497
0.0229502
0.0228457
0.0229778
0.0229034
0.0228185
0.0224172
0.0224233
0.0223833
0.0223659
0.228833
0.0225068
0.0225213
0.0227467
0.0224723
0.0224603
0.0227979
0.0223843
0.0226541
0.0227587
0.0195613
0.0195513
0.0224476
0.0223868
0.187619
0.232518
0.237667
0.0446079
0.0212735
0.0199069
0.0196176
0.0195391
0.019926
0.0225544
0.0224931
0.0224363
0.0223023
0.0223158
0.0223399
0.0223906
0.0224108
0.0224548
0.0225796
0.0227037
0.022643
0.221249
0.0226617
0.227145
0.0216211
0.0223082
0.0226847
0.0225943
0.0225356
0.0223808
0.0227264
0.0225697
0.0200915
0.0225791
0.0227774
0.0209074
0.0313067
0.223253
0.0204841
0.0220462
0.0260406
0.0206208
0.0211621
0.023698
0.0197339
0.0220874
0.814627
0.097537
0.0209453
0.358095
0.0200497
0.019702
0.0212187
0.223622
0.232094
0.0201889
0.0198047
0.019769
0.156596
0.0199069
0.0220874
0.0199366
0.0204818
0.0382338
0.324493
0.0928835
0.0121492
0.0198398
0.0207723
0.0226291
0.0200091
0.0197831
0.127594
0.28361
0.0232393
0.0199157
0.0196487
0.200012
0.0197491
0.0198267
0.020095
0.0276396
0.193448
0.108348
0.0202666
0.0266079
0.0207689
0.112282
0.384268
0.0198361
0.205844
0.0199066
0.372988
0.0223791
0.0314426
0.21023
0.0196073
0.0199899
0.443489
0.0197229
0.0373879
0.168023
0.0203446
0.171585
0.0220868
0.0204597
0.0199032
0.0206291
0.0203527
0.0198803
0.0197845
0.0198739
0.0200171
0.0203416
0.185011
0.023655
0.414023
0.318047
0.0201071
0.0196761
0.340069
0.0202234
0.0198695
0.0197911
0.0205854
0.0200221
0.0210968
0.0197576
0.020768
0.0199064
0.0223043
0.0198173
0.021068
0.0202161
0.0911948
0.0208792
0.0262835
0.0197485
0.0199925
0.0203947
0.0200789
0.0208629
0.0445049
0.0219161
0.021288
0.0200945
0.0196124
0.0195984
0.0195906
0.0217463
0.150483
0.0202813
0.0197346
0.019939
0.021038
0.0517194
0.0208473
0.0198978
0.175387
0.0208341
0.0213055
0.449143
0.0207704
0.211299
0.0219815
0.0198658
0.0201688
0.374527
0.0204173
0.027654
0.0199126
0.0198927
0.35566
0.0514082
0.020039
0.0197033
0.0196561
0.0202584
0.0197846
0.019751
0.0206136
0.0196985
0.0205937
0.0208796
0.364862
0.0594483
0.0201451
0.0196699
0.296445
0.0196937
0.0200449
0.0218056
0.0195938
0.248648
0.0202323
0.0199256
0.0327204
0.02147
0.0211246
0.0198662
0.019653
0.0873236
0.0198305
0.0205375
0.0202368
0.019594
0.0205269
0.0213329
0.0204225
0.0197334
0.022277
0.0206683
0.0202966
0.0228601
0.0201437
0.0211177
0.021062
0.272014
0.0334428
0.0236787
0.72919
0.0196154
0.0204554
0.0202709
0.019965
0.0200849
0.0202738
0.0196654
0.0195782
0.0202637
0.0220649
0.0218927
0.019944
0.0205142
0.0201301
0.020077
0.290894
0.0204187
0.0210548
0.0201898
0.0196309
0.0197511
0.0314543
0.0210323
0.0197845
0.0205776
0.0196679
0.0198359
0.269058
0.0218335
0.0195921
0.0197335
0.0234074
0.0330806
0.0203806
0.020056
0.0196707
0.0383602
0.0196029
0.0220028
0.0198516
0.0204923
0.0198219
0.0196844
0.0227156
0.0199439
0.0198911
0.0200988
0.0196528
0.0196703
0.0199648
0.0251535
0.1687
0.0197372
0.0240061
0.0197119
0.0201261
0.0198113
0.019956
0.0202017
0.0298454
0.0536444
0.0221274
0.0288203
0.0198472
0.0196526
0.0200053
0.0197645
0.0197814
0.0199462
0.0208881
0.0222122
0.0198753
0.021436
0.0199714
0.0197769
0.0770921
0.0212588
0.0215279
0.0197077
0.0687895
0.0263548
0.0202562
0.0207453
0.0197439
0.149928
0.0201491
0.473519
0.0196594
0.020069
0.188085
0.029876
0.0211664
0.0203333
0.0202243
0.0196694
0.020569
0.0213122
0.0203059
0.20511
0.0202244
0.0198001
0.213567
0.0270687
0.0212732
0.025385
0.0196775
0.0207426
0.0663168
0.0202086
0.0204982
0.020346
0.0207966
0.0199103
0.216031
0.0196659
0.0197262
0.0200927
0.028937
0.0212882
0.0208188
0.0209789
2.17509
0.0202484
0.0215493
0.0198212
0.0200205
0.0939173
0.0199158
0.10863
0.019763
0.0212674
0.0210537
0.0199348
0.019582
0.0793214
0.0205269
0.0202091
0.0208403
0.216909
0.307486
0.119776
0.0200398
0.0197759
0.0206466
0.020026
0.0210512
0.0226022
0.0208281
0.0198403
0.0201954
0.0198938
0.0244433
0.0206067
0.0292762
0.019612
0.267604
0.0202252
0.0198787
0.0206256
0.0210237
0.0208451
0.0228916
0.0209785
0.0197834
0.0208018
0.0201391
0.107032
0.145888
0.0203878
0.0195761
0.0205203
0.0204085
0.0196352
0.020203
0.181182
0.0230147
0.021594
0.021283
0.019722
0.020176
0.0224734
0.0198927
0.0204006
0.173595
0.0205509
0.0206713
0.0200989
0.193835
0.0198235
0.0214776
0.0810286
0.209599
0.0198687
0.188613
0.0197248
0.0208302
0.0221945
0.0236682
0.0198761
0.232211
0.309383
0.0212586
0.0197386
0.0208243
0.0197234
0.271682
0.0196487
0.0196913
0.0197492
0.0200161
0.0197228
0.0220875
0.020746
0.0230634
0.130889
0.0196546
0.0276319
0.636058
0.0215792
0.0214621
0.020351
0.0199202
0.0234451
0.0197582
0.0199011
0.0196534
0.0197038
0.207101
0.0203354
0.0209479
0.0278432
0.0212854
0.0483417
0.0199214
0.0219008
0.0197481
0.0195823
0.0202478
0.0201252
0.0201845
0.0210394
0.0270349
0.10713
0.0197277
0.0197941
0.0204634
0.0196797
0.0828796
0.0331273
0.0198756
0.0204488
0.1972
0.0201514
0.0206664
0.0214957
0.241946
0.0213786
0.0197844
0.401195
0.0219316
0.0208813
0.0208
0.183353
0.20987
0.0198053
0.0196593
0.0199788
0.0200096
0.0213807
0.0197834
0.020825
0.023608
0.0589925
0.177811
0.0204512
0.167282
0.319181
0.019658
0.0214681
0.0197188
0.0214508
0.0201265
0.020066
0.0210267
0.0437435
0.0387722
0.0199542
0.0197031
0.0206301
0.202175
0.0249122
0.0230734
0.0198931
0.0198492
0.0240845
0.0202478
0.0197968
0.310605
0.192174
0.189584
0.0196889
0.0239642
0.0201629
0.0212521
0.160867
0.0205528
0.292454
0.211372
0.0221003
0.0213684
0.0216559
0.0197399
0.0203683
0.0218715
0.0221346
0.0199955
0.0202655
0.25769
0.0228197
0.0209964
0.199816
0.0648735
0.0204453
0.0232574
0.0204197
0.199403
0.182771
0.215278
0.256025
0.276147
0.217515
0.168287
0.163242
0.0220076
0.401481
0.0301484
0.019825
0.0208135
0.0224832
0.0220552
0.0285507
0.0436896
0.147299
0.0314644
0.0197127
0.0196818
0.0200363
0.0210255
0.0199216
0.0301963
0.0311459
0.020186
0.317629
0.0238832
0.0203409
0.020011
0.0209757
0.0236446
0.0199524
0.0217876
0.0204793
0.0312626
0.32041
0.0199224
0.0956824
0.0216793
0.0203107
0.268821
0.0225225
0.0251077
0.0201541
0.154375
0.0208252
0.0197147
0.141203
0.019983
0.021923
0.0203215
0.277375
0.0204315
0.0205367
0.0202244
0.0203334
0.0197926
0.376328
0.0197732
0.0219982
0.0212489
0.020117
0.0197208
0.0203874
0.0263781
0.112795
0.153119
0.0216995
0.022197
0.0198828
0.29543
0.0206285
0.0211402
0.0203145
0.0203724
0.133253
0.0197563
0.0206257
0.0199915
0.28164
0.0196851
0.199646
0.200497
0.0306568
0.0201136
0.263335
0.133317
0.0198365
0.0245953
0.019912
0.0356265
0.0203119
0.0359046
0.0204151
0.0297664
0.0963026
0.0216783
0.0197635
0.0242257
0.023284
0.0207423
0.0401721
0.198984
0.0205266
0.0203133
0.0203661
0.17791
0.197377
0.200896
0.0198928
0.270323
0.0201377
0.0203485
0.066863
0.0631184
0.271845
0.0232966
0.28685
0.0203091
0.0199515
0.155696
0.165843
0.024719
0.230885
0.200981
0.260732
0.243193
0.223681
0.102208
0.184531
0.0198917
0.0418745
0.127047
0.0223768
0.156125
0.147176
0.0211342
0.0201197
0.0199323
0.320397
0.140678
0.201685
0.0210756
0.019888
0.0200569
0.161045
1.7083
0.332451
0.180209
0.0211921
0.135721
0.227717
0.0200396
0.27541
0.0201757
0.145789
0.0199778
0.0206533
0.025039
0.0341837
0.190632
0.0198773
0.0201143
0.019894
0.078379
0.0203946
0.0200773
0.176017
0.028841
0.0209063
0.0453085
0.0204509
0.0199108
0.248351
0.0280304
0.0203945
0.0428586
0.0203651
0.0600278
0.0201516
0.141109
0.0214972
0.0200211
0.0201621
0.0209899
0.195846
0.144243
0.256879
0.19839
0.0221263
0.0417691
0.0227533
0.0330799
0.020064
0.0201742
0.0198906
0.209244
0.0197714
0.165456
0.0210273
0.0200605
0.0214885
0.145503
0.156862
0.0261167
0.0201816
0.0198928
0.0199603
0.187597
0.0209566
0.164008
0.187473
0.0209249
0.0217681
0.178111
0.161055
0.0200072
0.0209981
0.0209431
0.28068
0.186235
0.0199003
0.020515
0.300288
0.325297
0.0207931
0.019983
0.0309123
0.0209557
0.0203868
0.0209972
0.020485
0.20224
0.0210325
0.358351
0.0208371
0.20729
0.0439997
0.198397
0.313028
0.0200387
0.192788
0.0200745
0.232428
0.2656
0.277413
0.0206783
0.0379154
0.184121
0.0227271
0.166931
0.164754
0.347686
0.0208541
0.019931
0.0199079
0.0206668
0.0246317
0.0208287
0.246713
0.02899
0.0209466
0.0198598
0.0312879
0.0203876
0.131214
0.167684
0.203207
0.254454
0.0243911
0.0278473
0.0205549
0.0209395
0.021986
0.0358898
0.0200621
0.0198768
0.0200158
0.102987
0.0200924
0.0601931
0.0206198
0.0202109
0.0206753
0.0290522
0.0205989
0.268164
0.0206784
0.0204148
0.0204987
0.252062
0.233538
0.213528
0.0202437
0.100272
0.0247472
0.148747
0.149021
0.0202294
0.0204489
0.0255638
0.316768
0.0200776
0.0206966
0.0208515
0.0202177
0.0817233
0.0383053
0.0204694
0.351258
0.407065
0.0214919
0.0435153
0.0204694
0.222679
0.0324053
0.0212779
0.280143
0.0199069
0.0205728
0.0200538
0.0233414
0.0200498
0.020087
0.493705
0.0202951
0.0198923
0.0205521
0.0201332
0.0201639
0.0201289
0.0201732
0.26177
0.0808843
0.0231104
0.0205086
0.0240486
0.0213975
0.0203885
0.0215242
0.390765
0.0219456
0.0321525
0.0212595
0.0377238
0.0198792
0.0460494
0.0198872
0.0247359
0.0215499
0.0199417
0.195812
0.0209322
0.345031
0.0287296
0.022881
0.0203704
0.278094
0.190395
0.0220453
0.0639781
0.290982
0.0203231
0.0207804
0.0205382
0.0209354
0.0295802
0.0197306
1.52345
0.0204629
0.0231608
0.0204693
0.020611
0.30577
0.0400444
0.0210431
0.0205101
0.461169
0.0276041
0.0205683
0.0201677
0.0212213
0.0629276
0.0203116
0.0230262
0.020173
0.0200465
0.0199698
0.0207696
0.0206328
0.0198789
0.0201502
0.0198731
0.021235
0.0199497
0.0199818
0.0199839
0.0252969
0.0201206
0.403437
0.453045
0.0208709
0.0202044
0.0217031
0.0208806
0.0199681
0.320685
0.703624
0.0199707
0.226751
0.0199758
0.0199688
0.0369474
0.0196576
0.0206179
0.0790587
0.0200032
0.0196909
0.0206549
0.226819
0.0207787
0.0484531
0.351362
0.0202988
0.0202443
0.0198703
0.186929
0.0253429
0.0213041
0.0279371
0.576405
0.02193
0.0210631
0.0207161
0.0210669
0.0205542
0.0255552
0.601355
0.374742
0.326004
0.0275238
0.0200718
0.0212175
0.0199557
0.097396
0.0203412
0.16616
0.0202541
0.026738
0.0199672
0.0203983
0.238279
0.0200168
0.0200022
0.0200084
0.158136
0.113161
0.0201795
0.0199585
0.0231536
0.0205835
0.0229748
0.195833
0.023107
0.020272
0.251104
0.0609525
0.267941
0.0226469
0.230552
0.14956
0.0203643
0.021731
0.0200169
0.0238476
0.0198658
0.0207044
0.0199888
0.0225039
0.39313
0.0213387
0.273617
0.0289753
0.0250813
0.39576
0.0203075
0.0212878
0.377032
0.0219263
0.0221144
0.0349047
0.019706
0.57237
0.0201803
0.0209623
0.296303
0.0198763
0.0218273
0.0219752
0.393694
0.0204805
0.0248999
0.19794
0.0340222
0.143887
0.0298347
0.0200065
0.0203589
0.0204892
0.0208255
0.020111
0.0202554
0.0205892
0.0742698
0.0229754
0.368875
0.151284
0.0209362
0.0215816
0.0200624
0.0210344
0.632527
0.0203316
0.684174
0.188623
0.199014
0.0202641
0.0269585
0.020958
0.196706
0.0366542
0.0212044
0.0418668
0.0198657
0.0201902
0.0297902
0.0206817
0.0202793
0.490219
0.384566
0.0267092
0.660876
0.0205482
0.0201259
0.0287312
0.0741733
0.32434
0.0258544
0.0206084
0.0200425
0.169405
0.0209565
0.29161
0.133019
0.019751
0.0276168
0.0198727
0.0201085
0.0216172
0.162847
0.0213182
0.0216406
0.0290934
0.0200714
0.0210409
0.020787
0.253006
0.0209101
0.0207004
0.0204076
0.0204578
0.157129
0.0200357
0.0199873
0.0212071
0.0206775
0.020514
0.0405989
0.0200564
0.0234245
0.0351187
0.0201447
0.020573
0.301075
0.0200709
0.0206643
0.0779766
0.0209873
0.0204818
0.0206676
0.0891924
0.0207328
0.0208708
0.126894
0.0198348
0.0210777
0.0206856
0.0200916
0.365205
0.020128
0.0202679
0.0206514
0.0198835
0.359688
0.264701
0.0201272
0.0221123
0.0273456
0.0199233
0.0203242
0.021366
0.0201363
0.0212526
0.0210689
0.0205938
0.0201219
0.185377
0.0204281
0.0208279
0.160288
0.245088
0.19125
0.0202832
0.0226332
0.0209536
0.173867
0.0207703
0.0449698
0.115983
0.341835
0.0613562
0.645341
0.0201515
0.0209145
0.0305093
0.0218992
0.260337
0.320033
0.0198816
0.0203633
0.0202332
0.0216307
0.0198636
0.0204596
0.0199668
0.0210302
0.0212091
0.0354289
0.0198725
0.122042
0.0506395
0.0200697
0.23942
0.0196783
0.0201638
0.0232193
0.0201461
0.0204048
0.0198399
0.0220388
0.0264752
0.0201423
0.0208964
0.0245816
0.0205218
0.0207444
0.0256995
0.0204773
0.020244
0.281386
0.662799
0.0204903
0.0208009
0.0200015
0.314981
0.0308112
0.0201028
0.0325757
0.0234818
0.0278574
0.0276724
0.28201
0.0208013
0.125677
0.145167
0.113863
0.258004
0.344718
0.673433
0.0202502
0.0217873
0.0201877
0.0333076
0.0204797
0.0204992
0.0322485
0.0204002
0.127793
0.0208629
0.339177
0.0205908
0.0204932
0.0202366
0.0199288
0.516464
0.0256349
0.0202221
0.019953
0.128058
0.0326917
0.175985
0.020302
0.020474
0.261969
0.020687
0.0726789
0.0196372
0.0208174
0.170428
0.0277798
0.141776
0.021128
0.0865611
0.0231289
0.0202643
0.021222
0.0203532
0.0210836
0.0205949
0.0210184
0.123543
0.151865
0.249577
0.755274
0.0209185
0.0224055
0.0204896
0.019688
0.153967
0.020526
0.0204585
0.0196698
0.0207682
0.0202508
0.0206367
0.396916
0.18727
0.307813
0.103867
0.0234725
0.0202499
0.0202564
0.0202875
0.0651274
0.0212839
0.617673
0.0223379
0.108341
0.019984
0.0206195
0.31979
0.0207627
0.0202742
0.0214573
0.0211259
0.0206705
0.0203316
0.0201473
0.020108
0.0199911
0.0208069
0.0201015
0.020327
0.234459
0.0201674
0.0205819
0.0207923
0.0200338
0.0203033
0.0215897
0.506187
0.0209103
0.0208345
0.0209955
0.350426
0.195724
0.199244
0.447488
0.0205575
0.0208162
0.0208004
0.0208338
0.0209674
0.0206295
0.020268
0.0203151
0.0204055
0.0377465
0.0217219
0.020105
0.453738
0.0208512
0.0222383
0.10764
0.0209576
0.168381
0.340016
0.020117
0.0214765
0.0220546
0.148853
0.085434
0.0990257
0.0205217
0.0203355
0.0203264
0.0205902
0.0208555
0.0206207
0.0233269
0.020214
0.0241797
0.0244932
0.0694062
0.0201279
0.0263628
0.0234873
0.316493
0.0202414
0.274029
0.020354
0.0204723
0.0196644
0.0200473
0.405457
0.0207416
0.0203111
0.0203266
0.0206235
0.0538391
0.279985
0.0200554
0.0205808
0.0211329
0.408431
0.0226805
0.0223699
0.158752
0.381828
0.0204311
0.0204276
0.196508
0.0203305
0.0203505
0.198555
0.0212557
0.0204025
0.0201183
0.0206191
0.403859
0.0250765
0.0246264
0.0216147
0.0201799
0.0205466
0.0362637
0.0207006
0.021231
0.0203436
0.0921817
0.274289
0.0203899
0.0208884
0.0203785
0.30124
0.0212313
0.174693
0.309336
0.0220083
0.0208659
0.0199994
0.364452
0.0206869
0.277617
0.0204201
2.40561
0.0207692
0.269217
0.0352297
0.0206697
0.0212462
0.415315
0.0209003
0.0277041
0.0212502
0.189824
0.0205156
0.0205758
0.0208402
0.020661
0.0284918
0.0210219
0.0205017
0.0207357
0.350629
0.027824
0.0208329
0.0210598
0.0384484
0.0205452
0.457976
0.0216891
0.36611
0.339705
0.260633
0.0199837
0.284839
0.0201125
0.0204022
0.15376
0.0206496
0.0206975
0.022157
0.0241166
0.0213024
0.0202172
0.0203538
0.0254774
0.0202862
0.0218281
0.191721
0.0196307
0.147222
0.0205823
0.376269
0.0212594
0.0214294
0.0200884
0.300756
0.0220674
0.109918
0.0204075
0.0272157
0.0213054
0.0220721
0.020235
0.0196398
0.0204968
0.0202031
0.0282607
0.470308
0.0203541
0.0225358
0.178385
0.0208304
0.0204025
1.12673
0.0207441
0.0207562
0.517976
0.0309273
0.0204018
0.0209369
0.0214175
0.0218215
0.0204052
0.0216648
0.0408376
0.330427
0.0207099
0.410412
0.0208262
0.0207521
0.0208485
0.0225237
0.491156
0.429264
0.0294946
0.021282
0.0206282
0.0890951
0.0205895
0.0206367
0.0209184
0.397624
0.0202284
0.0196415
0.0207964
0.0239796
0.248403
0.023827
0.0210803
0.0261024
0.0202702
0.0203861
0.0244523
0.402745
0.0259043
0.373851
0.0268706
0.0201706
0.0263474
0.0201981
0.0248538
0.0266737
0.168533
0.053184
0.0199208
0.0204314
0.024597
0.0287694
0.628532
0.431009
0.020439
0.402992
0.0206899
0.0213273
0.0203611
0.043545
0.0210971
0.251031
0.0205591
0.0214881
0.417539
0.0214067
0.364385
0.020693
0.342534
0.05949
0.0202355
3.08718
0.0211491
0.334302
0.0337829
0.363067
0.0202966
0.0215658
0.0203721
0.0216105
0.020711
0.404956
0.0208595
0.0198455
0.0209787
0.0203136
0.152118
0.0209034
0.0238565
0.0208105
0.0244677
0.0208092
0.0243191
0.0207313
0.0208446
0.0200759
0.0209073
0.02087
0.0213868
0.021401
0.0206841
0.198628
0.0212445
0.0204916
0.0205054
0.211293
0.183052
0.0205203
0.0200086
0.021397
0.0371218
0.284078
0.0647546
0.0200336
0.410336
0.0203106
0.0202875
0.0226238
0.0215326
0.0209804
0.432655
0.0282191
0.0206543
0.0209665
0.0247047
0.0207879
0.0203126
0.0205012
0.0210698
0.021167
0.0209323
0.0208312
0.0209628
0.0259486
0.0315241
0.0208226
0.0206427
0.362716
0.0421092
0.238858
0.0207777
0.0205199
0.383643
0.0256069
0.525788
0.0261003
1.58351
0.0205833
0.0220772
0.0205406
0.0206583
0.403495
0.0210048
0.0223765
0.0208272
0.0215025
0.0213126
0.0265999
0.0379808
0.0307561
0.0210979
0.0217388
0.65913
0.0206911
0.0208799
0.0237642
0.020598
0.197662
0.0207152
0.019941
0.0957706
0.0245212
0.117413
0.0211104
0.0211941
0.0211305
0.020389
0.0204298
0.0205488
0.0203518
0.0207916
0.258117
0.0200352
0.503208
0.0281679
0.021527
0.0245435
0.021271
0.0213453
0.0210006
0.0208663
0.665762
0.0239509
0.332409
0.0214064
0.522055
0.0205235
0.124064
0.0210223
0.0224914
0.0395575
0.0207366
0.0622947
0.0209453
0.0203404
0.0205188
0.0209626
0.807776
0.0135529
0.156314
0.0206907
0.0207951
0.0206571
0.513251
0.0208015
0.0213931
0.0247638
0.0270734
0.557552
0.0205218
0.0206041
0.0208575
0.0206017
0.267878
0.0205365
0.0258884
0.0204174
0.0198465
0.516387
0.020633
0.0297514
0.0285035
0.460008
0.0207063
0.0703246
0.0221671
0.0215721
0.0213269
0.0212108
0.0230241
0.354434
0.356637
0.0344244
0.0214243
0.0518173
0.0196437
0.0223988
0.0205992
0.0217601
0.417774
0.0202403
0.224224
0.0250211
0.0226923
0.0239456
0.426203
0.152845
0.219958
0.0211178
0.0213131
0.0316874
0.0209469
0.0199295
0.0199835
0.20956
0.759547
0.0196409
0.0291484
0.0216048
0.0287819
0.390158
0.0203694
0.436508
0.0376959
0.0211161
0.0339979
0.419605
0.0213413
0.661262
0.0206526
0.0198754
0.0234476
0.356921
0.0212855
0.0310623
0.0206432
0.0505729
0.0304457
0.0238915
0.0208732
0.194449
0.479018
0.0201996
0.0199191
0.0207664
0.0212333
0.0212467
0.0196146
0.037163
0.0200631
0.353333
0.0209871
0.773009
0.0212047
0.0218045
0.664872
0.0210929
0.0201072
0.425547
0.0207528
0.0206117
0.0209067
0.0200987
0.023053
0.0207961
0.0196816
0.244529
0.0199988
0.0261071
0.021059
0.0219117
0.0203168
0.0205843
0.658711
0.0200663
0.0206106
0.0988494
0.286688
0.0209133
0.0211989
0.459658
0.0209101
0.0208441
0.0206643
0.0727359
0.0211489
0.0206899
0.0286565
0.0214736
0.0222131
0.0211149
0.0205958
0.0206987
0.0206842
0.0205669
0.0300433
0.243792
0.0299687
0.0207615
0.0205624
0.0211237
0.677508
1.89334
0.0242179
0.0181937
0.032091
0.0199397
0.0196521
0.204162
0.336603
0.0209219
0.0200893
0.124384
0.206395
0.0278709
0.0215107
0.0198479
0.0207771
0.328564
0.0213269
0.0289461
0.404159
0.0206342
0.341218
0.0465573
0.0214099
0.0206083
0.0215919
0.0207574
0.0447863
0.0210784
0.027559
0.0207628
0.0214857
0.0212484
0.0204601
0.0295888
0.0209636
0.0207638
0.0206321
0.319353
0.0200518
0.0207962
0.0213237
0.62874
2.41423
0.0204425
0.0482114
0.0205047
0.0203275
0.0206185
0.0274112
0.0259961
0.0202271
0.0205322
0.0212337
0.133473
0.0206089
0.254294
0.0200846
0.0235738
0.0211482
0.02061
0.0199226
0.0204225
0.0222895
0.0864773
0.0223608
0.0209006
0.0211398
0.234811
0.0212245
0.0206608
0.0243764
0.0219321
0.021131
0.0207915
0.289174
0.0236872
0.0302366
0.0242756
0.0254626
0.0204774
0.0212013
0.0206078
0.0210231
0.0219428
0.144497
0.0209604
0.021075
0.020837
0.0260459
0.027566
0.0218055
0.609538
0.0251863
0.0210424
0.165153
3.35043
0.345779
0.075786
0.0215548
0.0206553
0.0211872
0.0223339
0.0208058
0.184705
0.0316264
0.0207075
0.416854
0.0204667
0.0212481
0.0208863
0.0207417
0.283199
0.0208322
0.0207029
0.0395214
0.487094
0.0332146
0.652726
0.0207676
0.396357
0.411827
0.51013
0.027122
0.0201562
0.639373
0.0196736
0.0229929
0.0220462
0.680647
0.0206477
0.0284491
0.0201332
0.0217467
0.0205967
0.0201109
0.0208131
0.411384
0.177224
0.0210992
0.513036
0.0213513
0.0205081
0.026938
0.0658176
0.0211373
0.03342
0.122255
0.0270252
0.0210688
0.0207947
0.0224325
0.0215968
0.532171
0.0207208
0.021579
0.0210489
0.0207099
0.0207586
0.0255621
0.0200522
0.0208985
0.0299247
0.0208939
0.0198493
0.0217786
0.0249658
0.0325983
0.0560643
0.021069
0.595493
0.0213445
0.0207313
0.0221346
0.0303935
0.324301
0.0207766
0.0207126
0.0207749
0.0208482
0.273615
0.157088
0.346567
0.0212332
0.0202792
0.0226611
0.0200811
0.023318
0.0208088
0.677876
0.628287
0.0256585
0.0208364
0.0313519
0.773934
0.0209837
0.875774
0.0200981
0.329445
0.258513
0.0207505
0.196537
0.023119
0.0614097
0.0208615
0.345507
0.0249652
0.219383
0.0209823
0.0210445
0.0212069
0.0226195
0.0207267
0.283416
0.0205914
0.594586
0.336406
0.0521313
0.308627
0.0200845
0.0206769
0.0207313
0.0202812
0.0212223
0.0211816
0.028835
0.0192206
0.120712
0.0210081
0.0210186
0.0211658
0.0222814
0.0223971
2.04271
0.0207324
0.0211915
0.0208827
0.0238786
0.0211654
0.020957
0.408885
0.248996
0.028206
0.0207883
0.0265343
0.0196506
0.709155
0.0211846
0.0204835
0.360155
0.0209227
0.0218517
0.0256135
0.0216074
0.0213349
0.0208151
0.0276705
0.0208592
0.0230777
0.842814
0.0212035
0.213486
0.0205381
0.027911
0.0202235
0.0207718
0.265174
0.0210279
0.0239464
0.0257249
0.020795
0.0237305
0.0200511
0.0213216
0.370085
0.0204015
0.0211316
0.170508
0.0215615
0.03591
0.0199239
0.23098
0.0203418
0.126513
0.02101
0.0256614
0.0211923
0.237786
0.0207837
0.0202978
0.0208256
0.0215383
0.0203563
0.0243319
0.0206089
0.228396
0.0210851
0.0214822
0.0207073
0.0205653
0.0208159
0.0208097
0.0208086
0.134153
0.022302
0.0265639
0.0207764
0.0210684
0.0234019
0.0205976
0.0206108
0.159948
0.0223651
0.0199452
0.0203705
0.0208586
0.0212261
0.216283
0.0279226
0.0210353
0.0208032
0.0211261
0.020923
0.0209004
0.0202175
0.156707
0.674836
0.020727
0.0199223
0.0206012
0.0207271
0.0209718
0.0208118
0.0209067
0.274498
0.0208808
0.0239092
0.111946
0.201537
0.0207977
0.0294687
0.0243063
0.569076
0.0565711
0.020685
0.0222332
0.0241433
0.0213447
0.0224615
0.0212171
1.5414
0.449941
0.0306951
0.0243919
0.281555
0.0250116
0.0210265
1.15522
0.0212023
0.0369544
0.020731
0.0308876
0.0423844
0.268717
0.0210385
0.0211264
0.515982
0.293345
0.0252208
0.490083
0.0207317
0.0316613
0.0213005
2.22687
0.0207761
0.0210843
0.0213044
0.0211972
0.0203752
0.0226109
1.84218
0.370354
0.0204713
0.0269698
0.0213031
0.20597
0.0239689
0.0211133
0.0222152
2.35122
0.800578
0.0211196
0.0222833
0.0207496
0.0208927
0.020097
0.0203726
0.277706
0.0211705
0.0416741
0.0600822
0.0237797
0.0209659
0.0208118
0.224426
0.0213718
0.0213851
0.0203325
0.0208073
0.0213524
0.0212036
0.20347
0.634207
0.0208961
0.278731
0.0279299
0.0208092
0.0202844
0.0214902
0.0202967
0.0227605
0.365967
0.0234866
0.0219069
0.623263
0.0212171
0.629632
0.0210599
0.0207469
0.0209611
0.0204908
0.0209424
0.336747
0.0412076
0.020972
0.0695637
0.0203826
0.0242241
0.87142
0.0215031
0.0211697
0.0230651
0.0210089
0.0213467
2.22428
0.0311681
0.0208045
0.0201053
0.0227154
0.24889
0.02163
0.0200169
0.0886152
0.0245519
0.0211296
0.0207261
1.86867
0.0220381
0.0205559
2.12917
0.0678088
0.441356
0.0224773
0.0642182
0.0252642
0.0251512
0.0239285
0.0206739
0.247722
0.020721
0.0209227
0.602774
0.0209522
0.0207128
0.0213896
0.0613467
0.0207452
0.0210603
0.0209811
0.0228381
0.0200728
0.0209447
0.0244177
0.440374
0.02194
0.629449
0.0458967
0.0199364
0.0269987
0.036698
0.0212827
0.0210546
0.829115
0.0212791
0.0301687
0.0210054
0.0212698
0.0648219
0.020001
0.0208284
0.020936
0.266721
0.0209878
0.0274929
0.0202927
0.0209125
0.0200898
0.470148
0.021272
0.0208762
0.0207463
0.193285
0.0213588
0.0724453
0.0212604
0.020848
0.026616
0.343917
0.0210307
0.47714
0.0300175
0.0200634
0.0214076
0.0281136
0.020002
0.0209348
0.338983
0.0211863
0.0216586
0.714704
0.0201645
0.0213318
0.0227384
0.0303715
0.51212
0.0270429
0.67228
0.329824
0.0210986
0.20041
0.0285162
0.353742
0.0216862
0.621505
0.0266223
0.0203599
0.366112
0.021028
0.036909
0.021149
0.146864
0.39192
0.0220341
0.0206239
0.436326
0.0206529
0.0428551
0.0202168
0.0203719
0.0215091
0.0798233
0.0209342
0.0204711
0.0209404
0.0212698
0.0214009
0.0212712
0.0196883
0.0209832
0.0996799
0.199323
0.0210062
0.0355032
0.0209404
0.0225541
0.785201
0.618809
0.0226481
0.6639
0.0223618
0.021671
0.0212977
0.032421
0.0311132
0.0205216
0.0235715
0.0248225
0.0922911
0.0211211
0.0210669
0.020163
0.0240049
0.0207211
0.029143
0.251413
0.0238184
0.0221812
0.0206888
0.0229235
0.0202014
0.0199104
0.0285659
0.352197
0.0204649
0.0320689
0.0225235
0.0212765
0.0298252
0.0211763
0.0214754
0.0206427
0.0201827
0.0200497
0.0199366
0.0261917
0.0218669
0.0204706
0.0222598
0.0246543
0.0196249
0.0206739
0.0224961
0.0210879
0.0244227
0.0212118
0.0229653
0.0210478
0.0306784
0.0214807
0.0212318
0.18785
0.0297116
0.0209896
0.0272501
0.0210613
0.0207107
0.0209521
0.0206887
0.0222027
0.0215674
0.0247768
0.0218258
0.171474
0.0212237
0.0207348
0.0345406
0.0202623
0.0210931
0.0286441
0.0209456
0.617277
0.021034
0.0204071
0.242253
0.0311496
1.55703
0.0209221
0.0209385
0.020796
0.024096
0.0201632
0.0209536
0.0560313
0.0355488
0.247061
0.19085
0.0216812
0.186474
0.0559956
0.0456991
1.47427
0.029858
0.109075
0.023293
0.179039
0.122587
0.0199314
0.673024
0.0208424
0.0209129
0.0204867
0.0211864
0.0209408
0.0209263
0.023646
0.748966
0.0230195
0.029887
0.217819
0.0209563
0.0851398
0.0204885
0.0208719
0.019937
0.126963
0.02114
0.0313226
0.630608
1.28308
0.0183317
0.117055
0.0200451
0.033732
0.0347466
0.0204149
0.0227038
0.0325695
0.0212773
0.0207878
0.0210658
0.0209248
0.0307144
0.0241819
1.38038
0.0322412
0.0207643
0.0554032
0.0209343
0.0213393
0.0406535
0.681567
0.023358
0.0210498
1.46312
0.0790745
0.0249786
1.25138
0.0212102
0.0218058
0.0214615
0.0400739
0.0199331
0.0211855
0.0208778
0.0207299
0.0204886
0.023887
0.0211033
0.0213027
0.0249034
0.0214642
0.353587
0.0209343
0.0213835
0.677001
0.0211444
0.0204779
0.151688
1.3084
0.0212888
0.0207613
0.0270581
0.0219848
0.0214095
0.0213919
0.0206829
0.021217
0.241045
0.0207751
0.0202574
0.0207389
0.0209751
0.020891
0.0343627
0.0358058
0.0298033
0.0195596
0.285175
0.0211172
0.0212177
0.0206933
0.0207646
0.0984254
0.0202814
0.0207466
0.0241555
0.0213094
0.0233709
0.0294126
0.0207122
0.0235353
0.0361581
0.0212013
0.355225
0.0249445
0.0642024
0.0270786
0.39042
0.021331
0.0224533
0.0204234
0.0208263
0.020899
0.0679163
0.0214863
0.0203545
0.0202523
0.245169
0.0210368
0.0204196
0.0203692
0.0229924
0.0215822
0.0211325
0.0324995
0.229581
0.629759
0.0237374
0.0291164
0.0209981
0.0358887
0.0450974
0.0204004
0.0247732
0.0788876
0.0207226
0.0221746
0.0211332
0.0204587
0.201744
0.026243
0.022907
0.251875
0.260942
0.029154
0.0202826
0.020031
0.0664025
0.0207198
0.027047
0.022724
0.0214535
0.0282144
0.0232879
0.0253221
0.021077
0.0205763
0.0355657
0.0241727
0.434211
0.0520529
0.111693
0.0219974
0.021481
0.0259181
0.0210034
0.0242261
0.0202962
0.0209365
0.138392
0.0237721
0.229077
0.0148885
0.0308499
0.0213217
0.0737917
0.310415
0.112736
0.0201519
0.0216941
0.0491374
0.0219623
0.0313819
0.202918
0.0211107
0.0487922
0.0558785
0.0827962
0.350742
0.0206708
0.021557
0.240519
0.0235965
0.703833
0.0728106
0.0517
0.0554615
0.021409
0.0208575
0.0644138
0.0213998
0.0199424
0.022275
0.0210472
1.37989
0.0211605
0.0208662
0.0294294
0.0235963
0.0210663
0.0213669
0.0212209
0.0211523
0.0220016
0.0344951
0.020344
0.0975495
0.0249205
0.435646
0.0231494
0.0212301
0.0241399
0.376718
0.0281239
0.0490704
0.0210098
0.021176
0.0201818
0.0218367
0.0311736
0.0210211
0.0213858
0.0214427
0.0287953
0.0210963
0.13384
0.0212232
0.0224103
0.0273818
0.0281268
0.0228874
0.0211678
0.0240519
0.0212336
0.0214485
0.0211157
0.0212467
0.0217186
0.0890645
0.0204457
0.0211322
0.0214548
0.476306
0.0226756
0.0221267
0.0212302
0.0227198
0.0277965
0.0212149
0.0382813
0.520387
0.0209261
0.0309693
0.550705
0.021443
0.0205682
0.0202897
0.0231052
0.0220133
0.0385845
0.021805
0.0220896
0.176208
0.0203562
0.0207904
0.0214883
0.0261871
0.0262364
0.0214038
0.0284339
0.0211148
1.24066
0.0255506
0.0371983
0.408794
0.0286387
0.0213232
0.0233643
0.0230228
0.0215004
0.0246029
0.0211398
0.0237869
0.0214906
0.0210556
0.0208261
0.0210844
0.0209919
0.02348
0.0295699
0.0205947
0.0212379
0.0203621
0.248872
0.0393534
0.0214253
0.020221
0.0209132
0.15242
0.0573894
0.0211872
0.355272
0.0214544
0.0206185
0.0205613
0.0209518
0.0214857
0.0212594
0.0210764
0.100452
0.021067
0.0310979
0.0222074
0.0208687
0.0823163
0.198499
0.0210403
0.0276579
0.226009
0.0207171
0.0208057
0.0210215
1.66113
1.2866
0.204006
0.0354142
0.0216006
0.0322762
0.62658
0.021482
0.0433702
0.581087
0.0678897
0.0210697
0.0295022
0.0214512
0.0269922
0.392852
0.0213304
0.0264947
0.0212467
0.0232576
0.0241014
0.571005
0.0235525
0.0203708
0.0208909
0.0201818
0.321865
0.0209937
0.0228216
0.0221489
0.0823579
0.0211174
0.0234381
0.0177205
0.351301
0.225273
0.0251977
0.630885
0.0205753
0.0210593
0.0213531
0.279497
0.0212328
0.0211298
0.0224491
0.0201678
0.021274
0.0218928
0.022316
0.0208059
0.021532
0.0214907
0.0206797
0.0204339
0.0792509
0.0208579
0.0207822
0.0227086
0.161874
0.0218057
0.0311649
0.0224263
0.0256364
0.184635
0.0236778
0.020923
0.0212884
0.419137
0.0217747
0.239382
0.0239142
0.0211973
0.0243955
0.0653029
0.0210562
0.0205159
0.0206057
0.0211312
1.57247
0.366164
0.0204338
0.020323
0.0269395
0.0211342
0.0213269
0.0427828
0.0412571
0.0206215
0.0232976
0.0214438
0.0236444
1.38002
0.0266207
0.0205082
0.0560429
0.0529581
0.0210886
0.156755
0.0210961
0.260586
0.0205546
0.0724236
0.0211192
0.0596462
0.0229571
0.0212011
0.0240635
0.0281897
0.021416
0.0249696
0.0244831
0.021099
0.0230605
0.0211754
0.0500819
0.0237409
0.0206873
0.0237153
0.021451
0.0212032
0.041234
0.024689
0.0247157
0.0209584
0.021171
0.0203824
0.0212811
0.0209433
0.0210554
0.0212817
0.020927
0.388765
0.0333655
0.0215735
0.0206939
0.0484004
0.14058
0.0306852
0.0202992
0.0211103
0.0249036
0.0211194
0.0257184
0.0258931
0.0213802
0.0220835
0.0212121
0.184537
0.160167
0.412101
0.0220635
0.112158
0.0267631
0.0209385
0.020929
0.0201658
0.048631
0.0211189
0.0199641
0.0206771
0.0464224
0.125621
0.0221044
0.0199462
0.0214783
0.0755791
0.0210979
0.183556
0.020913
0.0210365
0.0240214
0.0211028
0.021311
0.0450654
0.418251
0.0249325
0.0213325
0.0613453
0.0211003
0.0216631
0.0213518
0.12648
0.0211034
0.0211632
0.0212894
0.0214771
0.0579109
0.149637
0.0262982
0.0376739
0.0208642
0.0207844
0.0328033
0.0211103
0.0204583
0.0320734
0.0200242
0.0222607
0.0208362
0.0212811
0.294165
0.0520897
0.16305
0.0210652
0.253484
0.0774612
0.0224909
1.48906
0.0218272
0.0210898
0.0205734
0.0203023
0.0205003
0.0221208
0.0220541
0.0213845
0.0245138
0.0210847
0.0210986
0.0233476
0.0210553
0.0376861
0.020935
0.0202172
0.0211678
0.0213816
0.214923
0.0206467
0.0213404
0.0357627
0.0254977
0.0201174
0.0335783
0.776891
0.0250108
0.224494
0.056807
0.0212515
0.0209717
0.0400928
0.021198
0.0524827
0.032237
0.0214206
0.0214358
0.0208825
0.0207111
0.0210494
0.341311
0.0217615
0.0216467
0.0237456
0.0219621
0.021379
0.0207445
0.158122
0.0324307
0.0203733
0.0212409
0.0215633
0.023336
0.174143
0.0606931
0.0200585
1.39322
0.0566645
0.28728
0.0199303
0.0206216
0.0316078
1.49412
0.0220549
0.0214002
0.0212215
0.0203186
0.0200524
0.020037
0.0207595
0.0216903
0.0231507
0.0209132
0.0201658
0.0211306
0.0285162
0.021825
0.0210185
0.0271214
0.0201617
0.378097
0.0261519
0.0214088
1.42687
0.389772
0.037151
0.0203683
0.0203011
0.0210898
1.60315
0.0284509
0.0214283
0.0214926
0.0238959
0.0212211
1.25363
0.0212421
0.0278316
0.0212924
0.0200359
0.0359796
0.305381
0.0218462
0.0269196
0.0214685
0.0212275
0.181742
1.79897
0.0209759
0.020558
0.0275454
0.035974
0.0271196
0.0204513
0.0264752
0.0362781
0.0266417
0.0210579
0.0212026
0.021017
0.0207731
0.0233574
0.0209466
0.0264055
0.037558
0.0230926
0.0402933
0.0270097
0.0212152
0.0213623
0.0704707
1.40943
0.142415
0.0919572
0.0200411
0.0380887
0.0214643
0.0204165
0.0228467
0.0224874
0.0216527
0.0659265
1.50531
0.130118
0.949946
0.0212684
0.0580061
0.0201749
0.0203424
0.022849
0.0260419
0.152444
0.0238978
0.0265475
0.0270988
0.293308
1.51249
0.0210953
0.0214944
0.0181827
0.721833
0.0208933
0.333114
0.152886
0.0212148
0.0222365
0.0200645
0.0222058
0.0214813
0.0295146
0.143647
0.0213148
0.0201859
0.23198
0.0988895
0.11569
0.0295104
1.31955
0.0449185
0.138664
1.56975
0.0219497
0.0210798
0.175995
0.0211507
0.0214281
0.0204104
0.0208761
0.0946721
0.0290802
0.0276614
0.255255
0.0237038
0.0265171
0.0212508
0.0278792
1.58385
0.019901
0.0411505
0.598499
0.043194
0.0214772
0.0233309
0.0225119
0.0200606
0.0205291
0.0850583
0.0235202
0.0211096
0.0295784
0.0278787
0.0220184
0.0667424
0.0247211
0.0231165
1.53478
0.0205554
1.50292
0.0216184
0.0262909
0.0427238
0.0247053
0.16594
0.0214706
0.0265842
0.0211915
1.63737
0.0272405
0.0236239
0.0201874
0.0582075
1.75735
1.35604
0.0206463
0.0255215
0.0272482
0.0207834
0.0203769
0.0260718
0.0351783
0.0204778
1.81955
0.0226216
0.0213301
0.021261
0.0229087
0.0260055
0.611687
0.0902437
0.028114
0.0217638
0.0214107
1.90716
0.0204519
0.0210644
0.530125
0.0496515
0.0224518
0.0208452
0.021201
0.0302322
2.01482
0.0297526
0.0214266
0.0455601
0.0203568
0.0300629
0.0213559
0.0204052
0.0150965
1.88414
0.0278511
0.0226658
1.7899
0.0306441
0.023259
0.021384
1.75039
0.0238743
0.0222834
0.0248217
0.0288597
1.15846
0.314137
0.021421
0.329733
0.029085
0.0277626
0.0205689
0.0878153
0.0282656
0.0210562
1.79946
0.021455
0.0214161
0.413088
0.0210364
0.0438146
0.0206931
0.0360944
0.0268865
0.0210149
2.13804
0.0398876
0.0203093
0.499004
0.0209022
0.020912
1.49153
0.111112
0.0468444
0.389814
0.0322247
1.91779
0.0213627
2.07749
0.0259142
0.0206743
0.0337521
0.562905
0.0203287
0.0213664
0.0201155
0.0213988
0.0217239
0.0201893
1.98478
0.0237082
1.61144
0.0214658
0.153247
0.0214434
1.732
0.0208309
0.0207722
0.0214078
0.0214328
1.80026
2.86555
0.0204025
0.0217311
1.44575
0.0764013
0.0222278
0.0204873
0.0205723
0.0234686
0.387637
0.404121
0.0281866
0.0203581
0.0203618
0.0223319
0.0223054
0.0213677
0.022804
0.23631
0.0241802
1.78868
0.0219778
0.0204219
0.0315942
0.427708
0.0205167
0.0232528
0.0196152
0.0252069
0.0213703
0.0220803
0.0214682
0.0227434
0.0213707
0.23227
0.0340981
0.0210601
0.0213745
0.0220977
0.0221286
0.0687229
0.0357537
0.0463889
0.0204538
0.0213778
0.0210896
0.0618338
0.241531
0.0498372
0.0226164
0.0228474
0.437455
0.355752
0.0202182
1.43018
0.0522551
0.0218809
1.84871
0.0213419
0.451161
0.0212003
0.021154
0.113831
0.280303
0.0212913
0.0493779
0.0730755
0.0202075
0.144891
0.0213541
1.7775
0.248375
0.0922902
0.0776601
0.0931941
0.021191
0.025814
0.0222544
0.0213877
0.0200218
0.0558039
0.0906725
0.0217756
0.0204495
0.0214619
0.0237652
0.0494308
0.0214095
0.154033
0.0978437
0.0750158
0.0179854
0.0219002
0.0207923
0.0209396
0.0246639
0.0227072
0.0264032
0.0227751
0.13079
0.0346849
0.0228429
2.1364
1.26306
0.0387476
0.0206613
0.0248862
0.0315737
0.0780388
1.43524
0.0209947
0.0208544
0.118601
0.0204339
0.0326884
0.020649
0.0206618
0.0293482
0.0299483
0.0448222
0.123461
0.0832999
0.11571
0.0396224
0.0862458
0.0435807
0.333328
0.0211171
0.239834
0.373649
0.0537266
0.0224174
0.0231249
0.0211032
0.0204382
0.0254969
0.0221752
0.0242427
0.0358523
0.139462
0.0345686
0.0225554
0.0219325
0.0647649
0.0300358
0.0451949
0.0210097
0.0214588
0.0995792
0.0965919
1.43769
0.0195503
0.0195549
0.0218154
0.052694
0.168328
0.0201541
0.0340222
0.0217918
0.0555046
0.0212307
0.0385723
0.0211014
0.0205597
0.0311168
0.0214057
0.0205576
0.0217307
0.0556785
0.0239163
0.0228348
0.0207268
0.0222588
0.16303
0.0272269
0.0207287
0.315244
0.0291788
0.0232387
0.0501596
0.0286912
0.0207441
0.0356653
0.0257848
0.392784
0.0228441
0.02226
0.0206103
0.0584176
0.0202479
0.650166
0.0203049
1.49204
0.0204091
0.0285091
0.0202835
0.0235282
0.0200714
0.0282622
0.0225539
0.0210919
0.0230348
0.0204382
0.0213896
0.382715
0.0205563
0.0294972
0.0275818
0.0209687
0.0205733
0.0216447
0.0289147
0.0937016
0.021044
0.023515
0.0203002
0.0386861
0.0224207
0.026054
0.0208787
0.0217187
0.0314848
0.0281603
0.0252577
0.405292
0.0301349
0.0236249
0.0208602
0.0257012
0.194521
0.0204418
0.021053
0.0291128
0.0215181
0.0778674
0.0513529
0.019865
0.0295897
0.0246644
0.021343
0.0208901
0.0205199
0.0626305
0.0207456
0.021606
0.0221962
0.0222186
0.0203905
0.0225416
0.0198525
0.0213318
0.0207075
1.85541
1.82147
0.0211088
0.0549068
0.603771
0.0256237
0.0770863
0.021653
0.025574
0.0216939
0.0274077
0.0210008
0.0226092
0.0266932
0.0205741
1.9955
0.119231
0.0204848
0.0212288
2.01005
0.0206451
0.0213168
0.0282123
0.021207
0.0345541
0.0487603
2.12501
0.021799
0.0212115
0.0211513
0.4154
0.0217565
0.0207362
0.0206301
0.0213273
0.0233679
0.0233602
0.0222525
0.020005
0.0283149
1.94327
0.0486968
0.0213657
0.0210252
0.169075
0.020214
0.0211003
0.152962
0.878242
0.0345331
0.507566
0.0226076
0.0205567
0.0202429
0.026344
0.0204269
0.0306121
0.022599
0.026344
0.0211085
0.148982
0.0207696
0.0226813
0.0212152
0.0207483
0.022761
0.0206425
0.0246753
0.0250829
0.0556622
0.0213133
0.0342549
0.0720635
0.0249784
0.383112
0.0271342
0.147777
0.253834
0.0294994
0.0212521
0.306995
0.0205662
0.0213562
0.020667
0.16675
0.021596
0.0207472
0.239456
0.0207633
0.17519
0.0206166
0.127688
0.0204513
0.0259205
0.0207349
0.0289345
0.0217133
0.0350833
0.0233067
0.247135
0.0228484
0.0228172
0.0210663
0.0210982
3.00429
0.021272
0.0288874
0.0215515
0.0965736
0.0207079
0.179174
0.055039
0.048142
0.0200905
0.0216049
0.0203975
1.04792
0.22428
0.0208164
0.0242263
0.0208438
0.0211153
0.0221132
0.0212287
0.0211539
0.0219935
0.380478
0.026601
1.90939
0.131117
0.138526
0.0211661
0.020361
0.027368
0.0208013
0.0215353
0.021621
0.361797
0.122029
0.021231
0.0255576
0.0210703
0.328012
0.0224056
0.120384
0.0204948
0.0227774
1.02755
0.0210871
0.0207786
1.25549
0.0204589
0.0207599
0.0366269
0.0204954
0.62212
0.152405
0.201423
0.021829
0.0529184
0.501684
0.0237345
0.0202963
0.0212244
0.0248825
0.0213767
0.0245302
0.164119
0.229449
0.0206449
0.0275435
0.0211642
0.021324
0.0217245
0.0273247
0.0203593
0.374332
0.0255912
0.116899
0.022184
0.0204879
0.0214878
0.0216635
0.0209515
0.0219981
0.389783
0.0205816
0.220359
0.0278133
0.0228173
0.0214572
0.0207197
0.021265
0.0548412
0.0206667
0.0207772
0.0281377
0.021131
0.0263629
1.97271
0.33676
0.0368071
0.0204525
0.0206655
0.0213518
0.0194017
0.0572062
0.0214648
0.0213527
0.0213703
0.0251764
0.0224433
0.0261347
0.0207374
0.0484997
0.0213847
0.0519655
0.0211458
0.0211501
0.0230326
0.0207188
0.0208122
0.024657
0.0434451
0.0209549
0.0210589
0.237904
0.30911
0.0205729
0.0213688
0.0204692
0.0241389
0.0207516
0.0229363
0.26419
0.3258
0.0316525
0.0223786
0.0763898
0.0276052
0.0209813
0.164108
0.0210661
0.43946
0.0207772
0.0209013
0.0235736
0.020901
0.020285
0.0213985
0.0206436
0.0240172
0.0214712
0.0206534
0.403506
0.406869
0.249189
0.0204622
0.024573
0.0213887
0.0241462
0.422506
0.0963117
0.0211575
1.24161
0.0214517
0.0210364
0.0209753
0.0211642
0.0207432
0.0214412
0.0254434
0.0210562
0.0224955
0.155988
0.0206994
0.0271992
0.021711
0.110319
0.245079
0.153196
0.104375
0.021548
0.401369
0.0213686
0.0273529
1.65699
0.0212187
0.153831
0.0206326
0.0205924
0.0226299
0.328447
0.0313575
0.0241839
0.441756
0.0213209
0.373695
0.213456
0.0632598
0.0261686
0.0206539
0.315583
0.0267026
0.0214388
0.0207196
0.0226918
0.0282714
0.0453268
0.0208864
0.0353544
0.0215256
0.0240117
0.0211208
0.0226438
0.0205548
0.0312367
0.0205176
0.0210477
0.178897
0.0313338
0.0209805
0.0205707
0.305551
0.0216808
0.0226136
0.0220023
0.0207765
0.0211352
0.0214262
0.0213937
0.0435597
0.0231853
0.0214312
0.0214661
0.0210668
0.0237719
0.0212212
0.156385
0.383524
0.0247415
0.0237167
0.0212426
0.0567349
0.986751
0.0202268
0.0211997
0.377903
0.0219535
0.109144
0.0209031
0.249998
0.0214017
0.0213633
0.0215908
0.0214573
0.0221903
0.0253523
0.0248939
1.86794
0.393508
1.74549
1.56712
0.272257
0.023885
0.0482359
0.0207111
0.0526905
0.0223075
0.0214586
0.0285863
0.0213859
0.0214102
0.0204475
0.0220925
0.0208042
0.0260823
0.0204806
0.0231833
0.0205146
0.0223765
0.02035
0.0662871
0.0210358
0.0207982
0.0200211
0.0273765
0.0218198
0.0227465
0.021458
0.0323877
0.212759
0.286613
0.0271597
0.0206606
0.0245813
0.0210658
0.0211911
0.026028
0.0219088
0.020795
0.021288
0.0295168
0.0204031
0.0205814
0.0209107
0.177115
0.0217769
0.296898
0.0205062
1.9206
0.0204242
0.0208584
0.0199961
0.0207086
0.0208794
0.163984
0.0209468
0.144564
0.0206186
0.0203105
0.241415
0.0224532
0.11525
0.0208263
0.0205927
0.105365
0.100554
0.0483747
0.0210876
0.0210418
0.020293
0.0205189
3.28504
0.02082
0.0303575
0.0273583
0.0283436
0.0252298
0.023016
0.0252759
0.0862486
0.0247763
0.105091
0.0208802
0.265968
0.0204726
0.160674
0.0204829
0.158754
0.111201
0.12738
0.0234156
0.0206713
0.0214499
0.0598309
0.0205642
0.0451279
0.0198625
0.124969
1.1252
0.548526
0.0408166
0.0233549
0.0196275
0.0213834
0.0202062
0.053684
0.0205859
0.0409318
0.0363145
0.248827
1.51018
0.0227101
0.0211792
0.0201059
0.0478276
0.478191
0.0222879
0.0229424
0.0414662
0.0216991
0.0208564
0.0243686
0.0210271
0.0206598
0.760257
0.0226961
0.0206504
0.0622561
0.0212768
0.0208174
0.0361067
0.0287029
0.0259866
0.0924758
0.0429051
1.30502
0.418892
0.0213893
0.0210227
1.75045
0.0195822
0.0210271
0.0216083
0.0209737
0.0207667
0.0225626
0.0219715
0.0384307
0.0318933
0.0233477
0.242727
0.021204
0.0424725
1.16229
0.0210573
0.0867668
0.0282538
0.0210238
0.057127
0.0549885
0.0205794
0.0286919
0.0261205
0.0213489
0.0203229
0.073263
0.0213215
0.021022
0.0198908
0.0198634
0.0275359
0.0219286
0.022974
0.0220095
0.0214611
0.0203285
0.0207001
0.0620454
0.0222742
0.0210877
0.0212295
0.0212338
0.0210238
0.0213193
0.0314138
0.0210375
0.0275748
1.87325
0.785977
1.66683
0.0304184
0.0394959
0.0208603
0.0239491
0.072562
0.0410693
0.0215429
0.317477
0.020951
0.0220672
0.020898
0.622983
0.0198607
0.0209688
0.0211562
0.0211655
0.0302918
0.0212021
0.105512
0.0210462
0.0214689
0.0207828
0.0213559
0.020505
0.021392
0.0227679
0.0488037
0.0211571
0.0213121
0.0273615
0.021991
0.038949
0.0207288
0.0199821
0.13358
0.0245763
0.0213183
0.0229753
0.0207286
0.0639122
0.0694408
0.0214817
0.0241759
0.0224879
0.021232
0.02062
0.0253496
0.0248079
0.130596
0.165343
0.019542
0.0266708
0.0219723
0.0222476
1.99129
0.0206977
2.09116
0.0250649
0.0218503
0.0227244
0.0205304
0.0210769
0.0203856
1.85431
0.0210455
0.159844
0.021361
0.020858
0.0237348
0.211554
0.20931
0.0208888
0.0282205
0.184148
0.176863
0.0233953
0.0206596
0.0243985
0.0198612
0.406022
0.0217978
0.0225021
0.0211876
0.0224711
0.0207982
0.11492
0.0209974
0.026242
1.72204
0.0207095
0.0213118
0.0198618
0.0235964
0.022568
0.0206128
0.0282778
0.0214052
0.020623
0.0211702
0.0298411
0.032119
0.0205138
0.0198677
0.0222351
0.0954971
0.0207287
0.0917343
0.201813
0.815792
0.141844
0.0206632
0.0212962
0.321112
0.0213962
0.025413
0.0220223
0.0242192
0.433618
0.0209097
0.020895
0.0216154
0.240921
0.344103
0.021191
0.048253
1.6336
0.0228827
0.0211804
0.0296655
0.0206681
0.0212198
0.0254363
0.0216262
0.0213503
0.0541529
0.0214173
0.033571
0.0249761
0.0213011
0.0254741
0.0723252
0.0417523
0.0210613
0.0233844
0.0205969
0.200238
0.0224029
0.40375
0.319351
0.0214321
0.0215638
0.0232072
0.0559791
0.0343534
0.0222628
0.0222901
0.0210687
0.0618607
0.233268
0.0221175
0.0198561
0.294811
0.324135
0.295875
0.0211483
0.643881
0.0378967
0.0213121
1.84048
0.0268133
0.246067
0.0209237
1.94589
0.0199489
0.0212315
0.0210778
0.0213488
0.323942
0.0208275
0.0661576
0.616745
0.0207597
0.0208979
0.0252735
0.0224817
0.0211564
0.0206292
0.0212635
0.022208
0.788552
0.020634
0.0311608
0.0203235
0.0205743
0.0209231
0.0323081
0.0244098
0.0223063
0.0211155
0.0210529
0.0205494
1.16503
0.0214319
0.0198455
0.038395
0.0209794
0.0527995
0.0209446
0.0211812
0.0212886
0.0196903
0.0259045
0.019687
0.0243986
0.0242443
0.0207146
0.0290029
0.0224469
0.0229742
0.021422
0.031195
0.0303755
0.0268877
0.0621434
0.0214565
0.0217379
0.0228303
0.0207202
0.0242175
0.0294376
0.609447
0.0311022
0.0204512
0.0299958
0.0855561
0.0277419
1.76777
0.0204397
0.0200342
0.0212277
0.0221159
0.0206117
0.0206007
0.026985
0.0591003
0.0223086
0.0215848
0.0223141
0.0214743
0.0230444
0.0219822
0.0448946
0.0213571
0.0225543
0.019563
0.162933
0.603449
0.834013
0.129536
0.0211728
0.0211823
0.0209202
0.0201389
0.0213072
0.309007
0.0236992
0.0206701
0.0204179
0.0208568
0.035835
0.0241497
0.0246366
0.0236531
0.0212836
0.0216456
0.0473048
0.209031
0.171528
0.0200259
1.54156
0.0212054
0.0208596
0.0281267
0.0216096
0.0204521
0.0216351
0.473099
0.0211913
0.0240433
1.55794
0.0269972
0.798526
0.0263213
0.0212862
0.405733
0.0206691
0.638665
0.0290971
0.0637277
0.0214799
0.0212298
0.026297
0.0206383
0.0270018
0.0201312
0.0216701
0.0216784
0.543699
0.0254689
0.134314
0.0245314
0.318497
0.027226
0.262485
1.0467
1.69225
0.0208682
0.0231332
0.0206547
0.0205492
1.2399
0.0218206
0.0224293
0.0283155
0.21501
0.0708467
0.0205058
0.0205965
0.0221074
0.0257743
0.023341
0.0241682
0.0293843
0.020101
0.0209202
0.0446646
0.0276348
0.0210348
0.0205366
0.0209132
0.0201423
0.415529
0.270163
0.021442
0.0214581
0.0218438
0.0205427
0.0261162
0.0203834
0.0234598
0.022247
0.0967314
0.0209723
0.0210156
0.0212924
0.452159
0.0436547
0.0206528
0.0281753
0.501021
0.0245827
0.021078
0.0210602
0.0213216
0.0411235
0.266626
0.0243708
0.259638
0.0235882
0.0198587
0.0206538
1.53878
0.0213294
0.0422642
0.133209
0.0212603
0.0225745
0.0218457
0.0196563
0.0410376
0.0213198
0.0291149
0.0223961
0.478293
0.0689683
0.0223098
0.0212021
0.0213295
1.36127
2.03352
0.0255798
0.0218026
0.509126
0.0205479
0.0250463
0.0232137
0.0209646
0.650695
0.0195841
0.300157
0.205087
0.0230849
0.0260255
0.0240326
0.0215161
0.020976
1.44388
1.64646
0.0261123
0.0220139
0.0211706
0.396029
0.592737
0.0206355
0.501607
0.710128
0.0204909
0.0219587
0.020443
0.0214913
0.0226854
0.146842
1.83393
0.0224118
0.0219332
0.0218458
0.0210175
0.0204637
0.74415
0.0229289
0.0202429
0.0226376
0.0207818
0.0218874
0.0226138
0.0215706
0.0247209
0.0218033
0.0208514
0.0251173
0.0208736
0.0211647
1.95997
0.0217976
0.0303366
0.0209478
0.02124
0.0201673
0.0276232
0.0227385
0.242532
0.430519
1.56908
0.0214047
0.0216998
0.406433
0.0231611
0.0204122
0.0224265
0.0224629
0.0264034
0.0212637
0.0206166
0.0212565
0.0217361
0.0213049
0.0213372
0.0204975
0.028423
0.0268976
0.0216887
0.444476
0.0284609
0.0227704
0.218065
0.221117
0.0211615
0.0206861
0.296757
0.258629
0.0387504
0.0239243
0.0214805
0.0215711
0.0212421
0.0210332
0.0209938
0.608983
0.0216175
0.566083
0.0262407
0.0250844
0.270495
0.035317
0.363094
0.0218508
0.0505168
0.50433
0.0212266
0.0361368
0.243492
0.0195963
0.314459
0.0850468
0.0212456
0.0204942
0.0222739
0.0214735
0.0229032
0.020629
0.021292
0.0253628
0.468736
1.76033
0.0211703
0.0204935
0.0246953
0.0215649
0.354228
0.149996
0.324719
0.0205272
0.0212187
0.0246487
0.020873
0.0273789
0.0205194
0.0205777
0.0289046
0.516629
0.0212881
0.0213117
0.403901
0.666809
0.0208893
0.0245122
0.372531
0.348049
0.021208
0.023009
0.0454459
0.048946
0.0222019
0.182466
0.0217638
0.020266
0.0273685
0.0205574
0.522727
2.28042
0.0235332
0.457476
0.0207645
0.0226897
0.0213003
0.0216089
0.357477
0.079033
0.0278846
0.0213189
0.0209937
2.18329
0.692611
0.0205294
0.0248088
0.0215983
0.0215161
0.0213132
0.0346488
0.0450297
0.0211619
0.0217139
0.020671
0.220842
0.0213241
0.0225552
0.0289846
0.0245488
0.0214857
0.019649
0.0218994
0.0214237
0.0267808
0.154619
0.0205728
0.0392326
0.0205865
0.0424101
0.0221352
0.0211549
0.432711
1.7421
0.0217247
0.185458
0.0215518
0.0302054
0.0212751
0.0217941
0.0218389
0.0195652
0.0215479
0.0214346
0.0212715
0.0209434
0.0205673
0.0205877
0.0209788
0.391198
0.0216441
0.0236763
0.0213466
0.0294927
0.0200035
0.0212505
0.0212888
0.0212563
1.56152
0.405501
0.0210594
0.610544
0.0224776
0.0606766
0.0372783
0.0214983
0.781752
0.631181
0.0214312
0.0213185
0.0218048
0.0223881
0.0259308
0.0607836
0.0214812
0.0206143
0.0212986
1.11523
0.0216836
0.0935903
0.0223653
0.0220923
0.0330975
0.0215196
0.0205173
0.022322
0.0208718
0.0247445
0.11547
0.0264803
0.0209898
0.0213192
0.0553964
0.0249884
0.549532
0.0208559
0.0214566
0.655685
0.0195757
0.020547
0.103184
0.020532
0.0268828
0.0213888
0.0211646
1.49621
0.0208526
0.0206072
0.0230118
0.0204931
0.0231806
0.0345319
0.0204059
0.0536489
0.0211495
0.0196176
0.0237512
0.0227951
0.0242643
0.0646568
0.359786
0.0214922
0.0424812
0.249146
0.0301274
0.178618
0.0215483
3.41836
0.0214133
0.0213018
0.0239783
0.554714
0.0216773
0.0226023
0.0237823
0.062621
0.0220746
0.0216206
0.0237554
0.0235217
0.0218057
0.0223472
0.0463631
0.0348057
0.0260486
0.0228265
0.02207
0.0212953
0.251415
0.0214227
2.06394
0.0211976
0.0315547
0.0244707
0.0628418
0.181293
0.0784489
0.0216452
0.0230579
0.0224617
1.36207
0.358494
0.196392
0.338466
0.0209013
0.0697523
0.0204711
0.023614
0.0212127
0.0676621
0.0211698
0.0271051
0.0217924
0.0209873
0.0216335
0.0216738
0.0211806
1.57246
0.0210451
0.0211728
0.0211655
0.35691
0.24297
0.0203157
0.0204711
0.404883
0.100139
0.0212443
0.0273755
0.0259975
0.592619
0.0213017
0.02232
0.0211206
0.0214194
0.0215012
0.022838
0.0232774
0.0274618
0.0439018
0.0223213
0.0214383
0.0520245
0.0229707
0.0207448
0.0234714
0.0430288
0.0211771
0.419357
0.0224312
0.0724623
0.021296
0.0214477
0.0203835
0.0217252
0.0215787
0.0207877
0.0387761
0.0207452
0.0212941
0.0219399
0.205393
0.0213352
0.0213949
0.027185
0.0267182
0.0229734
0.021407
0.439884
0.0225296
0.0213414
0.745073
0.0215478
0.0212445
0.0303609
0.0217106
0.405099
0.0209923
0.0216794
0.0520455
0.0220319
0.0212865
0.0230282
0.021776
0.0209739
0.0212563
0.410921
0.0211851
0.0219289
0.0207244
0.0760395
0.0229579
0.0206095
0.0209217
0.0283627
0.023178
0.0207122
0.0210138
0.0211718
0.0209692
0.0207744
0.36995
0.0212749
0.0206343
0.244423
1.78537
0.0208483
0.022721
0.0211741
0.200408
1.49878
1.87156
0.0207609
0.0211924
0.021295
0.0210712
1.51009
0.0234095
0.0209287
0.0215926
0.026065
0.0214069
0.0217796
0.406079
0.0464209
0.0213199
0.0212879
0.0211515
0.0214033
0.0205408
0.0224424
0.104409
0.0207182
0.416922
0.0198728
0.022442
0.0216363
0.0212956
0.0238856
2.07186
0.0217195
0.0224414
0.019649
0.0216475
0.38237
0.281703
0.0275845
0.0211958
0.239722
0.0642652
0.0220776
0.263626
0.0208741
0.232243
0.0233483
0.0246194
0.0217636
0.020923
0.0246409
0.019573
0.0232139
0.0346174
0.577933
0.0210707
0.0515604
0.0212663
0.0517369
0.0242668
0.0205215
0.0815151
0.923527
0.055592
0.0448779
0.031353
0.0212568
1.77491
0.0214171
0.022016
0.0213709
0.022318
0.0212715
0.0331698
0.0198944
0.0223292
0.0212487
0.0219269
0.530938
0.0221576
0.0226499
0.618154
0.0212596
0.032349
0.191685
0.0217133
0.0226285
0.0370974
0.0240376
0.0240209
0.0890443
0.0221624
0.0227792
1.5497
0.0252594
0.0219105
0.809322
0.0210903
1.90836
0.0223091
0.0887349
0.328431
0.0212086
0.410029
0.0211486
0.0217066
0.0215815
0.0195789
0.0274648
0.0212759
0.0218971
0.0204928
0.0197543
0.0197098
0.651289
0.0796087
0.0228388
0.0222108
0.0211781
0.0220828
0.0197195
0.713448
0.0212927
0.1933
0.175052
0.0221044
0.0213269
0.0221677
0.0358487
0.0226912
0.0219932
0.0212818
0.0212505
0.0242985
0.0405423
0.0207784
0.0225409
0.0224213
0.0213937
0.021252
0.383148
0.0310812
0.650294
0.0215221
0.101701
0.0282441
0.0221021
0.402808
0.0223884
0.0587429
0.0511497
1.62768
0.0224851
0.0411681
0.0213644
0.0213794
0.0212288
0.0216375
0.0212872
0.0212617
0.0217214
1.42942
2.54631
0.148782
0.0224879
0.0215395
0.0222654
0.0218196
0.021682
0.0223198
0.0205519
0.0220952
0.022075
0.0205664
0.266924
0.0215314
0.030538
0.0218212
0.0203321
0.0224772
0.0205029
1.63513
0.0201985
0.0223055
0.0745558
0.0201176
0.632796
0.0215271
0.0226124
0.0216834
0.0212729
0.0265667
0.0216149
0.047879
0.0217427
0.0212797
0.423981
0.0214227
0.0239302
0.231754
0.10718
0.022128
0.0264396
0.020579
0.0976641
0.0506408
0.0213845
0.0353577
0.0214022
0.0217794
0.0761352
0.0212254
0.102217
0.0219829
0.257828
0.0214915
0.25068
0.0195993
0.0220333
0.404466
0.0218213
0.411954
0.0267282
0.0392394
0.0249669
0.315157
0.0329661
0.0197071
0.0214407
0.0215699
0.021235
0.0214476
0.0204612
0.117709
0.0209284
0.0209719
0.0589275
0.0217368
0.0209054
1.44715
0.0203238
0.0219363
0.020906
0.021809
0.469937
0.0224098
0.0234602
2.27789
0.243261
0.0198009
0.0219911
0.0209628
0.0315148
0.0220905
0.563247
0.0223408
0.0239185
0.0222087
0.134779
0.0237659
0.0213379
0.0427019
0.0241867
0.0413149
0.0214622
0.0220858
0.0215949
0.0255866
0.104638
0.0386912
0.0225826
0.0363506
0.02096
0.0204365
0.0216798
0.021337
0.0204584
0.0237895
0.0226672
0.113805
1.59463
0.021703
0.217211
0.097301
0.021511
0.0212881
0.0218427
0.269618
0.0271657
0.0313187
0.414686
0.037296
0.0241834
0.251337
0.0217766
0.0223989
0.0220059
0.0215355
0.486174
0.02224
1.65617
0.031256
0.0240938
0.464862
0.053746
0.0225449
1.89068
0.0216821
0.0214483
0.0214015
0.218633
0.0215253
0.0217876
0.0212081
0.0232087
0.0215224
0.0552302
0.0205404
0.219349
0.0298035
0.0536503
0.0224245
0.784133
0.0219082
0.498144
0.0214259
0.0216607
2.26303
0.0221101
0.0200014
0.049117
0.0227174
0.0335949
0.0222118
0.0214994
0.117714
0.686637
0.0213693
0.0642206
0.0196356
0.0224411
0.0228351
0.029462
0.142509
0.0218024
0.0216488
0.0226649
0.229258
0.0213374
0.0219901
0.0212521
0.037872
0.0212456
0.0212705
0.0218757
0.165866
0.0214039
0.0212807
0.0196616
0.0214093
0.0212646
0.296057
0.0219569
0.0337595
0.0210237
0.0494774
0.219177
0.0221928
0.0459522
0.0210341
0.0214209
0.0208981
0.0213467
0.0229398
0.0218744
0.0217907
0.253986
0.263841
0.0212011
0.379992
0.0208902
0.170388
0.0256183
0.0220529
0.165974
0.0215095
0.0215878
0.0216667
0.0205703
0.0359763
2.2978
0.0227552
1.81083
1.3908
0.0830856
0.0214127
0.0218396
0.0254035
0.499519
0.25979
0.0221128
0.022739
0.0210333
0.0221028
0.585712
0.0317753
0.0196786
0.0219779
0.0217741
0.0212151
0.032702
3.18694
0.0221731
0.0214393
0.0209825
0.0213077
0.293743
0.453796
0.0205225
0.0377231
1.34444
0.0202965
0.02172
0.0239277
0.0215225
0.0239633
0.0214157
0.0425277
0.0669841
0.0224231
0.0219622
0.0227127
0.458266
0.0224492
0.0218298
0.669863
1.70115
0.30858
0.0217516
0.0205693
0.07006
0.0210582
0.0208189
0.20497
0.244075
0.0220339
0.0225597
0.021404
0.0215049
0.110601
0.0205305
0.0232253
0.0205277
0.021395
1.07645
0.0228598
1.96613
0.411245
0.0213708
0.0528465
0.0242251
0.255689
0.0219336
0.0223653
0.021863
0.0203625
0.0212799
0.2123
0.0597328
0.208129
0.0225626
0.0214719
0.0224883
0.0213198
0.329601
0.322973
0.021618
0.300119
0.22238
0.350796
0.0982851
0.022511
0.0217316
0.0218699
0.0786453
0.0421988
0.759478
0.764253
0.0213486
0.237527
0.572409
0.0210011
0.0211651
0.0210068
0.0214504
0.250075
0.4201
0.0210334
0.0211091
0.348474
0.0211575
0.0421441
0.0214203
0.0205016
0.020378
0.019813
0.407803
0.0196219
0.0224165
2.33955
0.0213052
0.603259
0.0207074
0.0212856
0.0215499
2.23587
0.0230253
0.0215113
0.414875
0.0225041
0.0205093
0.23409
0.0210061
2.33462
0.0225761
0.20643
0.0694585
0.0793417
1.1391
0.0214587
0.0246442
0.326005
0.0227659
0.0229102
0.210498
0.0657676
0.335496
0.0212523
0.642712
0.0302115
0.0214451
0.0362072
0.0214479
0.0243359
0.0209124
0.0844315
0.0398344
0.487767
0.281859
0.0223052
0.496492
0.268284
0.0222354
0.0199711
0.0377667
0.0223621
0.222484
0.0208927
0.0567623
0.120771
0.021199
0.0221333
0.030204
0.0217337
0.0326263
0.0242046
0.0227275
2.23369
0.0216603
0.0225682
0.0280276
0.0217766
0.247358
0.0236061
0.479281
0.0217264
0.221819
0.0214687
0.0231511
0.0243557
0.0213079
0.0213867
0.209533
0.0292601
0.0331403
0.0245243
0.0210021
0.0213814
0.0210629
0.0213782
0.0223701
0.0214102
0.089681
0.0306926
0.0224293
0.0202537
1.96315
0.0232563
0.0206321
0.0208201
0.0742415
0.0230879
0.0323476
0.0224745
0.0216962
0.0213067
0.172025
0.0214478
0.0270823
0.0206096
0.0201521
0.0232249
0.0865451
0.0235992
0.0213069
0.137836
0.0221791
0.0212942
0.0215313
0.022189
0.353426
0.241808
0.0297498
0.022017
0.0208001
0.355431
0.0665402
0.0221361
0.271306
0.0212128
0.2814
0.436762
0.0204333
0.0222007
0.0208357
0.0218949
0.0210034
2.18178
0.0230075
0.0224503
0.0216695
0.0209202
0.0224585
0.123267
0.0217195
0.13047
0.807381
0.167498
0.0220023
0.0209218
0.0210368
0.0214032
0.0567439
0.0382443
0.0223149
0.0221711
0.0217314
0.0216515
0.0213498
0.0271061
0.0213539
1.85072
0.0211707
0.0264106
0.0215239
0.0217135
0.0220739
0.0227602
0.0213368
0.092063
0.23712
0.0213373
0.0220612
0.0213424
0.0208506
0.424641
0.0214391
0.0210347
3.50547
0.0639139
3.21557
0.0215783
0.267103
0.021388
0.0213672
0.0222151
0.24342
0.267886
0.0219437
0.412496
0.0218018
0.0222256
0.0396467
3.55032
0.0215406
0.0218146
1.50174
0.0212155
0.0217997
0.101812
2.05097
1.75055
0.0216826
0.0212262
0.0212137
0.502954
0.0869717
0.0214111
0.0220279
0.0223834
0.0214769
0.0215763
0.0213665
0.0229155
0.0334091
0.041047
0.0213072
2.28213
0.0209409
0.415377
0.0255106
0.0213169
0.0345417
1.46279
0.386016
0.0215524
0.0221429
0.0256767
0.0211525
0.0238952
0.0209214
0.0559577
0.0379281
0.0221693
0.462364
0.0225704
0.0214305
0.0468522
0.0214313
0.214747
0.0214661
0.0217633
0.599479
0.031687
0.024316
0.0215593
0.022886
0.330133
0.338003
0.0219307
3.27475
0.0342912
0.0228671
2.87799
0.0216484
0.0233814
0.0221476
0.024083
0.0301412
0.0213055
0.0217603
0.0214132
)
;

boundaryField
{
    frontback
    {
        type            empty;
    }
    topbottom
    {
        type            fixedValue;
        value           uniform 0.0223;
    }
    outlet
    {
        type            zeroGradient;
    }
    inlet
    {
        type            fixedValue;
        value           nonuniform List<scalar> 0();
    }
    walls
    {
        blending        binomial2;
        n               2;
        beta1           0.075;
        type            omegaWallFunction;
        value           nonuniform List<scalar> 0();
    }
    procBoundary3to1
    {
        type            processor;
        value           nonuniform List<scalar> 
147
(
2.14336
0.658296
1.29172
1.49996
0.200694
2.06573
2.27631
1.36862
0.310581
2.69249
0.278956
3.17607
0.322444
0.328085
0.315366
0.355072
0.297573
1.14461
0.226575
0.119303
0.180581
2.40383
2.02863
0.610522
1.05075
0.093618
1.32656
0.869645
0.843495
0.2732
3.12131
3.12131
0.26795
1.98182
0.531344
0.247802
0.169188
1.0792
1.06123
0.609729
0.222222
0.231476
0.278272
1.78462
0.160213
0.759042
0.231476
1.02408
0.279441
0.317798
0.272765
0.320352
0.338827
0.360045
0.357293
0.285215
0.275999
0.14231
0.285824
0.306797
0.203782
0.183163
0.162561
0.235527
0.352216
0.359964
0.309655
0.319959
0.269981
0.28572
0.194196
0.147815
0.266194
0.145056
0.293666
0.145432
0.27675
0.326997
0.408694
0.218113
0.395915
0.40503
0.51628
0.408939
0.408179
0.404348
0.366858
0.422045
0.393053
0.274298
0.356619
0.278956
0.408179
0.51637
0.400321
0.434276
0.510516
0.658356
0.344659
0.477948
0.338739
0.513172
0.491783
0.124998
0.321115
0.654033
0.585707
0.129236
0.247962
0.585707
0.631351
0.282983
0.495838
0.853836
0.889877
0.291523
0.395264
1.96302
0.218317
0.395264
0.537976
0.267849
0.136132
0.654819
0.286609
0.0834292
0.479905
0.153535
0.18302
0.756441
1.96302
2.02735
1.88539
0.877687
1.49934
1.87289
2.87776
3.48691
0.289143
0.948405
0.733046
0.789257
0.948405
0.225658
0.202937
3.05854
0.352216
)
;
    }
    procBoundary3to2
    {
        type            processor;
        value           nonuniform List<scalar> 
73
(
0.022193
0.0221298
0.0214545
0.0214332
0.0335945
0.0314535
0.0229454
0.0624899
0.044915
0.111682
0.022024
0.0219375
0.135805
0.0217268
0.022024
0.0283147
0.0297772
0.0314535
0.0215241
0.0240848
0.0246046
0.021403
0.0220948
0.0218553
0.0236298
0.0960508
0.0837903
0.0217862
0.0214425
0.0226844
0.0511913
0.0253018
0.0214261
0.0216747
0.0215062
0.0297772
0.0236701
0.0224919
0.0219375
0.0216291
0.165417
0.165417
0.0270867
0.021407
0.0214849
0.0214006
0.0403627
0.0214184
0.0215625
0.0727652
0.135805
0.0215908
0.0382171
0.0214036
0.288243
0.193335
0.0223138
0.0232906
0.193335
0.288243
0.0214668
0.0214121
0.0576143
0.0346744
0.0261248
0.805532
1.42673
0.0727652
0.0214384
0.0214929
3.57511
2.80035
0.0215362
)
;
    }
}


// ************************************************************************* //
