/*--------------------------------*- C++ -*----------------------------------*\
| =========                 |                                                 |
| \\      /  F ield         | OpenFOAM: The Open Source CFD Toolbox           |
|  \\    /   O peration     | Version:  v2012                                 |
|   \\  /    A nd           | Website:  www.openfoam.com                      |
|    \\/     M anipulation  |                                                 |
\*---------------------------------------------------------------------------*/
FoamFile
{
    version     2.0;
    format      ascii;
    class       volScalarField;
    location    "150";
    object      omega;
}
// * * * * * * * * * * * * * * * * * * * * * * * * * * * * * * * * * * * * * //

dimensions      [0 0 -1 0 0 0 0];


internalField   nonuniform List<scalar> 
9793
(
0.13556
0.213077
0.118083
0.0210205
1.8096
0.0230609
0.0220357
0.0207957
0.0216106
1.74112
0.0459251
0.067041
0.0210733
0.0207734
0.0231957
0.0205662
0.0233407
0.0237699
1.58039
0.0207503
0.0657431
0.0234999
0.074427
0.0195838
0.0219402
0.0211846
0.02087
0.0210947
0.0381907
0.021602
0.0331706
0.0584453
0.409425
0.0219418
0.0426757
0.0889719
0.0226772
0.0234769
0.0208865
0.0211289
0.032503
0.0232258
0.0222754
0.0221681
0.0222949
0.0213948
0.0409048
0.274836
0.41401
0.0209903
0.0439229
0.0504501
0.0233993
0.0216719
0.443047
0.090042
0.021445
0.075576
0.766956
0.0208727
0.021824
0.0233905
0.760149
0.0219581
1.94318
0.376365
0.752766
0.719225
0.0633366
0.0455173
0.564017
0.0209735
0.0211566
0.201996
0.0489706
0.692079
0.0214398
0.0202885
0.022253
0.0212755
0.401129
0.0219098
0.224801
0.0128839
0.0299602
0.226404
0.0216003
0.0214366
0.0227827
0.0222188
0.202676
2.05279
0.0206484
0.044406
0.0230659
0.0205253
0.0847563
0.214528
0.0205725
0.0203545
0.0203269
0.0218628
0.0204937
0.0204672
0.0202768
0.0295394
0.0225989
0.0219065
0.0230187
0.274103
0.0211635
0.0632147
0.021423
0.11293
0.0500758
0.0214491
0.320965
0.0475271
0.0224934
0.0399607
0.280082
0.0227861
0.0213487
0.0233724
0.0220158
0.0647972
0.0333009
0.19739
0.0227419
0.0211756
0.02157
0.0214462
0.0211774
0.022029
0.0215714
0.0214355
0.0223245
0.0219766
0.0214145
0.019987
0.0213371
0.0218147
0.021235
0.0203709
0.021041
0.0221662
0.2139
0.0203809
0.0205311
2.11531
1.10016
0.0215578
1.16068
1.67871
0.0204859
0.0222539
0.020737
0.0217181
0.0203419
0.0211803
0.0207989
0.0210788
0.0202913
1.59942
0.207803
0.0721686
0.265256
0.0258922
0.0206526
0.0213262
0.0212331
0.194493
0.209152
0.236829
0.0219393
1.60466
0.0214442
0.0195865
0.0212007
0.0261341
0.787828
0.0223072
0.0203682
0.0218345
0.488228
0.0211392
0.0846143
0.0211939
0.0213247
0.0203048
0.0219447
0.0213351
0.54281
0.0641628
0.72931
0.0258936
1.60256
0.021203
1.5999
0.0200639
0.0215645
1.45944
0.0967289
0.0211808
0.0214464
0.0200757
0.0781399
0.020348
0.0272784
0.0225655
0.028976
0.461464
0.453785
0.0217022
1.72195
0.0206347
0.0214642
0.41989
0.020078
0.696328
0.0643279
0.0213833
0.0220223
0.0213373
0.0584262
1.60705
0.0230991
0.0204571
0.0634807
0.0395813
0.0196188
0.0195874
0.0223553
0.0202214
0.0371016
0.700703
0.0213959
0.0211411
0.0786471
0.0216363
0.0269975
0.020587
0.0210883
0.391788
0.0210992
0.0205266
0.0207815
0.0216986
0.0205802
0.0217961
0.0218576
0.0238773
0.0472975
0.0351252
0.0210368
0.024326
0.0212131
0.0241321
0.0230594
0.0202848
0.348222
0.0211184
0.0470919
0.0215879
0.0261847
0.0197338
0.0197091
0.0289037
1.44354
0.0223044
0.0203181
0.0200513
0.0271915
0.0214034
0.196802
0.202808
0.0211849
0.0693659
0.0213784
0.0352044
0.021624
0.0196528
0.0223757
0.0209962
0.0332498
0.0213791
0.0218542
0.0252132
0.0211305
0.0214377
0.0214038
0.343284
0.0224942
0.0228037
0.0216289
0.0220161
0.0222176
0.0256185
0.0212523
1.49536
0.0204908
0.464064
0.31793
0.0223723
0.0221536
0.0203428
0.0279941
0.0246506
0.0215401
0.478279
0.0217835
0.0203226
0.0248572
0.0220333
0.0216101
0.0219019
0.107598
0.021104
0.0261736
0.0226184
0.0210113
0.20102
1.69191
0.202711
0.0198891
0.462759
0.0223672
0.841615
0.05491
0.0201255
0.0229246
0.0546608
0.0216431
0.0255243
0.0535025
0.0207544
0.0221407
0.021541
0.0211207
0.0211777
0.875249
0.0211958
0.020997
1.51851
0.0216577
0.0205249
0.0198528
0.0226595
0.0207703
1.45452
0.0221076
0.0214031
0.0218009
0.0218423
0.0658111
0.02164
0.0337948
0.0195963
0.0322777
1.47273
0.0854323
0.033779
0.0225819
0.0226654
1.71042
0.0218708
0.344819
0.0216741
0.020278
0.288986
0.0252242
1.66712
0.0214069
0.0393407
0.0987771
0.022984
0.0211148
0.375277
0.0247888
0.20923
0.0243558
0.021603
0.24997
0.0212823
0.0225407
0.0217947
0.0214059
0.0209028
0.0216376
0.0238479
0.0908718
0.0218186
2.23073
0.151983
1.71338
0.0397841
0.20373
0.0210464
0.0215391
1.86789
0.20305
0.0206558
0.0218799
1.30908
0.0200411
0.127697
0.0211639
0.0238809
0.020021
0.0303494
0.0211881
0.0251935
0.0703584
0.0203702
0.10338
0.0252123
0.0222228
0.0254788
0.0214755
0.0223826
0.0221687
0.663262
0.0213522
0.0216379
0.0529361
0.0215762
0.0230162
0.0223618
0.0202348
0.026794
0.0211943
0.0216521
0.0199632
0.375185
0.0217049
0.399988
0.0213437
0.664595
0.0232005
0.0214816
0.0225739
0.021822
0.593429
0.0211791
1.67701
0.0203837
0.0212504
0.0225154
1.11623
0.0347837
0.426166
0.549612
0.0233988
0.0212701
0.038569
0.0266873
0.0296819
0.222261
0.398821
0.02167
0.023449
0.0394801
0.0213571
0.0221723
0.021335
0.020493
0.0222096
0.113859
0.0252729
0.344937
0.0205293
0.0284802
0.0195714
0.0217793
0.021657
0.0219578
0.0388294
0.0214523
0.022837
0.0200224
0.0214355
0.0234252
0.286765
0.0212525
0.0212676
0.368878
0.0242357
0.0221133
0.770495
0.646758
0.02156
0.0219306
0.0226929
0.0234873
0.0216735
0.022555
0.0221889
0.021301
0.0212373
0.0210534
0.21649
0.0526076
0.0207467
0.58784
0.0330915
0.0204545
0.0225204
0.0222205
0.059266
0.0216102
0.0925402
0.0201557
0.0211023
0.0435332
0.0213132
0.029782
0.280571
0.0269867
0.0204385
2.34772
0.0239775
0.0205548
0.0212339
0.0446541
0.0209379
0.0205399
0.0212742
0.02093
0.363876
0.0371362
0.0321649
0.0227658
0.0211936
0.0210514
0.0215302
0.0210296
0.0212909
0.0521779
0.0938249
0.0200734
0.0230646
1.88118
0.0214149
0.20585
0.0349324
0.020894
0.0488804
0.301533
0.0213973
0.110938
0.0196683
0.100739
0.0249029
0.225629
0.0211312
0.0210694
0.0229407
0.176385
0.0227549
0.766038
0.420251
1.85728
0.0305022
0.0945141
0.0296122
0.0232242
0.0277377
0.0228497
0.301485
0.0216396
0.681546
0.0199361
0.254259
0.0222045
0.021997
0.0210313
0.124506
0.0199809
0.0208221
0.0223652
0.0228641
0.0256995
0.0211702
0.0212752
0.0213831
0.0213542
1.56543
0.0209864
0.397346
0.305677
0.0209987
0.0220128
0.0292478
0.0218803
0.0213275
0.021933
0.0230555
0.0248834
0.0222277
0.0228634
0.0204995
0.0225764
0.0223668
0.0242928
0.0219603
0.022811
0.465217
0.0213839
1.05513
0.024397
0.0221615
0.0212863
0.0207325
0.0228445
0.0232104
0.0210844
0.0217052
0.0195462
0.0210763
0.0216781
0.0211801
0.0240447
0.0198756
0.0219993
0.0221607
0.0216032
0.0238261
0.022286
0.0285955
0.0225607
0.0210267
0.0212962
0.0205373
0.0200331
0.0210535
0.0200814
0.0209789
0.0213926
0.0199692
0.0312436
0.0211439
0.0224403
0.0213647
0.667544
0.0210439
0.0200106
0.0450862
0.0196619
0.021672
0.135187
0.021966
0.0225986
0.0215619
0.0755909
0.0207442
0.0421287
1.84125
0.292215
0.413014
0.0216008
0.0213753
0.390135
0.0235185
0.0199808
0.206128
0.687939
1.9288
0.0213071
0.0482702
0.0213776
0.0213575
0.121985
0.0211945
0.110399
0.0238846
0.0526513
0.0210116
0.0236505
0.0222899
0.122843
0.647327
0.0212013
0.0233038
0.0254642
0.0209699
0.0233539
0.0424029
0.241778
0.0211023
0.225001
0.0234701
0.327832
0.191288
0.340361
0.257175
0.0214119
0.0282097
0.439317
0.0210449
0.0211672
0.0223795
0.0222297
0.0199597
0.103563
0.019952
0.403275
0.0228436
0.182885
0.0453156
0.0215505
0.10856
0.592476
0.0219646
0.216786
0.0277084
0.0596144
0.0199708
0.0196511
0.344146
0.0214146
0.595908
0.0209869
0.266306
0.0205262
0.286239
0.319822
0.0213958
2.75067
0.0214289
0.0224265
0.0314531
0.256797
0.348463
0.0200312
0.0205481
0.0200324
0.275099
1.48664
0.022899
0.0249415
0.230436
0.0200012
0.0210021
0.0221602
0.139492
0.024893
0.0215106
0.020967
0.0208343
0.420713
1.91794
0.227236
0.0205433
0.0209367
0.662366
0.0211801
0.243499
0.0374151
0.405617
0.262841
0.2618
0.0208818
0.0215544
0.0232647
0.0222093
0.0245034
0.0212246
0.0479752
0.386531
0.0204763
0.516822
0.0208226
0.121747
0.0216955
0.250456
0.0252856
0.0249411
0.0211208
0.0206832
0.146851
0.376342
0.408975
0.021495
0.0314012
0.0219119
0.0229695
0.0239386
0.426132
0.0245427
0.0595287
0.0208695
0.0257528
0.0211792
0.0199014
0.0219926
0.0209653
1.94651
0.0211548
0.023043
0.0226144
0.0219926
0.0199483
0.0501305
0.0216055
0.0221
0.0208982
0.0210136
0.276265
0.021056
0.059953
0.0204966
0.20919
0.0209577
0.0990389
0.0211179
0.0611871
0.0217219
0.0214582
0.0208932
0.318434
0.265198
0.193028
0.515278
0.644199
0.0213961
0.0231646
0.172215
0.0200146
0.311848
0.319656
0.050047
0.0892516
0.0229157
0.294679
0.0239675
0.416931
0.19304
0.0228286
0.0216781
0.286075
1.44258
0.0242334
0.0240634
0.0212092
0.0223664
0.0302077
0.0210448
0.0200122
0.0222595
0.238877
0.0314558
0.0233558
0.307068
0.0209121
0.0200996
0.255039
0.411344
0.0309109
0.022066
0.202146
0.0205582
0.0199979
0.310969
0.0199564
0.022743
0.30315
0.308768
0.021616
0.317603
0.83748
0.0554106
0.380602
0.375886
0.0225192
0.668925
0.0218625
0.0208578
0.0213836
0.0216484
0.0222998
2.6509
0.0225786
0.330661
0.0207575
0.0388437
0.0220361
0.0307866
0.0264334
0.0215856
0.0373698
0.020789
0.0200384
0.06647
0.0253638
0.0275903
0.0216963
0.0201099
0.279935
0.182235
0.0243436
0.0195636
0.0195531
0.0208688
0.0225903
1.62719
0.0647736
0.374031
0.0304148
0.338344
0.0215771
0.0289093
0.0256571
0.0235438
0.0821746
0.0211348
0.0210242
0.0742213
0.0315847
0.97832
0.0210812
0.320381
0.236134
0.0243489
0.0339082
0.0231273
1.61998
0.0215526
0.0242039
0.239458
0.0234735
0.0210952
0.190889
0.0217989
0.020512
0.021004
0.238397
0.0218903
0.0245813
0.0496041
0.032952
0.0256649
0.0313266
0.0250684
0.442612
0.013892
0.0200501
0.0215742
0.0221249
0.0262398
0.0213593
0.648219
0.250792
0.0231409
0.0940002
0.232805
0.380011
0.0216082
0.263729
0.0212648
0.315924
0.0564327
0.0206433
0.233459
0.395458
0.0208652
0.0215103
0.0214349
0.209408
0.209122
0.0265628
0.0443201
0.187964
0.121858
0.992668
0.24345
0.0214917
0.0213965
2.66282
0.638453
0.0211087
0.0213579
0.020059
0.0219354
0.0216709
0.0240619
0.212453
0.0213277
0.0240124
0.626497
0.0217392
0.0219035
0.0249387
0.644095
0.0215772
0.023628
0.101501
0.0219618
0.0200923
0.0220469
0.0209257
0.0227932
0.313476
0.410952
0.0217363
0.226798
0.0250918
0.22158
0.0213596
0.0228028
0.0225841
0.0218921
0.274345
0.0219488
0.0223407
0.0265966
0.0221817
0.0208889
0.024414
0.021234
0.0779345
0.021546
0.0210565
0.179557
0.0211088
0.518599
0.026482
0.0209855
0.278201
0.0232543
0.0286691
0.0814591
0.0202829
0.0604842
0.0209903
0.0213858
1.53199
0.780576
0.0203081
0.0215254
0.0207123
0.0217159
0.0620125
0.0224739
0.0215921
0.0221728
0.022222
0.0220803
0.0213403
0.0203123
0.0209688
0.0211944
0.409342
0.0246264
0.0200409
0.0339684
0.0222927
0.639318
0.215835
0.0291942
0.0215059
0.0212542
0.0565839
0.0238086
0.0214446
0.0218142
0.253632
0.12107
0.0213697
0.0198344
0.0521906
0.0477175
0.0196253
0.418231
0.0343047
0.0215324
0.0219975
0.0415162
0.0216652
0.029613
0.381767
0.021959
0.0533241
0.054709
0.113858
0.019836
0.0213678
0.0198544
0.0198365
0.115462
0.021104
0.0462599
0.0450042
0.0198434
0.0220506
0.0329667
0.0217195
0.0217095
0.0213885
0.0227379
0.0425457
0.0198488
0.0215261
0.338514
0.0224351
0.0216566
0.0265632
0.021124
0.0216814
0.0212092
0.0215132
0.0241955
0.0218758
0.0902546
0.111023
0.0198503
0.0214307
0.019848
0.0846846
0.0210241
0.0249624
0.0213139
0.0202505
0.0286619
0.0204499
0.0269659
0.0214158
0.0204649
0.251505
0.362539
0.0217718
0.0216282
0.0209677
0.379689
0.0903617
0.0213904
0.115261
0.52853
0.0218618
0.152095
0.239286
0.0240796
0.289035
0.0401282
0.138163
0.0212157
0.030202
0.0772023
0.0204275
0.248288
1.78951
0.021389
2.32785
2.95475
0.0239376
0.263028
0.0198429
0.0257292
0.0409378
0.0212524
0.275005
0.0198504
0.0347996
0.0618837
0.0198382
0.0696517
0.0219881
0.0219675
0.0293754
0.0233533
0.21251
2.62713
0.0201407
0.0238123
1.47514
0.0207363
0.0239232
0.0208337
0.283381
0.626202
0.0215227
0.0216238
0.0240774
0.59574
2.46235
0.0266254
0.019853
0.0209123
2.50639
0.0659516
0.384365
0.023223
0.0233846
0.0247593
0.0200832
0.0223863
0.0244707
0.0235816
0.020927
0.0243249
0.405818
0.0671945
0.0209806
0.150718
0.024644
0.065905
1.50152
0.0416222
0.464893
0.080763
0.0198572
0.0906109
0.0957809
0.489385
0.255285
0.0213042
0.0988946
0.24021
0.0391635
0.0254138
0.259529
0.245657
0.021096
0.0243739
0.023772
0.0212326
0.0556494
0.0213
0.0221113
0.020645
0.0198564
0.0219044
0.0213838
0.0230492
0.0244033
0.385439
0.0244751
0.256195
0.0208468
0.0249938
0.0216008
2.18781
0.185296
0.0212055
0.0408635
0.0218439
0.0202606
0.0213003
0.020225
0.0210906
0.0895638
0.0216562
0.182117
0.0216236
0.0209562
0.404044
0.022504
0.0218542
0.0211426
0.0213137
0.0455295
0.055237
0.282432
0.165821
0.641198
0.0215573
0.0217851
0.0217206
0.0236183
0.0400164
0.0628449
2.28709
0.0209906
0.0390943
0.0222171
0.162644
2.24688
0.0239284
2.5947
1.30493
0.0227037
0.0376385
0.0209426
0.0382546
0.0230613
0.0710474
0.0370158
0.0198659
3.05254
0.460741
0.0217165
0.0226818
0.0219686
0.163171
0.0221622
0.0217876
0.0360754
0.0208283
0.191674
0.026496
0.0239413
0.0221669
0.0218718
0.424406
0.0211644
0.403605
0.0237653
0.0213274
0.0207475
0.0439648
0.0229145
2.52162
0.0226792
0.0245145
0.0251871
0.0587045
0.0228363
0.021369
0.264244
0.0217263
0.0204354
0.0806003
0.268776
0.0244215
0.0205307
0.022401
1.28045
0.0603424
0.0211669
0.15405
0.0209037
0.0845505
0.0566359
0.0220051
0.0211367
0.0724167
0.0209732
0.020761
0.0213772
0.0648136
2.60454
0.0337053
0.0242739
0.0218271
0.0220817
0.226626
0.0326758
0.0216094
0.0217599
0.0210551
0.0594683
1.18916
1.18914
0.021244
0.109189
0.0202632
0.0202016
0.0226496
0.0220429
0.0369142
0.0213584
0.0654807
0.0217388
2.63359
0.0236138
0.0215383
0.021579
0.0356151
0.0206294
0.0213223
0.034417
0.0215461
0.0212866
0.0224736
0.0243083
0.0200308
1.61663
0.0358793
0.023997
0.0232302
0.0425728
0.023013
1.63417
0.0213788
0.0212718
0.0215203
0.0210684
0.0214986
0.020927
0.33649
0.0882517
0.0216294
0.0221141
0.0212924
0.0239465
0.0233951
0.0545592
0.0221763
0.551588
0.0213135
0.021997
0.0218634
0.0638947
0.0215179
1.9962
0.0215084
0.0215744
0.0195626
2.50799
0.0231788
0.0713513
2.43078
0.022145
0.0215104
0.0211511
0.0214169
0.031163
0.0220409
0.0242407
0.681033
0.0216262
0.056171
1.60517
0.0234335
0.0849836
0.0216174
0.023234
0.0209998
0.0204098
0.0202796
0.0213638
0.206926
0.0713585
0.0208516
0.54791
0.051408
0.0212609
0.101232
0.0203849
0.0342611
0.0222149
0.0210353
0.328811
0.0215425
0.0226348
0.0245743
0.0569051
0.0613607
0.0221451
0.0209855
0.0227876
2.83721
0.105092
0.0323411
0.0252774
0.021493
0.0214238
0.0588892
0.0218984
0.0276541
0.0480682
0.0548252
0.0215178
0.0313623
0.0215714
0.0219487
0.0334434
0.0282836
0.0321358
0.022164
0.0219678
0.0251044
0.359584
0.0430277
0.0204368
0.0242307
0.0722782
0.0234561
0.036752
0.0216885
0.0218468
0.0213502
0.0374574
0.649736
0.0564873
0.0215386
0.550649
0.0239877
0.0257256
0.021543
0.0213525
0.0213677
0.0200564
0.0562063
0.0234845
0.0225823
0.0221718
0.0213778
0.0215001
0.152629
0.0214162
0.0214062
0.0218882
0.504116
1.28284
0.021477
0.0211986
0.021502
0.270622
0.0222841
1.3727
0.0215229
0.0524844
0.0214869
0.0218097
0.0407142
0.0217888
0.02941
0.0217862
0.0214567
0.0204018
0.0229313
0.13517
0.0219913
0.0220845
0.282623
0.0216668
0.0226731
0.0221198
0.0217127
0.0213008
0.0221519
0.056531
0.0207751
0.0208385
0.0209558
0.405547
0.0241967
0.20992
0.021576
0.0218655
0.533063
0.245048
0.252644
0.0247867
0.0313322
0.271599
0.0215754
0.406429
0.0222865
0.0897732
0.0209856
0.0958559
0.0410795
0.0195719
0.0240795
0.0258536
0.0226762
0.0199758
0.4163
0.0209082
0.269802
0.0217519
0.0214028
0.0219167
0.0199777
0.0219486
0.105592
0.0213699
0.0211504
0.0211528
0.0217311
0.0213837
0.0451149
0.515125
0.468616
0.0215743
0.020629
0.0234756
0.0215059
0.0213467
0.0834046
0.0346946
0.0227327
0.0213247
0.0714572
0.0229726
0.217091
0.356347
0.0231965
0.0203586
0.0212902
0.0289388
0.594242
0.0216161
0.021237
0.0437241
0.0982192
0.0381115
0.336872
0.0213236
0.0240401
0.0238146
0.0199546
0.0218357
0.398913
0.347988
0.0957263
0.0212816
0.629859
0.0218474
0.0215743
0.0244703
0.0220049
0.0244429
0.0320017
0.021255
0.0214983
0.0213683
0.0208963
0.0199908
0.021171
0.0251663
0.264684
0.0297016
0.019565
0.0200128
0.0212774
0.0219324
0.0213601
0.0826373
0.0220425
0.0220804
0.022037
0.25992
0.0212624
0.0236006
0.034162
0.0213125
0.0213006
1.13433
0.021266
0.0213679
0.021233
2.00108
0.0296116
0.037517
0.0219173
0.081335
0.0204814
0.0201852
0.0204462
0.0212759
0.0358647
0.0212801
0.0217026
0.0369381
0.0213853
0.419602
0.0237161
0.0282442
0.0218203
0.0408537
0.0282826
0.0215428
0.0211427
0.022017
0.0216035
0.021351
0.416802
0.0209766
0.0429749
0.021187
0.0217607
1.97724
0.0210883
0.280102
0.0644712
0.0213252
0.0535614
0.0211684
0.021896
0.0212616
0.02189
0.0207502
0.0213643
0.0213516
0.0214477
0.340405
0.0215501
0.0209722
0.0219043
0.0208151
0.0212238
0.0212264
0.0214273
0.0205235
0.0213118
0.021309
0.0213781
0.0212779
0.0220924
1.07113
0.0213705
0.0219594
0.031019
0.290469
0.0200224
0.0276291
0.020991
0.0215777
0.0213108
0.0215671
0.11449
0.284846
0.021123
0.0232029
0.254764
0.0216647
0.0230071
0.670452
0.0199808
0.0993439
0.0215158
0.0515742
0.024558
0.237218
1.20434
0.0629545
0.0210017
0.0211256
0.0201105
0.0251735
0.0609476
0.0229083
0.0540998
0.0738956
0.0213831
2.33188
0.0454993
0.0215548
0.0204222
0.0334345
0.0320965
0.0213379
0.0210429
0.020374
0.0242658
0.0241679
0.0246119
0.0240821
0.0244236
0.543446
0.0211005
0.0213094
0.0211727
0.193967
0.0244256
0.0244733
0.309601
0.45621
0.167249
0.0210624
0.0242504
0.0212422
0.0301392
0.0213598
0.0222834
0.0424505
0.0247718
0.0551992
0.0198738
0.260699
0.0338871
0.0703775
0.276751
0.651243
0.0211402
0.0213493
0.0213405
0.0622076
0.0214216
0.0208919
0.0213461
0.0302011
0.185008
0.215131
0.0241061
0.0229434
0.375798
0.0354432
0.250183
0.0425829
0.0432319
0.03286
0.505441
0.192173
0.0211229
0.0211364
0.0211638
0.0543861
0.0221909
0.0458212
0.0209612
0.0212621
0.0212858
0.171412
0.0211945
0.0212353
0.0210762
0.0333799
0.0209618
0.0211759
0.0203757
0.0257427
0.303435
0.0288895
0.0239613
0.0215326
1.97227
0.0264161
0.0200722
0.0213291
0.019103
0.259668
0.0216626
0.0217358
1.7859
0.0211903
0.021018
0.0209787
0.0215429
0.0357762
0.0210129
0.0216068
0.0211336
0.0217816
0.0212897
0.0211665
0.0210696
0.0212786
0.0214286
0.0209591
0.0212516
0.0207017
0.0337647
0.0525165
0.0303721
0.0510902
0.020994
0.0398166
0.0212918
0.0295124
0.0211018
0.169264
0.0211513
0.021242
0.0201642
0.108212
0.0245294
0.02122
0.148933
0.0212663
0.0201626
0.0212749
0.0220399
0.026422
0.0209741
0.590469
0.0214836
0.0387326
0.0377626
0.0214459
0.0292143
0.0210127
0.0206327
0.021203
0.151493
0.0266281
0.0246609
0.0371456
0.272086
0.0250183
0.0449605
0.0245921
0.0213473
0.0198083
1.66699
0.205309
0.0209895
0.0339719
0.0209408
0.0210359
0.291139
0.0205386
0.0213299
0.037431
0.0438965
0.540711
0.021374
0.0210511
0.0273028
0.0209543
0.020192
0.0803094
0.0212544
0.0208514
0.173623
1.38366
0.0213409
0.022553
0.0211417
0.0199147
0.0271556
0.0216273
0.0214073
0.0336735
0.0207075
0.0830068
0.0214426
0.0227668
0.0238174
0.236594
0.0243525
0.0218991
0.142849
0.296574
0.0213047
0.133428
0.0218131
0.0213177
0.0214253
0.0209976
0.0240239
0.0465378
0.198565
0.0212086
0.0241323
0.022014
0.0197587
0.0210576
0.0213592
0.0243034
0.020824
0.0211893
0.0221518
0.0215601
0.584008
0.021371
0.0223131
0.0472465
0.0225092
0.0202595
0.277434
0.640612
0.650898
1.37815
0.0522996
0.0205753
0.0223684
0.595807
0.35108
0.257862
0.320849
0.300808
0.0215047
0.262125
0.51788
0.0216142
0.137714
0.0220895
0.575209
0.311833
0.155008
0.0222104
0.0210249
0.0498136
0.0213382
0.0214605
0.0836741
0.0770353
0.0213569
0.0214259
0.0211429
0.199995
0.0211161
0.0210845
0.0212425
0.0210127
0.0210299
0.171126
0.0219051
0.0209707
0.0214831
0.0304424
0.417378
0.6009
0.0213407
0.0211671
0.023057
0.021321
0.0210056
0.0211361
1.27849
0.0212822
0.033053
0.0211509
0.021597
0.0203436
0.0213768
0.728881
0.369986
0.0205458
0.021873
0.182365
0.688343
0.0602401
0.538278
0.0213909
0.0305037
0.0211284
0.0197463
0.0211308
0.020184
0.0210841
0.0212593
0.0217241
0.566707
0.0199689
0.387734
0.577241
0.0198838
0.0321258
0.0412444
0.0220836
0.0211446
0.0212144
0.0213665
0.0210569
0.291892
0.0198277
0.0211022
0.452729
0.021121
0.0213114
0.0209901
0.0563999
0.0213866
0.0213723
0.602165
0.0206929
0.0206165
0.0211163
0.0231823
0.0212654
0.0196257
0.0211167
0.019996
0.595241
0.0961412
0.0210482
0.0804098
0.0197892
0.0212915
0.0222475
0.310795
0.595902
0.0200217
0.0236384
0.0213341
0.0211727
0.0211304
0.021113
0.20273
0.287851
0.0213557
0.022037
0.0306046
0.0209675
0.0210869
0.0244151
0.0281861
0.617112
0.0213712
0.024319
0.252659
0.0211469
0.0239622
0.0397699
0.470222
0.0207599
0.0209598
0.0212923
0.0211561
0.0209821
0.25705
0.0210705
0.144251
0.379775
0.021908
0.0239665
0.183344
0.0203924
0.290389
0.394263
0.22678
0.0257846
0.0211982
0.02244
0.210703
0.0208273
0.0252664
0.0209658
0.0200365
0.0200862
0.0201516
0.0211533
0.563204
0.0217386
0.285683
0.294836
0.0611972
0.711654
0.0197744
0.0213778
0.022619
0.388674
0.0211836
0.189948
0.031863
0.0200223
0.0209389
0.242832
0.0209354
0.0275177
0.29669
0.0210631
0.271485
0.0219822
0.0401362
0.0636337
0.021392
0.0206081
0.036408
0.0653226
0.0212474
0.0229968
0.0202004
0.0216357
0.0208787
0.420327
0.0210096
0.0199876
0.036954
0.0201269
0.26742
0.0214112
0.0211845
0.021155
0.564361
0.0209827
0.0209019
0.075913
0.0604819
0.296247
0.0214372
0.0201466
0.0324025
0.443863
0.370246
0.137273
0.0238782
0.024237
0.0216714
0.0212887
0.0244911
0.0218962
0.0211148
0.0203993
0.0342013
0.0244387
0.0209311
0.0196234
0.0216176
0.0205933
0.0214477
0.0199745
0.275862
0.0284716
0.0266601
1.54252
0.174428
0.0206603
0.0209501
0.0222124
0.0334916
0.0202481
0.0215193
0.020916
0.0210104
0.0211622
0.0432799
0.0213402
0.0863193
0.0212711
0.0208893
0.382015
0.0370877
0.0215397
0.0209058
0.020862
0.638472
0.108918
0.0215711
0.0202762
0.0245583
0.0209423
0.0212475
0.0210224
0.0918918
0.0210019
0.0208562
0.0316404
0.0204832
0.0585709
0.023974
0.0210427
0.0213384
0.204905
0.123102
0.388053
0.0483102
0.0238287
0.0223321
0.0217315
0.0212482
0.0279382
0.0208503
0.654159
0.143776
0.023028
0.0427875
0.202701
0.0208773
0.311621
0.0241584
2.18467
0.0254593
0.0207999
0.0208213
0.0218714
0.0210928
0.141235
0.382523
0.0516376
0.0212167
0.0209312
0.0208629
0.169761
0.024265
0.382562
0.0208854
0.0213464
0.0440604
0.0210418
0.262826
0.157447
0.0208856
0.0214747
0.0197325
0.0212211
0.282883
1.65642
0.0208671
0.0210672
0.0206936
0.186841
0.0211615
0.0233587
0.122517
0.117865
1.47755
0.233835
0.611358
0.0212514
0.0263941
0.0215797
0.0210974
0.0227607
0.0478163
0.0204705
0.0211336
0.0803775
0.0213206
0.020356
0.302579
0.0199584
0.0210809
0.0634563
0.038723
0.0200411
0.0202407
0.0414162
0.328008
0.037977
0.553827
0.0227849
0.635548
0.0209808
0.11668
0.0732608
0.126012
0.294764
0.0292801
0.618365
0.0612417
0.181724
0.0206215
0.021018
0.0203022
0.0212986
0.0665032
0.0207812
0.0453406
0.0200823
0.0219878
0.0214083
0.397056
0.0213213
0.200485
0.0241721
0.0255798
0.0504203
0.0794633
0.13305
0.0197201
0.0373243
0.021283
0.0776688
0.0215279
0.0322142
0.0359221
0.0507987
0.61516
0.0208049
0.395165
0.0239189
0.0405043
0.0214178
0.556223
0.02168
0.0208933
0.0212135
0.0955216
0.0215319
0.0298606
0.0397629
0.0256345
0.0603175
0.0208412
0.020025
0.673091
0.036233
0.306381
0.157313
0.0208913
0.0496022
0.401779
0.0434548
0.0207025
0.0505105
0.286273
0.0207862
0.0229582
0.0197937
0.372302
0.380162
0.243116
0.059585
0.0208104
0.0206803
0.0218051
0.0202077
0.0237365
0.024098
0.022124
0.0204468
0.0788266
0.0223242
0.0213426
0.0238075
0.391848
0.0976217
0.0216845
0.0261882
0.0269392
0.30858
0.0208044
0.284499
0.0213039
0.0320209
1.15124
0.0218501
0.582879
0.0204137
0.0198528
0.0208283
0.0208402
0.020675
0.0208652
0.0197718
0.434586
0.0239196
0.0210103
0.0567958
0.0208914
0.0214671
0.0206579
0.135171
0.0211882
0.0232134
0.0430048
0.0351686
0.0209062
0.019782
0.463475
0.0212457
0.299395
1.06872
0.0214613
0.0217491
0.0308273
0.0339444
0.112242
0.020229
0.0206523
0.0226559
0.0305025
0.0229254
0.0608018
0.036353
0.0231365
0.0217604
0.0252997
0.0222084
0.0331227
0.0986449
0.0205577
0.313529
0.0338373
0.0212829
0.0209271
0.0209102
0.0208843
0.0206594
0.0210162
0.0207568
0.0223496
0.0354448
0.0231721
0.0214121
0.0230205
0.0240512
0.0206005
0.0207249
0.535961
0.0227529
0.0241181
0.0205807
0.0218507
0.0205539
0.0199973
0.0349158
0.0213436
0.0210667
0.0480837
0.308943
0.0411252
0.0208898
0.136308
0.021537
0.0875195
0.0607341
0.0219664
0.234938
0.0206989
0.0203282
0.682069
0.0208431
0.0451433
0.830908
0.0470473
0.0240112
0.382394
0.0215031
0.0208578
0.0221719
0.0206651
0.0468064
0.0400843
0.0208739
0.0487705
0.352848
0.0197285
0.0206869
0.0349326
0.0362222
0.0389693
0.0264714
0.20064
0.295024
0.0212739
0.578271
0.337247
0.0342295
0.322917
0.0237165
0.052298
0.0197661
0.342038
0.0211385
0.0198221
0.487184
0.394782
0.0530616
0.0196385
0.0379175
0.0204124
0.0206861
1.72902
0.534405
0.0206936
0.0216782
0.190935
0.0197959
0.0472077
0.02081
0.0892509
0.375792
0.0222257
0.0215164
0.246319
0.0447504
0.638273
0.160432
0.0211431
0.266858
0.0210293
0.220975
0.0256485
0.0202644
0.333595
0.021476
0.0328473
0.0213606
1.58417
0.0211185
0.0214451
0.0202607
0.0214032
0.0205058
0.0216999
0.701086
0.649315
0.0206016
1.42994
0.36383
0.0203415
0.0205626
0.300967
0.0418588
0.159585
0.321492
0.635462
0.020566
0.0212387
0.380421
0.0251049
0.346094
0.0315196
0.0206332
0.0212682
0.0213045
0.0198063
0.0206067
0.0354212
0.0205853
0.314244
0.0209042
0.021359
0.0574807
0.0197704
0.0360239
0.574756
0.0208677
0.0207915
0.0209591
0.0301054
0.019638
0.0202033
0.0374571
0.404337
0.0515154
0.0216218
0.032305
0.0205312
0.0212463
0.0212524
0.622646
0.344554
0.291732
0.394434
0.0323694
0.0208429
0.0848351
0.0210249
0.0237118
0.0196491
0.0196395
0.0276504
0.0208212
0.292411
0.20088
0.0237755
0.718368
0.0275873
0.186162
0.0588071
0.0200342
0.367281
0.0231248
0.386859
0.0213356
0.0204599
0.0201339
0.0302336
0.365584
0.358924
0.400988
0.0209681
2.01685
0.0205889
0.390473
0.144576
0.0204812
0.0234232
0.0211695
0.454326
0.286342
0.0216737
0.0196289
0.0476323
0.0238227
0.303913
0.0215085
0.0214743
0.291668
0.202402
0.0205288
0.0316828
0.0207157
0.0237829
0.0216557
0.33349
0.0207118
0.0221165
0.101108
0.0213397
0.0208511
0.320107
0.369576
0.0214963
0.0213654
0.0217024
0.020598
0.0205045
0.387371
0.393847
0.0209015
0.0253826
0.0208335
0.0213602
0.0213494
0.0211434
0.308438
0.395433
0.0417422
0.376922
0.0207594
0.0315175
0.0208416
0.0217139
0.232315
0.0217109
0.37161
0.0207361
0.382947
0.0215073
0.394434
0.396963
0.0203403
0.0208362
0.0473863
0.0344882
0.101688
0.231377
0.313679
0.301414
0.0241347
0.0211908
0.254799
0.0207674
0.281069
0.0199463
0.20384
0.0295809
0.0208458
0.0227193
0.0208815
0.0314932
0.271323
0.0212893
0.360788
0.0222667
0.0395719
0.0204753
0.0237486
0.377265
0.0204471
0.451963
0.124378
0.0202255
0.107026
0.105976
0.488237
0.0204641
0.306629
0.0213194
0.0202878
0.0401801
0.0204684
0.657459
0.0199813
0.0208237
0.0205154
0.0237963
0.285439
0.0207517
0.308237
0.0197431
0.0248643
0.040584
0.0216502
0.390099
0.366356
0.0323556
0.0837251
0.0215203
0.0205379
0.78155
0.0204921
0.0203906
0.0211486
1.89313
0.313886
0.136126
2.09618
0.0201149
0.0210385
0.020844
0.0472983
0.0206721
0.153645
0.0652806
0.0212397
0.258336
0.0753166
0.297868
0.0204179
0.0202863
0.0200783
0.0213406
0.0424002
0.059315
0.0203542
0.0241285
0.0207053
0.400039
0.372663
0.0214417
0.0463244
0.0209791
0.0213801
0.0197661
0.0202494
0.0711417
0.168236
0.020441
0.383405
0.33464
0.0198291
0.401996
0.020614
0.0208881
0.230563
0.0203841
0.0443901
0.0198176
0.0547443
0.535931
0.0197657
0.0200943
0.020974
1.55777
0.0253963
1.96532
0.378036
0.0423708
0.0236774
0.390771
0.0205018
0.526423
0.0331368
0.0206455
0.189524
0.625857
0.371476
2.22229
0.381382
0.0204033
0.404189
0.0862975
0.189983
0.283622
0.0204712
0.0203998
0.0207445
0.427732
0.0203558
0.0201668
0.299733
0.0928729
0.0213166
0.0203765
0.0208564
0.0203198
0.0204384
0.0268373
0.0208245
0.17609
0.246286
0.0246718
0.0236008
0.0206317
0.020434
0.357464
0.223995
0.400229
0.287201
0.0205036
0.0206759
0.0363452
0.48711
0.311669
0.0204414
0.228258
0.324991
0.0199305
0.0347319
0.0296869
0.0201567
0.0209304
0.0212695
0.0221172
0.0200979
0.369028
0.419168
0.0211269
0.251494
0.0213946
0.0346371
0.0209045
0.0213378
0.028987
0.328101
0.0252087
0.0203523
0.0198187
0.0203366
0.0203442
0.272815
0.0367512
0.384458
0.0595175
0.230674
0.0553228
0.0203767
0.0545635
0.250241
0.0212642
0.242988
0.0223543
0.0197656
0.190463
0.633166
0.0238683
0.103003
0.300767
0.78663
0.0310803
0.0203028
0.0238954
0.0207095
0.313448
0.0206812
0.303694
0.067855
0.0338853
0.391646
0.036087
0.0523758
0.0899517
0.0209704
0.0204706
0.0213907
0.0208193
0.309371
0.0206245
0.0206367
0.0263483
0.022652
0.0202247
0.339436
0.313859
0.241901
0.0202681
0.53172
0.301792
0.231922
0.0217165
0.0205259
0.0245301
0.0201891
0.39712
0.0246133
0.020325
0.0299094
0.020575
0.305004
0.0558249
0.0206104
0.62565
0.14211
0.0203659
0.297073
0.0964832
0.112055
0.0215748
0.20884
0.398129
0.0196447
0.0205023
0.290379
0.034035
0.0210331
0.396958
0.0210896
0.0204654
0.0205153
0.0203696
0.312476
0.020203
0.0204337
0.265013
0.0520055
0.0204915
0.0208261
0.189994
0.0457544
0.0223055
0.0545751
0.0203913
0.626488
0.0609969
0.0215827
0.0202422
0.61221
0.508082
0.0247259
0.0201122
0.142005
0.0218169
0.0202429
0.487581
0.0209192
0.13439
0.020467
0.403999
0.27918
0.396347
0.18623
0.0204189
0.114044
0.0214821
0.0363273
0.286944
0.0201711
0.224271
0.0198923
0.110032
0.0206934
0.0203663
0.0199722
0.0204518
0.0202916
0.0201198
0.059067
0.0214816
0.0569257
0.0224977
0.0197219
0.0230355
0.258923
0.0205498
0.0387559
0.02029
0.021098
0.488244
0.0213933
0.358897
0.0238065
0.0355131
0.0200807
0.0201486
0.0221199
0.0215337
0.020265
0.0235682
0.0228614
0.246165
0.0202008
0.023767
0.0205279
0.267486
0.284493
0.0244818
0.263648
0.0215162
0.0367557
0.0269426
0.0203713
0.191286
0.0209029
0.0199397
0.242006
0.511519
0.0247297
0.309267
0.0238484
0.222912
0.028527
0.0215139
0.244344
0.317147
0.0204241
0.243819
0.147263
0.0213256
0.0202284
0.0641963
0.404532
0.252194
0.294769
0.242892
0.0260913
0.0202487
0.0544628
0.0486762
0.0208654
0.0198137
0.0208442
0.0226621
0.020235
0.0201113
0.0438304
0.046123
0.0200624
0.223726
0.152115
0.208008
0.399192
0.0201294
0.0201505
0.1163
0.157551
0.10998
0.0237703
0.226659
0.0200514
0.311856
0.246727
0.0434448
0.0220956
0.0224801
0.0203435
0.270492
0.0204859
0.0201047
0.259861
0.149825
0.0204873
0.0529605
0.302823
0.0445869
0.285757
0.330254
0.020497
0.0203172
0.0219555
0.270188
0.0210805
0.370994
0.0213312
0.020193
0.282172
0.0200643
0.0670786
0.309101
0.0200567
0.317207
0.29699
0.0427453
0.0213171
0.0201651
0.0200843
0.20332
0.0203911
0.323482
0.671659
0.292468
0.0406611
0.0292917
0.0223518
0.0210715
0.138366
0.251486
0.0208145
0.311632
0.261115
0.245141
0.0198177
0.306173
0.0304836
0.149319
0.119021
0.0200931
0.0205081
0.408751
0.0214896
0.0200741
0.300809
0.0210108
0.0212615
0.0711079
0.611942
0.0200915
0.0204264
0.299854
0.291284
0.301403
0.247656
0.0197324
0.311502
0.0202659
0.0199701
0.318118
0.0202348
0.0202368
0.0198333
0.273598
0.0197075
0.0198037
0.195987
0.0202011
0.0230571
0.0205399
0.0226167
0.0203165
0.282622
0.30905
0.0202204
0.0202736
0.0204824
0.0198821
0.0200025
0.0201286
0.0204101
0.0205152
0.0198272
0.0204231
0.27104
0.0202019
0.0212106
0.0219689
0.0196984
0.500934
0.019733
0.0201728
0.231677
0.0951825
0.0225036
0.258178
0.0239088
0.0198222
0.020263
0.247623
0.020435
0.345157
0.114772
0.297365
0.0227835
0.0199687
0.248109
0.0359465
0.311587
0.12129
0.0368495
0.0199949
0.0197053
0.0322422
0.021577
0.130498
0.280309
0.0214945
0.0211216
0.0199746
0.25198
0.0199432
0.0197694
0.0206373
0.0608793
0.793714
0.306125
0.020139
0.0211583
0.0209749
0.237266
0.0288008
0.0224134
0.0234692
0.0351914
0.0213856
0.149284
0.0304545
0.255417
0.162438
0.0206498
0.0202218
0.0260777
0.247328
0.019989
0.0199285
0.0674318
0.164574
0.165677
0.020102
0.0212966
0.0204089
0.0225499
0.0199199
0.023753
0.114768
0.297192
0.0202412
0.0223086
0.021016
0.0215991
0.0205398
0.0202636
0.172591
0.0244978
0.0197093
0.168155
0.0223698
0.357297
0.0249573
0.0287822
0.194639
0.0210543
0.158154
0.0204853
0.0198162
0.04793
0.222875
0.136102
0.0240396
0.0206933
0.0202602
0.02271
0.230271
0.0202272
0.017942
0.245924
0.0201281
0.103869
0.0199222
0.0199419
0.0206295
0.020199
0.388663
0.0220865
0.0203678
0.0222013
0.0176586
0.0454371
0.0199845
0.0213011
0.0204295
0.366349
0.357878
0.0203764
0.020003
0.0203312
0.379713
0.0295595
0.407915
0.0201711
0.0227607
0.0721616
0.0212297
0.019786
0.12608
0.128451
0.0204016
0.235433
0.0200006
0.184437
0.656096
0.0815189
0.197926
0.0204406
0.020242
0.0200323
0.0199575
0.0260815
0.0196891
0.0203189
0.0197974
0.0257181
0.175588
0.0240634
0.0211296
0.020167
0.0211044
0.0426681
0.111884
0.0199546
0.021407
0.0200199
0.0217167
0.0268749
0.0200694
0.0202106
0.0195192
0.312465
0.341928
0.01998
0.108025
0.0594219
0.0199849
0.0218715
0.0199175
0.172947
0.0199184
0.165451
0.0574729
0.20121
0.259855
0.320642
0.0230931
0.0655176
0.0200246
0.302191
0.183411
0.164444
0.0244269
0.0219287
0.241477
0.0201416
0.035704
0.0772317
0.949719
0.0508956
0.231921
0.0221814
0.0214359
0.0203832
0.303388
0.019865
0.0203019
0.140965
0.152563
0.230825
0.0204037
0.289754
0.020046
0.0220078
0.0237197
0.0365519
0.0196218
0.0201041
0.177602
0.0209034
0.0522875
0.0264235
0.141644
0.31544
0.0212274
0.537102
0.213847
0.0208666
0.0211501
0.1113
0.154229
0.206047
0.215629
0.0243342
0.019719
0.0483943
0.241941
0.245191
0.0203792
0.222152
0.100976
0.0218715
0.0209074
0.0201785
0.0236049
0.0198189
0.0199338
0.0210222
0.0205388
0.0267345
0.0203282
0.0211514
0.0217771
0.0213191
0.0210733
0.0197983
0.0204194
0.0145966
0.0211676
0.317817
0.673466
1.10907
0.039475
0.266698
0.0226529
0.0210045
0.0198031
0.020354
0.251024
0.0213283
0.225023
0.048649
0.0222076
0.0210845
0.0233648
0.0205721
0.12169
0.0235001
0.279351
0.0227606
0.294274
0.137734
0.259143
0.0198022
0.0213983
0.0207881
0.204354
0.0208066
0.0213042
0.0202307
0.0198044
0.282727
0.0415349
0.0210617
0.0204366
0.020012
0.020214
0.0198129
0.286318
0.020247
0.0197167
0.181909
0.0210176
0.0210508
0.0234751
0.019929
0.255119
0.0213289
0.0213207
0.0202774
0.0197499
0.0206489
0.0197182
0.0312313
0.23198
0.0197804
0.0303337
0.0225106
0.272576
0.0226788
0.0224322
0.0625216
0.0210087
0.0223677
0.0218967
0.0200441
0.0205593
0.0196074
0.0380721
0.0210751
0.0198153
0.0198397
0.0197929
0.272684
0.0202898
0.0211503
0.0210828
0.0213548
0.190768
0.0197986
0.0216794
0.260098
0.276296
0.019776
0.23896
0.0197355
0.0214021
0.0268243
0.0329399
0.233977
0.674626
0.0201159
0.0197932
0.0199478
0.141712
0.0196925
0.0201779
0.0204269
0.0197596
0.0215958
0.0197511
0.0215713
0.0201534
0.0211158
0.0201645
0.0256907
0.0197586
0.0198243
0.283943
0.0201852
0.0213796
0.0197616
0.0197885
0.0199733
0.0197493
0.0199209
0.291557
0.0197461
0.0205376
0.0216596
0.019701
0.264248
0.0197829
0.0196229
0.063222
0.0204886
0.019704
0.0199298
0.0198282
0.0197984
0.164141
0.165246
0.0202308
0.0231981
0.0234439
0.0203656
0.242195
0.0216289
0.0204742
0.0199229
0.236166
0.0199105
0.0211268
0.0199498
0.0203943
0.0223121
0.0204977
0.241318
0.0231768
0.0209607
0.0217769
0.0201112
0.220154
0.0372712
0.019716
0.0210182
0.252787
0.0376756
0.20106
0.373164
0.020148
0.0203545
0.121641
0.0197505
0.0213233
0.0235346
0.030344
0.20309
0.0212236
0.0199234
0.020585
0.0201462
0.402677
0.023345
0.0240636
0.0204723
0.0207
0.0196879
0.0230632
0.0208453
0.0202622
0.249838
0.0214057
0.0241406
0.0202021
0.0198139
0.24828
0.0253227
0.0198037
0.0204787
0.0200368
0.0202322
0.0214354
0.0199153
0.0209514
0.367099
0.0198429
0.199243
0.020798
0.0199896
0.0201868
0.0387332
0.0209469
0.0205371
0.020843
0.657737
0.0198055
0.0203034
0.0913002
0.0566429
0.0198615
0.203314
0.313608
0.0210531
0.0199095
0.156112
0.0202117
0.250439
0.0205538
0.0204332
0.0276765
0.0211305
0.021582
0.0209496
0.0204668
0.0208817
0.158156
0.0197486
0.176097
0.0746785
0.0213961
0.0231524
0.019905
0.0202661
0.0416315
0.0199061
0.0212922
0.0213047
0.0217744
0.0198301
0.0222069
0.0223285
0.0197874
0.0218298
0.0209788
0.0197628
0.0202148
0.0205725
0.0253301
0.254153
0.303282
0.0204315
0.0197208
0.0197521
0.205907
0.0204823
0.106245
0.0203789
0.277955
0.25716
0.303174
0.0197317
0.332175
0.021632
0.0387803
0.0316436
0.0200817
0.042216
0.0233402
0.0196804
0.0207435
0.0197573
0.0197015
0.0202517
0.0279863
0.849587
0.0212182
0.0229876
0.0196997
0.0198161
0.0209884
0.465152
0.184703
0.250587
0.0203854
0.0197171
0.0343561
0.0197645
0.195226
0.0203059
0.0209718
0.0207122
0.021108
0.0241145
0.0208755
0.0199275
0.0204128
0.227187
0.218202
0.0196004
0.0209525
0.0198045
0.319815
0.0197842
0.0203931
0.0196243
0.0197499
0.0223061
0.0223358
0.0254014
0.0203485
0.0368679
0.151574
0.0338836
0.0206737
0.0198774
0.0196067
0.0199541
0.0225784
0.0199551
0.0196116
0.0325921
0.0223163
0.0222957
0.0196769
0.245526
0.019989
0.0202708
0.0288318
0.0200668
0.019903
0.0314459
0.0198254
0.232643
0.116726
0.0196842
0.0196356
0.0210681
0.0215718
0.302156
0.0214698
0.0196914
0.0206245
0.0201628
0.0223111
0.0222961
0.0610024
0.0197368
0.0231521
0.0220854
0.0199825
0.0208982
0.0223545
0.020511
0.0199955
0.0205133
0.020357
0.022293
0.0219138
0.0338966
0.0216171
0.019831
0.2716
0.200834
0.0201026
0.0385412
0.0197301
0.389569
0.315184
0.0208283
0.0235284
0.0209423
0.0214998
0.0223236
0.0201934
1.54482
0.0207733
0.0201454
0.0200522
0.273483
0.0245238
0.0195936
0.020389
0.0206797
0.0222854
0.0203388
0.199135
0.407287
0.0281081
0.0224673
0.0202193
0.0198052
0.0231353
0.020489
0.0234199
0.0293213
0.0202088
0.0210902
0.0209762
0.345054
0.0197195
0.020595
0.236297
0.022354
0.0196144
0.0207965
0.0198032
0.2783
0.0337285
0.0198493
0.0196254
0.0206771
0.0197711
0.0206306
0.258802
0.019776
0.296861
0.022347
0.163375
0.0242158
0.0212161
0.0235066
0.0239053
0.193555
0.194967
0.645491
0.0266803
0.0196028
0.02019
0.0206266
0.217667
0.0196202
0.208786
0.154261
0.0231315
0.0236772
0.0225618
0.0225662
1.57236
0.220107
0.0197348
0.0200794
0.0201638
0.0207329
0.020225
0.0235059
0.0225664
0.0225153
0.0225575
0.0197888
0.0197026
0.188227
0.0207191
0.0198333
0.020414
0.0201033
0.0199524
0.0361052
0.0233101
0.0198008
0.0234649
0.0514968
0.0269678
0.0195712
0.0195791
0.02627
0.763446
0.0208073
0.0291837
0.0230718
0.0197878
0.200602
0.0203426
0.0220327
0.317377
0.0207738
0.0196133
0.0206398
0.0196679
0.0223042
0.0200881
0.0196695
0.0232059
0.0201562
0.0205208
0.0196105
0.0215479
0.0223794
0.0195937
0.159846
0.0968343
0.0196775
0.0208236
0.0199049
0.257882
0.020626
0.0196836
0.0196842
0.200617
0.15102
0.0216144
0.0230409
0.02297
0.0230688
0.0230319
0.0229228
0.0229959
0.0230209
0.02305
0.0229505
0.022846
0.0229781
0.0229037
0.0228188
0.0224165
0.0224226
0.0223836
0.0223662
0.228406
0.0225072
0.0225217
0.0227471
0.0224726
0.0224607
0.0227983
0.0223837
0.0226531
0.0227592
0.0195614
0.0195512
0.0224479
0.022387
0.187936
0.232165
0.237282
0.0447417
0.0212707
0.0199078
0.0196177
0.0195391
0.019926
0.0225548
0.0224935
0.0224366
0.0223022
0.0223153
0.0223394
0.0223899
0.0224101
0.022454
0.0225787
0.0227042
0.0226435
0.220998
0.0226622
0.226803
0.0216202
0.0223079
0.0226852
0.0225948
0.022536
0.0223809
0.0227269
0.0225702
0.0200914
0.0225795
0.0227778
0.020907
0.031327
0.222876
0.0204839
0.0220413
0.0260503
0.0206208
0.0211616
0.0236553
0.0197339
0.022088
0.81186
0.0991979
0.0209453
0.358285
0.0200496
0.019702
0.0212187
0.224099
0.234074
0.0201901
0.0198047
0.019769
0.15994
0.019907
0.0220863
0.0199367
0.0204824
0.0381422
0.327615
0.0930428
0.0124022
0.0198398
0.0207723
0.0226344
0.0200094
0.0197831
0.127607
0.283486
0.0232493
0.0199157
0.0196486
0.199988
0.0197491
0.0198267
0.020095
0.02794
0.193399
0.107196
0.0202665
0.0272889
0.0207687
0.110617
0.384296
0.0198357
0.202694
0.0199065
0.372472
0.0223998
0.0314495
0.20977
0.0196073
0.0199899
0.443018
0.0197229
0.0373667
0.167628
0.0203374
0.174039
0.022075
0.0204597
0.0199032
0.0206286
0.0203526
0.0198803
0.0197848
0.0198739
0.0200171
0.0203417
0.184891
0.0236537
0.413985
0.318042
0.0201071
0.0196761
0.339294
0.0202232
0.0198695
0.0197911
0.0205854
0.0200221
0.0210975
0.0197576
0.0207678
0.0199064
0.0223038
0.0198173
0.0210682
0.0202121
0.0846977
0.0208885
0.0262902
0.0197486
0.0199981
0.0203946
0.020079
0.0208628
0.0447535
0.0219156
0.0212876
0.0200946
0.0196124
0.0195984
0.0195906
0.0217494
0.150542
0.0202812
0.0197346
0.019939
0.0210371
0.0524073
0.0208473
0.0198978
0.177786
0.0208363
0.0213049
0.448457
0.0207706
0.210507
0.0219606
0.0198659
0.0201688
0.374328
0.0204172
0.0276981
0.0199125
0.0198927
0.355461
0.0519779
0.020039
0.0197033
0.0196561
0.0202583
0.0197846
0.019751
0.0205706
0.0196985
0.0205937
0.0208796
0.364658
0.0583402
0.0201451
0.0196699
0.298565
0.0196936
0.0200449
0.021806
0.0195938
0.24962
0.0202323
0.0199256
0.0328123
0.0214699
0.0211247
0.0198662
0.019653
0.0887933
0.0198305
0.0205374
0.0202367
0.019594
0.0205275
0.0213329
0.0204223
0.0197334
0.0222786
0.0206682
0.0202971
0.0228566
0.0201437
0.021119
0.0210621
0.272079
0.0334402
0.0236729
0.725628
0.0196154
0.020454
0.0202707
0.0199653
0.0200849
0.0202739
0.0196654
0.0195782
0.0202637
0.0228282
0.0218933
0.0199439
0.0205131
0.0201302
0.0200769
0.292269
0.0204187
0.0210548
0.0201899
0.0196308
0.0197512
0.0314617
0.0210323
0.0197845
0.0205783
0.0196679
0.0198359
0.269439
0.021834
0.0195921
0.0197335
0.0234164
0.0322162
0.0203805
0.020056
0.0196707
0.038367
0.0196029
0.0220038
0.0198516
0.0204923
0.0198219
0.0196844
0.0227181
0.0199439
0.019891
0.0200989
0.0196528
0.0196703
0.0199648
0.0251291
0.168233
0.0197372
0.0240045
0.0197119
0.0201262
0.0198112
0.019956
0.0202019
0.0298446
0.0542248
0.0221287
0.0290149
0.0198471
0.0196525
0.0200053
0.0197646
0.0197815
0.0199461
0.0208881
0.0222202
0.0198753
0.021436
0.0199713
0.0197768
0.0785716
0.0212582
0.0215195
0.0197077
0.0689383
0.0263467
0.0202562
0.0207452
0.0197439
0.14912
0.0201492
0.473832
0.0196594
0.0200673
0.187623
0.0298463
0.0211655
0.0203332
0.0202243
0.0196694
0.0205691
0.0213121
0.0203058
0.204972
0.0202194
0.0198001
0.21362
0.0270387
0.0212735
0.0253447
0.0196775
0.0207426
0.066436
0.0201709
0.0204981
0.020346
0.0207966
0.0199103
0.216482
0.0196659
0.0197262
0.0200928
0.0289929
0.0212893
0.0208189
0.020979
2.17684
0.0202487
0.0215486
0.0198212
0.0200205
0.0940284
0.0199158
0.108985
0.019763
0.0212597
0.0210557
0.0199348
0.019582
0.0793167
0.0205269
0.0202091
0.0208403
0.21742
0.307222
0.120062
0.0200393
0.0197759
0.0206465
0.020026
0.0210512
0.0225997
0.0208281
0.0198403
0.0201963
0.0198938
0.0244375
0.020607
0.0292907
0.019612
0.269239
0.0202271
0.0198787
0.0206254
0.0210236
0.0208451
0.0228879
0.0209785
0.0197834
0.020808
0.0201392
0.108618
0.146458
0.0203897
0.0195761
0.0205202
0.0204085
0.0196352
0.020203
0.181392
0.0230164
0.0215975
0.021285
0.019722
0.0201762
0.0224727
0.0198926
0.0204003
0.174271
0.0205509
0.0206712
0.0200989
0.194566
0.0198235
0.0214564
0.0805539
0.210339
0.0198687
0.185348
0.0197246
0.0208301
0.0221964
0.0236665
0.019876
0.230278
0.308881
0.0212588
0.0197386
0.0207938
0.0197234
0.269888
0.0196487
0.0196914
0.0197493
0.020016
0.0197228
0.0220879
0.020746
0.0231196
0.130599
0.0196546
0.0276216
0.635767
0.0215793
0.0214619
0.0203511
0.0199205
0.0234456
0.019758
0.019901
0.0196534
0.0197037
0.210109
0.0203353
0.0209479
0.0278837
0.0212846
0.0483766
0.0199207
0.0219061
0.0197481
0.0195823
0.0202478
0.0201252
0.0201847
0.0210384
0.027054
0.105388
0.0197277
0.0197941
0.0204637
0.0196797
0.0817576
0.0330187
0.0198756
0.0204487
0.197174
0.0201514
0.0206658
0.0214941
0.241952
0.0213785
0.0197844
0.400848
0.021933
0.0208813
0.0208001
0.18217
0.211175
0.0198053
0.0196593
0.0199788
0.0200096
0.0213806
0.0197834
0.020825
0.0236168
0.0594544
0.177229
0.0204512
0.167157
0.319073
0.019658
0.0214684
0.0197189
0.0214515
0.0201265
0.0200661
0.0210268
0.044273
0.0389025
0.0199542
0.0197031
0.0206317
0.203531
0.0249158
0.0230851
0.0198931
0.0198492
0.0241208
0.0202477
0.0197966
0.309624
0.191563
0.191144
0.019689
0.0239639
0.0201627
0.0212521
0.162664
0.0205528
0.292184
0.211977
0.0220259
0.0213679
0.0216596
0.01974
0.0203687
0.0218706
0.0221463
0.0199954
0.0202654
0.25792
0.0228269
0.0209963
0.200598
0.0657097
0.0204452
0.0232299
0.0204197
0.200414
0.183659
0.214613
0.25535
0.275968
0.217975
0.167277
0.164055
0.0220094
0.401076
0.0302013
0.019825
0.0208135
0.0224735
0.0220547
0.0285915
0.0438834
0.146829
0.0314513
0.0197128
0.0196818
0.0200355
0.0210265
0.0199216
0.030231
0.0306241
0.0201859
0.317712
0.0241201
0.0203408
0.020011
0.020975
0.0236817
0.0199523
0.0217714
0.0205134
0.0312503
0.319496
0.0199223
0.0955606
0.0216602
0.0203148
0.268026
0.0225225
0.0251084
0.0201541
0.153975
0.0208251
0.0197148
0.141415
0.019983
0.0219225
0.0203215
0.277181
0.0204314
0.0205367
0.0202247
0.0203333
0.0197923
0.37629
0.019773
0.0219994
0.0212482
0.0201169
0.0197208
0.0203873
0.0264143
0.113429
0.153022
0.0216997
0.0222736
0.0198828
0.296327
0.0206295
0.0211402
0.0203144
0.0203723
0.133493
0.0197562
0.0206257
0.0199914
0.285225
0.0196851
0.199616
0.200366
0.0306419
0.0201137
0.263086
0.133664
0.0198364
0.0245562
0.019912
0.0356289
0.0203119
0.035757
0.0203894
0.0300094
0.095839
0.0216147
0.0197636
0.0242022
0.0232612
0.0207423
0.0391453
0.198851
0.0205266
0.0203132
0.020366
0.177336
0.196939
0.200094
0.0198927
0.270456
0.0201384
0.0203486
0.0668778
0.0632911
0.271817
0.0232986
0.28805
0.0203087
0.0199515
0.156198
0.168513
0.0247246
0.22997
0.200916
0.261034
0.243586
0.224137
0.102686
0.18513
0.0198917
0.0414954
0.128454
0.0223814
0.155445
0.147264
0.0211343
0.0201198
0.0199323
0.320305
0.139138
0.201536
0.0210748
0.019888
0.0200568
0.16187
1.72051
0.331752
0.18102
0.0211921
0.13644
0.227922
0.0200395
0.275623
0.0201758
0.145583
0.0199778
0.0206533
0.0250179
0.0342704
0.191879
0.0198773
0.0201144
0.0198939
0.0795412
0.0203946
0.0200772
0.175915
0.0287892
0.0209062
0.0460695
0.0204509
0.0199108
0.248302
0.0280289
0.0203936
0.0425538
0.0203654
0.0596018
0.0201516
0.139512
0.0214971
0.0200211
0.0201621
0.0209894
0.195549
0.144961
0.256244
0.198276
0.0221274
0.0409851
0.022757
0.0335591
0.020064
0.020174
0.0198905
0.209483
0.0197713
0.162812
0.0210271
0.0200605
0.0215458
0.146766
0.155613
0.0261175
0.0201815
0.0198927
0.0199603
0.187036
0.0209566
0.163948
0.186579
0.0209252
0.021773
0.179476
0.162675
0.0200072
0.020998
0.0209438
0.279989
0.187625
0.0199003
0.0205151
0.285561
0.324243
0.0207929
0.0199829
0.0309098
0.0209558
0.0203867
0.0209972
0.020485
0.203943
0.0210313
0.358646
0.020837
0.207792
0.0433984
0.199034
0.313431
0.0200386
0.192981
0.0200745
0.231584
0.265188
0.277382
0.0206783
0.0374892
0.184873
0.0227271
0.167665
0.163859
0.347147
0.020854
0.019931
0.0199078
0.020665
0.0245858
0.0208268
0.246767
0.0290027
0.0209462
0.0198598
0.0313523
0.0203876
0.132858
0.166504
0.202836
0.255031
0.024412
0.0278483
0.020555
0.0209388
0.021985
0.0359931
0.0200604
0.0198768
0.0200158
0.104319
0.0200923
0.0611354
0.0206198
0.0202109
0.0206739
0.0290412
0.0205996
0.268404
0.0206784
0.0204146
0.0204987
0.252405
0.233944
0.213987
0.0202437
0.100792
0.0248107
0.14853
0.149296
0.0202294
0.0204489
0.025555
0.316751
0.0200777
0.0206966
0.0208502
0.0202178
0.0827217
0.0383033
0.0204693
0.351836
0.40665
0.0214917
0.0434251
0.02047
0.226079
0.0324442
0.0212767
0.281592
0.0199069
0.0205727
0.0200538
0.0233685
0.0200497
0.0200869
0.491051
0.0202951
0.0198925
0.0205521
0.0201333
0.020164
0.0201289
0.0201732
0.262076
0.0811011
0.0231122
0.0205086
0.0240418
0.0213142
0.0203886
0.0215239
0.391742
0.0219342
0.0321358
0.0212635
0.0378244
0.0198792
0.046143
0.0198872
0.0247408
0.0215549
0.019941
0.195766
0.0209323
0.345301
0.0295387
0.0229302
0.0203703
0.27862
0.190003
0.022032
0.0610069
0.292168
0.020323
0.0207827
0.0205383
0.0209368
0.0296744
0.0197306
1.51813
0.0204636
0.0231627
0.0204694
0.020611
0.306433
0.0387419
0.021044
0.0205101
0.459706
0.0273443
0.0205695
0.0201677
0.0212216
0.0629281
0.0203116
0.0230329
0.0201731
0.0200465
0.0199698
0.0207708
0.0206328
0.0198789
0.0201502
0.0198732
0.0212332
0.0199497
0.0199818
0.0199839
0.025286
0.0201207
0.403052
0.451518
0.0208708
0.0202046
0.0217027
0.0208799
0.0199681
0.320079
0.703434
0.0199707
0.224296
0.0199758
0.0199688
0.0371628
0.0196576
0.0206193
0.0799597
0.0200032
0.0196909
0.0206549
0.226912
0.0207786
0.0490773
0.350346
0.0202988
0.0202446
0.0198704
0.18687
0.0253562
0.021304
0.0278891
0.574758
0.0219352
0.0210636
0.0207168
0.0210668
0.0205549
0.0255135
0.600614
0.374385
0.33755
0.0275358
0.0200717
0.021221
0.0199556
0.0988408
0.0203421
0.167931
0.0202541
0.0267294
0.0199671
0.0203983
0.235808
0.0200169
0.0200022
0.0200083
0.158643
0.112388
0.0201794
0.0199585
0.0231492
0.0205831
0.0229573
0.195553
0.0231113
0.020272
0.25138
0.060985
0.266952
0.0226552
0.230957
0.146205
0.0203644
0.0217313
0.0200169
0.0238585
0.0198658
0.0207044
0.0199888
0.0225059
0.394028
0.0213411
0.274437
0.028914
0.0250842
0.395234
0.0203075
0.0212869
0.379705
0.0219307
0.0221078
0.0330976
0.019706
0.571644
0.0201815
0.0209629
0.295033
0.0198762
0.0218295
0.0219729
0.395066
0.0204805
0.0248933
0.197906
0.0338956
0.14387
0.0299131
0.0200065
0.0203589
0.0204893
0.0208255
0.0201109
0.0202554
0.0205907
0.0741827
0.0229634
0.368762
0.151799
0.0209365
0.0215857
0.0200625
0.0210342
0.631797
0.0203315
0.683064
0.188142
0.198942
0.0202641
0.0269547
0.0209591
0.196315
0.0368842
0.0212048
0.0421616
0.0198657
0.0201902
0.0297845
0.0206818
0.0202797
0.489696
0.387293
0.0267354
0.659264
0.0205483
0.020126
0.028947
0.0739851
0.32358
0.0258255
0.0206084
0.0200426
0.164583
0.0209556
0.290966
0.134135
0.019751
0.027648
0.0198727
0.0201086
0.021616
0.164095
0.0213169
0.0216401
0.0291495
0.0200714
0.0210407
0.020787
0.252746
0.0209118
0.0207004
0.0204075
0.0204578
0.160637
0.0200358
0.0199873
0.0212072
0.0206792
0.0205141
0.0399254
0.0200564
0.0234116
0.0355489
0.0201448
0.020573
0.300536
0.020071
0.020665
0.0791037
0.0209869
0.0204824
0.0206677
0.0873242
0.0207328
0.0208708
0.128321
0.0198348
0.0210801
0.0206853
0.0200917
0.365089
0.0201281
0.0202678
0.0206514
0.0198835
0.359571
0.264592
0.0201273
0.0221156
0.0272894
0.0199232
0.0203244
0.0213661
0.0201364
0.0212527
0.0210672
0.0205938
0.0201218
0.185599
0.0204281
0.0208287
0.160767
0.244453
0.19117
0.0202832
0.0226357
0.020953
0.174414
0.0207705
0.0449925
0.109696
0.341239
0.0621067
0.643601
0.0201515
0.0209144
0.030515
0.0218983
0.262068
0.315865
0.0198816
0.0203633
0.0202332
0.0216286
0.0198636
0.0204594
0.0199668
0.0210302
0.0212091
0.0356152
0.0198725
0.12315
0.0493672
0.0200698
0.239764
0.0196783
0.0201636
0.0232275
0.0201462
0.0204048
0.0198399
0.0220376
0.0264745
0.0201424
0.0208956
0.0245902
0.0205218
0.0207444
0.0257088
0.0204773
0.020244
0.280695
0.661684
0.0204903
0.0208019
0.0200015
0.314939
0.0311666
0.0201028
0.0325406
0.0234708
0.0278967
0.027604
0.282645
0.0208014
0.126752
0.145386
0.112942
0.257758
0.344229
0.672146
0.0202502
0.0217805
0.0201878
0.033422
0.0204802
0.0204999
0.0323463
0.0204001
0.128776
0.0208625
0.340366
0.0205908
0.0204937
0.0202366
0.0199288
0.516083
0.0256556
0.0202221
0.0199529
0.129282
0.0328155
0.178229
0.0203021
0.0204738
0.26166
0.020687
0.0687876
0.0196372
0.0208174
0.171063
0.027777
0.142934
0.0211277
0.0856985
0.0231276
0.0202643
0.021222
0.0203534
0.0210836
0.0205946
0.0210185
0.119668
0.15312
0.24943
0.774883
0.0209185
0.0224082
0.0204902
0.019688
0.154397
0.020526
0.0204583
0.0196698
0.0207679
0.0202508
0.0206367
0.402432
0.18994
0.306801
0.104092
0.0234737
0.0202499
0.0202564
0.0202875
0.0639811
0.0212835
0.620867
0.0223379
0.110794
0.019984
0.0206195
0.322397
0.020762
0.0202742
0.0214573
0.0211259
0.0206717
0.0203316
0.0201473
0.0201081
0.0199911
0.0208069
0.0201015
0.020327
0.235916
0.0201674
0.0205826
0.0207923
0.0200338
0.0203033
0.0216437
0.506058
0.0209098
0.020834
0.0209987
0.350072
0.195655
0.200717
0.450559
0.0205571
0.0208156
0.0208012
0.0208338
0.0209665
0.0206295
0.0202679
0.020315
0.0204054
0.0377913
0.0217218
0.020105
0.454587
0.0208507
0.0222455
0.106154
0.0209576
0.167532
0.339064
0.020117
0.0214763
0.0220495
0.144818
0.0853642
0.0984828
0.0205217
0.0203354
0.0203263
0.0205903
0.0208578
0.0206204
0.0233082
0.0203521
0.0241545
0.0244851
0.0711093
0.020128
0.0263515
0.0234823
0.31663
0.0202414
0.273829
0.020354
0.0204722
0.0196645
0.0200473
0.405134
0.0207416
0.0203111
0.0203266
0.0206229
0.0538129
0.280051
0.0200555
0.0205808
0.0211329
0.408256
0.0226652
0.02237
0.160286
0.383934
0.0204311
0.0204275
0.199751
0.0203304
0.0203505
0.198449
0.0212551
0.0204025
0.0201183
0.0206192
0.403663
0.0250708
0.0245825
0.0216114
0.0201798
0.0205462
0.0360817
0.0207004
0.021231
0.0203436
0.0929302
0.274039
0.0203899
0.0208877
0.0203784
0.302196
0.0212029
0.177388
0.312518
0.0220083
0.0208654
0.0199994
0.36634
0.0206869
0.279518
0.02042
2.39829
0.0207707
0.26965
0.0352374
0.0206697
0.0212462
0.414833
0.0208995
0.0276172
0.0212504
0.189467
0.0205156
0.0205757
0.0208391
0.0206621
0.0284926
0.0210197
0.0205016
0.0207352
0.349165
0.0278255
0.0208329
0.0210599
0.0388894
0.0205452
0.457129
0.0216891
0.368994
0.339518
0.262405
0.0199837
0.284851
0.0201126
0.0204021
0.144057
0.0206496
0.0206975
0.0221617
0.0241166
0.0213017
0.0202172
0.0203537
0.0254697
0.0202862
0.0218269
0.191672
0.0196307
0.150172
0.0205823
0.378795
0.0212593
0.0214293
0.0200884
0.303058
0.0220604
0.110588
0.0204075
0.0272485
0.0213055
0.0220718
0.020235
0.0196398
0.0204968
0.0202031
0.0283045
0.469303
0.0203541
0.0225576
0.178333
0.0208297
0.020446
1.12239
0.0207454
0.0207562
0.517643
0.0309408
0.0204018
0.0209375
0.0214174
0.0218219
0.0204052
0.0216649
0.0411553
0.327284
0.0207093
0.409936
0.0208262
0.0207521
0.0208488
0.0225318
0.493512
0.427333
0.0294957
0.0212812
0.020628
0.0896462
0.0205891
0.0206366
0.0209178
0.397189
0.0202285
0.0196415
0.0207964
0.0239779
0.25184
0.0238316
0.021081
0.0261059
0.0202702
0.0203861
0.0245316
0.402334
0.025897
0.373168
0.0268756
0.0201707
0.0263451
0.0201982
0.0248393
0.0267017
0.167943
0.0539252
0.0199208
0.0204165
0.0245922
0.0287668
0.628172
0.428168
0.020439
0.402625
0.0206902
0.0213277
0.020361
0.0435505
0.0210971
0.250522
0.0205591
0.021488
0.417236
0.0214059
0.363667
0.0206937
0.341892
0.0594655
0.0202356
3.08696
0.0211491
0.33352
0.0338913
0.36243
0.0202967
0.0215658
0.0203721
0.0216106
0.020711
0.404833
0.0208596
0.0198455
0.0209787
0.0203136
0.151479
0.0209034
0.023869
0.0208099
0.0244667
0.0208095
0.0243027
0.0207316
0.020844
0.0200758
0.0209073
0.0208697
0.0213868
0.0214007
0.0206841
0.197539
0.0212439
0.0204916
0.0205054
0.205922
0.1818
0.0205203
0.0200086
0.021397
0.0371974
0.284044
0.065058
0.0200336
0.4098
0.0203107
0.0202875
0.0226213
0.0215324
0.0209804
0.436217
0.0282181
0.0206544
0.0209668
0.0246757
0.0207882
0.0203126
0.0205013
0.0210702
0.021167
0.0209323
0.0208312
0.0209629
0.0260057
0.031491
0.0208227
0.0206427
0.361872
0.0421974
0.238814
0.0207774
0.0205199
0.380675
0.0256117
0.527215
0.0260545
1.58014
0.0205834
0.0220774
0.0205406
0.0206578
0.403401
0.0210048
0.0223765
0.0208264
0.0215034
0.0213113
0.026604
0.0381792
0.0306664
0.0210984
0.0217372
0.658213
0.0206909
0.0208798
0.0237661
0.020598
0.196455
0.0207153
0.0199409
0.091035
0.0245218
0.11714
0.0211104
0.0211941
0.0211305
0.0203889
0.0204298
0.0205489
0.0203518
0.0207916
0.256
0.0200353
0.502417
0.028167
0.021527
0.0245403
0.021271
0.0213446
0.0210011
0.0208676
0.664372
0.0239507
0.331807
0.0213908
0.519758
0.0205235
0.124772
0.0210223
0.0224898
0.0403123
0.0207367
0.0629613
0.0209457
0.0203405
0.0205189
0.0209632
0.806307
0.0140984
0.154829
0.0206902
0.0207951
0.0206572
0.51304
0.020801
0.0213923
0.0247863
0.0270532
0.551982
0.0205219
0.0206039
0.0208575
0.0205841
0.267648
0.0205365
0.0259073
0.0204174
0.0198465
0.516019
0.020633
0.0297514
0.0285737
0.461455
0.0207057
0.0707798
0.0221684
0.0215718
0.021327
0.0212107
0.0230143
0.353599
0.356566
0.0355893
0.0214243
0.0518279
0.0196437
0.0223986
0.0205993
0.0217593
0.415462
0.0202405
0.224061
0.0250118
0.0226938
0.0239503
0.425773
0.153223
0.222462
0.0211178
0.021313
0.0317635
0.0209469
0.0199295
0.0199835
0.206658
0.758433
0.0196409
0.0291014
0.0216048
0.0287863
0.387675
0.0203694
0.435033
0.0376224
0.0211163
0.0340604
0.418339
0.0213419
0.66221
0.0206526
0.0198754
0.0234474
0.356223
0.0212855
0.0310657
0.0206433
0.0505582
0.0304197
0.0238853
0.0208736
0.194274
0.479467
0.0201995
0.0199191
0.0207657
0.0212333
0.0212466
0.0196146
0.0373551
0.020063
0.352694
0.0209875
0.774922
0.0212047
0.0218037
0.663741
0.0210929
0.0201073
0.426724
0.0207528
0.0206117
0.0209067
0.0200987
0.0230536
0.0207961
0.0196816
0.247314
0.0199988
0.0260976
0.0210589
0.0219151
0.020317
0.0205843
0.659593
0.0200663
0.0206106
0.0956731
0.285258
0.0209133
0.0211989
0.458534
0.0209102
0.0208444
0.0206682
0.0730399
0.0211489
0.0206901
0.0286586
0.0214728
0.0222131
0.0211153
0.0205959
0.0206987
0.0206843
0.020567
0.0300505
0.243592
0.0300296
0.0207617
0.0205624
0.0211237
0.676338
1.88936
0.0242202
0.01889
0.0321849
0.0199397
0.0196521
0.204067
0.336103
0.020922
0.0200894
0.120731
0.206593
0.0278656
0.0215105
0.0198479
0.0207774
0.327983
0.0213262
0.0289472
0.40375
0.0206343
0.337647
0.0460014
0.0214098
0.0206083
0.0215853
0.0207577
0.0448076
0.0210784
0.0275642
0.0207628
0.0214856
0.0212485
0.0204601
0.0295908
0.0209636
0.0207638
0.0206321
0.318682
0.0200518
0.0207957
0.0213237
0.628196
2.41223
0.0204425
0.0484984
0.0205047
0.0203281
0.0206185
0.0274437
0.025999
0.0202303
0.0205322
0.0212338
0.132979
0.0206089
0.254885
0.0200846
0.0235773
0.0211482
0.0206101
0.0199226
0.0204225
0.0222887
0.0865901
0.0223605
0.020901
0.0211398
0.237955
0.0212245
0.0206608
0.0243695
0.0219322
0.0211311
0.0207915
0.292627
0.0236876
0.0302428
0.024291
0.0254557
0.0204777
0.0212011
0.0206078
0.0210236
0.0219415
0.146774
0.0209603
0.0210751
0.020837
0.026051
0.0275682
0.0218124
0.608501
0.0251981
0.0210447
0.167134
3.34778
0.345022
0.0758801
0.0215558
0.0206554
0.0211868
0.0223342
0.0208058
0.184699
0.031652
0.0207077
0.415838
0.0204667
0.0212481
0.0208863
0.0207412
0.283252
0.0208322
0.0207029
0.0395105
0.492468
0.0332055
0.651336
0.020767
0.394306
0.415559
0.509546
0.027144
0.0201563
0.640828
0.0196736
0.0229921
0.0220448
0.680059
0.0206472
0.0284426
0.0201369
0.021746
0.0205967
0.0201109
0.0208133
0.400443
0.176493
0.0210987
0.512578
0.0213513
0.0205081
0.0269265
0.0659546
0.0211371
0.0333661
0.123468
0.0270228
0.0210688
0.0207947
0.0224335
0.0215966
0.531411
0.0207208
0.0215914
0.0210489
0.0207099
0.0207586
0.0255599
0.0200523
0.0208987
0.029918
0.0208942
0.0198492
0.0217781
0.0249579
0.0325947
0.0561094
0.021069
0.594001
0.0213444
0.0207313
0.0221329
0.0304026
0.324102
0.020776
0.0207126
0.0207749
0.0208482
0.278239
0.155665
0.344615
0.0212334
0.0202795
0.0226807
0.0200811
0.0233166
0.0208091
0.677146
0.627246
0.0256608
0.0208364
0.0313428
0.778557
0.0209834
0.875307
0.0200982
0.332412
0.259645
0.0207507
0.196458
0.0231069
0.0612569
0.0208615
0.341793
0.0249662
0.219346
0.0209821
0.0210448
0.0212067
0.0226176
0.0207267
0.286905
0.0205914
0.599673
0.336151
0.0521733
0.308986
0.0200846
0.0206769
0.0207313
0.0202812
0.0212216
0.0211816
0.0288296
0.0189255
0.119129
0.0210081
0.0210182
0.021166
0.0222935
0.0223767
2.04551
0.0207324
0.0211911
0.0208831
0.0238903
0.0211649
0.020957
0.408438
0.248724
0.0282141
0.0207883
0.026525
0.0196505
0.708779
0.0211846
0.0204835
0.359989
0.0209227
0.021853
0.0256108
0.021607
0.0213349
0.0208151
0.0276609
0.0208592
0.0230754
0.841148
0.0212038
0.213012
0.0205381
0.0279119
0.0202236
0.0207718
0.260875
0.0210276
0.0239468
0.0257271
0.0207949
0.0237298
0.0200511
0.0213215
0.369673
0.0204014
0.0211315
0.165704
0.0215613
0.035911
0.0199239
0.231764
0.0203417
0.126237
0.02101
0.0256529
0.0211917
0.237796
0.0207837
0.0202978
0.0208258
0.0215373
0.0203563
0.024332
0.0206089
0.22787
0.021085
0.0214827
0.0207074
0.0205654
0.0208159
0.0208097
0.0208086
0.132933
0.022276
0.0266548
0.0207766
0.0210685
0.0234032
0.0206001
0.0206108
0.160142
0.0223651
0.0199452
0.0203622
0.0208586
0.0212255
0.215438
0.0279092
0.0210353
0.0208032
0.0211257
0.020923
0.0209004
0.0202175
0.15519
0.674379
0.020727
0.0199223
0.0206012
0.0207271
0.0209717
0.0208118
0.0209067
0.284117
0.020881
0.0239095
0.11177
0.201954
0.020798
0.0294773
0.0243036
0.567114
0.0566108
0.0206845
0.0222313
0.0241446
0.0213447
0.0224414
0.0212168
1.54597
0.45264
0.0306972
0.0243923
0.281242
0.0250127
0.0210269
1.17611
0.0212023
0.0369072
0.0207311
0.0308909
0.0424025
0.271187
0.0210386
0.0211261
0.516116
0.293299
0.0252226
0.492216
0.0207321
0.0316937
0.0213047
2.22939
0.0207762
0.0210843
0.0213043
0.0211966
0.0203751
0.0226123
1.84222
0.370099
0.0204713
0.0269701
0.0213031
0.205906
0.0239675
0.0211133
0.0222173
2.35183
0.798804
0.0211197
0.0222815
0.0207491
0.0208927
0.020097
0.0203725
0.277764
0.02117
0.0416558
0.0600592
0.0237776
0.0209663
0.0208118
0.224399
0.0213718
0.0213851
0.020333
0.0208073
0.0213523
0.0212036
0.203955
0.633585
0.0208967
0.278805
0.0279444
0.0208092
0.0202844
0.02149
0.0202967
0.0227582
0.365338
0.0234827
0.0219079
0.622421
0.0212166
0.628866
0.0210596
0.0207469
0.0209611
0.0204908
0.0209423
0.336412
0.0412104
0.0209718
0.0698624
0.020382
0.0242135
0.869878
0.021503
0.0211691
0.0230564
0.0210086
0.0213466
2.22281
0.0311763
0.0208044
0.0201052
0.0227144
0.248856
0.0216297
0.020017
0.0896342
0.0243177
0.0211296
0.0207312
1.82974
0.0220382
0.0205559
2.13038
0.0677999
0.445522
0.0224762
0.0642723
0.0252604
0.0251549
0.0239321
0.020674
0.247743
0.0207204
0.0209227
0.601752
0.020952
0.0207128
0.0213895
0.0613875
0.0207447
0.0210599
0.0209811
0.022838
0.0200728
0.0209447
0.024419
0.44682
0.021939
0.628881
0.0459203
0.0199364
0.0270196
0.0367149
0.0212827
0.0210547
0.826905
0.0212791
0.0302349
0.0210051
0.0212694
0.0648277
0.0200011
0.0208288
0.020936
0.261625
0.0209874
0.0274847
0.0202927
0.020913
0.0200898
0.469995
0.021272
0.0208762
0.0207465
0.193761
0.0213588
0.0724858
0.0212604
0.0208479
0.0266179
0.340033
0.0210308
0.478922
0.0300235
0.0200634
0.0214076
0.0280983
0.020002
0.0209352
0.340108
0.0211865
0.0216581
0.71228
0.0201646
0.0213315
0.0227374
0.0302473
0.512448
0.0270545
0.671452
0.327942
0.0210986
0.200484
0.0285136
0.353612
0.0216872
0.621252
0.0266201
0.0203598
0.365981
0.021028
0.0369833
0.0211484
0.140312
0.391496
0.0220046
0.020624
0.438132
0.0206524
0.0428719
0.0202168
0.0203718
0.0215091
0.0799701
0.0209342
0.0204708
0.0209405
0.0212698
0.0214007
0.0212712
0.0196883
0.0209832
0.0999488
0.198572
0.0210062
0.0353874
0.0209404
0.0225577
0.782799
0.622795
0.0226481
0.664416
0.0223595
0.0216704
0.0213056
0.0325334
0.030966
0.0205201
0.0235696
0.0248198
0.0926438
0.0211208
0.0210667
0.0201633
0.0240035
0.0207211
0.0291273
0.248933
0.0238501
0.0221813
0.0206885
0.0229208
0.0202014
0.0199106
0.0285609
0.343737
0.0204652
0.0320713
0.0225207
0.0212765
0.0298534
0.0211758
0.0214752
0.0206421
0.0201827
0.0200497
0.0199366
0.0261967
0.0218666
0.0204706
0.0222585
0.0246521
0.0196249
0.0206733
0.0224949
0.021088
0.0244184
0.0212118
0.0229681
0.021048
0.03066
0.0214806
0.0212318
0.18261
0.0297157
0.0209894
0.0272442
0.0210613
0.0207115
0.0209519
0.0206887
0.0222022
0.0215677
0.0247742
0.021825
0.168264
0.0212232
0.0207349
0.0344499
0.0202623
0.0210928
0.0286603
0.0209456
0.616207
0.0210337
0.0204072
0.241707
0.0311485
1.5592
0.0209221
0.0209385
0.020796
0.0240956
0.0201632
0.0209536
0.0560003
0.0355258
0.242103
0.184773
0.021682
0.189456
0.0543791
0.0457166
1.46976
0.0298796
0.105249
0.0232916
0.178253
0.12253
0.0199317
0.672055
0.0208424
0.0209128
0.0204873
0.0211867
0.0209408
0.0209264
0.0236446
0.745922
0.0230182
0.0299129
0.216889
0.0209563
0.0851626
0.0204888
0.0208723
0.019937
0.129032
0.02114
0.0290305
0.630199
1.27648
0.0184717
0.116999
0.0200451
0.0337333
0.0347536
0.0204149
0.0227004
0.0325482
0.0212769
0.0207878
0.0210659
0.0209248
0.0306054
0.0241682
1.37377
0.0322484
0.0207643
0.0554515
0.0209343
0.0213391
0.0406589
0.680962
0.0233577
0.0210499
1.46851
0.079056
0.0249908
1.26101
0.0212102
0.021807
0.0214623
0.0400531
0.0199331
0.0211857
0.0208778
0.02073
0.0204886
0.0238835
0.0211028
0.0213026
0.0249035
0.021464
0.341738
0.0209343
0.0213841
0.682865
0.0211438
0.0204769
0.151703
1.30245
0.0212888
0.0207613
0.0270592
0.0219863
0.0214094
0.0213919
0.0206829
0.0212172
0.240142
0.0207751
0.0202574
0.0207389
0.0209752
0.0208917
0.0343436
0.0358059
0.0298074
0.0195596
0.283915
0.0211172
0.021218
0.0206934
0.0207646
0.0981253
0.0202813
0.0207466
0.0241544
0.0213134
0.0233657
0.0294205
0.0207116
0.023536
0.0361618
0.0212016
0.360637
0.0249444
0.0641911
0.0270834
0.389889
0.021331
0.0224511
0.0204235
0.0208262
0.020899
0.067932
0.0214865
0.0203545
0.0202523
0.245133
0.0210368
0.0204203
0.0203692
0.0229952
0.0215828
0.0211327
0.0325031
0.229374
0.629277
0.0237406
0.029104
0.0209981
0.0358732
0.0450778
0.0204004
0.0247774
0.0783869
0.0207226
0.0221764
0.0211332
0.0204587
0.200909
0.0262478
0.0229031
0.252327
0.259109
0.0291595
0.0202826
0.020031
0.066418
0.0207198
0.0270517
0.0227265
0.0214527
0.0282193
0.023291
0.0253269
0.021077
0.0205763
0.0356055
0.0241761
0.431148
0.0520336
0.113084
0.0219968
0.0214818
0.0259079
0.0210034
0.0242821
0.0202962
0.0209366
0.138305
0.0237676
0.232404
0.0142753
0.0308543
0.0213217
0.0738965
0.301657
0.112626
0.0201519
0.0216948
0.048304
0.0219612
0.0314243
0.20339
0.0211103
0.0488086
0.0558827
0.0830084
0.35049
0.0206708
0.0215568
0.240619
0.0235709
0.699506
0.0713592
0.0517392
0.0582682
0.021409
0.0208579
0.0642856
0.0213998
0.0199423
0.0222769
0.0210472
1.3753
0.0211605
0.0208662
0.0294307
0.0235925
0.0210663
0.0213668
0.0212209
0.0211523
0.0220028
0.0344972
0.020344
0.0981636
0.0249223
0.43264
0.0231451
0.0212301
0.0241398
0.376252
0.0281231
0.0490876
0.0210098
0.021176
0.0201818
0.0218379
0.031168
0.0210208
0.0213864
0.0214425
0.0287998
0.021099
0.12109
0.0212232
0.0224126
0.0273664
0.0281114
0.0228838
0.021168
0.0240512
0.0212335
0.0214483
0.0211152
0.0212467
0.0217175
0.0901402
0.0204478
0.0211322
0.0214547
0.473416
0.0226783
0.0221257
0.0212303
0.0227216
0.0277978
0.0212149
0.0382801
0.511765
0.0209261
0.0309535
0.565874
0.0214437
0.0205687
0.0202896
0.023101
0.0220149
0.0385863
0.0218048
0.0220897
0.181325
0.0203561
0.0207907
0.0214882
0.0261911
0.0262385
0.0214044
0.0284394
0.0211148
1.23484
0.025551
0.0374919
0.408333
0.0286402
0.0213237
0.0233594
0.0230219
0.0215003
0.0246058
0.0211398
0.0237857
0.0214904
0.0210556
0.0208261
0.0210844
0.0209919
0.0234752
0.0295712
0.0205947
0.0212379
0.020362
0.248864
0.0393395
0.0214252
0.020221
0.0209132
0.156163
0.0573852
0.0211871
0.354754
0.0214544
0.0206187
0.0205613
0.0209518
0.0214855
0.0212594
0.0210764
0.100433
0.0210671
0.0311353
0.0222094
0.0208687
0.0823598
0.198997
0.0210401
0.0276484
0.226025
0.0207171
0.0208061
0.0210215
1.65846
1.28192
0.204506
0.0354606
0.0216002
0.0322699
0.620582
0.0214819
0.0433892
0.581904
0.0679187
0.0210697
0.029502
0.0214512
0.0269899
0.391799
0.0213304
0.0264855
0.0212468
0.023256
0.0240959
0.576936
0.0235507
0.0203708
0.0208908
0.0201818
0.317946
0.0209938
0.0228215
0.0221475
0.0804359
0.0211174
0.023703
0.0164076
0.339138
0.22525
0.0251943
0.630322
0.0205753
0.0210589
0.0213531
0.289541
0.0212329
0.0211293
0.0224515
0.0201677
0.0212739
0.0218943
0.0223151
0.0208059
0.021531
0.021491
0.0206797
0.0204339
0.0791321
0.0208579
0.0207822
0.0227112
0.162163
0.0218064
0.0314712
0.0224255
0.025628
0.185137
0.0236719
0.020923
0.0212884
0.41864
0.0217741
0.234688
0.0239082
0.0211973
0.0243886
0.0653875
0.0210558
0.0205177
0.0206066
0.0211308
1.5693
0.364808
0.0204338
0.0203231
0.0269419
0.0211337
0.0213269
0.0428101
0.041256
0.0206215
0.0232971
0.0214438
0.023845
1.37592
0.0266225
0.0205097
0.056094
0.0529785
0.0210886
0.157843
0.0210958
0.25595
0.0205547
0.0722389
0.0211192
0.0595637
0.0229535
0.0212013
0.0240566
0.0281802
0.0214159
0.0249619
0.0244765
0.021099
0.0230566
0.0211752
0.0505598
0.0237424
0.0206873
0.0237148
0.0214509
0.0212032
0.041686
0.0246893
0.024718
0.0209584
0.021171
0.0203832
0.0212811
0.0209433
0.0210554
0.0212817
0.0209272
0.388072
0.0333568
0.0215733
0.0206939
0.0484316
0.140431
0.0306869
0.0202992
0.0211103
0.0249012
0.0211194
0.0257149
0.0258954
0.0213802
0.0220836
0.0212121
0.185004
0.160462
0.411564
0.0220654
0.112051
0.026712
0.0209387
0.020929
0.0201659
0.0486624
0.0211189
0.0199641
0.0206771
0.0472538
0.125614
0.0221034
0.0199462
0.0214782
0.0763212
0.021098
0.186874
0.020913
0.0210365
0.0240198
0.0211028
0.021311
0.0450892
0.417745
0.0249251
0.0213325
0.0613984
0.0211003
0.0216634
0.0213518
0.127355
0.0211034
0.0211631
0.0212894
0.021477
0.0579254
0.149546
0.026294
0.0376661
0.0208641
0.0207843
0.0328086
0.0211103
0.0204583
0.0320753
0.0200243
0.0222628
0.0208365
0.0212815
0.292934
0.05213
0.163393
0.0210648
0.254442
0.0779518
0.0224911
1.48538
0.0218265
0.0210894
0.0205734
0.0203022
0.0205013
0.0221199
0.0220215
0.0213845
0.0245058
0.0210847
0.0210987
0.0233465
0.0210553
0.0375984
0.020935
0.0202174
0.0211674
0.0213816
0.212557
0.0206467
0.0213404
0.0357626
0.0254894
0.0201173
0.0335787
0.792221
0.0250016
0.224055
0.0568384
0.0212515
0.0209718
0.0401469
0.021198
0.0525193
0.0322205
0.0214213
0.0214356
0.0208825
0.0207114
0.0210495
0.341186
0.0217608
0.021644
0.0237474
0.0219622
0.021379
0.0207445
0.158432
0.0323323
0.0203732
0.0212408
0.0215634
0.0233349
0.174596
0.0606877
0.0200586
1.38625
0.0567017
0.28941
0.0199302
0.0206216
0.0317577
1.50039
0.0220556
0.0214002
0.0212215
0.0203186
0.0200525
0.020037
0.0207595
0.0216897
0.0230819
0.0209132
0.0201658
0.0211306
0.0285187
0.0218242
0.0210182
0.0271141
0.0201617
0.381087
0.0261419
0.0214088
1.42037
0.403952
0.0358872
0.0203699
0.0203011
0.0210898
1.60276
0.0284535
0.0214282
0.0214926
0.0239014
0.0212211
1.2675
0.021242
0.0278368
0.0212924
0.020036
0.0359752
0.301358
0.0218454
0.0269078
0.0214684
0.0212279
0.181079
1.79913
0.0209761
0.020558
0.0275493
0.0359704
0.0271159
0.0204513
0.0264411
0.0362581
0.0266468
0.0210575
0.0212026
0.0210167
0.0207731
0.0233536
0.0209465
0.0264048
0.0375499
0.0230926
0.040309
0.0270051
0.0212152
0.0213623
0.0704822
1.40358
0.14206
0.0918332
0.0200411
0.0380864
0.0214641
0.0204165
0.0228461
0.0224897
0.0216523
0.0659944
1.49974
0.129903
0.974314
0.0212684
0.0580138
0.0201749
0.0203424
0.0228494
0.0260387
0.152409
0.0239027
0.0265424
0.0270916
0.293545
1.51803
0.0210948
0.0214943
0.0179642
0.743012
0.0208933
0.330287
0.15295
0.0212148
0.0222384
0.0200644
0.0222061
0.0214811
0.0295311
0.138257
0.0213148
0.020186
0.228148
0.0988798
0.114483
0.0295179
1.34104
0.0449182
0.139314
1.566
0.0219498
0.0210798
0.176693
0.0211507
0.021428
0.0204107
0.0208762
0.0956043
0.0290823
0.0276648
0.255637
0.0237073
0.0265295
0.0212508
0.0278795
1.58026
0.0199013
0.0411488
0.598503
0.0431821
0.0214771
0.0233341
0.0225119
0.0200606
0.020529
0.0857214
0.0235183
0.0211096
0.0295684
0.0278651
0.0220201
0.0667712
0.0247251
0.0231162
1.53
0.0205554
1.50006
0.0216181
0.0262922
0.0427403
0.0246988
0.165358
0.0214705
0.0265791
0.0211915
1.63527
0.0272453
0.0239781
0.0201875
0.0582248
1.75556
1.29968
0.0206463
0.0255258
0.0272371
0.0207833
0.0203768
0.0260686
0.030973
0.0204778
1.81792
0.0226191
0.0213301
0.0212609
0.0229087
0.0260079
0.611719
0.0902585
0.0281187
0.0217631
0.0214099
1.90793
0.0204519
0.0210644
0.532409
0.0462689
0.0224542
0.0208454
0.021201
0.0296857
2.01695
0.0297538
0.0214266
0.0455766
0.0203567
0.0300551
0.0213559
0.0204053
0.0158671
1.88462
0.027845
0.0226657
1.79068
0.0306254
0.0232551
0.021384
1.74824
0.023877
0.0222847
0.0245144
0.0288532
1.15205
0.314032
0.0214209
0.324432
0.0290691
0.027748
0.0205689
0.0873424
0.0282629
0.0210558
1.77773
0.0214549
0.021416
0.389253
0.0210364
0.0438263
0.0206933
0.0360234
0.0268896
0.0210149
2.1339
0.039866
0.0203098
0.506113
0.0209022
0.020912
1.48637
0.113125
0.0468848
0.38654
0.0322115
1.91859
0.0213627
2.07741
0.0259026
0.0206745
0.0336772
0.563267
0.0203286
0.0213663
0.0201155
0.0213987
0.0217234
0.0201894
1.9864
0.023703
1.60865
0.0214658
0.155072
0.0214432
1.72982
0.020831
0.0207721
0.0214077
0.0214327
1.79862
2.85615
0.0204025
0.0217305
1.43962
0.0765039
0.0222279
0.0204872
0.0205723
0.023738
0.387127
0.403925
0.0281747
0.020358
0.0203618
0.0223321
0.0223032
0.0213677
0.0228005
0.235751
0.0241734
1.78675
0.0219792
0.0204225
0.0315057
0.40483
0.0205157
0.0232553
0.0196153
0.0252081
0.0213703
0.0220787
0.0214681
0.0227388
0.0213706
0.231769
0.0341011
0.0210598
0.0213744
0.0220994
0.0221301
0.0689498
0.0357327
0.0463788
0.0204538
0.0213778
0.0210896
0.0617458
0.240322
0.0498537
0.0226157
0.0228445
0.435961
0.353803
0.0202182
1.42587
0.0521766
0.021882
1.84864
0.0213419
0.443903
0.0212003
0.0211538
0.114566
0.277556
0.0212914
0.0493736
0.0732581
0.0202076
0.14503
0.0213541
1.75925
0.246506
0.0929155
0.077261
0.0943035
0.0211909
0.0258203
0.0222544
0.0213876
0.0200219
0.055819
0.0906791
0.021775
0.0204495
0.0214618
0.0237595
0.0494488
0.0214094
0.154195
0.0875602
0.0751879
0.0181026
0.0219011
0.0207923
0.0209394
0.0246674
0.0227041
0.02641
0.0227722
0.130776
0.0346732
0.0228334
2.13895
1.26237
0.0387257
0.0206613
0.0248892
0.0315495
0.0762552
1.43533
0.0209944
0.0208544
0.117154
0.0204339
0.0326667
0.020649
0.0206618
0.0293505
0.0299497
0.0448032
0.123556
0.0833213
0.114367
0.039618
0.0872311
0.0435959
0.336468
0.0211171
0.235812
0.373055
0.0537485
0.022415
0.0231216
0.0211032
0.0204382
0.0254997
0.0221744
0.0242463
0.0358584
0.139507
0.0345568
0.0225549
0.0219314
0.0645413
0.0300183
0.0451877
0.0210096
0.0214586
0.100097
0.0952069
1.44152
0.0195503
0.0195549
0.0218157
0.0527336
0.167636
0.0201541
0.0340503
0.0217926
0.055533
0.0212306
0.0385853
0.0211014
0.0205597
0.0322028
0.0214091
0.0205576
0.0217312
0.055533
0.0239096
0.0228343
0.0207268
0.0222579
0.164071
0.0272299
0.0207288
0.31617
0.0291664
0.023234
0.0501507
0.0286759
0.0207441
0.0358017
0.0257748
0.3952
0.0228413
0.0222602
0.0206103
0.0584394
0.020248
0.671382
0.0203049
1.49311
0.020409
0.0284946
0.0202835
0.0235258
0.0200715
0.0282657
0.022552
0.0210914
0.0230314
0.0204382
0.0213896
0.381777
0.0205563
0.0294795
0.0275682
0.0209686
0.0205733
0.0216443
0.028898
0.0936993
0.0210439
0.0235105
0.0203007
0.038664
0.0224199
0.0260563
0.0208786
0.0217193
0.0319254
0.0281615
0.0254928
0.415331
0.0301167
0.0236204
0.0208603
0.0256956
0.195033
0.0204418
0.0210526
0.0290957
0.0215192
0.0778262
0.0504822
0.0198649
0.0295711
0.0246568
0.021343
0.0208901
0.0205199
0.064822
0.0207455
0.0216062
0.0221957
0.0222195
0.0203904
0.022541
0.0198525
0.0213318
0.0207075
1.85619
1.822
0.0211089
0.0548256
0.621512
0.0256224
0.0775343
0.0216534
0.0255743
0.0216939
0.0274522
0.0210006
0.0226085
0.0266931
0.0205741
1.98341
0.121213
0.0204849
0.0212288
2.01042
0.0206451
0.0213167
0.0282159
0.021207
0.0345423
0.0487922
2.12193
0.0218007
0.0212115
0.0211515
0.420173
0.0217563
0.0207362
0.0206301
0.0213307
0.0233639
0.0233608
0.0222516
0.0200049
0.0283023
1.94472
0.0487163
0.0213656
0.0210252
0.169453
0.020214
0.0211003
0.141615
0.838062
0.03453
0.504714
0.0226046
0.0205566
0.020243
0.0263861
0.0204268
0.0306016
0.0225962
0.0263471
0.0211086
0.150942
0.0207699
0.0226785
0.0212152
0.0207486
0.0227582
0.0206425
0.0246743
0.0250652
0.0556654
0.0213138
0.0342443
0.0720888
0.0249748
0.382122
0.0271008
0.148254
0.253652
0.0294896
0.0212521
0.307682
0.0205662
0.0213561
0.020667
0.167135
0.0215963
0.0207474
0.240426
0.0207633
0.175607
0.0206167
0.127906
0.0204513
0.0259161
0.0207349
0.0289255
0.0217126
0.0350613
0.0233045
0.247052
0.0228487
0.0228176
0.0210663
0.0210982
3.00373
0.0212719
0.0288784
0.0215516
0.0952615
0.0207081
0.179051
0.0550592
0.048274
0.0200906
0.0216046
0.0203975
1.04238
0.22569
0.0208168
0.0242235
0.0208438
0.0211153
0.0221123
0.0212287
0.0211541
0.0219922
0.379918
0.0265878
1.90662
0.131361
0.138821
0.0211663
0.020361
0.0273687
0.0208013
0.0215343
0.0216219
0.360839
0.122346
0.021231
0.0255559
0.0210703
0.330734
0.0224033
0.121127
0.0204948
0.022774
1.02324
0.0210871
0.0207785
1.26807
0.0204589
0.0207599
0.0365695
0.0204953
0.618613
0.15227
0.205831
0.0218292
0.0529543
0.517202
0.0238515
0.0202963
0.0212245
0.0248801
0.0213767
0.0245291
0.16455
0.229249
0.020645
0.0260761
0.0211642
0.021324
0.0217245
0.0273254
0.0203593
0.372399
0.0255894
0.118912
0.0221821
0.0204879
0.0214878
0.0216448
0.0209515
0.0219975
0.38646
0.0205817
0.220197
0.0277986
0.0228162
0.0214571
0.0207197
0.0212654
0.0550332
0.0206669
0.0207772
0.0281359
0.021131
0.0263623
1.97149
0.335344
0.0368843
0.0204525
0.0206655
0.0213518
0.0194801
0.0572275
0.0214647
0.0213528
0.0213703
0.0251668
0.0224407
0.0261233
0.0207376
0.0485328
0.0213847
0.0519773
0.0211458
0.0211501
0.0230293
0.020719
0.0208123
0.0246568
0.0434277
0.0209548
0.0212264
0.237274
0.308405
0.0205729
0.0213688
0.0204689
0.0241388
0.0207514
0.0229363
0.264091
0.326652
0.0316307
0.0223806
0.0764122
0.027601
0.0209811
0.167495
0.0210659
0.448684
0.0207772
0.0209013
0.0235699
0.020901
0.0202851
0.0213985
0.0206436
0.0240185
0.021471
0.0206534
0.403277
0.406642
0.248831
0.0204622
0.024565
0.0213887
0.0241402
0.419345
0.0972265
0.0211577
1.23988
0.0214515
0.0210364
0.0209751
0.0211642
0.0207432
0.021441
0.0254415
0.0210563
0.0224929
0.156189
0.0206996
0.0272019
0.0217104
0.111184
0.245051
0.153189
0.104017
0.0215439
0.40102
0.0213692
0.0273558
1.65736
0.0212189
0.15393
0.0206325
0.0205925
0.0226268
0.326172
0.031216
0.0241781
0.442309
0.0213214
0.372937
0.21313
0.0631316
0.0268114
0.0206539
0.31519
0.0259912
0.0214387
0.0207196
0.0226896
0.0282317
0.045348
0.0209245
0.0353325
0.0215257
0.0240116
0.0211208
0.0226408
0.0205544
0.0312259
0.0205176
0.0210478
0.179249
0.0313232
0.0209804
0.0205708
0.30449
0.0216803
0.0226113
0.022001
0.0207765
0.0211352
0.0214261
0.0213937
0.0417674
0.023195
0.0214311
0.0214661
0.0210668
0.0237718
0.0212213
0.156086
0.389984
0.0247351
0.0237114
0.0212426
0.0567243
0.983964
0.0202269
0.0211996
0.38022
0.0219552
0.109799
0.0209029
0.249457
0.0214017
0.0213632
0.0215906
0.0214573
0.0221884
0.0253453
0.0248947
1.8655
0.393061
1.7465
1.56948
0.270695
0.0238828
0.0482693
0.0207111
0.0527497
0.0223054
0.0214585
0.0285855
0.0213858
0.0214102
0.0204481
0.0220909
0.0208043
0.0260748
0.0204806
0.0231788
0.0205146
0.0223744
0.0203532
0.0663122
0.0210358
0.0207982
0.0200211
0.0273764
0.0218201
0.0227454
0.0214579
0.0325582
0.212381
0.275567
0.0271282
0.0206606
0.0245782
0.0210658
0.0211913
0.0260323
0.021908
0.0207949
0.0212879
0.0295055
0.0204037
0.0205809
0.0209107
0.1774
0.0217781
0.292168
0.0205062
1.92158
0.0204247
0.0208583
0.0199961
0.0207086
0.0208794
0.16329
0.0209466
0.145171
0.0206187
0.0203108
0.241402
0.0224506
0.115443
0.0208263
0.0205927
0.106804
0.102565
0.0484034
0.0210876
0.0210519
0.0202922
0.0205185
3.28691
0.02082
0.0303535
0.0273567
0.028342
0.0252314
0.0229972
0.0252814
0.0880241
0.0247677
0.105078
0.0208802
0.261576
0.0204726
0.160402
0.0204827
0.158297
0.111052
0.130053
0.0234157
0.0206713
0.0214498
0.0597468
0.0205643
0.0450414
0.0198628
0.125953
1.11049
0.554295
0.0408296
0.0233504
0.0196276
0.0213833
0.0202057
0.053666
0.020586
0.0409454
0.0363271
0.248195
1.51536
0.0227105
0.0211792
0.0201065
0.0478184
0.47555
0.0222879
0.022939
0.0404621
0.0217001
0.0208564
0.024369
0.021027
0.0206598
0.757481
0.0226937
0.0206505
0.0622899
0.0212768
0.0208174
0.0361191
0.0286869
0.0259839
0.0920815
0.0428937
1.29786
0.415699
0.0213893
0.0210224
1.75142
0.0195822
0.0210267
0.0216079
0.0209737
0.0207668
0.0225605
0.0219705
0.0384439
0.0318871
0.0233453
0.242314
0.0212042
0.0424664
1.15687
0.0210573
0.0871244
0.0282473
0.0210239
0.0555505
0.0550287
0.0205793
0.0286764
0.0261131
0.0213495
0.0203274
0.0732839
0.0213215
0.0209671
0.0198907
0.0198634
0.0275222
0.0219281
0.0229743
0.0220097
0.021461
0.0203284
0.0206999
0.0620564
0.0222722
0.0210877
0.0212295
0.0212339
0.0210238
0.0213193
0.0314107
0.0210375
0.027561
1.87232
0.785089
1.66607
0.0304104
0.0394928
0.0208602
0.0239464
0.0726233
0.0411672
0.0215431
0.309027
0.0209509
0.0220674
0.0208981
0.623052
0.0198607
0.0209687
0.0211562
0.021169
0.030275
0.0212022
0.0946735
0.0210462
0.0214691
0.0207829
0.0213559
0.020505
0.021392
0.0227678
0.0488236
0.0211572
0.021312
0.027361
0.0219914
0.0389508
0.0207288
0.0199821
0.133553
0.024573
0.0213183
0.0229712
0.020729
0.0639082
0.069178
0.0214817
0.0241769
0.0224881
0.021232
0.0206199
0.0253426
0.0247992
0.131084
0.165229
0.019542
0.0266705
0.0219713
0.0222462
1.98172
0.0206978
2.08767
0.0250184
0.0218494
0.0227211
0.0205303
0.0210769
0.0203859
1.85197
0.0210456
0.159461
0.0213611
0.020858
0.0237379
0.21129
0.209249
0.0208888
0.0282277
0.183942
0.176822
0.0233901
0.0206596
0.0244034
0.0198611
0.405916
0.0217972
0.0225013
0.0211877
0.0224704
0.0207983
0.116076
0.0209972
0.0262304
1.72027
0.0207097
0.0213118
0.0198618
0.0235909
0.0225702
0.0206124
0.0282713
0.0214052
0.0206231
0.0211703
0.0297744
0.0320997
0.0205136
0.0198677
0.0222351
0.0957666
0.0207289
0.0915962
0.201126
0.816806
0.142339
0.0206632
0.0212961
0.324436
0.0213962
0.0254164
0.0220225
0.02422
0.436544
0.0209097
0.020895
0.0216171
0.241185
0.35266
0.021191
0.0482808
1.63234
0.0228811
0.0211804
0.0296602
0.0206681
0.0212199
0.0254326
0.0216257
0.0213503
0.0541857
0.0214172
0.033548
0.0249721
0.0213016
0.0254698
0.0733226
0.0417352
0.0210609
0.0233845
0.020597
0.199923
0.0224028
0.403555
0.315436
0.0214291
0.0215635
0.0232025
0.0559536
0.0343449
0.0222611
0.02229
0.0210687
0.0626186
0.23356
0.0221183
0.0198561
0.294659
0.324024
0.293198
0.0211482
0.642521
0.0379091
0.0213114
1.83898
0.0269452
0.246517
0.0209236
1.94341
0.0199488
0.0212315
0.0210779
0.021349
0.323741
0.0208278
0.066034
0.618819
0.0207598
0.0208978
0.0252749
0.022482
0.0211565
0.0206293
0.0212635
0.0222066
0.791196
0.0206341
0.0311479
0.0203238
0.020574
0.0209231
0.0323022
0.0244096
0.0223045
0.0211154
0.0210529
0.0205494
1.18733
0.021432
0.0198464
0.0383672
0.0209792
0.0528449
0.0209446
0.0211811
0.021289
0.0196903
0.0258947
0.0196871
0.0243986
0.0242448
0.0207148
0.0289568
0.0224481
0.0229742
0.0214223
0.0312724
0.0303675
0.026876
0.0621901
0.0214567
0.0222139
0.0228307
0.0207204
0.0242173
0.0294359
0.603881
0.0310828
0.0204512
0.0299522
0.0856054
0.0277414
1.76638
0.0204398
0.0200342
0.0212276
0.0221161
0.0206112
0.0206008
0.0269838
0.0591836
0.0223084
0.0215844
0.022314
0.0214743
0.0230457
0.0219822
0.044918
0.0213571
0.0225447
0.019563
0.163308
0.597485
0.832922
0.13283
0.0211728
0.0211822
0.0209201
0.0201414
0.0213072
0.305043
0.0237151
0.0206703
0.0204179
0.0208568
0.0358408
0.0241499
0.0246306
0.0236485
0.0212835
0.0216455
0.0473184
0.206572
0.172083
0.0200259
1.53709
0.0212054
0.0208596
0.0281035
0.0216091
0.0204519
0.0216346
0.475751
0.0211914
0.0240429
1.55372
0.0270076
0.810125
0.0263202
0.0212862
0.40544
0.0206692
0.635045
0.0290965
0.0637595
0.02148
0.0212286
0.0262956
0.0206385
0.0269895
0.0201313
0.0216703
0.0216764
0.549681
0.0254584
0.136212
0.0245329
0.324671
0.0272166
0.262898
1.04017
1.69333
0.0208682
0.0231337
0.0206549
0.0205488
1.23329
0.0218197
0.0224295
0.0282938
0.21453
0.0709663
0.0205058
0.0205964
0.0221079
0.0257736
0.0233367
0.0241681
0.0293615
0.020101
0.0209202
0.0446819
0.0276305
0.0210348
0.0205377
0.020913
0.0201422
0.415502
0.270293
0.021442
0.0214576
0.021844
0.0205424
0.0261202
0.0203838
0.0234628
0.0222473
0.0965064
0.0209723
0.0210156
0.0212924
0.450433
0.043667
0.020653
0.028175
0.500247
0.0245825
0.021078
0.02106
0.0213216
0.0411245
0.266792
0.0243641
0.259897
0.023571
0.0198587
0.020654
1.54043
0.0213294
0.0422762
0.135318
0.0212603
0.0225768
0.021845
0.0196564
0.041044
0.0213198
0.0290954
0.0223938
0.477905
0.068728
0.0223092
0.0212022
0.0213295
1.36254
2.03298
0.025539
0.0218019
0.513584
0.0205484
0.0250464
0.0232196
0.0209643
0.65215
0.0195841
0.306018
0.209162
0.023087
0.0260198
0.0240316
0.0215169
0.020976
1.43752
1.64328
0.0261122
0.0220131
0.0211706
0.362081
0.590981
0.0206359
0.495937
0.706318
0.020492
0.0219583
0.0204427
0.0214931
0.0226856
0.14323
1.831
0.0224117
0.0219343
0.0218459
0.0210175
0.0204635
0.741731
0.0229288
0.0202432
0.0226366
0.0207818
0.0218864
0.0226128
0.0215713
0.0247245
0.0218005
0.0208512
0.0251168
0.0208736
0.0211648
1.96118
0.0217968
0.0303413
0.0209476
0.02124
0.0201673
0.0276263
0.0227387
0.242545
0.436713
1.57141
0.0214047
0.0217005
0.412366
0.023149
0.0204125
0.0224257
0.0224622
0.0263907
0.0212643
0.0206161
0.0212565
0.021736
0.0213048
0.0213372
0.0204972
0.0284061
0.0268861
0.0216884
0.444352
0.0284523
0.0227686
0.217777
0.220794
0.0211615
0.0206861
0.297273
0.259147
0.0387684
0.0239191
0.0214806
0.0215709
0.0212421
0.021033
0.0209938
0.60987
0.0216175
0.583584
0.0262441
0.0250841
0.271006
0.0353106
0.359519
0.02185
0.0505936
0.511005
0.0212266
0.0361474
0.243309
0.0195963
0.315036
0.0868678
0.0212456
0.0204942
0.0222771
0.0214748
0.0229056
0.0206296
0.021292
0.0253539
0.468216
1.75877
0.0211703
0.0204933
0.0246975
0.0215649
0.353915
0.153935
0.327969
0.0205269
0.0212187
0.0246494
0.0208729
0.0273657
0.020519
0.0205778
0.0288922
0.534154
0.0212881
0.0213117
0.403689
0.669018
0.0208891
0.0245111
0.369098
0.347758
0.021208
0.0230113
0.0454676
0.048919
0.0222022
0.187912
0.0217641
0.0202664
0.0273467
0.0205575
0.538838
2.28059
0.0234923
0.464163
0.0207646
0.0226885
0.0213003
0.0216086
0.35724
0.0790562
0.0278985
0.0213189
0.0209937
2.18032
0.708595
0.0205294
0.0248009
0.0215984
0.0215162
0.0213132
0.0346488
0.0450489
0.0211619
0.0217134
0.0206712
0.227871
0.0213241
0.0225526
0.028986
0.0245512
0.0214857
0.0196491
0.0218984
0.0214236
0.0267688
0.154433
0.0205725
0.0392144
0.0205866
0.0424275
0.0221354
0.0211548
0.435166
1.74012
0.0217241
0.184776
0.0215519
0.0302046
0.0212751
0.0217935
0.0218404
0.0195651
0.0215477
0.0214346
0.0212717
0.0209433
0.0205669
0.0205876
0.0209789
0.397729
0.0216437
0.0236756
0.0213465
0.0294229
0.0200041
0.0212505
0.0212888
0.0212566
1.56146
0.40534
0.0210595
0.610708
0.0224775
0.0606955
0.0372734
0.0214995
0.779961
0.625358
0.0214318
0.0213185
0.021804
0.0223883
0.0259202
0.0619843
0.0214816
0.0206138
0.0212985
1.12779
0.0216831
0.0935952
0.0223636
0.022091
0.0330959
0.0215201
0.0205169
0.0223219
0.0208718
0.024748
0.118373
0.0264749
0.0209898
0.0213197
0.0553524
0.0250091
0.546876
0.0208557
0.0214566
0.658414
0.0195757
0.0205468
0.103128
0.0205318
0.0268869
0.0213887
0.0211646
1.4987
0.0208525
0.0206072
0.0230144
0.0204935
0.0231826
0.0345295
0.0204058
0.0535241
0.0211495
0.0196176
0.023748
0.0227952
0.0242581
0.0648892
0.365762
0.0214922
0.0424998
0.249304
0.0306225
0.178487
0.0215484
3.42104
0.0214133
0.0213018
0.0239727
0.552158
0.0216768
0.0226007
0.0237763
0.0626394
0.0220744
0.0216202
0.0237564
0.0235241
0.021806
0.0223456
0.0463788
0.0348031
0.0260512
0.0228265
0.0220719
0.0212953
0.240513
0.0214226
2.0652
0.0211977
0.0316572
0.0244738
0.0629689
0.180514
0.078257
0.0216447
0.0230537
0.0224599
1.30522
0.358445
0.19573
0.315227
0.0209012
0.069912
0.0204708
0.0236081
0.0212127
0.067691
0.0211698
0.0270915
0.021794
0.0209873
0.0216343
0.0216738
0.0211806
1.57552
0.0210452
0.0211728
0.0211655
0.356759
0.242909
0.0203157
0.020472
0.40474
0.100387
0.0212443
0.0273728
0.0259953
0.590417
0.0213016
0.02232
0.0211204
0.0214193
0.0215012
0.0228344
0.0232726
0.0274553
0.04385
0.0223216
0.0214382
0.0520395
0.0229672
0.0207449
0.0234713
0.0430107
0.0211771
0.419912
0.0224314
0.0723531
0.021296
0.0214477
0.0203841
0.0217247
0.0215793
0.0207864
0.0387882
0.0207454
0.0212941
0.0219389
0.205288
0.0213351
0.0213949
0.0271736
0.026712
0.0229735
0.0214069
0.44079
0.0225288
0.0213414
0.742434
0.0215479
0.0212445
0.0303469
0.02171
0.404855
0.0209923
0.021679
0.0520281
0.0220319
0.0212865
0.0230263
0.0217754
0.0209736
0.0212563
0.410524
0.021185
0.0219281
0.0207244
0.0757539
0.0229578
0.0206096
0.0209216
0.0283547
0.023176
0.0207123
0.0210138
0.0211719
0.0209694
0.0207744
0.357121
0.0212749
0.0206342
0.244548
1.78535
0.0208483
0.0227178
0.0211737
0.199866
1.4546
1.83566
0.020761
0.021192
0.0212949
0.0210712
1.50452
0.0234099
0.0209287
0.021593
0.0260628
0.0214071
0.0217809
0.40583
0.0464884
0.0213199
0.0212878
0.0211515
0.0214032
0.0205407
0.0224423
0.104674
0.0207182
0.416479
0.0198728
0.022441
0.021637
0.0212956
0.0238854
2.06972
0.0217219
0.0224403
0.0196489
0.021648
0.394566
0.281139
0.027577
0.0211958
0.240259
0.0660309
0.0220773
0.26706
0.0208741
0.232196
0.0233484
0.0246203
0.0217637
0.0209228
0.0246324
0.019573
0.0232133
0.0345941
0.575819
0.0210702
0.0515883
0.0212663
0.0517693
0.0242666
0.0205214
0.0810703
0.913913
0.0556256
0.0448306
0.031334
0.0212568
1.77377
0.0214171
0.0220152
0.0213708
0.022316
0.0212714
0.0331557
0.0198944
0.0223271
0.0212488
0.0219262
0.522655
0.0221571
0.0226499
0.616858
0.0212597
0.0322203
0.17856
0.0217141
0.0226285
0.0370983
0.024041
0.0240255
0.0887572
0.0221619
0.0227792
1.54605
0.0252511
0.0219123
0.808351
0.0210902
1.87804
0.0223087
0.0890928
0.331583
0.0212087
0.409776
0.0211483
0.0217053
0.021582
0.0195789
0.0274507
0.0212759
0.0218972
0.0204925
0.0197547
0.0197099
0.650117
0.0817396
0.0228387
0.0222095
0.0211781
0.0220821
0.0197195
0.71146
0.0212927
0.193114
0.174329
0.0221044
0.0213269
0.0221676
0.0359281
0.0226934
0.0219931
0.0212821
0.0212505
0.0242908
0.0405481
0.0207785
0.0225386
0.0224214
0.0213939
0.021252
0.389571
0.0310815
0.649198
0.0215219
0.103124
0.0282403
0.0221022
0.409597
0.0223883
0.0587733
0.0516092
1.62587
0.0224848
0.0411503
0.0213647
0.0213794
0.0212288
0.0216371
0.0212871
0.0212618
0.0217209
1.43306
2.5236
0.142841
0.0224858
0.0215395
0.0222634
0.02182
0.0216816
0.0223196
0.0205517
0.0220954
0.0220737
0.0205663
0.27191
0.0215318
0.030533
0.0218204
0.0203329
0.0224748
0.0205027
1.63624
0.0198255
0.0223051
0.0725252
0.0201176
0.633363
0.0215272
0.0226126
0.0216829
0.0212729
0.0265539
0.0216144
0.0479202
0.021742
0.0212797
0.423542
0.0214229
0.0239235
0.231863
0.107011
0.0221283
0.0264711
0.0205785
0.0974835
0.050634
0.0213844
0.0353512
0.0214022
0.0217788
0.0726911
0.0212254
0.102134
0.0219819
0.258181
0.0214915
0.250964
0.0195993
0.0220327
0.404278
0.02182
0.418705
0.0267163
0.0392425
0.0249623
0.310581
0.032966
0.0197072
0.0214407
0.0215699
0.021235
0.0214477
0.0204618
0.117635
0.0209282
0.0209716
0.0591
0.0217363
0.0209053
1.45828
0.0203241
0.0219349
0.020906
0.0218105
0.468542
0.0224084
0.023458
2.27599
0.247968
0.0198009
0.0219914
0.0209625
0.031514
0.0220907
0.568838
0.0223407
0.0239138
0.0222086
0.131684
0.0237559
0.0213379
0.0427636
0.0241892
0.0413177
0.0214629
0.022086
0.021595
0.0255758
0.104629
0.0386999
0.0225846
0.0363586
0.0209598
0.0204364
0.0216793
0.0213369
0.0204582
0.0237899
0.0226688
0.115537
1.59429
0.0217039
0.2168
0.0975847
0.021511
0.0212881
0.0218428
0.273656
0.0271521
0.0313245
0.415525
0.0372917
0.0241762
0.245578
0.0217777
0.022399
0.0220065
0.0215328
0.485003
0.0222402
1.65603
0.031261
0.0240961
0.470868
0.053732
0.0225448
1.89079
0.0216816
0.0214483
0.0214014
0.222297
0.0215253
0.0217886
0.0212082
0.0232048
0.0215223
0.0551342
0.0205403
0.218598
0.0298087
0.0537192
0.0224224
0.782555
0.0219098
0.497214
0.0214258
0.0216607
2.2532
0.0221089
0.0200014
0.044785
0.0227176
0.0335866
0.0222123
0.0215
0.117596
0.681302
0.0213692
0.0647984
0.0196355
0.0224387
0.0228387
0.0303246
0.145211
0.0218017
0.0216483
0.0226651
0.232423
0.0213374
0.0219903
0.0212443
0.0378516
0.0212456
0.0212705
0.021877
0.168544
0.0214039
0.0212807
0.0196618
0.0214092
0.0212646
0.284655
0.0219586
0.0337904
0.0210237
0.0494778
0.216496
0.0221922
0.0459396
0.021034
0.0214209
0.020898
0.0213468
0.0229399
0.0218743
0.0217899
0.253519
0.272502
0.0212012
0.376705
0.02089
0.16951
0.0256076
0.0220526
0.165789
0.0215103
0.0215877
0.0216666
0.0205707
0.0359861
2.28545
0.0227517
1.81024
1.40967
0.0815294
0.0214127
0.0218387
0.0253935
0.491345
0.257884
0.0221146
0.0227371
0.0210292
0.0221022
0.586839
0.0317585
0.0196786
0.0219795
0.0217755
0.0212139
0.032708
3.19188
0.022173
0.0214392
0.0209822
0.0213077
0.292517
0.445508
0.0205222
0.0377347
1.34735
0.0202964
0.0217213
0.0239305
0.0215225
0.0239574
0.0214156
0.0425396
0.0670064
0.0224241
0.0219613
0.0227117
0.458087
0.0224476
0.02183
0.67234
1.70187
0.307822
0.0217529
0.020569
0.0687949
0.0210583
0.0208189
0.204562
0.242407
0.0220338
0.0225569
0.0214039
0.0215049
0.104879
0.0205302
0.0232207
0.0205275
0.0213945
1.10059
0.0228508
1.9678
0.410878
0.0213708
0.0527599
0.0242192
0.255979
0.0219368
0.0223653
0.0218644
0.0203628
0.0212799
0.216031
0.0597384
0.201309
0.0225616
0.0214719
0.0224863
0.0213198
0.329755
0.322496
0.0216191
0.295189
0.22722
0.346881
0.0991736
0.0225102
0.0217326
0.0218706
0.078638
0.0422157
0.781706
0.762705
0.0213486
0.237528
0.565149
0.0210012
0.0211652
0.0210069
0.0214503
0.250282
0.408856
0.0210334
0.0211089
0.348818
0.0211573
0.0421076
0.0214203
0.0205008
0.0203783
0.019813
0.405035
0.0196219
0.0224166
2.33798
0.0213051
0.601374
0.0207081
0.0212856
0.0215497
2.23173
0.0230213
0.0215126
0.420015
0.0224996
0.0205096
0.219758
0.0210061
2.3285
0.0225744
0.205946
0.0696288
0.0793671
1.13584
0.0214594
0.0246438
0.325704
0.0227647
0.0229091
0.217142
0.0673274
0.335166
0.021253
0.64721
0.0301882
0.0214455
0.0362172
0.0214478
0.0243358
0.0209122
0.0851826
0.0398477
0.487497
0.286445
0.0222966
0.487909
0.271486
0.0222395
0.0199711
0.0377764
0.022363
0.222166
0.0208891
0.0567213
0.123277
0.021199
0.0221334
0.0301862
0.021733
0.0326341
0.024208
0.0227321
2.2266
0.0216614
0.0225666
0.0280315
0.0217767
0.247559
0.0236053
0.478526
0.0217291
0.224964
0.0214709
0.0231534
0.024348
0.0213079
0.0213866
0.21311
0.0292646
0.0331482
0.0245439
0.0210021
0.0213813
0.021063
0.0213787
0.022368
0.0214101
0.0915967
0.0306755
0.0224292
0.0202542
1.93867
0.0232652
0.0206322
0.0208201
0.074244
0.0230866
0.0323448
0.0224749
0.0216988
0.0213067
0.174818
0.0214479
0.0270862
0.0206082
0.020152
0.023221
0.0865324
0.0235934
0.0213072
0.140942
0.0221796
0.0212941
0.0215311
0.0221906
0.353015
0.241824
0.0297336
0.022017
0.0208
0.355065
0.0665529
0.0221364
0.271938
0.0212129
0.281904
0.436642
0.0204341
0.0222007
0.0208357
0.0218964
0.0210034
2.17606
0.0230096
0.0224525
0.0216691
0.0209201
0.022461
0.121107
0.0217192
0.132749
0.806552
0.16737
0.0220023
0.0209216
0.0210366
0.0214032
0.0567529
0.0382215
0.0223154
0.02217
0.0217309
0.0216511
0.0213503
0.0271096
0.0213539
1.84936
0.0211705
0.0263982
0.0215238
0.0217122
0.0220725
0.022762
0.0213368
0.0927225
0.237293
0.0213373
0.0220597
0.0213424
0.0208503
0.424239
0.021439
0.0210348
3.50809
0.0598722
3.20543
0.0215784
0.265844
0.0213879
0.0213672
0.0222153
0.243284
0.271172
0.0219423
0.412222
0.0218005
0.022224
0.0396603
3.54904
0.0215406
0.0218147
1.50273
0.0212156
0.0217992
0.102516
2.03761
1.74983
0.0216826
0.0212261
0.0212136
0.509829
0.0865235
0.0214111
0.0220282
0.0223818
0.0214769
0.0215763
0.0213671
0.0229155
0.033344
0.0410457
0.0213072
2.27696
0.0209407
0.416013
0.0255447
0.0213169
0.0345503
1.44522
0.39206
0.0215525
0.0221431
0.0256656
0.0211523
0.0238912
0.0209213
0.056112
0.0379381
0.0221723
0.462423
0.0225688
0.0214303
0.0467748
0.0214318
0.214343
0.0214662
0.0217625
0.605368
0.03167
0.0243084
0.0215602
0.022885
0.330104
0.33777
0.021934
3.26573
0.0342997
0.0228659
2.85965
0.021648
0.0233806
0.0221492
0.0240761
0.0301258
0.0213055
0.0217596
0.0214131
)
;

boundaryField
{
    frontback
    {
        type            empty;
    }
    topbottom
    {
        type            fixedValue;
        value           uniform 0.0223;
    }
    outlet
    {
        type            zeroGradient;
    }
    inlet
    {
        type            fixedValue;
        value           nonuniform List<scalar> 0();
    }
    walls
    {
        blending        binomial2;
        n               2;
        beta1           0.075;
        type            omegaWallFunction;
        value           nonuniform List<scalar> 0();
    }
    procBoundary3to1
    {
        type            processor;
        value           nonuniform List<scalar> 
147
(
2.13906
0.653914
1.28429
1.4957
0.203238
2.06918
2.28197
1.36164
0.308113
2.70092
0.2797
3.18524
0.322349
0.327256
0.315023
0.36401
0.285378
1.1398
0.227255
0.111867
0.182866
2.41057
2.03569
0.608331
1.04474
0.0948423
1.3418
0.867421
0.840696
0.272897
3.12731
3.12731
0.268101
1.98431
0.528662
0.24854
0.17137
1.07494
1.07898
0.603819
0.222339
0.230694
0.278339
1.79863
0.161347
0.756234
0.230694
1.03848
0.27912
0.317985
0.271933
0.320273
0.338165
0.35988
0.357017
0.284488
0.276061
0.142491
0.285732
0.307344
0.20487
0.184214
0.161467
0.234872
0.351763
0.359861
0.309177
0.319892
0.270048
0.285661
0.193352
0.148318
0.269252
0.145522
0.295613
0.144228
0.277
0.328755
0.408465
0.220912
0.396455
0.404898
0.515932
0.408742
0.408039
0.404212
0.368531
0.426356
0.392252
0.26979
0.360638
0.2797
0.408039
0.516383
0.399783
0.432414
0.510029
0.657648
0.342777
0.476706
0.335186
0.512776
0.490768
0.126012
0.327373
0.653984
0.59084
0.128738
0.253047
0.59084
0.629605
0.283034
0.493067
0.857096
0.889563
0.286957
0.392045
1.96501
0.212858
0.392045
0.545523
0.266359
0.137667
0.662187
0.291571
0.0834359
0.492983
0.153893
0.180681
0.745559
1.96501
2.01961
1.88483
0.87931
1.49678
1.87087
2.88578
3.49413
0.287925
0.938302
0.730052
0.777901
0.938302
0.224923
0.202042
3.06779
0.351763
)
;
    }
    procBoundary3to2
    {
        type            processor;
        value           nonuniform List<scalar> 
73
(
0.0221918
0.0221287
0.0214544
0.0214332
0.0336053
0.0314615
0.0229435
0.0625266
0.044936
0.111658
0.022023
0.0219366
0.135684
0.0217263
0.022023
0.0283181
0.0297834
0.0314615
0.021524
0.0240831
0.0246033
0.021403
0.0220949
0.0218546
0.0236297
0.09608
0.0838184
0.0217856
0.0214425
0.0226827
0.0512174
0.0253013
0.0214261
0.0216743
0.0215061
0.0297834
0.0236683
0.0224903
0.0219366
0.0216288
0.165353
0.165353
0.0270882
0.021407
0.0214848
0.0214007
0.0403792
0.0214184
0.0215623
0.0727989
0.135684
0.0215905
0.0382326
0.0214036
0.286004
0.19286
0.0223124
0.0232888
0.19286
0.286004
0.0214668
0.0214121
0.0576474
0.0346868
0.026125
0.79688
1.41231
0.0727989
0.0214384
0.0214929
3.57091
2.78441
0.0215361
)
;
    }
}


// ************************************************************************* //
