/*--------------------------------*- C++ -*----------------------------------*\
| =========                 |                                                 |
| \\      /  F ield         | OpenFOAM: The Open Source CFD Toolbox           |
|  \\    /   O peration     | Version:  v2012                                 |
|   \\  /    A nd           | Website:  www.openfoam.com                      |
|    \\/     M anipulation  |                                                 |
\*---------------------------------------------------------------------------*/
FoamFile
{
    version     2.0;
    format      ascii;
    class       volScalarField::Internal;
    location    "550";
    object      V0;
}
// * * * * * * * * * * * * * * * * * * * * * * * * * * * * * * * * * * * * * //

dimensions      [0 3 0 0 0 0 0];


value           nonuniform List<scalar> 
10042
(
0.190982
0.0799034
0.0870201
0.136157
0.171299
0.145099
0.0585175
0.158391
0.188523
0.0524244
0.141993
0.0787589
0.049197
0.152481
0.0843827
0.153979
0.116591
0.131647
0.0657473
0.0996635
0.0483927
0.199808
0.143918
0.132384
0.164997
0.175847
0.067817
0.195817
0.143288
0.110292
0.153255
0.0346538
0.175856
0.165661
0.156091
0.142098
0.172046
0.1543
0.145324
0.205028
0.141367
0.176435
0.0387024
0.107922
0.138883
0.122572
0.16933
0.103064
0.0509026
0.0442411
0.0403815
0.164532
0.111523
0.0607306
0.0643289
0.0338828
0.0467119
0.167094
0.0837874
0.192609
0.0577231
0.0628578
0.0390456
0.149877
0.138192
0.15111
0.0876905
0.142414
0.126574
0.140203
0.0367687
0.105085
0.160789
0.0859454
0.150718
0.0349362
0.116933
0.160576
0.111231
0.0598353
0.0986939
0.126654
0.186864
0.165211
0.0729242
0.0498924
0.0927298
0.0875348
0.1399
0.138811
0.0453954
0.0778644
0.0380792
0.0588724
0.132993
0.113225
0.0148284
0.0892635
0.115787
0.085564
0.0502149
0.0596636
0.0981905
0.0350969
0.0595582
0.0994441
0.03308
0.159636
0.0547357
0.101702
0.114205
0.0543145
0.0744053
0.14857
0.1379
0.165437
0.109672
0.172601
0.158774
0.171907
0.170869
0.0648315
0.0652193
0.137308
0.107625
0.158081
0.11942
0.0621049
0.0239303
0.117367
0.171088
0.128087
0.153867
0.134244
0.0466425
0.042727
0.0899491
0.0339919
0.0749608
0.123853
0.0429936
0.166599
0.0394092
0.198208
0.0615435
0.145269
0.071631
0.164403
0.0928642
0.0847168
0.14339
0.164433
0.0636187
0.0356687
0.134666
0.0604292
0.0280155
0.0326015
0.146097
0.130722
0.165809
0.185489
0.0427375
0.140861
0.0790088
0.116015
0.188912
0.0423418
0.168779
0.135437
0.138374
0.105793
0.081363
0.160237
0.0578251
0.0754418
0.113967
0.172853
0.14347
0.116725
0.0788026
0.0501734
0.0800615
0.173316
0.180196
0.0423118
0.0955001
0.141104
0.0355577
0.154594
0.0695277
0.0477779
0.164674
0.0578375
0.0620194
0.0719798
0.0206086
0.145204
0.0180592
0.141834
0.0235586
0.0411249
0.093752
0.128479
0.117516
0.135632
0.132302
0.0439731
0.113359
0.0980472
0.0371563
0.133147
0.0927299
0.0991589
0.17605
0.147055
0.153008
0.0994032
0.146773
0.0280798
0.0220829
0.137583
0.0271894
0.132844
0.111437
0.0362074
0.101158
0.0847844
0.0770316
0.0714934
0.167705
0.120454
0.0426734
0.1318
0.110087
0.182533
0.0903062
0.0207461
0.0604866
0.136739
0.0967086
0.133326
0.17752
0.162622
0.0664719
0.171013
0.139157
0.0778727
0.0491519
0.144725
0.0648462
0.158322
0.10517
0.052638
0.111381
0.0954635
0.128644
0.101851
0.0102112
0.15008
0.131195
0.151835
0.15183
0.173772
0.0406916
0.0696163
0.137015
0.102479
0.15457
0.108524
0.100785
0.0421791
0.145199
0.034852
0.106335
0.1616
0.0668737
0.130026
0.147322
0.0571241
0.140197
0.143284
0.0187615
0.0743936
0.174833
0.0227972
0.108503
0.154687
0.164721
0.136318
0.047268
0.111495
0.173535
0.132731
0.129368
0.120428
0.0693994
0.100967
0.0956142
0.151919
0.0684719
0.0927828
0.127242
0.0911525
0.0930402
0.0480611
0.156492
0.164342
0.0660071
0.123254
0.141806
0.130294
0.130833
0.112032
0.109667
0.164879
0.113902
0.143148
0.13766
0.160481
0.147861
0.035457
0.155382
0.12821
0.177384
0.168578
0.135664
0.128494
0.0919014
0.0460181
0.135385
0.11091
0.161059
0.157229
0.135257
0.16345
0.0331771
0.126844
0.155242
0.118374
0.0415632
0.0480796
0.172181
0.144207
0.162536
0.172128
0.144271
0.15663
0.125442
0.0170913
0.0720186
0.135184
0.120672
0.144987
0.0708227
0.140088
0.101919
0.169707
0.0261249
0.166931
0.106034
0.15833
0.0765298
0.141229
0.107127
0.0730523
0.144427
0.12782
0.125526
0.0603898
0.145119
0.162293
0.140186
0.164122
0.0545521
0.130701
0.155931
0.0949975
0.0651125
0.046283
0.113634
0.0921566
0.0780323
0.138139
0.0285224
0.165419
0.15469
0.165511
0.105296
0.148197
0.111547
0.0265875
0.0729764
0.143179
0.106161
0.0525894
0.136077
0.15391
0.129574
0.026614
0.1446
0.0235446
0.148563
0.0707141
0.0238667
0.135186
0.0398663
0.147815
0.100186
0.112869
0.109253
0.0542135
0.13456
0.0765578
0.149986
0.10109
0.0740613
0.0609664
0.143841
0.0909367
0.152461
0.0952064
0.163325
0.166353
0.0360607
0.101188
0.0852408
0.108468
0.126696
0.0470466
0.100151
0.139911
0.053585
0.0990334
0.137466
0.0750998
0.0416395
0.152555
0.1569
0.032633
0.163522
0.114449
0.0893863
0.031921
0.0380408
0.173403
0.14141
0.0403152
0.147983
0.169453
0.153878
0.0658597
0.0724737
0.0336871
0.109385
0.140217
0.140203
0.0261973
0.164979
0.137084
0.147857
0.119489
0.158951
0.158851
0.0984555
0.169145
0.159959
0.0647908
0.0911206
0.138258
0.0409877
0.134992
0.0267656
0.0402334
0.123479
0.126529
0.0405671
0.129544
0.0515614
0.10016
0.137447
0.0779338
0.122632
0.140715
0.0571506
0.121764
0.152522
0.120575
0.159411
0.137027
0.139296
0.0800514
0.145962
0.147169
0.093577
0.0402232
0.135974
0.148034
0.11531
0.0466967
0.104371
0.156848
0.141395
0.0840835
0.0524617
0.111777
0.158306
0.140201
0.0717761
0.0694546
0.0773898
0.136714
0.145656
0.132832
0.0947515
0.122027
0.119904
0.0990292
0.123304
0.102403
0.129745
0.0718791
0.10012
0.0776
0.0751757
0.106198
0.139491
0.0775347
0.106471
0.136278
0.11482
0.0376919
0.109462
0.141501
0.0933455
0.0842214
0.111111
0.0716096
0.153879
0.0661405
0.122513
0.0773539
0.137647
0.0225812
0.12249
0.0436374
0.153437
0.132168
0.108946
0.173165
0.092253
0.0501752
0.14847
0.134009
0.0269577
0.102315
0.137817
0.164763
0.138378
0.160934
0.161023
0.158418
0.09546
0.0870207
0.118457
0.173274
0.0434651
0.0577104
0.145979
0.145099
0.133542
0.0474088
0.138193
0.137732
0.137108
0.0946771
0.0441659
0.140395
0.144919
0.14113
0.11579
0.106069
0.162963
0.020912
0.0835723
0.0649726
0.133099
0.145357
0.11981
0.0761438
0.104222
0.144559
0.129865
0.162995
0.136527
0.133024
0.0629273
0.115938
0.183279
0.152107
0.15979
0.140316
0.0223683
0.131858
0.137169
0.118787
0.0654334
0.12593
0.113625
0.15222
0.0709826
0.127758
0.0988251
0.166556
0.0969485
0.0745264
0.103052
0.139452
0.129355
0.0158924
0.0816663
0.109512
0.109667
0.0463498
0.126771
0.0795813
0.122826
0.146669
0.0914699
0.124531
0.167333
0.131504
0.0897052
0.108574
0.0977469
0.0886355
0.137716
0.0278321
0.0813524
0.135143
0.136706
0.108174
0.133003
0.144539
0.162838
0.097853
0.0654077
0.168476
0.0267711
0.121706
0.0796012
0.15052
0.076245
0.134757
0.12562
0.137442
0.106009
0.0892956
0.063269
0.100945
0.167935
0.133748
0.135187
0.137827
0.11952
0.0694781
0.0834374
0.105602
0.12942
0.134936
0.136745
0.081377
0.129641
0.155143
0.154542
0.132031
0.0320808
0.146585
0.104028
0.138288
0.0181578
0.039013
0.135497
0.0660506
0.138969
0.0487377
0.134956
0.141656
0.160198
0.103572
0.141057
0.144515
0.0454002
0.113721
0.165034
0.139226
0.126718
0.0270153
0.0157027
0.159447
0.132757
0.157857
0.15637
0.152544
0.0940745
0.123792
0.0346902
0.1294
0.133558
0.125735
0.098815
0.108353
0.139196
0.0944576
0.0761721
0.141022
0.0615576
0.11714
0.128154
0.087487
0.139956
0.126215
0.0274426
0.131217
0.129185
0.151383
0.131993
0.136512
0.0995299
0.109555
0.12696
0.0619533
0.124891
0.145174
0.0574475
0.132636
0.0464443
0.141271
0.158499
0.11053
0.0306845
0.160984
0.0937988
0.139294
0.103304
0.139864
0.0927978
0.0984802
0.108161
0.0682688
0.156301
0.131377
0.0500214
0.155621
0.148966
0.112479
0.086653
0.161569
0.121297
0.0762112
0.106045
0.0866477
0.138296
0.0326072
0.0695858
0.142504
0.133385
0.158581
0.134153
0.125848
0.0774945
0.141736
0.0526237
0.0803542
0.0895302
0.0434351
0.0902976
0.12839
0.070144
0.143369
0.0750726
0.0626528
0.175969
0.075226
0.132252
0.0795079
0.131298
0.163238
0.0639433
0.0515534
0.16314
0.0916209
0.164819
0.15649
0.127284
0.134946
0.166094
0.1411
0.130262
0.100171
0.152289
0.166962
0.107327
0.150915
0.092744
0.153035
0.134313
0.159596
0.109443
0.131457
0.0524203
0.12969
0.065687
0.039988
0.0263031
0.126562
0.0974481
0.0410215
0.113797
0.153507
0.136631
0.151751
0.128171
0.0784442
0.081001
0.02542
0.0931605
0.138341
0.137884
0.12364
0.0888924
0.0933788
0.101761
0.0635955
0.0612042
0.0222051
0.10108
0.130402
0.102163
0.14767
0.16503
0.0943302
0.135662
0.119049
0.132065
0.0664154
0.117778
0.160219
0.0470221
0.100179
0.050349
0.123048
0.132783
0.131087
0.0734688
0.106013
0.135067
0.119847
0.0396656
0.136577
0.0414998
0.0957741
0.0866719
0.111667
0.0823823
0.138949
0.0304345
0.156352
0.147397
0.117846
0.151224
0.136268
0.130079
0.0945101
0.080199
0.131028
0.089022
0.142121
0.150133
0.136176
0.149694
0.120774
0.0906358
0.146277
0.0661507
0.065886
0.0726115
0.0511264
0.0807857
0.132981
0.137677
0.0164808
0.015119
0.131365
0.0677578
0.0282281
0.0421651
0.0409991
0.121523
0.110712
0.138682
0.107701
0.152103
0.13061
0.0457496
0.151821
0.0362538
0.120861
0.127899
0.183513
0.157813
0.119024
0.0796532
0.109454
0.119443
0.126485
0.0446329
0.12107
0.119197
0.158686
0.0292201
0.0695069
0.129138
0.149179
0.127456
0.0891859
0.128155
0.0794543
0.101622
0.122143
0.123819
0.0687819
0.0857788
0.0380424
0.0698501
0.0286389
0.0347796
0.12998
0.0335947
0.108406
0.10673
0.0900848
0.0923641
0.102147
0.0459886
0.0263481
0.128206
0.0882794
0.0810746
0.135593
0.147291
0.0325612
0.132995
0.127906
0.0183359
0.143173
0.122352
0.0700053
0.0472334
0.137271
0.168587
0.103047
0.0893934
0.059088
0.154419
0.0561483
0.130281
0.121734
0.160207
0.0462196
0.082177
0.135208
0.126304
0.107657
0.135107
0.119288
0.0625474
0.110755
0.0942138
0.105935
0.0823898
0.151886
0.0650025
0.0835334
0.0919767
0.0483994
0.11319
0.104125
0.119743
0.150451
0.136437
0.0783793
0.127289
0.122595
0.142774
0.0957888
0.152786
0.0569467
0.134861
0.0993346
0.0406414
0.0922871
0.155115
0.075556
0.0454303
0.151094
0.135958
0.143531
0.0324741
0.129833
0.143165
0.13241
0.129029
0.0648395
0.130991
0.146605
0.12637
0.0828987
0.126765
0.147833
0.0428312
0.142565
0.105965
0.0673838
0.13764
0.0998672
0.148945
0.0636783
0.120854
0.087082
0.119863
0.0703404
0.108303
0.0255511
0.0682677
0.131449
0.109701
0.129834
0.160524
0.0880398
0.0778657
0.1467
0.130131
0.150184
0.0823128
0.12655
0.0549943
0.131918
0.172144
0.0380314
0.0929856
0.145579
0.0855406
0.0233357
0.150186
0.120037
0.140909
0.118477
0.046464
0.129527
0.0712399
0.130632
0.154249
0.128628
0.127314
0.142034
0.0394222
0.0264974
0.140517
0.144693
0.113385
0.125109
0.13428
0.103021
0.13496
0.143884
0.131152
0.0853127
0.13075
0.0744529
0.156348
0.151245
0.124854
0.107639
0.153361
0.131928
0.142117
0.152676
0.066214
0.0566648
0.0267794
0.0619723
0.0858218
0.137914
0.0257448
0.0690117
0.11506
0.0475625
0.118185
0.0710164
0.142841
0.143485
0.141724
0.129168
0.126692
0.121236
0.150247
0.082624
0.0373404
0.149292
0.151423
0.121174
0.150927
0.152498
0.163613
0.158846
0.151169
0.127504
0.147098
0.121037
0.147252
0.152411
0.0867208
0.0513663
0.114906
0.142521
0.0877227
0.108649
0.0649213
0.100229
0.0947405
0.141876
0.0932931
0.0347027
0.0396761
0.0986958
0.165654
0.153017
0.130971
0.123783
0.153374
0.132881
0.131468
0.147451
0.109327
0.0292039
0.1457
0.124589
0.0245354
0.0404917
0.14863
0.144893
0.125437
0.152729
0.0419259
0.124565
0.11628
0.0657142
0.136942
0.13031
0.145278
0.0406467
0.0852608
0.0762586
0.0652311
0.132507
0.0457747
0.102959
0.1378
0.118182
0.133726
0.0735107
0.147468
0.0841522
0.110616
0.053707
0.129614
0.0622561
0.134909
0.0760132
0.0904282
0.102269
0.095762
0.141483
0.0366684
0.144496
0.139283
0.116742
0.150684
0.117569
0.0625226
0.131879
0.130744
0.181563
0.0343579
0.134349
0.128382
0.136705
0.139189
0.0548593
0.160958
0.138286
0.12989
0.132584
0.128433
0.0849183
0.0447039
0.145662
0.0929181
0.0982738
0.146634
0.100866
0.0286967
0.148319
0.0981192
0.0331543
0.147756
0.136948
0.140575
0.164352
0.095022
0.132706
0.0822146
0.131093
0.12848
0.161839
0.153183
0.098704
0.0733802
0.148736
0.0401826
0.151736
0.132549
0.16563
0.124081
0.129168
0.0681543
0.14969
0.0511082
0.144753
0.0869855
0.153159
0.040813
0.150085
0.133746
0.0342744
0.156636
0.130705
0.0293468
0.0627342
0.108154
0.0464603
0.07458
0.128752
0.0577498
0.137826
0.154043
0.131634
0.0347941
0.127019
0.107617
0.0522696
0.132655
0.110782
0.150386
0.0915295
0.136442
0.132923
0.0764615
0.117494
0.0273803
0.133732
0.154695
0.133814
0.0243737
0.0828933
0.0714961
0.128381
0.138377
0.0478396
0.072627
0.132535
0.0378689
0.14408
0.124993
0.152569
0.0176815
0.137596
0.0797892
0.129989
0.142276
0.160048
0.141636
0.134024
0.119429
0.150817
0.133723
0.0900016
0.0887177
0.122413
0.15119
0.0487442
0.0586169
0.13879
0.137888
0.140577
0.0241561
0.0431453
0.0866908
0.138543
0.157679
0.0745172
0.0467965
0.15975
0.131752
0.0569557
0.132585
0.151303
0.134191
0.124053
0.0571484
0.143388
0.0775336
0.108725
0.134978
0.132798
0.0981532
0.146207
0.060126
0.014108
0.152277
0.13475
0.131867
0.0259001
0.135955
0.0485387
0.156659
0.144508
0.111717
0.13088
0.0656282
0.112404
0.124064
0.15052
0.0270801
0.110718
0.0476626
0.149448
0.0539562
0.0603689
0.153412
0.0438598
0.146401
0.0461006
0.0501686
0.143923
0.139306
0.0916337
0.0612504
0.0465355
0.0268862
0.154757
0.151129
0.11235
0.0465248
0.134021
0.0386413
0.0399816
0.147729
0.125123
0.15524
0.0901102
0.0846518
0.145026
0.122125
0.143409
0.0270379
0.138277
0.0766117
0.134676
0.0856266
0.0607384
0.0845705
0.137586
0.0670052
0.0555446
0.106185
0.1311
0.131285
0.0254149
0.148186
0.0284733
0.038929
0.0408773
0.107482
0.0402398
0.0762896
0.13171
0.123624
0.120597
0.0493145
0.0657061
0.0565264
0.132404
0.0176558
0.057951
0.141185
0.129184
0.0267043
0.151811
0.131053
0.0284811
0.0200368
0.0326509
0.149312
0.0367105
0.149357
0.104655
0.13538
0.0698772
0.161854
0.0891714
0.0463159
0.0242036
0.0504157
0.113212
0.150812
0.0902979
0.106432
0.151951
0.0905557
0.0194759
0.140322
0.153164
0.0588393
0.0999308
0.0380535
0.0987041
0.145032
0.130707
0.0793092
0.153207
0.131329
0.0502106
0.140047
0.110803
0.125582
0.144667
0.147809
0.0186243
0.136487
0.149501
0.12212
0.156481
0.147692
0.066528
0.146863
0.0270935
0.0290725
0.0958288
0.149618
0.147334
0.130085
0.152285
0.0373153
0.0417953
0.0188894
0.133294
0.141866
0.035168
0.0668009
0.0951504
0.0477238
0.0901281
0.12636
0.0957528
0.154147
0.170566
0.147055
0.130218
0.079258
0.0343338
0.0643307
0.152794
0.0396223
0.0383492
0.153516
0.130729
0.150788
0.074045
0.130139
0.13365
0.0638552
0.131576
0.0282723
0.129747
0.134491
0.0470367
0.0731084
0.0406195
0.0824722
0.142149
0.149362
0.0275112
0.104172
0.133125
0.0472388
0.135605
0.0307742
0.132362
0.136273
0.156967
0.0517673
0.0823336
0.053285
0.150338
0.137066
0.0582198
0.063992
0.160394
0.0823888
0.0413856
0.139687
0.0717128
0.124157
0.156765
0.0582972
0.149072
0.0603071
0.0410908
0.119101
0.134993
0.161382
0.0545152
0.0371834
0.0520631
0.065844
0.0689417
0.0799221
0.0682758
0.0612926
0.047929
0.0813193
0.114817
0.149959
0.149459
0.0702276
0.0663541
0.0986153
0.0382995
0.135869
0.027575
0.0416011
0.150272
0.158507
0.145179
0.157639
0.151651
0.0411161
0.0861586
0.0435572
0.036489
0.114975
0.0649326
0.0852508
0.0683183
0.134297
0.133421
0.0770715
0.132705
0.109854
0.111056
0.0618907
0.150502
0.102375
0.137339
0.137965
0.0638164
0.148912
0.130149
0.169179
0.0388371
0.0920688
0.0327701
0.0654123
0.0871799
0.0411435
0.11506
0.0321583
0.12572
0.105202
0.0770503
0.0331408
0.150489
0.16045
0.0350354
0.0525656
0.125149
0.071723
0.141694
0.0189663
0.0901878
0.102623
0.1361
0.0268647
0.0257108
0.120817
0.0693182
0.0661967
0.14084
0.0580249
0.0839346
0.133082
0.113592
0.0336863
0.143167
0.0829414
0.13254
0.0665069
0.0612459
0.0965764
0.0429898
0.0633104
0.125705
0.0675171
0.0354473
0.0279569
0.118809
0.067088
0.0741905
0.0616963
0.0295724
0.0284055
0.0555464
0.0699527
0.148402
0.0570181
0.0533207
0.0306923
0.135094
0.0627879
0.134002
0.0596656
0.15338
0.0470499
0.13125
0.151231
0.0797168
0.0285414
0.0505971
0.0434602
0.176795
0.0689706
0.131735
0.124164
0.152711
0.103119
0.0182995
0.126161
0.0588276
0.101962
0.144253
0.141931
0.117942
0.149233
0.135824
0.152332
0.0911462
0.130229
0.0319337
0.103396
0.0395569
0.0643438
0.0753711
0.0491907
0.0655242
0.0591432
0.108582
0.0823148
0.0862874
0.137099
0.141296
0.0667046
0.133036
0.146946
0.150174
0.0749887
0.0919262
0.0706995
0.15013
0.0304167
0.149729
0.128674
0.0818994
0.140236
0.0687749
0.151407
0.0516545
0.0938517
0.0742991
0.0358842
0.135152
0.134816
0.142666
0.0249253
0.151093
0.135039
0.0697474
0.0827161
0.0427072
0.12312
0.10225
0.0922216
0.136273
0.121294
0.13907
0.0785205
0.12682
0.0368467
0.0806806
0.136947
0.10571
0.0382235
0.137111
0.13811
0.0432544
0.0905936
0.0781034
0.148097
0.0830425
0.143087
0.142397
0.0972535
0.152005
0.11725
0.086303
0.0712463
0.0942976
0.0282113
0.069928
0.117166
0.0520988
0.110989
0.0481507
0.145323
0.151875
0.0605263
0.134828
0.118215
0.121481
0.0414748
0.0182271
0.143499
0.0439724
0.149208
0.102076
0.128462
0.139555
0.0497595
0.0876186
0.130377
0.131021
0.166594
0.048097
0.0603651
0.0755916
0.136451
0.133385
0.0807052
0.135806
0.0488671
0.0852497
0.124953
0.139622
0.0368758
0.125035
0.0361585
0.0918319
0.0277389
0.0682728
0.0289239
0.144298
0.136158
0.0640283
0.0484759
0.151292
0.13788
0.157081
0.148866
0.143444
0.131642
0.0879707
0.0524285
0.0288242
0.138235
0.0266601
0.0365167
0.0533355
0.0614484
0.15256
0.138601
0.170512
0.0754462
0.0994015
0.0476303
0.0998533
0.0753224
0.0411028
0.116279
0.151525
0.122687
0.124884
0.0485261
0.139838
0.0285814
0.0928295
0.0630593
0.132324
0.171366
0.154154
0.0318551
0.133372
0.0285317
0.0654463
0.150564
0.0705249
0.0652037
0.113207
0.135785
0.133656
0.132223
0.0895795
0.0816241
0.0700322
0.104514
0.0732225
0.0279275
0.052399
0.0614825
0.155468
0.0655819
0.0720035
0.133622
0.139022
0.0853323
0.0652483
0.0383045
0.131794
0.0418224
0.110291
0.138117
0.149494
0.0702986
0.084589
0.119482
0.0864572
0.0548529
0.141856
0.0730718
0.131501
0.043741
0.0990147
0.101242
0.091722
0.0905671
0.136433
0.0964635
0.149923
0.138248
0.0497918
0.0800037
0.027328
0.145769
0.134089
0.152983
0.112676
0.141903
0.0758385
0.0903157
0.0646791
0.0401749
0.131758
0.057085
0.151229
0.0777799
0.100426
0.126079
0.136806
0.152164
0.0973671
0.072271
0.0820961
0.150336
0.142751
0.093217
0.101721
0.0588508
0.0891067
0.0861465
0.130607
0.135246
0.0423674
0.124629
0.129684
0.115413
0.101101
0.066663
0.112671
0.0486449
0.0488742
0.0730224
0.147395
0.0481894
0.0389288
0.130634
0.124877
0.0881523
0.0634404
0.0684906
0.10257
0.132977
0.151695
0.0940702
0.0944954
0.0577654
0.127457
0.116287
0.0930194
0.0456971
0.0627374
0.111613
0.142681
0.0851315
0.0477238
0.130055
0.127956
0.114215
0.0619671
0.0474495
0.137953
0.0756792
0.123538
0.0461203
0.0960763
0.141205
0.0182895
0.067324
0.0275647
0.0414342
0.131438
0.1339
0.0959008
0.134204
0.0956825
0.0485993
0.115855
0.0899394
0.0721999
0.105438
0.0635861
0.0912152
0.0750321
0.141432
0.126637
0.0833186
0.12402
0.116685
0.147536
0.161566
0.156898
0.136549
0.153323
0.110635
0.0981891
0.120932
0.152679
0.0233227
0.14256
0.137408
0.100396
0.136027
0.0665089
0.133835
0.154513
0.152786
0.151149
0.11069
0.120602
0.0662819
0.0384474
0.15762
0.0629444
0.117519
0.0801048
0.0778429
0.100893
0.0880196
0.068489
0.0912831
0.0838184
0.0623332
0.0650375
0.0632861
0.163175
0.139279
0.0725811
0.0846244
0.0606805
0.05224
0.068393
0.100488
0.0892472
0.124802
0.0261653
0.142809
0.0820367
0.148417
0.0673028
0.122078
0.147171
0.132481
0.0670692
0.0572912
0.0757374
0.157082
0.0633748
0.149491
0.151735
0.103954
0.0925772
0.0669749
0.0694312
0.142766
0.129735
0.112188
0.0709084
0.126036
0.0285679
0.0826689
0.148553
0.0727615
0.154682
0.0365639
0.0834957
0.10534
0.134379
0.0932944
0.0628983
0.151745
0.114894
0.0411608
0.149848
0.132097
0.0866259
0.0709261
0.0350756
0.130244
0.0281184
0.071982
0.0919881
0.134542
0.0998932
0.0402881
0.102573
0.107538
0.141854
0.0896623
0.0783018
0.125393
0.134004
0.118288
0.146974
0.15278
0.1172
0.0750428
0.0635757
0.127007
0.0379012
0.0789097
0.120334
0.0736049
0.0282056
0.0782373
0.0856686
0.120793
0.0898439
0.0843377
0.137819
0.116081
0.084682
0.129637
0.137604
0.102954
0.15256
0.131575
0.0968911
0.0501736
0.0891898
0.0300135
0.119097
0.0289919
0.145048
0.102167
0.0814125
0.151324
0.153068
0.0943527
0.107766
0.0665342
0.0832949
0.0977982
0.145117
0.152154
0.0818299
0.0730801
0.103846
0.145083
0.130817
0.0516217
0.0666809
0.14496
0.0936729
0.114727
0.100627
0.0779767
0.11508
0.139972
0.120015
0.0680032
0.0601453
0.113749
0.130736
0.131151
0.103442
0.151219
0.127337
0.142782
0.100469
0.0970306
0.134228
0.152961
0.135406
0.152759
0.0996454
0.157537
0.0654897
0.141762
0.127684
0.0928379
0.0952451
0.0979374
0.0310278
0.023083
0.0599209
0.131909
0.143758
0.0656772
0.12973
0.0647826
0.105618
0.141711
0.0907417
0.102377
0.117497
0.0956354
0.13172
0.101641
0.112261
0.107089
0.155195
0.0619675
0.102932
0.101249
0.149236
0.09658
0.067299
0.115329
0.0309113
0.0346178
0.14564
0.137007
0.133379
0.133237
0.140944
0.145217
0.14813
0.0863702
0.106629
0.140931
0.0272946
0.146643
0.102121
0.066339
0.121646
0.104006
0.0891405
0.0797507
0.151136
0.0539301
0.0702603
0.108395
0.0798229
0.0971056
0.103727
0.126003
0.116395
0.141433
0.144947
0.0902526
0.0728102
0.0586442
0.151299
0.0754623
0.147892
0.107731
0.0860682
0.122063
0.0976055
0.1384
0.14363
0.142834
0.111097
0.0597228
0.150195
0.139475
0.131661
0.114386
0.093839
0.0893691
0.060513
0.115152
0.0760869
0.0956806
0.0887672
0.15036
0.15093
0.136085
0.143745
0.0186202
0.0662753
0.0850509
0.0520502
0.131108
0.0864533
0.0895961
0.148226
0.091878
0.136629
0.0970949
0.133268
0.0261641
0.104645
0.0918564
0.085292
0.150956
0.112054
0.0410557
0.143547
0.0393266
0.0683193
0.0701042
0.0970758
0.0274548
0.132932
0.0933882
0.146264
0.0900022
0.0671947
0.145562
0.130185
0.131753
0.0710046
0.0914531
0.0964285
0.145265
0.0798313
0.126512
0.107937
0.0927489
0.0377398
0.124234
0.152396
0.153918
0.132248
0.0285788
0.083901
0.142919
0.117257
0.132561
0.133778
0.146409
0.112655
0.129939
0.0450487
0.1302
0.0934055
0.138915
0.0740185
0.097696
0.10367
0.11909
0.112273
0.128954
0.140486
0.0815879
0.131741
0.0968952
0.146904
0.0957839
0.0984692
0.0988897
0.150446
0.128498
0.174424
0.0380118
0.151946
0.152453
0.0704628
0.0694006
0.0914106
0.143338
0.126229
0.133245
0.106897
0.0943761
0.119133
0.0629229
0.0234364
0.151098
0.0975208
0.0949995
0.107104
0.121148
0.140112
0.0653871
0.0578057
0.0368154
0.0212086
0.0608695
0.136083
0.0903484
0.118711
0.0966376
0.130618
0.142507
0.0638867
0.13329
0.0348385
0.0690411
0.154017
0.100495
0.0861155
0.0879397
0.133535
0.137289
0.104773
0.113769
0.11873
0.141229
0.0998575
0.0902674
0.152019
0.0792211
0.068585
0.0939033
0.125767
0.103839
0.0934566
0.140357
0.137498
0.127503
0.0566866
0.132144
0.10632
0.134535
0.152001
0.125362
0.148537
0.144096
0.0629075
0.124313
0.109891
0.0564859
0.132289
0.126774
0.0981353
0.061014
0.151304
0.139379
0.136839
0.073564
0.018466
0.121765
0.0656436
0.142995
0.146083
0.153838
0.102575
0.127135
0.128666
0.15305
0.0682517
0.143059
0.0861332
0.143917
0.126518
0.140968
0.0921451
0.110628
0.122855
0.132142
0.114654
0.145765
0.110979
0.127919
0.139751
0.129072
0.143546
0.133443
0.134262
0.150576
0.154173
0.148837
0.126812
0.151499
0.104888
0.145078
0.0969638
0.103473
0.0595802
0.132169
0.10563
0.142298
0.14962
0.15157
0.111607
0.137222
0.150507
0.139259
0.06547
0.126732
0.0703043
0.0304276
0.152695
0.0290098
0.10301
0.0410938
0.140714
0.0885464
0.150623
0.125736
0.130428
0.0859492
0.0906506
0.120722
0.0956842
0.130621
0.138572
0.152105
0.0371271
0.131303
0.0448048
0.100185
0.019143
0.100757
0.133329
0.0661049
0.0494624
0.149241
0.10771
0.112079
0.0884139
0.0361367
0.101471
0.133373
0.0827061
0.0736673
0.0940439
0.141281
0.143499
0.0729571
0.066818
0.0305161
0.0893937
0.1025
0.136623
0.0998049
0.119969
0.130704
0.0677382
0.131874
0.125192
0.138969
0.128493
0.136016
0.131913
0.102673
0.114358
0.103231
0.110615
0.0918676
0.129951
0.0874433
0.17286
0.140667
0.0872405
0.154968
0.0841954
0.141965
0.137973
0.0725926
0.104289
0.112992
0.133223
0.128149
0.0678699
0.103099
0.0408073
0.103577
0.139445
0.13386
0.115436
0.0685934
0.107789
0.132748
0.0932797
0.124341
0.168028
0.136273
0.0854858
0.137747
0.14049
0.135597
0.100875
0.135134
0.133759
0.0518355
0.102805
0.0994452
0.0935797
0.130268
0.113235
0.135887
0.140639
0.13955
0.111705
0.131831
0.0653572
0.144692
0.134642
0.0783619
0.0985122
0.134082
0.0976703
0.0834805
0.100778
0.132089
0.152738
0.132734
0.102339
0.135557
0.151582
0.0688219
0.125116
0.1459
0.092174
0.132514
0.0664592
0.127904
0.10517
0.153487
0.0863426
0.149338
0.142423
0.136129
0.0920304
0.149784
0.0314135
0.15185
0.11288
0.1152
0.142747
0.12533
0.0948342
0.0885889
0.130396
0.121888
0.112096
0.0828709
0.13741
0.132131
0.13669
0.114664
0.12458
0.132706
0.127075
0.156633
0.144709
0.0915571
0.118363
0.135871
0.107566
0.117914
0.154268
0.0978718
0.128424
0.0935263
0.128167
0.110772
0.14567
0.144788
0.0413414
0.145291
0.111248
0.129098
0.111937
0.135829
0.0781617
0.136686
0.144169
0.0950474
0.129082
0.140545
0.118463
0.0718964
0.141405
0.139564
0.129331
0.139579
0.113413
0.115177
0.132642
0.141748
0.137893
0.143912
0.0645911
0.0737867
0.114185
0.138056
0.15041
0.135258
0.131531
0.146409
0.0980619
0.0935059
0.112753
0.1176
0.130225
0.0683856
0.143509
0.143149
0.0992968
0.107731
0.13278
0.110433
0.121323
0.114065
0.14279
0.131308
0.109674
0.149477
0.152356
0.123561
0.108459
0.115839
0.144759
0.122593
0.120938
0.124612
0.122446
0.151815
0.111276
0.151764
0.149273
0.124916
0.141673
0.13532
0.0788747
0.131578
0.135063
0.0973101
0.147464
0.0899821
0.144157
0.130189
0.137714
0.149951
0.0911272
0.127542
0.101229
0.0531984
0.180011
0.141698
0.145361
0.0797025
0.121293
0.152164
0.067814
0.116979
0.118999
0.119508
0.10351
0.142808
0.154636
0.140082
0.113301
0.107795
0.147493
0.142505
0.112577
0.149736
0.122958
0.140409
0.122192
0.137872
0.0649661
0.135714
0.12449
0.151143
0.130026
0.145461
0.1316
0.136996
0.124947
0.13887
0.0420973
0.109627
0.141913
0.134355
0.15085
0.116486
0.0968482
0.160074
0.116953
0.103299
0.141424
0.0896492
0.132247
0.141925
0.121315
0.14593
0.145293
0.137857
0.11061
0.125681
0.120167
0.163181
0.13555
0.133098
0.131596
0.132641
0.0776656
0.146323
0.148922
0.116112
0.140085
0.143642
0.134428
0.123955
0.136156
0.0917739
0.139612
0.142633
0.104053
0.121136
0.133652
0.15171
0.0191991
0.106055
0.141646
0.141135
0.132671
0.130142
0.136196
0.115498
0.134045
0.0981546
0.132665
0.136865
0.131255
0.142373
0.133677
0.0825469
0.150694
0.139889
0.133044
0.138961
0.103644
0.14251
0.153109
0.0499767
0.150604
0.134216
0.12829
0.137146
0.140763
0.0902819
0.124692
0.116817
0.146514
0.145303
0.0980096
0.144216
0.124098
0.142893
0.131133
0.11028
0.153527
0.134504
0.137319
0.138434
0.141053
0.134433
0.122717
0.149269
0.126247
0.0678253
0.153094
0.1404
0.112499
0.133107
0.122221
0.150591
0.132949
0.135263
0.151125
0.14551
0.111445
0.123302
0.129819
0.129816
0.127037
0.125446
0.118019
0.144898
0.133185
0.1533
0.142974
0.117295
0.142878
0.138737
0.126948
0.149387
0.130442
0.131868
0.120666
0.132862
0.125451
0.136023
0.134679
0.112179
0.15228
0.151264
0.128412
0.147609
0.11658
0.131561
0.132946
0.139154
0.153331
0.122388
0.137908
0.132745
0.130558
0.0542793
0.135213
0.140388
0.16303
0.130995
0.138013
0.100735
0.111691
0.0883989
0.140881
0.133631
0.134747
0.111826
0.130366
0.129651
0.0992597
0.134901
0.146206
0.130193
0.133229
0.130012
0.120366
0.15148
0.116558
0.125994
0.132491
0.147304
0.144408
0.0890777
0.121833
0.115984
0.125202
0.0383383
0.128178
0.150081
0.0955479
0.139727
0.131661
0.147011
0.152657
0.133458
0.116641
0.15348
0.13075
0.150301
0.146035
0.133511
0.0936759
0.111064
0.161129
0.129159
0.143559
0.132375
0.131801
0.136441
0.137198
0.129936
0.110416
0.0388837
0.151408
0.143968
0.135034
0.0552876
0.139635
0.137113
0.136253
0.141765
0.13757
0.0922946
0.12415
0.132138
0.110634
0.130284
0.145166
0.130842
0.127144
0.140558
0.147679
0.13085
0.131983
0.153813
0.153065
0.14388
0.152983
0.134813
0.1463
0.131897
0.142673
0.0364032
0.131417
0.131842
0.0848069
0.130884
0.0890815
0.0669177
0.0184711
0.0864793
0.113814
0.134542
0.129728
0.139963
0.127929
0.128504
0.136467
0.110637
0.110193
0.0912766
0.145867
0.142078
0.129014
0.120392
0.130935
0.107707
0.137462
0.0702603
0.0924532
0.130955
0.137889
0.137932
0.129114
0.131668
0.111136
0.131989
0.139556
0.0709579
0.128969
0.132544
0.146376
0.0868471
0.0420262
0.128823
0.124906
0.0524863
0.14298
0.109646
0.142771
0.129923
0.117505
0.13106
0.119834
0.114417
0.0869224
0.136333
0.10489
0.141217
0.106564
0.139008
0.127238
0.0189152
0.107446
0.131456
0.129114
0.141918
0.0918028
0.132929
0.139189
0.148689
0.111479
0.126674
0.136964
0.106762
0.0930157
0.131479
0.146172
0.131482
0.132316
0.135591
0.156073
0.143796
0.153471
0.142933
0.124628
0.152133
0.119039
0.0879745
0.0948583
0.125229
0.139907
0.140088
0.143522
0.118542
0.113233
0.138433
0.1503
0.146852
0.105166
0.15365
0.138751
0.137899
0.0291565
0.106771
0.145897
0.142929
0.146394
0.149569
0.125446
0.0934346
0.139087
0.143525
0.0947998
0.13292
0.138832
0.126123
0.128635
0.097557
0.114367
0.070964
0.132197
0.132887
0.141596
0.0419799
0.124447
0.130449
0.0970896
0.150991
0.151308
0.141017
0.141718
0.102639
0.146404
0.151795
0.141043
0.126305
0.144444
0.114865
0.1301
0.129774
0.144818
0.137235
0.137739
0.0696375
0.151387
0.123594
0.134453
0.147497
0.134373
0.143983
0.146959
0.141205
0.101805
0.142746
0.075066
0.145838
0.134358
0.153631
0.151834
0.103602
0.115673
0.153272
0.131601
0.126378
0.12575
0.139269
0.141333
0.113127
0.144861
0.113742
0.06548
0.133865
0.13554
0.135166
0.13967
0.117411
0.129405
0.129401
0.14577
0.135724
0.108025
0.131898
0.139214
0.0959216
0.0909934
0.141743
0.0925957
0.151134
0.139061
0.152789
0.138095
0.104842
0.142684
0.0913256
0.14463
0.12756
0.0407115
0.101856
0.149516
0.0625344
0.0881943
0.135348
0.139562
0.105197
0.0870066
0.130964
0.150082
0.147523
0.142615
0.0504871
0.133213
0.0201668
0.150823
0.0972979
0.115706
0.113254
0.142915
0.132231
0.132645
0.0767224
0.0857046
0.150217
0.147717
0.142804
0.151709
0.0439054
0.137293
0.150039
0.145851
0.167361
0.126252
0.128875
0.133192
0.123232
0.0575975
0.140173
0.155874
0.138028
0.143369
0.148673
0.143972
0.0872731
0.130686
0.133869
0.131413
0.173472
0.142667
0.134746
0.151115
0.148911
0.135433
0.132683
0.111447
0.167735
0.151638
0.148283
0.123193
0.148134
0.135949
0.139212
0.135728
0.137071
0.133648
0.117953
0.145823
0.0695897
0.111077
0.13853
0.172491
0.103547
0.136615
0.119719
0.129182
0.130781
0.14381
0.0720597
0.146136
0.122225
0.151272
0.0766554
0.129461
0.150464
0.140871
0.13567
0.135009
0.138549
0.144574
0.133447
0.138173
0.148567
0.139757
0.150612
0.118177
0.09934
0.135781
0.143901
0.108953
0.0393327
0.14968
0.0939198
0.15337
0.139421
0.140781
0.137607
0.104009
0.123547
0.141613
0.142451
0.133634
0.142882
0.121395
0.132491
0.141793
0.15065
0.112583
0.134024
0.12458
0.0691632
0.119486
0.146537
0.141099
0.131067
0.146027
0.0971565
0.129793
0.137049
0.147006
0.151026
0.0526177
0.134928
0.112444
0.149115
0.142011
0.140573
0.136681
0.0905744
0.133257
0.140139
0.139602
0.130838
0.13943
0.143259
0.14863
0.14237
0.132157
0.140904
0.138856
0.150647
0.142157
0.149447
0.121774
0.112709
0.111514
0.139919
0.135176
0.129222
0.14023
0.146314
0.168922
0.146802
0.149287
0.142638
0.131778
0.0422995
0.0979153
0.140257
0.142903
0.0931793
0.147868
0.151011
0.141472
0.133503
0.143366
0.150424
0.146544
0.140135
0.125747
0.113432
0.161916
0.141556
0.147718
0.149192
0.139306
0.134027
0.142343
0.147844
0.149943
0.132047
0.151139
0.153676
0.149631
0.125017
0.142204
0.143762
0.126027
0.145598
0.138287
0.0653346
0.13699
0.115254
0.151194
0.149393
0.136762
0.150681
0.142294
0.1318
0.139881
0.117331
0.141357
0.114348
0.129202
0.142614
0.133618
0.0850454
0.117441
0.144674
0.150486
0.127698
0.108336
0.123097
0.142495
0.135881
0.153843
0.143549
0.148916
0.0478538
0.169194
0.128938
0.144734
0.148568
0.153602
0.145433
0.149229
0.123855
0.159256
0.209283
0.0283577
0.143219
0.146119
0.155358
0.13948
0.145235
0.155076
0.150313
0.0801921
0.108006
0.13302
0.13273
0.150917
0.15385
0.144658
0.144203
0.133521
0.151037
0.110334
0.132067
0.152604
0.146169
0.140592
0.144227
0.142205
0.144762
0.147667
0.124428
0.142367
0.15015
0.0502117
0.147259
0.135269
0.138662
0.136565
0.0889754
0.140017
0.128376
0.100848
0.119986
0.130101
0.108447
0.151474
0.152124
0.136242
0.13328
0.156288
0.120499
0.151461
0.14428
0.143262
0.151127
0.140845
0.152638
0.148603
0.123899
0.139094
0.171866
0.151954
0.146198
0.0384725
0.141861
0.125875
0.162735
0.114416
0.139122
0.147522
0.125866
0.145364
0.13325
0.140024
0.149537
0.12537
0.110375
0.154042
0.138218
0.140467
0.0525035
0.133335
0.119298
0.133806
0.0432913
0.112121
0.143063
0.13776
0.145732
0.130122
0.14945
0.152927
0.130351
0.154271
0.124496
0.13474
0.143321
0.1354
0.104165
0.148106
0.142395
0.137067
0.150883
0.12439
0.148814
0.136115
0.124966
0.141786
0.118384
0.144041
0.127559
0.147826
0.132877
0.148952
0.140515
0.136578
0.145755
0.142845
0.14133
0.100734
0.147827
0.0986855
0.149814
0.153141
0.130262
0.132508
0.145
0.144103
0.141228
0.130483
0.142461
0.138217
0.115859
0.134928
0.123965
0.150232
0.149329
0.137992
0.118651
0.133708
0.142408
0.128636
0.13605
0.15341
0.051089
0.136531
0.151563
0.172806
0.148905
0.130885
0.145299
0.134761
0.147925
0.148429
0.140658
0.150794
0.135213
0.13507
0.149646
0.100926
0.138305
0.147759
0.143271
0.151203
0.117381
0.124167
0.147682
0.115643
0.157529
0.140791
0.112611
0.174255
0.1361
0.136834
0.152223
0.136945
0.147592
0.120472
0.158087
0.136478
0.147514
0.150028
0.105475
0.153872
0.143858
0.138145
0.135503
0.144054
0.141052
0.14119
0.154298
0.144163
0.135386
0.130359
0.1337
0.14858
0.149245
0.148167
0.149485
0.151305
0.129102
0.106178
0.148472
0.133151
0.142999
0.146785
0.147686
0.142233
0.145978
0.131209
0.144855
0.137814
0.142989
0.139003
0.132724
0.146982
0.139783
0.151679
0.142656
0.150521
0.146451
0.0978072
0.11901
0.12113
0.113903
0.127536
0.132257
0.13349
0.148019
0.141395
0.12955
0.161819
0.153249
0.150512
0.133405
0.167889
0.148661
0.14877
0.139631
0.143034
0.147149
0.150992
0.112692
0.153298
0.158472
0.149763
0.148726
0.14557
0.147455
0.126019
0.132965
0.151401
0.132604
0.105162
0.150919
0.138792
0.144509
0.149548
0.146082
0.132387
0.119298
0.147796
0.149525
0.132331
0.150735
0.147608
0.147013
0.144303
0.139748
0.136167
0.147743
0.150214
0.149809
0.134374
0.149703
0.155584
0.151375
0.146306
0.149831
0.142731
0.145763
0.143648
0.141417
0.13513
0.149821
0.150256
0.151946
0.134188
0.149704
0.148321
0.109098
0.15124
0.15099
0.143243
0.151821
0.147842
0.148808
0.149768
0.150451
0.152212
0.15097
0.151255
0.136178
0.154297
0.143762
0.0320149
0.148675
0.131514
0.139877
0.119824
0.121473
0.153964
0.149188
0.150505
0.140501
0.0952235
0.135388
0.164398
0.143012
0.142497
0.145304
0.132271
0.153408
0.139903
0.144617
0.143546
0.146923
0.149035
0.115372
0.0494475
0.150611
0.141386
0.127049
0.148739
0.146711
0.153117
0.112191
0.149003
0.129703
0.138793
0.140333
0.147279
0.157789
0.143967
0.128502
0.150396
0.151355
0.148933
0.153111
0.149965
0.147368
0.0826467
0.152149
0.148347
0.14957
0.128975
0.1497
0.142927
0.131959
0.118949
0.0976527
0.152572
0.150786
0.13786
0.10893
0.144123
0.147787
0.149125
0.140083
0.153537
0.151287
0.0675677
0.141932
0.152715
0.137197
0.150948
0.110442
0.129004
0.146343
0.147036
0.129584
0.156502
0.128599
0.139879
0.146791
0.105216
0.15538
0.146494
0.151845
0.0565354
0.146873
0.10931
0.123779
0.138745
0.139409
0.136491
0.151326
0.02535
0.149202
0.132344
0.155236
0.151444
0.110931
0.124766
0.129154
0.15314
0.157253
0.132366
0.148724
0.146449
0.152841
0.141381
0.143439
0.138646
0.120198
0.149794
0.149207
0.148779
0.150647
0.150838
0.139077
0.150161
0.139965
0.14283
0.142552
0.150142
0.122828
0.150957
0.149943
0.150165
0.150908
0.120199
0.149964
0.141148
0.131501
0.150152
0.14145
0.134613
0.193084
0.149247
0.153352
0.0754519
0.141645
0.154215
0.135456
0.152275
0.151712
0.130498
0.145155
0.154126
0.149034
0.130675
0.133867
0.147992
0.150329
0.141712
0.151329
0.155823
0.0984461
0.132866
0.151898
0.151721
0.150228
0.150411
0.131377
0.120586
0.150342
0.151056
0.147621
0.071325
0.148675
0.15083
0.141769
0.143462
0.140971
0.146891
0.151948
0.182636
0.150608
0.147526
0.142904
0.110976
0.15309
0.149362
0.159194
0.0614465
0.111904
0.130201
0.144562
0.169375
0.118386
0.149988
0.153348
0.146645
0.152669
0.149224
0.149853
0.150702
0.143278
0.150066
0.149032
0.155336
0.100166
0.108622
0.152179
0.117873
0.126506
0.145207
0.149571
0.151108
0.110241
0.153448
0.151204
0.132004
0.151864
0.131027
0.153815
0.153742
0.160524
0.143343
0.142245
0.152345
0.1128
0.136813
0.141414
0.130203
0.152607
0.152571
0.148604
0.148991
0.1324
0.146711
0.142499
0.151917
0.14508
0.165086
0.0912119
0.099095
0.152327
0.0655255
0.144604
0.137658
0.151809
0.152856
0.149837
0.148383
0.15325
0.153217
0.13109
0.12639
0.134248
0.130279
0.106394
0.15299
0.148416
0.151604
0.153527
0.144103
0.14913
0.139544
0.153023
0.140675
0.149215
0.145697
0.138275
0.13307
0.150166
0.142745
0.150129
0.152973
0.153276
0.15665
0.153093
0.138976
0.152482
0.147154
0.140113
0.137485
0.145897
0.0961829
0.153745
0.110329
0.124737
0.150495
0.0427166
0.135008
0.15344
0.148393
0.15393
0.125833
0.151595
0.150195
0.133815
0.138577
0.15331
0.164384
0.15187
0.12685
0.152723
0.133872
0.12958
0.137042
0.12188
0.150192
0.129345
0.133936
0.0765817
0.15111
0.143744
0.0506667
0.148049
0.15369
0.145148
0.145219
0.15464
0.152009
0.141959
0.112669
0.139941
0.133062
0.152357
0.0731975
0.151902
0.135806
0.150999
0.145137
0.148329
0.146017
0.156273
0.0691037
0.14596
0.153668
0.164005
0.145898
0.151828
0.140879
0.141446
0.152081
0.155703
0.149661
0.122408
0.140473
0.143932
0.149768
0.133737
0.145369
0.149037
0.149859
0.124123
0.0381611
0.1467
0.148494
0.137132
0.134291
0.138974
0.144443
0.118496
0.153603
0.139755
0.154174
0.151333
0.152663
0.150927
0.149911
0.151889
0.15016
0.143549
0.145761
0.166892
0.149763
0.135404
0.148495
0.153335
0.151147
0.147311
0.153451
0.151215
0.150601
0.153747
0.152884
0.149966
0.149373
0.15092
0.152012
0.158667
0.131984
0.152731
0.150881
0.149482
0.151071
0.143464
0.133978
0.148725
0.16036
0.149671
0.133078
0.166154
0.140243
0.149701
0.152171
0.148427
0.149517
0.137732
0.151925
0.15221
0.146549
0.145544
0.150742
0.153489
0.135188
0.1422
0.135278
0.153516
0.153613
0.13393
0.147341
0.144445
0.154047
0.150763
0.152797
0.135716
0.137485
0.144327
0.146674
0.132748
0.151986
0.146686
0.149852
0.14343
0.13809
0.169235
0.15057
0.137538
0.152562
0.150181
0.150137
0.145398
0.139655
0.143905
0.144275
0.140046
0.146167
0.139623
0.14381
0.148156
0.141237
0.146815
0.151467
0.156101
0.147619
0.13861
0.146817
0.144106
0.153339
0.144907
0.153183
0.14302
0.120217
0.138367
0.145703
0.128684
0.0530234
0.13191
0.147966
0.148394
0.152959
0.159711
0.165891
0.138575
0.166932
0.14651
0.139878
0.15233
0.110967
0.134135
0.14889
0.139901
0.180654
0.145419
0.136661
0.150421
0.153633
0.145414
0.153579
0.141986
0.137842
0.143878
0.148385
0.152952
0.128487
0.138755
0.146702
0.175817
0.150021
0.146711
0.151639
0.14461
0.14461
0.143276
0.150188
0.148106
0.14962
0.146273
0.150462
0.0707085
0.134989
0.151316
0.152588
0.152361
0.153339
0.160414
0.13344
0.14238
0.155105
0.138385
0.149742
0.146363
0.176445
0.146775
0.093108
0.100851
0.162426
0.153334
0.148471
0.151442
0.136199
0.142484
0.153452
0.10477
0.154491
0.154698
0.159213
0.197589
0.179222
0.14467
0.140861
0.144204
0.150747
0.144341
0.140489
0.0893622
0.153917
0.14822
0.153237
0.145199
0.0305526
0.14784
0.138614
0.158438
0.140284
0.154323
0.152887
0.151576
0.148368
0.149219
0.146112
0.153469
0.153323
0.153186
0.145972
0.14373
0.153565
0.153905
0.152467
0.153422
0.154135
0.153224
0.153759
0.154117
0.153389
0.174296
0.170648
0.153547
0.150355
0.154767
0.146077
0.154277
0.154329
0.154261
0.157223
0.139202
0.153921
0.154275
0.153837
0.153603
0.149854
0.145035
0.149291
0.174253
0.151622
0.133556
0.159409
0.14671
0.154514
0.136319
0.154294
0.144587
0.150144
0.170038
0.149278
0.157081
0.158142
0.143609
0.149174
0.154337
0.151124
0.143668
0.154302
0.153014
0.147481
0.137258
0.158403
0.168918
0.153848
0.167382
0.147548
0.146961
0.147778
0.144702
0.139486
0.1627
0.147801
0.142435
0.145191
0.162163
0.147325
0.149647
0.143707
0.148266
0.153191
0.150104
0.147797
0.148431
0.15294
0.141985
0.148583
0.136191
0.143128
0.149478
0.152424
0.180543
0.148766
0.148247
0.137203
0.144345
0.14699
0.129736
0.0819948
0.153099
0.152358
0.143276
0.136155
0.133334
0.152712
0.133768
0.147943
0.152177
0.154648
0.156409
0.141445
0.140037
0.153273
0.148777
0.153768
0.172718
0.143509
0.164261
0.150253
0.153622
0.103849
0.150962
0.153754
0.166404
0.143262
0.146735
0.151719
0.155009
0.0537565
0.144913
0.152305
0.146868
0.092706
0.153192
0.0877162
0.136852
0.102307
0.039216
0.151993
0.157296
0.147284
0.151068
0.133543
0.151143
0.152972
0.142527
0.148644
0.135751
0.139918
0.136375
0.152865
0.150746
0.155179
0.152009
0.151963
0.156734
0.151226
0.140691
0.1393
0.14361
0.139388
0.148007
0.172017
0.110481
0.153229
0.144332
0.135651
0.129431
0.151286
0.153552
0.13915
0.0285416
0.152895
0.148296
0.152259
0.137561
0.119467
0.182101
0.153821
0.146869
0.137243
0.146617
0.153594
0.152874
0.152087
0.0404855
0.151835
0.153001
0.15855
0.13877
0.148097
0.1361
0.146233
0.156645
0.129568
0.148397
0.144852
0.151486
0.147016
0.1505
0.111164
0.125588
0.162033
0.151707
0.146916
0.139687
0.13634
0.145409
0.121068
0.121211
0.14158
0.153716
0.13349
0.153491
0.150794
0.128178
0.149745
0.150072
0.156147
0.148963
0.117014
0.0671993
0.137487
0.155654
0.152369
0.150988
0.140687
0.141171
0.15142
0.143081
0.152533
0.129611
0.0446857
0.154629
0.151427
0.145489
0.135875
0.150493
0.150274
0.153718
0.109589
0.149487
0.129363
0.132491
0.146164
0.144428
0.150321
0.153755
0.133748
0.133696
0.152965
0.0285643
0.143476
0.134223
0.159009
0.149327
0.132178
0.146329
0.153721
0.149399
0.135776
0.153673
0.134295
0.146941
0.154204
0.153277
0.131874
0.15158
0.0944139
0.153625
0.127189
0.153444
0.148966
0.123422
0.153398
0.165367
0.153085
0.135518
0.125645
0.147712
0.177371
0.140028
0.134823
0.153192
0.13497
0.124387
0.13468
0.126156
0.145958
0.141852
0.167776
0.149497
0.14503
0.138805
0.129774
0.15232
0.149789
0.125692
0.154754
0.106052
0.143794
0.153695
0.143237
0.13681
0.133029
0.148102
0.147082
0.153802
0.149322
0.138266
0.153363
0.149881
0.141591
0.150117
0.133739
0.153417
0.130692
0.144393
0.148623
0.148044
0.121008
0.157307
0.14476
0.131475
0.125727
0.131991
0.153524
0.153552
0.146735
0.153103
0.135451
0.153255
0.0281851
0.147927
0.144882
0.145043
0.101797
0.146282
0.145884
0.135226
0.0698534
0.108162
0.150737
0.151485
0.125167
0.127869
0.150558
0.154119
0.156936
0.138124
0.153785
0.150236
0.152824
0.152515
0.15187
0.153735
0.150817
0.153117
0.138569
0.135731
0.153118
0.145831
0.17696
0.145755
0.153184
0.110753
0.106164
0.148656
0.132341
0.154685
0.146206
0.147052
0.147815
0.131496
0.116632
0.151725
0.152646
0.0966912
0.147375
0.154981
0.146136
0.137432
0.152599
0.146922
0.129177
0.152798
0.152874
0.153151
0.126297
0.149778
0.126623
0.126044
0.146553
0.151718
0.146544
0.156635
0.147893
0.130334
0.127542
0.146805
0.148722
0.153326
0.150356
0.146646
0.153489
0.132042
0.116019
0.151694
0.152739
0.0734686
0.118233
0.145868
0.152988
0.164696
0.126665
0.141677
0.143475
0.153387
0.13341
0.150147
0.150682
0.153741
0.138706
0.050073
0.135946
0.144205
0.141555
0.139671
0.14492
0.142954
0.15172
0.153253
0.141108
0.151475
0.142865
0.151738
0.149913
0.150052
0.133146
0.073689
0.14737
0.151914
0.15239
0.148167
0.149662
0.160816
0.150805
0.11167
0.155888
0.130082
0.133768
0.14989
0.148654
0.159059
0.130663
0.176616
0.153683
0.13565
0.153029
0.143962
0.0349307
0.149926
0.142791
0.0822988
0.151754
0.156972
0.145715
0.150741
0.144438
0.149238
0.138397
0.15695
0.107062
0.149984
0.149156
0.151058
0.149163
0.135412
0.151918
0.158457
0.154493
0.151461
0.139192
0.146077
0.105415
0.146749
0.152573
0.153327
0.140641
0.143463
0.127768
0.101963
0.130105
0.151535
0.149098
0.150104
0.135712
0.152233
0.153127
0.131128
0.116441
0.153228
0.15221
0.127322
0.149743
0.154104
0.150926
0.152368
0.141578
0.144411
0.138667
0.0649698
0.104033
0.153071
0.170682
0.153222
0.151353
0.141669
0.159453
0.1466
0.150819
0.150618
0.148361
0.148306
0.151726
0.144016
0.151102
0.15332
0.146317
0.152738
0.146324
0.151211
0.152719
0.129895
0.150163
0.127473
0.158787
0.157494
0.151054
0.0454736
0.137457
0.150016
0.0981826
0.15209
0.139468
0.105431
0.151869
0.147173
0.139674
0.152855
0.149017
0.161479
0.151591
0.150475
0.143982
0.157015
0.151381
0.0714283
0.149174
0.132702
0.129302
0.151421
0.147817
0.138606
0.158007
0.151154
0.0710483
0.155161
0.153258
0.147048
0.15071
0.150882
0.154505
0.1329
0.146384
0.147103
0.151384
0.146641
0.150379
0.126641
0.148747
0.15392
0.111977
0.149779
0.150727
0.152583
0.150572
0.152732
0.0914933
0.150843
0.150587
0.150927
0.148984
0.0726492
0.155663
0.127363
0.152478
0.14913
0.128939
0.152843
0.150581
0.15343
0.11403
0.153338
0.146135
0.138033
0.151443
0.152937
0.150263
0.153138
0.136192
0.11622
0.153234
0.149834
0.108443
0.140353
0.1525
0.151954
0.125785
0.153215
0.142676
0.150208
0.14508
0.150535
0.150714
0.147787
0.144375
0.150037
0.121485
0.0448437
0.133405
0.15164
0.167176
0.132658
0.135051
0.148427
0.143682
0.152603
0.0962367
0.151051
0.149918
0.127569
0.112867
0.148825
0.153073
0.139539
0.141389
0.152109
0.151664
0.158742
0.150432
0.131702
0.130881
0.103952
0.150304
0.147608
0.111401
0.107129
0.131004
0.152041
0.0684271
0.145526
0.152178
0.146115
0.0965375
0.11623
0.132944
0.15227
0.150298
0.141338
0.149849
0.150521
0.135834
0.067986
0.139633
0.146429
0.124897
0.152196
0.144955
0.128154
0.148336
0.14785
0.133652
0.160539
0.151869
0.147778
0.137936
0.136371
0.144757
0.146546
0.152031
0.135832
0.153334
0.143268
0.128254
0.151358
0.0965736
0.147872
0.125426
0.151922
0.151928
0.154211
0.13809
0.151237
0.133992
0.149676
0.15014
0.147843
0.154801
0.15296
0.144522
0.131351
0.107625
0.144476
0.146416
0.147986
0.136774
0.152739
0.153065
0.136582
0.131883
0.141865
0.124276
0.133103
0.147917
0.129942
0.128768
0.151546
0.133253
0.094072
0.150326
0.101209
0.151339
0.150981
0.143642
0.152516
0.149937
0.15014
0.147877
0.17203
0.149777
0.150269
0.132253
0.145828
0.150493
0.149255
0.15235
0.15036
0.146018
0.150974
0.148871
0.149939
0.101886
0.159846
0.164839
0.0343986
0.131421
0.150419
0.141277
0.133869
0.15106
0.0969793
0.139692
0.153116
0.14355
0.136973
0.11602
0.149553
0.14923
0.148614
0.146464
0.147065
0.124223
0.146739
0.127023
0.125606
0.151394
0.138651
0.149313
0.152952
0.149094
0.105719
0.141357
0.148033
0.122556
0.148907
0.14844
0.146691
0.148912
0.149307
0.146558
0.148179
0.152986
0.139207
0.146001
0.14658
0.107041
0.087303
0.152716
0.147243
0.121268
0.128305
0.152915
0.179898
0.138341
0.147299
0.149925
0.148017
0.0933175
0.105119
0.149136
0.144773
0.128642
0.0190896
0.141777
0.150674
0.149351
0.146444
0.136311
0.161975
0.150038
0.124352
0.152519
0.0950151
0.1481
0.134905
0.140894
0.147408
0.149119
0.142926
0.137334
0.145379
0.148685
0.149106
0.148228
0.14942
0.149663
0.149002
0.0209859
0.123904
0.124293
0.124423
0.146651
0.144138
0.148058
0.13307
0.123954
0.147461
0.143269
0.147562
0.149062
0.143806
0.147047
0.126993
0.146335
0.12412
0.147801
0.132287
0.152205
0.136068
0.115318
0.118858
0.14008
0.114378
0.138044
0.143054
0.136467
0.145285
0.13401
0.133797
0.147766
0.148587
0.142916
0.136888
0.124042
0.142549
0.150714
0.0700871
0.150724
0.110566
0.152336
0.11149
0.149825
0.149742
0.156094
0.147083
0.150319
0.0975996
0.149582
0.142974
0.154318
0.143548
0.140092
0.148243
0.148635
0.134986
0.150205
0.145398
0.127215
0.128916
0.148943
0.146616
0.138665
0.125295
0.135787
0.150152
0.14151
0.147917
0.150007
0.144629
0.106151
0.0861498
0.146893
0.148213
0.150058
0.14572
0.137259
0.0730192
0.10423
0.137714
0.136838
0.144772
0.147504
0.146782
0.144814
0.149562
0.146836
0.148595
0.105983
0.152035
0.143993
0.146182
0.151277
0.165052
0.149547
0.147328
0.144678
0.117544
0.137877
0.147355
0.152383
0.121675
0.13868
0.143521
0.135461
0.137935
0.119676
0.145986
0.146007
0.142049
0.148198
0.146265
0.152183
0.149911
0.143111
0.144814
0.140908
0.150173
0.151889
0.136386
0.119453
0.147922
0.145753
0.134111
0.14228
0.149325
0.143885
0.15673
0.137619
0.0865925
0.117986
0.138206
0.143518
0.130323
0.143976
0.151952
0.139201
0.0721611
0.133384
0.145109
0.152305
0.146935
0.13708
0.149374
0.143335
0.116458
0.172092
0.144506
0.149036
0.145234
0.149553
0.137173
0.150195
0.1527
0.153464
0.149348
0.150718
0.115426
0.133067
0.110979
0.137695
0.145522
0.151796
0.145238
0.133764
0.147799
0.147977
0.0710426
0.133517
0.14635
0.146838
0.0768499
0.142277
0.145717
0.14999
0.107924
0.137303
0.15259
0.126864
0.0660275
0.122761
0.15547
0.147505
0.0810238
0.14463
0.149915
0.12301
0.116509
0.138537
0.136517
0.152689
0.139653
0.15013
0.140213
0.143739
0.150383
0.150604
0.143445
0.136281
0.149536
0.132356
0.146419
0.144249
0.144831
0.132776
0.135784
0.143169
0.143958
0.133553
0.1523
0.151717
0.136631
0.150513
0.0294744
0.150849
0.15143
0.14881
0.149923
0.141498
0.148248
0.104985
0.142857
0.139705
0.132161
0.149996
0.149097
0.147001
0.148812
0.151578
0.151786
0.158174
0.144058
0.150303
0.143688
0.138187
0.150221
0.140083
0.151552
0.148434
0.163343
0.11124
0.148519
0.158122
0.149991
0.110152
0.136166
0.131509
0.146493
0.139135
0.143093
0.136934
0.136219
0.14221
0.138453
0.1414
0.147514
0.151672
0.140497
0.134195
0.114628
0.152267
0.148886
0.127678
0.129998
0.135023
0.152536
0.125084
0.138522
0.140828
0.145729
0.145948
0.150669
0.152041
0.142593
0.150247
0.152033
0.152403
0.113483
0.140243
0.150199
0.0574338
0.142593
0.145232
0.142328
0.100538
0.136167
0.15224
0.107966
0.139779
0.14945
0.137132
0.144845
0.0190701
0.151024
0.095163
0.149813
0.130129
0.150492
0.143549
0.133841
0.027647
0.152293
0.144778
0.150736
0.152278
0.144293
0.149584
0.13314
0.128407
0.0879613
0.14859
0.144332
0.138466
0.141724
0.140317
0.141086
0.172514
0.148064
0.148336
0.136541
0.13028
0.151005
0.143767
0.147873
0.131186
0.100318
0.133931
0.152027
0.0741375
0.150204
0.152024
0.13826
0.137383
0.0912868
0.149042
0.146583
0.150344
0.150078
0.140567
0.146319
0.15038
0.108163
0.14725
0.137225
0.15062
0.109741
0.128082
0.150764
0.119116
0.139523
0.147319
0.140099
0.149385
0.150698
0.144594
0.142622
0.122969
0.138087
0.151654
0.105285
0.13347
0.137329
0.147131
0.143512
0.139841
0.10907
0.0350335
0.123216
0.136792
0.137208
0.149883
0.14192
0.0909684
0.131436
0.1348
0.133709
0.152087
0.137392
0.146009
0.0951726
0.1459
0.12379
0.143377
0.139356
0.14917
0.148125
0.109864
0.133757
0.148642
0.0378793
0.131248
0.148055
0.0730064
0.129782
0.136623
0.131983
0.152535
0.148256
0.148267
0.142821
0.145269
0.152397
0.126597
0.126495
0.149842
0.124872
0.145405
0.14006
0.131401
0.123774
0.137138
0.141335
0.141403
0.130661
0.143935
0.134839
0.14925
0.152209
0.128512
0.13897
0.157233
0.126647
0.0855706
0.135161
0.147131
0.148246
0.136907
0.138411
0.143466
0.147744
0.15484
0.133606
0.142909
0.149268
0.134739
0.148173
0.136386
0.141008
0.176276
0.131352
0.125515
0.0928756
0.139109
0.106698
0.139426
0.164454
0.133603
0.146789
0.127111
0.142069
0.123292
0.135659
0.136768
0.141033
0.140347
0.127759
0.138685
0.116089
0.139374
0.0881957
0.140994
0.133751
0.136562
0.150156
0.139739
0.07393
0.152082
0.128449
0.111929
0.13314
0.141543
0.136601
0.136459
0.13387
0.143156
0.140226
0.153041
0.147419
0.147829
0.133961
0.149768
0.138798
0.121259
0.143604
0.140244
0.125815
0.147034
0.0900233
0.14973
0.132143
0.124627
0.137959
0.165703
0.151898
0.107179
0.14475
0.183512
0.133255
0.112111
0.144318
0.113922
0.119626
0.135818
0.150516
0.126103
0.146191
0.151538
0.146301
0.133901
0.127655
0.146733
0.0949205
0.134446
0.141816
0.160206
0.150847
0.143608
0.0999713
0.146897
0.143793
0.129484
0.138495
0.131158
0.0950437
0.0300501
0.11776
0.0983562
0.155599
0.106
0.15228
0.0683654
0.141563
0.0926693
0.139264
0.0184607
0.136253
0.0762538
0.0937031
0.128059
0.145091
0.137185
0.131758
0.142533
0.132486
0.141955
0.106672
0.106067
0.110334
0.141618
0.111274
0.0908108
0.148584
0.142032
0.142845
0.134434
0.123708
0.151121
0.13762
0.139294
0.105456
0.045976
0.133232
0.131157
0.135703
0.140003
0.0927883
0.142995
0.145539
0.142125
0.139448
0.140398
0.124875
0.134416
0.0356747
0.14348
0.14727
0.134011
0.125254
0.119863
0.158707
0.144234
0.12198
0.131543
0.0526689
0.138561
0.146341
0.127109
0.122837
0.139171
0.145134
0.139862
0.140014
0.133439
0.142256
0.147057
0.134967
0.149647
0.140522
0.139797
0.150184
0.132378
0.132553
0.127346
0.135362
0.0958712
0.143775
0.136984
0.144036
0.134496
0.137661
0.0910981
0.14774
0.133166
0.151158
0.11567
0.153021
0.136459
0.137253
0.148338
0.148937
0.148677
0.134044
0.151573
0.126769
0.137277
0.149576
0.138965
0.140764
0.133669
0.135494
0.151372
0.142326
0.131036
0.141302
0.129389
0.13045
0.082954
0.141152
0.135387
0.123542
0.139261
0.125263
0.142841
0.115323
0.122584
0.129725
0.133436
0.131582
0.14089
0.150055
0.134408
0.126537
0.0602705
0.0948995
0.13478
0.14331
0.132505
0.110994
0.141626
0.140033
0.132648
0.138397
0.133854
0.142529
0.144648
0.127977
0.127571
0.0882923
0.129289
0.0285596
0.109353
0.142831
0.141467
0.066048
0.144698
0.149806
0.0905197
0.140345
0.114537
0.142325
0.147107
0.138376
0.142535
0.120435
0.152142
0.16231
0.127899
0.143653
0.149807
0.0806268
0.124818
0.139338
0.13034
0.133531
0.11465
0.143379
0.125485
0.0747439
0.141899
0.0911458
0.181525
0.12836
0.148778
0.142973
0.140172
0.175499
0.148625
0.141802
0.140811
0.103617
0.15312
0.146398
0.166889
0.14579
0.143916
0.115761
0.139321
0.149567
0.146046
0.152331
0.124869
0.14216
0.143118
0.135395
0.0982321
0.110808
0.149576
0.096981
0.128008
0.119725
0.15309
0.166322
0.131015
0.124163
0.14333
0.144957
0.146596
0.129993
0.134053
0.141429
0.127302
0.145381
0.115813
0.147314
0.153168
0.0950168
0.147094
0.123976
0.135156
0.140828
0.152335
0.121978
0.154177
0.144528
0.0783453
0.143637
0.0650241
0.141472
0.0807553
0.144813
0.133371
0.104263
0.127044
0.155021
0.138473
0.144045
0.136254
0.0700472
0.111792
0.114785
0.137765
0.144553
0.139039
0.116149
0.028001
0.116418
0.138998
0.103948
0.0970967
0.111457
0.142537
0.144508
0.132876
0.140265
0.135168
0.133181
0.116877
0.132093
0.138883
0.152274
0.121181
0.116339
0.140825
0.141178
0.153402
0.146756
0.138191
0.146372
0.145295
0.125277
0.127116
0.114982
0.110657
0.144468
0.134407
0.13296
0.136165
0.138459
0.133304
0.113248
0.123606
0.112475
0.0856592
0.13779
0.0884285
0.149796
0.127556
0.116857
0.126162
0.151676
0.138215
0.0986994
0.0286772
0.149107
0.104434
0.0995149
0.147731
0.151413
0.144819
0.127871
0.136452
0.149839
0.134472
0.136807
0.145439
0.147472
0.109697
0.11046
0.134806
0.105206
0.132062
0.150746
0.130804
0.149534
0.136437
0.124637
0.109077
0.13967
0.0964763
0.106024
0.143545
0.136225
0.130431
0.137738
0.13714
0.114631
0.0745445
0.119862
0.152703
0.128228
0.13519
0.141694
0.147788
0.112611
0.134868
0.133935
0.140047
0.0881778
0.141348
0.139735
0.138158
0.148473
0.142496
0.157299
0.114876
0.142265
0.146627
0.128508
0.0580192
0.0995843
0.144301
0.148755
0.135334
0.114059
0.126055
0.0424297
0.154178
0.146954
0.147348
0.100747
0.118981
0.122875
0.0879827
0.10583
0.109037
0.137981
0.136008
0.145003
0.138468
0.135179
0.0749004
0.128808
0.125734
0.137711
0.13664
0.104465
0.133947
0.141869
0.116276
0.145064
0.1104
0.135199
0.148081
0.0281764
0.136288
0.13193
0.134777
0.141587
0.137552
0.106942
0.117414
0.139899
0.0293247
0.137631
0.14883
0.117281
0.128262
0.142634
0.121175
0.116443
0.0687782
0.111349
0.14706
0.125517
0.109041
0.0939084
0.141269
0.138219
0.0992947
0.0339197
0.151129
0.131103
0.109241
0.126455
0.129531
0.135048
0.147475
0.137836
0.134272
0.137605
0.130908
0.144241
0.143127
0.0279125
0.151394
0.140016
0.144924
0.152142
0.136249
0.140038
0.135293
0.131239
0.131408
0.0695927
0.0379092
0.149925
0.115572
0.126191
0.13817
0.0822531
0.114993
0.0995176
0.125554
0.0379006
0.122361
0.121616
0.0940682
0.0672347
0.147551
0.111763
0.0951573
0.0994345
0.143509
0.116262
0.128131
0.140923
0.0268521
0.108498
0.115536
0.142123
0.144069
0.144694
0.120966
0.139408
0.141716
0.1348
0.133576
0.0368809
0.124157
0.11779
0.148021
0.146787
0.128208
0.146416
0.141345
0.111844
0.136303
0.144027
0.152978
0.13014
0.101447
0.111842
0.097999
0.131471
0.144346
0.1004
0.145739
0.126838
0.137337
0.136174
0.148957
0.12729
0.109761
0.124943
0.109978
0.0902569
0.139119
0.136946
0.0529851
0.149251
0.132758
0.1284
0.145482
0.132844
0.10336
0.130188
0.0934161
0.137103
0.126514
0.126171
0.147405
0.116352
0.129558
0.100892
0.105561
0.0909383
0.144495
0.0988865
0.155631
0.142755
0.0821041
0.146905
0.116009
0.145888
0.138513
0.147556
0.170664
0.111123
0.136222
0.136007
0.100383
0.124249
0.133978
0.120301
0.140439
0.132703
0.0705165
0.0637725
0.128764
0.091136
0.139563
0.12158
0.105714
0.125529
0.150902
0.140709
0.0909017
0.102283
0.119287
0.104926
0.103769
0.0580394
0.134249
0.147125
0.121257
0.14276
0.0966881
0.145122
0.144962
0.0303963
0.146264
0.134622
0.0996674
0.142023
0.108205
0.144259
0.133823
0.14314
0.123275
0.134604
0.126694
0.107567
0.147027
0.145185
0.0987813
0.149319
0.124906
0.134411
0.123104
0.0688327
0.0906316
0.149631
0.150051
0.136093
0.0950243
0.144146
0.0968079
0.0495393
0.130154
0.136803
0.136003
0.127848
0.124515
0.0658778
0.072673
0.136816
0.137441
0.112743
0.110176
0.136483
0.112457
0.127283
0.139575
0.144249
0.0974893
0.12656
0.15023
0.125506
0.150801
0.148802
0.136645
0.109002
0.0978229
0.105553
0.14853
0.133494
0.121767
0.145245
0.138966
0.0941967
0.132377
0.133665
0.0869997
0.0360085
0.0940369
0.146492
0.13945
0.0975518
0.143741
0.104229
0.136224
0.0897623
0.1389
0.0781851
0.135586
0.0861347
0.121751
0.142006
0.0685573
0.125865
0.119416
0.0372156
0.104978
0.134133
0.125733
0.131785
0.136227
0.138435
0.143554
0.126666
0.0653932
0.0999846
0.111036
0.151013
0.125512
0.114082
0.155338
0.0706167
0.132119
0.136637
0.147831
0.122955
0.182342
0.13372
0.142783
0.123319
0.136078
0.088085
0.132751
0.137108
0.127505
0.142994
0.10738
0.137489
0.146274
0.147723
0.0660544
0.0961406
0.0998129
0.157072
0.148422
0.116245
0.134505
0.137719
0.143765
0.116869
0.0851438
0.151001
0.101744
0.120874
0.126445
0.15322
0.146646
0.14377
0.0638445
0.133638
0.138317
0.0847077
0.11705
0.127612
0.14301
0.1417
0.131179
0.0733472
0.139013
0.115831
0.090816
0.149987
0.090337
0.126847
0.135605
0.108766
0.142128
0.110147
0.146724
0.147938
0.0718602
0.137531
0.146549
0.0716679
0.167907
0.0426367
0.147465
0.130305
0.125787
0.148493
0.152965
0.120486
0.105606
0.135615
0.144553
0.130582
0.119031
0.0835149
0.131649
0.0945003
0.140466
0.0730139
0.118147
0.136381
0.14959
0.0388983
0.0924412
0.143899
0.130272
0.113457
0.0708619
0.142996
0.0850551
0.147442
0.123063
0.148442
0.0977921
0.122896
0.140952
0.134159
0.140612
0.0673512
0.153788
0.131659
0.0866323
0.151103
0.148062
0.160745
0.133698
0.131402
0.107576
0.143914
0.1481
0.149634
0.114222
0.120149
0.127691
0.146917
0.153024
0.146599
0.103249
0.158532
0.105964
0.139645
0.129344
0.113619
0.122828
0.130671
0.142753
0.129567
0.0867494
0.143627
0.139342
0.12612
0.14261
0.135087
0.0947358
0.123679
0.127813
0.148818
0.11066
0.0728523
0.0911978
0.140678
0.0540426
0.0937147
0.131405
0.107506
0.143404
0.13472
0.0715849
0.110143
0.143608
0.125856
0.0939029
0.117335
0.126189
0.0890011
0.152583
0.146779
0.133983
0.118162
0.0945662
0.149779
0.0382832
0.0991368
0.111634
0.116934
0.147171
0.0826059
0.103996
0.114873
0.106051
0.140035
0.13145
0.138175
0.139019
0.0889508
0.103513
0.128376
0.114649
0.0975739
0.123785
0.131626
0.103663
0.123542
0.143214
0.0881399
0.129868
0.145717
0.0901677
0.0713903
0.117324
0.140109
0.172345
0.162577
0.0944551
0.147219
0.0772261
0.15748
0.0913435
0.132735
0.14313
0.0982723
0.11729
0.142225
0.149928
0.115493
0.121941
0.0736928
0.150959
0.11128
0.126425
0.141214
0.116356
0.105487
0.14549
0.119388
0.130923
0.150366
0.156176
0.146298
0.115716
0.13515
0.139535
0.123637
0.134428
0.150662
0.150654
0.147605
0.118075
0.0960881
0.137168
0.0946658
0.114019
0.114035
0.137065
0.0867538
0.0970805
0.070113
0.0989111
0.106195
0.131953
0.114639
0.0695497
0.110522
0.150624
0.102037
0.0978951
0.0956529
0.114938
0.114183
0.141459
0.0983251
0.14727
0.0947046
0.150273
0.110184
0.112924
0.14514
0.0929015
0.159105
0.102445
0.0869523
0.0686976
0.105348
0.0986206
0.105823
0.138301
0.142554
0.0719995
0.0946131
0.143857
0.0688139
0.144127
0.0937748
0.0282103
0.0975695
0.14418
0.0734294
0.143005
0.102164
0.119951
0.103125
0.0982766
0.144344
0.14041
0.133622
0.113571
0.133845
0.103919
0.125804
0.0969653
0.0883775
0.110917
0.148993
0.11255
0.128147
0.130719
0.138844
0.142381
0.100055
0.0627377
0.102445
0.0999478
0.0965793
0.114848
0.0977354
0.113681
0.100036
0.144852
0.137448
0.138775
0.116424
0.146685
0.108363
0.111241
0.179948
0.0873365
0.166867
0.0981774
0.126076
0.070052
0.101135
0.102191
0.111347
0.139676
0.160418
0.124392
0.135303
0.0564883
0.127804
0.105968
0.121405
0.108504
0.12706
0.111333
0.139331
0.106242
0.137945
0.0978338
0.12342
0.111311
0.0866422
0.103822
0.124969
0.115075
0.119421
0.112708
0.0967604
0.122441
0.14416
0.110055
0.0933529
0.108189
0.100027
0.104838
0.131807
0.115837
0.107653
0.0970697
0.0985368
0.100701
0.150645
0.0983122
0.0955446
0.11233
0.136512
0.102861
0.111496
0.136648
0.0948899
0.0995158
0.124902
0.0628749
0.142251
0.13381
0.0689238
0.113282
0.131755
0.0928887
0.147391
0.155262
0.092215
0.108614
0.0979664
0.0991733
0.119062
0.117702
0.115331
0.129732
0.136995
0.144051
0.146739
0.153386
0.0409984
0.121884
0.115311
0.0485746
0.136487
0.093925
0.0993107
0.148143
0.0945844
0.11451
0.108066
0.100267
0.149241
0.0836788
0.0646469
0.103677
0.145058
0.115797
0.111005
0.132696
0.141736
0.0221581
0.162755
0.107256
0.0986327
0.132272
0.102892
0.144363
0.115869
0.0893116
0.0501715
0.0636342
0.150363
0.146458
0.0952022
0.132229
0.0967853
0.153388
0.111398
0.0215334
0.0846442
0.144891
0.133021
0.116553
0.112645
0.149057
0.0665667
0.0430993
0.124772
0.0466162
0.146294
0.119867
0.138663
0.0693169
0.111485
0.0689049
0.0722368
0.102339
0.148301
0.15076
0.0914588
0.0999801
0.0952462
0.141498
0.102169
0.0885183
0.112606
0.0918824
0.147364
0.147463
0.13801
0.0488811
0.150306
0.141799
0.0923339
0.144206
0.108558
0.119931
0.0949643
0.113995
0.111595
0.149631
0.148016
0.0923148
0.0954918
0.144742
0.140563
0.0774442
0.130976
0.100281
0.0955224
0.0986405
0.145591
0.149444
0.123088
0.101741
0.018883
0.100988
0.107674
0.0962611
0.138702
0.0880222
0.111646
0.114983
0.144698
0.135805
0.119788
0.147978
0.0738606
0.150089
0.141711
0.106324
0.14257
0.0887002
0.143069
0.072178
0.0963679
0.0887192
0.108948
0.117338
0.144695
0.104698
0.113335
0.0420597
0.115539
0.0963764
0.132562
0.124508
0.134999
0.124259
0.0219766
0.148317
0.094674
0.0771733
0.0325875
0.145705
0.0660515
0.147697
0.146839
0.124777
0.169605
0.139805
0.130233
0.109943
0.14341
0.0217523
0.147808
0.147193
0.113997
0.118328
0.0617943
0.13598
0.113082
0.0925855
0.113637
0.0906377
0.119015
0.1442
0.0881506
0.143485
0.131572
0.0730251
0.110772
0.0709247
0.100869
0.138827
0.0976922
0.0428579
0.129115
0.117264
0.113058
0.150573
0.170385
0.119809
0.0518599
0.116262
0.109696
0.0916747
0.107617
0.0967536
0.134771
0.146079
0.0842746
0.0847842
0.13766
0.0762771
0.147924
0.136946
0.0346434
0.100785
0.0535192
0.0934034
0.122825
0.0517454
0.0874954
0.138538
0.0181698
0.140238
0.0549527
0.111317
0.14342
0.149663
0.0537988
0.117094
0.14077
0.122102
0.10731
0.0857465
0.0745135
0.0526352
0.130859
0.154336
0.110173
0.109047
0.0654766
0.100755
0.107204
0.114868
0.114839
0.0927968
0.124426
0.132778
0.115358
0.101033
0.107432
0.0425324
0.130635
0.105021
0.107288
0.0691915
0.0663106
0.0615382
0.148268
0.126183
0.151706
0.149629
0.108952
0.0639439
0.071458
0.103618
0.092784
0.019461
0.118897
0.100355
0.125096
0.144224
0.121801
0.148416
0.104819
0.146497
0.0988238
0.0412028
0.0942399
0.134032
0.07845
0.150436
0.146817
0.0425561
0.147359
0.109816
0.150678
0.131993
0.0744294
0.112344
0.135724
0.107812
0.0572357
0.10646
0.0939531
0.0788766
0.115228
0.143134
0.110467
0.134033
0.137054
0.152268
0.152036
0.0721042
0.150374
0.0309916
0.0968219
0.14059
0.0994424
0.137624
0.0711585
0.0682193
0.103071
0.140324
0.116168
0.0972664
0.147129
0.100618
0.149597
0.09767
0.141213
0.113856
0.0789712
0.102373
0.0874187
0.147307
0.0982975
0.112295
0.12728
0.147815
0.0946788
0.136301
0.0981786
0.140888
0.133676
0.100106
0.128129
0.132654
0.136582
0.0534642
0.082486
0.0668552
0.0631001
0.103678
0.126238
0.101955
0.0708508
0.0960986
0.128285
0.140889
0.147419
0.139696
0.12881
0.131136
0.0722969
0.118269
0.148216
0.14935
0.0926111
0.0999036
0.146035
0.0364697
0.122888
0.156029
0.106183
0.0787161
0.0318948
0.120276
0.131249
0.0978226
0.0732286
0.0191045
0.139318
0.136663
0.150886
0.0967477
0.0586915
0.0976667
0.149607
0.105694
0.147607
0.141171
0.112891
0.0899919
0.0440747
0.111003
0.0958549
0.146876
0.141352
0.1463
0.0930385
0.0713936
0.149215
0.0562221
0.0446221
0.123375
0.0831346
0.148542
0.0694838
0.0255549
0.0832057
0.0913848
0.142615
0.0528308
0.0678234
0.121059
0.137028
0.0855674
0.101843
0.131598
0.0666685
0.148792
0.0875935
0.136195
0.136499
0.0460244
0.132196
0.142495
0.0876828
0.0731414
0.117444
0.137479
0.119953
0.142232
0.0681256
0.134999
0.110585
0.0469424
0.108106
0.0842596
0.0562374
0.0941159
0.086391
0.15221
0.125974
0.138644
0.138675
0.12428
0.114505
0.0723873
0.0682408
0.123349
0.139769
0.128546
0.137475
0.149636
0.0853924
0.074086
0.0578177
0.110004
0.135876
0.147154
0.142468
0.0982594
0.143425
0.0397405
0.14064
0.125812
0.062968
0.11047
0.135346
0.0640808
0.0864088
0.0380941
0.107513
0.0718566
0.0671349
0.0847498
0.0979722
0.0402168
0.103333
0.0454565
0.0670422
0.116201
0.0423137
0.138836
0.132127
0.145814
0.120435
0.136639
0.0928027
0.0886166
0.150849
0.0452757
0.0872447
0.0917327
0.0535513
0.145414
0.0840711
0.0997997
0.120797
0.13965
0.0833636
0.0863608
0.0589908
0.125548
0.14035
0.119337
0.125972
0.0993034
0.14315
0.0700917
0.144452
0.086047
0.0958834
0.149907
0.174913
0.0956973
0.147237
0.0640498
0.0986459
0.0848305
0.034487
0.0938533
0.0810895
0.0638534
0.143674
0.0851842
0.0193127
0.143887
0.12625
0.0605639
0.134901
0.0975629
0.114822
0.0571468
0.166063
0.0667965
0.0863609
0.0568654
0.149327
0.140678
0.150125
0.0757036
0.0956482
0.0833975
0.160423
0.081698
0.109782
0.103845
0.0752283
0.0639541
0.0569233
0.0810079
0.133876
0.0908432
0.103879
0.0813598
0.1166
0.114115
0.106832
0.123357
0.0904005
0.146411
0.122589
0.116572
0.112
0.152286
0.0821708
0.146607
0.0792635
0.134081
0.130789
0.098255
0.0736449
0.143254
0.0569448
0.0765733
0.0909565
0.118272
0.0865892
0.13923
0.0758762
0.0983812
0.110417
0.10725
0.137307
0.118318
0.131702
0.0927889
0.0975713
0.0765975
0.121716
0.114378
0.0791228
0.152702
0.127662
0.0602828
0.149399
0.0859829
0.150147
0.148588
0.118038
0.0800291
0.115751
0.018924
0.0858301
0.103739
0.0690295
0.064352
0.0710418
0.0754044
0.147022
0.0970052
0.104874
0.10534
0.0896421
0.149186
0.0633742
0.0994027
0.113143
0.101887
0.158559
0.149522
0.042706
0.0184562
0.097622
0.115769
0.150169
0.108798
0.0221378
0.122256
0.144359
0.14745
0.120871
0.110379
0.131922
0.0970867
0.144074
0.0784645
0.0969446
0.0191455
0.120366
0.111312
0.113332
0.144035
0.0613838
0.114086
0.0614499
0.0946309
0.141701
0.0750575
0.0766483
0.126598
0.0749448
0.0691822
0.1442
0.146949
0.119396
0.0986681
0.136603
0.0607142
0.0761702
0.0708724
0.10091
0.0349208
0.0676174
0.127503
0.0696722
0.0465711
0.129518
0.152098
0.148583
0.112177
0.0704165
0.135588
0.0778456
0.0726536
0.100374
0.122527
0.0727362
0.141309
0.075561
0.13344
0.148119
0.068757
0.0684262
0.163104
0.132082
0.0954948
0.071801
0.146625
0.149952
0.0770521
0.0997048
0.114653
0.0703609
0.0271861
0.0296257
0.0929112
0.156012
0.132219
0.0850091
0.0756023
0.100197
0.101409
0.0494628
0.0742984
0.0714021
0.145344
0.0334163
0.107203
0.115391
0.127553
0.151776
0.148385
0.115837
0.0526962
0.094842
0.114933
0.102432
0.0398634
0.0426911
0.104921
0.12056
0.0739787
0.114432
0.0717962
0.0966979
0.0672518
0.0802457
0.105907
0.101404
0.0353347
0.0816129
0.108527
0.129314
0.113893
0.14736
0.0734045
0.13216
0.0962303
0.09315
0.0291213
0.150803
0.086546
0.150762
0.128576
0.101545
0.130965
0.0476338
0.145241
0.124517
0.107304
0.116716
0.11692
0.12702
0.0308947
0.149026
0.0439936
0.0308691
0.0424764
0.100495
0.14436
0.144357
0.0363042
0.150291
0.0644047
0.0872106
0.133834
0.118737
0.0305536
0.0739832
0.137214
0.105406
0.137375
0.085658
0.130974
0.0873429
0.0522262
0.119301
0.0687839
0.0742218
0.136138
0.061451
0.0686466
0.0408993
0.113324
0.124757
0.0675727
0.150169
0.111643
0.147725
0.161114
0.0987453
0.0606143
0.0618328
0.139083
0.0391453
0.13572
0.127641
0.12342
0.113405
0.126535
0.0916488
0.149303
0.130064
0.104424
0.118494
0.0285101
0.138418
0.164945
0.0190382
0.078853
0.0726322
0.107513
0.100844
0.132748
0.135901
0.130681
0.0815371
0.104137
0.0276136
0.127317
0.142918
0.122371
0.138222
0.150393
0.137026
0.149571
0.0765206
0.101485
0.0589307
0.128526
0.151832
0.0771974
0.0761952
0.126614
0.0468627
0.147122
0.125931
0.0887839
0.131633
0.134248
0.152713
0.0690725
0.101225
0.0388948
0.144885
0.0400777
0.0843662
0.0468822
0.139877
0.135538
0.155812
0.0599022
0.0373047
0.0726203
0.148093
0.0408546
0.0733165
0.0416459
0.147491
0.0908401
0.133751
0.149405
0.107453
0.0969221
0.149017
0.0719564
0.116605
0.0982271
0.102648
0.0834998
0.100195
0.108363
0.114887
0.133909
0.133644
0.0948839
0.150149
0.117776
0.112407
0.133417
0.132235
0.0606108
0.0671429
0.158378
0.0764616
0.133095
0.0403083
0.0940305
0.0431733
0.102494
0.0721507
0.116418
0.128635
0.106539
0.0672129
0.144495
0.104604
0.0701822
0.0646429
0.0882463
0.0951788
0.121079
0.0879842
0.113175
0.0985334
0.0938486
0.0508486
0.116299
0.0762584
0.112669
0.136265
0.0262137
0.0633537
0.125614
0.133858
0.0380773
0.150347
0.140701
0.0864665
0.149298
0.14011
0.0574443
0.031757
0.142461
0.0839593
0.118388
0.0720608
0.0668065
0.0364437
0.105616
0.150716
0.111152
0.114371
0.0192249
0.136709
0.155262
0.142844
0.139399
0.139279
0.140353
0.113141
0.126625
0.149693
0.112418
0.0563825
0.143434
0.161091
0.0405863
0.132547
0.168862
0.121347
0.0590374
0.149296
0.0379556
0.152896
0.129849
0.129679
0.0744793
0.132271
0.122187
0.139794
0.071945
0.0668527
0.0611337
0.0685521
0.121448
0.126544
0.0607021
0.129899
0.145186
0.140325
0.147445
0.104853
0.100235
0.131943
0.107743
0.115962
0.145614
0.0288481
0.145662
0.030171
0.0928167
0.103103
0.10057
0.0871397
0.029065
0.126816
0.147597
0.0433798
0.0386055
0.0321437
0.152352
0.126919
0.0776299
0.134029
0.0404405
0.0229973
0.146464
0.147401
0.114203
0.166747
0.144891
0.0680232
0.125981
0.0552826
0.0289977
0.124517
0.13743
0.0493149
0.0427186
0.136352
0.174401
0.0235593
0.0310948
0.149941
0.14837
0.15026
0.140962
0.0581767
0.0327565
0.125366
0.146128
0.0433016
0.103917
0.10691
0.14826
0.0715782
0.0432759
0.0738753
0.043465
0.0420582
0.0225758
0.0463364
0.0286981
0.0740626
0.0293668
0.0785496
0.144991
0.0651965
0.0783833
0.0702638
0.0419979
0.0213938
0.131356
0.149039
0.0439697
0.0491972
0.112102
0.135604
0.0281694
0.0404782
0.0320175
0.0930927
0.040293
0.141182
0.109077
0.121173
0.149246
0.12814
0.0417832
0.0466063
0.124052
0.12376
0.0410564
0.16504
0.133789
0.0576833
0.148362
0.0642392
0.0196027
0.0941658
0.0923811
0.120121
0.0426896
0.122134
0.146486
0.131788
0.02306
0.0912533
0.0286104
0.0285203
0.0601087
0.104382
0.150481
0.0979617
0.147997
0.139159
0.0660324
0.101803
0.107499
0.116837
0.0313685
0.125974
0.145263
0.149717
0.0652745
0.148607
0.151421
0.147007
0.134858
0.0282175
0.0918633
0.0907036
0.0345551
0.141634
0.127253
0.101645
0.122006
0.114894
0.100284
0.0992039
0.132144
0.0713463
0.132699
0.114824
0.110339
0.0660281
0.0726456
0.0291198
0.0777751
0.092976
0.0223511
0.120175
0.147434
0.148251
0.144715
0.0589689
0.149
0.137351
0.144943
0.133668
0.0929658
0.0717288
0.0289429
0.149633
0.0328476
0.0500017
0.0356878
0.160027
0.124131
0.122488
0.122568
0.0674333
0.136579
0.0395667
0.0444296
0.149522
0.148499
0.144136
0.0135571
0.17142
0.038194
0.0616609
0.132412
0.104608
0.0458115
0.150152
0.161128
0.0432369
0.118329
0.104531
0.0993597
0.131395
0.0197317
0.149607
0.0323062
0.07226
0.108495
0.131731
0.0426148
0.0436128
0.0411517
0.137616
0.147715
0.129687
0.0195551
0.100361
0.125849
0.13191
0.137929
0.149715
0.149787
0.130884
0.115369
0.0300968
0.126237
0.145562
0.120893
0.0444812
0.098135
0.0766839
0.0198912
0.0417362
0.146868
0.131287
0.0976001
0.0452569
0.0761346
0.031128
0.133588
0.142986
0.13339
0.0292063
0.030716
0.0965627
0.0984211
0.150909
0.140467
0.128542
0.105415
0.0335576
0.0300835
0.0979443
0.0973501
0.035306
0.0528003
0.0387888
0.0404755
0.0733876
0.136262
0.13472
0.0609213
0.088588
0.123477
0.138321
0.146886
0.0390345
0.144219
0.0445213
0.154002
0.0806994
0.118961
0.0357124
0.0539863
0.132378
0.0436734
0.120725
0.0420012
0.0303903
0.114889
0.0231336
0.12361
0.130536
0.116376
0.0772798
0.0505196
0.141997
0.0211827
0.131849
0.021287
0.0480593
0.0955352
0.107342
0.150767
0.109555
0.044369
0.0441566
0.0964851
0.166039
0.148081
0.0900708
0.125874
0.0229698
0.0856798
0.0453539
0.0447719
0.147059
0.116785
0.148135
0.145792
0.0715696
0.0983825
0.137239
0.0723609
0.0221201
0.0331983
0.113588
0.110267
0.0690406
0.0908425
0.0434549
0.0463932
0.0337066
0.126565
0.168379
0.138651
0.0523277
0.145076
0.0371793
0.161727
0.0397969
0.0448764
0.130662
0.132714
0.0978324
0.107807
0.0427665
0.131195
0.0908642
0.0403989
0.0292573
0.138273
0.0901045
0.0424523
0.109771
0.148245
0.125432
0.138376
0.137969
0.0200486
0.0227825
0.063435
0.145666
0.127979
0.135802
0.130527
0.148164
0.146744
0.152252
0.10997
0.112287
0.0966931
0.138193
0.106087
0.0381432
0.0435601
0.148157
0.148347
0.14998
0.019538
0.114181
0.160129
0.116793
0.075878
0.108223
0.0183668
0.0799658
0.0727678
0.150027
0.130734
0.0244466
0.101865
0.0405969
0.135051
0.0398581
0.0899014
0.149486
0.0889215
0.0385549
0.0432667
0.166795
0.066393
0.0313102
0.131541
0.0703273
0.151278
0.147716
0.0728041
0.044846
0.0199865
0.0755755
0.126377
0.0751424
0.121453
0.12744
0.120691
0.114975
0.152133
0.0436926
0.0219079
0.135363
0.0934547
0.147465
0.0234525
0.129331
0.130332
0.128511
0.143363
0.0314237
0.145086
0.0524072
0.0237196
0.160939
0.133245
0.022288
0.10714
0.111796
0.101677
0.100452
0.0713552
0.134051
0.126774
0.135695
0.130764
0.102474
0.0958911
0.087683
0.0897513
0.131273
0.103182
0.132331
0.0657128
0.139017
0.161619
0.125711
0.0193505
0.0906454
0.0434645
0.0875329
0.148907
0.0746492
0.0659428
0.175175
0.0845296
0.14724
0.14461
0.110715
0.106623
0.122336
0.105678
0.14882
0.141416
0.0656122
0.0713555
0.133182
0.0145662
0.108238
0.124723
0.0219061
0.11875
0.138032
0.0861629
0.0581643
0.127933
0.146423
0.0978731
0.104049
0.149075
0.148377
0.124969
0.0767122
0.0859967
0.0191178
0.131621
0.104553
0.156222
0.140294
0.0235629
0.0606992
0.084241
0.137
0.144637
0.0437672
0.140058
0.132018
0.146943
0.0957403
0.12361
0.0281327
0.0427707
0.142352
0.155101
0.151954
0.0169598
0.148296
0.162689
0.127471
0.146272
0.119878
0.129167
0.0722778
0.112373
0.120606
0.0278208
0.125173
0.121764
0.133543
0.0871833
0.0419803
0.138882
0.13405
0.131414
0.145553
0.0470219
0.0872756
0.0389502
0.136591
0.163068
0.123403
0.144555
0.149579
0.120571
0.0953732
0.0394049
0.100804
0.150294
0.0935431
0.0853329
0.0284367
0.0341669
0.0675401
0.14248
0.0632508
0.138958
0.0959771
0.129703
0.0707881
0.148575
0.0618831
0.111815
0.108988
0.048096
0.112969
0.106101
0.119183
0.0990824
0.0983773
0.0509929
0.123616
0.178064
0.0460069
0.106264
0.146343
0.0887028
0.0684044
0.115046
0.117929
0.111769
0.141011
0.147531
0.130952
0.122858
0.130186
0.0737227
0.0212039
0.109154
0.153956
0.0985885
0.0569138
0.12447
0.153339
0.0685087
0.116601
0.120839
0.136538
0.123683
0.135937
0.0611557
0.124589
0.0282193
0.0759962
0.0692754
0.128608
0.0283469
0.0406505
0.126666
0.127271
0.0971926
0.114468
0.152697
0.10324
0.0693886
0.143796
0.0611996
0.144643
0.148443
0.131466
0.150794
0.142556
0.0478827
0.12895
0.0247675
0.0600503
0.0900838
0.143548
0.0880012
0.0277428
0.105469
0.0425835
0.0390822
0.1344
0.13527
0.10938
0.0933832
0.129099
0.145282
0.12523
0.0490218
0.134747
0.088839
0.128412
0.0285253
0.165568
0.136628
0.145585
0.129526
0.134362
0.0287688
0.0785846
0.11042
0.0814351
0.137816
0.0433897
0.11009
0.137278
0.1048
0.0299635
0.0485476
0.12435
0.124661
0.135429
0.0813839
0.0967764
0.141688
0.0913767
0.0275863
0.128113
0.045126
0.132139
0.132719
0.0678701
0.135319
0.0706537
0.0288745
0.0636488
0.140886
0.0206471
0.116007
0.147006
0.133154
0.0470841
0.113539
0.127625
0.135653
0.143122
0.0903176
0.0204502
0.0987781
0.105451
0.145203
0.149213
0.133968
0.130156
0.129317
0.0778869
0.0278135
0.104686
0.0284905
0.133839
0.0432434
0.0713256
0.144658
0.132166
0.143251
0.100257
0.051605
0.134965
0.163283
0.133031
0.0279145
0.0437987
0.133154
0.0423896
0.111596
0.131251
0.135435
0.14276
0.049484
0.0238161
0.140711
0.028608
0.137214
0.0886728
0.118084
0.0336799
0.152576
0.135251
0.128266
0.144688
0.0218855
0.107709
0.041181
0.0685407
0.142427
0.0722672
0.110735
0.0271279
0.0410731
0.108539
0.122814
0.144465
0.0210297
0.0445893
0.0363328
0.1102
0.147435
0.0271129
0.0670525
0.0368827
0.134604
0.151843
0.145442
0.0191013
0.0646438
0.111014
0.137819
0.0465638
0.135036
0.14376
0.138617
0.141659
0.0463347
0.0901002
0.170169
0.0355455
0.0192085
0.0980567
0.107135
0.144914
0.117466
0.0907148
0.126365
0.144688
0.13955
0.0218217
0.132894
0.116028
0.0951075
0.126537
0.0468435
0.138943
0.135755
0.1417
0.0380402
0.143003
0.125503
0.143331
0.133092
0.0380293
0.146868
0.137133
0.146582
0.05352
0.137774
0.136612
0.092365
0.113728
0.07378
0.140129
0.0863262
0.0728338
0.0914029
0.098578
0.0804026
0.110169
0.0836513
0.0231038
0.119124
0.148456
0.11839
0.104259
0.103234
0.09953
0.126602
0.131822
0.0932248
0.124585
0.105588
0.130091
0.069533
0.0703904
0.0470653
0.0711367
0.0841018
0.131999
0.144034
0.143559
0.150757
0.134634
0.0896308
0.0981436
0.111662
0.108333
0.113551
0.137875
0.1039
0.0211002
0.128708
0.119928
0.138593
0.0858654
0.12979
0.15458
0.108506
0.133889
0.0827486
0.12957
0.124288
0.0927696
0.0574393
0.0657504
0.0935052
0.146331
0.10377
0.139269
0.142382
0.0621079
0.124035
0.019063
0.132733
0.134527
0.117028
0.133191
0.136666
0.131552
0.140734
0.0807811
0.104601
0.110766
0.144998
0.0722531
0.106158
0.0641324
0.14156
0.138295
0.140035
0.0210592
0.0425927
0.141118
0.100074
0.146205
0.117911
0.132877
0.137141
0.141997
0.123145
0.106772
0.145004
0.125041
0.114598
0.0923893
0.139114
0.165047
0.114953
0.136936
0.128217
0.119256
0.0920888
0.124908
0.0894762
0.147599
0.144584
0.116403
0.147987
0.0388036
0.0379501
0.0258381
0.129681
0.146115
0.0184536
0.0656039
0.152376
0.134396
0.0873072
0.0880469
0.170282
0.0186734
0.0682244
0.0921431
0.109401
0.142956
0.0683532
0.128024
0.104788
0.127382
0.107645
0.13513
0.019496
0.0195549
0.0893067
0.131033
0.133261
0.130772
0.120661
0.104846
0.108283
0.0204704
0.0838488
0.144272
0.105153
0.139851
0.019952
0.133202
0.106906
0.100316
0.0678128
0.0368872
0.0946587
0.0428997
0.136459
0.149614
0.149338
0.124028
0.134375
0.137545
0.110937
0.0568299
0.158
0.0663756
0.107776
0.102987
0.144367
0.132307
0.148853
0.0916002
0.141244
0.0194994
0.124882
0.133495
0.138949
0.110552
0.085522
0.122412
0.144048
0.0244718
0.045337
0.042229
0.0784605
0.13205
0.140954
0.0962867
0.108356
0.122927
0.111748
0.105325
0.132136
0.0658988
0.129992
0.116476
0.153258
0.110382
0.130224
0.144026
0.0632823
0.0822113
0.129006
0.0503533
0.141051
0.118923
0.0630569
0.143122
0.100673
0.0445751
0.139378
0.135561
0.144134
0.123759
0.13959
0.0288423
0.12072
0.100005
0.0985632
0.0944228
0.108262
0.0444327
0.12275
0.107303
0.0703273
0.0728198
0.161494
0.13536
0.142932
0.133728
0.124134
0.113915
0.0453764
0.0985497
0.0807897
0.143037
0.105995
0.138423
0.0710834
0.124509
0.019921
0.0984671
0.100973
0.14937
0.169711
0.139398
0.135156
0.10602
0.131856
0.0860054
0.132804
0.134466
0.144457
0.0661025
0.127264
0.131164
0.133424
0.0191326
0.137711
0.105757
0.0955031
0.12583
0.0392783
0.125752
0.0838327
0.088409
0.127617
0.131182
0.150435
0.134483
0.0478176
0.131364
0.13793
0.12709
0.105223
0.012333
0.13102
0.0862786
0.140735
0.137997
0.130428
0.0897039
0.125898
0.0628047
0.119979
0.0687276
0.134452
0.0635335
0.0687149
0.138662
0.074178
0.113502
0.0408803
0.0897243
0.140501
0.119046
0.0422967
0.128253
0.132579
0.130224
0.139139
0.122824
0.164175
0.110802
0.117443
0.0583333
0.0519555
0.0702495
0.152628
0.135227
0.105644
0.13546
0.139559
0.0464719
0.0619338
0.0697631
0.124546
0.0431254
0.0847542
0.134704
0.118515
0.137363
0.0714439
0.137793
0.0932977
0.0224796
0.0302684
0.122348
0.142146
0.133297
0.0420022
0.142805
0.131862
0.132865
0.116597
0.123444
0.0417277
0.0870749
0.133415
0.139498
0.125191
0.141276
0.12959
0.131419
0.152842
0.124204
0.0920555
0.0701832
0.0296039
0.132834
0.129319
0.126588
0.093199
0.128398
0.127359
0.13804
0.0750562
0.0414646
0.125811
0.136778
0.106649
0.0914593
0.127038
0.074429
0.123432
0.0421128
0.0941892
0.144413
0.0107279
0.0172449
0.139234
0.113398
0.141261
0.15398
0.123981
0.127739
0.153416
0.126481
0.138476
0.0612606
0.107171
0.126237
0.151658
0.106844
0.125037
0.095108
0.099045
0.141777
0.110849
0.0841156
0.0910396
0.0972253
0.117028
0.0978626
0.139158
0.108909
0.10839
0.133516
0.0719161
0.0809222
0.0335552
0.14991
0.0965292
0.0666797
0.0818145
0.105219
0.136885
0.0705077
0.0695876
0.0950726
0.112665
0.0941566
0.016985
0.1195
0.021955
0.0947246
0.111748
0.040851
0.139196
0.0922082
0.13791
0.065333
0.113871
0.0997559
0.145061
0.0686559
0.0804452
0.127484
0.0976785
0.0952334
0.126725
0.137888
0.129542
0.0605005
0.096515
0.124673
0.141269
0.123697
0.10371
0.131112
0.0600283
0.123983
0.0304469
0.139189
0.0706583
0.0203445
0.132748
0.119087
0.12019
0.0827152
0.0725109
0.0926078
0.0577804
0.143592
0.135627
0.135271
0.0499959
0.0985563
0.0229669
0.124212
0.0463227
0.132756
0.0966854
0.166537
0.144981
0.119636
0.128605
0.128752
0.0489905
0.127747
0.137456
0.0634804
0.132568
0.0350102
0.139768
0.13046
0.130461
0.145374
0.159134
0.0734646
0.125099
0.15448
0.0424407
0.0283633
0.0937505
0.0255388
0.108022
0.117903
0.0928756
0.0485886
0.0197795
0.132503
0.0916609
0.0988762
0.137531
0.121755
0.101647
0.107337
0.0963736
0.103305
0.124856
0.134967
0.136163
0.125272
0.0909982
0.103937
0.0983178
0.0709771
0.118036
0.088259
0.0746602
0.117528
0.121217
0.11705
0.121246
0.0696255
0.0949357
0.144413
0.104212
0.100339
0.1374
0.0788221
0.12138
0.0892477
0.139392
0.12527
0.0613155
0.0740595
0.0671139
0.137358
0.126142
0.136059
0.0391036
0.119085
0.124635
0.13357
0.0880414
0.124329
0.135616
0.0944232
0.133851
0.020228
0.0221547
0.134696
0.12244
0.0419557
0.138959
0.0465899
0.130241
0.13678
0.108417
0.0901897
0.119154
0.0586664
0.0981727
0.0725513
0.0172918
0.073155
0.101347
0.087086
0.0320772
0.146597
0.0974445
0.0953085
0.103542
0.130165
0.141658
0.105683
0.0261435
0.0683604
0.119788
0.0430779
0.0914003
0.133413
0.0782113
0.126501
0.0718171
0.130622
0.0900081
0.115199
0.108073
0.108373
0.0908001
0.064073
0.095427
0.0383172
0.142871
0.132602
0.143401
0.0655583
0.136071
0.150308
0.0993712
0.0951498
0.105882
0.0648858
0.143672
0.148181
0.0234732
0.116089
0.133766
0.0432202
0.067671
0.095939
0.141942
0.112195
0.132763
0.0490283
0.105725
0.137001
0.0420307
0.14066
0.14027
0.0768932
0.13205
0.145055
0.0388669
0.0824912
0.124042
0.118555
0.0973267
0.114516
0.134158
0.100324
0.126642
0.0704255
0.0475209
0.138397
0.132085
0.124478
0.0547448
0.0307882
0.0767647
0.0943407
0.12146
0.139466
0.153494
0.121764
0.0451121
0.0428761
0.0468655
0.0392925
0.0486732
0.133701
0.0902326
0.103178
0.127979
0.0702854
0.125046
0.0957856
0.117958
0.0954715
0.111198
0.154144
0.116094
0.149244
0.0736679
0.0898167
0.10815
0.129925
0.102123
0.0682872
0.0438336
0.110698
0.0422288
0.121555
0.120912
0.132912
0.145
0.0934932
0.126788
0.0210669
0.146681
0.126111
0.0970177
0.0429846
0.126421
0.153233
0.120484
0.104252
0.0895468
0.128066
0.117733
0.124535
0.138931
0.0853093
0.138586
0.110872
0.0667022
0.126251
0.105991
0.107728
0.125198
0.0466745
0.136577
0.130317
0.0202352
0.0275425
0.148122
0.0428219
0.0761631
0.0968308
0.0676756
0.106327
0.134785
0.011948
0.119608
0.0745012
0.118136
0.144765
0.147121
0.0205474
0.0961482
0.118479
0.0940727
0.125407
0.149408
0.149162
0.0433562
0.0733438
0.103756
0.0494126
0.132313
0.111593
0.0764654
0.125677
0.0428113
0.0971981
0.0903039
0.140901
0.02036
0.139929
0.121563
0.126152
0.139103
0.126789
0.124525
0.0930142
0.0842748
0.13461
0.0152329
0.137856
0.139248
0.128375
0.135078
0.153539
0.0587141
0.114204
0.111004
0.129604
0.142902
0.0725595
0.0502229
0.131758
0.0377685
0.0867998
0.028965
0.121365
0.0962166
0.0927022
0.138157
0.0778141
0.125592
0.114333
0.0287267
0.120219
0.113156
0.0361984
0.130216
0.103937
0.0601595
0.0386801
0.111776
0.137664
0.135142
0.0716655
0.0727939
0.0199337
0.077403
0.138622
0.129797
0.0216592
0.0914169
0.144639
0.0433391
0.140384
0.116442
0.0996331
0.128985
0.103591
0.112051
0.0773858
0.121986
0.0640727
0.0735302
0.111791
0.140001
0.0881056
0.0596749
0.126112
0.133803
0.114812
0.0923177
0.0962695
0.112383
0.129599
0.132131
0.136138
0.0640079
0.0776045
0.044147
0.100255
0.121542
0.114691
0.080344
0.109094
0.0248034
0.0221508
0.146637
0.134537
0.0901956
0.141938
0.0746207
0.128129
0.0200867
0.12586
0.127669
0.0832768
0.062877
0.119129
0.0997279
0.138594
0.108831
0.114019
0.0981264
0.0201811
0.0168391
0.0864904
0.133175
0.116821
0.0822265
0.0907978
0.0928992
0.12157
0.110637
0.0645153
0.142357
0.0238187
0.109818
0.123084
0.0523278
0.11825
0.0421402
0.107961
0.12966
0.13157
0.104006
0.0413682
0.129168
0.0276266
0.0488636
0.0832664
0.0424831
0.0646244
0.0154294
0.0835343
0.105098
0.115356
0.108153
0.121607
0.128664
0.131303
0.0242299
0.120073
0.084698
0.0429611
0.120532
0.0904182
0.106174
0.0190103
0.137341
0.105332
0.131842
0.135558
0.082463
0.146705
0.124233
0.0256918
0.120032
0.0900081
0.0756759
0.107383
0.0425668
0.0766315
0.130294
0.117436
0.0761685
0.0401284
0.113487
0.108922
0.138611
0.113295
0.0471885
0.0725938
0.0255721
0.0771993
0.105048
0.0956228
0.131432
0.0285014
0.139714
0.0806477
0.126315
0.110475
0.1017
0.116291
0.0855189
0.11696
0.120662
0.0546054
0.107717
0.0964152
0.13956
0.0972201
0.0985266
0.122415
0.112605
0.118809
0.0906918
0.0417133
0.101536
0.133703
0.124982
0.132465
0.0961036
0.0220981
0.127676
0.118383
0.126489
0.0210058
0.123478
0.0954897
0.0909782
0.0829695
0.124587
0.0534328
0.101934
0.0713548
0.0374987
0.133457
0.0819308
0.131489
0.139406
0.0666439
0.107474
0.118557
0.0449264
0.103642
0.0325188
0.134872
0.122164
0.131517
0.100224
0.128805
0.135548
0.0704195
0.130449
0.148804
0.119782
0.0706509
0.0263266
0.120854
0.0659879
0.0430291
0.123093
0.11224
0.078989
0.0888991
0.118456
0.107107
0.144872
0.127454
0.0336256
0.0181565
0.0745714
0.0477858
0.0937427
0.134248
0.0990886
0.0533774
0.0941439
0.0958792
0.041402
0.0594575
0.106592
0.137987
0.133842
0.0813612
0.0369566
0.020147
0.126885
0.146079
0.122131
0.106573
0.0202128
0.082373
0.0792475
0.0806322
0.0183079
0.0353707
0.108421
0.0861098
0.128209
0.0196044
0.0750091
0.0960394
0.0901616
0.140118
0.120165
0.102041
0.107416
0.135188
0.0933425
0.0901564
0.0831812
0.121579
0.12224
0.135394
0.119122
0.0188207
0.123862
0.0895398
0.112886
0.121784
0.0678686
0.0795873
0.104962
0.110606
0.14193
0.0198065
0.119051
0.122483
0.132232
0.124028
0.0958025
0.0959106
0.142781
0.0898714
0.0231242
0.133523
0.120144
0.105283
0.0263903
0.131582
0.0497363
0.12186
0.0944511
0.106874
0.0510832
0.097925
0.059015
0.0794305
0.0251996
0.0844464
0.135523
0.136778
0.0691097
0.0445838
0.0920457
0.0307458
0.135279
0.0786413
0.0297848
0.122659
0.12008
0.110908
0.062768
0.0720935
0.0861285
0.119634
0.118021
0.0685023
0.12132
0.134211
0.12178
0.134392
0.0744462
0.0594637
0.138912
0.121855
0.0733317
0.09435
0.020296
0.120573
0.0638764
0.122148
0.0498275
0.144642
0.0843554
0.0445632
0.100753
0.0617641
0.133034
0.0432184
0.112395
0.122239
0.114572
0.0946435
0.141436
0.117894
0.12914
0.135605
0.121873
0.0926945
0.0999769
0.0781036
0.039432
0.135321
0.103588
0.0735646
0.0752678
0.109308
0.105149
0.0361452
0.0526651
0.0786734
0.131421
0.143079
0.137808
0.128282
0.105249
0.0775636
0.10931
0.117695
0.105902
0.0410735
0.0816941
0.031148
0.0805734
0.0376946
0.149006
0.111098
0.094765
0.0882222
0.077975
0.133277
0.053647
0.119449
0.0976211
0.133397
0.0785086
0.0476877
0.055358
0.113805
0.0745328
0.0832557
0.0697871
0.120283
0.125887
0.0443301
0.105855
0.131623
0.112744
0.134194
0.135421
0.039641
0.133916
0.0793792
0.122829
0.0772758
0.0662837
0.11853
0.117579
0.11789
0.0826674
0.040159
0.0881609
0.101299
0.0884964
0.0269666
0.0765576
0.133802
0.124426
0.0804843
0.106009
0.105673
0.0997319
0.0912119
0.0660035
0.0764993
0.117429
0.0618134
0.0748789
0.0875808
0.128563
0.11041
0.108256
0.0807692
0.116014
0.0733487
0.0611985
0.0786906
0.016578
0.138458
0.0981708
0.0717838
0.125811
0.12493
0.0919489
0.0414097
0.0790272
0.0721415
0.0226671
0.134014
0.116379
0.0435794
0.0777917
0.127667
0.0755336
0.1101
0.115996
0.140997
0.114929
0.0661043
0.103034
0.135158
0.105248
0.0492864
0.0156625
0.130065
0.056933
0.119403
0.019255
0.1326
0.139434
0.0432501
0.137864
0.11791
0.0986955
0.110744
0.0961045
0.127328
0.0784622
0.0568566
0.0696569
0.0907976
0.0794959
0.106498
0.0977241
0.0973738
0.0881908
0.104373
0.0895351
0.0726288
0.0649413
0.128388
0.0942302
0.0874774
0.0751905
0.0164603
0.135255
0.140022
0.103119
0.107206
0.0407296
0.0662513
0.0174481
0.0915177
0.071728
0.0791149
0.102957
0.120397
0.105389
0.0702447
0.0124579
0.0195955
0.119985
0.110013
0.156954
0.114416
0.017315
0.0958818
0.0851107
0.0902025
0.0339064
0.0971028
0.0770689
0.110637
0.119982
0.0773205
0.0686332
0.116612
0.0411966
0.0182557
0.0193497
0.081155
0.0366713
0.0644692
0.101752
0.0379673
0.0839894
0.0285395
0.124101
0.111913
0.0487065
0.108984
0.093189
0.0707996
0.115317
0.0920926
0.111218
0.128782
0.0798853
0.0432498
0.109518
0.123466
0.0921475
0.0401411
0.102709
0.0174496
0.113689
0.126383
0.0198469
0.136993
0.140301
0.129681
0.0607295
0.112106
0.0897143
0.115739
0.0938027
0.144134
0.117365
0.0135667
0.0728376
0.0799487
0.0589615
0.0679016
0.0173234
0.101523
0.0659365
0.0773269
0.0629295
0.116662
0.125048
0.0226843
0.0641116
0.0740007
0.0394282
0.104244
0.0693798
0.112632
0.104173
0.114999
0.0733401
0.0174507
0.0942763
0.0772551
0.0296802
0.0734875
0.141728
0.0160557
0.0714035
0.0295219
0.0880281
0.0834091
0.0417991
0.108852
0.106531
0.104965
0.0863594
0.0770287
0.0983543
0.105341
0.0418727
0.036767
0.0732967
0.0873214
0.0295277
0.0179076
0.089742
0.0779558
0.0661993
0.109714
0.0216199
0.105834
0.11025
0.0728333
0.0193973
0.110593
0.0432462
0.0833567
0.018971
0.0743904
0.105734
0.0413514
0.0397401
0.0866528
0.104625
0.107382
0.056628
0.126415
0.0557025
0.0918489
0.0846558
0.105122
0.0171367
0.109361
0.0948331
0.0750076
0.103502
0.108295
0.114997
0.0374983
0.0741204
0.0273094
0.0421877
0.0987886
0.0736781
0.0751484
0.0784523
0.114242
0.0198488
0.059044
0.0756603
0.106145
0.0882193
0.0941347
0.0714358
0.0265825
0.0681361
0.109894
0.118082
0.0815492
0.110011
0.111025
0.081592
0.0836798
0.112214
0.0904833
0.0246942
0.0755845
0.0816843
0.0247195
0.0631812
0.0409042
0.0753154
0.0411736
0.0943994
0.0680758
0.0718869
0.0357952
0.0797515
0.0991812
0.0542195
0.0852881
0.020353
0.0566294
0.0814499
0.113934
0.0824185
0.113157
0.139545
0.109318
0.12796
0.0793767
0.106335
0.0925095
0.0626866
0.087114
0.0185624
0.0577026
0.105224
0.0814123
0.0624441
0.0998871
0.107614
0.125424
0.104624
0.0415066
0.0964185
0.106946
0.0748542
0.0627139
0.0588886
0.110252
0.0700998
0.05113
0.101676
0.0137472
0.0881096
0.0748639
0.0572742
0.117444
0.132331
0.0964969
0.107183
0.0621418
0.0531633
0.027376
0.0997153
0.0891121
0.106926
0.065008
0.115965
0.11844
0.0911233
0.0834424
0.0830592
0.127309
0.116128
0.0154438
0.099732
0.0724921
0.119632
0.107382
0.100627
0.099203
0.0376605
0.114466
0.108842
0.0901236
0.0862212
0.0891442
0.0917365
0.111476
0.0260559
0.103941
0.063891
0.0254073
0.0832753
0.0950297
0.0481437
0.0956892
0.0813677
0.0961336
0.0618297
0.102921
0.0395301
0.0876623
0.0985395
0.0838268
0.0881491
0.0783086
0.0249572
0.0746237
0.130181
0.037552
0.134893
0.0775939
0.0635489
0.0994435
0.0707673
0.107801
0.0156169
0.0427387
0.0769126
0.0807987
0.0864281
0.0979929
0.0809776
0.0386163
0.118345
0.12673
0.0593725
0.0740439
0.0770299
0.073289
0.0348957
0.0992431
0.0947556
0.0314402
0.0919637
0.0978578
0.104241
0.0369977
0.0353663
0.0520659
0.0429359
0.0415114
0.0198736
0.038638
0.0518606
0.0193468
0.132573
0.0653869
0.0170756
0.110392
0.121798
0.041154
0.096674
0.0394897
0.106544
0.0915856
0.119631
0.0408911
0.0209971
0.0443931
0.12889
0.130578
0.0289544
0.138847
0.0363636
0.118684
0.0638925
0.148242
0.102185
0.0437131
0.0707806
0.140017
0.0745911
0.111091
0.13604
0.113258
0.0432134
0.00864708
0.0546172
0.0422857
0.118859
0.0375631
0.0804657
0.0222878
0.104201
0.039399
0.113638
0.110306
0.102623
0.0207765
0.0423714
0.0747542
0.0460812
0.132211
0.131268
0.104568
0.122822
0.132118
0.0495301
0.0981281
0.0730067
0.118883
0.100687
0.0949537
0.132989
0.0355887
0.0732733
0.0392663
0.106643
0.021141
0.0989595
0.0380878
0.0688879
0.10499
0.107855
0.0374189
0.11049
0.0925634
0.0717404
0.0869297
0.110417
0.0586411
0.0720313
0.0422687
0.0678502
0.0422819
0.0466096
0.115215
0.0377255
0.0926612
0.0734197
0.019656
0.098208
0.0434883
0.0708902
0.0730918
0.0995325
0.0416808
0.0665816
)
;


// ************************************************************************* //
