/*--------------------------------*- C++ -*----------------------------------*\
| =========                 |                                                 |
| \\      /  F ield         | OpenFOAM: The Open Source CFD Toolbox           |
|  \\    /   O peration     | Version:  v2012                                 |
|   \\  /    A nd           | Website:  www.openfoam.com                      |
|    \\/     M anipulation  |                                                 |
\*---------------------------------------------------------------------------*/
FoamFile
{
    version     2.0;
    format      ascii;
    class       volScalarField;
    location    "700";
    object      omega;
}
// * * * * * * * * * * * * * * * * * * * * * * * * * * * * * * * * * * * * * //

dimensions      [0 0 -1 0 0 0 0];


internalField   nonuniform List<scalar> 
9793
(
0.0224483
12.4367
0.0219384
2.50669
0.0222599
0.207651
0.0847539
5.72976
0.02215
15.6595
0.022197
0.0221878
0.0219166
1.52292
0.0217994
0.0259979
0.0537203
0.0219326
2.14453
0.0215686
0.0216408
0.0222917
2.51627
5.86363
1.58158
0.0267958
0.0220992
0.0222621
0.0215791
0.0812958
7.8304
0.382816
0.0220104
0.0219439
0.0218677
0.028282
0.0242948
0.0251498
1.44444
0.0307496
0.0698305
8.28322
4.7899
0.0222717
0.0219631
0.0220431
5.9368
0.0222844
0.0217396
0.0219394
0.0279739
0.021851
0.0374939
0.0222687
0.0334166
2.1109
0.0219251
0.091318
0.0217441
0.0222914
0.0273082
0.100145
0.0219515
0.034562
0.0219629
0.0220791
26.2366
0.0241354
0.0246948
3.49576
0.0220065
0.104429
5.18118
3.70789
4.57119
0.0222626
0.0468413
10.8551
0.0219814
0.0222707
0.0510363
2.08955
0.0519542
0.0240476
0.0247259
0.252613
0.0222614
0.0693956
1.4544
0.0963917
1.7486
1.27698
1.48419
0.0413118
4.45384
0.0219096
5.28385
0.0505557
0.0246999
0.0222686
1.31466
0.0356556
2.49445
0.0219681
3.42299
10.8695
2.89346
0.0218782
0.0219856
0.0222835
0.0222337
2.06502
3.33796
7.47089
0.0219813
0.0221125
0.02409
0.0220507
1.78493
0.0220292
2.87203
0.0742174
7.49081
0.0424276
0.0243256
0.0220351
0.0613833
6.1668
0.178153
0.182804
0.0236982
0.0218132
0.0223421
0.023357
0.0271961
0.165064
0.523869
0.0241264
0.0222737
0.0617846
2.24149
0.0274467
0.0219686
0.0564383
5.71854
0.644758
0.0220361
5.09219
0.0218114
0.02203
0.0220691
15.1122
0.0242411
0.022092
0.0219293
1.15634
0.0573875
0.0219467
0.536384
0.021935
0.0653498
0.0238029
0.0216471
0.367084
0.0220805
9.24596
2.14159
0.0222637
0.0218793
0.0222176
0.0219837
6.16
27.2372
1.80245
0.0219105
0.187798
0.140941
0.771921
0.0219665
0.0240721
3.90654
7.09712
0.0805904
0.0220359
0.0220733
0.0218729
7.83237
4.94691
21.9683
2.70301
0.0220109
20.2343
0.43962
0.025627
0.0217915
0.0234134
2.0019
0.0216056
0.0219306
0.0222043
0.022029
0.021643
0.0290474
0.0249175
1.64962
0.0219383
0.0280475
0.0222621
0.0224078
0.443993
0.0591633
2.41812
0.021643
2.93236
0.0240822
0.041887
0.0218134
0.160441
0.0221214
0.0514128
0.0542018
0.0216454
1.4051
1.94438
0.0395744
0.0218999
0.0518408
1.94081
0.0504439
0.051327
1.50088
0.134636
0.0394724
0.0352828
0.384567
0.0216212
3.99832
6.36545
0.0216113
0.0222226
7.52714
0.0219217
0.0222314
0.109427
0.121947
0.0220736
0.0240955
0.0291288
0.0385537
0.0241416
0.0219727
0.0444361
2.8989
0.0216426
1.82975
0.0222622
0.0221704
0.0216698
2.02784
0.0219798
2.71014
2.76931
0.0221034
0.0221312
3.08629
0.0218561
0.02224
0.0218338
2.45084
0.279051
0.0251277
0.452261
0.0856911
2.30441
3.71594
0.0222816
22.2227
0.0222644
1.87872
7.8275
1.4855
2.98675
0.131195
0.023716
0.0478928
0.0245644
0.0218292
0.0223614
0.463659
0.0269661
0.0221398
0.0222838
0.0216407
0.0217006
0.0216449
2.32228
0.0218694
0.0217921
0.0219197
0.0219184
5.43625
0.613494
0.0654161
0.0229727
0.0569521
0.0220434
1.12222
11.0459
0.0219734
3.30631
0.0327596
0.0219573
19.5733
1.83324
0.0220182
0.0467329
13.096
0.0221962
0.0344885
0.0217908
0.0222861
1.82961
0.0414746
0.0219525
0.0220223
0.0228384
0.178893
3.35748
0.0219421
0.0218724
0.0217587
6.842
4.79991
7.53326
0.021612
0.0438787
0.0353684
2.22064
0.0696004
0.0216259
0.021678
0.0217593
0.0463965
0.0221145
7.54911
0.022088
0.0217902
2.69736
2.21159
2.43127
0.0217839
1.31411
0.0247956
4.12152
6.96601
1.57473
0.023685
0.0320327
0.60673
1.60744
1.98988
0.0267705
0.0222634
0.0255191
0.0217097
0.0218543
0.0220958
0.0220812
0.022292
8.79524
0.0222069
0.0616026
0.030323
5.19774
0.0216227
0.0241287
5.0837
0.505165
1.59343
0.0677408
0.0217922
0.0237602
0.0219415
0.472005
0.0215736
2.30365
0.165638
0.085341
6.04474
1.85055
0.0221376
0.0218982
0.740665
0.436006
0.0219368
5.98191
0.0221316
0.022176
6.79935
0.0216414
0.0928746
0.0216293
2.02325
0.0220934
0.0220917
2.69605
0.0986522
0.0529687
0.0256193
0.0220746
0.021854
6.88641
0.050387
0.0215876
0.0221949
0.0346186
0.0352874
0.0523497
6.81132
0.022196
0.0219408
0.404363
0.0220812
2.45917
0.727373
0.0220652
0.0220151
0.0223297
0.0221166
0.0217453
1.32832
0.0518078
5.45383
0.0293284
0.0232506
0.0426532
0.0248569
1.64602
0.0265193
0.0222679
0.0241456
0.525437
0.0219696
0.0219394
0.0220039
0.0215766
0.0219844
0.0218143
0.0220444
0.0221579
0.0229586
0.0245287
0.108686
0.0220203
1.4857
0.0258493
0.219934
4.69539
0.021833
2.91629
0.0826903
0.0217969
0.0215771
0.0219793
3.51031
0.0872954
0.0215735
0.0221206
0.0221976
0.069138
0.158162
10.7889
0.0219762
0.0219302
0.0320318
6.50364
1.44626
0.0238365
0.0232094
1.91808
9.05276
0.23335
0.0222447
0.0218018
1.55299
0.0219145
0.138794
6.57895
0.0215767
0.247887
0.0269471
1.31483
0.0218535
1.85153
0.298687
0.025572
2.35833
0.0219121
1.99836
0.0220946
0.021894
0.0222234
0.0219461
3.73035
0.0219054
0.0217245
0.0229272
0.0216199
0.0218026
0.0466472
0.0228592
0.0339673
0.0220337
0.0220381
4.03545
0.0765345
0.0237841
1.87269
0.0241494
0.0222407
0.0219844
0.0217442
9.50059
0.0217167
0.0220694
8.28632
7.82639
0.0393185
0.021924
0.0222842
0.0221244
0.0222412
1.72849
0.0222436
3.23442
0.0240076
1.83052
0.0222622
19.6576
0.0222345
0.23445
0.0219202
0.0877008
4.3083
0.0221032
9.05165
0.0219138
0.0222182
0.0216307
5.13736
1.69329
0.0219856
0.0277244
0.0217148
1.86713
0.0218884
0.0451067
1.75503
0.0254709
0.0220265
0.0463223
0.0222452
0.0221692
0.0217752
0.101672
0.0219554
2.08584
0.0220517
0.0221293
0.0385814
0.0795716
0.937156
0.0217813
18.6671
0.0218941
0.209155
0.0219268
0.0222216
0.0219106
0.0220496
0.0222683
0.227938
0.0397962
9.24913
0.113059
0.03572
0.0345551
5.36768
0.0236395
1.6684
3.98119
0.273651
11.5821
4.14172
0.184408
0.0221753
3.45616
0.0381667
0.0221299
0.372813
0.022251
0.458719
0.0361545
0.218254
0.0279606
1.89867
5.72724
0.0362434
0.195114
0.0222163
0.695482
0.0229604
0.0219225
0.0221031
0.0234436
0.0465513
1.44452
0.287359
5.11105
0.0233626
0.023536
1.30209
0.36657
0.0229908
0.0623519
0.0224335
4.94061
2.83587
0.022059
0.065732
0.292021
6.31393
0.0219577
0.0260042
8.97907
0.0283401
8.22335
0.0907933
5.08291
0.0258581
0.023751
0.0219276
0.0219286
0.221807
0.0222843
0.231849
0.134269
0.0822932
0.0222596
0.022224
0.0234845
0.0221452
0.0218334
0.0219227
0.103029
3.67661
1.61036
0.0222797
0.347359
0.0219485
4.3541
0.0465499
0.0473775
0.0347552
0.275857
0.0217529
0.0220597
0.0437791
0.0219143
0.0220739
0.0609312
1.32794
0.0216421
0.208557
1.53822
0.024354
1.82122
1.60476
0.0218292
0.0548841
0.0266274
0.0220059
0.0216271
0.104493
1.53361
5.19804
0.0219903
0.0220168
0.0216738
0.0244206
0.0228919
0.0239059
0.586551
0.0461821
0.0221517
5.57902
0.029151
0.0340122
0.0220332
19.2132
0.0235658
0.0219177
0.0850322
2.1095
0.0215956
0.0220506
0.0219475
0.0250889
0.0217487
0.0370897
0.548235
0.0222155
0.101119
0.0228121
0.0219866
1.31953
2.91015
0.299169
0.0220745
0.021609
5.03102
0.0261101
1.07564
0.0215735
0.0219171
6.66267
2.96921
0.0297602
0.100114
0.064295
0.0218968
0.0222717
0.0219655
3.60805
0.0220573
0.0222928
1.48652
0.0277717
0.30341
0.033328
0.0219342
2.61372
0.0222682
0.021921
0.0219561
0.0308492
3.18012
0.0221623
0.0219731
0.0219128
0.0219026
0.0219403
0.0219424
13.488
0.0318515
0.0228855
0.02211
0.031951
0.0616842
0.0259402
0.0288463
0.0222839
0.0216672
0.0233475
2.05041
1.93485
0.0231126
5.06294
0.0222156
0.0253936
1.20243
2.19159
0.021788
0.0221808
0.350203
0.0517347
0.0219068
0.0222489
2.15168
0.0222682
0.0697707
0.0220099
0.628165
0.0222478
0.022289
0.0221269
0.030863
0.0221012
0.024666
0.0263879
0.166727
0.0218643
0.0219952
0.0222498
0.0218897
0.0221387
0.0219709
0.0306543
0.0221113
0.0522942
1.66609
0.0430774
0.0640119
0.0222022
0.0217745
6.66296
4.64017
0.0216173
1.78192
7.48927
0.0216149
0.0219686
0.0218817
0.0980324
0.0543125
2.42034
0.0218583
0.0250996
0.02186
0.0223353
0.0222738
0.0875586
0.0221151
0.256498
0.022093
0.0589825
0.0218936
0.0232104
0.0219242
0.0372552
0.061618
7.06329
3.25616
1.81755
0.0482005
0.0219192
3.01076
3.80167
0.0623437
0.0220338
0.0220847
1.99401
0.021875
2.97188
0.0216383
0.0288776
0.0221846
0.0222699
0.021795
8.08637
3.5529
2.7451
0.0740326
5.28474
0.0219508
2.91838
10.9646
0.0222705
0.0221148
0.0217347
2.33831
0.0215697
5.7525
0.0328199
0.143744
0.0222874
0.973645
7.97764
1.69657
0.0296811
0.0318057
0.0220409
18.9858
0.0215538
0.6141
0.22408
0.0699202
10.3178
3.66776
0.0237784
0.0234104
0.0219485
0.0949714
5.8863
5.23001
0.0217485
3.91657
0.0255
0.119567
0.125406
1.34633
1.37823
0.0216749
0.0262152
0.0300784
0.023984
0.0237275
2.03121
0.0221973
11.7916
0.0218145
0.0216533
0.0798612
0.10998
1.68197
0.0225775
23.053
14.4052
0.731912
0.0271733
0.022233
0.0225814
0.022227
0.0219295
0.907206
0.854895
0.0221727
0.0219287
0.0312953
1.70375
0.0258988
0.0219286
0.448766
0.0219403
0.022275
0.0215639
0.0605629
0.02203
0.0246814
4.11776
0.0615356
0.0222915
4.21208
0.133862
0.0219363
0.0229014
0.033705
0.0222624
0.0219633
0.0217616
12.9868
0.469975
0.0222441
0.0353056
0.0368034
0.681415
0.0219671
3.1496
0.0218625
0.0217561
0.686072
0.251597
0.0659961
0.0220726
0.0218965
5.83025
1.3647
0.296288
2.87302
0.0221028
0.0236114
0.0220145
8.33303
0.0243651
1.30541
0.0227804
0.0219412
0.0234544
0.0216946
0.0218757
0.0652536
0.0217874
3.1095
0.0218349
0.0222355
0.0215844
0.0246311
1.56585
2.651
0.0525248
5.56114
0.0219789
0.0362881
0.0232052
8.08824
0.0218633
0.0216588
2.92295
0.0349907
0.0331821
0.0221117
0.212644
8.00203
2.19357
0.0221772
0.0348955
0.923118
0.0307762
0.944105
0.12535
0.0825205
0.0217742
0.0226393
0.062147
0.0787604
0.0219862
0.0978509
0.0217423
0.0221833
0.0223062
0.0217789
0.0219198
0.0219917
0.791073
0.0257212
0.0228983
0.0463982
0.0217586
0.0219314
0.0382711
2.75252
0.086595
0.0618703
1.89782
0.0222341
9.81117
0.0294192
5.31939
0.0624498
0.0222021
0.0220809
0.0233784
8.99124
1.75184
0.0512097
0.161327
0.0216641
0.0219325
0.0222482
0.0222013
7.8119
0.0255058
0.0219626
0.158484
0.293791
6.38543
0.0227044
2.70437
0.0569205
0.0403419
0.0314765
0.435352
0.254588
0.0222708
1.39983
0.268025
0.0393282
2.03001
0.0453167
0.0221926
0.0222638
0.0219229
0.0232232
0.0274346
19.1297
0.0508398
0.0218703
0.307945
0.022003
4.33904
3.33383
0.021955
28.2702
0.0218237
0.0217612
0.0220302
1.39149
14.9205
0.0488262
0.0316251
0.0217377
0.550113
0.0222313
0.0308947
0.0220906
0.0221778
0.0219116
5.55615
0.0228702
0.0428239
0.029085
0.0222117
0.369415
0.136851
0.033481
0.0254289
0.023658
1.65512
2.65268
0.0219164
0.0217749
0.021915
0.0226181
6.27847
12.9879
0.215337
0.02572
0.021793
10.0859
4.67973
0.0222343
22.7988
0.0217192
0.0858611
12.0751
0.0217497
6.64473
8.37298
0.129002
6.36621
6.02719
0.0218681
0.0227401
2.50167
1.40469
0.0226123
4.9653
0.0248815
0.0219199
0.0222739
0.023075
0.0400343
0.025137
0.322778
6.57433
0.248645
0.0346938
0.0220791
0.0610839
2.17573
0.0217714
3.63997
0.0479231
0.0222201
0.0246909
0.0222417
0.0222438
0.0318594
2.30369
0.0224376
0.0217949
5.23821
1.36694
0.0711108
0.0222615
0.0562963
0.0219323
0.021931
4.20482
7.85861
0.0219206
0.0214941
2.64942
4.48756
0.0486185
0.022308
10.5718
0.0226497
0.0219267
0.0237338
0.0219316
0.0216577
0.0216295
10.115
0.195623
0.0260058
1.59266
0.0452374
1.34349
9.23322
1.81522
0.157256
0.0219558
0.0222389
0.0222838
0.0219922
0.0768642
0.0218816
0.113852
0.0290822
1.84228
0.0220459
1.41632
0.0368542
5.47446
0.0219245
1.74732
0.029469
0.175308
0.259976
0.0310128
0.0216263
9.88738
0.0566661
1.53698
0.0216138
5.63115
0.0220252
4.98518
0.514623
0.0440407
0.0219268
0.022089
1.71769
6.99165
0.0313637
0.0216019
0.721287
0.0871377
0.0451383
3.06751
0.0813724
0.0219535
4.01192
0.0219253
0.0326584
0.0216377
8.4585
0.0216427
0.0234328
0.32669
3.60049
0.0222221
0.0680903
0.0241271
0.0805623
0.0218799
0.354395
0.0235474
0.0648634
0.0219691
0.0219849
1.89397
0.0282628
5.2014
4.52071
5.56257
0.0228049
0.0216573
0.0217712
0.0255285
0.0366911
0.0311432
5.31687
0.023451
0.301576
0.0423778
0.0222811
0.0219614
0.0701753
0.39131
9.03657
0.0219195
1.5274
0.0218631
5.67225
1.48227
0.0469994
0.0219969
0.0217403
0.0430558
1.74165
0.0242976
0.0222688
0.0236123
0.0450248
0.0228068
1.58636
2.02347
3.87217
0.0221562
0.0261766
11.575
0.022187
0.0632477
0.0218183
0.858358
0.03677
0.0219511
0.0437443
0.19056
0.0219522
2.09554
0.0219221
0.140085
0.25998
0.437505
0.332286
0.0221666
0.0222474
19.5342
0.0221998
0.0403167
0.0835901
0.0234627
0.0215447
11.1835
0.0250977
0.409307
0.0232734
0.0682466
0.0225876
0.417873
0.0254275
0.0245748
2.44415
1.24849
0.0220886
0.0222731
0.170587
1.93141
1.92992
0.836491
0.0288237
0.0219268
0.021817
1.67047
0.0221383
5.95819
0.100922
1.8891
0.0221071
0.0217255
0.0217983
0.0432195
0.045005
3.69907
1.38965
1.01197
0.228105
0.0216112
2.51132
0.0230595
0.0640561
0.0228117
0.0403853
0.0622823
0.0219296
0.0215814
0.0653399
0.0216445
0.0393819
0.0725644
3.32652
4.44246
0.0367497
1.6125
0.0217502
0.0216517
0.0220739
0.206981
0.0623385
0.0465855
0.115778
3.57932
0.03991
0.160493
0.0218228
0.0221952
15.7224
0.0219136
0.311109
0.0214736
0.0218789
1.75662
0.343052
0.0218794
0.0813599
0.525966
3.67464
1.9537
0.0250973
0.0679231
0.0495113
4.20802
0.022086
5.25316
5.80519
0.0238508
0.025472
0.0216198
0.466419
0.0217614
0.0219846
1.40516
0.0222639
0.0215747
0.208801
0.0597281
1.36934
1.35492
3.31829
1.69163
0.0216496
0.02192
0.0218859
0.0222054
7.96211
0.0220999
1.66679
0.0230414
5.003
0.0246609
0.0221619
0.0216875
0.0222787
0.0305454
0.0220251
0.0215342
0.329239
0.0218313
0.0518467
0.0225306
7.13577
0.0247153
0.022079
0.0219518
0.0537991
0.0219058
0.0217645
0.0220881
0.0222149
0.0242348
0.0218734
0.0234146
0.0319658
3.99347
5.62143
4.88502
2.43549
0.021775
0.0220045
0.0219295
0.0214355
0.021935
0.0217423
0.176624
0.0218758
0.0222519
0.0220684
0.0220416
0.0219524
7.40233
0.0239304
0.0219696
20.1493
0.0433863
0.0217166
8.18636
7.67275
0.0220186
0.480647
0.74855
0.0220766
0.046768
0.0241196
0.0215641
0.0275472
0.0221206
0.0390926
0.0220122
0.0222476
0.0217536
28.5619
0.0277434
0.0462935
0.0220322
0.0222654
5.20587
0.0260081
0.022035
0.0238405
0.0241733
0.022252
0.228034
11.941
1.19792
1.38026
0.235289
0.0378523
0.0222598
12.1939
0.16691
0.0227909
0.0606816
0.0222932
0.0219115
0.0222466
2.10246
0.0468757
0.0219967
0.0220404
0.186714
0.0217373
0.448698
0.0219865
1.89302
0.234797
2.70398
0.0220797
0.0233202
0.032234
0.0359168
0.0222927
0.0392692
0.0891751
3.56363
0.0220452
0.496971
10.3113
0.0215788
1.69377
0.0441754
0.342329
0.10896
0.0219252
0.0279098
0.0406065
0.0216906
0.0249604
0.02155
2.93828
1.82736
0.0328858
0.0218283
0.155683
0.0767593
2.82803
0.321849
0.0233857
0.0277776
0.0219493
0.0219543
0.0406656
0.0527217
20.4247
0.0218268
0.461521
0.0227007
9.93918
0.184318
2.30838
0.0216073
0.0230444
2.01893
1.79983
0.0436891
1.90837
0.022797
0.260227
0.0219125
0.0218734
2.51801
0.358384
0.0244595
0.0220935
0.0768469
2.17221
0.199245
0.067853
0.02178
0.0220124
0.0217211
2.37521
5.53923
0.0217667
0.0451341
1.58216
0.0758068
0.292345
1.55082
5.64545
2.16147
0.0217836
0.022715
1.49202
0.0218931
0.0500351
1.57261
9.8742
0.0235135
0.0306127
4.55223
0.633171
2.03068
5.86239
1.55001
1.33513
0.0221108
0.0216298
0.0219916
0.0225164
25.4074
0.0559862
0.381827
0.391037
0.0575941
0.0219451
0.254911
0.0217135
0.0301651
0.0219206
0.0412615
7.12531
2.57242
0.0220711
0.021612
0.0373472
3.93342
0.193534
7.47051
0.045421
0.0220886
0.0850089
0.0214722
0.0973777
0.0324753
0.0219225
4.01331
0.17976
0.542867
0.0585885
0.0222751
0.021595
6.26732
0.025436
0.0216302
0.0221451
0.0222561
0.0216886
5.5321
9.28467
1.86479
1.39512
6.37588
0.0237762
0.0219452
2.11976
0.0241591
0.0852736
6.8486
0.0218664
6.08548
2.80202
0.0606472
0.0341335
0.81009
0.0231753
1.76259
0.0377503
1.86808
0.0218338
0.0229244
0.0413548
3.24984
0.117987
0.0704436
4.98802
2.05107
0.0732781
0.162503
3.29013
0.024164
0.370901
18.7283
0.0360916
0.0637796
3.04936
0.0315727
0.0372615
0.0221034
0.0367458
0.0390058
0.0570188
0.0220879
8.82634
0.16851
1.67658
5.2315
2.06755
0.0401209
1.58593
9.02388
0.021847
0.347118
3.48413
7.74749
0.0279354
0.0244105
1.43536
8.88626
0.0216218
0.249089
0.0217559
0.0219083
4.14292
0.0256329
2.17987
1.38705
1.80019
8.20111
0.0216281
0.0350558
0.0220043
0.0218441
0.113114
0.0578857
0.0263401
2.74713
1.75289
0.0222732
0.0259571
1.35076
0.0233139
0.410196
0.0488179
1.36355
1.35431
0.404217
9.7065
7.20902
1.71775
1.36348
1.61715
0.02995
0.0253814
0.12009
0.123992
1.56097
8.08325
0.0221321
0.0227688
5.68846
2.214
0.024443
4.97185
0.0219447
0.825191
4.87427
4.85385
0.0219218
1.52747
1.56402
0.0269094
0.0349967
6.26131
5.60782
5.05454
4.03775
0.02202
6.1867
1.51821
0.0413342
0.23201
0.110913
0.0217386
0.026517
3.24816
2.11845
0.0244615
0.0221717
1.37743
0.0862764
1.71498
0.0756152
2.28412
1.38681
0.021992
11.3004
0.0222852
0.0296975
0.0221014
0.0218847
0.0217086
0.037303
0.290117
0.0214985
16.1023
0.0724619
5.63871
8.09737
1.90585
0.0219081
4.72642
1.53949
1.91453
0.0346499
0.0219298
3.67223
0.429196
1.89944
0.0563821
0.0235787
0.0216923
4.74145
5.35939
0.0336787
15.9224
0.0314916
0.0222272
1.31215
0.0552657
20.2516
0.0219074
0.0284992
1.56601
4.89864
1.38288
0.211714
1.36255
1.60995
4.80331
0.0220467
7.87806
0.0483091
0.0218541
0.0215654
0.0219503
5.16939
0.050335
1.36543
1.44537
0.0353788
0.151781
0.0786641
2.53863
0.269835
6.40605
5.00587
1.31476
0.0909691
0.0216599
0.443387
0.0577091
0.105502
1.30577
2.54105
1.70314
0.0220948
0.0240319
0.0490002
0.0220588
0.0219602
0.0277466
1.38423
0.02775
0.0248323
1.29237
0.0734679
0.291463
4.20702
1.41818
0.464588
1.76159
4.93228
2.14401
0.0637419
0.0310551
0.0221447
1.31006
0.109714
0.23143
0.0643314
0.0620595
0.0214534
0.181643
6.46642
0.0259518
0.0215923
0.022985
3.13876
0.0218761
0.0220247
0.0633726
1.44534
0.027719
0.0558129
0.184054
0.0308484
0.060092
0.0218853
0.0219794
0.0413116
0.219054
0.0222862
0.0312498
0.278261
7.07524
0.0221605
11.9514
0.0218854
1.41525
0.0233523
0.0235182
0.0215591
0.18548
0.033421
5.57545
12.019
0.0698655
0.0221621
0.0219457
6.31106
2.55832
0.0218284
0.253058
1.49456
0.0529464
0.0790439
0.0214345
0.0227061
0.0219277
1.3279
0.0423335
0.0220496
7.13575
0.022404
0.0590906
0.260989
0.02174
0.0984284
0.0607183
18.6769
0.0224652
0.0264192
0.0235102
0.0548462
0.0214093
0.0219086
6.1187
0.335453
0.0762162
0.0219587
1.70391
0.0224191
0.0224064
0.0219572
0.51669
6.99206
0.0236956
10.628
1.61101
0.0649951
2.80066
3.83679
5.24293
5.97859
0.0533751
0.064007
0.222589
0.0482846
0.0219501
0.0304347
0.029179
8.50482
0.0220785
3.32881
0.0219793
0.414071
0.093119
0.0228091
0.0232051
8.44907
11.7291
5.18802
1.47468
0.0218144
0.067834
4.84937
0.0257029
9.58272
0.041431
0.109917
1.49993
0.0325061
0.021992
0.127701
0.152873
0.0219272
1.39725
0.841974
0.0217149
0.0222396
0.0221213
0.0220084
6.84195
0.0219908
0.047742
0.0220241
0.02232
0.0327539
0.021942
1.34354
0.0854033
0.0221747
0.0216356
0.112955
0.0232389
0.0564188
6.18565
4.9228
0.0539029
0.244889
0.0410353
0.0216011
0.138857
10.8173
0.0380489
1.36695
5.56289
0.076202
0.0388064
0.0271638
0.0676473
0.0381871
6.37749
0.0221133
0.0221752
0.0218262
2.19628
9.05944
0.0362036
0.0957618
0.0218708
0.025985
0.106369
0.272844
0.0219413
0.0606612
1.67199
0.0896436
0.0219912
0.0219492
20.2298
5.63554
0.0219368
0.548866
0.0297978
0.203948
0.254561
0.0218649
2.80069
0.0285848
0.0220247
2.0456
0.206488
0.0219256
0.0221624
0.271221
0.0217875
0.0220398
0.144355
0.0425687
0.0463578
6.4876
0.0251219
0.0408635
1.61784
0.0218467
9.27374
5.05911
0.024971
0.0592713
0.17595
0.0219812
0.160848
0.0214722
1.87296
1.49241
0.022002
5.31027
8.67323
0.0219613
0.021948
0.58755
0.0368966
1.44635
1.42393
0.0220953
0.043091
5.08877
0.0225685
0.0483482
0.0695825
0.0340078
2.23933
0.195212
0.0231838
0.230496
4.96802
0.0461428
3.54353
0.0219109
0.0215565
0.0222675
0.042792
5.1894
0.0220657
0.0322063
15.2678
2.65284
0.022218
0.0297376
2.00393
1.4024
0.022225
9.51246
0.0334405
0.0885964
0.0342744
0.023097
0.0257842
0.02198
0.0219627
6.32474
0.0219331
0.0530274
0.0219814
5.62534
0.0231683
0.0237365
0.0215978
0.0236425
0.0219804
0.041322
5.22148
0.547205
0.0378564
0.0429703
0.0219669
0.0319058
0.0516831
2.25925
5.39472
0.0218318
0.874422
0.0220225
2.2705
1.29432
5.11301
0.0218295
0.108705
0.0713
6.48054
0.243086
0.0218677
2.6693
0.334733
0.0383787
1.28808
0.0221576
0.0220065
0.0396867
3.41073
0.0219346
6.97214
0.0343496
2.44392
0.0921728
0.0224532
1.98005
0.0280744
0.0221483
0.256456
0.0219411
2.76956
10.6079
0.155135
0.0277765
0.156584
0.0219437
0.103865
0.0440605
9.63576
0.0220361
0.0216323
0.0268386
0.0294359
0.0428404
1.71152
3.46303
0.0363049
0.232143
0.0218218
3.52343
4.91611
0.187319
0.0219296
0.0222604
0.0230363
1.99688
0.0220811
0.0260068
1.88687
0.0826709
0.021999
0.269218
0.0779332
0.0219868
0.0250612
0.121232
1.55063
0.0702369
0.0431195
1.77725
1.36308
0.311211
0.0266558
0.0221376
0.0243278
0.0248171
0.141596
0.0566713
0.0270213
0.0764993
6.27476
0.0242049
0.0219964
4.96113
0.309126
1.56289
0.177514
0.0257113
0.0238216
0.0236478
0.0217763
0.0219101
0.0428893
0.0215598
0.0229857
0.0220298
0.0229503
0.0235632
0.0219487
0.0389724
0.0350138
0.0220628
0.0219376
0.0221193
0.0227839
0.0223649
0.250368
0.0220584
0.0235094
1.47323
0.0217017
0.0232284
0.0222734
0.0268132
4.95152
10.263
2.44125
2.89173
3.15625
0.198052
0.0218806
0.0583992
0.0220227
0.592511
0.0229796
0.0294619
0.0221973
0.0537249
0.0219572
0.0304375
0.0217911
1.91964
0.16677
0.0220785
5.06216
2.9083
0.0221219
0.0867398
0.0219498
0.021604
7.23642
0.0220944
0.0647427
0.195238
0.0221052
0.0215639
0.0723037
1.54681
0.0251627
0.0232759
1.37141
0.0219422
3.93745
0.049666
9.21902
0.0216788
1.45291
0.0219424
0.0221994
0.231564
0.0579998
2.29894
1.63998
6.72205
2.06799
0.154771
0.139313
0.0220461
0.127537
0.0220066
0.0218234
0.0947004
0.0219115
0.0219842
0.0216119
0.0216194
0.0553442
4.18316
1.39867
0.402877
2.54401
0.0233888
0.0305592
0.022718
0.0227702
0.0738497
0.0220639
0.0217567
0.0218222
0.0235206
0.0232291
0.203174
0.0796256
0.0456553
0.0221088
0.0552564
0.056433
1.93468
5.38622
0.0245878
0.0386214
0.0220887
11.9902
1.44308
0.0219244
0.0219329
0.0243382
0.0222131
0.326471
0.275309
4.80469
0.0221483
3.80662
0.0221261
2.62652
0.049873
0.0218125
0.0279613
1.93428
0.0271028
0.0276983
0.0292646
0.0812833
4.58367
0.02179
0.0219147
0.0280122
0.148315
0.0218865
1.89343
3.5252
0.0219733
0.021428
6.1562
0.0637065
0.0219299
5.12605
15.7045
1.90229
2.81939
0.0274016
1.92295
0.022071
4.86978
2.2599
0.859894
0.063245
0.0238085
5.24784
0.0249484
0.0218699
0.021452
0.185846
0.0216426
4.48512
0.0225771
0.022193
0.0251158
1.40078
0.0237478
0.0227754
0.0220737
9.90799
3.77136
11.2953
1.45057
0.0404345
0.0219358
0.0242428
0.204686
0.110456
0.0219866
0.0486286
0.164306
2.28191
0.0219349
3.5604
4.94599
0.0365102
0.0220631
0.0236894
0.0219529
0.0217427
0.0219414
0.0220309
0.0221925
0.097972
0.0220954
0.116207
0.0226207
0.0227037
5.10457
0.0671427
0.0232558
0.0227786
2.07668
0.021568
0.0229454
0.0259954
0.0218168
0.89608
0.0302313
0.0227529
0.0447827
0.0219693
0.0269001
0.0218629
0.139095
0.0218272
0.0219321
6.65582
0.0233213
0.176048
0.0325595
0.0238519
0.0803774
0.0214123
0.0220878
0.0226593
5.84784
0.0235796
0.0219272
1.92546
0.02201
0.0216311
0.0218839
0.700521
0.0322566
0.127256
0.0337402
0.0309051
0.050375
0.0237692
0.0270517
0.048044
2.19814
0.0222891
0.0282971
0.0218146
0.258387
0.201746
0.0219044
0.0277458
2.19103
0.0300763
0.0215568
7.88827
0.0257909
0.0827193
2.25675
0.0277407
0.021923
0.0290661
0.0219279
0.0239278
0.0219045
0.0233289
0.0258695
0.0219699
0.0220682
0.0321155
0.0221889
0.0912156
0.0219056
0.0237952
0.0219549
0.0283162
1.4577
0.0220953
0.0219754
0.0999379
0.0229869
0.0219675
0.235403
6.76065
2.78269
0.0220848
0.024365
0.0334901
0.0222449
0.0221252
0.0329323
0.185171
0.0215397
0.0532007
0.0219783
0.0218918
0.0217594
0.0215317
0.0227151
0.0422876
0.0331335
0.0263806
1.55341
0.024035
0.028025
0.0217315
1.77555
0.949824
1.90728
0.0220636
0.0463187
0.0279987
0.022044
0.0221201
0.0416359
1.41537
2.27684
0.0219348
0.0270441
9.52606
0.0228078
0.181319
5.43726
1.49626
0.0285325
0.0220061
0.0380823
0.0430683
0.147739
11.2443
8.06516
1.45221
0.0226482
0.022174
0.0219482
0.103675
0.0219181
0.0216949
0.0369568
0.0219373
0.021873
0.0218775
0.0527854
0.0219508
0.0217813
0.0219698
2.30191
0.0215561
0.0220439
0.0221066
0.0225298
0.0219386
0.0729001
0.0676873
5.67717
0.0216043
0.0282005
0.107486
5.37935
2.32381
0.0222582
0.0222753
0.0532212
0.0967588
0.0258085
0.369978
0.0219343
1.99109
0.0222781
1.34419
0.0228022
0.0219392
0.0428807
0.0219583
0.0219901
0.0227505
0.730014
0.0243661
0.0224844
0.0221784
0.0219773
0.0389809
0.0219964
0.0219169
0.0257472
0.104506
0.0241647
0.0219038
1.35293
6.88294
0.0220153
0.450946
0.0221433
0.0286009
0.0752439
0.206959
0.0233976
0.0229914
0.0220879
0.273046
0.0282738
0.0221559
0.0219147
0.0232479
0.158094
0.022111
0.0335215
0.0237983
0.0353306
0.0512308
0.0369932
0.0895801
3.54715
0.0249395
0.0220381
6.76014
0.321494
0.0219305
0.0214937
0.0220645
0.0219803
0.0219326
0.0238558
0.0216815
0.0220793
4.86164
1.39439
0.030826
0.021955
2.94963
0.0237676
0.0217054
5.9324
0.023533
0.0216585
0.0220947
0.0220368
0.0350918
0.0220832
0.0549211
0.0219284
0.0217857
0.0219597
0.0316927
0.0349754
0.0218948
0.0559947
1.39643
0.0232249
0.021898
0.0615433
0.021724
0.0220273
0.021871
0.0295143
0.0220516
4.8112
0.0223666
0.240262
3.13173
0.0555094
0.0231702
0.0222299
0.0220703
0.0219407
0.0293375
0.15951
0.115021
0.021817
0.0239302
5.10653
0.0216032
0.173554
0.0219628
0.0230494
0.0306497
0.0622356
0.021955
0.0321474
0.0281432
0.0593696
1.3102
8.85578
0.0218832
0.0219261
0.0328515
0.0227072
0.0226798
0.049253
0.0226378
0.0977929
0.0217857
0.0696124
0.0221062
0.0822468
0.0565551
1.36155
5.19133
0.0219207
0.0381945
0.954021
0.207578
0.021605
0.0218203
0.127344
0.0219443
0.0219315
0.0217513
0.021522
0.0715984
0.0715572
20.5
0.0220194
0.0430045
0.0222551
0.0215965
0.0230429
1.62833
0.159287
0.0219429
0.0221399
0.0218519
6.84091
0.0220148
0.0219444
0.0224943
0.0219596
0.0433929
0.0218348
1.74078
0.0219832
0.0225333
0.0223114
0.0219314
0.0217537
0.0220053
12.4317
0.021786
0.0219596
0.237479
0.0218915
0.0220437
0.0221117
0.022156
0.0534298
0.0219334
0.021974
2.46409
0.02339
0.022038
0.0222797
0.0215494
1.41207
0.0230364
0.022245
0.0219284
0.025657
0.0219662
4.10031
0.021797
0.0220089
7.04955
0.0219768
0.061888
0.0222028
0.0214174
0.0215248
0.0308907
0.0373514
0.0218727
0.0222862
0.0237836
0.0219178
0.0221108
0.022122
0.0218869
0.0217868
0.0218651
5.45263
0.0219566
0.0218518
1.78136
0.021958
0.0265385
0.123546
1.4296
0.0218305
0.0220951
0.021958
0.0216451
0.0230033
0.038627
0.0239952
0.0352879
0.0217835
0.0250321
0.0220186
0.0214798
0.0271206
0.0585849
0.0236057
0.0279012
0.0220256
0.021957
0.0221203
2.02318
0.0233375
0.0220099
4.2316
0.0228631
2.6203
0.0220642
0.0219327
0.0217474
1.40844
0.0219736
0.0249709
0.0228406
0.0220733
0.0219666
0.0220887
0.0220052
0.024034
0.0219251
0.0392436
0.0222481
0.0386528
0.0215243
0.0216406
0.023702
8.73653
0.0221486
0.0220494
0.0226327
0.0219384
0.0238711
1.75714
0.0227906
0.0272829
1.83057
0.435464
0.0227511
0.0226518
0.139718
0.0903246
0.0230346
0.0221148
0.0219006
3.09358
0.0225804
6.76027
0.021704
0.0215456
0.0221048
0.0219549
0.0232615
0.0215924
0.0219878
0.0222652
0.0589857
0.0238827
0.0224868
0.0216379
0.35455
0.0627126
0.0215219
0.0221046
0.023534
0.0222392
0.0220586
0.0216
1.33143
0.0216138
0.0219602
0.0674052
0.0215891
1.90621
0.0218245
0.0415353
0.0264964
0.0219692
0.0215512
0.0219284
0.0222033
0.0220445
0.0218252
0.0216279
1.26086
1.51491
1.76909
0.0216207
3.7494
0.022009
0.0552704
0.0219277
0.0219295
0.0221092
5.98936
0.021949
0.0219171
0.0221261
0.0220044
0.698027
0.0219448
1.6324
0.0214549
0.0224596
2.29629
5.021
0.0219828
0.021958
0.0266272
0.0220147
0.143974
0.0217572
0.534589
0.0217828
0.0353964
0.0221394
0.0218233
0.0219446
0.0219987
0.0232455
0.021909
0.0303184
0.0336886
0.121262
0.0217847
4.1385
0.0219015
12.9045
0.02192
5.86673
1.15523
0.0217542
0.0219178
0.0216094
0.0218951
0.0220439
0.0220652
0.0215971
0.0224626
0.0214473
0.0881827
0.0221108
1.40263
0.0215883
0.0215471
0.0219304
0.0219283
0.0225986
3.17436
0.0229117
3.49728
0.0215727
0.0221189
0.0336431
0.0215917
0.142652
0.0231266
0.0219333
0.0393942
0.0215121
0.0219717
0.022423
0.0217324
0.0288619
0.0399256
0.0216463
0.0221125
0.022046
7.29148
0.0235178
0.0216129
4.88367
0.0518447
0.0216357
0.0219192
0.156025
0.0227345
0.0214467
2.13589
0.217954
0.0227446
0.0214541
0.0222401
0.0352277
0.0215762
0.181023
0.0216272
0.0216927
0.0410199
0.0528727
0.0216209
0.0216256
0.0215358
0.0217447
0.0217576
0.0414987
0.0219678
0.0217641
0.0221112
0.0218481
2.80426
0.0222722
2.45575
0.0259867
0.0274881
0.0221422
1.59013
0.0219182
1.62961
0.0215627
0.0219586
0.472577
0.0219731
0.0228024
0.0216659
0.0248127
0.0217166
0.0266037
0.0215957
2.93845
0.0222063
0.0215983
0.0215479
0.0215827
0.103641
0.021798
3.84824
0.0219188
0.0248834
0.0215058
0.0220153
0.203284
0.0219989
0.1101
0.021824
0.0230796
0.0221845
0.0221333
0.0224369
0.0219423
0.0219801
0.268208
0.0215803
0.0219457
0.0225997
0.0220567
0.0220538
0.0326266
0.0219042
0.0219194
0.0218696
0.021634
0.0217676
0.0219939
10.5145
0.195603
1.93254
0.0214422
0.0234608
0.0221259
0.0262392
0.120375
0.227396
0.0317359
0.0215803
0.0219789
0.0219955
0.022144
0.0221146
0.0219138
2.17058
0.0511346
0.0219278
0.175998
0.0221371
5.74954
0.0219605
0.0218964
0.0218087
0.0215899
0.0214881
0.0218579
0.0216694
0.0218139
0.0422045
0.0231065
0.0219296
1.63182
0.0215738
0.0226578
0.0219842
0.0216311
0.0219344
0.310873
0.0218093
7.47684
0.021934
0.0216118
0.0352946
0.0219159
0.0265358
0.0771506
0.0216865
1.38018
0.0721754
0.0216151
0.0225568
0.0215416
0.248235
0.0216204
0.0272808
0.0228696
0.0218078
0.0217416
0.0218592
0.0219616
0.0224223
0.0217596
0.0223557
8.10072
1.58156
0.0229027
0.0219619
0.243592
0.0309031
1.70502
0.0218041
0.0218907
0.0219627
0.0223797
0.021931
0.021632
0.0216111
0.0219723
0.0427324
0.0216684
0.0220198
0.0261133
0.0219853
0.0300315
0.0220414
2.41225
0.0218767
0.0219251
0.0232232
0.0404802
5.20094
0.0219285
0.0221556
0.0218788
0.0221394
2.06308
0.0225563
0.0219466
1.32903
0.0218371
0.0219937
5.28421
0.0220522
0.0218671
0.0214753
0.0219182
0.0218044
0.0219992
0.035273
0.0218003
1.50216
0.0220989
0.0238442
7.59317
0.0219997
0.0216548
0.022062
0.0214464
0.0216256
1.86954
0.0219693
0.0220086
0.0225928
0.0219078
7.57134
0.0218155
0.127857
0.0217292
0.0668522
0.15857
0.07269
2.48013
0.0263791
0.0350428
0.0280175
0.0218867
0.0219892
0.0231704
0.183104
0.0581639
0.0215371
0.0220059
0.0219699
0.0217648
0.021612
0.139507
1.38948
0.157576
0.0222782
0.0221625
0.0311497
0.0220198
0.0220838
0.0219174
0.0220741
0.0219442
1.25978
0.0230077
0.0223181
0.0215102
0.0643364
0.0216457
0.0220735
0.0217318
0.0215632
0.0219039
0.0220474
0.048723
0.021799
0.0257557
3.85798
0.0216776
0.0221049
0.0216782
3.84118
0.0215314
0.0217882
0.0456128
0.021979
0.0723116
0.0217751
0.0215576
0.0226277
1.90426
0.0222526
0.0220941
0.0216905
0.0217819
4.35365
0.0230471
0.0217525
0.159387
0.0219183
0.0217723
1.85438
0.0222936
0.0222942
0.0222931
0.0222926
0.0222919
0.0217491
0.0235779
0.0233997
0.0722648
0.0215894
1.76724
5.2109
0.0316252
0.0219593
0.0218115
0.0219134
0.0220564
0.021782
0.0221341
0.0217541
0.164505
0.0219442
0.021795
0.0217675
4.59039
0.0220074
0.0221349
0.0220204
0.0219579
0.0219011
0.0218035
0.0227988
0.0236599
0.0221776
0.0230145
0.0233445
0.0222526
0.0223997
0.0225742
0.0219741
0.0222859
0.0215555
0.0218129
0.02171
0.0226558
0.0217985
7.85741
0.0218679
0.0218698
0.0219739
0.021427
0.022927
0.0219749
0.0220376
0.02193
5.00186
2.12417
0.0215854
0.0218067
0.139788
0.0348786
1.04472
0.0218376
0.0240247
0.0352424
0.0215601
0.0222008
0.0219596
0.022206
0.0219282
0.164496
0.029099
0.0340723
0.0219582
1.4614
0.0221247
0.0220761
1.32399
1.65765
0.0217309
0.021871
0.0222616
0.0229761
0.0219177
0.0219943
0.0218739
0.0235417
0.0215722
0.124449
0.0218041
2.00123
0.0217952
0.0220117
0.982439
0.0227665
0.0218231
0.0224774
0.0218878
0.0220233
0.0270844
0.0221684
0.361302
3.58458
8.23634
0.0217716
0.11196
0.0218804
0.0221271
0.0219778
0.0218453
0.0217223
0.0219952
1.8762
0.0218232
0.021935
0.021606
0.0218563
0.0218898
0.0215792
0.022493
0.021982
0.0217364
0.0219432
0.0220261
3.6321
0.0219308
2.32036
0.0222945
0.022009
0.0217941
4.8924
1.44198
0.0216054
0.0216552
8.60128
0.0461559
0.0219345
0.0220257
0.0297832
0.0217812
0.021924
0.0217865
2.27337
0.0220908
0.0220548
0.022284
0.0218921
0.0219693
4.53541
0.0217872
0.0216982
0.0218101
0.0220777
0.0219216
0.0218931
0.0219488
0.0219363
8.98181
0.0221026
0.0220059
0.0216864
0.0312725
0.0217206
0.0330963
0.0220382
0.0216872
0.0219526
0.0217863
0.0218921
0.0219617
0.0221211
0.0216377
0.0218046
7.36478
0.0219661
0.0339943
0.0219723
0.0219074
0.021652
0.0218626
0.0310541
0.0220177
0.0215456
0.0219607
0.0219128
0.0243048
0.597775
0.0217427
0.0214918
0.0220305
0.0220593
0.0219975
0.154968
0.0218129
0.0220041
0.0322834
0.0217589
0.0459583
0.0218389
4.02381
0.0219353
0.0217855
0.0221032
0.0219154
0.0219479
0.0254099
0.0218886
0.022022
0.0219075
0.0219812
0.0221248
0.0217595
0.0218917
0.0216637
9.10166
0.0219714
0.0222321
0.0833774
0.0237074
0.0218035
0.0215799
0.812977
0.0226262
5.05866
0.0218002
0.0944148
0.0222841
0.0238107
0.0215435
0.0220283
0.0219219
0.0217679
0.0219256
0.0219192
0.0219507
5.14588
0.0214241
0.022038
5.43894
0.0221213
0.0216305
0.0222261
0.0219258
0.0303466
0.0217069
0.0309905
0.0218627
0.0221213
0.0221255
0.0221284
0.0218403
0.0219622
0.0240856
2.41569
0.0221828
0.0221306
0.0218467
0.0220062
0.0216236
11.468
0.022853
0.0220552
0.0218951
0.0215966
0.0217038
0.0271047
0.021796
0.0214747
0.0220662
0.0219705
0.0215137
0.0225043
1.27831
0.022129
0.0218137
0.0222748
0.0220081
0.0220428
0.0214601
0.0220725
0.022024
0.0220734
0.022139
0.0215238
0.0219112
0.0220207
0.021934
0.0221565
9.6274
4.88143
0.0220561
0.0233911
0.021852
0.0256781
0.105689
0.0216067
0.0217979
0.0265229
0.0228313
0.030157
0.0220418
0.0219742
0.02194
0.0219862
0.0216066
0.0218702
2.1767
0.0337311
0.0215809
0.0242534
0.022395
0.259006
0.0216717
0.0216381
0.0215278
0.02174
0.0219078
0.0811682
0.0218443
0.10501
0.0435414
0.0243702
0.0218814
0.0220826
0.0218572
0.0219194
0.0222589
0.0218949
0.0218978
0.0295294
0.0220455
0.0218277
0.0221606
0.0220342
0.0219736
0.0220084
0.021985
0.0217366
0.0220106
0.0218962
0.0220288
0.0220136
0.034009
9.93315
0.0320724
0.0217256
2.01393
0.0220474
0.0216904
0.0603641
0.0222853
0.0218826
0.0219059
0.0218984
0.0219397
0.0216827
0.0220297
0.0225005
0.0219277
0.021917
0.0218046
10.1188
0.0217855
0.0219002
0.0293862
0.021771
0.0217655
0.0219839
0.022293
0.0221488
23.4173
0.0218825
0.0423506
0.0219728
0.0414801
0.12685
0.0214607
6.00882
0.021949
0.021963
0.0217193
10.7955
3.03073
0.0216071
0.027674
0.0221377
0.0232003
3.60422
0.0243619
0.0219523
0.0216062
1.11519
0.0219724
0.0229933
0.0220159
4.47225
0.0219355
0.0215547
0.021773
11.8409
0.0218005
0.0219804
0.0220001
0.0216891
0.0220137
0.0220892
0.0219986
1.96837
11.4353
0.0219936
0.0234111
0.024772
0.0770245
0.0217247
0.172895
9.20988
0.0215716
0.0216565
12.9688
0.0267196
0.0220154
0.021802
0.0222929
1.97711
4.88781
0.0221633
0.0221375
0.0225452
0.0220758
0.0219748
0.0224862
0.0222561
0.022047
0.0219251
0.0332886
0.0215393
0.0234285
0.0225366
14.8408
0.021567
0.0220578
0.0218551
0.022575
16.7325
0.0221293
0.0547669
0.0226078
0.0219967
3.18931
0.0220788
6.51999
12.8618
0.0218554
0.0221216
0.0219355
0.0224975
0.0219977
0.0218365
0.0272986
0.0214391
0.391893
2.03361
1.39136
0.0219995
0.0243923
0.0219494
0.0215801
0.0219932
0.0221432
2.04212
0.0220842
0.0220797
0.0218146
0.0221386
0.0221824
0.0221642
0.0219975
0.0219958
0.0221055
0.0215244
0.0960569
0.022586
0.0719644
0.0221453
0.0219278
0.021898
0.0220273
0.0217039
0.0220459
0.0226218
0.0244559
0.0216919
1.38675
0.0220976
0.0972909
0.0219194
0.0219223
0.0763788
0.0293026
0.0219388
0.0219794
0.0220297
0.0219453
0.021617
17.9801
0.0412324
0.0219182
0.0215471
0.0221152
0.0219976
0.0904395
0.0219937
0.0215113
0.0220423
1.32202
9.39741
0.0217001
0.0218294
0.0219743
0.0219516
0.0232301
5.28035
0.0289241
0.067436
0.0216111
0.0390112
0.125446
0.022101
0.022238
0.148228
0.0227633
0.0216611
0.191816
0.023625
0.023075
0.0217887
0.0493416
0.022033
0.0219969
0.0619781
0.021965
0.0235296
0.0220338
0.0720055
0.021522
0.0220292
4.81044
0.0262185
0.0221274
0.0296369
0.0216278
0.0286382
0.0247256
2.67247
6.53237
0.022278
0.0217206
0.0325406
0.0220363
3.4879
1.47681
0.0220822
0.0220538
2.9016
0.0216497
0.0221577
0.0507758
2.71612
0.0638532
0.0216546
0.0219352
0.0219271
0.0218004
0.0217352
0.0220315
0.0391714
0.0220267
0.0215043
0.0219127
0.0219592
9.51409
0.0323865
0.0221832
0.0233444
0.0215408
0.0221408
0.028213
0.0221107
0.0373524
0.0218946
7.62066
0.0215108
0.0218037
0.0372085
0.0221804
0.0220985
0.0221926
0.0250696
0.0215443
0.0226275
0.0215722
0.0218834
0.0216943
0.0234285
0.0219901
0.0219107
0.0220652
1.45386
0.0366339
0.0215931
0.0219218
0.0219239
0.021533
0.0590632
0.0655794
0.0218755
0.0220428
0.0218154
9.02646
13.8224
0.0220642
0.0215993
0.0215555
0.0216279
0.0222183
0.0218881
0.0217931
0.0218732
0.0410571
0.0219293
1.20264
0.0220265
0.0218302
0.0220175
0.0582994
0.0217261
0.0372212
0.0217944
0.021951
0.0219217
0.0299172
0.0220115
3.15532
0.0219879
0.0222927
0.0220107
0.0217274
0.0303543
0.0225905
0.0218616
0.0215892
0.0220979
0.0220477
1.40669
0.0490073
0.0220759
0.0879063
0.0218306
0.0221409
0.0251251
3.43904
0.0220169
0.0222249
0.0294763
0.0264763
3.66689
0.0216354
0.0218988
0.0651906
0.0518746
0.0214307
0.0221148
0.0221747
0.0217942
0.0233041
0.0219283
0.0219156
0.0266337
0.021528
0.0453862
0.0217878
0.0218194
0.0219623
0.0218586
0.0216618
0.0220497
0.171244
0.0222521
0.0218451
0.0217614
0.0216923
0.0218151
0.021933
0.0309991
0.054888
0.0217094
0.0222133
17.1375
0.056711
0.0620621
6.6547
0.0219211
0.0217597
0.0217197
0.0217235
0.0570648
0.0221229
0.103952
4.64464
1.48707
0.0220472
0.0222949
0.0215833
0.0222385
0.0219755
0.0256183
0.0222631
0.0262476
18.2324
0.0218156
1.13331
0.0256024
2.24095
0.022065
0.0217709
0.0217104
5.57689
0.0218026
0.022259
2.03265
1.47352
0.0219237
0.0218679
0.0223597
0.0216526
0.0217888
0.0546356
0.0217969
0.0218574
0.025954
0.0221083
0.0218221
0.0216149
0.999768
0.0219312
0.0221301
0.0219541
0.0573232
0.0217748
0.0220093
0.0270271
0.0236001
0.0218823
0.0635673
0.0353755
0.0241201
0.0511351
0.0229814
0.0219945
0.0218792
0.0217612
0.0217042
0.021866
0.0221586
0.0221181
0.025564
0.0221859
0.0219797
0.0512461
0.0453218
0.0219341
0.0215966
0.0220201
0.0220268
0.671457
0.021748
0.023028
0.0323579
0.402425
0.348573
0.0218605
0.0350001
0.0517065
2.45956
0.0218893
0.0219814
0.0226322
0.0218611
0.0222724
0.0218997
0.0418478
0.0214424
5.52088
0.0219165
0.0219786
0.021748
0.0219633
0.022036
0.0222655
0.0220238
0.022126
0.0222454
0.0219389
4.43819
0.0217867
0.0219391
0.483889
0.0220207
0.0220083
0.047674
0.021993
0.0220925
0.0265785
0.0221461
0.0218489
0.0222717
0.021948
0.0218288
0.0219181
2.68064
0.0253624
0.0226853
0.0218978
0.0219017
0.0218994
5.02502
5.44098
0.0227709
0.0219982
0.0219488
0.0243776
0.0219578
0.0301334
0.0219617
0.0221958
0.0220397
0.595185
0.0381106
0.0217616
0.033884
0.0219441
0.0291327
0.0221207
0.0217058
0.0221055
0.0221456
0.0218131
0.0217851
0.0219008
0.0221697
0.180309
0.02377
0.0218688
0.0260618
0.0243551
0.049103
0.0224827
0.0222528
0.0219759
0.0231389
0.0218857
0.0224338
0.021714
2.64375
0.317355
0.0225933
0.0336755
0.0215536
0.0219563
0.0219271
0.0217082
0.0219107
0.0223725
0.022095
0.0219905
0.0222253
0.293836
0.0237647
0.0217217
0.021922
0.11436
0.0220144
0.0218697
0.0446958
7.16626
0.0219723
0.021854
0.0219411
0.0218278
0.021957
0.152617
0.0218343
0.0217302
0.0219147
0.022006
0.0222176
0.0221691
0.0216942
0.0261283
0.021959
0.125659
0.0221778
0.0231372
0.0355616
0.0219879
0.0220935
0.0219266
0.0222941
0.0220989
0.0221365
0.0226417
2.60272
0.0220347
0.0217352
0.0502822
0.0220038
1.13412
0.135539
0.021968
0.02202
0.0220901
0.021778
0.0220744
0.0217535
0.0219865
0.0400616
0.0222926
0.0216041
3.19683
0.0222046
0.0221001
0.0222076
0.0217967
0.0679112
0.0266371
0.0220758
0.0219457
0.021668
0.0220363
0.0219309
0.0221086
0.0292022
0.0272595
0.0219796
0.0221537
0.0214588
0.0219798
0.0216773
0.0219291
0.021991
2.86772
0.0233188
0.0219419
3.01622
0.0221482
0.022092
0.0222932
0.0221129
0.0219845
0.0219348
0.0221235
0.0221645
0.0220218
0.0218473
0.022285
0.0221418
0.0219186
0.0222938
0.022136
0.022175
0.0219009
0.0221747
0.0216883
0.0222865
0.0218229
0.0221248
0.0221231
7.76698
0.0220634
0.0220266
0.0218208
0.0348193
0.0220451
0.0219205
0.0217732
0.0219242
0.0230544
0.022293
0.0221458
0.0217385
0.0222935
0.0221743
0.0221306
0.0227943
0.0222917
0.0222277
0.021922
0.022293
0.0221049
0.140242
0.0218664
2.90183
0.0221861
0.0220572
0.0304719
7.47364
0.0226447
0.0219415
0.0220401
0.0215881
0.0221139
0.0220274
0.0217208
0.0267993
0.0217901
0.0219758
0.0221053
0.0374383
0.0233125
0.0218094
1.52015
0.0482769
0.0218948
0.021848
0.0220569
0.0233089
0.021905
0.0238221
0.0246963
0.0217732
0.0215335
0.0221354
0.0220235
0.0220866
0.0220759
0.0221868
0.0222497
3.72024
0.0219873
0.0220426
0.0221185
0.0216914
0.04654
0.0217562
0.022157
0.0221749
0.0221284
0.0220637
5.28254
0.0394331
0.0218737
0.0218051
1.40383
0.0217589
0.0221235
5.60578
0.168899
8.52327
0.022173
0.0221684
0.0385211
0.022531
0.0220081
0.0218515
0.0217198
0.0219458
0.0218111
0.021994
0.0301144
0.0221059
0.0221272
0.0218586
0.0215303
0.0219952
0.021722
0.0218828
0.0221422
0.0215763
9.79399
0.0221787
0.022018
0.0320229
0.0220384
0.0218513
0.0220607
0.247691
0.0218051
4.99754
0.0219745
0.0218255
0.0229163
4.79713
0.0220436
0.0220306
1.84709
0.0221983
0.0231094
0.0220446
0.0219098
0.0321525
0.0216808
0.027985
2.92862
0.0219321
1.84447
0.0222419
9.76875
1.23516
0.0836612
0.0222428
0.0218927
0.0214062
0.0221275
0.0218399
1.77235
2.67556
0.021677
0.0221755
0.0726695
0.021897
0.0222361
1.05194
0.0218967
0.0222757
0.0219682
0.0420033
0.0971915
0.0218458
0.0227616
0.0221431
0.0219878
0.0217284
0.0974815
2.32803
0.0233083
0.0259105
0.0219689
4.31491
6.23658
0.022061
0.0219206
0.0221997
0.0217104
0.022023
0.022036
0.0221968
0.0225023
0.0214211
0.0309126
5.12861
2.57481
0.022143
0.0221824
0.214326
0.0221619
0.0222995
5.72993
0.0221557
4.21449
0.0259935
0.0221811
0.0219618
0.0264867
0.0217578
0.202034
0.0221999
5.5831
5.06908
0.0220014
0.0222002
0.0221211
4.97146
2.9862
0.0215045
5.26215
0.0219682
0.0222301
0.0218092
0.021707
0.189958
0.0268623
0.0218361
0.022161
0.0246379
0.0218086
0.0220085
0.022223
0.0221415
0.0218554
0.0216867
0.0794147
0.0222259
0.0214895
0.06393
0.0221788
0.0222031
0.0221382
0.0221268
0.0214571
1.42269
0.0224096
0.026893
0.184762
0.0221906
0.0220909
0.0215896
0.0221721
0.0221904
0.0553345
0.0268967
0.0216713
0.0217289
0.0222034
0.0217405
0.022229
0.0254447
0.0219753
0.0222081
0.0221173
0.0222072
1.45903
10.1626
0.0216401
0.0226215
0.0218398
0.0215737
0.0802252
0.0312249
0.0221525
0.0221865
0.0217424
0.0219624
0.0220708
0.0219532
0.0214544
0.0241377
0.0222437
0.0222154
0.0222089
0.0221615
0.0219927
0.0216893
0.0221524
0.0217564
0.0220547
0.0216697
0.0221513
0.0222195
0.0565335
0.0215382
0.0221152
0.0217954
0.0221542
0.022073
0.0221429
0.0226065
0.162839
9.36536
0.0221492
0.0224244
0.0220453
0.0218362
0.0222457
0.0216779
0.0216985
0.0219605
0.0219847
0.0239063
0.022246
0.0221993
0.0219131
0.0219295
1.50439
0.0222327
0.0219545
0.0216454
0.0218405
0.0218082
0.0215555
0.02506
2.2654
0.0220995
5.17075
0.0220798
0.0223589
0.0221109
0.0217536
0.0456059
0.0221759
0.0220573
0.0219294
0.0240674
0.0216669
0.0219723
0.0221844
0.0218967
0.0216748
0.120758
0.0220527
0.0217292
0.021951
0.0217653
0.021823
0.125677
0.0218851
0.0241475
0.0221081
0.0220812
0.20632
0.022501
0.0216048
0.0219424
0.0217764
0.0218022
0.0221722
0.0221182
0.0216787
0.0248482
1.65611
0.0221933
0.0218309
0.0215603
0.0218806
0.022227
0.0220163
0.0220719
0.0222132
0.081087
0.0214866
0.0218954
0.0214702
0.0394766
0.0222192
0.0221788
0.0219007
0.0221081
0.0222682
0.0216281
0.0216701
0.0218644
0.021611
0.0218747
0.0220242
0.0216323
0.0215935
0.0221652
0.0222272
7.83919
5.79309
0.0220645
3.99595
0.0220306
2.51502
0.0222847
0.021971
0.050716
0.0220347
0.0219087
5.26302
0.0218177
0.0217908
0.204317
0.021773
17.2298
0.0223916
0.0221317
0.0221859
0.0217965
0.0216901
0.0223753
0.0218097
0.0221571
0.0218631
0.0221555
0.0221363
0.0218019
0.0217832
0.0222951
0.0223733
0.0221581
0.0219037
7.51461
0.0220082
0.0408177
0.0221507
0.0222381
0.0215717
0.0217698
0.0496868
0.0221066
0.196333
0.0217428
0.0221294
0.0219294
0.021783
0.0220184
0.0221954
0.0292826
1.68541
0.0219447
0.0884022
0.0220686
0.0215559
0.0220559
1.56536
0.0219151
0.0217565
0.0222983
0.0219357
0.0653294
0.0314581
0.0220562
0.0219388
0.0218775
0.021952
0.0217637
0.0219296
0.0221651
0.0218702
0.0255916
0.0220566
0.0219588
0.0220136
0.022084
0.0221508
0.0220872
0.0221304
0.0218729
0.0218458
0.0218371
0.021953
0.0221304
0.0219678
0.206957
0.0219861
11.8432
0.0217291
0.186438
0.0219836
0.0218553
1.62285
4.81318
0.0218738
0.0217454
1.50017
0.0219063
0.0220569
0.0433224
0.0243796
0.022087
0.0249644
5.46726
0.0220148
0.0328169
0.0222003
0.0219991
0.0221728
0.0220894
0.0220308
0.0222638
0.0222425
0.0219966
0.911577
0.0215129
0.0226475
0.0220719
0.0372499
0.0218791
0.0222121
5.24727
1.3558
0.0221371
0.0222073
0.0242989
0.0215316
0.0216991
0.021929
0.0220597
0.0258102
0.0219176
0.021512
0.0221161
2.34699
0.022095
0.0220394
0.0281641
0.0220764
0.0222228
2.81056
5.97125
0.0214955
0.0221882
0.0219142
0.139839
0.0221498
0.0215019
0.0216678
0.0218008
0.0220424
0.0221053
0.022047
0.0222857
0.0218643
0.0218848
0.0215916
0.0215114
0.0218222
0.022069
0.0214687
0.0281684
0.0217429
0.0222847
0.0220227
2.00113
0.0216736
0.0218152
0.0218001
0.0220812
0.022024
0.0217991
0.0220923
0.0222001
0.0220586
0.0221436
0.021685
0.0220528
0.0220465
0.0222182
0.0216358
0.0221849
0.0214721
0.0217163
0.0218117
0.0219311
0.0221598
0.0221636
0.0221029
0.0218951
0.0219645
1.77876
0.0219308
0.0219628
0.0220011
0.0221257
0.0218967
0.0278284
0.024708
0.0306418
1.66074
0.0672515
0.0219777
0.0215091
0.0217202
0.0221765
0.0221963
0.0227968
0.0217029
0.0220894
1.2983
0.0220588
2.80651
0.0215366
1.93591
0.0220741
0.0223821
0.0216897
0.0216303
0.0221822
0.0215676
0.0219579
0.0219697
0.0217972
0.0277657
0.361861
0.0221481
0.0219666
0.0217301
0.0221817
0.0380548
0.0220204
0.0219376
0.0221673
0.0219834
0.139229
0.021454
0.0221849
0.0220306
0.0220404
0.0221668
0.0221878
0.0220605
0.0217688
3.53014
0.0220949
0.211543
0.0300835
0.0219323
0.0218959
0.0218917
0.0219822
0.0231749
0.022219
0.022246
0.0444238
0.0220079
0.0221688
0.0218881
0.0410351
0.140959
0.0222255
0.0220008
0.021688
0.0218763
0.0219816
0.0221811
0.0272503
0.0220685
0.023625
0.0347847
1.52475
0.0219625
0.0219397
0.021947
0.0288528
0.0394075
0.0221606
4.89706
2.29521
0.0219553
2.20946
0.0219295
4.0334
0.0218905
0.0219421
0.022068
0.02171
0.0220557
0.0221686
0.0219443
0.022153
0.0222031
0.0231022
0.0219461
0.0221106
0.0214414
1.35689
0.0215939
0.0218476
0.0251021
0.0297525
0.021692
0.0224968
0.0220361
0.0218001
0.0221502
0.0216491
1.99044
0.0220502
5.13869
0.0219966
0.0221328
0.0224545
0.0219045
0.0216557
0.0226122
0.0219309
0.0218685
0.0215995
0.0217528
0.0220282
0.0220482
0.0233313
0.0222052
0.0232363
0.0220131
0.0221159
0.022004
0.0220958
0.0298483
1.92952
0.0220035
0.0215263
0.0219614
0.022139
0.0218379
0.0218569
1.83964
0.0217958
0.022009
0.026245
0.0856189
0.12343
0.0219363
0.021533
1.64616
0.0220459
0.0215601
0.0342542
2.21992
0.0218448
0.0219186
0.0219512
0.0217534
0.0220042
5.52576
0.0416067
2.12326
0.0217383
0.0252142
0.022145
0.0218553
0.0215899
0.0214652
0.0217063
0.0218629
1.36096
0.0220078
0.137528
0.0218619
0.0217047
0.022004
0.0219494
0.0218156
0.0222673
0.0216961
2.23965
0.0222065
6.47068
0.0221187
0.0218665
0.0219743
0.0308685
0.0216976
0.0218503
0.0217228
0.0215644
0.0392044
0.0233732
1.69888
0.0219048
0.0218988
0.0214077
5.51441
2.44754
0.0218954
0.0218487
0.0222802
7.80546
0.0218619
0.0217177
0.0222243
0.0216911
0.131948
0.0217773
0.0218261
0.243733
0.0219289
0.0219926
0.0219464
1.62054
0.0373416
0.0218321
0.0216899
0.0218911
0.0219524
3.35589
0.0218457
0.0221177
0.0218115
0.0219894
0.0255374
0.021844
0.0219684
0.0217432
0.0218367
0.0222052
0.0234095
0.0332538
0.0219681
0.0219036
0.0220968
0.0221391
0.0219363
0.0220616
0.0219701
0.0222265
0.0218513
0.0219036
0.0243087
0.0224661
0.021943
0.022499
0.0221074
0.0221761
11.2448
0.022076
0.0225421
5.82802
0.0219819
0.0221572
0.0219952
0.308964
0.0215649
0.0234888
0.0371533
0.0216758
0.022254
0.0221884
0.216102
0.0220558
0.0219441
0.0218591
0.0221106
0.0220058
0.0806801
0.0256495
0.0242814
0.0218719
0.0217368
0.022193
0.0218485
0.0219955
0.0216341
0.022565
0.211869
0.0219147
0.0221129
0.536856
1.32529
0.0219728
0.0219746
0.0221023
0.0632828
0.0772483
0.0219153
0.0219198
8.33346
0.0219371
0.0219469
0.0220931
0.0217254
0.0220856
0.0222285
1.49704
0.0221613
0.0221054
0.0219288
0.0218426
0.0221284
0.758869
0.0218893
0.0219173
0.0218964
0.0322232
0.0221978
0.0218607
0.0219658
3.04759
0.0216558
0.0221438
0.0218207
0.022206
0.0217419
0.0233837
0.0219616
0.021859
0.0219046
0.0666071
0.0221489
0.0222081
0.0221439
0.0220615
0.0222274
0.0220662
2.63203
0.0220486
0.063767
0.0222345
0.0217417
0.0222139
0.022205
0.0216419
0.0217168
0.021679
0.0218173
0.145483
0.0260328
0.0218355
0.0467806
0.0214698
0.153536
0.0221365
0.0217336
0.0216817
1.1363
0.0217334
0.0218352
0.0215429
0.021838
0.0259194
0.0220625
0.0218747
0.0217025
0.0215919
0.0220127
0.0217168
0.0214892
0.365265
0.112293
0.0218193
0.0220625
0.0220609
0.0218265
0.0265861
0.0216238
0.0220736
0.0218367
0.0219427
0.0222468
0.021909
0.0216658
0.0266262
0.0297163
0.0221678
0.021822
0.0218068
0.0216083
0.0227424
0.0219337
0.0221129
0.0219622
1.29429
0.0219675
0.022113
0.0217727
0.0219258
0.0230666
0.0217896
0.021779
0.0218731
0.0216733
0.0214569
0.0297382
0.0218277
0.0219695
0.0216046
0.0220289
0.0216841
0.0220551
0.0762228
0.0221868
0.021584
0.022629
0.0219418
0.0219204
6.05382
0.0217799
0.0218395
0.0216938
1.0143
0.0217493
0.0219292
0.0337366
0.0352514
0.021473
0.0222466
0.0222194
0.0217685
0.0219582
0.0219328
0.0218676
0.0386608
0.0225624
0.0221075
0.0221205
0.0219846
0.0220478
0.0218387
0.0217187
0.0234524
3.30711
0.0219556
0.0219388
0.0219455
0.0216884
11.4413
0.0218994
0.0219418
0.0219844
0.0220955
0.0225271
0.0215179
0.0218423
0.0220202
0.0224683
0.0219556
0.0219373
0.0354247
0.0253782
0.0220796
0.0772125
0.0218241
0.0217589
8.04713
0.0218789
0.0220362
0.0219237
0.0221998
0.0219584
0.0217597
0.0222075
0.0217998
0.0218124
26.8365
26.5751
26.6021
3.34295
0.0216344
0.0218943
0.0217595
0.0219098
0.0226705
0.0217812
0.0217265
0.0221442
0.0220737
0.0220636
0.0215307
0.0938568
0.0221285
23.556
0.0221495
0.0221117
0.0221807
0.0712994
0.0217678
0.0218527
0.0221281
0.0217592
0.0218799
26.2941
0.0218066
11.9758
0.229229
0.0219126
9.3538
0.0218451
0.0653213
0.0217536
0.0221805
0.0663948
0.0236179
0.022063
0.0221444
0.0218835
0.0220614
0.021916
0.0218535
0.0217578
17.2206
27.0448
26.3641
20.1215
22.8062
27.7015
13.5605
13.3365
20.4434
12.541
26.4333
24.305
13.788
23.9732
24.2689
27.9254
12.1592
28.9068
6.65953
21.1748
0.0221575
0.0217601
0.021548
0.0671233
0.0217554
0.0216928
0.0218573
0.0222403
0.0222268
0.0219142
0.0220393
0.0218328
0.0218433
0.0218665
0.761426
0.0220016
0.0561747
0.0219029
0.022139
0.0216593
0.0218895
0.0218476
0.022023
0.0214417
0.0218541
0.0218951
0.0219215
0.021946
0.0221818
0.0218661
8.15536
8.98734
8.41743
7.65818
6.72684
0.0219318
0.0222195
0.0660689
0.0221803
0.0218439
0.0218818
0.0217751
0.0221236
0.0218892
0.0642532
0.0220783
0.0218451
0.0218406
0.0219488
9.58585
0.0218406
0.021935
0.0218709
0.0215548
1.91029
0.02189
1.465
0.0371719
7.91805
0.0250362
0.0425565
8.26445
0.0220105
0.0217335
7.46517
0.184554
1.8876
1.70505
0.0335343
0.0214932
0.023205
0.0216115
0.021865
0.0215226
0.0217339
0.0218011
0.0221997
0.0222167
0.0589131
0.0269281
0.0218894
0.0217268
0.0220758
0.02224
0.0228172
0.0219217
0.0217833
0.0251683
0.0217065
0.0218807
0.0217365
0.021885
2.46836
0.0217736
0.0222396
0.0221791
0.0220882
0.0216441
0.0220414
0.0221618
0.0216682
0.0221996
0.0219271
0.0216798
0.0219335
3.28516
0.0215053
0.0219598
0.0216119
0.0546835
0.0219318
0.0219465
0.0222117
0.021855
2.49959
0.148452
3.59597
0.0216368
0.0218517
0.0218245
0.0218693
0.0221309
0.0221359
0.0219675
0.0218372
0.0218537
0.0218096
0.0218395
0.0249189
0.0807069
0.0216585
0.0218898
0.021933
1.33091
0.0218429
0.523748
0.0224865
0.0218486
0.0218306
8.74296
0.0216705
0.0219329
0.0220974
0.0219353
0.0214365
8.39069
0.021549
0.0221807
0.0531662
0.0220682
0.0219651
0.0303215
0.0411206
0.021671
0.0218388
0.0224439
0.0219076
0.0216984
0.0509363
0.0220989
0.0218671
0.0224879
0.0216121
0.677949
0.0224165
0.0219719
0.0222356
0.0219302
0.021991
0.562908
5.25262
0.0218553
0.0219514
0.0220929
4.80309
0.0216738
0.0360762
0.0216522
0.0220287
0.0216252
0.0218431
0.0219587
0.0219532
0.0216747
0.0216082
0.0216797
0.0222186
0.0268471
0.0220723
0.021704
0.0215375
0.021714
0.0222513
0.0239702
0.0218387
0.0218065
1.44797
0.0218365
0.0214226
0.0216899
0.0343165
0.0217814
0.0214865
0.021403
0.0475528
0.0220452
0.0217781
0.0220639
0.0216775
2.18045
8.8334
0.0242715
0.021404
0.0222299
0.0217729
0.0220834
0.0219656
0.0219475
0.0215034
0.02181
0.0222937
0.0227274
0.0216862
0.0266322
0.0476652
0.0220395
9.17897
0.0220086
0.0221009
0.0217724
0.0221315
0.0216612
0.0217341
5.55625
0.0228102
0.02154
0.0217397
5.04188
0.0221431
0.022182
0.0451332
10.3172
0.0219369
0.0214896
0.0292288
0.178809
0.0217111
0.0219602
0.0446159
0.0216336
0.0220028
0.0221618
0.0215412
0.0221695
0.0216766
0.0217254
0.0220085
0.0215517
0.122864
0.0222642
0.0320048
0.0412353
0.0221721
0.0220639
0.184864
0.0214524
0.0219855
0.0216838
0.0220416
0.0214912
0.0218877
0.0247865
0.0220494
0.0221751
0.0220096
0.0219535
9.62616
0.0218688
0.0218894
0.0219645
0.247913
0.0217267
0.0221138
0.0222601
0.0219236
0.0465499
26.1809
26.6672
0.0218478
0.0220353
0.0221946
0.0222486
0.0217745
0.0611468
0.0218969
0.224182
2.58501
0.0419321
0.0215383
13.2964
0.0220782
0.0222606
0.0215423
0.0221715
0.0217459
19.3494
0.022235
0.0394314
0.0440932
0.0214876
2.3671
0.021733
4.34713
0.0215743
0.0217428
0.0217647
1.97455
0.0274566
0.0219913
27.1114
0.0259724
0.0220087
0.0216927
0.0219492
0.0234708
0.0217114
0.0220727
0.0218833
0.0220959
0.0218424
0.0219025
0.0217839
0.0215002
0.0222393
26.9617
25.8311
0.0219218
0.0222165
0.0223728
0.0221878
0.0229186
0.0217234
0.0218234
0.0219328
0.0218385
0.022125
0.0215078
0.108062
5.09471
0.0218257
0.0215757
0.0220093
0.0215064
10.185
12.9283
0.0216832
0.0233891
0.0222558
0.0218823
0.170163
0.0218938
0.0217361
0.0220891
0.0235568
0.0221245
0.0216531
0.0215491
0.0219325
2.4316
0.0219251
0.0246092
1.33522
0.0290861
0.0219693
0.0217216
0.0218941
5.86008
0.0221636
2.91587
0.141396
0.0231752
0.022108
0.0218742
0.0297359
0.022138
0.0216421
0.030876
0.0221877
0.0229691
0.0220447
0.137124
0.0219309
23.4921
25.7716
0.022089
0.0218265
0.0319586
0.0221092
0.0218228
0.0220114
0.0221063
0.0218517
0.0219729
0.02166
3.44295
0.0218413
0.0215822
0.023023
0.0218873
0.030134
0.0216903
0.0218984
0.0215407
0.0219369
0.0220722
0.0218497
0.0218614
0.0219059
0.021881
0.0220236
0.0219939
0.152068
0.0215418
0.0224154
0.0221285
17.895
0.0352536
0.0217012
0.0253167
0.0218981
0.0399414
1.5275
0.0229436
0.0219378
0.0860436
0.0218423
0.0221615
0.0229901
0.0218824
0.096618
0.0219297
0.0226117
0.0219314
0.0218532
0.0220895
0.021662
0.0216738
0.0214955
0.0217002
10.7916
10.3919
0.030081
0.0216983
0.0221792
0.0509772
0.021646
0.0220001
0.0218889
0.112007
7.27995
0.0221977
26.4518
0.183662
0.0219264
0.0218902
0.0214876
0.0726854
0.0218405
0.0218354
0.0220953
26.4961
0.0565608
0.0219204
0.0221458
0.0217894
0.0217581
0.0443482
0.0218455
0.0217334
0.0232413
0.0214977
0.0220455
0.0251999
0.0220961
1.16986
1.92681
0.157767
0.0220524
0.0219457
0.0218358
0.0217141
0.0218673
0.109647
0.0218237
20.7326
0.0256618
0.0220073
0.0217884
1.96715
0.0218513
28.5431
0.0736121
0.0232795
11.1869
0.0215716
0.0221374
0.0220575
0.0219116
0.022194
0.0395411
0.0238755
0.0658186
25.6267
26.4593
0.0221055
0.0221219
0.033223
0.0236048
0.0219316
0.0220216
0.0225549
0.0217624
0.0219351
0.120673
0.0219958
0.0220744
12.2347
9.38894
0.0219512
0.0249004
0.156573
0.022177
4.26247
0.0225425
0.0466968
0.021939
12.0154
0.0218285
3.51692
2.15259
0.0215389
3.04628
1.4397
0.179127
0.0222078
0.0215741
0.0338151
0.139454
29.6253
0.0218476
26.0785
0.0219844
0.0220463
0.112117
1.19639
0.0219415
22.2045
3.94702
0.0215876
28.5092
0.0217889
5.33546
0.0219307
0.022136
17.0977
0.0220352
0.0218925
12.8067
3.37275
0.0218939
0.0241252
0.0220166
13.1217
0.0320541
0.0218537
0.0219101
0.0215392
0.021725
0.0214383
0.0216774
23.6842
0.0215208
1.37708
0.0220735
0.0218304
0.0218482
0.0220594
0.0218614
0.0221549
0.0220447
0.0224746
0.0784192
0.167289
0.0254138
0.0216062
6.22109
6.89807
0.0219108
0.0221434
0.0266825
13.3135
0.0222285
0.0274792
0.252981
0.66558
0.0373368
0.0349926
0.0221745
2.01065
4.87221
1.22071
0.0244271
0.0879844
0.0220731
4.05342
0.0221862
0.0219776
0.0345527
0.0348182
0.0214883
0.0218997
0.0219095
0.0220303
0.682265
0.0220922
0.0219407
0.144887
0.021651
1.4405
0.0218758
0.0249402
0.0217558
0.0348653
0.0221808
0.0221321
0.0220832
0.025177
0.021782
0.0219242
17.9029
0.0220735
3.97027
0.02189
0.0219381
0.0220037
0.0217466
0.0355627
0.0218801
0.0219685
0.0221903
0.021862
0.119518
0.0218747
14.9094
0.0263304
0.021894
0.0217837
0.0218564
0.0220165
0.0219271
2.29758
0.025206
0.0222399
0.13198
0.0224894
0.0220854
0.0220288
27.646
5.3233
0.0425786
0.760327
3.18431
0.0247248
0.189084
0.0221388
0.0218835
0.0221378
0.0547316
0.0219676
0.0216974
0.0972883
0.0260452
1.95008
0.0221562
0.0680546
0.0222099
0.0217671
16.0239
0.387072
0.557191
0.0219527
0.0218557
0.0219812
0.0216647
0.0353127
0.0247789
16.625
0.0218613
0.022381
0.0215237
0.0222473
0.0215491
0.0217201
2.35068
0.0219798
0.0223865
0.0221059
0.0291739
0.0219059
0.0468737
0.301581
1.50151
0.0218093
0.136844
0.0254423
0.0222827
0.0256552
0.0219392
0.0218978
0.0253339
0.0221726
24.3224
0.0219268
0.0248035
0.167113
0.0219715
0.115102
0.0217551
0.156551
0.0224194
0.0218522
2.36268
0.0760019
0.0221306
0.0215732
0.0298752
0.0217933
0.0388357
0.0324337
0.0397496
0.0225871
0.0218462
0.0218795
0.021716
17.645
0.0221909
0.0214188
0.0219276
0.0425314
0.0286576
0.02177
0.0222787
0.022383
0.0217778
0.0221165
0.0220103
0.02201
11.4583
8.18234
0.0237383
0.022285
0.0222837
0.0856162
0.0217743
0.0221779
0.0716402
0.0222106
0.0230752
0.0216652
0.0220397
0.0217953
0.021565
0.0219918
1.7447
0.0838698
0.799492
0.0325614
0.0220247
6.07525
0.0220505
0.02177
0.0219173
0.0683893
2.90379
0.0217692
0.033395
0.0221875
0.0241967
1.35903
0.0217851
0.0221931
0.0221591
0.438686
27.9325
0.0245442
0.0463738
0.861829
0.0216935
0.0219656
0.0218624
0.0217272
0.0217288
0.0217023
1.65949
2.15334
3.88056
0.0219622
0.0217421
0.0232982
0.0227531
0.02226
8.24867
7.99313
2.55002
0.0215304
0.0217156
0.0276541
0.0217474
0.0220015
0.0227486
0.0230572
2.10402
0.0221435
0.0217749
0.0218387
1.71189
0.144482
0.0216076
1.57475
1.32794
7.84038
0.0219468
1.19016
0.0479653
0.0222745
0.0217624
14.0647
0.0269506
1.55795
0.021831
1.53181
0.021768
0.0218328
0.0235586
0.0220133
8.18578
0.0937083
0.0237851
0.0239331
0.022078
2.20651
0.367322
0.197669
0.153336
0.0217011
0.0456369
0.0229932
2.14083
1.27295
0.0218316
2.41805
0.0217282
1.89132
0.0221992
0.0243336
0.0216988
2.80448
26.6398
0.0804377
2.34979
0.021776
0.0217306
0.0222866
0.0214618
0.0219559
0.0222869
0.0218879
24.2316
0.0277721
0.0221716
27.1392
0.0219952
0.0221048
0.0217912
2.09874
0.0228192
0.0217472
0.0217312
2.06807
0.0229844
0.070655
21.3484
0.113385
0.0217024
0.022479
1.58419
0.0293975
28.3182
0.0250787
0.0284953
0.021524
27.6386
0.0391393
0.0412385
0.0221234
0.022274
0.0220853
0.0229125
0.0224841
0.0346408
0.0870681
0.0215775
0.0215152
0.0215058
0.0216949
0.021706
18.0392
1.70433
0.127429
1.88331
0.115216
1.35845
0.022073
0.0221903
0.0216251
0.0216876
0.0222145
0.0255536
0.0219044
0.0233238
0.0215223
0.022313
0.180633
0.0372602
0.0221339
0.0215569
0.0227127
0.0221382
0.0223314
0.127238
0.024497
0.0220701
0.0216407
1.68689
0.0220912
0.0235318
18.6819
0.0216277
0.0218171
0.0614372
0.0219611
0.0221279
0.0224637
26.5307
0.0216885
0.0222277
0.0224915
0.0228019
0.0229229
0.0229639
0.0217728
0.025914
0.15132
0.0221928
0.0222914
0.0312631
0.0371926
0.0217775
0.0223155
0.0217452
0.0221753
0.974292
0.0214916
18.3075
0.021522
0.0224663
0.0964349
0.0651778
0.0268031
0.0287948
1.09673
0.0218393
5.31805
0.0220843
0.0779958
0.022228
0.0272817
0.0219078
0.0224398
0.0224857
2.2351
0.125296
0.0223251
0.331498
0.0222427
0.0226566
0.0220483
0.215549
0.179185
0.0275605
0.102934
0.20057
0.0238057
0.0219943
0.281848
0.0226181
0.0220663
0.0339601
17.8104
0.362682
0.0288598
0.022209
0.0752745
1.53565
0.50719
0.022182
0.0221272
0.0346875
0.0227181
0.0215232
0.443827
26.3422
0.0264952
0.150753
0.0265005
0.0220367
0.0217061
0.0218022
0.0251568
0.0219288
0.0220778
0.0669229
0.0214749
0.0218087
0.0225296
0.0221917
0.022163
0.0218506
0.0221768
0.113272
0.022084
7.24199
0.0225923
0.0218875
8.13703
0.026843
0.0226913
0.771448
0.0215354
0.0219783
0.0230834
0.0302013
0.0597729
0.0220217
0.0220218
0.023119
0.0218948
0.0221499
0.0405053
0.0656823
0.0228909
0.223955
0.0221602
0.0221901
0.0214691
0.0229619
0.0565405
7.51558
0.242061
0.021934
0.0281075
0.0285863
0.0604488
0.0272449
0.0259967
0.0247424
14.061
0.0323669
0.0219101
0.0243385
0.0260409
0.0220425
0.0218344
0.0250467
0.0531326
0.114411
4.20073
0.021647
19.1645
18.8096
0.0231857
0.0223255
0.021751
0.0224384
0.297878
0.0229693
0.0250652
12.7499
0.0846835
0.0214715
17.5898
9.49815
0.0228409
0.0223665
0.0233007
0.0242863
6.33476
0.0559633
0.0237225
1.66381
3.31607
4.37194
0.0498499
0.0286612
1.0428
15.2072
0.0301327
0.232787
0.0220508
15.968
14.108
0.0223756
0.022001
0.0220191
0.02169
0.0512452
0.0222112
0.898467
2.70314
0.0224107
0.204607
0.101205
0.0227799
0.0235367
0.021805
0.031323
0.136267
0.0238187
0.0222851
2.3128
0.0233065
0.021985
0.0220788
0.021558
0.0220604
0.0291785
0.0234075
2.17489
0.0221613
0.0230859
0.0219585
0.0407481
10.3866
0.0217604
0.0253976
0.0217369
1.52745
0.021835
0.0214545
0.0343265
0.0219284
9.05583
0.0221593
0.0219378
0.0222612
0.0218607
0.0215172
2.06292
0.0372165
0.0482612
0.0626673
0.0220061
18.0403
0.0221556
0.0227404
1.51912
1.03904
5.21649
0.0298645
0.0224327
5.04785
0.0237719
19.1322
20.4573
0.0247303
0.0220757
1.59523
0.0222988
0.0222193
2.17287
0.117709
0.0248903
0.203663
1.56977
0.0240669
0.0219008
0.0220443
3.23526
5.9801
0.0366998
3.82136
0.0676975
0.133958
0.0253273
0.0220066
0.0242856
3.14424
0.0275119
0.0242929
3.69354
14.2773
0.0217185
0.105819
10.5578
0.0272587
1.94536
0.0250935
0.0215066
0.0297966
0.0219077
0.0489567
0.021953
0.119607
0.0215042
0.021963
0.0214362
0.0220505
0.0219995
10.6459
0.0220782
0.0962635
0.0224042
0.0219171
0.0216492
0.0218877
0.0544306
0.0223307
7.05624
13.6943
0.0238057
0.0255264
0.022196
0.0269433
0.0226739
0.0219945
0.0238101
0.0222289
0.0216445
0.0219384
0.0217212
0.0217021
0.423469
0.0224346
0.0218915
0.0220887
0.0220217
15.9775
16.1044
0.0479586
0.0234756
0.022828
0.134547
0.0219307
0.0221117
0.0222712
0.0295356
0.0217683
0.0218396
0.0259075
0.0292658
1.43014
16.9036
0.0218361
0.0219357
0.0216792
0.0230513
0.0217127
0.0217565
0.0214911
0.023113
2.90834
20.6373
0.0239613
0.0221467
0.0269178
0.0219484
0.0222565
0.0282306
1.48717
29.2035
0.0220331
0.739923
0.0241502
0.0217755
0.0222479
0.024611
0.0219271
0.0230284
1.07148
0.0218921
0.0217892
0.0215515
0.0232261
8.07576
0.0221081
0.0300579
2.45518
11.0287
0.0243336
9.96276
0.0265345
0.0307441
0.0220444
2.46198
0.022102
2.09602
0.0218883
0.0221108
0.0360311
0.0297907
0.022337
2.3643
0.0221441
0.0221886
0.0218121
0.0221632
0.0217455
0.0235573
0.0252097
0.0223297
0.0303143
19.093
0.0235597
0.957534
0.0222008
0.0265439
14.3546
0.0261125
0.0225499
10.7869
0.0218274
0.0221553
0.0220726
0.0226449
0.0317797
0.0222858
9.57452
0.0245525
0.0218532
0.0284513
3.64842
0.0221681
0.0223849
0.0223659
1.86104
1.83482
5.71033
0.255463
2.2301
0.0268456
0.115853
0.0259586
0.0277915
0.021706
0.0221401
0.0239802
0.022206
0.0221867
0.0216584
6.74956
0.0235157
0.0219017
0.129758
0.0221858
2.58744
0.0578992
0.0227582
0.0218906
0.0223482
0.0234875
0.0223805
0.0248019
0.0243478
0.0219101
0.0219383
0.0217691
0.0231661
0.0513151
6.18432
0.0278962
5.1657
4.25737
0.453459
14.0418
0.0225518
1.46691
0.070956
1.52957
0.0336809
0.0232682
0.0223611
0.0219928
31.4907
0.0248015
2.565
0.0290676
0.0226129
0.0239268
0.0267983
0.0221782
0.022405
2.43086
0.0217191
0.0251807
21.1276
0.0228732
0.0219579
0.0291805
0.0216931
0.0218713
0.0323316
0.0225612
2.48011
0.0222396
0.112925
0.0225622
1.41864
0.0234581
0.0222102
4.88472
0.0229846
0.193921
0.0216619
0.0225457
5.28776
17.3868
0.0215206
3.98823
1.32759
1.77503
0.136768
0.0257647
0.0217865
0.0257572
1.86291
8.13066
0.0227003
0.0221418
32.9978
0.021931
0.0653684
0.0227577
0.0221217
0.0794916
0.0697172
0.0220089
0.021891
0.0227752
0.0215574
0.0216852
0.0466807
0.0253328
0.0314595
0.0428421
0.0261374
2.28585
0.0348479
0.0292566
6.00365
0.0283985
0.022097
0.137064
0.0272805
0.0236459
3.50843
0.0216764
0.062888
0.0227827
0.0217099
0.0223035
0.127069
0.021809
9.17049
8.45079
1.46763
0.0217909
0.0214959
0.0286402
0.0220392
0.0715195
19.5759
19.5124
0.0225375
0.0218919
0.0256774
0.0302705
0.027741
5.70401
0.0256481
0.0264699
0.0425142
0.0221949
0.0292036
0.0254885
1.79685
0.02756
0.0216545
1.4801
1.31409
0.0219319
0.0221999
13.7438
0.0316388
2.05674
18.9825
0.0230714
0.0245797
0.0239351
0.0234427
0.0219831
0.0224269
0.0265224
0.0230316
0.046056
9.91441
0.0220874
0.0219308
0.177243
1.90879
0.0221974
0.0222358
0.0218145
0.0288103
0.10944
0.021885
0.022073
2.18215
0.0233416
0.0222247
0.0219265
1.82113
0.0216493
1.43759
16.5385
0.0217949
0.095078
0.0327235
1.96068
0.0230144
0.0891493
5.70044
7.21001
0.0317415
0.0238474
0.0222823
0.0331069
0.0506748
27.9158
0.0217862
0.021495
0.0219731
1.58134
0.0278744
1.69545
0.0219012
0.0607655
0.0356018
0.0306641
0.0221052
0.0562157
0.0219324
0.0695422
7.99128
0.0349886
0.0217464
0.0221041
2.01814
0.0222274
0.022134
17.9696
0.0216723
0.0241325
12.7895
2.54333
0.0216568
0.0230205
0.0220642
0.0287238
4.48429
0.0238319
0.0495299
0.0214744
0.516863
0.0216424
0.123123
14.064
0.0219273
0.0221991
1.97107
0.0222229
0.0216958
0.0216631
1.69971
3.72616
0.0222875
0.021926
0.0218162
0.0218288
0.0217446
0.57625
0.0218788
16.7385
0.0217391
0.0217099
0.0218571
0.0218225
0.0222802
0.0311344
0.0221859
14.2478
15.1037
0.0244354
1.56824
0.152216
0.164775
0.024421
0.0219033
0.0332509
0.161573
0.0220241
0.114866
0.021674
3.06055
0.0221693
0.0218709
0.0247914
0.0264156
0.0237381
0.0216466
1.52468
0.0227977
12.3277
0.100097
4.3532
0.02204
2.45745
0.104573
0.0222374
0.0756245
0.105347
0.0252101
0.0310401
0.0214909
0.0704089
2.17001
0.0219098
3.9711
0.0221118
0.122852
0.0219234
0.164866
1.57307
0.0228228
1.62478
0.0215579
0.0232272
0.0903744
0.0346429
0.413869
0.021885
0.0233348
0.0331297
0.0811898
1.70897
0.021863
0.0218844
0.0219737
1.87281
0.0238058
0.026771
1.46012
0.022672
0.0228558
0.0214435
0.0362249
3.46396
0.054971
0.0292838
0.0221447
0.350755
0.795251
0.0223253
0.0263499
0.0219042
0.021794
0.0222074
13.5872
0.0571726
0.0617343
0.0339898
0.0216165
18.9155
19.7249
0.022213
0.0236959
4.90721
0.0243085
0.0229283
0.0217261
0.0251996
0.0217723
0.0222484
0.0302876
0.0250349
0.0223472
0.313374
0.0219902
1.35473
0.0786334
1.73266
0.0536083
0.0356184
0.0215229
0.342202
0.0330709
0.0222398
0.0219036
1.5652
0.0215087
1.3873
2.85217
7.34677
0.0363977
0.0257686
0.0260842
0.0223702
0.0220919
1.0741
0.0218017
0.0776638
0.0219097
14.7198
0.0218701
0.021781
0.0240025
0.0222305
2.44918
0.0266079
0.0457073
19.1019
0.0514355
0.0263854
7.81546
0.0219238
0.0230168
0.224633
7.29497
0.642669
0.186123
0.0219042
0.0221617
1.79223
0.0276106
7.32451
0.106119
0.493652
1.50877
0.0220215
1.97583
0.0888388
0.021673
0.213727
0.0220821
0.0321383
6.31503
0.0220715
0.0291157
0.0221453
1.83746
0.0227846
0.0221386
0.0218689
0.0220169
4.46197
1.64907
0.836674
1.55318
1.59975
8.72626
0.0285385
0.0219294
0.0270687
0.0216433
0.0214856
0.329122
0.0219654
19.9712
0.0297791
16.3917
0.0243567
0.100131
0.0624095
0.0220305
0.0216427
0.0217069
0.029358
0.0223264
0.0325642
0.755981
17.2911
0.02241
8.32488
0.0218485
4.67801
0.0222397
0.0877601
12.4276
0.117242
13.2215
0.0221008
0.0219979
0.039043
0.0219452
0.0272878
4.96792
0.102989
4.96415
0.0372851
5.97681
0.0364876
0.501013
0.0214219
1.93683
0.0330678
0.0219307
0.0221912
0.0230789
2.12398
0.0299658
0.0216256
1.04334
2.11419
0.0224769
17.1855
0.0222303
0.0309531
0.0220259
0.0347263
6.64699
0.0322906
20.7989
6.93902
0.0223613
0.0219705
0.0359987
0.088799
0.0501325
2.63389
1.57146
0.0221526
5.61223
0.021941
0.0217014
2.35964
0.166348
4.81841
0.0282168
0.0219115
0.056488
2.06955
1.44698
6.73244
0.231848
17.2486
1.59926
0.136492
0.0974295
31.8651
17.258
4.26717
10.3749
17.1461
16.3741
16.1153
0.0216573
2.78199
0.021511
0.0306084
8.52576
0.0256421
0.0279787
1.65654
0.0334563
0.0258311
0.0221831
0.033636
0.0942348
0.0325196
0.0219975
0.0221663
0.0228917
1.11901
0.0220069
0.11734
0.0220554
0.0222763
0.021481
0.0223442
1.45163
1.95187
0.0284245
9.45482
0.0221925
14.132
0.0216591
0.021933
0.12126
0.0220222
0.0221392
0.0221741
0.0620861
0.0250798
0.0456529
0.0219523
0.0219918
0.039402
2.01295
1.56381
0.0597368
2.04658
0.767898
0.0219383
1.54377
1.97985
14.8133
0.0219603
0.0222383
0.0227063
0.208844
0.0219756
1.41386
0.021943
0.120203
0.022017
6.34259
0.0223027
0.088627
0.0247761
0.0221915
0.0222988
0.101217
0.0235971
1.89769
1.30098
0.0219083
0.0217035
2.22612
0.104268
2.13949
0.0222262
0.166585
0.0223715
0.0216075
0.0762536
12.1775
0.124857
0.0356124
0.0226595
0.0264946
0.0394974
0.0221264
0.315094
0.0228588
0.0338982
0.101704
2.86839
0.0352335
0.0220662
0.0217707
13.4013
0.0225711
0.0342549
0.0217881
5.37506
5.04665
0.0220489
0.0217096
0.206504
9.02517
10.159
1.64066
0.0228798
0.124777
0.0497591
1.30585
10.932
0.0256269
0.0240047
0.027517
0.107107
0.0222273
0.100349
0.0296499
0.117535
0.397894
0.0216594
0.0223285
0.0346845
0.0219305
9.53528
0.0218499
0.0219608
0.657777
0.101799
1.0366
0.0255925
0.130571
0.0390495
0.021914
0.0324367
0.0235283
0.0560228
1.84144
2.27526
0.0230159
0.021523
0.0611814
0.0875068
0.0246742
0.0247094
0.0223859
0.021402
0.0536927
0.0757761
0.0220002
15.103
0.0220586
3.15556
1.73168
0.0222939
0.0371998
0.0226387
0.0247073
0.0465201
0.0599763
0.0232604
0.0222883
0.0967932
0.0218285
0.205516
0.0216709
1.51652
0.0375889
1.48786
0.385147
1.30915
0.0681443
0.021465
1.73137
0.0214322
0.0230449
0.0221846
0.0224304
0.0301658
0.0231934
0.0324652
0.0222881
0.168692
0.0542145
0.0836486
0.0551405
1.61423
0.021885
0.0370333
0.0218229
0.0221816
0.0217954
0.0218753
4.17792
0.0224397
0.02223
0.0312999
0.18566
0.0485994
0.0219322
0.105286
0.383495
5.92538
0.0245184
1.99351
2.08329
0.0220062
0.0235371
0.0771378
0.0660885
12.0982
0.11553
0.0220861
0.0487941
0.0215045
0.158101
0.917559
15.0513
0.208519
0.0218546
31.1503
0.0218004
0.021809
0.0251249
0.0582972
0.0382769
0.0939199
0.0377457
0.0214963
16.3333
0.0587762
6.61381
3.19593
1.49125
0.029081
0.0235124
0.0230146
0.0228867
0.0219885
0.0251078
33.9125
15.0689
7.78625
0.256789
0.246622
0.0219888
0.0220462
0.0230595
0.0246058
5.01095
0.0230365
0.0222381
0.0217419
0.0217503
0.0215896
0.0385133
0.0327904
0.0218679
0.0283336
1.92801
2.20394
0.0378025
5.65563
0.0218817
5.50729
1.97841
0.12845
0.0217926
0.0218658
0.0221965
3.81622
0.0263657
0.0294232
0.0465693
0.216373
0.0381585
0.0222869
0.0221477
0.0646631
0.0219719
0.111117
0.0249145
0.0292941
0.0217438
1.59991
0.0326455
0.0219516
4.20174
0.022286
0.112572
0.0224338
0.0220335
1.80957
0.0569351
0.0442795
0.0219004
0.0217735
0.0217178
0.0216146
0.0221758
0.096982
4.89703
0.239519
0.0394423
0.0856153
0.0217925
0.110323
0.0222785
1.571
2.42841
0.0263773
0.0218862
0.0218033
2.01997
2.20034
0.024085
0.142742
0.0302839
0.0222265
1.32515
0.0221915
0.0967598
11.7909
0.0223706
11.614
0.0214055
0.0225438
0.0375166
32.7757
0.0217985
0.0246946
7.62593
0.596051
1.61618
0.0217245
0.0222212
4.73459
7.75448
4.76319
15.5652
0.0592855
0.0221965
0.0218222
0.0224777
0.0217041
0.0221561
4.07398
2.39047
3.51085
1.96944
0.0215165
0.0216783
2.30224
0.0294591
0.0224188
0.0217284
0.0221293
1.33974
0.0396168
2.51818
0.0222322
0.021992
0.0222196
0.0375399
0.026052
0.0232043
0.0247234
9.12035
1.47468
0.0235232
0.959341
0.0220297
0.0221304
0.139401
0.8362
0.0214634
0.118227
0.0219427
20.7442
0.0220471
0.803058
0.0222953
0.0378923
0.0218034
0.0225459
0.0231723
0.104881
0.0710385
2.08494
0.022018
0.022198
0.021529
21.1708
5.78499
0.0246663
0.136995
0.0756661
0.02325
0.0262165
4.15308
0.046499
0.021566
1.90382
4.60776
0.13945
0.022274
0.0217098
0.0222137
0.0220207
0.0484919
0.0222714
0.0221664
0.0261798
1.71471
0.0222493
15.304
7.85995
2.84537
0.0817736
7.25176
7.59669
3.64552
1.1844
1.71914
1.22712
0.0709601
0.12931
0.0218211
0.73453
0.0219731
18.2533
1.77764
0.0214746
8.29866
0.0466107
0.0217162
0.158179
1.35262
0.0217954
0.0675399
0.0218296
1.52736
5.92204
5.39104
0.0220598
4.78797
4.6979
9.1518
0.0573631
0.0433777
3.33496
0.0215134
1.79586
4.12329
1.93845
0.0220828
0.0253848
0.0216328
17.9699
0.0220465
0.804552
0.0361049
0.0295583
0.779183
0.0248588
0.0221951
0.0219659
0.0220426
0.0224175
9.77907
0.0218948
0.0279793
18.8754
7.42617
0.17013
0.0230051
0.0371481
0.380807
0.0216146
0.0223877
0.0241121
6.69071
0.0248934
0.720577
0.0221309
0.0216246
0.069308
0.0428659
0.0401212
20.6342
0.0217458
0.59852
0.0256983
0.0220297
0.0523939
0.917226
0.0220643
11.8268
0.0275318
0.71957
1.69882
0.19056
0.0219054
15.1481
1.21699
0.0326455
0.026324
3.83937
0.274834
0.0219173
0.0218151
2.70754
0.0217153
0.0215968
0.0229846
0.105123
1.30467
0.0215775
0.0395491
0.0672423
0.0749432
3.12602
0.0219303
0.0222224
0.0219338
0.022266
1.40715
1.74566
0.0432471
0.0219572
0.0214361
0.114269
0.0220957
0.0249385
3.90138
0.0225052
0.0243279
1.67946
0.0218329
0.0220343
0.0286526
0.0221791
0.0219105
3.2546
0.0763156
0.0956931
0.0222112
0.0230347
0.0383847
0.0562696
0.0221675
0.0412334
0.0215139
0.0254026
3.60773
0.0225254
9.85143
0.021472
23.7742
1.61697
0.0217923
0.0290679
2.79527
0.0251555
1.3434
6.08309
0.022295
0.0397036
0.0218221
3.01986
1.19552
0.0220753
10.4396
0.0222977
0.0218089
2.23589
0.0895579
0.634766
6.0637
0.142166
0.0217021
2.40178
0.0218603
19.0993
0.0224227
0.090035
26.5115
0.0222454
0.021739
0.0391667
0.0215451
0.519941
5.54737
0.0218315
0.0216639
0.0217706
0.0216856
2.12842
0.338297
0.0400345
0.953734
0.02862
0.0271353
0.0243037
0.0305299
0.0294227
0.0215423
0.0223507
0.0216723
0.0218227
0.0252498
0.0866194
0.0222522
0.356856
8.45483
0.0216847
1.77834
0.0216151
0.784974
0.0226179
1.41497
3.71767
0.0221617
0.236918
0.0222864
0.287325
0.825578
0.0220881
0.0222689
0.0992033
0.0314536
0.0222253
0.0454619
14.6513
0.0222833
44.0835
0.0231003
0.0218872
0.193282
1.37298
0.0233844
0.0219004
0.0269065
0.0220796
0.0427418
0.0217503
0.0218887
0.0215053
0.0222389
1.80052
0.0278225
0.0222286
0.021754
0.0266117
2.05818
2.96811
0.138949
0.0216967
0.28794
0.0446672
0.0214351
0.0219654
2.36895
0.0222509
0.0217673
28.001
0.0309888
10.5438
0.0228948
0.045353
9.82396
2.25119
0.801862
0.0218322
0.0772561
0.0221622
0.022906
0.021661
25.2933
0.0595669
0.0217777
0.299502
2.7367
1.67833
0.0219931
3.31649
0.0224447
0.0222516
0.202048
7.50459
0.0270731
5.14594
0.0744361
9.31433
0.0216735
0.0308737
0.0758975
0.0220288
0.0222065
0.475826
0.0368995
11.8891
11.9593
0.0217943
18.0961
0.0250952
9.41531
0.0221798
0.621823
1.48761
0.077618
0.0222197
0.0219297
7.68069
0.0220735
0.0216685
0.185264
0.0316283
0.0219264
20.495
0.0219582
0.0217677
0.0221812
0.0221907
0.0216728
0.0219068
0.0216434
4.90026
8.68135
0.0225674
0.0215918
0.0219497
0.0218531
0.0273129
0.021772
1.97429
0.0329599
0.524728
0.0302761
0.0277938
2.61177
0.0218392
0.0837021
3.42701
0.0257293
0.440373
12.729
3.31323
0.0214238
0.0220455
0.0218317
7.5198
0.515816
2.69818
11.437
0.0326814
0.0218013
10.1793
0.0286998
0.022217
0.0219111
0.0222176
5.01376
0.0362414
0.238836
0.0219045
0.0221894
4.36738
0.0216956
0.0231926
0.0218237
4.91067
0.0216198
0.0218388
0.0804179
0.0222164
0.0221715
0.0248097
0.0936076
0.0368589
0.393567
0.0859856
0.0222462
6.79862
0.0327964
0.02179
0.022002
7.1574
0.0219823
14.0683
2.6482
0.0216448
5.52038
0.0218094
1.32957
0.451655
2.32731
0.0434798
0.178793
10.2438
0.0363896
11.6475
0.737627
0.0219275
0.0217818
0.0509094
0.0653965
5.55264
0.0285639
0.0274183
0.021991
0.0226906
0.0218506
0.0329415
0.0451797
5.3904
0.0433634
0.0221983
4.24325
0.0404495
0.0220771
0.0219268
0.021874
0.0215554
0.0233551
0.0222315
0.0453407
0.0324191
5.51238
6.63075
2.31528
0.0217383
0.0218723
0.0390405
0.0273584
0.0217571
0.0257731
0.0216629
1.84972
0.0219545
0.0841516
7.25455
0.0222122
0.0220162
0.021879
5.37833
0.0826952
0.0524271
1.52271
0.0218864
0.0234358
1.2995
7.12581
0.0222311
11.7952
0.0226909
0.0455848
2.52491
0.0218559
0.0221472
0.0220529
1.56235
2.9973
7.52782
21.2096
0.0222516
0.0220646
0.0219706
0.0921774
0.0221498
0.0217316
0.0222899
0.0217677
11.3499
0.0222927
0.0222917
1.37412
0.507911
10.4819
0.0261137
0.029323
0.0345154
0.1962
0.120621
1.96448
1.5901
0.410419
0.0218124
1.68832
0.0217683
0.0248284
0.0221201
5.61193
0.0215853
0.0218206
0.0221058
0.0222703
3.25142
0.0227689
0.022294
0.291428
15.3512
0.0218791
0.021772
0.0737975
0.0217148
0.0221426
0.02183
0.0219073
0.0365436
0.151478
0.028235
0.272025
12.3393
0.0247275
3.27677
0.128704
0.0287699
2.30284
0.0216812
2.23215
4.66354
25.0491
8.74364
1.4303
5.28102
0.0355424
0.0219223
0.0232691
0.0218642
1.58529
0.0219294
1.40198
5.96374
0.0221805
6.09757
0.0739289
0.0217507
24.8023
0.124977
0.0214796
13.1006
0.0225994
0.0322092
9.05705
0.0239101
0.16986
17.2637
0.0216078
1.46493
0.704088
0.0220784
12.4511
0.0217197
0.04885
0.022024
0.0218876
1.53733
0.0218149
0.0219608
1.30268
17.4305
0.800735
0.02193
2.15754
1.51153
0.132494
1.56893
0.0217145
0.0218494
1.30078
0.0217677
0.0217494
0.0222104
0.0221884
1.40674
20.767
0.0443905
0.0216579
0.0277094
0.0219712
13.2672
0.0221631
0.024734
3.19541
10.8948
11.2725
4.8671
0.266429
0.0219158
10.5319
0.021849
12.8002
2.789
0.124755
0.0223444
0.0220919
0.364073
0.0218417
2.4179
0.021785
0.0215528
0.0216106
7.03416
1.66616
0.0218481
0.0214198
0.174279
12.4007
10.2599
13.8547
0.0219092
8.38391
0.0255716
0.0220769
0.0312194
9.70374
0.0219319
0.0226082
0.0219298
9.97366
2.22856
0.0219931
0.0220774
6.28987
0.0767904
3.87678
8.98179
0.320032
0.306351
0.0584194
0.0219198
14.7489
0.0218185
9.38531
0.022133
1.05672
0.0218564
0.0484624
0.234682
0.377596
11.7263
0.0219053
0.095033
0.0250092
0.021957
0.0520957
0.021927
0.0403741
0.0221347
0.0218836
0.022013
0.0497052
0.0264633
0.0214427
0.0220272
0.0217283
0.0977935
0.0221292
0.0566793
0.0217085
0.0225432
1.29626
0.0232506
0.0622002
0.0955995
0.021759
0.0218249
37.3043
0.0948528
0.0216758
4.89836
0.0216613
0.0219361
5.58334
0.0214147
0.0222003
0.0403711
0.0223849
0.166631
0.341774
0.751905
0.0903525
0.0221422
14.4507
0.0222944
0.0222737
0.139434
0.0244651
28.7317
0.0219049
0.0215586
0.0221292
18.6866
20.9798
0.0218174
0.0285478
0.0222486
0.0594297
0.0217075
0.0219067
8.41818
0.0222503
0.0218551
1.97421
0.0223845
1.8647
0.0219393
2.32672
0.0219489
2.77105
0.101589
0.0221024
0.0219592
0.0222507
0.0224338
5.14942
0.0360417
0.0535291
4.99901
9.92636
0.0219269
0.0224568
4.87099
0.0980634
0.0223976
0.0221378
0.021944
0.0554725
0.0379907
0.0874997
0.0282021
0.0216848
0.0219761
10.7035
0.022156
0.0218591
0.0243333
0.0302153
0.0220015
0.0219102
0.0242277
0.0414459
0.0216767
4.23833
0.021755
0.229531
0.021419
3.02966
0.0216212
0.0236642
2.9694
4.02408
9.14227
0.751377
3.08213
0.0219481
6.92379
0.0217145
0.0216822
0.0384882
2.75139
6.67545
0.0216034
1.57224
15.0833
1.43295
0.0222639
0.0217997
0.0217428
0.0222829
2.19475
0.108734
0.0714051
0.387749
0.0223336
0.0214346
0.021663
0.0218221
0.184468
8.20591
0.022083
20.2866
0.105975
0.220705
0.0594168
6.19893
1.90098
0.0217444
0.0219936
18.6739
16.5714
2.55723
0.0221794
0.18435
11.3934
0.021552
0.0221921
17.0994
0.0216828
0.135981
0.105239
0.022821
10.6497
0.0219348
0.0743151
13.177
0.0276038
3.38487
0.0219356
2.72417
5.98712
0.0218845
17.153
0.0217034
0.0275329
0.0219098
6.51684
2.62521
0.0283313
0.0215356
16.515
0.0222875
0.0214717
0.0218866
0.0282899
2.38502
0.021504
0.0231665
0.021769
6.74898
5.10916
0.0231038
0.137666
0.58194
0.133698
0.118226
0.0221958
0.0453343
0.0282507
21.2909
0.0242287
0.0239129
14.8572
0.0330491
0.127265
0.0271524
0.0220415
0.705175
0.0219785
0.0219871
0.0217625
1.52477
0.0219385
4.08957
0.0221267
1.29748
0.0219896
0.0328298
3.50298
3.25391
0.0217145
0.0222619
0.0220516
4.43024
0.0216597
1.63082
0.184572
0.89201
0.021953
0.0215133
4.05225
0.0954092
21.4197
0.031622
20.2594
0.0306501
0.022039
0.0219492
0.0740315
1.30691
0.0219075
0.0312329
0.0219107
0.380931
0.021847
0.10411
3.5155
0.0217215
0.0214624
0.0704078
0.0217857
0.375293
20.4258
0.0222244
0.303102
0.217364
0.0463075
0.0215957
0.0218124
0.0413722
0.0399575
0.0263541
0.0511437
0.242749
0.0220289
0.0285575
0.0487778
0.0217896
0.593893
0.0226714
3.70873
15.2559
0.0221066
0.0227258
1.82258
15.9256
6.43337
4.11361
0.0217458
1.63039
0.608343
0.0216861
0.0274286
0.0218312
0.0219875
0.0216583
0.0220022
0.022448
0.0441612
0.0215879
0.022868
0.0288312
2.84133
0.0222757
4.73886
2.99632
0.0216445
0.02209
0.0220642
0.0220954
4.98364
0.600405
0.0221084
0.0218504
0.0219588
0.0222693
0.0219661
0.0248708
0.0217453
0.343878
0.559396
9.12132
0.0284098
0.0221855
0.027491
0.0244741
0.0220032
0.128723
0.0222458
9.43103
0.0308712
0.186487
0.0222876
0.0220695
8.70068
0.0219196
0.0483831
0.0220591
0.138213
0.0858819
0.0935848
0.0221734
0.0245942
0.671823
0.0218498
0.0222151
0.0238919
0.0220786
0.0217413
3.08885
0.64353
0.0217544
0.0218161
2.14601
0.13651
0.0218699
0.0219886
0.0565021
0.0225912
0.0271523
0.325845
0.728651
0.0231823
0.0549084
2.00888
0.0219327
0.0221935
0.0219519
0.0217539
0.0218392
2.03032
6.415
4.86375
0.0247666
0.0398377
0.0219055
0.0222596
0.0263421
0.749193
0.0529517
0.0271863
0.0528162
0.0702801
8.21586
0.0219972
0.638352
0.0434239
0.640979
0.0372508
0.0217711
0.370456
6.3724
0.035172
8.62883
1.01805
0.0217217
0.0514967
1.32076
0.0215688
0.0222328
9.2605
6.40371
0.0214885
0.0218448
0.124
0.0215935
5.19198
0.0216665
0.0218436
0.0220973
1.33805
0.0297083
0.0794648
1.16075
0.0838583
0.0297661
5.82736
0.0216766
0.0216741
0.0218935
0.150569
0.734965
0.0509295
0.0247688
0.0218392
0.0218512
8.21212
0.0219301
0.0220046
27.8372
15.7212
0.437107
0.0220074
2.40184
0.0219136
0.0220461
0.29275
0.484042
0.0219619
0.85725
0.0219227
0.0228114
0.026924
0.0238022
0.0218592
0.0216047
7.1485
5.37478
0.0217297
0.0216588
0.140266
0.0309721
0.0220289
0.027002
0.0223158
0.021814
0.0407727
0.0216771
0.0222521
4.75134
8.39485
0.026485
0.0219586
6.67921
0.0214038
0.0217322
5.69679
0.0220218
5.31021
0.163044
0.0269129
1.13822
0.0219184
0.0218406
0.0219077
0.0218135
0.183794
0.0281649
0.0219322
0.0219418
4.60482
1.32738
0.0217583
3.49224
5.75986
0.0219722
15.1304
5.66521
0.0268834
0.0220122
17.6773
0.0220209
0.0218448
0.0218639
0.0218257
0.022067
0.0876048
0.0764606
5.25875
0.0221902
5.67516
0.537459
4.99368
0.0220233
0.284767
0.0217322
0.0280687
12.6982
0.0219321
0.0774964
6.4039
0.0259176
0.0398568
0.113523
0.0214716
0.0218174
0.0481173
0.021999
5.74354
0.533094
0.0220887
0.0219437
0.0281631
0.0221484
0.043155
0.0221298
0.267525
0.021882
0.021822
0.06368
0.0321522
8.58561
0.100938
0.0231149
2.77453
0.0813332
0.169366
0.0222136
1.00754
0.481145
0.0221103
1.66324
22.2091
0.0217645
0.0222945
0.122826
0.0881777
0.0218246
0.0436339
1.05376
0.021475
0.0220813
0.0442998
0.0222185
0.0577122
0.0220936
4.2852
1.22951
0.0426738
1.66732
0.0215208
0.628923
7.28211
1.589
0.032242
0.02177
0.0227942
0.103044
0.022084
0.0216479
0.0222491
0.153662
0.0219154
0.0216914
0.0222665
0.0214801
0.0227798
5.8505
0.374837
0.0221996
0.0218135
0.0218395
0.0220215
0.164147
0.252671
0.958686
0.0745726
5.16799
0.0220122
12.802
0.664047
0.0276303
0.0220032
0.0391335
0.0220208
0.0219159
0.0214878
0.073966
3.38158
0.0218522
0.132808
0.0961867
0.0332868
0.0221472
8.89291
0.0221594
0.0241754
0.115307
0.305984
0.0223229
0.0220764
0.0216341
0.023593
2.34197
0.0224261
4.19588
0.0220747
0.0218987
1.27696
0.0228138
0.0219504
0.022236
7.89932
0.0222173
0.0958952
0.031062
12.7109
0.0964492
3.81242
0.0218821
0.0226012
0.0217057
0.0218151
0.0278229
0.0220973
0.0219293
5.47938
0.0222856
0.0223573
10.0029
3.23861
0.021863
0.0605772
0.021736
0.0214772
0.0232319
0.0216575
0.68546
8.32501
0.0214525
0.0221619
0.0741402
3.04527
0.0220215
0.0537991
14.3225
0.022072
28.4743
0.0227722
1.55615
0.0222232
0.951607
5.57755
0.0218183
1.54838
0.0237676
0.0216575
0.0219732
1.32163
3.42598
0.0638715
0.0221722
5.42625
0.021995
0.0227451
0.02194
12.4168
0.0803944
0.0439999
6.71492
0.0218258
1.51517
16.3909
12.1588
5.61869
0.0361763
0.0342846
6.60672
0.021986
0.0227891
0.0761904
1.34283
0.0214621
0.0222854
0.0219001
0.0219563
0.0219841
0.0312587
0.327479
0.0218607
27.4732
0.0219065
0.0231554
0.0220355
0.0478833
1.49412
0.0221655
0.0217318
0.0538118
15.9521
1.27602
9.53454
0.618968
0.0218805
0.0218629
0.0215037
0.461387
0.0226013
0.0220318
19.5556
0.0220086
0.0942037
11.7194
0.0219602
5.11948
3.24932
0.916575
0.046202
0.123478
14.7335
0.285536
0.0219215
0.0216601
0.0341255
0.0223459
0.0454647
31.3516
11.2381
0.0282835
5.53752
1.10631
7.25567
0.0214512
0.02218
0.0219471
0.0217145
0.0220234
1.61458
1.29231
0.0220176
3.42203
0.0220112
0.0219255
0.338094
0.0217863
0.689987
1.45652
6.16253
0.0217428
0.0218772
0.022247
0.0222439
12.5688
0.0219686
0.026482
0.0222551
0.104155
0.0242314
0.0221622
0.0219433
4.82565
0.0216734
0.554782
0.0218828
3.40146
0.0220265
0.0219538
0.0229855
0.290635
0.0216929
0.0220922
6.38718
0.0219254
0.0391468
0.220869
0.434456
0.036708
0.0217659
0.0219284
0.842324
0.0287714
0.0217027
0.0824314
0.114397
2.00455
0.0219668
0.0220115
0.0219368
0.0217576
0.0220399
0.022465
0.91642
0.0228798
15.1158
1.46512
0.0409471
0.0228186
0.0218741
0.380644
5.15921
0.0217285
0.0220228
0.0760741
0.0222746
0.0230213
7.83748
1.91234
0.0218872
1.15596
0.0226487
7.16217
0.0217155
0.0220171
0.021897
4.90621
0.0216481
0.0219089
1.67235
0.0218603
0.0333335
0.0684631
0.0219109
17.2983
0.0274569
2.53462
1.47841
0.0219485
0.0222536
2.17238
0.0218562
0.0221293
0.0219726
0.029209
0.0220719
14.4553
11.5891
1.79946
1.73667
0.021719
0.645479
0.0218703
1.35082
0.0266704
0.0277208
0.0220494
6.0928
0.0220579
0.0226401
5.99236
0.021741
0.0372846
0.0355631
0.0222792
13.0027
0.0217444
3.92908
0.0279209
0.0219782
0.0218612
0.0214711
1.32079
0.0217536
1.46004
0.0222667
0.0243527
0.0239094
0.0259585
9.41158
0.0220909
0.0241729
0.17487
0.0522984
0.156677
0.0220697
0.0218725
13.4558
0.0214529
7.75266
0.02893
0.0218637
0.0219013
12.3786
0.293131
0.0222335
11.4891
0.0218387
0.02304
0.0218342
0.0502159
0.0233806
0.0480273
6.89243
0.0218916
0.0217248
0.0219334
6.66573
0.0218852
0.0223895
1.34202
0.0218751
0.128047
0.0220494
0.0271363
0.0220414
0.0222323
0.0223167
0.164771
0.0305062
0.0218073
0.135559
0.0221036
3.5976
0.0219669
0.154144
0.0219508
0.02192
0.0219361
39.4818
0.0263305
0.0223601
0.332987
0.0222743
0.0279569
0.022821
0.0245099
0.022273
0.0218965
0.0222898
5.31798
0.021975
0.0218354
1.30425
0.0220031
0.021772
0.0219853
1.44948
0.0222055
0.0509302
0.0282117
0.354169
0.022211
0.0439871
0.0217337
0.0222966
0.0280051
10.2678
0.0222928
0.0216934
0.0219268
0.139248
0.514789
0.0225695
0.0218651
0.0219341
5.04593
0.0216272
0.0351463
0.0417897
7.39889
0.0222948
0.0216975
1.69853
0.0224083
0.0482778
0.0293037
0.0214628
0.0399229
0.0219796
0.0283016
0.0215175
0.0217614
0.0219353
10.1854
0.0220104
0.254304
0.0216937
9.03908
3.79853
0.171836
0.0220078
6.86136
0.406576
0.0291582
0.0220046
0.0286702
19.6822
0.0221144
3.45838
0.022256
0.121381
0.0251305
0.022215
0.142366
3.67452
0.0218374
0.024005
0.0219219
0.0336193
0.0218608
0.0217266
0.0220368
3.61149
14.2083
0.0222912
0.0219361
0.0220013
1.77494
0.0219381
0.132951
0.022032
1.66094
6.3699
3.60651
0.0426942
0.022252
0.0220894
7.33268
0.0220069
0.0371009
0.0222662
0.0349997
19.656
2.61393
0.0222869
0.021673
0.0309558
7.82785
0.057048
0.0218125
4.77585
23.7194
0.0216258
0.466547
0.021518
0.0444438
0.0219363
0.0224712
0.0222856
0.0350059
0.0219878
0.0215082
5.49984
0.0242576
0.0225657
1.40526
3.4679
0.0220277
5.11366
0.0220993
7.23268
0.0239308
0.0215256
0.0215913
0.0220139
0.0253883
0.391935
0.243002
0.0220047
0.0226555
8.19183
0.0220378
0.0216311
0.0218626
0.021989
0.267919
0.0219317
0.0216274
0.0216446
5.06388
0.0222667
0.0219276
0.0216601
2.89422
0.0221629
1.19675
12.5562
0.0219079
8.63287
35.9167
0.0221653
0.0495285
0.107203
0.0215928
0.0217018
0.022902
0.0220134
0.704911
0.0267813
0.0221574
0.0216548
0.0218887
0.0220272
0.0219134
0.0222294
4.48729
0.0216658
0.0218694
0.025453
0.021931
1.34093
0.0218787
0.0220521
0.0221194
0.0221432
2.99531
4.70752
1.77534
1.81602
0.022298
11.2492
0.0218648
0.0216227
0.300765
4.47055
0.0222142
0.0219826
0.0814087
0.111938
4.95683
9.93725
0.0436774
1.77608
0.0228023
5.80376
0.0219027
0.0249413
0.021871
3.84506
0.0219542
15.0827
0.0222536
0.0242278
0.0221464
0.0225533
0.457198
0.0216225
0.0214917
2.23963
0.0561673
0.0222464
0.0216626
0.021618
0.0226876
0.0222553
0.0222494
0.0218767
18.9046
0.0218166
0.0225957
0.0222554
0.0216169
0.0217068
0.0376396
0.0222971
0.0383976
0.0221643
6.56386
0.0217283
0.0840385
0.0605235
0.0218121
0.861799
0.0214803
1.51535
0.0220415
0.0220176
0.0219238
0.0215995
0.0935003
0.0218732
0.0223667
0.0215902
1.61015
0.153448
0.0220228
0.0222712
0.948647
1.7575
34.1823
0.354623
4.79786
0.0218625
0.0218779
0.0313419
0.0221236
20.4962
0.0222584
0.0990092
0.0219148
0.0222474
0.0284004
0.0215403
0.0222506
0.0419192
0.400116
0.0216716
0.0215869
0.0222091
0.0219867
0.0220245
0.0216741
0.0219438
0.0218682
0.0296735
0.0454448
6.14903
3.7557
34.315
0.0215966
1.35535
0.0219105
0.120638
0.969308
0.022031
1.79408
0.0218816
1.78257
5.48024
0.0670878
0.022009
20.3589
0.0241622
0.167501
0.0226287
0.0297753
8.48406
2.32301
0.323952
0.0244634
22.763
0.2234
35.7637
0.0269324
16.9772
40.0904
12.9045
0.0216589
0.0222741
1.47297
0.0214891
0.0219496
0.406071
0.0219882
0.0220948
0.037538
8.71115
1.50562
5.93446
0.0218856
0.0218356
0.0222075
11.3382
2.27003
0.28842
0.0258143
7.57015
0.02189
0.0286326
1.95469
0.0245172
0.332192
0.0224771
0.0222341
1.43377
0.0218102
0.955978
0.0219618
0.0225685
0.0438036
0.0217946
0.0237544
0.0729884
0.0222668
10.0136
0.0218774
0.0214821
5.10013
0.0224059
0.0219103
2.09606
0.0753684
7.56541
1.8321
13.3093
0.0223716
0.101634
6.3599
0.0905192
0.0269569
0.0223721
5.36991
0.0217695
0.0220539
0.153509
0.0890086
0.0414809
0.022256
0.0222312
0.0218247
1.46189
0.0506984
2.72412
0.0222713
14.9286
0.0218751
0.0431046
0.0241299
0.021754
0.187718
0.450514
0.032859
0.132523
8.11156
0.0222725
0.0238548
0.0268347
0.0314621
0.0224854
0.0271998
0.0271683
0.108054
0.0215593
7.90249
6.29279
0.0224784
2.43141
1.42427
2.66137
0.022271
0.0216189
1.32723
0.0219417
5.46352
0.0222309
0.0222726
2.63936
0.0238218
0.0219661
30.212
0.0255715
0.0699562
0.0219127
4.68086
0.0518458
0.0937284
0.0316859
0.022567
0.122155
0.0224166
35.2137
0.0256718
0.299227
0.635806
4.0678
0.162213
4.97948
0.0240923
0.0723686
0.0371578
0.730723
14.6666
0.0218254
0.383883
0.0220443
0.0218896
3.66587
0.0694152
0.0216501
0.0668431
1.69097
5.54885
0.486464
3.92185
0.0750723
0.0222638
0.0242721
0.0217073
5.48986
0.0219908
1.95738
0.583671
0.0237096
1.73117
6.11686
0.0216701
4.07223
7.8175
2.7977
0.0219713
0.021923
0.0223109
0.0397134
0.022273
2.05321
6.99062
0.0426494
1.95639
0.0225426
3.25162
1.43872
1.31732
0.0220305
0.318171
0.0254281
0.0908507
0.0312829
0.223543
0.0393744
6.60452
0.0222482
0.0218614
0.021641
0.404437
3.89032
0.0219281
5.07904
0.0646965
0.0818276
0.0218729
0.114505
0.0221597
3.15654
1.62163
1.30166
0.122309
5.39806
0.0654217
1.68779
0.105124
0.0220878
0.518006
0.0218283
0.0430214
0.0219503
4.77072
0.0219612
0.0258098
5.01096
0.0475767
0.0444936
0.0696265
9.79247
9.05726
3.65712
1.29647
0.0393832
0.0219086
0.0219415
0.0423963
11.9652
4.56829
0.0295333
0.0274055
0.103901
0.041141
0.114036
0.343132
0.104303
0.0515319
0.0625713
0.439001
0.0216267
11.233
0.0217559
0.0222809
0.151592
0.0286974
6.19131
27.5403
0.132878
0.354829
0.526053
0.0218703
1.85461
1.31591
0.0399446
0.0278208
1.32524
0.0396489
0.0467633
1.78173
3.40196
0.0218971
3.31787
4.54944
0.0217006
1.32013
0.0224161
0.0216422
0.0214744
0.0309202
0.59506
1.34152
0.515288
0.0489879
0.0465171
0.0415807
1.74495
)
;

boundaryField
{
    frontback
    {
        type            empty;
    }
    topbottom
    {
        type            fixedValue;
        value           uniform 0.0223;
    }
    outlet
    {
        type            zeroGradient;
    }
    inlet
    {
        type            fixedValue;
        value           uniform 0.0223;
    }
    walls
    {
        blending        binomial2;
        n               2;
        beta1           0.075;
        type            omegaWallFunction;
        value           nonuniform List<scalar> 
120
(
15.6595
26.2366
19.5733
28.5619
26.8365
26.5751
26.6021
23.556
26.2941
17.2206
27.0448
26.3641
20.1215
22.8062
27.7015
13.5605
13.3365
20.4434
12.541
26.4333
24.305
13.788
23.9732
24.2689
27.9254
12.1592
28.9068
6.65953
21.1748
8.15536
8.98734
8.41743
7.65818
6.72684
26.1809
26.6672
13.2964
19.3494
27.1114
26.9617
25.8311
12.9283
23.4921
25.7716
17.895
26.4518
26.4961
20.7326
28.5431
25.6267
26.4593
12.0154
29.6253
26.0785
22.2045
28.5092
17.0977
12.8067
23.6842
6.22109
6.89807
27.646
16.0239
24.3224
27.9325
8.24867
7.99313
8.18578
26.6398
24.2316
27.1392
21.3484
28.3182
27.6386
18.0392
18.6819
26.5307
17.8104
26.3422
7.24199
9.05583
18.0403
7.05624
29.2035
31.4907
21.1276
8.13066
32.9978
8.45079
18.9825
27.9158
4.3532
13.5872
8.52576
9.45482
9.85143
23.7742
28.001
25.2933
25.0491
24.8023
13.1006
17.4305
28.7317
21.4197
27.8372
28.4743
27.4732
11.7194
31.3516
11.2381
18.9046
34.1823
20.4962
34.315
20.3589
22.763
35.7637
40.0904
12.9045
)
;
    }
    procBoundary0to1
    {
        type            processor;
        value           nonuniform List<scalar> 
80
(
2.05482
0.0320161
0.0220588
2.32648
0.0220335
0.0248104
3.11301
0.0235431
0.0235431
0.0240561
0.0216019
0.0242303
0.0305774
0.0290778
0.0443603
0.0213989
3.42015
2.6861
3.02776
0.0231185
0.0290778
0.0219132
0.0214152
0.0278968
0.0394229
0.0218235
0.0215262
0.0215595
0.160756
0.234682
0.0231185
0.0213924
1.96605
0.0214655
0.0221534
0.0215009
0.0214328
0.0214328
0.0217494
0.0266054
0.0214558
0.0213931
0.0394229
0.0214445
0.070644
0.070644
0.0353841
0.160756
0.0214303
0.0213887
0.0216389
0.0216895
0.0214445
0.0842564
0.130267
0.0228188
2.15133
0.0353841
0.0214816
0.130267
0.060305
0.0256495
0.0517748
0.104417
0.0213864
0.0214235
0.0214152
0.0238329
0.0224388
0.104417
0.0214235
1.15765
0.0842564
2.32035
0.650485
0.0465853
1.97104
0.234682
0.0222917
0.0226115
)
;
    }
    procBoundary0to2
    {
        type            processor;
        value           nonuniform List<scalar> 
165
(
7.11566
12.5491
19.3999
0.158385
0.0220301
5.67481
3.1449
7.38475
8.86308
12.0984
12.5491
0.0281251
0.0294481
0.0219731
0.0219967
19.3999
0.0219795
4.38929
1.73577
0.0260806
0.0229752
0.0227786
0.125025
1.7471
8.15575
0.0227786
0.117507
7.11588
2.23043
0.02319
5.4823
0.0220799
1.90324
2.04682
1.90324
0.0220015
9.02896
0.0219454
0.0731065
0.0731065
7.95387
7.96981
1.92894
0.022111
0.704178
0.378328
0.0219414
1.5843
0.0459782
1.51486
0.704178
0.0220888
1.4379
0.0253087
2.43901
2.40984
2.47281
0.0246411
0.0242568
0.0221206
6.71474
0.378328
1.51862
0.0219807
0.0220503
0.0220588
5.31756
6.9195
0.0219565
0.0569021
0.0223508
0.0238033
0.0219333
0.0219496
2.48825
0.0222937
0.0426564
0.0219627
0.022144
0.0226004
0.0219627
0.0222668
0.0513046
0.0638528
0.0219565
0.0278042
0.268263
6.71107
0.0219276
0.0219327
2.02843
0.0220048
1.51862
0.0224754
0.0317524
0.0221783
0.026524
0.089052
0.0513046
0.0219356
0.0330616
0.022214
1.45614
2.53211
0.0220772
0.0396975
0.0220391
1.77953
2.68269
2.58139
0.0222661
0.0221545
0.0219268
2.34127
8.65431
7.80979
7.46896
2.52052
1.62597
0.0234993
8.39041
0.0369617
0.0396975
2.5593
0.0219256
7.89157
8.45292
7.95375
0.022185
0.0350223
0.0219259
1.64837
0.0222525
7.42558
0.0294481
7.92998
0.211497
0.089052
0.0221292
0.0220217
1.42634
0.0221892
2.3682
8.29548
9.88065
5.71304
2.14234
9.17816
7.30059
6.62158
7.57155
17.7622
8.09951
6.26475
1.38718
9.31534
2.10601
0.030505
8.18508
30.5577
0.0222255
1.38052
1.2823
8.37633
8.45344
)
;
    }
}


// ************************************************************************* //
