/*--------------------------------*- C++ -*----------------------------------*\
| =========                 |                                                 |
| \\      /  F ield         | OpenFOAM: The Open Source CFD Toolbox           |
|  \\    /   O peration     | Version:  v2012                                 |
|   \\  /    A nd           | Website:  www.openfoam.com                      |
|    \\/     M anipulation  |                                                 |
\*---------------------------------------------------------------------------*/
FoamFile
{
    version     2.0;
    format      ascii;
    class       labelList;
    note        "nPoints:10142  nCells:9793  nFaces:34449  nInternalFaces:14516";
    location    "constant/polyMesh";
    object      neighbour;
}
// * * * * * * * * * * * * * * * * * * * * * * * * * * * * * * * * * * * * * //


14516
(
2
8482
9490
90
457
3604
1133
8114
12
49
9619
9
4678
9337
123
226
2465
36
610
9339
160
246
2396
29
7767
9188
153
8014
69
546
646
68
815
6909
25
6390
19
144
2845
41
565
19
345
2699
17
556
2929
6815
7215
175
586
4900
6619
125
165
2357
37
7994
9345
31
414
9566
230
231
183
650
6903
45
6351
168
387
4974
161
339
5313
46
757
1358
134
6859
40
449
9633
93
2915
243
377
5723
249
473
4012
46
50
1157
206
374
6739
293
3406
407
1190
59
6522
8003
283
386
7747
84
6010
641
3934
44
45
336
137
293
9140
1198
8131
7995
8149
166
724
3045
192
212
1113
590
4325
74
8129
114
424
708
108
452
7106
213
355
6423
70
869
9425
96
202
2480
115
4277
186
653
1284
75
327
6037
4125
8065
365
466
5794
94
851
8901
66
488
5756
136
480
4573
656
8377
80
528
2636
194
2009
194
874
2623
8245
9351
708
8584
359
1388
110
4019
8946
185
582
6764
321
323
4994
117
8339
442
2014
115
131
1115
104
3848
9209
128
507
3385
86
2091
3443
560
1002
118
475
2690
97
7419
9349
95
224
3300
105
7325
127
166
2713
895
1252
131
176
1981
94
106
1098
315
463
6417
836
8925
149
796
7378
98
8420
8618
119
3540
8522
944
8887
238
5907
457
4640
248
2939
100
8056
8397
182
3013
332
353
4416
103
465
8085
2385
8929
205
8034
208
6183
419
8126
303
591
9048
531
8454
120
759
4232
7632
9461
193
508
6636
138
5734
405
551
671
252
6709
8022
291
862
7733
328
2322
601
7502
3076
7953
482
9661
155
7842
8041
140
462
670
6676
8273
222
487
712
412
809
279
284
1452
316
1004
903
7985
132
276
2199
151
990
4112
8008
8127
9591
295
743
4935
200
5727
176
204
1455
922
1703
799
8229
290
1499
199
7122
8483
594
3121
157
183
6777
159
6838
9262
147
7367
8976
434
3521
420
434
5138
379
500
4005
158
4901
154
245
4851
1240
8913
152
3453
9093
545
7537
7504
9559
198
8520
300
8437
8833
9461
215
846
4587
247
2207
182
2318
1271
8246
3944
7787
3696
8505
189
428
1648
175
225
3890
172
321
379
206
916
9068
264
1621
7379
445
1576
436
439
3872
446
498
681
173
7894
8463
4799
7951
8516
9509
190
222
1682
9182
8042
357
472
4131
187
8335
8914
195
429
8988
325
1205
8113
232
3464
8402
7423
9223
217
503
6326
554
1106
360
7311
341
2069
464
514
2068
445
4378
7979
8638
223
8181
8993
211
2237
277
1349
9152
581
1156
214
349
1325
443
497
5651
6193
8657
1053
2195
337
8355
225
268
1726
551
703
276
1679
8492
289
8189
218
3830
5941
413
6027
6642
240
7290
319
1494
7796
267
894
7272
451
1853
6699
7808
2429
8998
364
8718
2811
4433
477
888
3480
469
6304
324
8467
235
8139
8830
228
1162
8503
285
548
1382
8027
7857
8985
316
995
8015
452
1582
300
7708
8632
331
8530
395
513
6782
1071
3990
357
3980
8843
9503
368
1053
2804
373
529
1376
8461
8994
290
976
1034
261
406
4182
1979
6356
344
975
1012
333
6226
401
3521
5923
512
555
2176
528
5799
261
615
5259
248
7670
348
1532
280
6704
7942
8591
8747
286
8802
9108
257
1172
7486
262
2200
279
529
1054
499
915
1974
380
842
1119
498
792
7168
603
8571
426
685
6776
270
413
5741
366
908
8944
2290
501
7241
491
4524
8479
8292
9319
266
346
9258
4399
5364
907
7692
6200
8576
419
1548
8364
6655
8750
404
539
1374
306
517
8427
548
1125
3476
275
8798
8925
8529
9556
9409
412
6698
422
728
9752
8145
509
5829
550
1071
5364
573
3683
7406
7582
8891
6733
7479
982
1835
297
552
7863
483
926
7077
6828
8107
8301
377
6369
506
531
1948
3873
535
800
8451
1244
8834
416
427
1530
8292
8835
383
8996
9088
343
840
8484
9483
309
697
4909
369
485
5470
3955
9716
629
1044
7964
311
5890
9663
471
7581
312
8252
9323
509
5556
7788
1212
9329
459
1864
7326
6250
9626
8095
9413
604
885
9122
423
6988
8760
367
1012
2337
618
5988
6953
517
6687
7865
9030
9477
342
575
7664
5061
371
394
7939
1430
4673
346
8111
787
7853
427
447
1766
6039
8313
331
7952
511
997
4593
706
952
6683
439
8510
370
7297
424
546
7293
348
1683
7922
438
7662
398
1817
747
812
8903
2654
3443
349
8114
8602
410
7940
636
7547
737
353
2556
387
3402
8408
362
605
4351
4052
8204
416
487
1093
372
8786
9340
816
875
932
5830
390
1727
8094
388
6096
544
1544
1915
7428
361
730
8163
444
8259
538
4339
8698
8906
602
1009
558
743
1356
394
8293
8527
8933
8742
9505
418
8325
2089
8545
516
2568
486
6308
925
8612
8024
8957
461
8115
1606
9646
596
2067
3080
554
688
979
8000
411
1192
5541
1430
389
7993
388
625
993
547
713
2234
8592
447
492
3512
490
1346
3836
8445
8975
6215
1077
407
6731
8851
9576
441
8638
8648
519
1270
400
1456
8626
8125
1655
8584
664
2328
4614
640
949
7572
9174
9545
541
8268
8373
6666
8481
8621
8979
593
7063
8052
448
1035
9485
408
3781
1983
8579
681
792
7947
645
3193
456
907
7097
8287
9523
468
8344
5941
9263
1135
3614
417
2258
2507
8021
6331
8017
975
5548
9685
5506
7935
608
1814
2088
1518
9636
431
9338
9499
625
762
1365
493
4248
8075
511
4105
455
9069
966
1026
1063
494
7281
663
704
2712
435
8317
9132
4745
8971
9750
477
5106
489
665
1178
8105
8418
2556
1013
3586
5644
8526
9772
503
3417
3849
5548
1509
2814
3402
8854
9162
7944
1701
7657
2142
3222
710
869
7701
489
2728
7341
484
9189
9384
476
8578
9118
1458
1865
564
1659
7435
588
963
2637
7587
8453
478
8017
8164
655
1597
1085
6286
475
7433
594
6286
470
7883
7753
9202
671
703
4345
581
5392
547
2395
7968
8726
592
7412
900
1553
7916
8320
652
1227
4364
8325
8474
9300
8510
8331
8896
735
741
4854
8316
9237
493
987
1283
3113
7218
7224
8958
2449
8392
5611
7143
520
7538
8009
559
8203
5055
3516
3850
7684
8452
837
864
6309
8977
9687
1195
1439
7478
738
6944
9003
975
3500
8414
555
8049
8274
675
7722
634
2089
9304
6587
530
7442
9084
518
8662
9551
1098
1548
601
2531
870
5560
9251
563
1208
8556
8652
615
4182
708
2200
667
6227
562
1167
6867
736
1261
9139
8267
8872
1310
685
6309
525
5835
7351
532
6873
8478
668
6399
527
1281
9303
1323
2657
536
9097
9221
2255
2451
6369
8162
1467
9096
1582
8219
8465
575
618
6849
709
965
1038
545
4455
1246
9388
870
5735
7694
7237
8842
1193
8538
567
8814
9632
750
9423
584
1686
3538
689
740
1328
8874
9118
4314
8965
6626
8990
679
8096
647
8415
8309
597
7911
756
1022
6206
2682
2037
5255
8642
826
836
4783
9083
9501
1418
5793
943
5799
656
7315
8012
850
9283
8311
9623
783
6436
8625
9077
628
8089
8440
9058
9777
828
829
3043
838
956
5093
643
665
3657
801
863
3645
855
1823
3070
8248
8504
623
7614
649
679
9264
638
702
7691
814
4187
8739
729
848
9621
599
2145
8264
8607
8050
8646
611
958
1383
585
2878
986
1047
904
7371
590
8936
9667
2366
8013
898
1675
7813
8631
8248
9190
8997
9789
8700
8983
7674
885
982
1539
8968
9309
765
8716
627
8393
8921
9030
933
7798
7833
7427
678
3282
765
7420
875
8622
785
8966
1207
7703
8151
637
8271
9426
7803
8840
927
1192
1222
8908
8982
631
7161
654
7109
7958
614
1008
2456
1028
6229
8049
619
1400
9560
900
901
9128
3801
7634
672
755
8939
626
842
1203
793
8365
8574
1631
8257
794
4006
9739
3589
1062
1191
8843
8904
1029
8502
8348
8625
676
6207
7024
667
8715
752
1695
8405
635
847
3314
846
8488
854
4643
684
7609
1316
9401
801
8066
917
7272
8396
7652
9259
7107
9330
669
670
9368
754
3877
698
1021
7919
735
1619
686
8480
717
8417
659
9439
9599
1924
7809
1003
7646
1786
2107
9168
1802
7837
7891
9459
1174
8386
686
8561
6223
736
920
749
1079
1558
8609
9507
669
1085
9714
768
1234
2676
690
6179
9372
741
1619
1430
8274
4939
750
7458
7852
7674
767
1847
8866
9519
1972
1050
7095
744
8345
9374
682
3040
6568
1314
7466
934
1426
786
6620
8297
1411
1508
720
8620
1943
9064
9277
791
1238
7924
7974
8213
7265
9165
967
1182
8368
1023
1674
692
3301
8493
9597
852
1605
2447
811
3143
862
882
8000
951
957
3210
726
1709
9031
714
1145
9601
781
8560
6817
9528
755
1327
8867
2495
3958
8793
1055
4993
9244
716
3052
2703
716
3438
758
2366
7907
1290
1315
995
1004
3876
762
993
7523
9674
770
8860
9773
996
1501
756
4087
7160
7711
789
1041
1225
4610
8117
8784
725
1102
4033
817
824
1898
9109
9521
1271
6082
9383
760
1011
3533
734
3155
8864
2119
3113
1001
1141
2091
5652
1339
1450
8453
9141
9167
9352
850
8088
732
962
1784
6786
9067
981
1730
3651
8551
8809
4676
1035
7593
7886
8433
911
1768
8850
4147
7730
4610
806
1708
1728
2664
813
9498
1005
1941
7780
817
1711
3232
6396
9728
771
4767
8065
1002
9662
7781
1006
1725
2532
1323
8752
795
853
4200
950
1775
6090
2395
889
8358
7908
8822
8518
9245
957
9407
790
805
4933
3034
825
7338
7615
848
947
1273
8769
843
1642
8996
1069
6512
6394
7779
810
8101
9307
8756
9178
7787
9630
821
953
1451
1096
7977
9305
1541
7254
9247
940
1052
6307
1105
4827
6101
914
1089
6646
1016
1739
3622
971
1138
2332
1128
2252
6986
9410
9537
2696
8211
8429
941
4874
879
8040
8669
1520
9345
9229
9788
872
9475
873
1883
7875
960
1338
876
2717
8497
8534
2092
7122
8238
8555
9169
8399
8558
2762
7315
1327
7871
8794
837
6742
6967
3822
9539
7537
8636
3260
830
7263
7456
878
5915
9038
9359
2451
9269
2614
7364
820
839
3123
1021
7102
7794
1349
6559
8847
9142
954
1760
8807
9015
1143
8362
8567
8675
6722
9267
983
2025
2267
853
4032
6576
959
3062
1236
1716
968
9279
935
1758
1886
950
992
1995
980
1871
1408
6959
4666
8918
861
1720
4034
1102
2961
908
2064
1070
1326
913
1249
9131
864
6967
8966
839
865
3129
987
7496
8902
1072
8546
9720
4640
7418
7930
8895
5201
8611
858
1373
1746
7899
5178
9734
1045
8678
9740
886
1058
1764
8490
981
3565
8359
954
1057
4791
8845
6970
8454
920
1261
8324
891
3894
8572
8886
985
2861
7591
886
7244
8455
931
1006
5270
1893
8175
9201
945
2027
2509
1720
3305
4351
866
5115
959
3126
1709
8372
9126
968
2475
9171
7471
9094
906
1132
2229
918
8368
8628
9625
2237
7808
1539
1237
1432
6597
8006
8152
6300
9472
9372
9597
977
1275
1450
895
4528
8092
2568
7143
890
1016
3467
1091
2335
8790
7775
1452
948
1105
4832
1244
5995
8206
9238
4552
6427
945
2056
905
1117
7447
1555
2987
6844
1458
7298
5652
1171
1193
4930
1011
1159
2647
8579
8778
1110
1878
3617
3980
1406
3991
1329
5297
6757
1055
8661
925
8330
2223
8589
3322
6264
8396
9530
1043
8640
9295
1078
1815
7892
7711
8695
1172
1422
7615
1112
1388
1106
7777
2150
7024
1204
1647
1073
6036
973
1375
930
1385
1808
5436
1065
1344
3096
1235
1750
939
1054
1376
952
2277
2460
8494
8351
8982
1417
3874
3245
8004
9717
1493
3020
5844
1023
1089
1138
2104
1010
1825
1695
7970
1033
2454
8112
8616
1010
1064
1522
1017
1881
1032
1259
1572
1462
1793
7287
7629
2194
6470
944
4214
6391
1288
8991
5022
3907
956
1020
1538
1046
1527
6761
8755
8214
8950
2562
3099
7909
7751
1188
2445
3735
1079
1304
1587
8157
3104
1060
6407
1061
1956
2191
2927
8391
1297
2326
6394
4167
6576
8272
1454
1722
7758
9053
1805
2315
2363
1014
9222
9298
1091
1206
1511
1057
1760
2729
8170
8314
1149
1182
1220
8655
9027
1150
1914
1170
1183
1056
2903
9173
1221
2042
1368
1976
8128
8614
1525
1967
1222
2461
6579
8724
9565
1214
1996
8782
2903
8370
9542
1040
1517
9225
8758
8833
1119
1203
7629
1263
1482
1405
1028
1658
3832
5022
1093
1646
3781
8538
1075
1093
1530
1186
2132
9041
1009
1449
1520
1177
5231
7948
6793
8337
4999
7477
8321
8074
1067
1359
1480
1493
3018
1042
8622
1774
6439
8654
8889
7350
9694
5994
7647
9327
8083
1181
1233
1224
1352
1692
1146
1334
8439
1442
1461
7988
1241
7713
1106
1136
1207
8894
1298
2548
7849
6082
8539
1586
8660
9498
1356
6867
7353
1208
1979
2480
1037
1354
3035
1188
1584
1448
1829
2123
5589
8821
2014
5793
8313
5141
9271
1059
1688
2368
6577
8260
1107
1289
7275
8142
1372
1508
9513
9776
8654
9403
9272
9722
1332
1523
1258
2082
2195
7807
9216
1131
1201
5336
5178
7999
1304
1558
2610
1203
2083
8238
6557
9126
5053
8216
2104
1872
5828
1497
1512
1352
2606
1446
6950
1196
2083
1194
9383
1513
1570
1154
1177
1088
1566
7500
2047
7108
1114
1116
2886
1225
1956
1949
2301
8117
9056
9706
7724
8358
6906
8211
9042
1399
1563
1082
1481
2312
6371
9220
8199
8333
2636
1266
2324
8844
1734
8746
9589
3068
5401
1328
2331
3143
1114
1185
2806
4461
1092
5065
7650
1100
1116
3559
3230
9243
1248
1308
1434
9224
1975
1100
5126
1345
4548
6425
6685
7462
9671
9225
9268
1134
5600
7445
8454
1727
7015
9480
5174
1384
1412
1488
9530
1311
1324
6659
1107
1250
1419
8374
7977
1859
2106
7227
1506
1578
9174
7069
7721
3899
7611
9001
1330
2613
1164
4906
4957
1694
1780
5007
1249
2613
1440
1987
2614
8251
5443
8195
9715
1247
2433
5069
6258
8023
8586
1126
1473
2863
1184
8440
8448
1455
6828
5244
8101
1148
1213
3038
1605
5436
1391
9315
1166
8806
9712
1253
2790
1189
3120
5725
8876
6249
2989
8708
4856
9085
5288
7826
9079
5280
1344
5168
1554
1635
9323
1154
2961
1268
6205
9450
9310
9613
1242
1693
1859
2634
8649
1423
1431
1427
2385
2853
5264
7752
1275
1277
1698
6317
1277
1287
1375
1287
1362
8086
1279
1393
2411
3064
1209
1286
2520
1470
1487
1243
1477
1435
1842
2773
2972
3123
1286
1770
2039
1581
1793
7539
4914
7456
1185
1209
3437
1853
4069
1230
1522
9156
1391
9326
1466
1516
1363
1425
2277
1755
8888
9475
1310
1339
4384
8509
8893
1275
1397
1403
1307
9012
1276
1305
1474
1237
1296
2742
5168
1540
3877
2147
4382
7342
1266
2184
3952
1276
1397
1403
1407
6387
8147
4924
1559
2160
1310
1407
1410
3661
2259
2641
1520
1588
1394
2419
8342
4732
1279
4781
1757
2174
1715
6428
1387
8601
9080
1762
2179
1547
7411
9046
1204
4998
7467
2093
6820
1262
1498
1521
2982
1362
1375
2032
2206
7914
9013
4877
1211
1549
1580
8096
5070
8564
1219
5218
1836
2336
1549
1596
9299
1236
2704
3392
1243
1272
1789
1313
7865
9428
1317
3498
2540
8886
2023
2250
8240
1305
1363
2461
1986
5257
1260
1371
1710
8295
6685
8663
1367
2416
8141
1770
3177
3192
1457
1513
1496
1567
9340
1309
1394
1998
1474
1543
2752
3322
2079
4572
2843
1543
1881
1365
1390
1666
6287
8766
1921
3582
1806
1875
2322
7811
1428
2213
2300
1736
9636
1355
4956
1752
5930
1389
1390
1478
1274
2227
2848
2654
8458
1534
6324
7411
8352
8948
1312
1665
8360
1342
2098
1568
1664
5666
1836
2319
1552
2474
1847
9180
2118
4379
9415
2081
2210
1364
1365
6121
1342
1347
6770
1363
1577
6579
1670
2303
6865
8142
1410
2245
6729
1280
2367
1495
9102
4798
6070
4402
7401
2002
2564
7504
9053
1645
6606
1890
9007
1285
1597
9165
1311
8744
1676
1773
1581
1655
4858
5562
1574
4291
1478
1561
2124
1469
1627
1632
1498
1805
2570
1400
8298
8581
1517
1561
1603
1460
4953
7015
1533
1691
1876
6476
8093
1747
1816
7587
1468
1527
8359
1603
1627
3369
1540
1794
1934
1569
1679
1811
2344
7597
2226
2780
8295
6001
7922
1595
1791
1526
1733
4248
1748
1858
1724
1731
2223
8428
2287
2460
8118
8338
1321
5714
1347
1654
1650
1740
4527
1551
2314
2391
1622
5402
1756
1883
9111
7970
4401
6779
1485
1955
1732
4914
8942
7238
1576
8220
1687
7352
1360
1629
4546
1469
1612
1413
1729
1834
6340
9631
1448
1810
1991
1532
1683
2455
1641
5589
7108
1676
9459
1415
5629
7720
1750
1922
9117
7063
1468
1630
1631
3086
7541
7960
8567
9414
2441
1385
1744
1899
9094
1351
2002
3453
1639
6856
2216
1596
3366
9366
1428
3272
1649
2022
8834
1527
1612
1630
1477
7724
1641
1777
1379
5512
1456
4910
7953
9193
1384
3034
1477
1789
2004
2050
2926
1392
2201
1438
1742
2584
1510
1538
1688
1651
1699
1556
1958
5455
1625
2299
7539
2099
2383
8880
1425
1577
2629
1459
4691
1425
2437
2460
2528
2554
9311
2046
7384
1607
1634
1964
5930
1722
1868
1964
9411
9680
2026
7196
8589
3589
1601
1861
1863
2086
7899
1445
1492
1975
1495
2384
9197
5980
1637
5884
8670
1565
1700
8659
6340
7293
8244
1412
1578
1817
7295
1506
1616
9346
1688
6096
1553
1624
1737
1422
3378
1551
1629
2896
5886
2033
6884
4713
2115
2199
1455
1500
1981
1459
5966
1600
1680
9141
3349
5541
1719
1954
1666
1913
1483
2589
7525
1503
1509
5843
1476
2218
2755
1610
1717
7281
1550
2150
1519
3596
5243
1489
2047
7384
2794
8244
1533
2209
2116
2402
3054
1531
1678
7307
9384
1860
1903
2162
1519
1812
2968
1465
2335
8884
9147
8224
8542
1485
1880
5725
1546
2539
1486
2232
9494
1554
1724
8095
2589
9347
1676
2120
1530
1700
1766
4762
1556
1998
7401
1584
2764
6557
1881
8534
1504
1512
9241
1928
9281
8677
5603
1735
2096
1510
2670
3783
6195
1610
2353
3812
1565
2175
5191
1741
9436
5855
7353
1742
9624
3464
1690
5033
5392
1587
2028
2577
1514
1670
3084
1650
3198
7772
7275
7725
7891
3625
7486
7133
1609
1646
2380
1489
1778
2128
2807
1608
1775
1492
3015
1663
2653
6988
8114
2224
2491
1865
5459
6121
8805
2472
1641
1765
2123
1820
2323
3778
1511
8208
3209
8264
1523
1628
1656
1510
3016
2169
1914
1562
3476
1609
1682
1751
1959
2010
2189
2464
1868
4424
1620
2254
7168
5554
1622
1952
3711
1973
2026
1845
3792
2117
1870
6562
1609
2429
9406
6068
8088
1660
1680
1736
4192
6518
8239
8899
1632
1774
2073
3187
1825
2182
1556
1909
1717
1835
8977
1640
2292
5768
1779
1799
2371
2679
2638
3654
1604
3089
5605
4868
7420
7911
2190
3633
6485
1833
6008
2728
2899
8326
1633
1771
3536
6483
2018
8199
1560
2154
6240
1575
8157
3069
9488
1944
6533
1829
1866
5229
1849
2498
4441
5779
8508
9491
1564
1820
3621
5555
1618
2993
1633
4201
5739
2140
2155
1646
2249
4551
6443
4518
2218
3354
1980
4461
7247
8775
1910
2005
1825
2172
2046
2047
2140
1661
3427
2529
2592
2646
6350
9765
1663
8760
1648
6265
4843
1628
1980
2068
9558
6545
1950
1821
8198
9699
5162
4366
8242
8356
9205
9374
2662
1998
6731
1812
2007
3762
1626
1850
9037
1851
5251
5861
2116
2607
1830
2006
6385
1693
1763
2216
1767
1799
7482
7539
1921
2424
6025
2043
2068
2631
1747
2171
1749
2170
2027
2056
3579
9427
2103
3308
7790
1647
8104
1653
8715
1959
4422
5609
1756
2174
9147
6327
1757
2179
9123
2166
2430
2867
1763
1803
2053
5874
1884
9101
9489
2260
2350
3234
1854
2092
5743
7863
3107
1644
1900
3780
4374
6609
2470
3193
5678
8143
7543
1667
5472
8161
9359
5971
4997
1681
2606
5358
8297
2087
2127
9361
4960
6697
1710
2043
2173
2400
2427
1807
2144
2035
2234
1826
1886
9598
3048
9570
2860
6242
7269
6446
1856
3636
5175
1803
8498
1772
2303
9420
2203
8819
2648
2672
6607
4473
9478
2149
2891
8971
8136
9083
6161
7692
3369
9208
1849
3225
1872
5437
5856
1797
8794
4573
9502
2285
1684
2631
2149
2600
5605
1689
6604
8853
7961
1811
2106
8492
2012
2349
8060
7333
7852
8594
1808
2023
1983
9067
1710
2226
2631
1723
8384
8232
7000
2203
2283
8526
2694
4473
7735
1894
2008
8271
6906
8429
2026
2464
3742
4760
1990
3369
2343
2378
1693
2351
4277
5495
7642
2327
2398
9446
1894
1999
2062
1947
2123
2053
2173
1969
1907
2489
2036
2184
5387
8859
9117
1968
2152
2339
1713
2134
3004
2151
2323
3584
1877
2882
8653
2790
6820
9244
8937
8978
2238
3303
2370
2997
1796
5666
6994
2239
2419
2972
6600
1824
1822
3456
6717
1946
2009
8066
2161
7797
9146
3034
8701
9351
5914
3599
7752
3240
7803
9215
1987
2044
2019
2071
1902
3816
6009
6687
3017
3374
1919
2419
9236
9762
2471
2625
5295
5417
6299
1767
1792
2523
3810
7069
2403
2526
2591
2603
9774
1884
2841
8338
1988
2059
1902
3395
6427
8401
8565
7965
1994
2057
2078
2555
2003
2201
3066
1811
2126
2276
4379
8368
2561
8079
1788
1971
2158
2308
2059
2095
5930
8418
6472
3783
5877
2680
2681
6235
2723
5015
9293
2143
2589
3254
7260
1790
4642
1889
9595
4339
4645
3104
2824
2019
2085
2115
2666
2681
2666
6631
2087
9369
1981
2155
2802
6176
6237
2472
2588
2881
2603
2714
8997
1972
1983
7951
8044
8680
1936
2383
1800
3824
4887
1794
1989
2702
2094
3541
2138
9532
1801
6332
6447
6314
2013
2656
3050
1797
5749
2001
2069
2085
9523
2045
4027
5865
1896
5888
5985
7045
4508
1904
1926
2292
4379
2106
2126
1904
1935
2135
2194
2860
6549
2111
2192
4123
2105
6947
7429
1906
7625
2018
5675
7989
8805
2814
5843
7852
2356
2596
7780
6433
2327
8993
5352
7222
2264
3253
2025
3812
2561
2639
1935
1997
2254
1988
2000
2217
2111
1945
1992
1844
2846
6806
1987
2219
8197
5093
6096
2034
3233
6008
2580
2069
2115
8127
2473
7072
7794
2062
3161
3265
1918
2017
2267
2642
5699
6888
5422
8392
4542
7685
8106
1927
2152
2701
2948
2339
2436
6425
2000
2093
4762
1895
2398
5774
7232
8046
2071
2965
3352
1857
1997
2070
1986
2283
5399
2114
3032
1887
2846
2079
6472
7625
7810
2003
2574
2022
2165
3032
1926
2425
7989
9757
2284
2090
2159
1946
1966
2486
4181
2076
2288
3249
2303
2361
1930
3232
7696
9020
9524
6836
7743
8575
2351
4681
1972
2478
2442
5648
2110
3844
3222
8685
8980
3254
3727
1896
2240
6975
8577
2039
2061
2520
9129
1927
2728
2044
2219
2307
2361
2754
9575
9749
2059
2217
2225
2118
2447
2620
8862
9091
1929
2340
2457
2918
1966
2016
5814
2017
2201
2135
2767
2052
4065
2090
2111
2215
8119
1906
6278
3416
2110
3362
5352
2310
7593
2881
3121
9519
3267
3515
2034
3673
2030
2295
4276
2076
2389
3073
6859
9376
6365
2611
8474
2049
2659
7958
2308
2332
4453
3538
8837
3267
3471
2660
2910
8634
5415
8433
4175
4215
8235
8239
8788
2038
2294
2953
1976
1934
4175
5004
1996
3265
1992
2791
2150
2159
2198
2099
2491
8423
2807
5693
5789
1968
6524
6744
4215
4243
8364
2020
2122
4163
2095
2225
2273
2292
2325
2791
2329
2851
2109
2847
6145
2157
2269
4243
4266
3232
7789
2935
2680
6248
4194
4266
3374
6654
3841
4194
2213
2984
4210
2711
2997
2572
3163
5073
2014
2304
3727
8125
6747
7705
8532
9204
3515
3692
2158
2521
7700
2264
3301
7730
2064
2912
9505
2134
2609
3241
6816
2545
2719
2877
6194
2212
3812
1989
2193
5191
2016
2029
2562
2010
2955
3692
4044
2198
2263
9396
2791
1992
2325
2338
2352
2772
3942
8209
6286
2157
2176
9021
2070
2286
2290
2273
2286
3025
2606
4488
2279
6327
8263
2093
2595
2018
2611
5509
2041
2855
2029
2048
5142
3527
5475
9291
6688
5375
7871
6946
4406
7097
9104
2276
4604
2338
2349
2485
2783
2558
5142
2121
2281
2446
2604
8405
8803
9393
3278
5148
2257
2309
2541
2856
2074
2055
2268
3558
2051
2555
3527
2598
3142
2053
2216
6407
6008
3305
2344
2695
5442
2404
3268
2178
2253
5166
2701
5958
4044
4805
8232
5787
7999
3060
4128
2263
2296
2647
3403
3078
2176
2296
3350
2102
2808
2055
4668
6227
4367
2523
2781
3476
2081
2820
2379
2527
2316
2563
2070
3025
2612
3871
2617
3856
3883
3352
3314
2282
4422
2320
3224
3468
2352
2391
3239
2122
3867
6449
2324
2387
9058
3071
3452
3733
9521
2627
4748
5309
2851
8321
5664
2241
3181
3478
2647
3138
2082
3066
2137
5191
6884
4180
2307
2638
3601
2095
3025
4573
2714
6099
7412
2313
3538
6184
2096
2311
2550
4668
2224
4781
2781
3240
3429
3419
3675
8347
2290
2131
9480
2125
2492
2608
8052
2275
3050
3371
2793
3584
4335
2186
3092
2302
2600
6130
7851
8696
8693
8880
2227
3423
6050
2689
4352
7707
2129
2359
4852
3158
3409
5208
2633
2838
5004
5498
2857
7218
8366
4645
7041
2486
2623
3694
5690
6054
2344
2797
6067
2167
5451
2928
4540
2627
5038
2192
2215
2450
3292
2180
3675
2188
3246
5708
3868
5439
2154
3859
4818
4805
5167
2723
3047
2162
3015
3125
7604
2183
2316
2801
3047
8409
5725
7569
2254
7054
8031
8242
3200
3307
5457
6266
7687
2266
2272
2477
7029
2295
3769
8043
2165
2766
2988
4522
6720
2708
6090
8942
4182
2824
8557
2477
9273
7251
7700
6243
3647
7236
7464
2196
3394
6374
3795
7558
7709
2348
9448
2565
5047
6224
2278
7195
5455
5498
5570
6984
5167
7139
2526
2980
3834
3653
8586
2215
2993
2649
3575
3937
5568
5570
2467
2640
6674
2601
2990
6101
2257
6397
3798
8223
9373
2576
5531
7345
8627
6146
7081
2407
8471
4434
2443
6235
6606
2804
4871
8337
2450
2587
2993
4749
8232
6941
2377
4371
9310
6409
2364
2408
9411
2259
2630
2726
2335
2591
2551
4328
2451
2452
9575
2220
3746
2306
4422
2365
3399
6070
5568
5676
5567
2246
3044
3921
2412
7613
9522
2272
3079
2846
3353
4069
2289
2974
8710
7481
5177
7735
4079
2265
2291
2691
2390
2752
4118
4280
9072
2660
3029
9014
4781
8246
2441
2672
9268
6014
2624
5067
5708
2405
2408
2494
5055
4087
3471
6529
3353
3407
2508
4656
2364
2452
2494
2571
2683
8707
2258
2615
2678
6076
6216
4929
5624
2371
2396
2535
2396
2405
4400
4518
5795
3119
3352
2257
2536
7121
6630
7950
2262
3327
8466
8650
2272
2499
2667
8164
6745
2477
2499
2388
5556
5593
2291
3763
8137
8570
3327
5807
3746
8387
8846
2502
3704
8222
8820
2370
3490
4583
6566
7939
8330
6334
2407
7762
8294
6848
7002
6728
7597
6518
7006
2955
3384
2554
2564
7510
2855
6046
2808
2950
7092
5809
7298
2983
6121
5259
6054
6263
2314
2896
2632
2734
2297
2549
3310
3590
2362
3381
3778
4966
2650
4371
2599
3719
5699
2359
4732
2730
3067
6242
6573
2745
2839
2935
3417
2389
3358
3770
2950
2981
5610
3432
3092
8304
3429
6295
2625
2635
2394
6844
2981
5024
3412
5980
6517
2927
3607
8172
9553
3779
5069
2510
3066
2919
2979
2371
2594
2710
2488
5975
2468
6754
2676
2786
8181
6044
8984
2356
2622
2749
3557
5708
3112
5865
2894
2337
2665
2713
2502
3179
3426
2898
3265
3312
5646
3384
2513
2525
2346
2601
3473
2542
2985
8953
2535
2594
2411
2910
8230
2779
5397
7099
8786
9390
3137
5709
2661
2587
3677
6467
5215
5676
7221
3246
4554
5067
2420
2439
2769
5922
2982
6011
2689
4342
8135
4986
3137
8435
8633
6624
2862
3150
2445
2771
8544
7148
7343
7936
2488
7263
2503
2659
2377
2738
8362
4511
2722
3269
4887
2423
2582
4107
2753
3611
5047
5530
7410
7950
2877
4719
4951
3484
2619
3650
2496
2503
5795
5976
2730
3182
3826
2440
4880
5656
5971
6016
8623
2445
2481
4838
2664
9501
2415
4436
4801
2641
2698
5240
3027
3101
4565
2618
3441
5707
2928
2940
7527
2776
2933
6610
3689
6036
8163
9363
5488
6804
2468
2664
2692
2511
3163
3063
3332
2799
3197
3944
2667
3079
3821
7847
4125
2423
2590
3550
5635
6397
7121
2454
4762
2481
2516
2782
2717
3411
9269
2428
7788
2434
3766
3582
5082
5990
2645
4964
7723
3605
9181
2439
2821
4876
2880
6176
6499
3564
2820
5442
3416
4913
2655
2706
7733
8519
2602
3682
5976
6017
8434
2513
2552
2750
2764
2775
9374
2598
3296
2496
3238
2744
8351
9179
2578
5838
6263
6441
2769
2775
8345
2444
3102
4866
8596
2678
2943
3282
6884
2448
4226
2469
3699
3714
2908
3605
8054
8143
6553
4933
2496
2770
2822
5177
2710
3722
3033
8834
2504
2916
2851
3185
3800
2690
2720
8712
7772
2583
2585
2801
2694
3743
8237
7348
3841
6673
2749
3036
5844
2573
2585
3952
2573
3184
2741
4986
3700
3817
4191
4350
6150
2490
3661
2483
9252
2525
2750
2789
4345
4579
5609
6282
8688
4569
3661
4233
4591
7647
2771
2864
2527
2530
9019
3116
3186
3542
4342
4365
8272
6683
5265
8753
2516
3313
2693
2695
2692
3060
3634
2715
8799
9377
2789
2805
3313
2525
3313
5124
2516
2805
3817
2691
7585
8491
4516
3766
3225
3773
2552
3030
3719
4906
5888
6975
6258
7498
2621
6382
2655
2857
4406
5144
2985
8857
2636
2662
7888
3811
2864
8604
9178
2850
3509
4839
2590
2809
3552
2652
2705
2797
2599
3055
6888
3843
9109
2550
2836
2875
6969
2597
2959
3757
3198
2770
7294
9098
2992
4962
2785
3835
2690
2756
2902
3400
2792
2799
3329
2816
3261
5393
2742
3327
3653
2693
2721
2815
6016
6188
8193
5856
6261
2849
3070
3653
8421
3336
8370
2626
3094
7464
2876
4561
9440
5419
3607
6162
8036
3086
6095
8515
3325
3725
9508
2671
5829
4795
5295
9099
9388
7289
6646
3500
3190
3491
4210
8407
9426
2743
2759
9091
4423
4599
9317
7425
3657
2640
2673
7280
4076
6834
2783
2885
3442
2573
2946
3022
2857
2890
2973
3716
6517
6590
2662
2865
2740
2985
4913
6612
2695
2815
2854
2749
3279
2854
2865
2596
4548
2822
3238
4025
5144
5426
2871
4199
9608
2806
2886
7943
8302
7442
8790
3699
2763
2862
3128
7369
6355
7384
4462
6653
4969
5024
3631
3803
7620
5097
4434
5336
5920
4252
5248
4444
4047
2686
4169
5090
9136
7375
3041
7642
2720
2756
3420
3163
5163
2705
3171
2832
3525
2797
7727
3228
3151
3312
7405
7359
3729
4099
2959
3788
3930
5848
6088
2688
3878
2679
5249
2655
2947
2823
3923
3800
5919
6089
6383
7256
3785
4050
5661
6115
2721
3216
3611
6441
7533
2818
2827
2727
2739
3014
3302
9350
9595
2875
3819
2800
7907
4367
7355
9668
2946
2818
7233
7529
2739
2759
2974
3297
4832
4993
2720
3789
7452
7838
7203
5463
5757
3484
3738
2990
3294
4827
4074
6380
6282
7231
7105
3610
5854
2967
9052
2688
3618
7624
6203
3674
9469
2911
6173
6316
3108
3151
6871
6022
2912
2932
8367
2753
3283
6224
6261
6452
4144
4514
8841
2949
4108
2743
2967
2974
2827
2874
2917
2964
6522
7495
7620
7498
3079
6895
7459
4668
8390
2706
3664
2752
2958
2964
2979
3003
4944
2891
2914
6601
7132
7805
5209
4140
5408
4935
4104
5123
7760
8225
2818
2917
2942
2942
2958
2778
3049
4352
5931
6358
7373
4874
6606
4569
6180
6247
6600
4941
2735
6744
7884
7181
7288
2832
2893
3588
5879
3004
3147
2866
3342
2803
8055
2843
4400
2872
2929
8600
3746
2890
3140
3285
3231
3814
2883
3393
4077
5329
2734
2833
7833
3874
6265
6693
2825
3317
2796
3486
8460
9314
3272
2954
3008
7513
2830
2951
4395
5277
8385
9549
3012
2947
3754
3131
4138
8549
2934
3035
8073
3605
5766
5272
3336
5220
3173
3220
4400
8265
3029
3095
2914
2957
4287
5800
6558
3136
3271
7055
2792
3019
3892
4844
2929
3002
8511
4156
6647
8649
6567
6615
4459
3022
3184
4340
3918
4030
3707
2828
2842
5228
3495
4296
9484
6223
7376
2925
3415
8605
4326
6302
7389
2873
3090
4488
7359
3145
3255
5937
3130
5121
3153
2973
3367
5786
7113
2914
2999
3021
5162
2969
3218
2828
2853
3165
3277
3481
2990
3571
8577
9691
6296
3162
4953
2968
3040
3057
9616
5100
9055
2800
3624
2874
3377
4072
2872
3002
3315
5691
4367
4590
5975
6157
6567
6670
2957
2999
3001
3012
3316
2891
3021
8317
4619
2829
8391
4274
8729
3045
3088
2924
4886
3482
7020
7382
2901
4272
2988
3031
3133
8858
8900
4678
6193
6677
8552
8641
9062
4589
2905
3765
3095
3436
8908
2960
5618
5696
5996
3773
4078
5776
2831
3493
6314
4168
4970
6287
6302
9278
4151
3596
3069
3839
4769
4988
3286
3348
3004
3191
4089
2895
3266
7708
4287
4311
7132
4909
9537
2887
2895
4637
2869
3652
2931
3431
2905
3576
7246
5475
8892
2952
3010
4933
2887
2909
3321
3049
5923
4342
4577
2976
3399
3061
3221
5139
5540
3881
5720
7296
8489
5732
2994
5071
6117
3196
4245
8531
3863
4819
8138
7178
3390
4971
3363
3165
9307
5103
4671
3370
3372
2918
3407
2908
3323
7675
3005
3387
2921
3803
7495
3046
3744
4029
3133
3164
4841
4932
3002
3665
5899
5142
9228
3228
6546
9302
4274
5802
6939
2945
5542
2906
4751
6483
6891
7924
3010
3103
3489
2944
2944
3587
5298
3169
3271
3633
3686
6670
6709
9499
3333
4504
3391
3914
3587
3454
2937
3038
3498
5426
5875
4460
9027
6188
6422
7796
3237
3502
3424
4372
9112
2987
3720
6179
4987
3006
4104
8203
9353
9677
6214
3024
3526
3295
5571
3111
3766
7847
8260
3110
5118
3811
5625
2998
5420
3139
5693
3001
3513
4031
3160
5929
2939
3215
7670
2938
3328
3356
3051
3419
3056
3150
2949
3238
8141
3639
2970
2991
3340
3308
4172
2969
3188
3258
8481
2991
3013
5319
3168
3178
3241
3298
3418
8629
8659
9551
2987
3626
2970
3005
4934
4463
4099
5662
3741
3763
5166
5114
4756
3015
6832
5080
6540
3093
3583
3319
3459
3138
3159
3087
4865
6956
3229
3356
9514
4142
5546
4945
3105
4867
3042
3139
3508
5789
3752
5096
9036
4539
5871
6465
3339
7883
8672
8062
3430
7955
3652
3266
3339
8632
3533
3239
3077
3857
7321
3382
3423
3075
3110
3520
3183
3202
8590
4526
3332
4238
5885
6949
6859
8355
3067
3175
3204
5983
8564
4260
9386
9637
4586
5544
5686
3092
7076
3627
3676
7745
3324
5572
8999
5402
3089
4072
3065
3063
3316
4376
3208
3139
3717
3132
3262
5700
3268
3556
3662
3330
5928
3295
3863
5453
3430
5808
6156
6669
4831
3779
3090
3106
6452
6583
9002
9490
4385
4416
3227
4028
4380
4385
4432
5669
3083
3609
8430
3398
3501
3204
4291
9578
3243
3445
3318
6092
8761
4047
4295
3124
3154
3090
4416
7811
3340
4380
4427
3183
3247
3248
3599
3189
3206
5741
3183
3184
3196
3455
3460
3455
3483
3211
6689
3118
3157
9635
6506
3257
8595
4196
6181
3275
8643
3260
3304
3376
3392
6775
7703
4050
5601
3146
3396
3248
3257
3086
3392
3462
3323
5432
7929
3952
3099
8945
3174
3363
3486
3460
3506
3152
4031
3488
7473
7854
8737
3235
3483
3568
3144
3592
4658
3252
3425
3296
3361
9626
3389
4157
3083
3110
3434
5823
3177
3544
3185
9586
3176
5172
5275
3154
3194
4260
4084
6329
7694
3097
3893
6455
3134
4398
3108
3207
4463
3194
3206
3351
3410
4419
4074
6695
3462
3506
3124
3642
3146
3223
4344
3214
3112
3388
3432
5484
5868
3801
8581
3459
4297
3199
3109
6091
3164
3264
3148
3498
4071
3627
4821
3568
3712
3824
3470
3136
3364
4567
3707
3845
8306
3442
4302
3202
3247
3715
3470
3474
5871
6012
4076
5566
8568
3189
3351
3361
3403
3127
7525
7810
3363
3381
3360
3517
3174
3451
3381
3403
3427
4876
3229
3450
3435
3554
3360
3169
6485
3587
3709
8472
4679
6372
3167
3539
3860
3219
3921
4483
5439
6012
3432
3946
6640
3274
3503
3820
3588
4177
3298
3428
3177
3346
3523
3159
3920
3270
4432
3421
4838
3893
3845
9211
3324
4100
9134
3202
3688
6323
7118
3166
6432
7140
5875
5952
4838
8836
4124
3906
3396
3472
3472
3490
3223
3510
4410
3205
3492
3537
4104
4404
3190
3501
4286
3355
3368
3491
4298
3256
4500
3386
3525
3280
3724
3197
3329
4094
3903
5427
3488
4223
5737
3321
3398
3490
3534
3712
3791
8635
3526
5032
7798
3397
6443
3368
4616
3709
3756
8442
5108
3662
3906
3534
3573
3668
7235
3274
3532
4382
3280
3344
3578
5312
3679
4235
3935
3474
4147
3224
4526
6422
6448
3573
3608
3219
3269
3290
3559
5126
3345
3698
6027
3608
3638
3756
8662
4156
4405
3681
5663
6104
3791
3831
4088
3365
3771
3638
3669
8773
4771
4142
4876
3365
4986
5038
3793
4173
5775
9602
6126
7540
3560
5664
6234
3342
3368
3669
3701
3342
3355
3497
3755
3864
3412
8694
4344
3387
3554
4218
3514
3612
3274
3479
4323
9076
9520
5481
4275
5111
3252
3686
3388
3393
4148
3583
4256
4988
3285
3701
3735
7831
3598
5297
3299
5457
4307
3831
3876
3320
4942
5105
3666
3681
7057
4404
8173
3330
4846
5383
3543
4321
3736
6916
3769
4058
3614
5118
4502
3896
3957
8445
9296
3433
4127
4585
5640
6301
3402
3842
3371
3373
4427
5535
3704
3373
3383
3493
6632
4168
5445
4495
4528
6805
3413
3740
3950
3439
6580
7180
3383
3667
3678
4763
5594
6459
3475
3522
3540
5440
9566
3663
3750
3876
3913
9289
4495
4562
6989
7616
4528
4581
4392
3668
4442
3312
4065
3735
3387
3543
5335
5990
3438
3684
3567
4609
4921
7822
6442
6750
4072
3532
3635
7342
5225
6639
4018
8214
9284
3595
4445
4848
5382
4151
6384
9656
3834
4888
3357
4349
3762
7530
4226
5011
3603
5395
4029
9597
9628
3620
4731
3723
4185
3399
3422
7509
4982
3525
3619
3487
4081
4748
3530
3583
5781
5796
3379
3942
4696
3375
3530
3649
4820
3896
3517
3642
4109
3635
4691
5966
3629
3943
4196
6980
3507
3574
6891
6997
8147
3383
3680
6693
6875
8219
8403
3623
7094
6615
7521
4216
4026
3404
4560
3562
5029
4120
5892
6376
4487
4444
3456
3641
3851
4784
4278
6518
6842
3379
3463
3497
3945
7697
3438
3782
3941
7209
3923
4656
4572
4172
4360
6763
6790
4139
3487
3642
5309
3422
3875
6346
4459
9126
3838
4038
4453
4031
5118
7207
8406
4241
5280
3824
4328
4514
3467
3632
3702
3523
3621
4857
4333
5270
3854
3891
6890
4251
7598
3974
7554
8903
3436
3887
6488
3519
3575
3757
3718
4370
3530
3734
8927
9761
3686
3745
3761
3422
3870
7550
3820
3926
6103
6304
3424
4388
3553
4907
5253
5103
8094
3884
3599
3745
3770
3606
4235
5162
3711
4396
6795
3596
4142
5242
3553
3597
6245
6985
3826
4686
3482
3843
5119
6072
3549
4229
4836
4120
7424
4894
4716
3938
4439
5377
3446
4335
3485
3748
3531
3581
3637
4152
5416
6908
3913
4214
9213
4026
4804
3926
4481
4204
6716
8519
4180
4546
4800
4237
3728
3823
3828
3531
3658
4115
5385
9071
3499
3594
8624
6247
3716
4126
8393
3529
4513
4663
3846
3910
8654
3805
5242
6771
3496
3897
9404
4685
7450
4511
3815
5337
7887
3581
3640
5158
5979
8159
3610
5849
3828
3865
4036
5750
3880
4327
3564
9659
4806
3514
3656
4527
4472
4814
3559
3640
4825
3606
3737
5148
6285
6849
7664
4138
4936
3586
4553
4110
9548
5063
5294
3615
3679
3865
4046
3578
3713
3818
3847
5227
5565
4683
3544
3563
4322
4446
3577
3925
4038
5446
6448
6548
9422
6235
6632
4157
4265
4119
7573
3551
3809
5081
3577
3936
6405
3768
4080
4084
5062
7935
3637
3691
3580
3658
3755
3911
3741
6073
3620
4116
4701
3545
4164
4055
3790
8124
5361
3564
3694
3697
3749
5001
3615
3799
3761
4285
4910
3749
3750
4939
5814
4694
3867
3612
4565
3764
5036
3578
3721
4159
3725
3894
3907
3659
4387
3697
3705
4127
9529
3679
3705
3690
5164
4110
4744
8666
4086
4117
7256
7507
3569
3867
4057
3935
4150
7078
3823
4301
3566
3569
3908
4045
3713
3739
4043
4090
4889
3818
4585
4896
6955
4562
5407
3606
3724
3730
4617
3739
3753
5248
4566
7846
3670
4043
4059
3753
3767
4368
6437
3748
3600
3934
9362
3846
4494
6371
3671
5044
3621
3767
3778
3854
4037
4075
4621
5140
4199
4750
4045
4059
3693
3998
4046
4097
3683
5752
6272
3804
8490
8900
3907
4034
3970
8529
6414
5098
4214
5764
6382
4589
4122
4097
4105
6446
4653
4111
4281
5860
6674
3810
4236
4898
4961
3838
4509
9571
3805
4206
3795
4260
4539
4842
6790
6810
4506
4648
5199
5833
6000
6971
3724
3787
3886
3956
8248
4475
5956
3816
4207
8016
5286
5590
4476
3652
4586
3731
4705
4506
4574
4107
3844
4313
3659
3894
4354
4277
5734
4090
4141
6274
7609
8808
6870
7829
3784
4438
4608
4061
4066
5097
6113
3908
4208
5752
6404
3794
4901
7067
4086
4143
5814
4246
4977
3708
4597
4947
4073
4531
4671
4938
4445
5194
4141
4155
3941
7941
4830
6826
4707
5540
4229
4977
4446
4540
4574
6234
6297
5646
5942
7877
5951
6091
5124
5655
4085
7991
4085
4098
5425
5510
5706
3886
4155
4250
4187
6125
6701
4075
4113
5539
4308
4336
6581
8832
3825
8488
3905
4186
7068
4114
3843
5090
5461
9272
4561
5314
4163
4150
4263
8732
4886
5160
4791
3868
4344
4039
4870
6930
3818
4407
4432
4653
9074
4840
4447
6168
5483
3814
4057
4534
4177
8683
3852
4756
4954
4308
4381
3860
4322
5037
4669
5051
4844
4648
4723
3933
3943
5123
5367
3892
4121
4977
4421
4435
5094
7088
4323
5029
8678
9005
3949
4035
3813
4115
4716
5411
8347
4755
6783
4066
4480
4123
4637
4035
4083
3763
5948
4225
4098
4456
6347
4325
8936
5100
6000
4336
4897
4902
4154
4262
6156
4304
4512
4525
3772
3879
3940
4793
5505
4501
4938
5564
4055
5003
3862
3858
4347
4409
3760
3996
9161
5288
4499
4637
4536
4566
5353
4276
3833
3937
4304
4544
4216
4926
3883
3937
6288
3775
8450
4009
6458
3793
3933
4211
7419
4956
4307
4545
4676
4250
4355
6557
4054
4279
5160
5169
4056
4687
5045
3949
4171
3862
4060
4907
5614
4053
4323
8366
6583
6774
4159
5431
5489
4444
3797
3836
4009
9414
7643
8245
4083
4440
6322
4538
3806
4278
4471
5953
3939
3999
4373
4748
5038
3808
3988
9640
3848
3931
3997
4394
4847
4186
4231
4719
4751
5700
4346
4953
5169
5508
5206
5249
5503
3897
3912
4920
3855
3998
4934
3890
4900
7205
4603
4170
5188
6503
3932
3989
4999
5581
8091
3940
4132
5228
5121
7014
3931
4582
4606
7129
4978
4842
9009
4358
4435
4980
6725
4378
4384
4418
5244
4358
4972
3932
4964
5680
8191
9705
4028
4159
3904
4450
4911
5630
3869
3879
6462
5158
5858
4041
4183
5372
6257
4202
4040
4041
4137
4130
4778
4111
4228
5233
3946
5136
6084
4511
3939
9249
4289
4294
4545
4600
5063
5765
3887
3912
6579
4294
4303
6314
4961
5683
4234
4384
4711
3947
5816
4306
4318
6050
5463
4303
4306
3951
5151
7110
3889
8636
4002
9150
5637
4318
4343
4259
4129
4146
5659
7928
4934
4538
4866
5010
3900
4002
8286
4062
4149
4594
3930
4062
4103
4256
5781
5349
6213
4268
5126
5228
4426
4264
4312
4839
8348
4228
4541
5022
4255
4700
3916
3981
9138
3928
6387
6997
7043
4204
6418
4475
5308
5993
4600
4633
5377
3948
3992
9536
3950
4559
5400
6135
4264
4282
4833
4316
5490
6614
3948
9370
4195
4904
5511
5269
4470
4860
4217
4282
4483
4875
4338
6913
5181
4240
4767
4355
4429
4657
4609
7719
4247
4061
4134
4667
3959
3960
9377
3961
3963
9219
3956
3960
3961
3964
3959
3963
3964
3965
8527
7753
3967
4000
9434
3977
3969
3995
6300
3983
3985
3986
3972
3994
8320
4012
3979
4014
8963
3975
3994
3982
4018
7754
3999
8186
8639
8758
4018
7553
3995
8188
4013
5915
7972
8984
4021
7435
4020
8882
4023
8408
8583
7552
4016
4012
4015
8452
4114
8664
8288
8663
4010
4014
9634
4006
4011
8679
4010
4021
8680
4019
9148
4017
8555
5378
4017
8747
4022
9641
4022
4024
9394
9313
4024
9550
5080
5291
5052
5527
6147
4225
5330
6335
5587
5643
4766
5135
5790
4492
5106
5841
4343
4659
4764
4438
5025
4179
5086
4899
5103
8851
9509
4879
9100
4850
4709
6202
4611
5466
6056
4312
4331
4607
7492
4063
4246
4397
6001
8637
4476
4665
5025
8817
4272
4331
4598
5602
4496
4543
4497
4103
4224
4613
4244
4115
4353
4213
4330
4337
8425
4883
4289
4452
6717
4521
5326
6065
6975
4112
4135
7632
4633
4735
4261
4293
5002
4641
6745
4496
4519
4226
5836
5742
6413
4130
4176
4471
5009
4145
5767
8676
4320
6415
4638
4304
7713
4543
4925
4831
6661
4601
4458
5370
9234
4102
4112
4314
4362
4386
8307
4261
4271
4102
4162
4249
4102
4106
4135
5043
4890
6030
5031
8546
4481
4557
4193
4726
4136
9280
4462
5114
5813
4472
4714
5026
4334
4317
4662
4127
5049
9568
4293
4357
4755
6758
4361
4369
5716
4271
4383
4361
4408
4820
4487
4834
4767
4489
4490
5286
5944
4616
6029
4205
4234
5788
4176
4212
4464
4515
4881
4576
7226
9452
4162
4451
4198
4270
5156
4489
4702
6358
8207
4922
4357
4369
5456
6268
5763
9463
6133
6797
4735
4519
4570
4174
4179
5193
4885
4221
5450
4476
4596
5751
4317
4753
5028
6018
5499
4580
8378
8545
4252
4253
4945
4556
4584
5803
4165
4516
4408
4624
4193
4292
4178
4455
9402
5587
5712
7103
5700
7636
4290
5137
4230
4240
5748
4259
4310
4178
4254
7568
4189
4468
4315
4239
4596
5340
7356
4270
4332
4230
4252
4430
4865
5289
5574
4584
4375
4433
4774
4242
8155
4817
4845
5226
5884
6631
4820
8623
4305
7440
5954
6598
4327
6763
6959
7497
4239
7785
5060
5643
5820
4642
4490
4615
6810
6919
8897
8620
4224
4242
4394
4517
4373
4507
4346
6519
4520
4556
4772
6347
4269
4310
4374
8861
4348
5762
6914
4670
6772
9534
4694
4862
4433
4575
4688
4771
4849
5446
4529
7514
5575
7100
7758
4686
5223
4292
4590
4552
4788
5092
4469
4965
4299
4353
6007
4685
4864
5496
6509
4441
4407
4418
4523
4452
4555
4888
5405
4315
4482
4622
4630
4359
7493
4254
4305
5032
5594
4498
4299
4505
6760
4305
4391
4693
4715
4725
4299
5185
4341
4630
4873
5577
4415
4484
4608
6114
7025
7819
4431
4588
4520
4786
4327
4861
9176
4526
5064
6736
4558
4626
4792
5718
7650
4411
5518
5967
4413
4368
4704
4758
8483
8276
4439
5046
4619
4739
4415
4428
6719
8311
5387
6081
9381
4612
4899
5086
4622
4646
6412
4615
4690
4825
4979
6015
4320
4347
4629
5537
4457
7136
5332
4377
4807
4717
4554
5758
4848
5083
4894
5054
4814
5238
4785
4903
6936
4544
4674
4857
5310
6228
4728
5079
5523
4620
4789
4802
4319
5197
6055
8917
4555
4628
4391
6712
4465
8077
6123
6706
4550
6088
4549
4834
5129
5474
4884
5074
7916
5878
7503
8754
9223
4332
4347
4794
4332
6602
5777
4646
4660
4440
4474
5868
5099
4794
5301
4374
4441
9515
5108
5271
4391
4455
6857
6543
4551
4364
5985
4725
4948
6565
7102
6632
6098
8365
4643
4650
5134
6875
6965
8476
4493
6337
4377
8706
4649
5318
6107
4454
4738
5128
5350
9470
7462
5622
5712
6548
6664
4462
6298
4837
4863
5408
4660
4682
4571
6118
8858
4982
5101
4451
8652
6222
4439
5012
5937
4431
4578
5830
4704
4787
4650
4815
4677
4682
4884
4950
6633
4524
4703
4952
4677
4680
4449
4474
5771
4564
4627
4708
4680
4692
4568
9105
4983
5262
4428
8415
5726
6595
7270
4454
4727
4808
4730
4751
5552
6026
4516
4625
4549
5023
4983
5027
4470
5757
4484
5806
8417
4448
4729
4918
4928
5900
9144
5197
5490
6064
4733
4627
4687
5736
5806
8784
6554
8517
5759
6471
6767
6774
4479
5058
7592
4858
7260
5804
8111
4621
4695
4482
5478
4550
6343
5072
5510
6129
5159
7096
7678
4882
4629
4955
4996
4863
4923
5208
5324
5198
4710
4712
4484
4578
4629
4794
6523
7249
9065
5217
4700
8283
4613
4720
4912
5143
5785
6463
5679
9520
9652
8024
4931
5410
5608
5575
6035
4754
5068
9472
4712
5597
6662
4692
4752
4474
5190
4482
4940
4985
9612
9665
4710
4812
4947
4638
4740
7285
4950
5196
4687
4699
5018
6586
8831
9416
4923
5113
5449
5110
7364
4724
5179
4651
4943
4975
4505
4549
4870
5824
4746
4752
8916
5000
4877
4924
4541
4675
4853
4995
4996
5256
4590
4619
5027
5078
4740
7169
9032
4746
4747
4949
5281
4551
6433
6824
8580
4747
4797
5041
5102
5325
4768
4770
4869
5487
6339
7126
7566
4571
6157
6484
5334
6669
5132
5282
4822
4997
4564
5484
8218
4770
4780
5272
5149
5497
4764
4773
5305
4780
4782
4773
4775
4951
4719
4775
4776
4776
4777
4768
4824
5001
4743
4783
4782
5048
9666
5862
5789
5088
5504
5621
5222
5030
5087
5751
4783
4828
5036
8751
5969
6424
4621
4670
4795
4722
8875
4833
4905
6945
7858
5347
7211
6367
7051
5424
5579
4651
4981
5239
5685
5487
6962
7976
4580
4675
8556
4700
4891
5894
5201
6325
4580
4587
4666
8069
5622
6144
6410
6991
5652
9244
4636
5346
5361
5402
4757
5632
4956
9304
4729
4882
5130
5726
6571
5456
5593
6241
4726
4855
5086
5269
5189
6221
7200
4801
5125
5897
4699
4742
5496
6482
6438
4957
5007
4905
5213
5044
5225
6297
6814
5039
5154
5284
5102
5328
4618
4742
4729
5898
4809
4846
5409
5185
5273
5034
4673
5386
4759
4860
5218
5714
6154
8949
6395
7721
5721
4636
5368
5369
4708
5035
5014
5713
5224
6887
5077
4733
4869
5210
4929
5046
5377
5261
5323
7123
5109
4673
4720
5057
5133
5363
6547
6993
5056
4740
4799
5061
4743
4695
4727
8128
5003
5141
9535
9657
4878
4777
4818
5136
9669
4841
7770
8084
6456
4782
4829
5151
9386
4880
5237
5745
4775
5152
5592
5781
4818
4822
4822
4823
4823
4824
5825
4770
5157
6918
4727
4738
4708
4769
4747
4810
5181
4801
5029
4828
4828
4829
4917
7766
5753
6059
4712
4798
5122
4765
4965
4688
4855
5688
5078
5161
4718
6067
7476
4826
6851
8363
4809
4854
5586
8547
5306
5235
4908
5214
5465
4853
4968
5751
5263
5065
5180
5089
5170
4810
4812
4796
5189
5473
4854
4855
5147
4958
5165
5302
4812
5112
5360
6638
8183
5264
6292
5861
5932
5974
6279
6589
5200
5258
5182
4861
4930
6816
6839
4984
5104
4915
7698
5515
5427
5849
5229
5472
4994
5020
5021
5138
4779
5254
9372
9670
5076
5207
5299
5186
5854
6181
4941
7984
5052
5165
4973
5311
4752
5215
5240
7238
5251
5932
6434
4772
8190
9216
4753
4926
4990
4760
5878
6416
5485
5049
8383
5020
6619
5252
7547
7974
5026
5150
4787
5569
6396
9552
5338
8191
8567
4772
4786
4816
5224
6532
4796
5493
5526
5618
6091
5091
4836
5173
5231
7630
4779
5206
5981
5235
5599
5245
5372
5414
8315
4869
5250
5161
9651
7836
8615
4787
4815
7426
4968
5945
4815
4836
5647
6311
4802
4816
5588
9086
4847
7112
4976
5125
6413
9474
8375
8684
7663
5374
5441
5715
5156
5230
9011
5492
5766
4870
4882
5170
8184
7691
4976
4930
4973
5331
4859
5323
5591
5480
4968
5558
8714
6907
6989
5345
5428
5184
6254
5234
5512
5603
6805
5216
5058
7468
5545
6805
5359
5095
5452
5504
5913
4917
5017
5777
5175
5272
4885
5502
6839
6862
5733
8064
8872
7022
6785
5330
5406
6042
4858
4877
5429
5514
4973
5815
6028
5686
6682
5460
5479
8032
5389
5356
5075
5188
5561
8572
9492
5285
5745
5428
5687
6919
6961
5759
6408
5380
5413
5572
4891
5021
7097
5012
5127
5612
5629
4924
4957
5634
4974
5050
4958
5034
8591
7577
5845
6689
5549
8697
9661
4994
5056
5454
5247
5342
5440
4905
5013
5406
5327
5107
5145
5349
5441
5710
5060
5204
5722
7814
5023
7404
5268
4995
5030
4915
4952
6942
8810
7319
5697
5876
7606
5482
5247
5107
5120
5534
7292
6625
8174
5360
5155
5187
5520
7596
4948
5303
4940
4981
5290
4965
5044
5452
5891
5007
5174
5066
5018
5145
5660
4942
4948
5176
5176
7013
5357
5546
6807
5482
5821
5995
5321
5404
4943
4981
5754
5684
6089
4990
5002
4943
5064
5227
5273
5107
5430
8543
4976
5023
5185
5573
6124
9400
5628
7790
5058
5171
5153
5192
5195
5237
6219
9060
7007
5935
6013
5020
5050
5410
5792
7614
9128
5268
5307
5431
5885
5935
6224
6745
7147
8748
5192
5211
8220
5176
6724
5091
5125
5221
5326
5192
5529
5403
5672
5005
5205
5009
5205
6665
7057
5254
5042
5200
6900
5239
6664
6742
9482
5320
5513
5641
8755
5267
5617
5184
6186
6318
9068
5471
5506
5184
7823
5695
7034
5604
6294
5187
5195
5745
5578
5770
5873
5290
5187
8711
5380
5466
5619
5419
5899
5035
5139
7536
8721
5516
5528
6986
5040
5569
5315
5444
8725
9321
5341
5996
7149
7771
5279
5065
5174
5173
5444
5466
6225
6965
7030
5057
5077
5216
5211
5227
5203
7402
5068
7331
5296
7652
5147
5586
5186
5200
5077
5371
5111
6389
5216
5519
6215
5365
7118
5333
6033
6255
5304
5400
6089
5061
5317
7043
7190
8951
5322
5241
5499
5831
5649
5517
5607
6785
9038
7367
9578
9605
6194
7795
5524
9233
5682
5842
6273
7414
5137
5300
5112
7323
5859
5111
5357
5657
5104
5110
6120
8098
5324
5404
5115
5201
5318
5401
6952
5357
6148
5190
5235
5129
5300
6134
5747
5647
5934
6423
6337
6363
5116
5373
5253
5494
6021
5218
5264
5418
5681
6480
5388
5416
7594
5673
5754
6367
5916
5595
6147
6703
5373
5182
5143
5532
5840
5183
5469
5204
5307
5558
7511
9266
6655
9263
5943
5182
6885
6435
6100
5315
6605
5631
6440
5469
5732
6389
5137
5143
5978
5525
6668
5819
7582
5170
5180
6092
8924
5245
5454
5371
5753
6171
5243
6778
5433
5348
5832
5903
5186
6382
5887
7631
5322
9543
5250
5245
6496
5317
5485
5525
7150
9301
9583
5580
5250
7820
7739
5870
8578
6393
5219
5682
5961
5188
5306
5274
8023
7165
5864
5196
5717
5477
6400
5394
5244
6207
8931
5207
5224
7637
5252
6003
6323
5381
5784
5356
5389
5424
5486
5677
5246
7805
5634
6136
5479
7910
5796
5968
9145
5276
5668
5418
5412
5359
7409
6238
6915
7424
5341
5730
5536
8517
8816
9043
5419
5912
8058
5252
5254
5577
5316
5850
5842
6032
5282
5477
5433
5471
5480
6454
5233
5307
8026
5263
5333
6319
5348
5925
6057
5258
5238
5477
5704
5719
5983
5536
6167
5847
5263
5846
6705
5748
5812
5623
6217
8626
5478
5946
7175
5679
9120
9580
5283
5284
6467
6734
6489
6552
5711
5973
8789
8215
9190
5285
5342
6786
5276
6163
8950
5394
6074
7423
5273
6412
5598
5640
5398
5631
5282
5283
7572
5959
6023
5379
5911
5818
5881
6412
6151
8713
5525
5670
5538
6053
5959
5968
9217
6155
5355
5464
5447
5720
5801
5413
5918
5404
5501
5785
5326
5460
7244
5794
9533
6446
5483
5606
5303
5360
5798
5339
5771
5519
5654
6829
5347
5576
5446
6124
7010
6108
9655
6455
5327
6132
5484
5487
5704
5782
5515
5585
5585
6019
5349
8723
8742
5386
5938
5964
6194
7968
8085
5580
5724
5558
5551
5645
5363
5805
5576
5362
5363
6122
6332
8669
5356
6062
5782
5799
5631
5454
5506
6120
6515
6492
5552
5663
5564
5731
5762
5783
6816
7860
5410
5755
5817
9215
9576
5817
5853
7915
5479
5553
5362
5384
5369
7610
5398
5429
5615
6045
8573
6945
5583
5615
6961
7071
9081
5538
8708
6742
6821
5406
5714
7300
8583
7131
7267
5528
8499
5800
6077
5576
6262
5384
5501
5513
5777
5602
5882
5613
7588
6611
6660
7908
6155
9592
7242
6041
5434
5876
5416
5545
5464
5521
6738
5400
5549
5462
6078
5450
5667
6040
5627
5738
5863
5642
8352
8476
5615
5636
5647
6290
6639
5513
8524
8731
5650
5663
5654
6734
6743
7020
5405
5667
6239
5650
6075
9318
5444
5521
5588
5705
5447
6341
5957
8067
6117
6206
5886
9421
5431
6332
7558
5627
5834
6141
6766
6769
5502
6922
9056
5962
5636
5650
8196
5537
6105
9483
5433
8979
5836
5933
5465
7049
5585
5701
5954
6934
6594
6780
5465
5910
7747
7971
5538
7564
6117
8360
9417
6018
6210
5754
5602
5955
5978
6238
5493
6296
6445
8106
5957
6020
7000
7314
6400
6643
6738
7300
7030
7085
6260
6770
9203
5947
6044
5518
9637
6769
6840
9391
6755
7347
8340
5852
8354
5688
5497
5905
5536
5634
6592
7684
8450
9675
5757
6442
5758
5892
9605
5695
5947
5645
6622
8168
5681
6478
6086
5719
6209
5948
7239
5497
5697
5780
6720
6963
9327
7645
5649
5963
6109
7225
5724
6083
5931
6143
6321
5780
6182
5611
6212
5763
5821
6730
6746
6159
5701
5711
5688
5654
7942
5883
6630
7936
5532
7815
6088
8432
5677
9287
9582
5921
6244
7427
5619
5681
5529
8599
5667
6401
5624
6689
5677
5628
7779
5892
5893
5534
5933
6002
7282
7706
5893
6280
5577
5904
6171
5713
8476
5948
6106
6328
6386
6864
7374
7838
7535
5862
5949
7101
8500
7723
6388
6276
7360
7867
5896
8504
6197
5591
6172
6862
7019
5746
6870
7314
5731
5773
7530
5684
5791
5940
6505
6628
5569
5607
7757
6660
6735
8877
5940
5649
5846
5791
6264
5606
5812
9342
7114
6020
6170
5642
5623
9344
5718
5857
7676
5826
8144
6080
8282
6236
6002
6229
5780
5839
6133
6555
9290
5869
5949
6043
7229
6748
6149
8318
5750
5995
5626
5658
5981
6220
5595
5889
5853
6344
6160
6168
5632
5889
5783
5784
7983
6202
6680
5825
5673
7162
6807
6347
6495
5730
8033
6812
6604
8691
5721
7661
5692
6137
5792
5909
5869
6031
6342
5670
5717
5889
6256
6735
6749
8943
8200
8229
6521
9660
6148
5778
6288
5896
6691
7686
5731
5825
6640
6648
5696
5740
6360
7310
7318
6191
7243
8576
5738
5835
8349
5728
7107
8625
5669
5724
6398
6253
8770
9404
5785
6787
6106
6112
5831
5926
5961
6379
6846
6879
6136
9609
5813
5977
6024
6531
5834
5839
5753
5847
6888
7236
6112
6502
6966
6749
6781
9010
7137
5670
5867
5840
5917
6251
7494
5755
5818
5882
5965
9355
6746
6869
7155
6840
6901
8372
5926
6368
6520
5901
5921
6275
5868
6157
6185
5710
5715
5692
5728
6635
9464
5733
5845
7874
6771
5926
6006
6245
5812
5710
6079
6233
8829
9127
7332
6187
5917
6259
6501
5834
5863
7380
6377
5883
6852
5860
6134
5921
5936
6445
8501
8175
6166
6107
6142
5893
5936
5895
8217
5776
5730
6761
8374
5782
6362
8422
6713
8007
7964
6570
6734
7461
6059
7332
6963
6505
6708
5848
6462
5908
9658
8121
7403
8648
8560
7078
6648
6890
7071
7089
6779
8422
8606
5950
9662
5897
5981
5938
6611
7026
5924
6525
9397
6372
9518
6426
9418
6474
6756
7173
5763
5864
5963
8250
6415
7806
5916
6052
6214
5950
5963
6754
7949
6421
6153
8072
5784
6972
7188
9040
5940
6264
6901
6921
6204
6730
5943
6383
6785
6821
6925
6118
6766
7157
6781
6981
6462
9538
6290
8038
6834
6348
9677
5805
7313
6169
6351
6538
9619
5852
5978
5879
5816
5977
6313
8323
6669
6701
6284
6417
5819
6410
7121
7585
6544
7013
7085
7144
6119
6127
6432
5945
5998
6395
6679
6062
6115
5925
6508
9447
8933
8559
8693
8717
6165
6504
7250
6006
6031
6152
6298
6333
8889
5949
7762
8471
6780
6808
7314
6439
6199
6153
7839
6316
6989
8752
6514
6084
6138
6640
6346
6450
6353
6837
6119
6477
5972
7781
7507
6539
6337
6330
5969
6228
5859
9567
6313
6499
6500
6349
6228
7190
7334
6798
6007
8296
6031
6043
5881
6066
8487
6083
7743
6507
6703
7145
8025
8964
5895
6163
7866
7011
8792
6843
5933
6491
7179
5913
6352
7019
7040
8249
5905
6808
6822
6411
6021
5891
5913
6153
9506
6003
5954
6939
6649
6232
5905
8099
6969
7616
8976
5903
5975
6433
6217
8995
6024
5903
5925
6042
6544
7142
6715
7985
6230
6833
7012
6123
6536
6375
6777
6903
6403
8309
6322
6481
6079
7053
5912
8975
5918
6510
8799
6925
6927
9726
6469
7980
6041
6429
6564
6444
6450
6429
6444
6980
6053
6119
6460
6704
9251
7022
7036
6127
6165
6022
6740
5998
6074
6267
6466
6757
6684
8086
8890
9781
6710
6686
9507
7954
6078
6208
6028
6113
6289
6154
7829
6459
7176
6357
6897
6158
6165
6257
6158
6175
5997
6653
6827
8660
6860
6987
7163
6019
6312
6304
7527
5983
8187
6578
6602
6058
6410
6375
6527
6811
7778
6563
9466
6187
6453
6378
8673
7749
6057
7321
7396
7358
6283
6320
6580
6999
8453
9306
6602
7144
7166
8987
6306
6722
8928
6968
8369
7076
7728
8304
7713
6869
7213
7892
6071
6336
6773
6175
9023
9309
9586
7452
6131
6617
6424
6361
6538
6841
6435
6108
7658
7130
6178
7008
7628
7329
7344
9207
6535
8574
6927
6964
6506
6752
6559
6718
8169
6185
6493
6944
6981
6077
6173
7431
6488
6621
6197
6187
6658
7183
6100
9498
9613
6168
6437
7452
6599
6612
7078
6074
6040
6364
6516
9432
6169
8738
6493
9112
6112
6198
6937
6086
6174
7329
6587
6315
6345
6753
6281
6062
6056
6124
8310
8059
6191
7215
6956
8110
6131
6139
7077
6881
6196
6198
7619
6890
6338
6475
9282
6199
7171
6431
7600
6170
6173
6694
6893
6419
9334
6275
6718
6949
6990
6384
7059
7577
7065
7331
8811
6170
6603
6260
6616
6159
6283
6979
7334
7344
6695
7291
7823
6885
6978
8158
6320
6345
6524
7682
6080
6191
6671
6707
6133
7156
6283
6768
9029
7004
6496
6621
6629
7849
6593
6872
6917
8674
6926
6560
6830
6920
6791
6902
9045
6627
6629
6596
8381
8478
6143
6259
6850
6872
6910
8182
6281
6335
8462
6524
6575
6197
6714
6142
6172
7258
6279
8386
6507
7233
6338
6494
6894
6623
6627
7904
7046
6972
7115
6364
6697
6871
7027
7885
6924
6506
7436
6574
7142
8768
7195
8103
6652
6917
6964
8416
6220
6392
6311
8074
7644
6260
6262
6905
6388
6796
6325
6142
6271
6160
7090
8610
8982
6645
8424
9365
6353
6613
6289
6246
6251
6251
6259
6692
7016
6438
6438
6182
6487
6819
6866
6325
8873
6589
6930
8460
6574
7773
6588
6531
7166
7273
6565
6641
8303
6451
6490
6932
6729
6838
6400
6442
6419
6330
6310
7224
7271
8289
7023
6896
8734
8778
6985
7321
9491
6543
6700
6706
6353
6752
6802
6995
7025
8617
6949
7056
7832
6970
6977
8247
6999
7377
9379
6550
6968
8444
7551
6822
6992
8136
9604
6765
6245
7591
8406
6926
7181
7191
6426
7109
8967
6608
7047
8745
8885
7795
6334
6431
7437
6212
6377
6714
7346
6977
6998
7429
8322
6605
6788
7518
6619
6232
7503
8823
6819
7033
7072
7027
7039
6898
6825
7112
6417
6439
7170
6459
6661
6800
6802
7161
8208
7534
7850
6899
7005
7052
9540
6335
6418
7655
6319
6398
7900
8068
6349
6388
6401
6257
6451
6938
7263
6832
6958
6466
7502
6634
8037
6851
7080
7192
7070
7430
7249
8750
7035
7417
7857
6886
9387
6354
6857
6328
8824
6478
6605
8763
7286
6690
7959
7184
7126
7689
6269
6892
6451
6486
6328
6493
6490
6494
7895
6310
6635
6532
6604
7828
9629
6479
9265
6711
7187
8569
6475
6479
8410
6928
6958
6298
6284
6466
7264
7433
6475
6494
9546
6514
6501
7086
6375
6464
6874
6826
7932
7203
7767
6341
7480
6928
7060
7124
6996
7295
8923
9465
6837
7279
8913
6628
6636
8209
6460
6464
8331
6628
8826
6995
7301
6800
6813
6813
6691
6826
6453
6622
7009
8070
9680
6671
7080
7127
7120
7204
6440
6929
6352
7792
6883
6349
6492
6560
6626
8983
6708
6863
6456
6378
8763
6352
8770
6552
6402
9149
8291
6486
6550
8898
6367
6535
6853
6553
6585
6360
6508
8601
7134
6368
6721
8588
8717
9239
7002
7630
6733
9519
6636
6698
6449
9107
6910
6947
6998
7253
9410
6854
8631
6377
8795
6705
7946
6455
7127
6762
7350
7607
6535
7888
6625
6764
6960
7133
9152
6503
6880
7136
6550
6561
6426
7111
6976
6421
6520
7464
7727
7048
7073
7151
6491
7103
8060
8134
6892
7310
8089
6711
6411
6773
7806
9159
6588
7601
6507
6539
7410
7835
6495
7382
8667
7189
7283
6878
7266
7662
6698
6710
6526
6560
6534
6589
6500
6525
6532
6984
6561
6596
7307
9226
6978
6662
6854
9667
6705
6500
6982
6528
9285
7061
7308
7335
9569
7416
7749
8083
8043
7426
7025
7074
6461
6710
6739
7549
6432
6527
6618
6671
7273
7349
8061
8299
7586
6519
7252
6699
6992
7050
7864
6592
6530
7843
8838
6750
7010
6536
6663
7290
7297
8675
9675
8258
6618
7175
6622
8446
7017
6678
6966
7322
6644
6912
7265
6477
6882
7337
7349
6596
6637
6824
6515
6954
6608
9320
7578
7938
6652
6931
8650
6971
7014
7646
9679
6637
6645
8048
7104
7139
7513
7079
6613
6852
7362
6639
6900
7064
6514
6585
7303
6531
6696
7325
9633
7125
8015
9182
6784
7299
6516
6765
7010
6652
7008
9589
9324
6645
6702
6694
7393
7222
7509
7550
7283
7327
6727
7371
8494
9632
8100
7260
6563
6634
6729
8070
6788
9663
6784
6784
7023
6877
6716
8139
7074
7201
7177
7232
7522
8762
6772
6948
6724
6739
6831
9676
7257
7302
6649
7262
6556
6804
8525
6887
7148
7858
7206
6701
7050
7087
7047
9572
7300
7444
7704
7337
7515
6904
7802
8077
8404
7135
7946
9114
6962
9164
7146
7404
7183
7741
9089
9103
6792
6863
8860
6883
6943
7075
7125
7158
7635
8599
8856
7088
7158
8940
7128
7181
6702
6751
6686
6801
8609
7178
7366
7018
6625
7784
9075
8967
8981
7045
7785
6588
6921
9541
6627
8051
8419
7394
6889
7490
9581
6920
6801
6809
7195
7729
6804
6856
7194
9025
6603
6818
7666
6751
6791
9457
9612
6852
7516
6778
8166
7879
7897
7980
6658
7084
7087
7153
7552
8804
6666
7880
7528
6960
7506
7802
7805
7934
6668
6690
6658
6911
6943
8280
8356
6651
8871
8968
6737
6792
8495
8013
6697
7414
7592
9029
7861
9044
6829
9026
6726
6854
6980
8621
6825
7648
6673
6676
7682
6696
6737
7090
6892
6676
6681
7255
7381
8090
7501
7366
7520
7249
6677
6681
7276
6722
6847
9092
6791
6845
7981
7316
7090
6672
6677
7418
7059
7346
9430
6675
6696
9614
6789
8035
6675
9639
7202
6905
7312
6732
8266
6837
6893
7111
7622
9596
7374
7914
7456
6771
7020
8664
7098
8416
6820
7364
6993
7816
7242
7627
7022
7492
7319
7797
9231
8640
7238
7017
6848
6768
7058
8746
7722
6834
7397
8690
9545
7057
7007
8661
6861
7550
8081
6847
6858
7902
6853
7053
7398
7488
8866
7018
7228
7439
6841
7317
6856
6946
6979
7247
7138
7899
6843
6983
9368
7038
7422
7457
8773
7211
6877
6976
6775
8151
7113
7128
8989
7786
7327
7487
6838
6886
8727
6880
9513
7508
6929
7182
6787
7356
8107
7160
9350
7687
6858
6889
6897
6974
8379
6845
6899
7007
8146
8934
7799
7777
8814
7671
7356
7399
6929
7159
6905
8034
7995
7923
6899
6912
7017
7940
8744
8039
7083
7084
7198
6861
6889
7098
6931
7066
7150
9547
8685
9418
9679
8308
8423
9246
7372
9408
6878
7328
7053
7717
7199
7231
6800
7938
8319
8178
8277
6841
7306
7824
7094
7583
7004
7623
8414
8854
7579
6943
7649
7167
7221
8782
7137
7247
8573
9061
6983
7755
6911
7224
6951
8116
8781
7049
7268
7747
9187
7328
7044
7360
8340
7142
7023
7900
6896
9646
7555
7357
8195
7154
7155
7485
8395
8447
7905
9170
7237
7311
7925
7854
7274
6910
8521
6909
6857
7895
7141
7748
7821
7714
7391
8293
8612
7565
8400
8426
8830
7432
6940
7318
9435
7725
7075
7245
8800
8548
8783
9401
7186
7727
7651
8177
7465
8222
6877
9018
8686
8702
8738
9285
7112
7369
7641
7235
6954
8741
7008
7171
7542
7323
9246
7409
7726
7408
7064
7354
7470
7640
7147
7990
6938
7220
7086
7208
7274
9439
7649
8037
9473
8837
6971
7856
6935
7535
7643
7077
7320
7003
7697
7559
7621
7291
7622
7618
7690
8010
7116
7630
9644
7370
8735
7029
9227
7165
7387
7483
6954
8469
7390
7095
7913
7032
6948
7067
6953
7079
7259
8484
8821
7605
7484
7514
7698
7768
7258
7363
7064
8241
9294
9399
7198
7261
7516
8532
9260
7663
7062
7827
7149
7487
7531
7021
7534
7473
7770
7895
7172
7279
7134
6996
7048
7137
7996
8132
8050
7570
8508
8301
7284
8881
7756
8116
7079
7124
7106
8536
7248
7264
7548
9409
9591
8608
8721
6982
8719
9196
7009
8941
7161
7171
7605
7677
7969
8688
7011
7028
7206
7519
7066
7037
7048
7817
7712
8336
8907
7326
7244
7012
7031
7921
7742
7737
7927
7029
7274
9354
7237
8103
8412
7056
7021
7018
7736
8836
7036
7513
7987
7245
8404
7033
7037
7234
8456
9516
7639
7357
8938
7117
7859
7563
7660
7738
7330
8671
7393
7446
7870
8328
8910
9189
7392
7531
7589
7809
7746
7187
7677
9693
7183
7299
9441
7200
9172
7197
7480
7320
8909
7845
7949
7976
8016
7096
7182
7437
7246
7372
7441
7415
8389
7280
9124
8596
7768
7836
7129
8947
7775
8614
7835
7868
9610
7446
7712
8082
7115
7317
8110
7339
7472
7606
7844
8058
8316
8859
7702
9125
7229
9257
7896
8252
8513
7117
7120
8411
7113
7307
7699
7874
7964
7362
7681
7120
7937
7918
9767
8077
8539
7361
7866
8036
7346
7313
8797
9328
9580
9333
7861
7604
9035
7489
7820
7424
7760
8771
7277
7737
7742
7441
7130
7146
8150
8611
8183
7734
8032
7319
8840
8033
8005
7157
7413
7162
7162
7480
7741
7403
7177
7369
7370
7210
7153
7827
7483
7437
7920
7217
8029
8322
7584
8152
8912
7205
7223
7509
8179
7383
7446
8566
7421
7917
8204
7253
9401
9682
8783
7215
9120
7191
8496
7776
8689
8865
7174
7187
7460
7945
8449
8582
9253
7264
9525
7845
7556
8798
7336
9692
7564
7667
7253
9690
8236
8874
7252
7316
7484
8262
7750
7256
7658
7601
8153
7893
7533
7688
7877
8213
9041
7793
7851
7277
7308
7562
8852
7716
7470
7695
7491
7952
8530
7371
7404
9121
9700
7267
7598
9322
7286
9573
7648
7571
7665
7228
7320
9688
7441
7659
7278
7744
7223
7240
8668
9221
7764
8855
7292
7388
7328
7308
8126
8522
7301
7830
7226
7933
8102
7287
7301
8541
7287
8300
8683
7240
7259
9270
7354
7601
7485
7858
9517
7529
7829
7489
8485
9187
9431
8443
7415
9177
9364
7548
7252
7302
7825
9611
7388
7529
7258
7518
9424
7261
7546
7393
7259
7278
7774
7574
8912
9457
7628
7773
7669
8518
8684
7265
7538
7306
8722
7524
7310
7382
8105
8955
7766
7444
7582
7467
9175
7597
7751
7676
9455
7731
7608
9459
7297
7538
7571
9039
7408
7391
8688
7929
8091
8122
7947
7993
7556
7991
7918
7461
8332
7391
7395
7312
7624
7454
9683
7395
7400
7358
7673
7954
8987
7848
7332
7815
9015
7400
7421
8373
7718
7978
9167
8884
7575
7619
8388
7482
7325
7930
8647
7535
7801
7585
7461
7476
7343
7503
7693
7834
7526
7731
7377
7862
7596
7653
7654
8961
7571
8825
7653
8014
7545
7602
7688
7438
7983
7421
7455
8268
9293
9454
8187
7409
9017
7455
7460
7399
7488
7460
7474
8176
7841
7705
8121
7474
7491
8951
8156
7668
7701
9417
8212
7971
7373
7873
8777
7381
7599
7619
7668
7679
8766
7505
7616
7992
8512
7898
7475
7555
8353
7501
7973
7653
7672
7818
7672
7679
8513
9222
7928
8575
7541
7402
7413
7557
7598
7698
7479
7488
8990
9338
9687
7468
7693
8063
7994
8535
8008
8022
7957
7986
8796
7628
8028
7785
8956
7982
9051
7982
8441
7757
7407
9594
7491
7544
8995
9362
7567
7572
7610
8013
9250
8674
7594
7901
9286
8009
8021
7430
7882
7944
8165
8897
7440
9385
8026
7701
7761
8084
7985
8117
9538
9078
7434
7979
8027
8042
8189
7502
7445
8457
8165
7508
7558
7445
7695
7440
9438
9684
7580
8129
8149
7648
7544
7560
7840
7531
8480
8965
7618
7665
7586
7718
7872
7840
7853
8130
7590
7901
7997
7493
9343
7654
9028
7640
7651
8250
7761
7791
8079
8381
9645
7546
7580
7659
7590
7783
8071
8112
9704
7668
8259
8016
8002
8919
7659
9590
8413
8051
8185
8722
9123
9618
7560
7580
7522
9191
7745
8964
8897
8905
7927
7565
8223
7622
7559
7897
8037
7920
8093
8515
7710
7715
8653
7715
7718
8132
7782
7783
7677
8593
7617
7963
7516
7686
8011
8221
8593
9727
8153
9007
7644
8053
8610
7603
7750
7889
7588
7874
8019
7599
8502
8800
7764
7876
7782
7791
7891
7761
7931
8206
8827
7831
8115
8561
7795
7563
7966
7779
7926
9106
9371
7872
7563
8695
8907
8639
7729
7783
7583
7646
7649
7778
8785
8108
7626
8146
8167
8137
9444
8290
8309
7800
9192
8255
8255
8459
8320
8807
8020
8102
7766
7998
9116
8120
8651
8689
9734
8145
8162
7881
7643
7687
8220
7594
7652
7621
7660
7656
9347
8930
9229
7690
7775
7740
8002
7675
7929
7739
8294
8981
7740
7709
8434
8921
8960
7595
9653
8043
8716
8835
8140
9141
7881
8898
9683
7592
8694
7633
9139
7998
7675
8160
8922
7872
8132
7631
7855
7902
8099
7626
7638
8201
8787
8410
7667
8690
9150
7633
7638
7841
8439
9243
8137
8477
7876
9382
9130
8869
9066
8234
8563
7878
8767
7889
7688
8477
8029
7804
8833
9593
8666
8828
8148
8180
8173
8182
7650
8184
8436
8571
8769
9702
7898
8097
8531
8067
7738
7760
9460
7825
8154
7712
7756
8357
8876
7813
8734
8011
9042
7720
8033
7995
7707
8410
9183
8256
8613
7839
7744
8442
7716
7776
8594
7719
8047
8233
9707
8411
8540
8261
8711
8935
9063
7716
8931
7784
8491
8597
9318
9531
8053
8682
8870
7720
8187
9122
8443
8987
8231
8227
8172
9528
7742
8144
9403
9115
8845
8906
8857
7944
8075
9052
7828
7901
7721
8472
8221
7926
7967
8552
7717
7866
8780
7873
7903
8192
8712
9104
8762
8240
8342
8046
8487
8270
7887
8677
8651
8668
9097
8707
7844
8228
8006
7856
7954
7820
8211
8310
7770
7848
8349
7797
7855
8344
8607
7759
8055
7930
7963
7932
8431
8431
8972
7988
8266
8194
9733
8205
8300
8310
8279
8357
8174
8312
8503
8007
7998
7800
9559
8243
8383
8048
8087
7801
7921
9242
7784
7979
8751
8627
8253
7827
7851
8637
9696
8134
8937
7950
8076
8229
9357
7830
8644
8566
8587
8531
7967
8959
7824
7897
8015
8030
8228
7946
8643
9348
8501
8254
8327
8510
7859
8018
8411
8753
7878
7962
7828
7861
9297
7819
7830
7834
8658
8740
7879
9076
7903
7906
7956
8709
9157
8615
9161
7896
8009
8027
8710
9712
8083
9163
8288
9729
8061
8078
8350
8730
9783
7918
7957
8215
8343
8002
8210
8141
7980
8434
7966
9050
9713
8210
7910
8047
8457
7996
7905
8107
7882
9186
9081
8021
8075
8665
8018
8020
7882
7912
8357
8969
9335
7981
8970
8877
7928
8565
8969
8557
7956
8124
7955
9468
8078
8623
8105
9574
8250
9681
8401
8630
8547
8707
8305
8298
8629
9160
8541
7920
8070
8514
8327
7900
8318
8281
8515
8554
8189
8106
8334
8737
8499
8705
9407
8030
9081
8986
7947
7994
8699
8080
8514
9022
7997
8394
8036
8172
8764
8237
7982
7986
8952
8169
8269
9210
7941
8076
9054
8074
7941
7991
8076
8148
8354
8499
7949
8178
8277
8940
8196
8432
8447
8732
7997
8312
8676
8991
8679
8108
8430
8382
7984
8786
9019
8140
8160
8090
8185
8231
8745
8133
8470
8341
9090
9326
7981
9477
8667
7973
8205
8062
8224
8059
8314
8055
8557
8109
8752
8791
9376
8140
9195
8005
8133
8957
8008
8042
8380
9090
8249
8743
8516
8010
8020
9010
8795
8803
8909
9354
9411
9680
8124
9407
9691
8251
8208
8202
8154
8608
8774
8072
8144
8653
9714
9489
9682
8056
8087
8226
8177
8032
8280
8960
8179
8180
8192
8066
8443
8234
8256
8549
9198
8758
9474
9770
8223
9392
9429
8262
8138
8240
8404
8166
8495
8257
8200
8910
9648
8064
8446
8551
9234
9070
8460
9495
8098
8710
8202
8647
8553
8869
8682
8097
8645
8102
9155
8270
8911
8078
8397
9271
8253
8463
9576
8329
8456
8194
8380
8119
8731
9442
8289
9207
8951
8495
8388
8458
8916
8319
8836
9428
9299
8521
8353
8228
8212
8270
9211
8863
8724
8748
8339
8405
8732
8262
8817
8253
9367
9627
8122
8535
9489
9682
8128
8129
8339
8870
8162
8145
8940
8389
8914
8619
9367
9123
9239
8173
9325
8473
8486
8388
8281
8829
9180
9391
8176
8952
9235
8167
8525
8741
9101
8156
8520
8603
8861
8291
8920
8361
8412
8226
8981
9503
8257
8983
9207
9005
8287
8206
8525
8224
8882
8300
8333
8541
9002
8810
8201
8251
8343
8467
8973
8832
8470
9057
8217
8751
8776
8900
8903
9465
8875
9348
8875
8428
8587
9197
8266
9050
8335
8542
9395
8736
9157
8400
9140
9319
9518
8441
8426
8486
8521
8928
8508
8926
8808
8963
9048
8385
8692
8283
9026
9531
9021
8277
9021
8407
8687
8757
8457
8815
9053
9336
9087
8568
8954
8448
8533
9281
8569
9254
9055
8378
9366
8468
8568
9422
8618
9543
9499
8384
9383
8901
9078
8335
9775
8279
9678
8497
8896
9697
8261
8294
9062
8700
9208
9422
8862
9052
8553
9496
8627
8542
8941
9291
8473
9454
9596
8275
8984
8324
9075
8888
9154
9678
8350
8930
8315
8916
9119
8296
8822
8948
8582
8802
9687
8992
9398
8646
8992
9166
8579
9676
9445
8787
8796
8759
8307
9482
8873
8398
8667
8318
8395
8507
8823
9638
8438
8341
8436
8864
9091
9057
8880
9387
9092
9412
8462
8334
8727
9074
8782
8419
8795
8324
8399
8712
8375
9701
8496
8727
9008
8745
9089
9182
9018
8413
8464
8426
8682
8342
8344
9223
9291
8990
9084
8414
9181
8969
9184
9684
9086
9077
8791
9154
8908
8999
8469
8979
8805
9482
9363
8402
9744
8558
9149
9181
9071
9230
8533
9105
9068
8382
9778
8403
8465
9145
8704
9450
9723
9036
9098
8470
9071
8808
9016
9672
9487
9692
9105
8703
9107
8566
9044
9562
8420
9369
9217
9023
8927
9273
9685
8646
9523
8507
9391
9359
8602
9412
8562
9104
8553
8726
9470
8412
8874
9561
9352
9128
9270
9228
9143
8980
9532
8719
9144
8427
9144
9574
8968
8432
8438
8537
9460
9494
9044
9185
8915
9570
8674
8932
9228
9213
9561
8461
9448
9096
8442
8472
8528
9643
8563
8718
8465
9103
9219
8838
8791
8506
8503
8919
9200
9150
9402
9200
8630
9099
8885
9486
8804
9082
9429
9127
8851
8681
8942
9269
9761
8817
8670
8839
8699
8523
8849
9302
8536
8728
9308
8686
9103
9161
9400
8905
9289
8602
9737
9216
9039
8492
9133
8645
8528
9249
8929
9307
9249
9435
8879
9164
9124
8767
8506
8759
8801
8523
8562
9152
8781
9190
9328
9440
8952
8523
8538
8652
8642
9440
8756
9569
9298
8812
9233
8697
9467
9040
8847
9234
9406
9296
8673
9313
8919
8870
9364
8613
9642
8740
8586
8733
9473
8774
9458
8621
9263
9080
9575
9304
9321
8570
8687
9426
9484
8555
8749
9660
9449
9639
8606
8902
9231
8559
9479
9275
8905
8777
8781
9355
9744
8774
8572
8881
9290
9057
8777
9270
8772
9458
8801
8818
9609
9011
9389
9165
8779
9504
9541
9371
9578
9605
8932
9064
9635
9344
9099
9260
9451
9062
9043
9616
9375
8692
9549
8714
8872
9419
9287
9061
9628
9266
8706
9082
8812
9509
9205
9279
8871
8852
9018
9416
9339
9039
9124
9100
9400
8911
9033
9085
9112
9419
9073
9063
9608
9397
8938
9111
9514
9260
9619
8720
8994
9518
8848
9336
8750
9626
9462
9655
8785
9462
9365
8850
9596
9328
9529
8696
8740
8729
8913
9427
9614
9282
8996
8945
9652
8883
9285
9755
8868
9212
8806
9186
9571
9334
8755
9535
9512
9512
8730
9694
9568
9170
9484
8974
8985
9379
8720
8726
8733
9414
9662
9017
9432
9587
9587
8775
8794
9661
9659
9294
8893
8771
9170
9402
8765
9522
8824
9387
9408
8865
8728
9659
8827
9238
8741
9375
9224
9236
9171
9736
9133
9261
9572
9753
8945
9717
8878
9566
8764
9725
9583
9160
9669
9543
8954
9125
9463
8796
8775
9481
9333
9239
8761
9651
9175
9132
9582
9078
8849
9139
9142
8763
9517
9153
9221
9446
9790
9250
9466
8768
9759
9779
8914
9591
8902
9399
8749
9646
9344
9067
9278
9540
8812
8967
9166
8772
8813
8944
9558
9741
8853
9524
9668
8840
9026
9125
9357
9342
8892
9633
9135
9434
9676
9306
9379
9167
9210
9342
9538
9427
9253
9415
9678
8809
9201
9184
9300
9516
8975
9219
8895
9191
9155
9756
9172
9004
8977
9469
8861
9771
9022
8838
9204
9038
9544
8920
9199
9604
8993
9704
9570
9745
9113
9261
8839
9049
9162
9645
9424
9250
9169
9435
9183
9286
9267
9589
9322
9548
9666
9353
9581
9295
9743
9504
9253
9206
8954
9305
9688
8863
9643
8922
9203
9276
9257
8978
9206
9449
9158
9707
9075
9454
8988
9000
9743
8876
9490
9616
9751
8894
9135
9196
9569
9204
9243
9201
9690
9618
8877
8943
9192
9727
9665
9698
9609
9065
9248
9628
9760
8893
9557
9171
9279
9725
9723
9526
8915
9159
9415
9403
9709
8933
9296
9004
8953
8920
9555
9657
9073
9288
9308
9464
9322
9690
9431
9611
8926
9525
9745
8949
9047
8925
9155
9547
9464
8926
9034
8944
9530
9672
9013
9142
9644
9242
8973
9222
9319
9548
9666
9000
9312
9741
8943
9010
9708
9452
9641
8976
9663
9314
9218
9542
8989
9742
9001
9693
9051
9179
9455
9030
9547
9644
8988
9069
9095
9746
9768
9232
9525
9683
9642
9050
9735
9227
9202
9284
9121
9049
9060
9059
9746
9504
9186
9738
9168
9765
9353
9297
9436
9220
9791
9046
9617
9398
9737
9117
9196
9025
9555
9240
9268
9375
9445
9237
9735
9056
9488
9108
9019
9055
9092
9158
9179
9629
9041
9273
9069
9395
9522
9629
9035
9109
9115
9527
9113
9603
9423
9467
9473
9036
9086
9474
9556
9034
9129
9421
9166
9446
9648
9308
9137
9751
9513
9599
9134
9176
9292
9070
9226
9714
9235
9511
9276
9066
9116
9316
9760
9780
9764
9151
9137
9756
9623
9710
9110
9718
9230
9163
9592
9749
9138
9786
9382
9542
9089
9094
9097
9388
9224
9532
9593
9732
9108
9691
9106
9621
9197
9113
9122
9130
9443
9159
9745
9471
9312
9254
9120
9486
9235
9677
9358
9214
9425
9700
9718
9409
9720
9681
9696
9719
9206
9248
9339
9258
9173
9471
9730
9476
9563
9686
9742
9280
9437
9636
9747
9713
9177
9664
9702
9455
9787
9689
9544
9491
9479
9660
9283
9217
9695
9590
9255
9281
9252
9214
9396
9620
9645
9261
9688
9785
9316
9199
9451
9627
9781
9215
9324
9500
9352
9503
9602
9670
9338
9533
9722
9755
9240
9534
9640
9621
9449
9331
9467
9241
9288
9232
9638
9594
9240
9497
9706
9610
9701
9730
9634
9751
9768
9502
9363
9289
9734
9247
9492
9262
9603
9370
9721
9736
9458
9381
9456
9324
9410
9510
9283
9389
9284
9533
9494
9299
9366
9672
9761
9749
9762
9496
9719
9354
9439
9453
9329
9600
9287
9301
9748
9360
9303
9664
9664
9760
9394
9557
9333
9746
9769
9330
9413
9763
9764
9763
9445
9785
9752
9698
9341
9331
9727
9343
9770
9557
9771
9497
9380
9405
9341
9332
9441
9750
9788
9343
9385
9757
9380
9355
9362
9732
9350
9615
9755
9347
9396
9733
9487
9692
9390
9579
9642
9695
9705
9762
9444
9457
9622
9539
9554
9748
9452
9584
9373
9392
9685
9769
9754
9618
9373
9437
9477
9785
9716
9386
9607
9718
9647
9433
9684
9497
9495
9478
9448
9431
9438
9456
9708
9430
9729
9768
9539
9418
9654
9791
9565
9737
9758
9776
9625
9551
9450
9782
9554
9732
9485
9674
9758
9581
9447
9766
9534
9588
9671
9774
9536
9495
9753
9476
9741
9573
9468
9559
9469
9507
9550
9698
9686
9765
9728
9773
9506
9481
9710
9728
9713
9725
9792
9742
9500
9483
9517
9580
9720
9526
9606
9764
9780
9535
9508
9777
9715
9778
9562
9510
9537
9674
9700
9787
9631
9643
9577
9701
9527
9553
9603
9552
9708
9705
9759
9584
9554
9747
9726
9649
9598
9668
9579
9588
9710
9617
9740
9770
9568
9571
9567
9564
9783
9590
9779
9585
9767
9585
9723
9613
9607
9780
9641
9763
9647
9640
9726
9624
9772
9615
9748
9776
9632
9766
9614
9639
9650
9786
9608
9635
9637
9775
9790
9622
9782
9667
9689
9769
9792
9730
9653
9744
9731
9655
9665
9657
9739
9739
9658
9790
9695
9673
9787
9656
9717
9789
9658
9679
9673
9673
9681
9759
9783
9743
9729
9758
9721
9703
9721
9702
9704
9719
9740
9750
9733
9724
9724
9781
9784
9757
9735
9756
9766
9754
9784
9773
9771
9752
9782
9792
9791
9789
9788
9786
9779
)


// ************************************************************************* //
