/*--------------------------------*- C++ -*----------------------------------*\
| =========                 |                                                 |
| \\      /  F ield         | OpenFOAM: The Open Source CFD Toolbox           |
|  \\    /   O peration     | Version:  v2012                                 |
|   \\  /    A nd           | Website:  www.openfoam.com                      |
|    \\/     M anipulation  |                                                 |
\*---------------------------------------------------------------------------*/
FoamFile
{
    version     2.0;
    format      ascii;
    class       labelList;
    location    "constant/polyMesh";
    object      pointProcAddressing;
}
// * * * * * * * * * * * * * * * * * * * * * * * * * * * * * * * * * * * * * //


10142
(
2
10
182
183
184
185
186
187
188
189
190
191
192
193
194
195
196
197
198
199
200
201
202
203
204
205
206
207
208
209
210
211
212
213
214
254
255
256
257
258
259
260
261
262
263
264
265
266
267
268
269
270
271
272
273
274
275
276
277
278
279
280
281
282
283
284
285
286
287
288
289
290
291
292
293
294
295
296
297
298
299
300
301
302
303
304
305
306
307
308
309
310
311
312
313
314
315
316
317
318
319
320
321
322
323
324
325
326
327
328
329
330
331
332
333
334
335
336
337
338
339
340
341
342
343
344
345
346
347
696
697
698
699
700
701
702
703
704
705
706
707
708
709
710
711
712
713
714
715
716
717
718
719
720
721
722
723
724
725
726
727
728
768
769
770
771
772
773
774
775
776
777
778
779
780
781
782
783
784
785
786
787
788
789
790
791
792
793
794
795
796
797
798
799
800
801
802
803
804
805
806
807
808
809
810
811
812
813
814
815
816
817
818
819
820
821
822
823
824
825
826
827
828
829
830
831
832
833
834
835
836
837
838
839
840
841
842
843
844
845
846
847
848
849
850
851
852
853
854
855
856
857
858
859
860
861
1046
1057
1060
1064
1065
1068
1069
1077
1080
1085
1088
1095
1097
1102
1103
1111
1113
1115
1121
1122
1130
1134
1144
1145
1148
1152
1156
1159
1161
1164
1165
1166
1173
1179
1191
1192
1194
1204
1205
1209
1210
1211
1215
1216
1217
1218
1220
1221
1222
1229
1230
1406
1407
1408
1409
1410
1411
1412
1413
1414
1415
1416
1417
1418
1419
1420
1421
1422
1423
1424
1425
1426
1427
1428
1429
1430
1431
1432
1433
1434
1435
1436
1437
1438
1439
1440
1441
1442
1443
1444
1445
1446
1447
1448
1449
1450
1451
1452
1453
1454
1455
1456
1457
1458
1459
1460
1466
1467
1468
1469
1470
1475
1476
1480
1481
1484
1485
1486
1487
1490
1491
1494
1495
1498
1499
1500
1501
1504
1505
1506
1507
1510
1511
1512
1513
1514
1515
1516
1517
1518
1519
1520
1521
1522
1523
1524
1525
1526
1527
1528
1529
1531
1532
1533
1535
1536
1537
1538
1541
1542
1545
1546
1547
1548
1550
1551
1552
1555
1556
1559
1560
1561
1562
1564
1565
1566
1569
1570
1573
1574
1575
1578
1579
1581
1582
1583
1586
1587
1590
1591
1592
1593
1595
1596
1597
1599
1600
1601
1602
1605
1606
1611
1612
1613
1614
1616
1617
1618
1621
1622
1625
1626
1627
1628
1630
1631
1632
1635
1682
1712
1762
1763
1764
1765
1766
1767
1768
1769
1770
1771
1772
1773
1774
1775
1776
1777
1778
1820
1821
1829
1830
1831
1834
1835
1842
1843
1846
1847
1854
1855
1858
1859
1864
1865
1867
1868
1873
1874
1875
1876
1884
1885
1886
1887
1889
1890
1894
1895
1896
1897
1898
1902
1903
1906
1907
1909
1913
1914
1915
1916
1923
1924
1925
1926
1933
1934
1945
1948
1949
1970
1971
1972
1973
1974
1975
1983
1984
1985
1992
1993
1994
1995
1996
1997
2019
2020
2027
2028
2029
2030
2031
2032
2035
2046
2049
2056
2057
2059
2060
2061
2062
2063
2064
2065
2066
2067
2068
2073
2074
2075
2076
2077
2092
2093
2096
2097
2098
2099
2103
2104
2105
2106
2110
2111
2112
2113
2114
2115
2116
2117
2118
2119
2122
2123
2124
2125
2126
2127
2128
2129
2130
2131
2132
2133
2134
2135
2136
2140
2141
2142
2143
2144
2145
2146
2147
2148
2149
2151
2152
2153
2154
2155
2156
2158
2159
2160
2161
2162
2163
2164
2165
2166
2167
2168
2169
2170
2171
2172
2173
2174
2175
2176
2177
2178
2179
2180
2181
2182
2183
2184
2185
2186
2187
2188
2189
2190
2191
2192
2193
2194
2195
2196
2197
2198
2199
2200
2201
2202
2203
2204
2205
2206
2207
2208
2209
2210
2211
2212
2213
2214
2215
2216
2217
2218
2219
2220
2221
2222
2223
2224
2225
2226
2227
2228
2229
2233
2236
2237
2241
2242
2244
2245
2252
2253
2254
2262
2263
2264
2265
2266
2270
2271
2272
2273
2274
2283
2284
2285
2286
2287
2288
2300
2301
2421
2422
2775
2776
2777
2778
2779
2787
2812
2813
2862
2972
2973
2974
3011
3015
3021
3023
3029
3050
3052
3053
3071
3075
3133
3134
3222
3248
3249
3492
3500
3597
3598
3653
3670
3672
3673
3674
3675
3676
3677
3678
3679
3680
3681
3682
3683
3684
3685
3686
3687
3688
3689
3690
3691
3692
3693
3694
3695
3696
3697
3698
3699
3700
3701
3702
3703
3704
3705
3706
3707
3708
3709
3710
3711
3712
3713
3714
3715
3716
3717
3718
3719
3720
3721
3722
3723
3724
3725
3726
3727
3728
3729
3730
3731
3732
3733
3734
3735
3736
3737
3738
3739
3740
3741
3742
3743
3744
3745
3746
3747
3748
3749
3750
3751
3752
3753
3754
3755
3756
3757
3758
3759
3760
3761
3762
3763
3764
3765
3766
3767
3768
3770
3771
3772
3773
3774
3775
3776
3777
3779
3780
3796
3797
3798
3799
3800
3801
3802
3803
3804
3806
3824
3825
3835
3836
3837
3858
3859
3860
3864
3865
3866
3867
3868
3869
3872
3878
3879
3880
3881
3882
3883
3884
3885
3886
3887
3895
3896
3897
3898
3899
3900
3901
3902
3903
3904
3905
3906
3907
3908
3909
3910
3911
3912
3913
3914
3915
3916
3917
3918
3919
3920
3921
3922
3923
3924
3925
3926
3927
3928
3929
3930
3931
3932
3933
3934
3935
3936
3937
3938
3939
3940
3941
3942
3943
3944
3945
3946
3947
3948
3949
3950
3951
3952
3953
3954
3955
3956
3957
3958
3959
3960
3961
3962
3963
3964
3965
3966
3967
3968
3969
3970
3971
3972
3973
3974
3975
3976
3977
3978
3979
3980
3981
3982
3983
3984
3985
3986
3987
3988
3989
3990
3991
3992
3993
3994
3995
3996
3997
3998
3999
4000
4001
4002
4003
4004
4005
4006
4007
4008
4009
4010
4011
4012
4013
4014
4015
4016
4017
4018
4019
4020
4021
4033
4034
4035
4036
4037
4043
4044
4045
4046
4051
4052
4053
4054
4055
4056
4057
4058
4059
4060
4061
4062
4063
4064
4065
4066
4067
4068
4069
4070
4071
4072
4073
4074
4075
4076
4077
4078
4079
4080
4081
4082
4083
4084
4085
4086
4087
4088
4089
4090
4091
4092
4093
4094
4095
4096
4097
4098
4099
4100
4101
4102
4103
4104
4105
4106
4107
4108
4109
4110
4111
4112
4113
4114
4115
4116
4117
4118
4119
4120
4121
4122
4123
4124
4125
4126
4127
4128
4129
4130
4131
4132
4133
4134
4135
4136
4137
4138
4139
4140
4141
4142
4143
4144
4145
4147
4148
4149
4150
4151
4152
4153
4154
4155
4156
4157
4158
4159
4160
4161
4162
4163
4164
4165
4291
4314
4315
4317
4322
4332
4343
4344
4349
4369
4377
4378
4383
4386
4387
4388
4396
4397
4402
4403
4404
4405
4406
4407
4408
4409
4410
4411
4412
4413
4414
4415
4416
4417
4418
4419
4420
4421
4422
4423
4424
4425
4426
4427
4428
4429
4430
4431
4432
4433
4434
4435
4436
4437
4438
4439
4440
4441
4442
4443
4444
4445
4446
4447
4448
4449
4450
4451
4452
4453
4454
4455
4456
4457
4458
4459
4460
4461
4462
4463
4464
4465
4466
4498
4499
4509
4515
4557
4558
4559
4569
4570
4571
4572
4579
4580
4589
4594
4644
4647
4651
4652
4653
4654
4655
4661
4662
4663
4687
4688
4702
4703
4752
4754
4755
4785
4795
4796
4815
4835
4851
4854
4855
4865
4866
4867
4904
4905
4908
4917
4918
4942
4943
4960
4965
4966
5091
5092
5095
5096
5097
5098
5099
5100
5101
5102
5104
5105
5106
5107
5108
5109
5110
5111
5112
5113
5114
5115
5116
5117
5118
5119
5120
5121
5122
5123
5159
5171
5172
5178
5179
5193
5194
5203
5204
5218
5219
5220
5226
5227
5235
5251
5256
5257
5267
5268
5269
5276
5312
5319
5334
5346
5393
5404
5407
5408
5411
5412
5413
5438
5440
5441
5442
5443
5444
5445
5446
5447
5448
5449
5452
5453
5454
5455
5456
5457
5458
5459
5460
5461
5462
5463
5464
5465
5466
5467
5468
5469
5470
5471
5472
5473
5474
5475
5476
5477
5478
5479
5480
5481
5482
5483
5484
5485
5486
5487
5492
5516
5517
5518
5521
5522
5533
5534
5535
5536
5537
5538
5539
5541
5542
5543
5544
5545
5546
5558
5559
5560
5569
5573
5574
5575
5576
5577
5578
5580
5581
5582
5615
5616
5617
5618
5619
5620
5621
5622
5623
5624
5625
5626
5627
5628
5629
5630
5631
5632
5633
5634
5636
5637
5638
5639
5640
5652
5653
5654
5655
5656
5657
5658
5659
5660
5661
5664
5665
5666
5667
5668
5669
5670
5671
5672
5673
5674
5675
5908
5909
5910
5911
5912
5913
5914
5915
5916
5917
5918
5919
5920
5921
5922
5928
5943
5958
5959
5974
5985
5987
5988
5989
5990
5991
5995
5996
5997
5998
5999
6000
6001
6002
6022
6023
6024
6026
6029
6032
6033
6034
6035
6036
6037
6038
6039
6040
6041
6042
6043
6044
6045
6046
6047
6048
6049
6050
6051
6052
6053
6054
6055
6056
6057
6058
6059
6060
6061
6062
6063
6064
6065
6066
6067
6068
6069
6070
6071
6072
6073
6074
6075
6076
6077
6078
6079
6080
6081
6082
6083
6084
6085
6094
6096
6098
6099
6100
6101
6102
6103
6104
6105
6106
6107
6108
6109
6111
6112
6113
6116
6120
6121
6122
6123
6124
6125
6127
6141
6144
6145
6146
6147
6153
6163
6164
6165
6166
6167
6168
6169
6170
6171
6172
6174
6183
6184
6187
6188
6189
6190
6191
6192
6193
6194
6195
6196
6197
6198
6199
6204
6206
6207
6208
6213
6214
6215
6216
6217
6218
6219
6221
6222
6224
6226
6227
6228
6230
6231
6232
6233
6234
6236
6238
6239
6260
6261
6262
6263
6265
6267
6269
6270
6271
6272
6296
6297
6298
6299
6300
6301
6302
6303
6304
6306
6307
6308
6309
6310
6312
6313
6314
6315
6316
6317
6318
6319
6321
6323
6325
6326
6349
6350
6351
6374
6381
6382
6383
6385
6388
6389
6390
6402
6403
6404
6446
6448
6458
6459
6460
6464
6471
6478
6482
6483
6486
6487
6488
6489
6497
6498
6533
6536
6541
6549
6553
6554
6555
6557
6558
6559
6560
6610
6615
6616
6617
6624
6651
6653
6667
6674
6675
6680
6698
6701
6702
6731
6732
6740
6758
6759
6760
6767
6770
6773
6786
6791
6792
6827
6833
6834
6835
6836
6838
6843
6844
6850
6851
6852
6853
6856
6862
6866
6870
6872
6886
6890
6891
6894
6895
6903
6904
6908
6909
6910
6913
6932
6933
6941
6947
6948
6951
6955
6962
6965
6966
6969
6970
6975
6978
6982
6983
6984
6985
7078
7079
7080
7085
7086
7087
7088
7105
7116
7117
7118
7129
7131
7133
7134
7137
7138
7142
7143
7176
7189
7193
7211
7212
7213
7214
7215
7216
7225
7228
7229
7230
7236
7241
7247
7252
7256
7257
7258
7275
7290
7291
7306
7312
7319
7320
7321
7322
7323
7324
7325
7326
7327
7328
7331
7332
7337
7338
7340
7345
7346
7369
7378
7380
7381
7386
7393
7394
7396
7412
7413
7414
7419
7421
7437
7441
7444
7450
7454
7455
7462
7511
7512
7515
7516
7517
7525
7528
7548
7549
7550
7551
7552
7553
7554
7555
7556
7557
7558
7559
7560
7561
7562
7563
7564
7565
7566
7567
7568
7569
7570
7571
7572
7573
7574
7575
7576
7577
7578
7579
7580
7581
7584
7585
7588
7591
7592
7599
7600
7602
7603
7604
7607
7608
7609
7610
7613
7614
7631
7632
7634
7638
7648
7649
7650
7684
7685
7686
7687
7688
7689
7690
7691
7692
7693
7699
7700
7703
7704
7705
7706
7707
7709
7712
7713
7714
7715
7716
7717
7718
7719
7731
7736
7737
7746
7750
7787
7788
7797
7798
7799
7804
7805
7808
7809
7810
7811
7820
7821
7825
7826
7860
7864
7867
7868
7869
7870
7881
7882
7892
7893
7894
7895
7896
7897
7898
7899
7900
7901
7902
7903
7904
7905
7906
7907
7908
7909
7941
7943
7947
7953
7954
7955
7968
7969
7971
7972
7979
7980
7981
7985
7986
7994
7995
7996
7997
7998
7999
8000
8001
8002
8011
8012
8014
8015
8016
8017
8024
8029
8030
8031
8032
8033
8078
8081
8082
8084
8085
8086
8087
8090
8095
8096
8097
8098
8099
8100
8101
8102
8103
8104
8105
8106
8107
8112
8113
8122
8125
8137
8153
8154
8156
8157
8162
8163
8164
8167
8168
8172
8182
8187
8188
8195
8200
8205
8211
8212
8225
8231
8232
8233
8239
8240
8246
8253
8254
8255
8256
8258
8262
8263
8264
8265
8271
8272
8310
8312
8313
8318
8327
8328
8362
8363
8364
8367
8370
8371
8372
8373
8374
8375
8376
8377
8378
8379
8380
8407
8408
8410
8445
8453
8454
8457
8466
8474
8480
8483
8484
8487
8488
8489
8509
8510
8511
8520
8521
8522
8526
8529
8543
8544
8545
8548
8550
8551
8552
8556
8563
8564
8570
8571
8580
8585
8586
8592
8599
8600
8602
8614
8615
8616
8624
8625
8626
8627
8631
8632
8639
8650
8656
8657
8658
8661
8679
8682
8686
8689
8690
8691
8692
8693
8705
8712
8719
8720
8721
8722
8727
8728
8729
8738
8750
8755
8757
8758
8766
8767
8769
8779
8783
8804
8810
8813
8823
8826
8827
8828
8833
8834
8837
8838
8839
8840
8841
8849
8851
8865
8870
8871
8872
8873
8874
8875
8878
8883
8884
8885
8886
8888
8889
8890
8891
8892
8899
8902
8903
8904
8905
8906
8907
8908
8909
8910
8911
8912
8913
8916
8921
8922
8924
8925
8930
8932
8933
8936
8938
8941
8943
8944
8950
8952
8955
8958
8959
8969
8970
8974
8975
8976
8977
8983
8985
8986
8987
8988
8989
8991
8994
8995
9002
9003
9004
9005
9006
9011
9012
9016
9017
9018
9019
9023
9031
9032
9033
9037
9043
9044
9055
9057
9058
9059
9060
9066
9067
9070
9077
9079
9082
9083
9106
9107
9114
9115
9130
9133
9134
9135
9136
9138
9139
9140
9141
9142
9143
9148
9149
9150
9151
9154
9155
9157
9158
9159
9169
9170
9171
9179
9187
9189
9190
9192
9193
9194
9195
9201
9202
9203
9206
9218
9220
9223
9226
9228
9232
9238
9239
9245
9249
9255
9258
9259
9276
9277
9281
9285
9288
9289
9290
9291
9295
9297
9298
9300
9310
9313
9314
9327
9331
9335
9341
9367
9376
9377
9380
9393
9404
9407
9414
9415
9416
9418
9422
9423
9424
9426
9432
9434
9437
9442
9443
9444
9457
9468
9483
9484
9485
9486
9487
9488
9489
9490
9491
9492
9493
9494
9495
9496
9497
9498
9499
9500
9501
9502
9514
9515
9520
9521
9522
9527
9549
9561
9562
9575
9576
9577
9580
9595
9597
9598
9613
9616
9618
9619
9625
9626
9629
9650
9651
9652
9653
9654
9661
9696
9707
9711
9712
9718
9721
9722
9725
9726
9727
9732
9733
9735
9743
9744
9745
9746
9747
9748
9777
9778
9785
9787
9788
9794
9826
9828
9829
9831
9834
9835
9839
9843
9844
9847
9857
9860
9861
9862
9868
9874
9875
9877
9885
9886
9892
9893
9894
9895
9896
9897
9898
9907
9912
9913
9921
9925
9927
9930
9931
9933
9934
9937
9943
9944
9945
9946
9947
9948
9949
9950
9951
9952
9953
9954
9955
9956
9958
9959
9960
9961
9962
9963
9964
9965
9966
9967
9968
9973
9974
9975
9976
9979
9980
9983
9984
9987
9989
9990
9995
9996
9997
10003
10004
10005
10006
10007
10008
10009
10010
10015
10017
10018
10026
10031
10034
10037
10038
10039
10041
10042
10045
10046
10047
10048
10049
10054
10055
10058
10059
10061
10062
10064
10065
10066
10067
10073
10077
10079
10080
10088
10090
10092
10093
10094
10095
10096
10098
10105
10106
10110
10111
10112
10113
10131
10132
10135
10141
10142
10143
10144
10148
10149
10150
10151
10153
10159
10160
10161
10165
10176
10177
10179
10189
10191
10192
10198
10199
10200
10201
10202
10203
10205
10206
10207
10208
10209
10210
10211
10217
10219
10226
10227
10228
10229
10232
10239
10240
10241
10242
10243
10245
10246
10254
10255
10256
10262
10284
10288
10292
10293
10301
10302
10308
10311
10312
10313
10314
10320
10321
10329
10330
10331
10332
10336
10337
10338
10339
10340
10341
10353
10358
10359
10361
10365
10366
10368
10369
10370
10372
10374
10375
10380
10387
10388
10390
10404
10405
10411
10413
10419
10421
10422
10429
10430
10431
10432
10436
10437
10438
10439
10440
10441
10456
10457
10462
10465
10474
10481
10484
10485
10488
10489
10491
10504
10508
10517
10521
10547
10571
10583
10584
10585
10587
10588
10589
10591
10605
10630
10631
10632
10633
10634
10635
10638
10641
10642
10643
10644
10645
10646
10659
10660
10661
10662
10664
10665
10666
10671
10678
10682
10683
10689
10690
10702
10708
10709
10710
10711
10716
10719
10731
10739
10744
10745
10746
10747
10748
10749
10750
10755
10785
10798
10803
10804
10810
10811
10812
10823
10826
10827
10838
10851
10855
10869
10883
10884
10897
10898
10899
10900
10901
10903
10915
10916
10917
10918
10919
10921
10922
10924
10929
10930
10931
10932
10935
10938
10939
10948
10949
10950
10951
10952
10954
10955
10960
10961
10962
10963
10964
10965
10967
10968
10969
10974
10978
10982
10983
10984
10985
10986
10988
10994
10999
11003
11004
11005
11006
11008
11009
11010
11020
11031
11046
11047
11052
11055
11056
11061
11065
11066
11068
11073
11074
11075
11078
11079
11087
11092
11093
11101
11102
11104
11107
11118
11119
11121
11124
11125
11128
11129
11130
11131
11132
11136
11137
11138
11140
11141
11142
11145
11146
11150
11153
11155
11157
11160
11161
11162
11163
11168
11169
11171
11172
11181
11187
11191
11192
11195
11196
11197
11200
11211
11212
11216
11218
11231
11239
11240
11241
11248
11253
11254
11256
11257
11258
11259
11264
11265
11268
11274
11281
11282
11291
11292
11296
11300
11332
11334
11336
11346
11347
11348
11349
11351
11353
11358
11359
11367
11368
11369
11371
11375
11376
11377
11378
11386
11387
11389
11390
11391
11406
11407
11410
11420
11432
11433
11436
11439
11440
11441
11446
11450
11451
11452
11453
11456
11468
11469
11470
11471
11473
11478
11479
11480
11489
11490
11495
11505
11506
11507
11508
11511
11522
11523
11524
11528
11534
11535
11565
11566
11567
11569
11571
11572
11573
11574
11577
11578
11580
11581
11582
11583
11584
11585
11586
11587
11598
11599
11614
11619
11620
11621
11670
11673
11676
11679
11680
11683
11684
11685
11686
11687
11688
11689
11691
11692
11699
11700
11702
11711
11712
11714
11715
11716
11717
11718
11719
11720
11727
11737
11741
11757
11758
11760
11763
11764
11765
11782
11783
11790
11796
11800
11801
11803
11814
11816
11817
11820
11829
11832
11833
11851
11852
11873
11874
11876
11883
11884
11886
11888
11893
11895
11896
11908
11909
11910
11912
11913
11914
11915
11918
11920
11921
11923
11927
11929
11932
11933
11970
11992
11998
11999
12003
12004
12015
12025
12039
12056
12059
12060
12061
12063
12069
12074
12077
12080
12081
12086
12087
12088
12091
12094
12095
12096
12101
12105
12114
12115
12124
12125
12127
12130
12131
12132
12167
12168
12169
12170
12172
12173
12174
12176
12182
12191
12193
12197
12198
12199
12200
12201
12202
12203
12204
12213
12214
12224
12227
12232
12233
12275
12278
12283
12284
12302
12305
12309
12310
12316
12325
12338
12347
12351
12361
12367
12377
12382
12390
12398
12399
12400
12401
12402
12403
12408
12416
12422
12433
12434
12435
12438
12465
12467
12475
12482
12487
12488
12489
12497
12506
12507
12531
12572
12573
12587
12602
12603
12608
12609
12615
12618
12619
12623
12632
12659
12660
12661
12662
12672
12677
12678
12689
12690
12695
12698
12699
12724
12730
12732
12738
12745
12746
12747
12748
12754
12755
12756
12770
12778
12779
12797
12844
12870
12875
12877
12878
12879
12880
12881
12884
12885
12888
12889
12891
12893
12894
12895
12896
12902
12904
12912
12913
12929
12939
12984
12985
12989
12990
12994
13004
13005
13006
13034
13035
13044
13045
13046
13051
13052
13056
13070
13123
13131
13139
13150
13151
13153
13154
13158
13159
13160
13161
13162
13166
13167
13172
13175
13210
13219
13220
13247
13257
13261
13266
13267
13268
13276
13279
13318
13319
13347
13348
13349
13353
13354
13357
13358
13379
13384
13392
13407
13426
13430
13454
13459
13460
13476
13477
13499
13508
13509
13510
13511
13515
13516
13570
13581
13582
13583
13623
13632
13648
13657
13680
13681
13682
13684
13685
13688
13692
13693
13695
13704
13705
13718
13719
13720
13721
13722
13739
13740
13761
13762
13763
13764
13765
13766
13771
13785
13788
13789
13798
13814
13815
13816
13817
13818
13819
13840
13841
13842
13892
13894
13895
13897
13900
13901
13902
13903
13904
13905
13906
13920
13921
13945
13946
13947
13948
13952
13953
13959
13967
13978
13993
13994
13995
13996
14013
14014
14015
14016
14017
14018
14028
14029
14032
14039
14046
14047
14048
14049
14050
14054
14077
14078
14085
14092
14095
14103
14104
14110
14111
14112
14113
14117
14120
14127
14128
14129
14140
14141
14152
14166
14172
14178
14182
14183
14190
14194
14195
14197
14198
14201
14202
14205
14206
14207
14212
14250
14251
14283
14286
14287
14294
14296
14297
14300
14312
14313
14314
14325
14326
14327
14342
14343
14344
14375
14377
14386
14387
14388
14389
14390
14413
14415
14420
14425
14426
14427
14428
14429
14433
14434
14435
14436
14437
14438
14442
14445
14446
14460
14470
14473
14476
14478
14482
14484
14489
14494
14499
14521
14528
14529
14533
14534
14550
14556
14557
14558
14559
14560
14561
14562
14563
14564
14565
14566
14576
14577
14593
14595
14599
14603
14609
14612
14628
14629
14639
14640
14649
14654
14655
14656
14657
14659
14660
14661
14685
14693
14694
14695
14696
14697
14703
14704
14719
14729
14730
14732
14733
14734
14735
14738
14741
14742
14743
14744
14755
14756
14757
14758
14762
14763
14764
14766
14778
14779
14780
14781
14782
14783
14784
14785
14786
14787
14788
14790
14791
14797
14806
14812
14814
14815
14816
14831
14844
14845
14847
14849
14850
14854
14858
14859
14868
14875
14876
14882
14894
14895
14896
14897
14898
14899
14900
14901
14902
14910
14911
14916
14917
14926
14927
14928
14929
14932
14933
14934
14935
14936
14961
14962
14963
14967
14968
14974
14979
14995
14996
14997
15000
15001
15002
15003
15004
15008
15009
15012
15014
15020
15021
15022
15027
15028
15035
15036
15037
15040
15041
15046
15053
15054
15058
15059
15060
15061
15063
15064
15069
15087
15089
15096
15097
15099
15102
15103
15104
15107
15108
15109
15110
15111
15112
15113
15114
15115
15118
15119
15121
15122
15123
15124
15125
15126
15132
15133
15134
15138
15139
15143
15145
15147
15150
15154
15155
15157
15158
15159
15160
15161
15162
15163
15164
15165
15166
15167
15168
15169
15170
15171
15172
15173
15180
15182
15192
15193
15194
15195
15196
15197
15198
15199
15206
15208
15209
15212
15213
15214
15215
15216
15217
15218
15222
15223
15224
15225
15226
15227
15228
15229
15236
15238
15239
15240
15241
15242
15243
15244
15245
15247
15256
15258
15259
15260
15261
15263
15264
15265
15266
15267
15268
15269
15270
15271
15272
15274
15275
15293
15299
15305
15306
15307
15311
15312
15313
15315
15333
15334
15335
15336
15337
15338
15339
15340
15341
15342
15343
15344
15346
15347
15348
15352
15353
15354
15355
15377
15379
15380
15381
15382
15383
15384
15385
15387
15392
15393
15394
15395
15398
15399
15400
15401
15403
15404
15407
15408
15411
15412
15413
15416
15418
15419
15420
15421
15425
15429
15430
15435
15436
15437
15438
15439
15440
15443
15444
15445
15446
15447
15449
15452
15453
15455
15460
15492
15493
15494
15495
15497
15503
15504
15510
15515
15516
15527
15529
15530
15531
15532
15533
15534
15538
15539
15540
15555
15556
15557
15558
15574
15585
15586
15587
15588
15589
15590
15591
15592
15593
15594
15595
15596
15597
15598
15599
15609
15610
15611
15612
15613
15622
15623
15624
15625
15626
15627
15628
15629
15632
15633
15634
15639
15640
15646
15651
15652
15654
15659
15662
15666
15673
15682
15683
15688
15689
15691
15692
15694
15696
15697
15698
15701
15702
15705
15706
15708
15710
15711
15712
15714
15716
15717
15723
15726
15727
15733
15734
15736
15738
15739
15741
15747
15748
15750
15753
15754
15760
15761
15767
15768
15769
15770
15771
15775
15776
15777
15778
15784
15787
15791
15793
15795
15797
15798
15802
15803
15804
15809
15811
15812
15813
15814
15815
15819
15820
15824
15826
15828
15831
15832
15834
15835
15852
15853
15854
15855
15856
15857
15858
15865
15866
15868
15871
15872
15879
15881
15882
15884
15885
15886
15887
15888
15890
15892
15894
15895
15896
15904
15905
15906
15908
15910
15913
15914
15916
15919
15923
15931
15933
15934
15935
15939
15942
15943
15944
15947
15949
15950
15952
15954
15955
15960
15961
15964
15966
15969
15970
15971
15973
15974
15975
15976
15977
15978
15979
15980
15981
15982
15984
15985
15988
15989
15996
15997
15999
16000
16001
16002
16004
16005
16006
16007
16011
16012
16020
16027
16030
16039
16041
16043
16045
16046
16047
16049
16050
16052
16053
16054
16055
16056
16057
16058
16059
16060
16064
16065
16067
16069
16072
16073
16077
16078
16081
16088
16096
16097
16100
16108
16112
16113
16114
16117
16118
16120
16125
16127
16132
16134
16136
16138
16139
16143
16145
16146
16147
16148
16150
16151
16152
16153
16158
16161
16165
16171
16173
16177
16181
16183
16184
16188
16191
16192
16194
16195
16198
16200
16201
16204
16206
16209
16211
16215
16218
16219
16220
16223
16224
16227
16228
16234
16235
16237
16238
16244
16245
16249
16251
16252
16253
16255
16257
16258
16259
16260
16265
16266
16268
16269
16270
16275
16277
16278
16284
16285
16289
16290
16291
16300
16304
16305
16309
16310
16311
16313
16318
16329
16332
16336
16337
16339
16340
16342
16350
16351
16352
16353
16362
16363
16366
16367
16369
16374
16376
16377
16379
16385
16386
16388
16396
16397
16400
16404
16405
16408
16414
16415
16417
16419
16422
16423
16424
16427
16428
16429
16431
16432
16437
16438
16443
16453
16461
16462
16463
16467
16468
16469
16472
16474
16475
16476
16477
16479
16482
16484
16497
16499
16506
16507
16515
16517
16519
16523
16524
16525
16527
16531
16532
16533
16536
16552
16553
16554
16561
16563
16565
16581
16584
16589
16599
16601
16602
16605
16612
16617
16618
16620
16623
16625
16626
16627
16633
16637
16638
16639
16640
16643
16647
16648
16651
16654
16659
16660
16665
16666
16668
16671
16673
16674
16677
16686
16687
16688
16693
16699
16704
16707
16713
16716
16729
16730
16731
16732
16735
16742
16743
16746
16751
16752
16753
16754
16757
16758
16759
16760
16761
16762
16766
16767
16768
16773
16777
16780
16781
16788
16793
16794
16799
16800
16808
16809
16812
16815
16819
16829
16830
16831
16833
16845
16847
16850
16857
16861
16862
16863
16869
16872
16877
16878
16880
16882
16885
16886
16888
16892
16895
16898
16903
16905
16906
16914
16919
16922
16927
16930
16936
16957
16959
16960
16963
16964
16967
16971
16972
16975
16976
16979
16981
17000
17001
17002
17005
17007
17010
17011
17012
17014
17022
17023
17028
17037
17043
17055
17057
17058
17059
17074
17081
17085
17086
17097
17098
17102
17106
17118
17120
17123
17126
17129
17133
17136
17146
17148
17157
17158
17162
17163
17177
17184
17188
17195
17198
17204
17211
17216
17219
17223
17224
17225
17230
17232
17237
17240
17244
17246
17259
17265
17266
17274
17275
17276
17282
17285
17287
17288
17289
17295
17296
17298
17301
17304
17305
17307
17315
17324
17325
17326
17327
17330
17332
17334
17341
17348
17349
17351
17352
17359
17371
17374
17377
17380
17384
17386
17387
17389
17393
17394
17400
17401
17402
17403
17405
17409
17413
17415
17420
17421
17425
17430
17434
17435
17443
17445
17465
17469
17486
17491
17495
17502
17506
17509
17513
17523
17530
17550
17553
17554
17560
17566
17567
17569
17571
17577
17589
17606
17617
17624
17626
17629
17636
17641
17642
17645
17648
17650
17655
17657
17668
17670
17672
17678
17681
17684
17691
17692
17694
17697
17699
17710
17716
17718
17720
17733
17734
17736
17742
17745
17752
17755
17768
17772
17775
17777
17781
17784
17797
17801
17802
17804
17808
17812
17814
17819
17825
17827
17828
17832
17837
17851
17853
17855
17869
17872
17873
17876
17879
17880
17883
17894
17909
17912
17916
17917
17927
17932
17933
17935
17936
17939
17943
17944
17947
17959
17971
17972
17978
17983
17989
17996
18001
18002
18004
18019
18024
18028
18029
18032
18033
18043
18044
18051
18053
18056
18058
18064
18067
18069
18072
18073
18074
18078
18082
18083
18095
18097
18102
18113
18121
18123
18127
18130
18143
18144
18145
18149
18153
18164
18169
18174
18183
18184
18194
18202
18205
18208
18210
18219
18223
18225
18241
18248
18254
18262
18269
18270
18278
18284
18288
18290
18291
18296
18298
18301
18330
18339
18348
18351
18353
18360
18365
18367
18377
18378
18379
18380
18385
18387
18388
18392
18393
18394
18402
18415
18421
18422
18423
18424
18433
18434
18445
18467
18472
18473
18482
18485
18489
18490
18492
18495
18500
18512
18514
18516
18523
18531
18535
18536
18539
18550
18551
18555
18564
18570
18573
18588
18591
18595
18602
18603
18605
18606
18612
18613
18614
18618
18620
18640
18650
18653
18659
18660
18664
18665
18676
18678
18679
18683
18685
18687
18695
18699
18700
18702
18705
18707
18718
18721
18725
18726
18729
18730
18733
18734
18742
18752
18754
18759
18762
18771
18777
18780
18786
18789
18792
18796
18802
18808
18809
18812
18814
18817
18824
18831
18835
18839
18845
18849
18852
18863
18865
18867
18870
18872
18886
18892
18893
18900
18908
18910
18916
18918
18923
18934
18937
18940
18942
18943
18944
18945
18949
18955
18956
18965
18970
18981
18982
18991
18997
19009
19010
19026
19027
19029
19030
19031
19033
19036
19037
19043
19044
19068
19071
19074
19080
19082
19089
19093
19109
19114
19117
19121
19123
19132
19147
19153
19155
19156
19161
19163
19172
19173
19180
19181
19184
19194
19196
19199
19209
19215
19219
19222
19226
19239
19247
19252
19260
19261
19262
19263
19265
19266
19269
19273
19274
19277
19279
19284
19285
19292
19296
19298
19310
19319
19328
19331
19335
19338
19340
19345
19349
19355
19358
19360
19369
19370
19375
19388
19389
19391
19412
19413
19417
19420
19424
19426
19429
19430
19432
19449
19453
19464
19465
19471
19473
19475
19476
19481
19484
19495
19497
19500
19504
19511
19512
19522
19524
19527
19535
19544
19550
19562
19565
19567
19568
19584
19586
19591
19595
19597
19605
19609
19611
19615
19616
19618
19625
19629
19641
19642
19643
19644
19645
19650
19654
19656
19675
19680
19687
19688
19696
19697
19713
19720
19721
19729
19735
19736
19738
19742
19747
19749
19752
19756
19758
19760
19761
19764
19766
19767
19783
19786
19792
19797
19799
19802
19807
19810
19811
19826
19828
19830
19840
19849
19871
19872
19874
19875
19876
19877
19879
19881
19882
19883
19887
19892
19895
19897
19903
19909
19911
19914
19917
19918
19919
19921
19926
19929
19933
19936
19937
19938
19941
19942
19945
19949
19952
19961
19962
19966
19967
19982
19994
20001
20003
20004
20009
20014
20016
20017
20019
20031
20040
20041
20043
20049
20052
20059
20067
20074
20077
20078
20084
20085
20086
20087
20093
20099
20102
20109
20110
20120
20124
20131
20143
20159
20160
20173
20178
20181
20184
20187
20192
20198
20201
20205
20208
20217
20223
20227
20228
20229
20233
20239
20243
20247
20249
20253
20261
20267
20275
20276
20289
20290
20305
20308
20313
20318
20344
20349
20353
20358
20364
20369
20371
20377
20384
20394
20402
20404
20406
20411
20415
20419
20423
20429
20439
20440
20447
20457
20463
20467
20468
20469
20478
20483
20490
20495
20500
20503
20516
20528
20536
20537
20538
20539
20542
20543
20545
20548
20549
20561
20567
20568
20573
20575
20583
20585
20588
20589
20594
20595
20596
20597
20601
20604
20609
20620
20631
20634
20638
20639
20642
20643
20651
20654
20659
20662
20669
20671
20676
20677
20685
20687
20689
20695
20696
20704
20708
20718
20719
20722
20726
20730
20733
20735
20738
20739
20740
20747
20753
20765
20766
20768
20778
20779
20783
20784
20785
20789
20790
20791
20792
20794
20795
20796
20803
20804
20980
20981
20982
20983
20984
20985
20986
20987
20988
20989
20990
20991
20992
20993
20994
20995
20996
20997
20998
20999
21000
21001
21002
21003
21004
21005
21006
21007
21008
21009
21010
21011
21012
21013
21014
21015
21016
21017
21018
21019
21020
21021
21022
21023
21024
21025
21026
21027
21028
21029
21030
21031
21032
21033
21034
21040
21041
21042
21043
21044
21049
21050
21054
21055
21058
21059
21060
21061
21064
21065
21068
21069
21072
21073
21074
21075
21078
21079
21080
21081
21084
21085
21086
21087
21088
21089
21090
21091
21092
21093
21094
21095
21096
21097
21098
21099
21100
21101
21102
21103
21105
21106
21107
21109
21110
21111
21112
21115
21116
21119
21120
21121
21122
21124
21125
21126
21129
21130
21133
21134
21135
21136
21138
21139
21140
21143
21144
21147
21148
21149
21152
21153
21155
21156
21157
21160
21161
21164
21165
21166
21167
21169
21170
21171
21173
21174
21175
21176
21179
21180
21185
21186
21187
21188
21190
21191
21192
21195
21196
21199
21200
21201
21202
21204
21205
21206
21209
21256
21286
21336
21337
21338
21339
21340
21341
21342
21343
21344
21345
21346
21347
21348
21349
21350
21351
21352
21394
21395
21403
21404
21405
21408
21409
21416
21417
21420
21421
21428
21429
21432
21433
21438
21439
21441
21442
21447
21448
21449
21450
21458
21459
21460
21461
21463
21464
21468
21469
21470
21471
21472
21476
21477
21480
21481
21483
21487
21488
21489
21490
21497
21498
21499
21500
21507
21508
21519
21522
21523
21544
21545
21546
21547
21548
21549
21557
21558
21559
21566
21567
21568
21569
21570
21571
21593
21594
21601
21602
21603
21604
21605
21606
21609
21620
21623
21630
21631
21633
21634
21635
21636
21637
21638
21639
21640
21641
21642
21647
21648
21649
21650
21651
21666
21667
21670
21671
21672
21673
21677
21678
21679
21680
21684
21685
21686
21687
21688
21689
21690
21691
21692
21693
21696
21697
21698
21699
21700
21701
21702
21703
21704
21705
21706
21707
21708
21709
21710
21714
21715
21716
21717
21718
21719
21720
21721
21722
21723
21725
21726
21727
21728
21729
21730
21732
21733
21734
21735
21736
21737
21738
21739
21740
21741
21742
21743
21744
21745
21746
21747
21748
21749
21750
21751
21752
21753
21754
21755
21756
21757
21758
21759
21760
21761
21762
21763
21764
21765
21766
21767
21768
21769
21770
21771
21772
21773
21774
21775
21776
21777
21778
21779
21780
21781
21782
21783
21784
21785
21786
21787
21788
21789
21790
21791
21792
21793
21794
21795
21796
21797
21798
21799
21800
21801
21802
21803
21807
21810
21811
21815
21816
21818
21819
21826
21827
21828
21836
21837
21838
21839
21840
21844
21845
21846
21847
21848
21857
21858
21859
21860
21861
21862
21874
21875
21995
21996
22349
22350
22351
22352
22353
22361
22386
22387
22436
22546
22547
22548
22585
22589
22595
22597
22603
22624
22626
22627
22645
22649
22707
22708
22796
22822
22823
23066
23074
23171
23172
23227
23244
23246
23247
23248
23249
23250
23251
23252
23253
23254
23255
23256
23257
23258
23259
23260
23261
23262
23263
23264
23265
23266
23267
23268
23269
23270
23271
23272
23273
23274
23275
23276
23277
23278
23279
23280
23281
23282
23283
23284
23285
23286
23287
23288
23289
23290
23291
23292
23293
23294
23295
23296
23297
23298
23299
23300
23301
23302
23303
23304
23305
23306
23307
23308
23309
23310
23311
23312
23313
23314
23315
23316
23317
23318
23319
23320
23321
23322
23323
23324
23325
23326
23327
23328
23329
23330
23331
23332
23333
23334
23335
23336
23337
23338
23339
23340
23341
23342
23344
23345
23346
23347
23348
23349
23350
23351
23353
23354
23370
23371
23372
23373
23374
23375
23376
23377
23378
23380
23398
23399
23409
23410
23411
23432
23433
23434
23438
23439
23440
23441
23442
23443
23446
23452
23453
23454
23455
23456
23457
23458
23459
23460
23461
23469
23470
23471
23472
23473
23474
23475
23476
23477
23478
23479
23480
23481
23482
23483
23484
23485
23486
23487
23488
23489
23490
23491
23492
23493
23494
23495
23496
23497
23498
23499
23500
23501
23502
23503
23504
23505
23506
23507
23508
23509
23510
23511
23512
23513
23514
23515
23516
23517
23518
23519
23520
23521
23522
23523
23524
23525
23526
23527
23528
23529
23530
23531
23532
23533
23534
23535
23536
23537
23538
23539
23540
23541
23542
23543
23544
23545
23546
23547
23548
23549
23550
23551
23552
23553
23554
23555
23556
23557
23558
23559
23560
23561
23562
23563
23564
23565
23566
23567
23568
23569
23570
23571
23572
23573
23574
23575
23576
23577
23578
23579
23580
23581
23582
23583
23584
23585
23586
23587
23588
23589
23590
23591
23592
23593
23594
23595
23607
23608
23609
23610
23611
23617
23618
23619
23620
23625
23626
23627
23628
23629
23630
23631
23632
23633
23634
23635
23636
23637
23638
23639
23640
23641
23642
23643
23644
23645
23646
23647
23648
23649
23650
23651
23652
23653
23654
23655
23656
23657
23658
23659
23660
23661
23662
23663
23664
23665
23666
23667
23668
23669
23670
23671
23672
23673
23674
23675
23676
23677
23678
23679
23680
23681
23682
23683
23684
23685
23686
23687
23688
23689
23690
23691
23692
23693
23694
23695
23696
23697
23698
23699
23700
23701
23702
23703
23704
23705
23706
23707
23708
23709
23710
23711
23712
23713
23714
23715
23716
23717
23718
23719
23721
23722
23723
23724
23725
23726
23727
23728
23729
23730
23731
23732
23733
23734
23735
23736
23737
23738
23739
23865
23888
23889
23891
23896
23906
23917
23918
23923
23943
23951
23952
23957
23960
23961
23962
23970
23971
23976
23977
23978
23979
23980
23981
23982
23983
23984
23985
23986
23987
23988
23989
23990
23991
23992
23993
23994
23995
23996
23997
23998
23999
24000
24001
24002
24003
24004
24005
24006
24007
24008
24009
24010
24011
24012
24013
24014
24015
24016
24017
24018
24019
24020
24021
24022
24023
24024
24025
24026
24027
24028
24029
24030
24031
24032
24033
24034
24035
24036
24037
24038
24039
24040
24072
24073
24083
24089
24131
24132
24133
24143
24144
24145
24146
24153
24154
24163
24168
24218
24221
24225
24226
24227
24228
24229
24235
24236
24237
24261
24262
24276
24277
24326
24328
24329
24359
24369
24370
24389
24409
24425
24428
24429
24439
24440
24441
24478
24479
24482
24491
24492
24516
24517
24534
24539
24540
24665
24666
24669
24670
24671
24672
24673
24674
24675
24676
24678
24679
24680
24681
24682
24683
24684
24685
24686
24687
24688
24689
24690
24691
24692
24693
24694
24695
24696
24697
24733
24745
24746
24752
24753
24767
24768
24777
24778
24792
24793
24794
24800
24801
24809
24825
24830
24831
24841
24842
24843
24850
24886
24893
24908
24920
24967
24978
24981
24982
24985
24986
24987
25012
25014
25015
25016
25017
25018
25019
25020
25021
25022
25023
25026
25027
25028
25029
25030
25031
25032
25033
25034
25035
25036
25037
25038
25039
25040
25041
25042
25043
25044
25045
25046
25047
25048
25049
25050
25051
25052
25053
25054
25055
25056
25057
25058
25059
25060
25061
25066
25090
25091
25092
25095
25096
25107
25108
25109
25110
25111
25112
25113
25115
25116
25117
25118
25119
25120
25132
25133
25134
25143
25147
25148
25149
25150
25151
25152
25154
25155
25156
25189
25190
25191
25192
25193
25194
25195
25196
25197
25198
25199
25200
25201
25202
25203
25204
25205
25206
25207
25208
25210
25211
25212
25213
25214
25226
25227
25228
25229
25230
25231
25232
25233
25234
25235
25238
25239
25240
25241
25242
25243
25244
25245
25246
25247
25248
25249
25482
25483
25484
25485
25486
25487
25488
25489
25490
25491
25492
25493
25494
25495
25496
25502
25517
25532
25533
25548
25559
25561
25562
25563
25564
25565
25569
25570
25571
25572
25573
25574
25575
25576
25596
25597
25598
25600
25603
25606
25607
25608
25609
25610
25611
25612
25613
25614
25615
25616
25617
25618
25619
25620
25621
25622
25623
25624
25625
25626
25627
25628
25629
25630
25631
25632
25633
25634
25635
25636
25637
25638
25639
25640
25641
25642
25643
25644
25645
25646
25647
25648
25649
25650
25651
25652
25653
25654
25655
25656
25657
25658
25659
25668
25670
25672
25673
25674
25675
25676
25677
25678
25679
25680
25681
25682
25683
25685
25686
25687
25690
25694
25695
25696
25697
25698
25699
25701
25715
25718
25719
25720
25721
25727
25737
25738
25739
25740
25741
25742
25743
25744
25745
25746
25748
25757
25758
25761
25762
25763
25764
25765
25766
25767
25768
25769
25770
25771
25772
25773
25778
25780
25781
25782
25787
25788
25789
25790
25791
25792
25793
25795
25796
25798
25800
25801
25802
25804
25805
25806
25807
25808
25810
25812
25813
25834
25835
25836
25837
25839
25841
25843
25844
25845
25846
25870
25871
25872
25873
25874
25875
25876
25877
25878
25880
25881
25882
25883
25884
25886
25887
25888
25889
25890
25891
25892
25893
25895
25897
25899
25900
25923
25924
25925
25948
25955
25956
25957
25959
25962
25963
25964
25976
25977
25978
26020
26022
26032
26033
26034
26038
26045
26052
26056
26057
26060
26061
26062
26063
26071
26072
26107
26110
26115
26123
26127
26128
26129
26131
26132
26133
26134
26184
26189
26190
26191
26198
26225
26227
26241
26248
26249
26254
26272
26275
26276
26305
26306
26314
26332
26333
26334
26341
26344
26347
26360
26365
26366
26401
26407
26408
26409
26410
26412
26417
26418
26424
26425
26426
26427
26430
26436
26440
26444
26446
26460
26464
26465
26468
26469
26477
26478
26482
26483
26484
26487
26506
26507
26515
26521
26522
26525
26529
26536
26539
26540
26543
26544
26549
26552
26556
26557
26558
26559
26652
26653
26654
26659
26660
26661
26662
26679
26690
26691
26692
26703
26705
26707
26708
26711
26712
26716
26717
26750
26763
26767
26785
26786
26787
26788
26789
26790
26799
26802
26803
26804
26810
26815
26821
26826
26830
26831
26832
26849
26864
26865
26880
26886
26893
26894
26895
26896
26897
26898
26899
26900
26901
26902
26905
26906
26911
26912
26914
26919
26920
26943
26952
26954
26955
26960
26967
26968
26970
26986
26987
26988
26993
26995
27011
27015
27018
27024
27028
27029
27036
27085
27086
27089
27090
27091
27099
27102
27122
27123
27124
27125
27126
27127
27128
27129
27130
27131
27132
27133
27134
27135
27136
27137
27138
27139
27140
27141
27142
27143
27144
27145
27146
27147
27148
27149
27150
27151
27152
27153
27154
27155
27158
27159
27162
27165
27166
27173
27174
27176
27177
27178
27181
27182
27183
27184
27187
27188
27205
27206
27208
27212
27222
27223
27224
27258
27259
27260
27261
27262
27263
27264
27265
27266
27267
27273
27274
27277
27278
27279
27280
27281
27283
27286
27287
27288
27289
27290
27291
27292
27293
27305
27310
27311
27320
27324
27361
27362
27371
27372
27373
27378
27379
27382
27383
27384
27385
27394
27395
27399
27400
27434
27438
27441
27442
27443
27444
27455
27456
27466
27467
27468
27469
27470
27471
27472
27473
27474
27475
27476
27477
27478
27479
27480
27481
27482
27483
27515
27517
27521
27527
27528
27529
27542
27543
27545
27546
27553
27554
27555
27559
27560
27568
27569
27570
27571
27572
27573
27574
27575
27576
27585
27586
27588
27589
27590
27591
27598
27603
27604
27605
27606
27607
27652
27655
27656
27658
27659
27660
27661
27664
27669
27670
27671
27672
27673
27674
27675
27676
27677
27678
27679
27680
27681
27686
27687
27696
27699
27711
27727
27728
27730
27731
27736
27737
27738
27741
27742
27746
27756
27761
27762
27769
27774
27779
27785
27786
27799
27805
27806
27807
27813
27814
27820
27827
27828
27829
27830
27832
27836
27837
27838
27839
27845
27846
27884
27886
27887
27892
27901
27902
27936
27937
27938
27941
27944
27945
27946
27947
27948
27949
27950
27951
27952
27953
27954
27981
27982
27984
28019
28027
28028
28031
28040
28048
28054
28057
28058
28061
28062
28063
28083
28084
28085
28094
28095
28096
28100
28103
28117
28118
28119
28122
28124
28125
28126
28130
28137
28138
28144
28145
28154
28159
28160
28166
28173
28174
28176
28188
28189
28190
28198
28199
28200
28201
28205
28206
28213
28224
28230
28231
28232
28235
28253
28256
28260
28263
28264
28265
28266
28267
28279
28286
28293
28294
28295
28296
28301
28302
28303
28312
28324
28329
28331
28332
28340
28341
28343
28353
28357
28378
28384
28387
28397
28400
28401
28402
28407
28408
28411
28412
28413
28414
28415
28423
28425
28439
28444
28445
28446
28447
28448
28449
28452
28457
28458
28459
28460
28462
28463
28464
28465
28466
28473
28476
28477
28478
28479
28480
28481
28482
28483
28484
28485
28486
28487
28490
28495
28496
28498
28499
28504
28506
28507
28510
28512
28515
28517
28518
28524
28526
28529
28532
28533
28543
28544
28548
28549
28550
28551
28557
28559
28560
28561
28562
28563
28565
28568
28569
28576
28577
28578
28579
28580
28585
28586
28590
28591
28592
28593
28597
28605
28606
28607
28611
28617
28618
28629
28631
28632
28633
28634
28640
28641
28644
28651
28653
28656
28657
28680
28681
28688
28689
28704
28707
28708
28709
28710
28712
28713
28714
28715
28716
28717
28722
28723
28724
28725
28728
28729
28731
28732
28733
28743
28744
28745
28753
28761
28763
28764
28766
28767
28768
28769
28775
28776
28777
28780
28792
28794
28797
28800
28802
28806
28812
28813
28819
28823
28829
28832
28833
28850
28851
28855
28859
28862
28863
28864
28865
28869
28871
28872
28874
28884
28887
28888
28901
28905
28909
28915
28941
28950
28951
28954
28967
28978
28981
28988
28989
28990
28992
28996
28997
28998
29000
29006
29008
29011
29016
29017
29018
29031
29042
29057
29058
29059
29060
29061
29062
29063
29064
29065
29066
29067
29068
29069
29070
29071
29072
29073
29074
29075
29076
29088
29089
29094
29095
29096
29101
29123
29135
29136
29149
29150
29151
29154
29169
29171
29172
29187
29190
29192
29193
29199
29200
29203
29224
29225
29226
29227
29228
29235
29270
29281
29285
29286
29292
29295
29296
29299
29300
29301
29306
29307
29309
29317
29318
29319
29320
29321
29322
29351
29352
29359
29361
29362
29368
29400
29402
29403
29405
29408
29409
29413
29417
29418
29421
29431
29434
29435
29436
29442
29448
29449
29451
29459
29460
29466
29467
29468
29469
29470
29471
29472
29481
29486
29487
29495
29499
29501
29504
29505
29507
29508
29511
29517
29518
29519
29520
29521
29522
29523
29524
29525
29526
29527
29528
29529
29530
29532
29533
29534
29535
29536
29537
29538
29539
29540
29541
29542
29547
29548
29549
29550
29553
29554
29557
29558
29561
29563
29564
29569
29570
29571
29577
29578
29579
29580
29581
29582
29583
29584
29589
29591
29592
29600
29605
29608
29611
29612
29613
29615
29616
29619
29620
29621
29622
29623
29628
29629
29632
29633
29635
29636
29638
29639
29640
29641
29647
29651
29653
29654
29662
29664
29666
29667
29668
29669
29670
29672
29679
29680
29684
29685
29686
29687
29705
29706
29709
29715
29716
29717
29718
29722
29723
29724
29725
29727
29733
29734
29735
29739
29750
29751
29753
29763
29765
29766
29772
29773
29774
29775
29776
29777
29779
29780
29781
29782
29783
29784
29785
29791
29793
29800
29801
29802
29803
29806
29813
29814
29815
29816
29817
29819
29820
29828
29829
29830
29836
29858
29862
29866
29867
29875
29876
29882
29885
29886
29887
29888
29894
29895
29903
29904
29905
29906
29910
29911
29912
29913
29914
29915
29927
29932
29933
29935
29939
29940
29942
29943
29944
29946
29948
29949
29954
29961
29962
29964
29978
29979
29985
29987
29993
29995
29996
30003
30004
30005
30006
30010
30011
30012
30013
30014
30015
30030
30031
30036
30039
30048
30055
30058
30059
30062
30063
30065
30078
30082
30091
30095
30121
30145
30157
30158
30159
30161
30162
30163
30165
30179
30204
30205
30206
30207
30208
30209
30212
30215
30216
30217
30218
30219
30220
30233
30234
30235
30236
30238
30239
30240
30245
30252
30256
30257
30263
30264
30276
30282
30283
30284
30285
30290
30293
30305
30313
30318
30319
30320
30321
30322
30323
30324
30329
30359
30372
30377
30378
30384
30385
30386
30397
30400
30401
30412
30425
30429
30443
30457
30458
30471
30472
30473
30474
30475
30477
30489
30490
30491
30492
30493
30495
30496
30498
30503
30504
30505
30506
30509
30512
30513
30522
30523
30524
30525
30526
30528
30529
30534
30535
30536
30537
30538
30539
30541
30542
30543
30548
30552
30556
30557
30558
30559
30560
30562
30568
30573
30577
30578
30579
30580
30582
30583
30584
30594
30605
30620
30621
30626
30629
30630
30635
30639
30640
30642
30647
30648
30649
30652
30653
30661
30666
30667
30675
30676
30678
30681
30692
30693
30695
30698
30699
30702
30703
30704
30705
30706
30710
30711
30712
30714
30715
30716
30719
30720
30724
30727
30729
30731
30734
30735
30736
30737
30742
30743
30745
30746
30755
30761
30765
30766
30769
30770
30771
30774
30785
30786
30790
30792
30805
30813
30814
30815
30822
30827
30828
30830
30831
30832
30833
30838
30839
30842
30848
30855
30856
30865
30866
30870
30874
30906
30908
30910
30920
30921
30922
30923
30925
30927
30932
30933
30941
30942
30943
30945
30949
30950
30951
30952
30960
30961
30963
30964
30965
30980
30981
30984
30994
31006
31007
31010
31013
31014
31015
31020
31024
31025
31026
31027
31030
31042
31043
31044
31045
31047
31052
31053
31054
31063
31064
31069
31079
31080
31081
31082
31085
31096
31097
31098
31102
31108
31109
31139
31140
31141
31143
31145
31146
31147
31148
31151
31152
31154
31155
31156
31157
31158
31159
31160
31161
31172
31173
31188
31193
31194
31195
31244
31247
31250
31253
31254
31257
31258
31259
31260
31261
31262
31263
31265
31266
31273
31274
31276
31285
31286
31288
31289
31290
31291
31292
31293
31294
31301
31311
31315
31331
31332
31334
31337
31338
31339
31356
31357
31364
31370
31374
31375
31377
31388
31390
31391
31394
31403
31406
31407
31425
31426
31447
31448
31450
31457
31458
31460
31462
31467
31469
31470
31482
31483
31484
31486
31487
31488
31489
31492
31494
31495
31497
31501
31503
31506
31507
31544
31566
31572
31573
31577
31578
31589
31599
31613
31630
31633
31634
31635
31637
31643
31648
31651
31654
31655
31660
31661
31662
31665
31668
31669
31670
31675
31679
31688
31689
31698
31699
31701
31704
31705
31706
31741
31742
31743
31744
31746
31747
31748
31750
31756
31765
31767
31771
31772
31773
31774
31775
31776
31777
31778
31787
31788
31798
31801
31806
31807
31849
31852
31857
31858
31876
31879
31883
31884
31890
31899
31912
31921
31925
31935
31941
31951
31956
31964
31972
31973
31974
31975
31976
31977
31982
31990
31996
32007
32008
32009
32012
32039
32041
32049
32056
32061
32062
32063
32071
32080
32081
32105
32146
32147
32161
32176
32177
32182
32183
32189
32192
32193
32197
32206
32233
32234
32235
32236
32246
32251
32252
32263
32264
32269
32272
32273
32298
32304
32306
32312
32319
32320
32321
32322
32328
32329
32330
32344
32352
32353
32371
32418
32444
32449
32451
32452
32453
32454
32455
32458
32459
32462
32463
32465
32467
32468
32469
32470
32476
32478
32486
32487
32503
32513
32558
32559
32563
32564
32568
32578
32579
32580
32608
32609
32618
32619
32620
32625
32626
32630
32644
32697
32705
32713
32724
32725
32727
32728
32732
32733
32734
32735
32736
32740
32741
32746
32749
32784
32793
32794
32821
32831
32835
32840
32841
32842
32850
32853
32892
32893
32921
32922
32923
32927
32928
32931
32932
32953
32958
32966
32981
33000
33004
33028
33033
33034
33050
33051
33073
33082
33083
33084
33085
33089
33090
33144
33155
33156
33157
33197
33206
33222
33231
33254
33255
33256
33258
33259
33262
33266
33267
33269
33278
33279
33292
33293
33294
33295
33296
33313
33314
33335
33336
33337
33338
33339
33340
33345
33359
33362
33363
33372
33388
33389
33390
33391
33392
33393
33414
33415
33416
33466
33468
33469
33471
33474
33475
33476
33477
33478
33479
33480
33494
33495
33519
33520
33521
33522
33526
33527
33533
33541
33552
33567
33568
33569
33570
33587
33588
33589
33590
33591
33592
33602
33603
33606
33613
33620
33621
33622
33623
33624
33628
33651
33652
33659
33666
33669
33677
33678
33684
33685
33686
33687
33691
33694
33701
33702
33703
33714
33715
33726
33740
33746
33752
33756
33757
33764
33768
33769
33771
33772
33775
33776
33779
33780
33781
33786
33824
33825
33857
33860
33861
33868
33870
33871
33874
33886
33887
33888
33899
33900
33901
33916
33917
33918
33949
33951
33960
33961
33962
33963
33964
33987
33989
33994
33999
34000
34001
34002
34003
34007
34008
34009
34010
34011
34012
34016
34019
34020
34034
34044
34047
34050
34052
34056
34058
34063
34068
34073
34095
34102
34103
34107
34108
34124
34130
34131
34132
34133
34134
34135
34136
34137
34138
34139
34140
34150
34151
34167
34169
34173
34177
34183
34186
34202
34203
34213
34214
34223
34228
34229
34230
34231
34233
34234
34235
34259
34267
34268
34269
34270
34271
34277
34278
34293
34303
34304
34306
34307
34308
34309
34312
34315
34316
34317
34318
34329
34330
34331
34332
34336
34337
34338
34340
34352
34353
34354
34355
34356
34357
34358
34359
34360
34361
34362
34364
34365
34371
34380
34386
34388
34389
34390
34405
34418
34419
34421
34423
34424
34428
34432
34433
34442
34449
34450
34456
34468
34469
34470
34471
34472
34473
34474
34475
34476
34484
34485
34490
34491
34500
34501
34502
34503
34506
34507
34508
34509
34510
34535
34536
34537
34541
34542
34548
34553
34569
34570
34571
34574
34575
34576
34577
34578
34582
34583
34586
34588
34594
34595
34596
34601
34602
34609
34610
34611
34614
34615
34620
34627
34628
34632
34633
34634
34635
34637
34638
34643
34661
34663
34670
34671
34673
34676
34677
34678
34681
34682
34683
34684
34685
34686
34687
34688
34689
34692
34693
34695
34696
34697
34698
34699
34700
34706
34707
34708
34712
34713
34717
34719
34721
34724
34728
34729
34731
34732
34733
34734
34735
34736
34737
34738
34739
34740
34741
34742
34743
34744
34745
34746
34747
34754
34756
34766
34767
34768
34769
34770
34771
34772
34773
34780
34782
34783
34786
34787
34788
34789
34790
34791
34792
34796
34797
34798
34799
34800
34801
34802
34803
34810
34812
34813
34814
34815
34816
34817
34818
34819
34821
34830
34832
34833
34834
34835
34837
34838
34839
34840
34841
34842
34843
34844
34845
34846
34848
34849
34867
34873
34879
34880
34881
34885
34886
34887
34889
34907
34908
34909
34910
34911
34912
34913
34914
34915
34916
34917
34918
34920
34921
34922
34926
34927
34928
34929
34951
34953
34954
34955
34956
34957
34958
34959
34961
34966
34967
34968
34969
34972
34973
34974
34975
34977
34978
34981
34982
34985
34986
34987
34990
34992
34993
34994
34995
34999
35003
35004
35009
35010
35011
35012
35013
35014
35017
35018
35019
35020
35021
35023
35026
35027
35029
35034
35066
35067
35068
35069
35071
35077
35078
35084
35089
35090
35101
35103
35104
35105
35106
35107
35108
35112
35113
35114
35129
35130
35131
35132
35148
35159
35160
35161
35162
35163
35164
35165
35166
35167
35168
35169
35170
35171
35172
35173
35183
35184
35185
35186
35187
35196
35197
35198
35199
35200
35201
35202
35203
35206
35207
35208
35213
35214
35220
35225
35226
35228
35233
35236
35240
35247
35256
35257
35262
35263
35265
35266
35268
35270
35271
35272
35275
35276
35279
35280
35282
35284
35285
35286
35288
35290
35291
35297
35300
35301
35307
35308
35310
35312
35313
35315
35321
35322
35324
35327
35328
35334
35335
35341
35342
35343
35344
35345
35349
35350
35351
35352
35358
35361
35365
35367
35369
35371
35372
35376
35377
35378
35383
35385
35386
35387
35388
35389
35393
35394
35398
35400
35402
35405
35406
35408
35409
35426
35427
35428
35429
35430
35431
35432
35439
35440
35442
35445
35446
35453
35455
35456
35458
35459
35460
35461
35462
35464
35466
35468
35469
35470
35478
35479
35480
35482
35484
35487
35488
35490
35493
35497
35505
35507
35508
35509
35513
35516
35517
35518
35521
35523
35524
35526
35528
35529
35534
35535
35538
35540
35543
35544
35545
35547
35548
35549
35550
35551
35552
35553
35554
35555
35556
35558
35559
35562
35563
35570
35571
35573
35574
35575
35576
35578
35579
35580
35581
35585
35586
35594
35601
35604
35613
35615
35617
35619
35620
35621
35623
35624
35626
35627
35628
35629
35630
35631
35632
35633
35634
35638
35639
35641
35643
35646
35647
35651
35652
35655
35662
35670
35671
35674
35682
35686
35687
35688
35691
35692
35694
35699
35701
35706
35708
35710
35712
35713
35717
35719
35720
35721
35722
35724
35725
35726
35727
35732
35735
35739
35745
35747
35751
35755
35757
35758
35762
35765
35766
35768
35769
35772
35774
35775
35778
35780
35783
35785
35789
35792
35793
35794
35797
35798
35801
35802
35808
35809
35811
35812
35818
35819
35823
35825
35826
35827
35829
35831
35832
35833
35834
35839
35840
35842
35843
35844
35849
35851
35852
35858
35859
35863
35864
35865
35874
35878
35879
35883
35884
35885
35887
35892
35903
35906
35910
35911
35913
35914
35916
35924
35925
35926
35927
35936
35937
35940
35941
35943
35948
35950
35951
35953
35959
35960
35962
35970
35971
35974
35978
35979
35982
35988
35989
35991
35993
35996
35997
35998
36001
36002
36003
36005
36006
36011
36012
36017
36027
36035
36036
36037
36041
36042
36043
36046
36048
36049
36050
36051
36053
36056
36058
36071
36073
36080
36081
36089
36091
36093
36097
36098
36099
36101
36105
36106
36107
36110
36126
36127
36128
36135
36137
36139
36155
36158
36163
36173
36175
36176
36179
36186
36191
36192
36194
36197
36199
36200
36201
36207
36211
36212
36213
36214
36217
36221
36222
36225
36228
36233
36234
36239
36240
36242
36245
36247
36248
36251
36260
36261
36262
36267
36273
36278
36281
36287
36290
36303
36304
36305
36306
36309
36316
36317
36320
36325
36326
36327
36328
36331
36332
36333
36334
36335
36336
36340
36341
36342
36347
36351
36354
36355
36362
36367
36368
36373
36374
36382
36383
36386
36389
36393
36403
36404
36405
36407
36419
36421
36424
36431
36435
36436
36437
36443
36446
36451
36452
36454
36456
36459
36460
36462
36466
36469
36472
36477
36479
36480
36488
36493
36496
36501
36504
36510
36531
36533
36534
36537
36538
36541
36545
36546
36549
36550
36553
36555
36574
36575
36576
36579
36581
36584
36585
36586
36588
36596
36597
36602
36611
36617
36629
36631
36632
36633
36648
36655
36659
36660
36671
36672
36676
36680
36692
36694
36697
36700
36703
36707
36710
36720
36722
36731
36732
36736
36737
36751
36758
36762
36769
36772
36778
36785
36790
36793
36797
36798
36799
36804
36806
36811
36814
36818
36820
36833
36839
36840
36848
36849
36850
36856
36859
36861
36862
36863
36869
36870
36872
36875
36878
36879
36881
36889
36898
36899
36900
36901
36904
36906
36908
36915
36922
36923
36925
36926
36933
36945
36948
36951
36954
36958
36960
36961
36963
36967
36968
36974
36975
36976
36977
36979
36983
36987
36989
36994
36995
36999
37004
37008
37009
37017
37019
37039
37043
37060
37065
37069
37076
37080
37083
37087
37097
37104
37124
37127
37128
37134
37140
37141
37143
37145
37151
37163
37180
37191
37198
37200
37203
37210
37215
37216
37219
37222
37224
37229
37231
37242
37244
37246
37252
37255
37258
37265
37266
37268
37271
37273
37284
37290
37292
37294
37307
37308
37310
37316
37319
37326
37329
37342
37346
37349
37351
37355
37358
37371
37375
37376
37378
37382
37386
37388
37393
37399
37401
37402
37406
37411
37425
37427
37429
37443
37446
37447
37450
37453
37454
37457
37468
37483
37486
37490
37491
37501
37506
37507
37509
37510
37513
37517
37518
37521
37533
37545
37546
37552
37557
37563
37570
37575
37576
37578
37593
37598
37602
37603
37606
37607
37617
37618
37625
37627
37630
37632
37638
37641
37643
37646
37647
37648
37652
37656
37657
37669
37671
37676
37687
37695
37697
37701
37704
37717
37718
37719
37723
37727
37738
37743
37748
37757
37758
37768
37776
37779
37782
37784
37793
37797
37799
37815
37822
37828
37836
37843
37844
37852
37858
37862
37864
37865
37870
37872
37875
37904
37913
37922
37925
37927
37934
37939
37941
37951
37952
37953
37954
37959
37961
37962
37966
37967
37968
37976
37989
37995
37996
37997
37998
38007
38008
38019
38041
38046
38047
38056
38059
38063
38064
38066
38069
38074
38086
38088
38090
38097
38105
38109
38110
38113
38124
38125
38129
38138
38144
38147
38162
38165
38169
38176
38177
38179
38180
38186
38187
38188
38192
38194
38214
38224
38227
38233
38234
38238
38239
38250
38252
38253
38257
38259
38261
38269
38273
38274
38276
38279
38281
38292
38295
38299
38300
38303
38304
38307
38308
38316
38326
38328
38333
38336
38345
38351
38354
38360
38363
38366
38370
38376
38382
38383
38386
38388
38391
38398
38405
38409
38413
38419
38423
38426
38437
38439
38441
38444
38446
38460
38466
38467
38474
38482
38484
38490
38492
38497
38508
38511
38514
38516
38517
38518
38519
38523
38529
38530
38539
38544
38555
38556
38565
38571
38583
38584
38600
38601
38603
38604
38605
38607
38610
38611
38617
38618
38642
38645
38648
38654
38656
38663
38667
38683
38688
38691
38695
38697
38706
38721
38727
38729
38730
38735
38737
38746
38747
38754
38755
38758
38768
38770
38773
38783
38789
38793
38796
38800
38813
38821
38826
38834
38835
38836
38837
38839
38840
38843
38847
38848
38851
38853
38858
38859
38866
38870
38872
38884
38893
38902
38905
38909
38912
38914
38919
38923
38929
38932
38934
38943
38944
38949
38962
38963
38965
38986
38987
38991
38994
38998
39000
39003
39004
39006
39023
39027
39038
39039
39045
39047
39049
39050
39055
39058
39069
39071
39074
39078
39085
39086
39096
39098
39101
39109
39118
39124
39136
39139
39141
39142
39158
39160
39165
39169
39171
39179
39183
39185
39189
39190
39192
39199
39203
39215
39216
39217
39218
39219
39224
39228
39230
39249
39254
39261
39262
39270
39271
39287
39294
39295
39303
39309
39310
39312
39316
39321
39323
39326
39330
39332
39334
39335
39338
39340
39341
39357
39360
39366
39371
39373
39376
39381
39384
39385
39400
39402
39404
39414
39423
39445
39446
39448
39449
39450
39451
39453
39455
39456
39457
39461
39466
39469
39471
39477
39483
39485
39488
39491
39492
39493
39495
39500
39503
39507
39510
39511
39512
39515
39516
39519
39523
39526
39535
39536
39540
39541
39556
39568
39575
39577
39578
39583
39588
39590
39591
39593
39605
39614
39615
39617
39623
39626
39633
39641
39648
39651
39652
39658
39659
39660
39661
39667
39673
39676
39683
39684
39694
39698
39705
39717
39733
39734
39747
39752
39755
39758
39761
39766
39772
39775
39779
39782
39791
39797
39801
39802
39803
39807
39813
39817
39821
39823
39827
39835
39841
39849
39850
39863
39864
39879
39882
39887
39892
39918
39923
39927
39932
39938
39943
39945
39951
39958
39968
39976
39978
39980
39985
39989
39993
39997
40003
40013
40014
40021
40031
40037
40041
40042
40043
40052
40057
40064
40069
40074
40077
40090
40102
40110
40111
40112
40113
40116
40117
40119
40122
40123
40135
40141
40142
40147
40149
40157
40159
40162
40163
40168
40169
40170
40171
40175
40178
40183
)


// ************************************************************************* //
