/*--------------------------------*- C++ -*----------------------------------*\
| =========                 |                                                 |
| \\      /  F ield         | OpenFOAM: The Open Source CFD Toolbox           |
|  \\    /   O peration     | Version:  v2012                                 |
|   \\  /    A nd           | Website:  www.openfoam.com                      |
|    \\/     M anipulation  |                                                 |
\*---------------------------------------------------------------------------*/
FoamFile
{
    version     2.0;
    format      ascii;
    class       volScalarField;
    location    "50";
    object      omega_0;
}
// * * * * * * * * * * * * * * * * * * * * * * * * * * * * * * * * * * * * * //

dimensions      [0 0 -1 0 0 0 0];


internalField   nonuniform List<scalar> 
9793
(
0.0854064
0.0217947
0.0795802
0.0210058
0.721252
0.0228886
0.0218259
0.0207561
0.0215358
0.684803
0.0540151
0.12952
0.0210497
0.0211824
0.0234877
0.0211811
0.0240708
0.0245777
0.954356
0.0211878
1.14569
0.0225024
0.420566
0.020836
0.0222766
0.0211435
0.0213613
0.0220441
0.0426758
0.021525
0.0338704
0.435385
0.0631218
0.0222849
0.0482389
1.19969
0.0226146
0.0224737
0.0208324
0.0216439
0.0331021
0.0235545
0.022098
0.0220455
0.0221119
0.021325
0.0462767
0.0475394
0.0477886
0.0209793
0.0495139
0.0580764
0.0230281
0.0215071
0.108537
1.13239
0.0214261
0.0852422
0.303145
0.0208212
0.0221265
0.0228326
0.0681154
0.0218589
0.208013
0.0636658
0.0661511
0.0589895
0.0941077
0.0532385
0.107714
0.021181
0.0211215
0.0214084
0.0541643
0.183225
0.0214174
0.0209813
0.0235501
0.0222598
0.0762108
0.0234481
0.0218309
0.0640169
0.0303508
0.0520657
0.0227583
0.0214095
0.0223442
0.0239944
0.0218137
0.162777
0.021288
0.417313
0.0225154
0.0785048
1.15325
0.0218978
0.0212355
0.0212012
0.0211917
0.0231217
0.0212435
0.0211701
0.021032
0.0297471
0.0221845
0.0226063
0.0226399
0.042552
0.0212572
0.775994
0.0214103
1.14769
0.0576133
0.0214264
0.057137
0.0528777
0.0241538
0.399793
0.0463491
0.0216564
0.0213145
0.0232448
0.0217217
1.15091
0.0385109
0.0610699
0.0242546
0.0211412
0.0212967
0.0214188
0.021141
0.0230609
0.0215061
0.0214027
0.0221835
0.0218182
0.0214044
0.0212769
0.0213043
0.0220965
0.0211814
0.0210601
0.0212264
0.0213427
0.0211145
0.0210874
0.0212454
0.168398
1.56407
0.0213172
1.55473
0.957287
0.0211913
0.0214688
0.0214096
0.0219493
0.0211296
0.0211306
0.0207579
0.0220454
0.0211878
0.937866
0.021259
1.21784
0.0539319
0.0253933
0.0213464
0.0216782
0.0212585
0.558326
0.0212501
0.562117
0.0216869
0.986448
0.0214115
0.0206891
0.0211586
0.0271873
0.744755
0.0221644
0.0211587
0.0221246
0.156114
0.021107
0.0932602
0.021153
0.0212862
0.0211774
0.0217034
0.0213293
0.0480258
0.919848
0.060774
0.0268753
0.998524
0.0216175
1.18963
0.0212864
0.0214981
0.987846
1.1568
0.0211481
0.0214068
0.0210384
1.20742
0.0209163
0.027622
0.0221609
0.0307991
0.0454863
0.0498303
0.0215261
1.23699
0.0213671
0.0218776
0.114808
0.0210816
0.101686
0.0673354
0.0213526
0.0217389
0.0213322
0.0690876
0.975146
0.0228949
0.0211749
0.0655935
0.0457507
0.0208925
0.0207465
0.0222462
0.0213327
0.0435116
0.0885048
0.0213859
0.0211393
1.0268
0.0225725
0.0272809
0.021185
0.0210751
0.0667013
0.0210856
0.0212144
0.0207456
0.02192
0.0212651
0.0221886
0.021551
0.0236768
0.0544156
0.041086
0.0210126
0.0230662
0.0212214
0.0239799
0.0232694
0.0208426
0.259113
0.0211082
0.0542821
0.0218151
0.0259974
0.0210872
0.0211081
0.030688
0.966016
0.0220035
0.0208828
0.0209512
0.0259483
0.0213724
0.021619
0.0215779
0.0211502
1.15411
0.0213675
0.0411539
0.021804
0.0210158
0.0228843
0.0214857
0.038485
0.0213498
0.0215476
0.024884
0.0210643
0.0213977
0.0213918
0.0557496
0.0222171
0.0226844
0.0212634
0.0229454
0.0218102
0.0255239
0.0212408
0.40986
0.0212195
0.409812
0.0798742
0.0230614
0.0220722
0.020949
0.0269263
0.0237585
0.0216727
0.377073
0.0217289
0.0209159
0.0238997
0.0216462
0.021434
0.023316
0.0571912
0.0210849
0.0249246
0.022243
0.0209741
0.0213641
1.39935
0.0212953
0.0211239
0.397335
0.0218731
0.392462
0.0595502
0.0210777
0.0230622
0.0590677
0.0222662
0.0258039
0.0614658
0.0207242
0.0219763
0.0214822
0.0215624
0.0221622
0.142713
0.0211542
0.0209596
0.429711
0.0226185
0.0211842
0.0210935
0.0219858
0.0207347
0.517086
0.0217624
0.0213417
0.021528
0.0230867
0.537521
0.0214913
0.038245
0.0207472
0.0359048
0.11702
0.0935393
0.0379728
0.0219348
0.0254617
1.35642
0.022275
0.250994
0.0227581
0.0213547
0.125991
0.0255275
1.43659
0.0213461
0.046314
1.18689
0.0235299
0.021085
0.0610235
0.0254328
0.0211675
0.0231059
0.0214807
0.311317
0.0212684
0.0219559
0.0216893
0.0218894
0.0213335
0.021499
0.0227112
0.546612
0.0216219
0.693081
0.279555
1.38098
0.0461004
0.0211382
0.0215824
0.0214825
0.0600164
0.240967
0.0211893
0.0217512
0.898947
0.020961
1.1318
0.0211682
0.0227533
0.0209552
0.0325863
0.0211479
0.0260253
1.17575
0.0209433
0.423307
0.0297759
0.0218235
0.0283269
0.022254
0.0220185
0.0213781
1.23937
0.0213427
0.0214484
0.0607801
0.021475
0.0232347
0.0218836
0.0211726
0.0280933
0.0211403
0.0214522
0.0209637
0.442642
0.0212754
0.445903
0.0217009
0.051323
0.0229458
0.0220158
0.0223802
0.0216155
0.146889
0.0215922
0.118835
0.0211857
0.0212802
0.02196
0.93448
0.0359057
0.116464
0.0449082
0.0230852
0.0212533
0.0395292
0.027821
0.0312837
0.02182
0.517001
0.0216318
0.0250321
0.0463536
0.0213159
0.0239915
0.0212962
0.0212574
0.022628
1.12384
0.02607
0.136159
0.0213382
0.0275349
0.0206647
0.0221611
0.0212853
0.023467
0.0399426
0.0218578
0.024259
0.0209849
0.0213925
0.0237625
0.0462842
0.021179
0.0212527
0.0733597
0.0244257
0.0217782
0.07877
0.0494644
0.0216096
0.0219499
0.0220524
0.0237968
0.0214624
0.0223393
0.0220759
0.0217571
0.0212566
0.021032
0.0210566
0.0595814
0.0214235
0.179654
0.0342646
0.0211843
0.0222254
0.0235618
0.505346
0.0217809
0.647091
0.0210939
0.0210925
0.0504718
0.0212764
0.0331244
0.208054
0.0258695
0.02119
0.875951
0.0242433
0.0208429
0.0212732
0.0534188
0.0208812
0.0208724
0.0212647
0.0208755
0.0572802
0.0435755
0.0331575
0.0225024
0.0212174
0.0210196
0.0214379
0.0212487
0.0212812
0.219604
0.100043
0.0209514
0.0269369
0.074518
0.021317
0.0255124
0.0407822
0.0212436
0.0566724
0.163823
0.0213673
0.126525
0.0210289
1.17784
0.0246774
0.478124
0.0210992
0.0210517
0.0237723
0.0220199
0.0260172
0.0877475
0.0993197
0.208199
0.0341738
0.517904
0.0311859
0.0234742
0.0301595
0.0261947
0.228299
0.0214706
0.0549638
0.0209581
0.0283453
0.0227884
0.0218841
0.0209978
0.135865
0.0209571
0.0214677
0.0221552
0.0224064
0.0266597
0.0211341
0.021246
0.0212933
0.0212729
1.07201
0.0209764
0.508257
1.04623
0.0209879
0.0226843
0.0284442
0.0217458
0.0212947
0.0215876
0.0236013
0.0246701
0.0221337
0.0224153
0.0210359
0.0241382
0.0218225
0.0240786
0.0216151
0.0220735
0.678471
0.0212924
1.23124
0.0249655
0.02203
0.0212552
0.0207065
0.0255859
0.0258038
0.0210687
0.0233699
0.0206301
0.0210502
0.0232614
0.0211645
0.0228634
0.0212794
0.021883
0.0225641
0.0214899
0.0227438
0.0221853
0.0314527
0.0226077
0.0210029
0.0212653
0.0208799
0.0212917
0.0214756
0.0212928
0.0209405
0.021299
0.0209552
0.0341682
0.0216539
0.0227437
0.0213303
0.0519592
0.0210283
0.0209584
0.0527657
0.0210098
0.0217776
0.145148
0.0223077
0.0224277
0.0212492
0.0855797
0.0207156
0.0496336
0.206335
0.304606
0.0637912
0.0216813
0.0213334
0.53771
0.0264018
0.0209589
0.021115
0.056622
0.135827
0.0212751
0.0573062
0.0213373
0.0213234
1.12887
0.021179
0.634608
0.0255557
0.0595392
0.0209868
0.022881
0.0217769
0.136501
0.823026
0.0212183
0.0247435
0.0268112
0.0209335
0.0234959
0.0498676
0.22461
0.0210739
0.0248912
0.0259459
0.393591
0.0241083
0.0638877
0.0306688
0.0223781
0.028585
0.441855
0.021029
0.0211504
0.0229658
0.0236363
0.0209562
1.14023
0.0209615
0.507286
0.0229098
0.0970477
0.0531903
0.0214506
0.109403
0.583298
0.0216782
0.459708
0.0278408
0.0696755
0.0209605
0.0209216
0.276097
0.0213416
0.816544
0.0209541
0.0583338
0.0210696
0.0480329
0.271816
0.0223651
2.22577
0.0214151
0.0222418
0.0355333
1.04223
1.02149
0.0215222
0.0211741
0.0209879
0.241624
0.695968
0.022698
0.0246529
0.0268464
0.0209724
0.0209849
0.0233435
0.636277
0.0258696
0.0214262
0.0214658
0.0207865
0.080844
0.108343
0.0235622
0.020866
0.0209214
0.0348843
0.0211631
0.362002
0.0421211
0.499019
0.0413569
0.047108
0.0208367
0.0214609
0.0231126
0.0220013
0.0243535
0.0212112
0.0570088
0.5308
0.0210793
0.57243
0.020777
0.562429
0.0215826
0.0542121
0.0239641
0.0267586
0.0210927
0.0217972
0.0229608
0.449002
0.480901
0.0213678
0.0333827
0.0229157
0.0221681
0.0231396
0.339928
0.0240147
0.0696529
0.0208304
0.0272863
0.0211804
0.0212778
0.0224185
0.0209478
0.172909
0.0211367
0.0222789
0.0224851
0.0213905
0.020956
0.0526215
0.0218677
0.0219961
0.0208512
0.0209949
0.106401
0.0210408
0.929719
0.0211544
0.0237806
0.0214671
0.635275
0.0215635
0.163674
0.0214817
0.0213769
0.0208812
0.128106
0.123039
0.552231
0.144585
0.156467
0.0213371
0.0229298
0.0219843
0.0210039
0.257408
0.212414
0.0549498
0.0917169
0.0221613
0.09632
0.0243808
0.49895
0.021975
0.0221497
0.0214898
0.113241
0.402761
0.0237961
0.0228817
0.0211954
0.0232775
0.0341364
0.021463
0.0213719
0.0220689
0.0241907
0.0353483
0.0228248
0.346021
0.020899
0.0212075
0.0297876
1.07532
0.035204
0.021981
0.0232544
0.0210969
0.0210372
0.0557857
0.0209777
0.0220591
0.105207
0.0976806
0.0226328
0.541238
0.117411
0.380433
0.552236
0.293743
0.0223167
0.0537868
0.0215545
0.0208198
0.0213068
0.0218999
0.0232191
0.87427
0.0236925
0.0623879
0.0217012
0.0418796
0.0216484
0.0350458
0.0260073
0.0220476
0.0420481
0.0216454
0.0211501
0.0713987
0.0165065
0.0289037
0.0229581
0.0209192
0.059908
1.08684
0.021706
0.0206455
0.0206232
0.0215941
0.0242042
1.29896
0.0715542
0.539873
0.0326711
0.268434
0.0217236
0.028166
0.0254342
0.0233728
0.09202
0.0211053
0.0209991
1.21736
0.0348772
0.579358
0.0210554
0.361282
0.25024
0.0238639
0.0393052
0.0232854
1.39348
0.0214567
0.0246097
0.0713455
0.0257229
0.021068
0.0232953
0.0215269
0.0209867
0.0209801
0.145561
0.0215863
0.0255537
0.59203
0.0378749
0.0242383
0.0332832
0.142502
0.125526
0.114891
0.0210875
0.0214369
0.0219372
0.0260139
0.0218717
0.0323203
0.0323147
0.0233131
0.553554
0.0244495
0.0501991
0.0214522
0.0384627
0.0212356
0.122722
0.0658874
0.0206424
1.0333
0.523736
0.0208536
0.0214278
0.0213622
0.197579
0.541973
0.0258992
0.0563395
0.0232284
0.0209235
0.444951
0.031474
0.0222863
0.0213873
0.649563
0.602953
0.0210798
0.0213034
0.0214474
0.02159
0.0214581
0.0245226
1.13237
0.0212535
0.0244194
0.577364
0.0216061
0.0213893
0.0235732
0.202198
0.0214647
0.0253648
0.0957884
0.021667
0.021027
0.0217043
0.0208969
0.0220487
0.254555
0.0861049
0.0219702
0.0802746
0.0256483
0.0236349
0.0213443
0.0257433
0.0219284
0.021587
0.0512513
0.0233878
0.0221831
0.0258638
0.0225503
0.0217635
0.0252341
0.0212065
0.0848056
0.0214214
0.0210409
0.579518
0.0210802
0.625559
0.0266535
0.0209499
0.621058
0.0255076
0.0315382
0.824184
0.0211808
0.585913
0.0209668
0.021374
0.821761
0.169319
0.0211864
0.0214282
0.0207052
0.0215835
0.0730614
0.0218722
0.0217266
0.0220734
0.0230406
0.0218799
0.0212648
0.0213111
0.020952
0.0211796
0.0513296
0.0233314
0.0212975
0.0393702
0.0236476
0.623147
0.0237184
0.0326558
0.021416
0.0212262
0.0659395
0.0227271
0.0213707
0.0215536
0.257766
0.111748
0.0213531
0.0209917
0.0614099
0.052093
0.0208955
0.488244
0.0381184
0.0213986
0.0216624
0.153584
0.0215183
0.0289031
0.056529
0.0226313
0.102996
0.244445
0.0239463
0.0209872
0.0213243
0.021118
0.0210305
0.112758
0.0210774
0.0501809
0.0548945
0.0211062
0.0217142
0.0296826
0.021315
0.02159
0.0213846
0.0223229
0.535634
0.021044
0.0214586
0.27978
0.0227252
0.0215431
0.0267453
0.0210935
0.0215625
0.0211769
0.0214634
0.0217852
0.0212871
0.0864252
0.0434756
0.0209847
0.0214093
0.0209963
0.0781009
0.0210055
0.0236087
0.0212769
0.020984
0.0289946
0.0209773
0.0290236
0.0213846
0.0209734
0.0243651
0.429648
0.0217118
0.0215914
0.0209516
0.543934
0.0777776
0.0213871
0.418948
0.622256
0.0219693
0.0229266
0.230006
0.0231375
0.26618
0.0529966
0.633581
0.0211858
0.0312103
0.0845886
0.0211077
0.0246334
0.731978
0.0213807
1.85765
3.13814
0.0238781
0.262928
0.021051
0.0264335
0.045124
0.021236
0.0747557
0.021177
0.0401919
0.064204
0.020996
0.0417929
0.0216587
0.0218789
0.0323576
0.0235349
0.219212
0.940181
0.0209925
0.0236803
0.348279
0.0207072
0.0244481
0.020798
0.254177
0.0502733
0.0220238
0.0219587
0.0247436
0.299611
0.386555
0.0284359
0.0209988
0.0208844
0.413885
0.563463
0.553359
0.0223069
0.02242
0.0254631
0.0209236
0.0222673
0.0239918
0.0226195
0.0208657
0.0239399
0.526788
1.20566
0.0209627
0.150077
0.0233614
1.2174
1.40666
0.0509969
0.663211
0.668911
0.0210529
0.103203
0.109773
0.295077
0.0248036
0.0212369
0.10968
0.174199
0.0428599
0.0243108
0.024477
0.029857
0.0210687
0.0249734
0.0241592
0.0212069
0.0651438
0.0212531
0.0213832
0.0206279
0.0213098
0.0216233
0.021324
0.0222018
0.0252143
0.542914
0.0239651
0.152841
0.0208088
0.0261603
0.0215001
0.158831
0.631864
0.0211763
0.0455194
0.022666
0.021002
0.0212909
0.0210085
0.021065
0.0826424
0.0215351
0.0219269
0.0228199
0.0209424
0.526837
0.0223173
0.02175
0.0211222
0.0212453
0.587459
0.0651178
0.281432
0.162395
0.353912
0.0214731
0.0216853
0.0220965
0.0238507
0.0479398
0.074807
0.399611
0.0209587
0.0433472
0.0219926
0.0220073
0.548678
0.0244648
1.35688
1.56689
0.0225729
0.0409302
0.0208834
0.0446841
0.0234237
0.0806194
0.0428966
0.0211662
3.09367
0.165473
0.0215751
0.0227222
0.0217673
0.159248
0.025217
0.021627
0.53753
0.0207964
1.04854
0.0267033
0.023544
0.0220083
0.0216889
0.0409071
0.0211354
0.0478279
0.0241653
0.0212691
0.0207168
0.0463117
0.022139
0.767289
0.0229498
0.0239909
0.0239716
0.0649895
0.0229018
0.021285
0.0252167
0.0216318
0.0208295
0.0222476
0.0249265
0.0239175
0.0208844
0.022707
1.01704
0.0625686
0.0211487
0.0247628
0.0215803
0.0868724
0.0222729
0.021823
0.021107
0.0805212
0.0209524
0.0207314
0.0213632
0.0748891
1.88025
0.0225216
0.0238101
0.0217161
0.0219438
0.239887
0.0299539
0.0216809
0.0216572
0.0210311
0.805129
1.50665
1.4113
0.0212157
0.117156
0.0211339
0.0209214
0.0256508
0.0218818
0.0410752
0.0213443
0.0223959
0.334099
2.77027
0.0238666
0.021459
0.0214854
0.0392652
0.0206087
0.0212692
0.0364968
0.0214307
0.0212419
0.0218691
0.0238599
0.0208837
1.04628
0.041784
0.0238042
0.0233108
0.0223904
0.0230926
1.35599
0.0213539
0.0212459
0.0214492
0.0210435
0.0214287
0.0208656
0.100166
0.0826452
0.0215159
0.0220011
0.0212428
0.0238841
0.0224296
0.0622678
0.021922
0.259185
0.021295
0.0216564
0.0239737
0.0722584
0.0214599
0.291239
0.0214664
0.021455
0.0206459
0.317113
0.0229179
0.0221968
0.337014
0.0217026
0.0214504
0.0211194
0.0213915
0.0224706
0.0219544
0.024602
0.087178
0.0215254
0.134177
0.109161
0.0231611
0.0904608
0.021431
0.0233259
0.0209738
0.0211062
0.0210824
0.0213435
0.0212002
0.0786115
0.0208186
0.648014
0.0560894
0.0212422
1.20357
0.021104
0.0365474
0.0220334
0.0210164
0.360251
0.0214128
0.0225008
0.0234776
0.0642697
0.0708793
0.0217473
0.020964
0.02204
1.63284
0.58406
0.0371531
0.0266162
0.0214156
0.021392
0.292004
0.0216227
0.0290716
0.022506
0.538963
0.0214081
0.0357613
0.0214048
0.0216157
0.0346774
0.0307761
0.0327252
0.022013
0.0217788
0.0256446
0.0393469
0.0592453
0.0209078
0.024877
0.0829467
0.0231539
0.0410641
0.021552
0.0215974
0.0213336
0.146445
0.0424915
0.0980268
0.0213978
0.447751
0.0238607
0.0264256
0.0214719
0.0213334
0.021356
0.0216268
0.0539546
0.0258408
0.0221528
0.0219336
0.0213167
0.0214067
0.146541
0.0214066
0.0213816
0.0216372
0.0175865
0.102132
0.0214085
0.021193
0.0214578
0.0242566
0.0217725
0.112108
0.0214175
0.0557421
0.0214068
0.0215518
0.0499612
0.0215776
0.0324189
0.0216344
0.0214379
0.0211045
0.0221301
0.137594
0.0216577
0.02187
0.0384886
0.0214562
0.0219821
0.0219448
0.021478
0.0212847
0.0217569
0.0540957
0.0207431
0.0208071
0.020942
0.494425
0.0238021
0.282955
0.021445
0.0215571
0.0426563
0.0528395
0.0227993
0.0257672
0.031716
0.0241714
0.0214277
0.521774
0.0219986
0.101533
0.0209593
0.022284
0.586933
0.0206629
0.0231187
0.0200139
0.0219872
0.0215961
0.0645692
0.0208838
0.023581
0.0215963
0.0213818
0.0216232
0.0215982
0.0216205
0.103941
0.0213195
0.0211284
0.0211255
0.0214964
0.021363
0.606972
0.682537
0.213392
0.021422
0.0213705
0.0235938
0.0214551
0.0212991
0.095882
0.0400675
0.0224888
0.0213164
0.593131
0.0223858
0.615169
0.0447502
0.0222867
0.021074
0.0212799
0.0285808
0.622768
0.0215724
0.0212058
0.0453129
0.108578
0.0445661
0.613556
0.0212791
0.0236319
0.0234139
0.0210647
0.0216561
0.499553
0.42893
1.19895
0.0212567
0.0460802
0.0216061
0.0214075
0.023973
0.0218327
0.023996
0.0314532
0.0212174
0.0214619
0.0212902
0.0208724
0.0209544
0.0211625
0.024629
0.0243332
0.0301843
0.0206607
0.0208819
0.0212665
0.0217296
0.0213039
0.0222967
0.0218908
0.0219486
0.0218177
0.0230259
0.0212375
0.0227631
0.0598306
0.0212948
0.0212589
1.48852
0.0212489
0.0213555
0.0212193
0.152707
0.03278
0.0418598
0.0216313
1.22184
0.0213346
0.0209246
0.0208636
0.0212319
0.0393536
0.0212571
0.0216088
0.0428159
0.0213185
0.445384
0.0252204
0.0293527
0.0216643
0.600622
0.0312942
0.0214052
0.0211232
0.0219087
0.0215098
0.021295
0.462814
0.0209664
0.0700104
0.0211563
0.021735
0.157476
0.0210615
1.0532
0.0746539
0.0212739
0.0637624
0.0211374
0.0218303
0.0212385
0.0216471
0.0207214
0.0213001
0.0212703
0.0213403
0.0975264
0.0214405
0.0209624
0.0217347
0.0207851
0.021196
0.0211962
0.0214098
0.0209734
0.0213039
0.021243
0.021369
0.0212381
0.0217016
0.899358
0.0214973
0.0218684
0.0366427
0.0274664
0.0215991
0.0230476
0.0209737
0.0225853
0.0212629
0.0214665
0.651599
0.0277051
0.021104
0.0223358
0.111456
0.0214539
0.0213827
0.0759869
0.0209768
0.873531
0.0214373
0.0679802
0.023433
0.0238871
1.09
0.537596
0.0209849
0.0210969
0.0215809
0.0239339
0.0617365
0.0221332
0.085241
0.54715
0.0213686
0.243492
0.0417503
0.0218183
0.0208265
0.0345777
0.0325612
0.0212675
0.0210196
0.0216075
0.0238232
0.023741
0.0240735
0.0236496
0.0239289
0.0298795
0.0210764
0.0212495
0.0211456
0.201968
0.0239412
0.0240257
0.135893
0.0499865
0.0232996
0.0210385
0.0238805
0.0212069
0.0340612
0.0213492
0.0218099
0.0422959
0.0244314
0.0857854
0.0213044
0.0227682
0.0365403
0.0800224
0.0420082
0.0225137
0.0211082
0.0213366
0.0213251
0.0589248
0.0214003
0.0208806
0.0213231
0.0297618
1.08098
0.0212691
0.0238691
0.0228142
0.0451441
0.0390295
0.0226724
0.0427677
0.0391886
0.0377759
0.0457285
0.0219075
0.0211048
0.0211181
0.0211276
0.0496356
0.0233475
0.0387904
0.0211762
0.0212207
0.0212554
0.172597
0.0211656
0.0212141
0.0210504
0.0355567
0.0209409
0.0211465
0.0210831
0.0248384
1.28161
0.0280941
0.0235633
0.0214715
0.124497
0.0266867
0.0216706
0.0213217
0.0214305
0.0273725
0.0214515
0.0214988
0.14358
0.0211738
0.0209964
0.0209547
0.0214921
0.0357165
0.0209962
0.0214628
0.0211058
0.0215118
0.021227
0.0211308
0.0210545
0.0212203
0.0213415
0.288115
0.0212363
0.0206641
0.0369516
0.0455258
0.0327678
0.0605184
0.0209739
0.592947
0.0212829
0.0293838
0.021076
0.0422214
0.0211362
0.0212188
0.0208324
0.0406184
0.024006
0.0211871
1.25151
0.0212177
0.020794
0.0212336
0.0219526
0.0271972
0.0209465
0.0663911
0.0214174
0.021982
0.0419708
0.0213837
0.0326697
0.0209988
0.0207232
0.021176
1.07301
0.0265167
0.0215909
0.0391974
0.736753
0.0261859
0.0368
0.0240666
0.0212754
0.0210314
0.15619
0.0409056
0.0209749
0.0363601
0.0208803
0.0210128
0.31048
0.0209871
0.0212561
0.572757
0.0367415
0.0510712
0.0213058
0.0210276
0.0346587
0.0209304
0.0215615
1.24024
0.021225
0.0214806
1.27124
0.777817
0.0213133
0.0219321
0.0211152
0.0214059
0.0218319
0.0215342
0.021399
0.0392092
0.0206848
0.022645
0.0213441
0.022076
0.0237958
0.569472
0.0238783
0.0216637
0.149147
0.0540234
0.0212643
0.0394201
0.0215826
0.0212469
0.0213796
0.0209687
0.0238636
0.335564
0.0390679
0.0211866
0.0238881
0.0217809
0.0209761
0.0210348
0.0213313
0.0251828
0.0208091
0.0212068
0.0219321
0.021492
0.0761988
0.0213626
0.0221149
0.0545943
0.0223517
0.0208688
0.0251996
0.567709
0.0999162
1.19148
0.0612801
0.0209864
0.0218205
0.0184981
0.92658
0.0269536
0.149085
0.0276753
0.0214378
0.0521112
0.0665486
0.0214267
0.0376686
0.0216945
0.101391
0.0486425
1.09762
0.0217333
0.0209977
0.0585237
0.0212959
0.021434
0.0227956
0.853574
0.0213088
0.0213999
0.0211472
1.08736
0.0211003
0.0210634
0.0212176
0.0209962
0.0210077
0.0370959
0.0217437
0.0209516
0.0214381
0.0302856
0.0225048
0.336803
0.0212623
0.0211495
0.0222098
0.0212528
0.0209851
0.0211188
1.51591
0.0212273
0.0362612
0.0211255
0.0215737
0.021097
0.0212866
0.0687116
0.0466417
0.0208431
0.0218667
0.0218741
0.136725
0.0196505
0.0763568
0.0213116
0.0306853
0.0210981
0.0209726
0.0211092
0.0208609
0.0210579
0.0212259
0.0214835
0.103262
0.0210261
0.0440291
0.271475
0.0213736
0.0641072
0.0506904
0.0216677
0.0211159
0.0212001
0.0214867
0.0210351
0.0612224
0.0211184
0.0210927
0.128787
0.0210907
0.0212692
0.0209756
0.0483007
0.0213629
0.021353
0.460424
0.0206705
0.0206025
0.0210956
0.0316927
0.0212277
0.020886
0.0210877
0.021134
0.208941
0.511646
0.0210248
0.0225067
0.0210141
0.0212305
0.0236702
0.155251
0.475018
0.0207996
0.0241647
0.0212889
0.0211352
0.0211141
0.0210861
0.021825
0.0449363
0.0212819
0.0216527
0.0219038
0.0209549
0.0210634
0.0239121
0.0268951
0.493944
0.0212892
0.0231497
0.538898
0.0211133
0.0238696
0.0567998
1.21352
0.0214276
0.020933
0.0222214
0.0211497
0.0209628
0.0226951
0.0210476
0.539358
0.0380882
0.0217931
0.0237936
0.0219548
0.0217249
0.0831562
0.484884
0.0236501
0.0248953
0.0211669
0.0222862
0.0220452
0.0208117
0.0215792
0.0209424
0.0207587
0.0206084
0.020816
0.0211198
0.66927
0.0215186
0.228912
0.0606885
0.0708005
0.0653998
0.020982
0.0213675
0.022597
0.0408621
0.021156
0.0579869
0.0895801
0.0207653
0.0209179
0.0226391
0.020908
0.0591342
0.0287264
0.0210386
0.0254864
0.0216195
0.0399646
0.775052
0.0213723
0.0206059
0.0376582
0.0683001
0.0212387
0.0224685
0.0207193
0.0220586
0.0208504
0.45642
0.0209826
0.0215042
0.0357918
0.0207186
0.0245176
0.021391
0.0211656
0.0211624
0.0430171
0.020953
0.0208731
0.908311
0.989287
0.110976
0.0215374
0.0207566
0.0314974
0.0611307
0.331494
0.135102
0.0234718
0.0238008
0.0214679
0.0212484
0.0240159
0.0215822
0.0211102
0.020879
0.0324456
0.0240269
0.0209069
0.0209615
0.0214309
0.0205919
0.0215975
0.0286777
0.234381
0.0797707
0.0431985
0.109805
0.29211
0.0206646
0.0209294
0.0217525
0.0358352
0.0213054
0.0216678
0.0208949
0.0209806
0.0211295
0.0502994
0.0212774
0.605713
0.0212489
0.0208331
0.536291
0.040736
0.0216686
0.020852
0.0208294
0.38031
0.0217113
0.0214031
0.0209319
0.0227854
0.0209187
0.021216
0.0209998
0.0972342
0.0209877
0.0208281
0.0370841
0.0209174
0.0646757
0.0238788
0.0210198
0.0212793
0.0221125
0.526526
0.552768
0.323424
0.0238365
0.0222037
0.0216212
0.0212346
0.115957
0.0208024
0.0510369
0.608654
0.0222655
0.0352706
0.0218595
0.0208266
0.0392017
0.0287785
0.34821
0.0232427
0.020765
0.0207797
0.0215916
0.0210667
0.301402
0.472019
0.26031
0.0212056
0.0208811
0.0208389
0.166423
0.0278542
0.531424
0.0208612
0.021368
0.363657
0.0210167
0.0281996
0.473268
0.0208521
0.0213795
0.0209696
0.0212512
0.029695
1.34606
0.0208393
0.0210458
0.0206989
0.0220024
0.0211362
0.0235576
0.123885
0.0358744
1.51408
0.0454007
0.344072
0.0212293
0.0271162
0.0214958
0.0210801
0.0227489
0.0220446
0.0209063
0.0211235
0.481603
0.0212933
0.021206
0.0580503
0.0214827
0.0210653
0.528506
0.331523
0.0208522
0.0209456
0.0453277
0.495585
0.0434658
0.0956821
0.021687
0.480488
0.0209685
0.0228996
0.0228888
1.26527
0.545998
0.0321623
0.570148
0.0221774
0.186118
0.0206095
0.0210058
0.0211075
0.0212358
0.467321
0.0207524
0.0502479
0.0216721
0.0226215
0.0213836
0.523332
0.0213138
0.0210575
0.0252315
0.0408258
0.0234287
0.0226131
0.0393714
0.0209624
0.039509
0.021222
0.0448237
0.0215087
0.0352615
0.572499
0.0290592
0.563757
0.0207745
0.04401
0.0238879
0.0281735
0.0213458
0.059851
0.0216719
0.0208723
0.0211866
0.0228054
0.0213825
0.155681
0.608343
0.0259509
1.10318
0.0208276
0.0207906
0.067778
0.0393588
0.0504949
0.538971
0.0208344
0.0217108
0.497335
0.0487172
0.0206883
0.593292
0.0292991
0.0207538
0.0222056
0.0210159
0.0382806
0.503271
0.0427233
0.577346
0.0207844
0.0206591
0.0215688
0.0208792
0.0245762
0.0238889
0.0218635
0.0211535
0.538442
0.0236608
0.0213554
0.0217691
0.557008
0.0225107
0.0214966
0.029719
0.0282137
0.179029
0.0207672
0.159498
0.0212955
0.0356666
1.34307
0.0224075
0.602235
0.0208243
0.0213175
0.0207842
0.0208165
0.0206761
0.0208133
0.0210037
0.483616
0.0238845
0.0209878
0.541709
0.0208513
0.0215617
0.0206372
0.691694
0.0217333
0.0223438
0.602666
0.586657
0.0208961
0.0210033
0.531595
0.0212077
0.0937555
1.60137
0.021548
0.0215508
0.0301744
0.528172
0.619044
0.0209134
0.0206313
0.0225069
0.0317367
0.0229193
0.627469
0.578809
0.0250268
0.0216514
0.0289845
0.0217482
0.546445
0.542497
0.0207859
0.376537
0.522134
0.0212707
0.0209063
0.0208572
0.020833
0.0206385
0.0209927
0.0207301
0.0250795
0.56847
0.0237532
0.0223205
0.0231015
0.0245406
0.0206182
0.0207004
0.0980744
0.0226684
0.0268212
0.0206085
0.0224337
0.0207758
0.0208477
0.548687
0.0213236
0.0210521
0.568353
0.540791
0.573865
0.0208618
1.06763
0.0213914
0.976587
0.544864
0.0222716
0.537629
0.0206737
0.0210937
0.065867
0.0208307
0.051533
0.956676
0.566463
0.0238816
0.0402146
0.0217848
0.0208093
0.0228269
0.020642
0.569561
0.579745
0.0208501
0.552411
0.603557
0.0209642
0.0206701
0.567701
0.353699
0.0412279
0.0323636
0.0218729
0.086255
0.0212169
0.587312
0.049049
0.536798
0.550037
0.0211071
0.55254
0.0210176
0.0423934
0.168392
0.0210342
0.911144
0.524683
0.0448012
0.0211191
0.57267
0.0208655
0.0206622
1.18538
0.679608
0.020671
0.0228881
0.0232999
0.0212535
0.0330483
0.0207759
0.224721
0.0420096
0.021914
0.0213988
0.0286155
0.025105
0.559845
0.0695503
0.0220769
0.0629515
0.0210169
0.212563
0.0259435
0.021158
0.540379
0.0215691
0.42061
0.0213449
1.4454
0.0210936
0.0219509
0.0208709
0.0213039
0.0208955
0.0219305
0.135533
0.0427109
0.0205862
1.53318
0.424165
0.0211067
0.0206748
0.092527
0.0222848
0.154943
0.0409167
0.561019
0.0206909
0.0211957
0.0375928
0.0313859
0.0321569
0.0288684
0.0206118
0.0212111
0.0219677
0.0210048
0.0206304
0.0385833
0.0206274
0.069234
0.0208838
0.0213346
0.0737048
0.0210254
0.038077
0.66212
0.0208225
0.0207627
0.0209405
0.0281015
0.0210736
0.0208481
0.221512
0.464849
0.0298874
0.0218489
0.0328429
0.0209709
0.0220263
0.0212266
0.58732
0.0361899
0.0264936
0.0506655
0.0360203
0.0344757
0.0796303
0.0210057
0.0277152
0.0211888
0.020947
0.0287748
0.0207949
0.253572
0.0218793
0.0246698
0.0587904
0.145222
0.546708
0.0897966
0.0207632
0.0324396
0.0231149
0.552174
0.0212832
0.0208743
0.0207404
0.0311684
0.528422
0.0516605
0.518345
0.0209553
0.144493
0.0205854
0.558933
0.290285
0.0208728
0.0246316
0.021716
0.68461
0.0532902
0.021591
0.0209791
0.477309
0.0264899
0.0466808
0.0213818
0.0226029
0.136333
0.0218796
0.0208901
0.0301145
0.0206981
0.0237825
0.0216757
0.0416201
0.0206893
0.0232297
0.0336468
0.0213251
0.0208276
0.115557
0.210502
0.0213958
0.0214181
0.0216038
0.0205828
0.0208998
0.555956
0.530358
0.0208462
0.0301933
0.0208061
0.0213509
0.0213375
0.0211098
0.103183
0.531706
0.392866
0.455558
0.0207394
0.0308363
0.0208274
0.0229342
0.582629
0.0222204
0.0398426
0.0207098
0.0434229
0.0213716
0.55648
0.539818
0.021075
0.0208183
0.0493826
0.0374742
1.02324
0.165481
0.0381514
0.176122
0.0238499
0.0211709
0.0250613
0.0207398
0.0251482
0.0209642
0.0418808
0.0288726
0.0208024
0.0235951
0.0208424
0.022046
0.0458052
0.0220637
0.0418186
0.0220422
0.0393282
0.0210048
0.0239047
0.49169
0.020856
0.042808
0.020949
0.0209708
0.37878
0.0215655
0.634546
0.0209566
0.285174
0.0222097
0.0212196
0.553528
0.0208553
0.559158
0.020899
0.0207871
0.0209073
0.0238196
0.485826
0.0207273
0.266229
0.0211901
0.0336646
0.546004
0.0227424
0.546587
0.057243
0.0341578
0.0900689
0.02252
0.0208983
0.775203
0.0208751
0.0210209
0.022063
0.182553
0.0594315
0.593617
0.199072
0.0207101
0.0210166
0.021616
0.618976
0.0206489
0.536589
0.0226071
0.0212214
0.456858
0.621818
0.132319
0.0210542
0.021064
0.0280835
0.0212758
0.0518404
0.536769
0.0211058
0.0260019
0.0206816
0.517464
0.551745
0.0224935
0.571466
0.0209637
0.0213381
0.0212293
0.0217909
0.0788897
0.491106
0.0208952
0.0426514
0.439145
0.0213023
0.516351
0.0206179
0.0208774
0.0373245
0.0213443
0.562319
0.0209935
0.317753
0.328566
0.0210434
0.0206898
0.0213744
1.26203
0.0254218
0.124201
0.0322654
0.0287112
0.0236925
0.560036
0.0211434
0.568339
0.542691
0.0206228
0.0218556
0.0477141
0.441423
0.176513
0.551455
0.021062
0.514989
0.0215057
0.0218077
0.0258388
0.0210835
0.0210791
0.020722
0.512271
0.0210131
0.0208626
0.522662
0.017126
0.0212527
0.0210517
0.0208134
0.0209804
0.0210957
0.037135
0.0208105
0.02176
0.0277388
0.0211693
0.0241545
0.0206039
0.021102
0.0228269
0.0270409
0.171352
0.119629
0.0211449
0.020646
0.0396994
1.03128
0.0671389
0.0210157
0.541491
0.0264689
0.0210091
0.0330329
0.352166
0.0208192
0.0208831
0.0218576
0.0230708
0.0206809
0.552482
0.518122
0.0220504
0.0509403
0.0212993
0.0390971
0.0208947
0.021314
0.0700918
0.0369778
0.0263525
0.0210981
0.0210123
0.0209736
0.0209897
0.260709
0.0221129
0.445469
0.0675125
0.0246403
0.0224726
0.0210329
0.0220882
0.0237317
0.0212081
0.0472717
0.021978
0.0210276
0.0232717
0.592793
0.0262985
0.00967463
0.0334228
0.0951342
0.458893
0.020962
0.0238852
0.020688
0.097907
0.0206721
0.464392
0.442928
0.512001
0.55563
0.0346867
0.437262
0.479459
0.0209403
0.0211696
0.022281
0.02141
0.0406897
0.0206041
0.0206275
0.0242396
0.0235491
0.021151
0.530097
0.109183
0.167063
0.0212153
0.0793464
0.0269943
0.0234037
0.023494
0.021203
0.0200033
0.0209771
0.53566
0.0282948
0.0209626
0.0854181
0.0205861
0.338199
0.132685
0.0205886
0.48252
0.021705
0.0210196
0.0463145
0.381541
0.0395592
0.0225564
0.497173
0.522763
0.0211561
0.0211753
0.262431
0.203972
0.0217174
0.520463
0.0210658
0.0212179
0.0209088
0.0210975
0.128199
0.0210287
0.0211487
0.0869853
0.0223895
0.0208949
0.0208736
0.0217391
0.447625
0.0230227
0.466806
0.02084
0.578975
1.09299
0.0215046
0.0208335
0.565771
0.202455
0.0203608
0.0207023
0.418476
0.0279829
0.0211718
0.68115
0.0208952
0.0308762
0.0213034
0.529063
0.0259448
0.540555
0.467102
0.0208468
0.491026
0.0225131
0.318706
0.0263141
0.0208625
0.0315544
0.0213379
0.402474
0.0206692
0.0210778
0.0212056
0.0209402
0.0212018
0.0207149
0.201379
0.0213944
0.0690906
0.0248406
0.0211511
0.0253153
0.443293
0.0207855
0.306559
0.0209862
0.0210771
0.193373
0.0214712
0.292829
0.023834
0.236701
0.0206901
0.0207901
0.0239228
0.0214498
0.0212054
0.0262175
0.0235635
0.0240238
0.0207558
0.024981
0.0209887
0.224373
0.176642
0.0225411
0.0395128
0.0222438
0.0369097
0.0303702
0.0210624
0.0219423
0.0214097
0.0209592
0.199439
0.674964
0.104403
0.0371814
0.0251319
0.223385
0.254808
0.0218023
0.0290735
0.107723
0.0208277
0.245322
0.460718
0.0212583
0.02082
0.193871
0.520382
0.0274705
0.114804
0.023281
0.0218261
0.0208567
0.458339
0.408989
0.0209412
0.0211292
0.0208169
0.0231624
0.0208643
0.0206939
0.352875
0.0859558
0.0207296
0.230357
0.350208
0.0325193
0.514301
0.020731
0.0207108
0.014704
0.0217403
0.0495805
0.0238126
0.240355
0.0207435
0.0333583
0.0279081
0.022711
0.02158
0.0251699
0.0210791
0.0354923
0.0212277
0.0206737
0.0237494
0.0310779
0.0212521
0.442565
0.0839353
0.022916
0.043468
0.290034
0.02093
0.0211125
0.0223926
0.0357333
0.0210561
0.522099
0.0213033
0.0207634
0.0851071
0.0207094
0.96397
0.0791345
0.0207086
0.101393
0.0800242
0.617255
0.022186
0.020785
0.0206789
0.309787
0.0210591
0.277723
0.0631017
0.0415157
0.327668
0.022054
0.0221462
0.0210469
0.0235557
0.0237358
0.0215536
0.0359306
0.0245144
0.023375
0.0212458
0.0445112
0.0316236
0.444143
0.53497
0.0206938
0.0210506
0.515357
0.0221116
0.0206009
0.041474
0.020977
0.0212073
0.533742
0.579633
0.0206678
0.0210232
0.0372012
0.0367017
0.0305981
0.277738
0.0209817
0.0342763
0.0209176
0.0209163
0.119491
0.0208073
0.02086
0.0212349
0.0262237
0.0209632
0.0212592
0.021756
0.0207621
0.0239513
0.0209094
0.0231018
0.0210491
0.033799
0.0882025
0.0207821
0.0209048
0.0211426
0.0214154
0.0209086
0.0206951
0.0210916
0.0211023
0.0213008
0.0209142
0.0313778
0.0207168
0.0217852
0.022569
0.0209752
0.15554
0.0209822
0.0207233
0.0303772
0.499826
0.0220585
0.0285136
0.0222207
0.0211163
0.0208329
0.0269935
0.0211533
0.0255169
0.0349233
0.1059
0.0220143
0.0209036
0.0266894
0.037723
0.0327679
0.51022
0.598908
0.0208188
0.0211156
0.0358248
0.022617
0.120406
0.0454322
0.0214252
0.0210956
0.0209397
0.0264827
0.0209721
0.0210477
0.0206136
0.0223856
1.1238
0.028335
0.0206796
0.0213839
0.0215734
0.083316
0.0967103
0.0229562
0.0243058
0.0219741
0.0221578
0.0216517
0.0219213
0.0261695
0.571209
0.0214894
0.0208021
0.0273897
0.129305
0.0209342
0.0209569
0.0345251
0.0329332
0.429223
0.0206533
0.0212323
0.0210922
0.0219293
0.0213797
0.0220422
0.436939
0.257351
0.0210814
0.0226926
0.0216327
0.0215614
0.0208076
0.0210811
0.0218779
0.0287189
0.0209692
0.0218314
0.0218271
0.21555
0.0248143
0.0219204
0.021839
0.0209872
0.0217553
0.0212689
0.021128
0.412425
0.0225484
0.159003
0.0259646
0.0206707
0.0209027
0.0240781
0.0231473
0.0208056
0.048191
0.0257507
0.0207083
0.680779
0.0209737
0.0209891
0.0205916
0.0207044
0.528714
0.0220137
0.0212087
0.0226427
0.041561
0.570123
0.0212106
0.0222597
0.0208739
0.491479
0.296477
0.0209684
0.0209171
0.0210202
0.542213
0.386785
0.520914
0.0211124
0.0238092
0.343352
0.0221159
0.0212513
0.420164
0.0215288
0.0208208
0.0250059
0.0208936
0.02182
0.559228
0.022883
0.0218878
0.0211708
0.0211645
0.0207876
0.0209653
0.0222141
0.0209776
0.0209362
0.0211846
0.0270409
0.0217662
0.0242695
0.0211293
0.0207286
0.021077
0.0354228
0.103128
0.0209719
0.0223782
0.0208708
0.0216222
0.0431277
0.0206742
0.0207998
0.0214241
0.0787936
0.295238
0.0208893
0.114887
0.022592
0.020924
0.0216988
0.0210471
0.0218913
0.021007
0.0218275
0.0582822
0.0218873
0.18532
0.546006
0.0227573
0.0227035
0.0208245
0.0684659
0.0216353
0.0217633
0.0349882
0.0230765
0.0254253
0.0207339
0.022409
0.460572
0.963851
0.022466
0.206178
0.0222465
0.0215326
0.0216708
0.0339591
0.0214143
0.0210321
0.0216312
0.0230231
0.022506
0.021175
0.0741202
0.0208663
0.0222717
0.0237616
0.0329297
0.0210065
0.0206654
0.0218208
0.0208629
0.0221723
0.0218663
0.021446
0.0607339
0.021196
0.104959
0.0232607
0.0214342
0.0218559
0.536697
0.0215069
0.0218869
0.023481
0.0217609
0.0209664
0.615861
0.023214
1.23211
0.0210927
0.525979
0.0230667
0.0216072
0.0209985
0.0207959
0.0236388
0.0209946
0.0209847
0.0209555
0.0213395
0.0325155
0.0211147
0.0220737
0.0222213
0.0215656
0.0214792
0.0211443
0.0209916
0.197562
0.0220581
0.107298
0.460036
1.56882
0.0220418
0.179805
0.0213726
0.0214899
0.0211736
0.0210455
0.227128
0.0220453
0.226344
0.0224512
0.0220816
0.0213431
0.0234867
0.0217278
0.513344
0.0235549
0.0379472
0.0220714
0.0347645
0.0298368
0.0317858
0.0211043
0.0213733
0.0207972
0.0218223
0.021459
0.021522
0.0209601
0.0209912
0.108761
0.520766
0.0213838
0.0208374
0.0208606
0.0207821
0.0210478
0.0322987
0.0208442
0.0209772
0.0218454
0.0209754
0.0219497
0.0235607
0.0210386
0.0240116
0.0221906
0.0217861
0.0209637
0.0210074
0.0214296
0.0210081
0.241476
0.240481
0.0210955
0.126933
0.0210758
0.0303
0.0221557
0.0218836
0.464868
0.0213455
0.0218187
0.0216621
0.0207436
0.0210675
0.0209361
0.396089
0.0212374
0.0211792
0.0213326
0.0211071
0.0257508
0.0209251
0.021128
0.0219225
0.0213413
0.0218586
0.0211367
0.02184
0.0754938
0.0298895
0.0209866
0.022505
0.0209899
0.0213125
0.0219848
0.4086
0.0224924
0.0616095
0.0206595
0.021079
0.021359
0.0221724
0.021009
0.0211352
0.0213251
0.0209893
0.02158
0.0209994
0.021557
0.0207074
0.0218562
0.0213189
0.0475808
0.0210009
0.0210608
0.0402344
0.0207324
0.021535
0.0210614
0.0209938
0.0213687
0.021081
0.0209923
0.0723518
0.0210037
0.0207987
0.0274379
0.0209703
0.0276734
0.0212028
0.0210025
0.0280718
0.021083
0.0210072
0.021057
0.0213298
0.0211048
0.674011
0.0217362
0.0216117
0.0236058
0.0235121
0.0210315
0.0244616
0.0215074
0.0212563
0.0214716
0.0228372
0.0211662
0.0217391
0.0211909
0.021082
0.0218341
0.021387
0.023754
0.0236398
0.0209498
0.0215427
0.0210704
0.0216254
0.574513
0.0209719
0.0210063
0.0263841
0.236531
0.0218656
0.00458766
0.0213475
0.0212766
0.424896
0.0209997
0.0213548
0.0217249
0.0287655
0.0244973
0.0220559
0.0214998
0.0218071
0.0207266
0.505185
0.0229462
0.0220099
0.0212815
0.0206777
0.0209729
0.0236031
0.0208032
0.0216945
0.273494
0.0216541
0.0220371
0.0209872
0.0211783
0.0261338
0.0244501
0.0210617
0.0214266
0.0207857
0.0212558
0.0214195
0.0209619
0.0209099
0.109682
0.0212259
0.0218889
0.0207729
0.0215201
0.0209714
0.0369466
0.0209354
0.0211063
0.0213327
0.0456376
0.0211485
0.021266
0.0234168
0.558505
0.0212989
0.0225263
0.163395
0.021939
0.0209647
0.0217668
0.0207583
0.0259367
0.0211303
0.0212551
0.0529331
0.0211059
0.0215974
0.0209212
0.0212943
0.0208617
0.0216856
0.0209934
0.0217025
0.0340831
0.02146
0.0236327
0.0210047
0.0212764
0.0221069
0.0212041
0.0218244
0.0212974
0.0216019
0.0212084
0.0217303
0.0220192
0.0209887
0.0222701
0.0218818
0.0209823
0.0207997
0.0206683
0.561007
0.0256927
0.0317171
0.0211977
0.0209706
0.0209846
0.428832
0.0208658
0.0232201
0.0210564
0.0353024
0.0238023
0.0758544
0.0210594
0.424317
0.0220784
0.022291
0.2147
0.0206726
0.396526
0.0258051
0.0210093
0.0207176
0.0212106
0.0209673
0.0211661
0.0924804
1.14333
0.021592
0.024483
0.0210014
0.0212188
0.0218106
0.266496
0.0217999
0.025237
0.021064
0.02099
0.363225
0.0211554
0.021787
0.0209234
0.0209623
0.0206892
0.0216124
0.0217604
0.0208418
0.0212227
0.0215231
0.0224336
0.0224859
0.0207951
0.0216239
0.021269
0.353382
0.0210798
0.0211141
0.0210736
0.0210722
0.0223136
0.0223732
0.0218698
0.0210355
0.269439
0.0221119
0.0292506
0.0206572
0.0213893
0.0208762
0.0214443
0.0216773
0.0209721
0.0208576
0.550431
0.0222678
0.0221263
0.0210395
0.0215999
0.0215296
0.0211513
0.0278238
0.0210091
0.0210703
0.0358572
0.021214
0.556629
0.0214529
0.0209986
0.021159
0.0215584
0.021774
0.0863327
0.0213943
0.0210567
0.0211427
0.0207542
0.0222044
0.0220682
0.0895628
0.020994
0.0238406
0.0244431
0.0209137
0.0208545
0.0217815
0.0217725
0.0208635
0.0209039
0.0208562
0.0219227
0.0218141
0.505671
0.0214279
0.0212537
0.0390727
0.0304616
0.0216453
0.546921
0.0210026
0.500533
0.0523738
0.0208053
0.0235678
0.0214628
0.0225779
0.021826
0.0208804
0.748131
0.0214195
0.0206194
0.0209818
0.106763
0.0260868
0.0208104
0.0209321
0.0206582
0.0219943
0.0210469
0.0248931
0.507013
0.081839
0.0223356
0.021078
0.0209914
0.0215163
0.0209486
0.023542
0.159813
0.0209288
0.0214523
0.0214295
0.299115
0.0210749
0.0211475
0.0228135
0.0219787
0.0208239
0.020834
0.021095
0.0271405
0.0221915
0.021145
0.0210844
0.0206492
0.0210353
0.0213814
0.0253574
0.0210116
0.0305381
0.0218194
0.021488
0.0283143
0.0215224
0.0235192
0.0241925
0.0216662
0.128945
0.0532875
0.0275364
0.0207774
0.0209604
0.0205905
0.0221104
0.0208954
0.0218728
0.0221938
0.0236475
0.0237286
0.0217214
0.0215966
0.814007
0.0223443
0.0211913
0.0206904
0.0212076
0.0209276
0.0211025
0.023567
0.0247186
0.0216038
0.0218165
0.0212115
0.0212231
0.0217625
0.0212567
0.0211995
0.0209643
0.021101
0.0214332
0.0210533
0.0234609
0.0210895
0.0234984
0.161017
0.0221846
0.0207019
0.0206897
0.0278162
0.68179
0.0207668
0.0284103
0.0224297
0.0209007
0.0218879
0.0209543
0.0210273
0.0891459
0.0207531
0.0207891
0.0213089
0.0212115
0.0221156
0.0208931
0.0210106
0.0235934
0.0207095
0.0210383
0.0208911
0.0219545
0.0219764
0.0207679
0.0218271
0.0230301
0.0209901
0.0207795
0.0211213
0.024557
0.0205922
0.0207813
0.0210037
0.0218829
0.022208
0.021943
0.0236328
0.0235912
0.0236346
0.0235884
0.0235448
0.0236047
0.0236274
0.0236339
0.0235825
0.023439
0.0235989
0.0235332
0.0234161
0.0216953
0.0218793
0.0226033
0.0225705
0.0216231
0.0228931
0.0229333
0.0233353
0.0228068
0.0227702
0.0234044
0.0217359
0.021753
0.0233573
0.0207131
0.0206321
0.0227308
0.0225569
0.0209904
0.0214719
0.0216325
0.0208747
0.0208646
0.0209426
0.020936
0.0206018
0.0208917
0.0230101
0.0228567
0.022693
0.0223066
0.0220607
0.0219917
0.0219211
0.0218009
0.0217855
0.0217749
0.0232715
0.0231813
0.0210937
0.0232088
0.0212728
0.021182
0.0222332
0.0232485
0.0230987
0.0229673
0.0225245
0.0233146
0.0230418
0.0210171
0.0230712
0.0233729
0.0211607
0.0208931
0.0213843
0.0210147
0.0208987
0.020866
0.0205964
0.0220359
0.0237843
0.0211334
0.022931
0.798215
0.46735
0.020926
0.274221
0.0210292
0.0210045
0.0214195
0.0225765
0.0284079
0.0212083
0.0211714
0.0211281
0.545953
0.020997
0.0216658
0.0212514
0.0213495
0.17955
0.463181
0.021125
0.0798784
0.0212335
0.0207357
0.0218093
0.0212003
0.0211021
0.0213428
0.0349988
0.0218111
0.0210688
0.0211653
0.0218875
0.0212223
0.021249
0.0210849
0.0422109
0.0218095
0.0213704
0.0210342
0.0388254
0.0212582
0.0282287
0.541998
0.0212764
0.0438479
0.0211977
0.482056
0.0218161
0.498035
0.0223594
0.0209341
0.0209198
0.195739
0.0209936
0.35837
0.0216708
0.0213686
0.565554
0.0218063
0.0210837
0.0209668
0.0213876
0.0212465
0.0212652
0.0212544
0.0212268
0.0211871
0.0212741
0.0217143
0.0281355
0.496229
0.1314
0.0212324
0.0212168
0.0340513
0.021173
0.0211184
0.0210442
0.020573
0.0208218
0.0217375
0.0210161
0.0212644
0.0212221
0.0218706
0.0212147
0.0218206
0.0212805
0.250447
0.0212732
0.0351581
0.0212119
0.0212873
0.0210833
0.0206451
0.0208093
0.022364
0.0216321
0.0213934
0.0206905
0.021011
0.0207234
0.0207981
0.0219238
0.0220388
0.0211772
0.0211155
0.0211322
0.021936
0.0225314
0.0208319
0.020963
0.51626
0.0212752
0.0213263
0.269907
0.0209675
0.0279941
0.0219352
0.021198
0.0207278
0.522077
0.0209725
0.0219678
0.0212315
0.0209861
0.00943454
0.460974
0.0213271
0.0210559
0.0211111
0.021293
0.0211828
0.0209741
0.0213056
0.0211724
0.0212208
0.0208656
0.331898
0.0307051
0.0206122
0.0210018
0.542483
0.0211207
0.0212057
0.0215823
0.0208627
0.0237722
0.0211976
0.0211826
0.0219365
0.021411
0.0211212
0.0210895
0.0210322
0.415384
0.021254
0.0213712
0.0212383
0.0208578
0.0212056
0.021314
0.0211352
0.0212245
0.0221066
0.0213556
0.0209469
0.0225881
0.0211522
0.02165
0.0210304
0.0233768
0.022185
0.0231934
0.657953
0.0210161
0.02182
0.0217407
0.0215742
0.0212599
0.0208737
0.0210372
0.0207392
0.0211111
0.19724
0.0216651
0.0209845
0.021008
0.0206364
0.0212757
0.045938
0.0210651
0.0210103
0.0207254
0.0210959
0.0211746
0.469552
0.0215775
0.0210594
0.0213158
0.0210343
0.0212773
0.036072
0.0221052
0.0207273
0.0209728
0.0216458
0.0213535
0.0208549
0.0211684
0.0210007
0.0223871
0.0209392
0.0217797
0.0212276
0.0212117
0.0211859
0.0210499
0.0229755
0.0212358
0.0210593
0.0209644
0.0210758
0.0211055
0.0212167
0.0220816
0.0216555
0.0211863
0.0229735
0.0211587
0.0207046
0.0212571
0.0212355
0.0208254
0.0210213
0.466865
0.0219274
0.0217503
0.0212177
0.0210284
0.0211122
0.02122
0.0210698
0.0212588
0.020878
0.0227437
0.0213721
0.0214184
0.0209225
0.0212005
0.293392
0.0212812
0.0210136
0.0211616
0.0226522
0.0219891
0.0208895
0.020721
0.0210226
0.0214682
0.0206198
0.143173
0.0211027
0.0212573
0.0216221
0.176785
0.0220736
0.0210919
0.0207792
0.0210532
0.0212041
0.0215231
0.0211164
0.0217948
0.0214341
0.0212309
0.021982
0.0263164
0.0217666
0.0218604
0.0210857
0.020721
0.0210546
0.0213884
0.0212425
0.0211858
0.0207751
0.0212214
0.0221751
0.0210726
0.0210105
0.0206283
0.108686
0.0216361
0.0213431
0.020969
0.207965
0.0209323
0.0216857
0.0210514
0.021082
0.0212132
0.021067
0.0228829
0.021015
0.0216778
0.0215365
0.021071
0.020718
0.0876316
0.0210121
0.0212262
0.0208272
0.0223499
0.0295844
1.08571
0.0216437
0.0210387
0.0211428
0.0209887
0.0210377
0.0219666
0.020812
0.0212791
0.0213361
0.0211262
0.0246908
0.0212565
0.124372
0.0209415
0.532022
0.0212661
0.0212618
0.0215017
0.0211881
0.0208325
0.0222696
0.0209631
0.0210775
0.0212502
0.0206964
0.579596
0.0230775
0.0217806
0.020699
0.0212437
0.0208359
0.021029
0.0210902
0.182483
0.0252559
0.021977
0.021854
0.0211639
0.0209913
0.0248369
0.0212555
0.021379
0.0230065
0.0211058
0.0213613
0.0212321
0.0228872
0.0210433
0.0218193
0.021499
0.0229319
0.021272
0.347571
0.0211395
0.0207908
0.0225019
0.0241045
0.0212542
0.0342449
0.0382945
0.0212069
0.0209733
0.0212826
0.0210739
0.270602
0.0210113
0.0210843
0.0212211
0.0211233
0.0211873
0.0238897
0.0207256
0.021531
0.0216415
0.0209135
0.0719825
0.203595
0.0217603
0.021397
0.0209341
0.0213668
0.0259948
0.0211833
0.0211693
0.0210231
0.0211551
0.435932
0.0212856
0.0209291
0.0656277
0.0212814
0.273071
0.0212295
0.0223495
0.0210086
0.0206975
0.0208726
0.0206337
0.0207987
0.021917
0.0459975
0.0228512
0.0211688
0.0210397
0.021026
0.0210323
0.0213559
0.0223592
0.0212646
0.0212251
0.0217556
0.0206253
0.0214379
0.0224685
0.0465484
0.0213282
0.0210461
0.514271
0.0219904
0.0208499
0.0212994
0.0230608
0.0233962
0.021053
0.0210123
0.0209472
0.0208622
0.0213121
0.0210384
0.0207848
0.0219576
0.0228253
0.0215795
0.0210639
0.0216416
0.130281
0.0210064
0.0218778
0.0211691
0.0215328
0.0206132
0.0206635
0.0210057
0.0223664
0.0222355
0.02106
0.0210379
0.0212236
0.0239403
0.0247956
0.0216962
0.0210607
0.0211676
0.0218184
0.0209221
0.0212708
0.236256
0.0215051
0.0241316
0.0210683
0.022366
0.0217309
0.0212109
0.0240299
0.0211566
0.0319254
0.0222467
0.0213715
0.021426
0.0220127
0.0209694
0.0218203
0.0215851
0.0217431
0.0212373
0.0210198
0.0236583
0.0216579
0.0215369
0.0223512
0.471405
0.020829
0.0241258
0.0210556
0.0337813
0.0224631
0.0349129
0.033585
0.0313578
0.0223197
0.0221106
0.022441
0.0243573
0.507782
0.0799923
0.0211253
0.0207579
0.0217033
0.0216058
0.0265805
0.022125
0.0222373
0.0286424
0.0210414
0.0210981
0.0216779
0.0216362
0.0210845
0.231853
0.0213543
0.0212804
0.110269
0.0216277
0.0209668
0.020821
0.0218764
0.0263741
0.0210494
0.0217708
0.0214184
0.0228103
0.291636
0.0212672
0.93855
0.0219185
0.0218026
0.159876
0.0223433
0.0228262
0.0213223
0.0219845
0.0208111
0.0211594
1.04833
0.0213089
0.0232137
0.0210109
0.0272165
0.0213483
0.0208802
0.0211015
0.0213732
0.0212471
0.014148
0.0212247
0.0222912
0.0212398
0.021078
0.0212013
0.0209271
0.0219034
0.0237747
0.0213491
0.0219278
0.0269285
0.0209727
0.102511
0.0213365
0.0211168
0.0211143
0.0210456
0.0211227
0.0212247
0.020585
0.0209648
0.449006
0.0211608
0.0218005
0.0212178
0.022094
0.0206904
0.0264638
0.0210545
0.0213095
0.021843
0.0211378
0.0224278
0.0210528
0.0213309
0.0212382
0.021828
0.0215145
0.0213956
0.02102
0.0221542
0.0229846
0.0215272
0.0270264
0.0214811
0.0210697
0.0210556
0.0210261
0.0215944
0.0214203
0.02197
0.0212198
0.0230763
0.0213518
0.021155
0.0761682
0.0226661
0.0269783
0.0259038
0.518762
0.0213864
0.0210785
0.0224015
0.424438
0.0271497
0.0291805
0.021869
0.0245494
0.0232286
0.0225359
0.0228818
0.0221034
0.0212408
0.021363
0.0234766
0.0217589
0.0220697
0.0222871
0.0211019
0.0207418
0.021048
0.0617823
0.0223614
0.0213543
0.0214527
0.0212157
0.021009
0.0228112
1.05892
0.263725
0.0227002
0.0211668
0.022926
0.200151
0.0209951
0.0352975
0.0207043
0.0216093
0.021213
0.0214204
0.0219244
0.0222183
0.0228704
0.0211027
0.020627
0.021205
0.0229742
0.0209373
0.0210432
0.0215099
0.0221873
0.0217567
0.0225482
0.021251
0.02126
0.0254705
0.0280353
0.0211453
0.0213588
0.0212531
0.0225961
0.0208675
0.0226511
0.0214398
0.0208149
0.0209778
0.0218197
0.0216878
0.0225136
0.0384924
0.0216216
0.0215436
0.0213526
0.025628
0.0221876
0.0209885
0.0211355
0.021239
0.0219494
0.021225
0.034741
0.0219052
0.0208457
0.0214645
0.0230717
0.0269277
0.0271356
0.0212827
0.0212502
0.0209708
0.0215009
0.0209473
0.02124
0.0220281
0.0215782
0.0213103
0.0238017
0.0238236
0.0208596
0.020965
0.0214795
0.035468
0.0233848
0.0212449
0.0210837
0.336453
0.402851
0.0214237
0.0212548
0.022015
0.0209465
0.0208735
0.0209756
0.0212543
0.028308
0.0214537
0.2578
0.0207894
0.0221946
0.0213679
0.0222359
0.0456347
0.0212591
0.0322321
0.0211713
0.0323328
0.0310733
0.0291935
0.020648
0.021358
0.0223743
0.0225902
0.0224559
0.0221612
0.291643
0.0213839
0.0212425
0.0212475
0.0215003
0.0218758
0.0214481
0.0249102
0.0218296
0.0216483
0.0210507
0.351512
0.0208793
0.0236719
0.0222344
0.0213562
0.12537
0.0217964
0.0217926
0.020781
0.0218447
0.0216174
0.455051
0.0212391
0.0212463
0.0209734
0.0232309
0.020797
0.0227599
0.0213692
0.0207461
0.0214412
0.021942
0.021218
0.0257575
0.020655
0.021122
0.0212034
0.0238686
0.0228553
0.0223444
0.0208452
0.0227258
0.0261589
0.0222387
0.0223925
0.0207775
0.0210148
0.0253548
0.0905849
0.0206304
0.0206533
0.0214133
0.0207903
0.535209
0.0211209
0.0208502
0.534175
0.500508
0.0214428
0.510552
0.021196
0.43701
0.403899
0.0222341
0.05854
0.021199
0.0213239
0.020744
0.0218294
0.0210144
0.0210478
0.651669
0.0210767
0.0212319
0.0213461
0.0206953
0.0208228
0.0206133
0.0207067
0.0337104
0.40436
0.0250553
0.0210735
0.0235049
0.0213645
0.0212226
0.0216723
0.50932
0.0218461
0.034731
0.0217004
0.600643
0.0210677
0.0226
0.0209995
0.0284107
0.0216956
0.0212374
0.0216744
0.0214235
0.515301
0.5648
0.0225377
0.0209175
0.0606652
0.0216234
0.0217651
0.379579
0.0799976
0.021108
0.0213694
0.0208388
0.0214103
0.0286183
0.0211341
0.811428
0.0210968
0.0216981
0.0211901
0.0211514
0.0987805
0.043643
0.0215488
0.0212709
0.438229
0.371559
0.0211448
0.0206525
0.0211834
0.0661608
0.0211162
0.025003
0.020778
0.021099
0.0209803
0.0213831
0.0205945
0.0209764
0.0206519
0.0209997
0.021645
0.0209964
0.0210335
0.0211248
0.0235984
0.020872
0.496474
0.443655
0.020826
0.0209966
0.0222079
0.021745
0.0209894
0.282697
0.0580798
0.0209734
0.0370535
0.0209822
0.0210094
0.380882
0.0211544
0.0212341
0.023076
0.0210265
0.0211031
0.0212267
0.0403621
0.0213812
0.53705
0.458947
0.0209211
0.0210854
0.0209776
0.0215046
0.0375143
0.0212877
0.0274181
0.672988
0.0216384
0.0214254
0.0213716
0.0210443
0.0211603
0.0219202
0.660588
0.433565
1.05902
0.0968818
0.0208058
0.0216218
0.0210908
0.0233567
0.0212179
0.0244406
0.0209161
0.0535989
0.021007
0.0208279
0.307471
0.0208242
0.0208859
0.0208119
0.00113371
0.0215281
0.0211212
0.0210086
0.0224078
0.0213845
0.0245085
0.0215491
0.0217087
0.0209405
0.0231731
1.17238
0.0811689
0.0215416
0.0225222
0.0380679
0.02111
0.021517
0.0208018
0.0259004
0.020974
0.0206468
0.0209209
0.024603
0.499154
0.0217651
0.0704862
0.0212706
0.0246585
0.448802
0.0208823
0.0216931
0.454551
0.0214993
0.0217671
0.118685
0.0211057
0.63785
0.0211951
0.0215603
0.239704
0.0210224
0.0216481
0.0216026
0.482598
0.0212149
0.0251919
0.021655
0.021313
0.0222921
0.183809
0.0208152
0.0211318
0.0210379
0.0213574
0.0210703
0.0212064
0.021316
0.0214019
0.0232574
0.206711
0.0223824
0.0216704
0.0215802
0.0206653
0.0219188
0.63353
0.0210567
0.0523309
0.0215484
0.0215196
0.0208516
0.0287617
0.0214818
0.021459
0.39531
0.0215151
0.420525
0.0210792
0.0207022
0.202935
0.0212024
0.0210412
0.280112
0.112994
0.0459017
0.572409
0.0210675
0.0206011
0.0221666
0.021426
0.236771
0.0248948
0.020588
0.0207365
0.701344
0.0218142
0.146053
0.454615
0.0211816
0.0252108
0.0211173
0.0206076
0.0218416
0.0266407
0.0215797
0.0214781
0.137441
0.0206118
0.0217052
0.0207622
0.0256933
0.0213732
0.0206804
0.0208708
0.021117
0.539601
0.020756
0.0208995
0.021404
0.0212581
0.0211002
0.0254383
0.0206777
0.0238307
0.0223547
0.02063
0.0205828
0.134579
0.0206013
0.0212254
0.445767
0.0209212
0.0210494
0.0206472
0.0221904
0.0207088
0.0208501
0.0240237
0.0211331
0.0215475
0.0215911
0.0206073
0.023193
0.0205989
0.021069
0.0211742
0.0211783
0.279063
0.0268782
0.0205996
0.0214574
0.021221
0.0211353
0.0211583
0.0212794
0.0206105
0.0212
0.0215025
0.020575
0.0210877
0.0218714
0.0211501
0.0213742
0.0223199
0.027682
0.0213745
0.0210888
0.0243861
0.0218559
0.0221146
0.0207925
0.143965
0.558921
0.277798
0.616155
0.576986
0.0206525
0.0217968
0.0508769
0.0215806
0.232722
0.517657
0.0212256
0.0210308
0.0208254
0.0215452
0.0210017
0.0208647
0.0210762
0.021007
0.0211946
0.0220837
0.0211729
0.0232795
0.0223784
0.0205933
0.022762
0.0211317
0.021133
0.0253478
0.0206279
0.0209662
0.021089
0.0216561
0.065303
0.0207109
0.0217452
0.0317149
0.0211647
0.020724
0.0352631
0.0213074
0.0211887
0.137562
0.569351
0.0212291
0.0213049
0.0208785
0.0532586
0.0220401
0.0206097
0.0340195
0.0221087
0.11964
0.0434452
0.0891246
0.0216617
0.0230643
0.022373
0.0214243
0.0252947
0.256699
0.565449
0.0209002
0.0215529
0.0206931
0.0219744
0.0212699
0.0211843
0.281175
0.0209805
0.0224073
0.0217715
0.247195
0.0205762
0.0212921
0.0208175
0.0211696
0.134357
0.0426424
0.0207775
0.0210448
0.0226623
0.303567
0.531159
0.0211045
0.0209443
0.0283044
0.0213432
0.350724
0.0210488
0.0207945
0.0222634
0.0280228
0.0234276
0.0218342
0.021419
0.0237383
0.0209896
0.0211978
0.0212265
0.0210653
0.0212792
0.0218077
0.378246
0.0226735
0.0250929
0.935114
0.0215389
0.0216653
0.0211498
0.0212018
0.0230366
0.0209774
0.0208396
0.0211812
0.0216748
0.0209326
0.0213231
0.634568
0.400995
0.224173
0.0227552
0.0238865
0.0209439
0.0209883
0.0210613
0.405252
0.0213832
0.598356
0.0223991
0.4129
0.0209418
0.0205953
0.469323
0.0215674
0.0210014
0.0214363
0.021566
0.0214907
0.0209926
0.0210899
0.0205941
0.0210797
0.0216269
0.0211053
0.0210666
0.0387643
0.0206744
0.0211994
0.0207526
0.0207976
0.0211149
0.0214728
0.120155
0.0217545
0.0216785
0.0215118
0.273616
0.0213598
0.506607
0.0805775
0.0213589
0.0216774
0.021322
0.0215654
0.0218239
0.0211814
0.0209851
0.0211112
0.021029
0.0370296
0.0226455
0.0207482
0.108992
0.0217649
0.0215883
0.692203
0.0209403
0.0330969
0.44879
0.0211131
0.0214196
0.0219001
0.361201
0.547653
0.545938
0.0212789
0.0209717
0.0210151
0.0205737
0.0213833
0.0214813
0.0255019
0.0214928
0.0302953
0.0238849
0.414924
0.0207449
0.0243254
0.0226125
0.0738082
0.0211173
0.0278874
0.0209526
0.0210594
0.0210467
0.0206981
0.442688
0.0207168
0.0210916
0.0210207
0.0214014
0.0212808
0.0289009
0.0206503
0.0207579
0.0211162
0.460123
0.0225878
0.022485
0.366717
0.49677
0.0210581
0.0209345
0.425941
0.0209572
0.0209975
0.0212502
0.0212705
0.0208601
0.0206921
0.0208538
0.52607
0.0256457
0.0305998
0.0215612
0.0211086
0.0212778
0.0275061
0.0215788
0.0212095
0.0210168
0.373077
0.0260905
0.0208262
0.0217337
0.0208306
0.0720585
0.027166
0.604763
0.450185
0.0218574
0.0216
0.0208794
0.498679
0.0206605
0.467844
0.0209122
0.223598
0.0212446
0.0727095
0.0348463
0.0209432
0.0212311
0.486592
0.0217551
0.0283452
0.0211975
0.0216822
0.0211389
0.0213822
0.0213303
0.0211891
0.244772
0.0214552
0.0211329
0.0215523
0.395871
0.0305479
0.021475
0.0210364
0.409246
0.0207199
0.423375
0.0216038
0.462556
0.0327264
0.0392049
0.0209306
0.0307495
0.0205977
0.0209156
0.0534746
0.020612
0.0206754
0.0215779
0.023698
0.0213173
0.0207647
0.0209043
0.0258599
0.0210677
0.0222591
0.0211225
0.0209658
0.417588
0.021285
0.48215
0.0212462
0.0213836
0.0205971
0.0824563
0.0214793
0.0224518
0.0209901
0.0702697
0.0212433
0.0219637
0.0208374
0.0210196
0.0212972
0.0207208
0.074807
0.359883
0.0210245
0.0215754
0.0212275
0.0216512
0.0214124
1.39551
0.0212395
0.020736
0.106611
0.343602
0.0209068
0.0214243
0.0214005
0.0220961
0.0209829
0.0214669
0.421806
0.307998
0.0215185
0.489564
0.0208055
0.0207028
0.0213644
0.0214811
0.0854658
0.428714
0.029321
0.0212706
0.021332
0.0225678
0.0213748
0.0213999
0.0217628
0.467771
0.0207402
0.0210046
0.0215405
0.0276535
0.434047
0.0255728
0.0215672
0.035469
0.0210613
0.0208408
0.0233187
0.433864
0.0410625
0.507728
0.0377062
0.0206647
0.0552442
0.0206966
0.0279761
0.0585726
0.0215625
0.409708
0.0211796
0.0211537
0.0250722
0.0907503
0.641738
0.690811
0.0209976
0.505397
0.0207451
0.0219763
0.0209434
0.0323852
0.0217774
0.0376084
0.0212726
0.0214463
0.0802388
0.0214502
0.511842
0.0212596
0.41761
0.380373
0.0207827
3.22086
0.0211328
0.419988
0.314093
0.499596
0.0209764
0.0214015
0.0209333
0.0214296
0.0206903
0.527593
0.0214077
0.0212755
0.0209388
0.0210895
0.0215602
0.020798
0.0258588
0.0217066
0.0251536
0.0211083
0.0290993
0.0207876
0.0216902
0.021025
0.0208907
0.0215626
0.0213741
0.0216472
0.0213831
0.0277593
0.0212299
0.0212282
0.0211804
0.508535
0.0235961
0.021064
0.0211354
0.0213928
0.0852536
0.0319125
0.022683
0.0207424
0.474037
0.0209459
0.0208233
0.022176
0.0213857
0.0209684
0.083126
0.0224487
0.0209729
0.0212917
0.0298601
0.0208783
0.0210297
0.0212044
0.0215527
0.0211511
0.0208595
0.0208175
0.0215472
0.0237448
0.46229
0.0214539
0.020945
0.489932
0.0226172
0.0230885
0.0216832
0.0209989
0.456939
0.0317051
0.567602
0.0283796
0.819028
0.0207791
0.0222593
0.0208603
0.0215027
0.524811
0.0209782
0.0222246
0.0216422
0.0215034
0.0215355
0.0204552
0.406427
0.0270514
0.0213813
0.022926
0.5794
0.0215123
0.020862
0.024462
0.0205784
0.0260099
0.0209343
0.0210519
0.143647
0.0275831
0.0323355
0.0210854
0.0211783
0.0211098
0.020841
0.0211915
0.0207581
0.0211143
0.0207747
0.287088
0.0207311
0.243368
0.0274043
0.0213791
0.0298818
0.0212599
0.0222124
0.0212529
0.0213594
0.578082
0.0264305
0.341596
0.0217781
0.652695
0.0209808
0.022602
0.0213125
0.0224497
0.571713
0.0209913
0.421356
0.0210986
0.0210645
0.0210538
0.0214241
0.27994
0.353026
0.0305243
0.0214764
0.0207771
0.0208343
0.105301
0.0215325
0.0214474
0.0277011
0.0744219
0.0561257
0.0209528
0.021274
0.0208443
0.0212095
0.0259968
0.0208915
0.0304794
0.0211255
0.0212696
0.124617
0.0206049
0.0223915
0.0276916
0.0772604
0.0215406
0.0640471
0.0224892
0.0215107
0.021495
0.0211898
0.0222154
0.483043
0.0278099
0.522211
0.0214103
0.157205
0.0208911
0.0228556
0.0208593
0.0215939
0.413165
0.0207936
0.0225528
0.0243166
0.0230928
0.0263677
0.119169
0.0265546
0.533806
0.0211009
0.0215375
0.0221136
0.0209355
0.0210901
0.020937
0.32113
0.0672324
0.0210196
0.109766
0.0217962
0.0290878
0.380293
0.0211323
0.359495
0.233172
0.0212985
0.499372
0.232752
0.0213316
0.603726
0.0206071
0.0210718
0.0227143
0.498001
0.0212761
0.0327224
0.0206208
0.0211982
0.343799
0.0228962
0.0213319
0.0218194
0.0916503
0.0211419
0.0210891
0.0215648
0.0212163
0.0212311
0.0207721
0.214991
0.0210189
0.454819
0.0213105
0.118912
0.0216433
0.0215611
0.561617
0.0210686
0.0205906
0.0828412
0.0207271
0.0205835
0.0208973
0.0212446
0.0254215
0.0212986
0.0210255
0.512192
0.0211931
0.02654
0.0210661
0.0217977
0.0210513
0.0205766
0.0555764
0.0207164
0.0205839
0.545916
0.248648
0.0213867
0.0211499
0.380808
0.0208981
0.0209354
0.0212003
0.0227643
0.0210126
0.0207159
0.0317928
0.0215577
0.0240455
0.0213892
0.0205738
0.0206775
0.0209214
0.0208002
0.383634
0.0241096
0.032437
0.0210643
0.0206393
0.0212084
0.574549
0.123239
0.0274106
0.570315
0.26065
0.021083
0.0209503
0.0217886
0.214626
0.0209128
0.0205888
0.529325
0.0218844
0.0299344
0.0213897
0.0212803
0.0208309
0.209193
0.0213656
0.028824
0.496577
0.0208269
0.458293
0.0238441
0.0213146
0.0213301
0.0216933
0.0208336
0.111022
0.0210555
0.129981
0.0207005
0.0214503
0.0211969
0.0211382
0.0331522
0.0209537
0.0207389
0.020598
0.198869
0.0206632
0.0215784
0.0213038
0.620656
0.247151
0.0211722
0.0413316
0.0211522
0.0209656
0.0205847
0.0510882
0.032368
0.0217823
0.0212673
0.0218422
0.0252478
0.0205793
0.0575894
0.0211856
0.025652
0.0211276
0.0205772
0.0211787
0.0210847
0.0227931
1.20466
0.0228094
0.0211982
0.0218011
0.414147
0.0220041
0.0206248
0.0232249
0.0220669
0.0213096
0.020774
0.452801
0.0245867
0.028985
0.0266279
0.0260456
0.0210956
0.0212906
0.0205773
0.0212649
0.0223108
0.398063
0.0209358
0.0210506
0.0208181
0.0269401
0.152088
0.0216769
0.665905
0.0283924
0.0217604
0.519267
3.74171
0.461194
1.20846
0.0215929
0.0206319
0.0211944
0.0218145
0.020784
0.0211389
0.258395
0.0207515
0.158007
0.0212963
0.0211985
0.0208507
0.0215142
0.0284982
0.0207976
0.0206798
0.0471152
0.614353
0.0352172
0.575757
0.0215891
0.292496
0.08007
0.191742
0.0223025
0.0211119
0.581499
0.0210272
0.0237707
0.021808
0.582855
0.021404
0.0300061
0.0217731
0.0215412
0.0205796
0.0205927
0.0208264
0.215929
0.0291266
0.0210404
0.166895
0.0213455
0.0211276
0.0273701
0.335714
0.0211272
0.0412835
0.671332
0.0258846
0.0210418
0.0207624
0.0228675
0.022072
0.626638
0.0206977
0.0217176
0.0210336
0.0206889
0.0207249
0.0408062
0.0206302
0.0209238
0.0328095
0.0210235
0.0212801
0.0215088
0.023667
0.0330686
0.841725
0.0210459
0.654646
0.0213251
0.0207071
0.0218534
0.0300438
0.012538
0.0216
0.020693
0.0207501
0.0208275
0.636619
0.0249212
0.659593
0.0211877
0.0208398
0.0217946
0.0206896
0.0272298
0.0208847
0.564675
0.630487
0.0196499
0.020808
0.0346583
0.381466
0.0209121
0.633359
0.0206897
0.462401
0.0531185
0.0207924
0.0210654
0.0255896
0.0433392
0.020822
0.697421
0.0211523
0.0221855
0.0209293
0.0212049
0.0212993
0.0225845
0.0207053
0.451709
0.0205754
0.572749
0.0975806
0.643846
0.39213
0.0207036
0.0211821
0.0207114
0.0211009
0.0211947
0.021156
0.0312757
0.0377013
0.0218603
0.020989
0.0209466
0.0211413
0.0216938
0.0265273
0.368341
0.0207069
0.0212048
0.0211839
0.0260848
0.0211289
0.0209273
0.485863
0.0250834
0.0277739
0.020764
0.0250235
0.0210128
0.0573448
0.021167
0.0212761
0.284394
0.0209082
0.0220092
0.0259165
0.0214706
0.0214204
0.0207973
0.0262355
0.0208397
0.02825
0.581832
0.0211739
0.03611
0.0211124
0.0811169
0.0212061
0.0207364
0.386149
0.0209725
0.0245296
0.0239918
0.0207728
0.0228482
0.020718
0.0213066
0.342806
0.0211937
0.0212161
0.702056
0.0214823
0.0347335
0.0211979
0.0444355
0.0212848
0.122462
0.0210209
0.0242389
0.0211558
0.0241562
0.0207522
0.0211138
0.0211084
0.0217271
0.0208931
0.0236202
0.0210298
0.0237635
0.021021
0.0216167
0.0210732
0.0210344
0.0207974
0.0207945
0.0207925
0.309704
0.0246375
0.024533
0.0213508
0.0210543
0.0240195
0.0211678
0.0205834
0.0210455
0.0224545
0.0212097
0.0218104
0.0208251
0.021205
0.0242021
0.0285483
0.021023
0.0214644
0.0211013
0.0209017
0.0208817
0.0207552
0.0239874
0.561626
0.0207062
0.0211511
0.0212498
0.020704
0.0209296
0.0207795
0.0208963
1.03611
0.0209199
0.0263248
0.997793
0.0219989
0.0213021
0.0296426
0.0231312
0.639827
0.959325
0.0214884
0.0219044
0.0235076
0.0213409
0.025857
0.0212432
1.3339
0.0637965
0.0347012
0.023354
0.0357801
0.0228606
0.0211953
0.983334
0.0211843
0.111779
0.0207133
0.0319997
0.0664057
0.368588
0.0210158
0.0211356
0.0888046
0.0171214
0.0245097
0.0802446
0.0212607
0.413297
0.0213592
0.259496
0.0214491
0.021069
0.0212891
0.0211657
0.0208822
0.0246626
0.181044
0.355244
0.0212433
0.0272135
0.0212663
0.0218134
0.0258438
0.0210972
0.0223093
0.230279
0.426874
0.0210953
0.0218023
0.0216409
0.020881
0.0205912
0.0208319
0.0252621
0.0211478
0.0458796
0.742193
0.0256217
0.0211103
0.0207963
0.187912
0.0213649
0.0213824
0.0209143
0.0207915
0.0213487
0.0211558
0.0221881
0.649115
0.0213993
0.0264583
0.034312
0.0207927
0.0211034
0.0213865
0.0211004
0.0227379
0.524371
0.0235793
0.0222001
0.659758
0.02122
0.658269
0.0210138
0.0212485
0.0209507
0.021033
0.0208983
0.237337
0.0384323
0.0209246
1.16499
0.0211908
0.0267131
0.713578
0.0213743
0.0211384
0.0253436
0.0209607
0.0213057
0.168874
0.465591
0.0207841
0.021061
0.0236062
0.0249119
0.0215575
0.0208041
1.25266
0.0506744
0.0211058
0.0212038
0.211805
0.0222136
0.0206814
0.1843
0.650041
0.10204
0.0233894
0.327087
0.0239323
0.0254866
0.0242166
0.0212577
0.0246497
0.0215132
0.0209134
0.0529361
0.0208857
0.0206887
0.0213825
1.13802
0.0216632
0.0210006
0.0209005
0.0234715
0.0205911
0.0209296
0.0239363
0.179909
0.0217852
0.652531
0.069224
0.0211189
0.0302509
0.0366804
0.0211404
0.0210327
0.626843
0.0212228
0.17543
0.0209503
0.0213027
0.0740832
0.020851
0.0209476
0.0209181
0.522374
0.0209191
0.0335981
0.0209119
0.0211326
0.0205885
0.268382
0.0212195
0.0208006
0.0210979
0.0220871
0.0213313
1.04685
0.0212087
0.020832
0.0259617
0.492752
0.0210173
0.0739629
0.176746
0.0207118
0.0214002
0.0277954
0.0208567
0.0211462
0.0551815
0.0211505
0.0215224
0.0631431
0.0206394
0.0213983
0.0235008
0.0559233
0.0899522
0.0285198
0.594183
0.0591815
0.0210788
0.0218675
0.226472
0.410517
0.0216227
0.631605
0.0283993
0.0208804
0.155512
0.0210095
0.131
0.0211021
0.543379
0.524081
0.0218165
0.0211766
0.404555
0.0215154
0.0510719
0.020771
0.0208373
0.0214205
1.20588
0.0209214
0.0211044
0.0209311
0.0212361
0.021505
0.0212508
0.0210623
0.02097
0.0227425
0.0224881
0.0209952
0.275768
0.0209313
0.0246535
0.475864
0.562962
0.0221201
0.604053
0.021967
0.0214965
0.0217169
0.031526
0.08408
0.0215748
0.0226088
0.0254814
1.19543
0.021126
0.0210745
0.0217476
0.0259096
0.0206974
0.0300738
0.689006
0.0253737
0.0240219
0.021586
0.0229087
0.0207179
0.0215069
0.0281875
0.0526584
0.0213387
0.036555
0.022049
0.0212209
0.0311838
0.0211616
0.0213858
0.0214019
0.0206718
0.0207291
0.021119
0.0264598
0.0218354
0.0212805
0.0229965
0.0260185
0.0208253
0.0214417
0.0233232
0.0210654
0.0264404
0.0211869
0.0230014
0.0211354
0.0319697
0.0216228
0.0211971
0.694382
0.0301611
0.0209405
0.0275079
0.0211414
0.0212346
0.0209045
0.0206683
0.022619
0.0217424
0.0257543
0.0215565
0.308416
0.021235
0.0213006
0.0317414
0.021163
0.021057
0.257756
0.0209301
0.650858
0.0209861
0.0209616
0.0259265
0.031972
1.17908
0.0209124
0.0209293
0.0207774
0.0270766
0.0206351
0.0209716
0.22042
0.0350721
0.471685
0.542907
0.0218876
0.402357
0.0214405
0.0542999
1.23521
0.380688
0.689995
0.0274463
0.169132
0.126446
0.0214981
0.590665
0.0208268
0.0208544
0.0210438
0.0211609
0.0209309
0.0209156
0.0252475
0.25412
0.0222587
0.0310766
0.0252113
0.0209466
0.0964771
0.0211062
0.0210102
0.0211459
1.14944
0.0211096
0.547167
0.549344
1.01562
0.0216322
1.04519
0.0211952
0.0386391
0.0399312
0.0209717
0.0221499
0.0342757
0.02132
0.0207699
0.021046
0.0209062
0.0899911
0.029016
0.869158
0.0370366
0.0207408
0.727693
0.0209215
0.0214163
0.0465477
0.592003
0.0241511
0.0210365
1.33496
0.0847891
0.0284615
1.33368
0.0211897
0.0220225
0.021509
0.042881
0.021189
0.0211538
0.0208668
0.0207239
0.0211438
0.0242065
0.0210475
0.0212952
0.0252757
0.0213864
0.115061
0.0209178
0.0214296
0.307043
0.0210933
0.0211415
0.143171
1.15179
0.0212312
0.0207388
0.02939
0.0222162
0.0215226
0.0213136
0.0213112
0.0211726
0.130212
0.0207561
0.0211052
0.0207183
0.0209645
0.0213967
0.0372019
0.0410547
0.0303931
0.0206463
0.190859
0.0211008
0.0211759
0.0211213
0.0207454
0.0968243
0.0210988
0.0207232
0.0253603
0.0212961
0.0227165
0.0290246
0.0215043
0.0240923
0.0389022
0.021166
0.184867
0.0253387
0.427248
0.0269675
0.484094
0.0213139
0.0218822
0.0209763
0.0208107
0.0212958
0.800758
0.0216323
0.0212397
0.0211576
0.0236331
0.0210239
0.0210168
0.0209
0.0230061
0.0217567
0.021107
0.0340913
0.0229211
0.618451
0.0237643
0.02912
0.021015
0.0395047
0.0510173
0.0209723
0.0248703
0.259453
0.0207025
0.0223892
0.0211172
0.0211732
0.0228435
0.0264746
0.0222592
0.0839616
0.224687
0.0296526
0.0210986
0.0212348
0.0735181
0.020697
0.0272521
0.0226679
0.0216072
0.0286044
0.0232141
0.0253663
0.0210564
0.0205715
0.056741
0.0240864
0.675081
0.0560293
0.477668
0.0214471
0.0215125
0.024558
0.0209843
0.0228116
0.0210987
0.0214844
0.320811
0.0238864
0.423419
0.0459809
0.0319748
0.0213061
1.15983
0.0494399
0.882422
0.0212462
0.021899
0.0247085
0.0223526
0.25658
0.0220828
0.0210717
0.0953593
0.0632846
1.2041
0.297498
0.0211879
0.0215019
0.015756
0.0256141
0.301378
0.0213725
0.558414
0.207486
0.0213913
0.021049
0.253463
0.021356
0.021133
0.0222075
0.0210337
1.27861
0.021136
0.0208493
0.0290831
0.0225411
0.0210458
0.0213365
0.0211981
0.0211365
0.0218486
0.0364223
0.0209118
1.18513
0.0263335
0.694105
0.0223887
0.0212093
0.0238638
0.497693
0.0273299
0.0579104
0.0209811
0.0211607
0.0206712
0.0220407
0.0314288
0.02096
0.0213777
0.0213941
0.0290964
0.0217684
0.182037
0.0211805
0.0225929
0.0267091
0.0279084
0.0225839
0.0211347
0.0269338
0.021218
0.021391
0.0210801
0.0212333
0.0220964
0.493639
0.0210706
0.0210978
0.0213882
0.694288
0.0227969
0.0225841
0.0211829
0.0231132
0.0305111
0.0212001
0.0440037
0.198079
0.0209158
0.306693
0.97972
0.0214424
0.0211176
0.0210879
0.0227331
0.0222275
0.0421036
0.022073
0.0219637
1.22675
0.0208515
0.0209761
0.0213776
0.0264534
0.0265127
0.0214424
0.0286072
0.0210908
1.20415
0.0252906
0.0337775
0.479375
0.03176
0.0213643
0.0229354
0.0237513
0.0213682
0.0249702
0.0211167
0.0245264
0.021431
0.0210373
0.0207963
0.0210692
0.0209738
0.0225871
0.0331078
0.0211661
0.0211994
0.0208779
0.025259
0.0471909
0.0213874
0.021198
0.020901
1.11806
0.233437
0.0211625
0.390731
0.0213382
0.0206716
0.0206179
0.0209276
0.0214348
0.0212477
0.0210581
0.107697
0.0210461
0.0387068
0.0224032
0.020853
0.197588
0.0220909
0.0210002
0.0261311
0.17643
0.0213555
0.0209354
0.0210102
1.46547
1.30306
0.0222014
0.162791
0.0215178
0.0336023
0.15415
0.0214383
0.0554643
0.633756
0.0796606
0.0210554
0.0327783
0.0213344
0.0258154
0.0836462
0.0213171
0.0249573
0.0212932
0.0248701
0.0242506
0.557709
0.0255174
0.0208445
0.0208742
0.0206655
0.700862
0.0210727
0.0235198
0.0217068
0.0220032
0.0210768
0.0217609
0.189917
0.146217
0.0224144
0.0263311
0.639455
0.0205796
0.0210094
0.0213444
1.0578
0.0211866
0.0210858
0.0226063
0.0211118
0.021264
0.0220281
0.02284
0.0207879
0.0217155
0.0213738
0.0206552
0.021069
0.138741
0.0208399
0.0207556
0.022809
0.0218455
0.0216202
0.0379587
0.0218786
0.0241958
0.0220187
0.0231549
0.0209084
0.02128
0.471158
0.0215189
0.703011
0.0228861
0.0211799
0.0232019
1.20982
0.0209946
0.0211731
0.0211375
0.0211134
0.67514
0.398225
0.0211635
0.0210222
0.0590086
0.0210981
0.0213042
0.05082
0.0473628
0.0211183
0.0240606
0.0214197
0.0215846
1.46428
0.0259836
0.0211398
0.968092
0.0619437
0.0210737
0.408155
0.0210652
0.701378
0.0206753
0.0388485
0.0210976
0.936504
0.0227372
0.021162
0.0234841
0.0252546
0.0214007
0.0236347
0.0246609
0.0210759
0.0222707
0.0211815
0.0440309
0.0232318
0.020668
0.0228348
0.0213477
0.0211637
0.0391428
0.0260439
0.0241645
0.0209474
0.0211473
0.0210055
0.0212652
0.0209337
0.021037
0.021246
0.0210043
0.438099
0.0354663
0.0214144
0.0206694
0.322024
1.04069
0.034668
0.0210746
0.0210913
0.0237025
0.0210976
0.0270125
0.0253659
0.0213731
0.0219954
0.0211801
0.0220044
0.0218666
0.475959
0.0221708
0.115388
0.0266652
0.0209674
0.0209194
0.02065
0.401127
0.0211009
0.0211542
0.0206584
0.534434
0.336521
0.0225364
0.0211619
0.021442
0.416751
0.0210815
0.420956
0.0209011
0.0210134
0.0229887
0.0210863
0.0212971
0.176426
0.463849
0.0251499
0.0212861
1.08591
0.0210843
0.0214819
0.0213481
0.36633
0.0210861
0.021146
0.0212742
0.0214461
0.0667685
0.162977
0.0277921
0.0447026
0.0211636
0.0207625
0.0362255
0.0210907
0.0210558
0.0365373
0.0207788
0.0223231
0.0210348
0.0212804
0.275384
0.663166
0.0167453
0.0210285
0.232237
1.25123
0.0220427
1.49323
0.0217103
0.0210469
0.0211407
0.0210811
0.021063
0.0216874
0.0218205
0.0213822
0.0238613
0.0210689
0.0210786
0.0225147
0.021042
0.0434988
0.0208899
0.0207669
0.021166
0.0213751
0.284634
0.0215157
0.0213122
0.0411736
0.0258228
0.021061
0.0384833
1.23747
0.0241752
0.0231662
0.924616
0.0212306
0.0210518
0.0339888
0.0211821
0.692361
0.0348396
0.0214364
0.021354
0.0208555
0.0207879
0.0210356
0.326493
0.0215278
0.0227643
0.0232731
0.0222143
0.0213632
0.0207222
0.0220284
0.0465616
0.0208648
0.0212219
0.0214024
0.0225053
0.0219584
1.15273
0.0206298
0.670009
1.01808
0.448959
0.0212767
0.0214366
0.0471687
1.28267
0.0221717
0.0213936
0.0212025
0.0210672
0.0206511
0.0207235
0.020738
0.0215461
0.0327661
0.0208959
0.0206371
0.0211094
0.0282426
0.0215508
0.0209828
0.0256401
0.0212002
0.0716815
0.026547
0.0213162
0.68632
1.01836
0.021595
0.0211569
0.021097
0.0210722
0.0494365
0.0280983
0.0213224
0.0213595
0.0253538
0.0212029
1.3331
0.0212283
0.0280107
0.0212564
0.0207136
0.0427485
0.0851505
0.02155
0.0272395
0.021352
0.021232
0.021586
0.168694
0.0210674
0.0206114
0.0273048
0.0429076
0.0279043
0.0212593
0.0318266
0.0400056
0.0825109
0.0209958
0.0211837
0.0209552
0.0207498
0.0233472
0.0209134
0.025375
0.0451717
0.0224079
0.047942
0.0287492
0.0211979
0.0213559
0.0711108
1.0353
0.132169
0.0869276
0.0207659
0.0436664
0.0213665
0.0209693
0.0221924
0.0224898
0.0215695
1.23165
0.641939
1.02133
0.941183
0.021258
0.057784
0.0206602
0.0209011
0.0223118
0.0247291
0.0218039
0.025316
0.025107
0.0255621
0.0564447
0.861739
0.0210433
0.0213619
0.0214687
0.966032
0.0208567
0.220177
0.0219063
0.0211791
0.0221917
0.0210125
0.0218378
0.0213687
0.0300468
0.394908
0.0213026
0.0206822
0.147986
0.106174
0.0254578
0.232789
0.896828
0.0512628
0.347302
0.710102
0.021878
0.021065
0.163762
0.0211282
0.0213329
0.0209788
0.0208649
0.985594
0.0288427
0.0274052
0.057185
0.0237457
0.0672134
0.0212048
0.0817534
0.78315
0.0213869
0.0471413
0.538696
0.0488875
0.0213604
0.0234408
0.0223317
0.0207411
0.0210869
1.2231
0.023846
0.0210549
0.0319414
0.028405
0.0221542
0.0774564
0.0248361
0.0224175
0.614044
0.0206357
1.52648
0.0214325
0.0656838
0.0509849
0.0234148
0.0216295
0.0213748
0.0251685
0.0211709
1.44917
0.0275973
0.0351291
0.0206805
0.0667369
1.20555
0.232173
0.0206154
0.0257595
0.0281381
0.0207627
0.0209349
0.0247708
0.469151
0.0210211
0.476641
0.0224561
0.0212749
0.0212415
0.0223261
0.0319492
0.583336
0.0995662
0.0284647
0.0215351
0.0214639
0.184842
0.0211704
0.0210494
0.598078
0.0464426
0.0224819
0.020877
0.0211781
0.0219966
0.249462
0.0303089
0.0214158
0.0542315
0.0208627
0.0330139
0.0213526
0.02098
0.468594
0.149976
0.0297892
0.0221218
0.134968
0.031885
0.0231296
0.0213787
0.080457
0.0235895
0.0220854
0.0218417
0.0312053
0.106874
0.123998
0.0213747
0.0927474
0.029939
0.0271854
0.0208976
0.0819241
0.0307509
0.0209998
0.134529
0.0213994
0.0213609
0.200354
0.0210157
0.0426144
0.0207838
0.0321549
0.0508933
0.0209951
0.144218
0.0437111
0.0210107
0.604857
0.0208837
0.0208957
1.06366
1.23919
0.0382685
0.69627
0.0325621
0.174965
0.0213589
0.151525
0.025361
0.0208201
0.0310402
0.430038
0.021099
0.0213428
0.0208468
0.021362
0.0214925
0.0206875
0.218655
0.0226887
1.48445
0.0214363
0.367888
0.0213718
1.33996
0.0208298
0.0211862
0.0213569
0.021379
0.892957
2.10858
0.0211457
0.0215672
0.867306
0.0752666
0.0227398
0.0211875
0.0205732
0.0218786
0.512624
0.526248
0.0269973
0.0211006
0.0209021
0.0219074
0.0219047
0.0213646
0.0221572
0.0217454
0.0238198
0.0568959
0.0218406
0.0211511
0.0369853
0.126386
0.0215087
0.0248938
0.0208
0.0244674
0.021367
0.0218008
0.0214269
0.0247814
0.0213667
0.021752
0.0330755
0.0210209
0.0213693
0.0219972
0.0220093
1.21798
0.0381511
0.0525583
0.0209966
0.0213735
0.0210727
0.0674719
0.29242
0.0583627
0.0220155
0.0227438
0.67218
0.371045
0.0207319
0.119484
0.0556587
0.0217161
0.0804719
0.0213309
0.0900216
0.0211779
0.0212281
0.118702
0.072858
0.0213566
0.0562243
1.23455
0.0207319
0.138679
0.0213466
0.125761
0.280321
0.287786
0.0856724
1.23875
0.0211667
0.02631
0.0220688
0.0213515
0.0207642
0.0617454
0.100219
0.0215235
0.0212532
0.0213444
0.0234315
0.0580707
0.0213652
0.0219238
0.103399
0.0750229
0.0543896
0.0217223
0.0207751
0.020887
0.0251296
0.0224461
0.0314973
0.0225873
0.11952
0.0367437
0.0247635
0.235313
1.56056
0.0412714
0.0210997
0.0286652
0.0313361
0.0215107
1.49496
0.0209309
0.0208108
0.339632
0.0211522
0.0341911
0.0211443
0.0207105
0.291734
0.0335532
0.0514797
0.111112
0.0937697
0.111179
0.0450705
0.710852
0.0515885
0.12398
0.021101
0.225176
0.527241
0.0626086
0.0221257
0.0231002
0.0210874
0.0210857
0.0250692
0.0213664
0.0244017
0.041704
0.130029
0.0311566
0.023158
0.0217145
0.0679972
0.0307514
0.0518647
0.0209763
0.0213556
1.18591
0.0214025
1.43315
0.0206233
0.0206443
0.0221579
0.18585
0.021652
0.0208359
0.0329681
0.0216166
0.0621366
0.0212179
0.0456047
0.0210859
0.0206188
0.121715
0.0218842
0.0212114
0.0215434
0.074139
0.0232259
0.022186
0.0213696
0.021769
0.283974
0.116522
0.0207355
0.453636
0.028811
0.022748
0.0563461
0.0279294
0.0212509
0.0323725
0.0258956
0.579621
0.022754
0.0221425
0.020692
0.0677435
0.0207782
1.04783
0.0208641
0.624276
0.0211113
0.0277008
0.0208882
0.0238378
0.0208384
0.19661
0.0224804
0.021033
0.0229103
0.0212408
0.0213724
0.415059
0.0213856
0.0296134
0.0277203
0.0209268
0.0205788
0.0212855
0.0284574
0.0981651
0.0210152
0.0233823
0.0209588
0.0433555
0.0218753
0.0382201
0.0208284
0.0215414
0.047381
0.0309688
0.0320482
1.2906
0.0307436
0.0236306
0.0208614
0.0242813
0.0220908
0.0212404
0.0212694
0.0286232
0.0227089
0.0847506
0.0307138
0.0212029
0.0294935
0.0247289
0.0213339
0.0208743
0.0210087
0.113508
0.0207144
0.0214347
0.0226136
0.0225801
0.0209374
0.0231532
0.021195
0.0213198
0.0212996
0.16718
0.101384
0.0210865
0.0749049
0.983527
0.0351932
1.236
0.0214804
0.0223937
0.0215864
0.0216813
0.0209583
0.0220123
0.0287554
0.0205713
0.13419
1.0016
0.0211697
0.0212133
0.150865
0.0206153
0.0212849
0.193553
0.0211475
0.0372174
0.317914
0.14475
0.0232746
0.0211958
0.0211243
0.636109
0.0218759
0.0206985
0.0209694
0.0219102
0.0233329
0.0223007
0.0217638
0.0209633
0.0295023
0.246313
0.136813
0.0213601
0.0210112
0.0218974
0.020967
0.0210764
0.912137
0.125741
0.0390888
0.656318
0.0220569
0.0209096
0.0207564
0.02167
0.0211129
0.02994
0.0223198
0.0263343
0.0210864
0.629308
0.020888
0.0224582
0.0211994
0.0208798
0.022601
0.0206025
0.0224186
0.0217829
0.0630677
0.0219574
0.0380776
0.0833382
0.0258917
0.0595295
0.0359572
0.140574
0.0279108
0.0318554
0.0212405
0.0485672
0.021409
0.021292
0.0206438
0.0219062
0.0214329
0.020764
0.416181
0.0207415
0.021941
0.0207465
1.01004
0.021301
0.0271678
0.0213313
0.0279405
0.0215183
0.0379031
0.0235486
0.024222
0.0234515
0.0234188
0.0210481
0.0210757
3.17016
0.0212091
0.02788
0.021399
0.117751
0.0207252
0.201841
0.0546633
0.0742935
0.0207472
0.0215363
0.0210322
1.51795
0.465844
0.0213949
0.0248504
0.020821
0.0210946
0.0216818
0.0212146
0.0211228
0.0217574
0.526793
0.0268549
0.135131
0.118926
0.127825
0.0211368
0.0211512
0.0266415
0.0207595
0.0216597
0.0215346
0.461768
0.110361
0.0211179
0.0243867
0.0210547
0.196588
0.022046
0.884433
0.0211034
0.0224467
1.47551
0.0210694
0.0207598
1.15275
0.0213067
0.0207393
0.164276
0.021332
0.053917
0.161536
1.21222
0.0225806
0.551916
1.00437
0.0296549
0.0208231
0.0216887
0.023677
0.0213731
0.0234774
0.0220122
0.133858
0.0206032
0.0352494
0.0211346
0.0213124
0.0219335
0.0265706
0.0208875
0.166664
0.0244294
0.880029
0.0218494
0.0209989
0.0214704
0.0218101
0.0214088
0.021319
0.6966
0.0205738
0.259475
0.0271571
0.0218208
0.0213732
0.0215732
0.0212705
0.0506601
0.0206581
0.0207574
0.027823
0.0211138
0.0252953
0.149085
0.349612
0.0512102
0.0213069
0.0206428
0.0213472
0.0215547
0.832218
0.0214144
0.021734
0.0213676
0.0246817
0.0219699
0.024975
0.0208255
0.137116
0.0213825
0.0548461
0.0211294
0.0211327
0.0229231
0.0208448
0.0209619
0.0241132
0.0490237
0.0209237
0.0310472
0.114276
0.173636
0.0205964
0.0213661
0.0212203
0.0238312
0.0212172
0.022716
0.029961
0.0482545
0.0325802
0.0252859
0.0873822
0.0263655
0.0209228
0.559015
0.0210296
1.19228
0.020759
0.0208872
0.0225201
0.0208872
0.0208095
0.0213821
0.0206066
0.0245463
0.0214227
0.020616
0.516331
0.478088
0.0365518
0.02131
0.0241698
0.0213869
0.0229941
0.686361
0.547813
0.0216067
0.0978421
0.0213655
0.0210227
0.0209195
0.0211375
0.0207131
0.0213776
0.0267816
0.0210356
0.0222174
0.0218195
0.0208421
0.104131
0.0215105
0.102824
0.0244453
0.0217325
0.0966719
0.0213126
0.479345
0.0213803
0.0275914
1.38371
0.0211731
0.0217837
0.0213397
0.020639
0.0220458
0.0908574
0.139572
0.0229844
0.123242
0.0213232
0.481148
0.0212063
0.0664178
0.34113
0.0206318
0.149587
0.0326367
0.0213647
0.0206948
0.0226129
0.0285794
0.101035
0.0295087
0.0379447
0.0215594
0.0235864
0.021105
0.0223213
0.0213729
0.0310273
0.0209424
0.0210261
0.0209725
0.0313802
0.0209465
0.0207417
0.286193
0.0215684
0.0224751
0.021747
0.0207577
0.021119
0.0213708
0.0213886
0.0325095
0.0248669
0.0213673
0.0214311
0.0210488
0.0233947
0.0211768
0.0216922
0.585228
0.0234095
0.0226692
0.0211918
0.653022
0.114065
0.0208775
0.0211847
0.0623382
0.0219968
0.197488
0.0208454
0.0677052
0.0213963
0.021294
0.0215276
0.0214276
0.0218371
0.0239362
0.0307062
0.220659
0.501791
0.161194
1.12142
0.27343
0.025359
0.122548
0.0206949
0.207714
0.0218891
0.0214345
0.0235808
0.0213343
0.0213145
0.0211872
0.0217916
0.020795
0.0245797
0.0213325
0.0226214
0.0213388
0.0222578
0.0210684
0.0735152
0.0210224
0.0207815
0.0209798
0.0297783
0.0228449
0.0218018
0.021422
0.0325132
0.0213105
0.0783595
0.0329211
0.0206283
0.0253562
0.0210471
0.0211521
0.0261923
0.0217893
0.0207546
0.021276
0.0288143
0.0211925
0.0212843
0.0217887
0.0210022
0.0217319
0.697946
0.0209379
0.208729
0.021202
0.0208084
0.0209679
0.0206786
0.0208663
0.0218248
0.0208818
0.149602
0.0205857
0.0212199
0.0240291
0.0219567
0.103695
0.0208035
0.0205775
0.126402
0.550556
0.329376
0.0210673
0.0217583
0.0214507
0.0212686
3.70526
0.0207991
0.033649
0.0294843
0.0283424
0.0253953
0.023655
0.0257154
0.535998
0.0237419
0.1172
0.0208667
0.703698
0.0212801
0.163203
0.0210579
0.0217394
0.113414
1.16678
0.0231504
0.0206322
0.0214027
0.0637347
0.020731
0.0420554
0.0211741
0.136748
1.23738
0.0870691
0.0483404
0.0224544
0.0208581
0.0212965
0.0214853
0.05927
0.0208856
0.0484993
0.0427576
0.0887494
1.34534
0.0222213
0.0211422
0.0214384
0.0537714
0.531283
0.0221042
0.0227476
0.0313365
0.0216202
0.0208439
0.0234579
0.0209975
0.0206292
0.177226
0.0225986
0.0206367
0.0731643
0.0212648
0.0207596
0.0425415
0.0289401
0.0275239
0.0906681
0.0492325
0.808252
0.697274
0.0213069
0.0209579
0.205384
0.0207912
0.0209684
0.0214462
0.020958
0.0207675
0.0224739
0.0218351
0.0454133
0.0356061
0.0247995
0.0216855
0.021162
0.0481723
1.16642
0.0210361
0.0208978
0.0270561
0.0210104
0.0317579
0.0699226
0.0211408
0.0290247
0.0246323
0.0213716
0.0211175
0.0792575
0.021315
0.028981
0.0212665
0.0212577
0.0276787
0.0214905
0.0222589
0.0222344
0.0214178
0.021305
0.0213887
0.0688284
0.0219759
0.0210673
0.0212014
0.0211851
0.0210076
0.0213101
0.0320247
0.0209568
0.0276062
0.219582
0.0857315
0.294094
0.0300008
0.0446975
0.0208466
0.0256481
0.639265
0.0519606
0.0214013
0.180154
0.0209147
0.0224618
0.0217352
0.631086
0.0212683
0.0215295
0.0211654
0.0216712
0.0300181
0.0212283
0.0862672
0.0210256
0.0213472
0.0207738
0.0213505
0.0213605
0.0212747
0.0226334
0.188801
0.0211269
0.0212844
0.029738
0.0217037
0.0380724
0.0207022
0.0212961
0.139122
0.0253353
0.0212946
0.0223954
0.0213178
0.0727376
0.0823166
0.0214054
0.0235228
0.0230747
0.0211844
0.0211756
0.0239135
0.0239618
0.127453
0.175875
0.0206036
0.02871
0.0218395
0.0229973
0.126966
0.0206934
0.136852
0.0334996
0.0217021
0.0222487
0.0209134
0.0210564
0.0211994
0.107851
0.0210269
0.150855
0.021278
0.0208462
0.0235578
0.0210643
0.0210261
0.0208786
0.0285205
0.198016
0.193291
0.0227679
0.0206218
0.0246231
0.0212736
0.503419
0.0215244
0.0216133
0.0211481
0.0216029
0.0207756
1.15885
0.0209382
0.0260955
1.41182
0.0207134
0.0212581
0.0212769
0.0227803
0.0252791
0.0214786
0.0271147
0.021392
0.0206478
0.0217427
0.0393081
0.0333914
0.0209589
0.021271
0.0221011
1.18797
0.0207545
0.381171
0.087401
0.274752
0.020942
0.0206292
0.0212711
0.435762
0.021382
0.0257713
0.0223235
0.0246199
0.0714567
0.0208995
0.020885
0.0227052
0.0958412
1.2512
0.0211725
0.240209
1.27993
0.0242754
0.0211588
0.0290227
0.0206329
0.0211742
0.0265191
0.0218075
0.021274
0.0592571
0.021379
0.0353438
0.0258516
0.0213221
0.0265249
0.630427
0.0466304
0.021872
0.0235822
0.020734
0.222447
0.0223011
0.529495
0.703612
0.0213643
0.021492
0.0225237
0.0593053
0.0382667
0.0220813
0.0221299
0.021039
0.617898
0.168815
0.0218226
0.0212782
0.0668035
0.129956
0.247681
0.0211503
0.567683
0.0429206
0.0221538
0.392769
0.0274977
0.12068
0.0208851
0.195029
0.021297
0.021188
0.0210599
0.0214394
0.147067
0.0214645
0.0691751
0.628221
0.0207279
0.0208635
0.028541
0.0220545
0.0211212
0.0206346
0.0212493
0.0220861
0.0936348
0.020677
0.0340934
0.0212112
0.0214193
0.0209121
0.0333534
0.0239419
0.0221504
0.0211064
0.0210314
0.0208442
0.945937
0.0213229
0.0210397
0.0403237
0.0209354
0.560393
0.0209322
0.021159
0.0213145
0.0211118
0.0245113
0.0210608
0.0240377
0.0247043
0.0213619
0.0308967
0.0228388
0.0228142
0.0215377
0.0479196
0.0298126
0.0254807
0.0687677
0.0213422
0.295112
0.0234403
0.02142
0.0237706
0.0287978
0.0708685
0.0317687
0.0211346
0.0381503
0.0921972
0.030194
0.909243
0.0211288
0.0209849
0.0212614
0.0226101
0.0213343
0.0206552
0.0290743
0.0821294
0.0222032
0.021276
0.0222741
0.0214558
0.0226488
0.0219058
0.13112
0.0213526
0.0234127
0.0206775
0.0209996
0.0785255
0.360211
0.552979
0.0211527
0.0211967
0.0208716
0.0211306
0.0212852
0.703909
0.0286041
0.0206886
0.0211009
0.0208452
0.0395928
0.0232658
0.0250553
0.023616
0.021345
0.0218441
0.0556891
0.198774
0.0880312
0.0212743
0.511567
0.0211703
0.0208465
0.0350738
0.0215649
0.0210988
0.0215482
0.631574
0.0211581
0.0264927
1.35051
0.0268821
1.31221
0.0281112
0.0212369
0.46292
0.0207136
0.056525
0.0323182
0.075909
0.0221458
0.0222072
0.0280627
0.020657
0.0165474
0.021021
0.0223556
0.0226979
0.60157
0.0247489
0.549716
0.0250827
0.569481
0.0507519
0.0479796
1.60446
0.690113
0.0208528
0.0225372
0.0206817
0.0212609
1.028
0.0216107
0.0227581
0.0369579
0.0215407
0.0713852
0.0211005
0.0209904
0.0218051
0.0273215
0.0224314
0.0232808
0.0328164
0.0210137
0.0208912
0.0635957
0.0264324
0.0210162
0.0211219
0.0208534
0.0213474
0.487686
0.0316429
0.0213284
0.0223231
0.0222666
0.0211883
0.026097
0.0212052
0.0239144
0.0226034
0.792899
0.0209403
0.0209912
0.021235
0.402946
0.0517608
0.0207054
0.0309741
0.25525
0.0240464
0.0210604
0.0215084
0.0212943
0.0336913
0.0302106
0.0243488
0.031176
0.0254725
0.0212759
0.0207561
0.869764
0.0212661
0.0408806
1.13042
0.0212151
0.0250206
0.0215484
0.0210248
0.047832
0.021314
0.0252601
0.0220515
0.254424
0.0749761
0.0232551
0.0216674
0.0213138
1.53437
0.145461
0.0321698
0.0216812
0.640584
0.0212098
0.0296636
0.0237007
0.020898
0.0792903
0.0207897
0.55563
0.579267
0.0235417
0.0272566
0.0256271
0.0215896
0.0209212
0.529163
1.47037
0.0278645
0.0216269
0.0215829
0.156701
0.615847
0.021257
0.637271
0.835817
0.021119
0.0216132
0.0211591
0.0224223
0.022798
0.314991
0.131951
0.0222182
0.0242818
0.021788
0.0210055
0.0212006
0.0731147
0.0227785
0.0208149
0.0216261
0.0207439
0.0216663
0.0216024
0.0217205
0.0245762
0.022861
0.0213955
0.0241108
0.0208618
0.0211282
0.19239
0.0216154
0.0312056
0.0208973
0.0212277
0.0210851
0.027348
0.0225652
0.033146
0.559179
1.28133
0.0213995
0.0233597
0.605525
0.0249723
0.0211672
0.0216255
0.0216923
0.0253671
0.0221135
0.0214768
0.0212453
0.0225733
0.0212847
0.0213327
0.0212833
0.0357226
0.0253974
0.0217517
0.161002
0.030356
0.0242825
0.0211557
0.021229
0.0211408
0.0206538
0.0671831
0.0824992
0.0417462
0.0239559
0.0213524
0.0214095
0.0212293
0.021225
0.0209817
0.642997
0.0215307
1.11921
0.0259683
0.0240698
0.0573454
0.0398761
0.701646
0.0217097
0.0592821
0.54987
0.0211858
0.0405384
0.039319
0.0208698
0.0513522
0.416649
0.0212044
0.0209486
0.0240858
0.0223774
0.0257631
0.0212382
0.021265
0.0254106
0.335074
1.14575
0.0211472
0.021275
0.0241594
0.0214747
0.286785
1.16519
0.44228
0.0213395
0.0211987
0.0238225
0.0208615
0.0265126
0.0212488
0.0206851
0.0363218
0.985003
0.0212798
0.0213023
0.52077
0.563953
0.0214993
0.0234551
0.699975
0.249232
0.0211661
0.0233955
0.137012
0.0772988
0.0225313
1.10973
0.0221741
0.020836
0.0277147
0.0207811
0.992326
0.200015
0.0250754
0.579932
0.0207522
0.0216089
0.0212481
0.021437
0.287202
0.0902266
0.0345471
0.0212697
0.0209819
0.149833
1.30448
0.0213595
0.024796
0.0214253
0.0213745
0.0212543
0.0362993
0.0827086
0.0211405
0.0214449
0.020749
1.0745
0.0213188
0.0223291
0.03217
0.0249326
0.0213552
0.0208961
0.0216893
0.0213538
0.026813
0.153988
0.0212143
0.0427705
0.02069
0.0811074
0.0226859
0.0211354
0.0709813
1.3457
0.0215065
0.0216287
0.022316
0.0338674
0.0212269
0.0215199
0.0218652
0.0206827
0.02148
0.021427
0.0216925
0.0209051
0.021217
0.0211253
0.0214118
0.570439
0.0214588
0.0267153
0.0213406
0.0422869
0.0211742
0.0212061
0.0212673
0.0212981
0.7811
0.51045
0.021654
0.644361
0.021966
0.19679
0.0424947
0.0226368
0.14235
0.123612
0.021515
0.0213119
0.0213517
0.0247645
0.0260179
0.534097
0.0213727
0.0213373
0.0212752
1.27825
0.0215839
0.0998118
0.0222674
0.0227829
0.0376519
0.0214133
0.021175
0.0221996
0.0208607
0.0245937
0.54684
0.0279217
0.020979
0.021364
0.075218
0.02886
0.61318
0.021312
0.0214191
0.597188
0.0207309
0.0209849
0.106763
0.0210602
0.0267009
0.0213463
0.0211482
1.39613
0.0208072
0.0209727
0.023502
0.0211996
0.024499
0.0408464
0.0213185
0.0781919
0.0211329
0.0208744
0.0255384
0.0226156
0.0243159
0.0208954
0.55252
0.0214145
0.085487
0.0309598
0.0717759
0.189006
0.0213669
3.75019
0.021837
0.0212448
0.0239382
0.599184
0.0214834
0.0237512
0.0234158
0.0716914
0.0216911
0.0214915
0.0230503
0.0239572
0.0221098
0.0222832
0.0546572
0.0396834
0.025555
0.0226453
0.0220942
0.0212825
0.160259
0.0213283
0.182791
0.0211572
0.0574723
0.024395
0.0209915
0.021866
0.0805999
0.0214635
0.022608
0.0223872
0.187117
0.284371
0.0217819
0.174113
0.020862
0.500687
0.0211564
0.02297
0.0211982
0.0743107
0.0215976
0.0267739
0.023363
0.0209773
0.0215345
0.0215788
0.0211649
1.36297
0.0210266
0.0211536
0.0211498
0.285218
0.0306591
0.0211221
0.0210514
0.515071
0.0209876
0.0217797
0.0294501
0.0275487
0.576491
0.0212755
0.0221581
0.0212002
0.0213566
0.0214036
0.0224654
0.0227634
0.0292419
0.0493698
0.0227442
0.0213325
0.0605423
0.0221848
0.0207325
0.0240679
0.0485091
0.0211568
0.448291
0.0228394
0.0797537
0.0212772
0.0220531
0.0210422
0.0214865
0.0214669
0.0212969
0.041488
0.0207451
0.0212099
0.0217909
0.0210232
0.0213302
0.0213921
0.0279496
0.0281878
0.0227623
0.0213697
0.139977
0.0218509
0.0213354
0.0795424
0.0221108
0.021232
0.0299404
0.0215386
0.53093
0.0209819
0.021283
0.070301
0.0219371
0.021233
0.0243908
0.0216497
0.0209117
0.02123
0.505633
0.0211698
0.0215869
0.0206971
0.492965
0.022809
0.0211599
0.0208876
0.0303697
0.024932
0.0206855
0.0209997
0.0211874
0.0214808
0.0207434
0.773003
0.0212232
0.0213761
0.0351625
0.274998
0.0208294
0.0223421
0.0219785
0.0214522
0.168481
0.182117
0.0207377
0.0220068
0.0212851
0.0214696
0.52364
0.0226964
0.0208975
0.0214462
0.0359565
0.0215224
0.0219326
0.528432
0.0209614
0.0221207
0.0212676
0.0211328
0.0213516
0.0209144
0.0223223
0.0976912
0.0206923
0.496383
0.0212722
0.0239131
0.0215006
0.021278
0.0240085
0.133198
0.0230163
0.0236553
0.0209666
0.0215023
1.02134
0.0695763
0.0292225
0.0220444
0.179152
0.427265
0.0216932
0.430848
0.0208636
0.11666
0.0235952
0.0238122
0.021968
0.0208629
0.0241842
0.0207351
0.0264808
0.0365793
0.601464
0.0218741
0.324239
0.0212552
0.439239
0.0238081
0.0209554
0.382255
1.56863
0.514833
0.0471771
0.0319754
0.021246
0.925184
0.0213965
0.0216298
0.0212937
0.0220717
0.0213255
0.0363995
0.0212922
0.0220625
0.0212017
0.0215849
0.864588
0.0217239
0.0224266
0.610088
0.0212113
0.0781398
0.750275
0.0215757
0.0224568
0.0385781
0.0243563
0.0245956
0.0850439
0.0217277
0.022535
1.48182
0.0254066
0.0230495
0.218322
0.0210737
0.166819
0.0218308
0.0938292
0.432638
0.0211709
0.522259
0.0213353
0.0219758
0.0214439
0.0207398
0.0264769
0.0211567
0.0218288
0.0211734
0.0210021
0.0211284
0.574256
0.691002
0.0225859
0.0213175
0.0211325
0.0213046
0.0209761
0.0606679
0.0212851
0.2134
0.0217754
0.0217449
0.0213172
0.0220469
0.0946747
0.0255377
0.0220323
0.0213297
0.021613
0.0281358
0.0474744
0.020757
0.0223483
0.0222597
0.0219285
0.0212402
0.546182
0.0351013
0.59158
0.021472
1.20972
0.0209741
0.0217516
0.556205
0.0222811
0.068592
0.62264
1.17901
0.0219665
0.0457489
0.02146
0.0213768
0.0211905
0.0215498
0.0212715
0.022029
0.0214999
1.46688
2.99191
0.542103
0.0223487
0.0214962
0.0219824
0.0229626
0.0214766
0.022296
0.0210992
0.0224617
0.0228005
0.0210011
0.589163
0.0214141
0.034115
0.0216733
0.0209414
0.0222351
0.021066
1.11334
0.249911
0.0218288
0.542272
0.0212804
0.607387
0.0220267
0.0230653
0.0215271
0.0212635
0.0260082
0.0217879
0.0525931
0.0216147
0.0212602
0.46508
0.0213187
0.0232089
0.139446
0.774865
0.0225382
0.0418857
0.0212911
0.0913096
0.0645706
0.0213458
0.04005
0.0213309
0.0216457
0.245767
0.0212111
0.105556
0.0232121
0.0390409
0.0214162
0.0392345
0.0208236
0.0216378
0.521416
0.022144
0.547816
0.0268553
0.0369126
0.0209657
0.537673
0.0374908
0.0210369
0.0218852
0.021534
0.0211936
0.0213725
0.0210459
0.12646
0.020884
0.020907
0.15265
0.0216224
0.0208586
0.890439
0.0212105
0.022442
0.0208737
0.0218897
0.346501
0.0238789
0.0256652
0.183844
0.55985
0.0210669
0.0216969
0.0209084
0.0356177
0.0224796
0.557233
0.0219021
0.0267989
0.0217916
0.204637
0.0262933
0.021264
0.0209223
0.0238198
0.0470845
0.0215712
0.0225367
0.0220827
0.0247475
0.116687
0.0384876
0.0241369
0.0404297
0.0209027
0.0213877
0.0215799
0.0213313
0.0210836
0.0230683
0.0231585
0.627418
1.33335
0.0215742
0.0214213
0.0209463
0.0214941
0.021271
0.0221237
0.628614
0.0269637
0.0330837
0.466779
0.0425271
0.0233233
0.540515
0.0216658
0.0222459
0.0223312
0.0225922
0.342451
0.0226248
1.16843
0.032589
0.0236667
0.585386
0.0591643
0.0224326
0.219191
0.0214731
0.021325
0.0213362
0.633156
0.021378
0.0216666
0.0216742
0.0223132
0.0214773
0.069084
0.0213375
0.0218522
0.030514
0.0855437
0.0222546
0.110023
0.0219882
0.280707
0.0213376
0.0215305
0.175854
0.021997
0.0210626
0.0659184
0.0230748
0.0375499
0.0218565
0.0216314
0.124794
0.791066
0.0213366
0.0653883
0.020826
0.022121
0.0253127
0.0696415
0.623262
0.0216747
0.0215498
0.0233004
0.423601
0.021333
0.0223225
0.020986
0.0409328
0.0211895
0.0212536
0.0217856
0.420569
0.0213353
0.02127
0.0210004
0.0213381
0.0212522
0.0700042
0.0219271
0.0209138
0.0210073
0.0545524
0.29282
0.0213356
0.0606379
0.0215316
0.0213163
0.0212247
0.0212443
0.0227912
0.0221725
0.0215857
0.0522607
1.16686
0.0211639
0.490228
0.0208356
0.0952659
0.024724
0.0218419
0.169164
0.0215979
0.0215112
0.021881
0.0212211
0.039832
0.198215
0.0222465
0.382923
0.874275
0.100664
0.0213101
0.0216497
0.024337
0.0855249
0.253123
0.022109
0.0242621
0.0209805
0.021445
0.639155
0.0318716
0.0209243
0.0219295
0.0218865
0.0221878
0.0358454
3.60548
0.0220108
0.0213474
0.0209233
0.0212987
0.225526
0.0667546
0.0211557
0.0418092
1.51061
0.0211523
0.021784
0.0237043
0.021434
0.0209349
0.0213288
0.0543127
0.0774678
0.0228229
0.0213398
0.0218749
0.245046
0.0223909
0.0220964
0.574496
0.788182
0.192138
0.0217841
0.021416
0.629686
0.0214966
0.0208009
0.02134
0.251799
0.0218879
0.0222266
0.0213319
0.0214222
0.537412
0.0213427
0.0225162
0.0213073
0.0222774
0.916031
0.0234894
0.200774
0.51425
0.0212903
0.07631
0.0275209
0.0347105
0.0231789
0.0222308
0.021785
0.0211971
0.0212619
0.636884
0.0676414
0.540705
0.025437
0.0214196
0.0223638
0.021314
0.17148
0.182687
0.0216795
0.538717
0.555648
0.538581
0.0974789
0.0219415
0.0219002
0.0238286
0.0865425
0.0603016
0.953928
0.071182
0.0213205
0.0706807
0.631279
0.020987
0.0211283
0.0209946
0.021342
0.0330372
0.561858
0.0210174
0.02144
0.278804
0.0216204
0.0436937
0.0218598
0.0209959
0.0211765
0.0209311
0.510343
0.0207958
0.0222679
0.205488
0.0212984
0.581862
0.0212781
0.0216314
0.021494
0.160258
0.0226273
0.0225782
0.640496
0.0209273
0.0211953
0.429473
0.0209944
0.188322
0.0237211
0.0214795
0.0209196
0.0914985
1.54742
0.0226228
0.0241227
0.162142
0.021642
0.0218835
1.17103
0.419115
0.187039
0.0221872
0.603864
0.0367325
0.0226658
0.0400768
0.0213559
0.0240123
0.0208538
0.548572
0.0488364
0.234203
0.638895
0.0230757
0.0999037
0.431064
0.0238746
0.0210336
0.0396636
0.0228163
0.0211571
0.0209515
0.165796
1.2095
0.0211601
0.0221702
0.0301475
0.0215652
0.0347948
0.0241245
0.0238816
0.163522
0.0217905
0.0241044
0.0283562
0.0228055
0.0360646
0.0268253
0.349531
0.0227107
0.424607
0.0222727
0.0246531
0.0236313
0.0212956
0.0213131
0.638823
0.0298717
0.0357604
0.0271505
0.020991
0.0213457
0.0210433
0.0214701
0.0221392
0.0213306
0.513429
0.030611
0.0222393
0.020846
2.28327
0.0238202
0.0211623
0.0207742
0.0826292
0.0268604
0.0335392
0.0228673
0.0225988
0.0212982
0.416768
0.0219491
0.02728
0.020937
0.0210402
0.0223333
0.0930972
0.023018
0.0213759
1.14472
0.0225763
0.0212833
0.0214833
0.0246429
0.29349
0.0445314
0.0292174
0.022369
0.0207582
0.297893
0.075977
0.0225308
0.0919966
0.0217481
0.0572825
0.106499
0.0209965
0.0217891
0.0207903
0.0238647
0.0209926
0.148755
0.0257502
0.0253134
0.021368
0.0208817
0.0256089
0.105802
0.0218132
1.1323
0.147507
0.176021
0.0223482
0.0208598
0.0212647
0.0213078
0.065435
0.0429914
0.0219521
0.021434
0.0214934
0.021567
0.0214229
0.0268941
0.0212851
0.142222
0.0212089
0.0254607
0.0214769
0.0219856
0.0226692
0.0232165
0.0213288
0.0918046
0.0921187
0.0213283
0.0226504
0.0213351
0.0213994
0.476636
0.0213617
0.0210184
3.82184
0.476019
3.80942
0.0215496
0.278821
0.0213407
0.021326
0.022892
0.0458405
0.429567
0.0224533
0.51388
0.0221145
0.0230055
0.0443172
4.0095
0.0214594
0.0220229
1.43067
0.0216251
0.0213036
0.651444
2.76722
0.847077
0.0215941
0.0212125
0.0211902
0.555678
0.0890929
0.021407
0.0224592
0.0233321
0.0214056
0.0214902
0.0214373
0.0226657
0.0598702
0.0447836
0.0213005
0.172139
0.0208797
0.460416
0.0361684
0.021311
0.0383193
1.7581
0.574101
0.0223572
0.0220346
0.0247184
0.0216021
0.0255435
0.0208767
0.0991486
0.0398601
0.0235107
0.207688
0.0240257
0.0213469
0.055391
0.0215422
0.0213844
0.0214548
0.0215795
0.569731
0.0319287
0.0235483
0.0216794
0.0264527
0.149413
0.194059
0.0232824
3.79516
0.037831
0.0216863
3.64653
0.0215551
0.0266592
0.0249303
0.023267
0.0297512
0.0212948
0.0215665
0.0213345
)
;

boundaryField
{
    frontback
    {
        type            empty;
    }
    topbottom
    {
        type            fixedValue;
        value           uniform 0.0223;
    }
    outlet
    {
        type            zeroGradient;
    }
    inlet
    {
        type            fixedValue;
        value           nonuniform List<scalar> 0();
    }
    walls
    {
        blending        binomial2;
        n               2;
        beta1           0.075;
        type            omegaWallFunction;
        value           nonuniform List<scalar> 0();
    }
    procBoundary3to1
    {
        type            processor;
        value           nonuniform List<scalar> 
147
(
0.206785
0.88427
0.712697
0.303368
0.423242
0.808962
1.46142
0.52921
0.317141
3.10952
0.151638
3.48211
0.152395
0.297062
0.152193
0.989936
0.9474
1.14845
0.208405
0.967721
1.02173
2.09799
0.574508
0.636752
1.61052
0.657965
0.69364
0.845577
0.827315
0.0629037
3.56533
3.56533
0.0228443
0.655425
0.697367
0.0226105
0.531307
1.53574
0.82432
0.89803
0.204824
0.203222
0.0246968
0.975921
1.0336
0.861863
0.203222
1.36151
0.0545089
0.137908
0.176489
0.142813
0.299403
0.281392
0.299984
0.174057
0.0240067
0.0221659
0.0387143
0.124479
0.0225188
0.022458
0.0219808
0.0216916
0.30048
0.261503
0.15116
0.14772
0.0229941
0.0346391
0.0219486
0.0222442
0.456077
0.358543
0.22366
0.310888
0.0885916
0.235392
0.426711
0.426504
0.514214
0.507064
0.113278
0.437644
0.477789
0.51535
0.498619
0.0937728
0.405628
0.487604
0.0938094
0.151638
0.477789
0.102389
0.415061
0.388445
0.183379
0.569813
0.358049
0.319261
0.448042
0.151202
0.265554
0.540452
0.586542
0.587411
0.606571
0.522613
0.569665
0.606571
0.590469
0.0274007
0.692852
0.608812
0.708902
0.692394
0.69602
0.31412
0.688946
0.69602
0.273506
0.285471
1.01168
0.337062
0.203318
0.674038
0.949892
1.0198
0.296584
1.50459
0.31412
0.243273
0.253923
1.43821
0.311836
0.24294
3.16492
3.66294
0.287561
1.58907
0.85744
1.52696
1.58907
0.0217866
0.0219211
3.48167
0.30048
)
;
    }
    procBoundary3to2
    {
        type            processor;
        value           nonuniform List<scalar> 
73
(
0.0221082
0.0220431
0.0214353
0.0214216
0.039067
0.0360259
0.0230977
0.0736717
0.0536517
0.128698
0.0219275
0.0218363
0.151309
0.021639
0.0219275
0.0313464
0.0335553
0.0360259
0.0214831
0.0247681
0.0255933
0.0214002
0.0219808
0.0217565
0.0232507
0.110365
0.0970763
0.0216925
0.0214279
0.0227297
0.0607203
0.0266564
0.0214174
0.0215965
0.0214704
0.0335553
0.0241191
0.022466
0.0218363
0.0215612
0.181918
0.181918
0.0294404
0.0214029
0.0214549
0.0213987
0.0480267
0.0214115
0.0215105
0.0847176
0.151309
0.0215326
0.0453071
0.021402
0.377804
0.230279
0.0222521
0.0235635
0.230279
0.377804
0.0214428
0.0214068
0.0680908
0.0407294
0.0279103
1.10552
2.14791
0.0847176
0.0214323
0.0214781
4.11895
3.64352
0.0214897
)
;
    }
}


// ************************************************************************* //
