/*--------------------------------*- C++ -*----------------------------------*\
| =========                 |                                                 |
| \\      /  F ield         | OpenFOAM: The Open Source CFD Toolbox           |
|  \\    /   O peration     | Version:  v2012                                 |
|   \\  /    A nd           | Website:  www.openfoam.com                      |
|    \\/     M anipulation  |                                                 |
\*---------------------------------------------------------------------------*/
FoamFile
{
    version     2.0;
    format      ascii;
    class       volScalarField;
    location    "950";
    object      omega_0;
}
// * * * * * * * * * * * * * * * * * * * * * * * * * * * * * * * * * * * * * //

dimensions      [0 0 -1 0 0 0 0];


internalField   nonuniform List<scalar> 
9793
(
0.0224573
15.2053
0.0219332
2.5452
0.0222598
0.253939
0.089607
6.14695
0.0222168
22.7912
0.0221974
0.0221883
0.0219145
1.85888
0.0218075
0.026967
0.0587737
0.0219267
1.79376
0.0215646
0.0216302
0.0222916
2.56194
6.14024
1.99219
0.0270029
0.0221014
0.022262
0.0215749
0.0895783
8.87897
0.563767
0.0220106
0.0219401
0.0218698
0.0301975
0.0247558
0.0251453
1.27023
0.0327602
0.0760817
9.69862
4.02351
0.0222717
0.0219625
0.0220429
7.37036
0.0222843
0.0217026
0.0219336
0.0298044
0.0218516
0.04117
0.0222686
0.0338758
2.13053
0.0219243
0.107443
0.0217113
0.0222914
0.0273508
0.10174
0.0219478
0.0386728
0.021964
0.022137
29.185
0.0246646
0.0252344
2.88657
0.0219946
0.104353
6.06773
3.39891
4.09119
0.0222625
0.047239
10.0637
0.0219803
0.0222705
0.0511491
1.70914
0.0569533
0.0243181
0.0253147
0.280981
0.0222612
0.0791416
1.28137
0.0979365
1.81316
2.75231
2.7912
0.0435702
3.52738
0.0218995
4.73951
0.0545822
0.0253035
0.0222685
1.3752
0.0388649
2.97482
0.0219675
3.01843
9.36744
2.37559
0.021877
0.0219847
0.0222834
0.0222337
2.13193
3.21615
8.483
0.0219688
0.0221146
0.0242111
0.0220511
1.78219
0.0220287
2.39632
0.0854504
6.85028
0.0470867
0.0248033
0.0220344
0.0674793
7.04369
0.203643
0.209138
0.0240928
0.0218043
0.0223494
0.023692
0.0287143
0.179987
1.26065
0.0242799
0.0222736
0.0687461
1.75035
0.0290595
0.0219542
0.0641892
7.96044
0.653393
0.0220352
4.51427
0.0218018
0.0220292
0.0220718
12.1349
0.024757
0.0220941
0.0219253
2.39584
0.0631053
0.0219421
1.08154
0.0219217
0.074551
0.0242306
0.0216378
0.360037
0.0220872
10.3394
2.51776
0.0223048
0.0218784
0.0222178
0.0219715
6.59384
25.0685
1.55154
0.0219078
0.231431
0.146207
0.764827
0.0219646
0.0245862
3.62806
8.56243
0.0921373
0.0220356
0.0220739
0.0218716
7.58404
5.89055
22.0824
3.1436
0.0220545
18.0217
0.446914
0.025677
0.0217321
0.0235514
2.00962
0.0216011
0.0219237
0.0222047
0.0220187
0.0216276
0.031292
0.0256588
1.55187
0.0219357
0.0295867
0.0223001
0.0224277
0.483966
0.0651606
1.83533
0.0216375
2.35929
0.0243342
0.04677
0.0218225
0.175178
0.0221235
0.0515826
0.0589054
0.0216319
1.45222
1.71622
0.0414972
0.0218869
0.0581437
1.81551
0.0507643
0.0516585
1.4359
0.155216
0.0439717
0.0395739
0.382582
0.0215873
4.79487
7.31775
0.0216068
0.0222227
9.49956
0.0219067
0.0222314
0.130694
0.147722
0.0221292
0.0246197
0.030958
0.0394147
0.0246842
0.021971
0.0465067
2.84511
0.0216297
1.60296
0.0222621
0.0221713
0.0216632
2.03405
0.0219797
5.06312
2.24124
0.0221047
0.0221331
6.8641
0.0218484
0.0222399
0.0218121
1.95378
0.283167
0.0252944
0.458161
0.100577
2.68486
3.78264
0.0223407
24.4918
0.0222643
1.79766
7.56248
1.34845
2.49724
0.150572
0.0241071
0.0517614
0.0252279
0.0217571
0.0223824
0.479444
0.027177
0.0221415
0.0222838
0.0216353
0.0217001
0.0216338
2.44507
0.0218671
0.0217976
0.0219165
0.0219171
5.17936
0.633199
0.0653873
0.0229956
0.0648263
0.0220394
0.634611
8.86912
0.021973
2.75553
0.0363301
0.0219566
23.2861
1.06135
0.0220189
0.0489102
13.5917
0.0221973
0.0344245
0.0217977
0.0222929
1.81313
0.0423034
0.0219497
0.022022
0.0228542
0.185976
3.27599
0.0219376
0.0218707
0.0217515
7.26826
4.93114
6.15087
0.0215851
0.0447974
0.0352503
2.15204
0.0799848
0.0215774
0.0216304
0.0217524
0.0501709
0.0221322
6.086
0.0220898
0.0217821
2.59245
2.36668
1.90866
0.0217782
1.35235
0.0251681
4.04833
6.02129
1.50869
0.0239484
0.0336594
1.56466
1.70117
2.04249
0.026718
0.0222634
0.0256981
0.0216707
0.0218515
0.0221044
0.0220836
0.022292
6.60438
0.0222071
0.0676269
0.0324565
7.31449
0.0215729
0.024423
5.31229
0.502289
1.85875
0.0774578
0.0217846
0.0240422
0.0219367
0.493917
0.0215722
1.81119
0.167352
0.0898215
5.57409
1.81938
0.0221384
0.0218857
2.12491
0.459328
0.0219346
5.68073
0.0221325
0.0221769
6.49051
0.0216359
0.110077
0.0215975
2.26513
0.0220954
0.0220959
2.47469
0.0973511
0.0595163
0.0256849
0.022076
0.0218408
6.15918
0.0543673
0.0215737
0.0221954
0.0351977
0.0351524
0.0587667
9.48065
0.0221965
0.0219365
0.422978
0.0220825
2.4135
0.73183
0.0220656
0.0220158
0.0223528
0.0221176
0.0217349
1.37532
0.0520162
10.4193
0.0292228
0.0233436
0.0473221
0.0248519
1.64821
0.0265715
0.0222678
0.0246803
0.549384
0.0219575
0.0219262
0.0219942
0.021575
0.0219847
0.0218201
0.0220446
0.0221584
0.0230565
0.0251705
0.129327
0.0219903
1.51251
0.0259987
0.22506
4.82764
0.0217675
2.85681
0.0881654
0.0217445
0.0215753
0.0219655
3.21478
0.102624
0.0215721
0.022122
0.0221981
0.0684037
0.16335
9.74464
0.0219774
0.0219273
0.0321405
7.56634
1.33248
0.0239075
0.0234186
1.66053
10.2503
0.314758
0.02225
0.0217933
1.44189
0.021904
0.144215
8.06586
0.0215624
0.250128
0.0281821
1.38717
0.0218402
1.61562
0.389778
0.0264093
6.42492
0.0219023
1.91417
0.0220962
0.0218819
0.0222234
0.0219413
3.22473
0.0218945
0.0216991
0.0229618
0.0215947
0.0217938
0.0486836
0.0229827
0.0378844
0.0220352
0.0220394
4.20861
0.0764729
0.0238524
1.59902
0.0246803
0.022276
0.0219841
0.0217333
7.33274
0.0216877
0.0220698
8.88793
9.72323
0.0403087
0.0219226
0.0222841
0.022178
0.0222412
1.57235
0.0222509
3.75166
0.0244107
1.89588
0.022262
20.708
0.0222692
0.246037
0.0219106
0.0970113
4.29253
0.0221049
9.38148
0.0218999
0.0222182
0.0216204
5.02461
1.61156
0.0219725
0.0292082
0.0216801
1.66051
0.0218624
0.0473381
1.5035
0.0254452
0.0220274
0.0467213
0.0222451
0.0222281
0.0217718
0.119723
0.0219566
1.81032
0.0220531
0.0221536
0.0437355
0.0801041
2.43251
0.0217845
18.7428
0.0218805
0.216148
0.021918
0.0222416
0.0218995
0.022051
0.0222682
0.232045
0.0445416
9.38162
0.128299
0.0359406
0.0351001
5.11454
0.0240327
1.54644
3.72285
0.285026
13.1174
6.94876
0.192107
0.0222358
3.36476
0.0432881
0.0221449
0.389394
0.022251
0.469141
0.0370449
0.270336
0.0278938
2.08886
8.73227
0.04078
0.248384
0.0222165
0.67948
0.0229468
0.0219136
0.0221101
0.0233626
0.049911
1.37257
0.298877
8.03699
0.0236948
0.0236726
1.39698
0.355744
0.0231595
0.0705422
0.0224555
4.79418
2.65391
0.0220595
0.065555
0.274675
9.13424
0.0219589
0.0261881
7.45938
0.0303391
8.21847
0.100625
7.17439
0.0261519
0.0241734
0.0219555
0.0219238
0.255911
0.0222842
0.268696
0.156876
0.0868135
0.0222596
0.022224
0.0235845
0.0220246
0.0218329
0.0219087
0.116482
3.45953
2.07168
0.0222797
0.372978
0.0219487
4.00645
0.0527389
0.0478443
0.0346112
0.365065
0.021748
0.0220623
0.0442043
0.0219034
0.0221185
0.0682091
1.56441
0.0216267
0.242981
1.33193
0.0249716
1.777
1.35003
0.0218385
0.0597502
0.0278174
0.022047
0.0216179
0.105662
1.35012
6.3881
0.0219764
0.0220163
0.0216678
0.0245565
0.0230184
0.0241194
0.58985
0.0523395
0.0221523
9.46906
0.031396
0.0341889
0.02207
21.0514
0.0238926
0.0219186
0.0897954
2.11824
0.0215771
0.0220507
0.0219433
0.0257537
0.0217436
0.041875
1.28313
0.0222584
0.118937
0.0229502
0.0220148
3.48098
2.55077
0.404223
0.0220772
0.0215889
5.82156
0.0261527
1.16521
0.0215558
0.0219025
7.75054
3.53068
0.0315895
0.118686
0.0642037
0.0218838
0.0222717
0.0219957
2.88186
0.0220579
0.0222928
1.58853
0.027736
0.359014
0.0332731
0.0219339
2.3294
0.022268
0.0219108
0.0219838
0.0312714
3.28307
0.0221634
0.0219731
0.0219014
0.0218904
0.02194
0.021972
13.5125
0.0322657
0.022956
0.022112
0.0323912
0.0679712
0.0268163
0.0287896
0.0222839
0.021661
0.0235977
1.98142
2.13398
0.0231444
6.66585
0.0222158
0.0256885
1.58831
2.14888
0.0217946
0.0221815
0.35567
0.0580379
0.0219075
0.0222487
1.82728
0.0222682
0.075705
0.0220105
0.608646
0.0222477
0.0222896
0.0221284
0.0320904
0.0219754
0.0248168
0.026318
0.170031
0.0218615
0.0219962
0.0222498
0.0218769
0.0221858
0.0219346
0.0327344
0.0221127
0.0593253
1.98831
0.0462801
0.0715898
0.0222026
0.0217711
7.52259
5.18807
0.0216083
1.74082
8.47377
0.0215947
0.0219688
0.0218738
0.105307
0.0617525
2.34565
0.0218554
0.0256847
0.0218586
0.0223469
0.0222797
0.0917874
0.0221594
0.289751
0.0220955
0.0604619
0.0218924
0.0233084
0.021913
0.0412635
0.0611392
7.67866
3.98839
1.73306
0.0535767
0.0219034
2.91847
3.68753
0.0711377
0.0220582
0.0220872
2.00296
0.0218665
3.0568
0.0215995
0.0310925
0.0222321
0.0222698
0.0218033
9.37824
2.68905
2.77749
0.0738427
6.08198
0.0219468
2.479
9.17574
0.0222705
0.0221346
0.0217286
4.4734
0.0215586
6.25142
0.0329635
0.173901
0.0223641
1.15166
15.0584
1.74458
0.0301523
0.0342952
0.0220416
16.8056
0.0215368
0.625836
0.274583
0.0710048
9.4932
3.08953
0.0242137
0.0236829
0.0219497
0.103077
6.34059
5.53847
0.0217429
3.90768
0.0262273
0.145583
0.126419
1.57702
1.6623
0.0216234
0.0263834
0.0326921
0.0243861
0.0238136
2.22516
0.0221978
10.0963
0.0217903
0.021605
0.0859143
0.131673
3.21666
0.0227203
22.6187
14.7104
0.885865
0.0270947
0.022233
0.0227259
0.022227
0.0219169
1.15464
0.912659
0.0222451
0.0219189
0.034353
1.68599
0.0265916
0.0219289
0.440822
0.0219349
0.0222749
0.021546
0.0689138
0.0220299
0.0253202
4.00389
0.067577
0.0223287
4.2541
0.131563
0.0219298
0.0229388
0.0365001
0.0222624
0.021964
0.0217619
12.0215
0.34626
0.0222925
0.0384459
0.0367001
0.67954
0.0219559
2.73239
0.0218604
0.0217506
0.671092
0.347964
0.0752048
0.0220768
0.0218902
9.42045
1.35491
0.316176
2.80989
0.0221049
0.0235866
0.0220149
9.45289
0.024516
1.73781
0.0227962
0.0219692
0.0235546
0.0216785
0.0218748
0.067077
0.0217798
2.69665
0.0218126
0.022237
0.0215638
0.0252488
1.83552
2.68958
0.0596787
6.47089
0.02198
0.0371191
0.0234088
8.54806
0.0217828
0.0216164
3.17785
0.0355147
0.0334115
0.0221138
0.276481
9.51624
1.71112
0.022191
0.0350598
0.935461
0.0336536
1.47865
0.146276
0.0884198
0.0217784
0.0226474
0.0707921
0.0793279
0.0219875
0.106529
0.0217363
0.0221841
0.0223484
0.0217785
0.0219061
0.0219913
0.812209
0.0264417
0.0231218
0.0484257
0.0217518
0.0219276
0.0399083
2.29506
0.0869197
0.0665872
2.28365
0.0222341
7.12234
0.0300651
5.42689
0.0643942
0.0222024
0.0221054
0.0237159
6.75392
1.75324
0.0536338
0.166179
0.0216577
0.0219205
0.0222481
0.0222017
8.66501
0.0264189
0.0219829
0.192506
0.298759
6.41062
0.0228844
2.98945
0.0568738
0.0444866
0.0346135
0.440759
0.27031
0.0223388
1.66219
0.384062
0.0393986
1.57371
0.0505457
0.0222445
0.0222638
0.0219124
0.023322
0.0274797
16.872
0.0573504
0.0218713
0.441261
0.0220046
4.15316
3.35641
0.0219552
25.955
0.0218071
0.0217635
0.0219844
1.77217
14.3795
0.0552952
0.0317394
0.0216937
0.684567
0.0222313
0.032039
0.0220928
0.0221769
0.0219292
5.73242
0.0229413
0.0427292
0.0297392
0.0222118
0.384055
0.149779
0.0372192
0.0258485
0.024064
1.42424
2.50506
0.0218387
0.0217758
0.0218353
0.0227148
11.2742
12.0843
0.241724
0.0261035
0.0217847
9.12235
5.47534
0.0222887
21.2771
0.0217124
0.0962279
10.6715
0.0217427
12.1841
6.38878
0.141397
7.21054
6.28548
0.0218542
0.0227985
2.4501
1.34261
0.0226621
5.6379
0.0255322
0.0219054
0.0222738
0.0232839
0.0442284
0.0258983
0.31656
7.37516
0.249947
0.0348456
0.0220795
0.0642004
2.20786
0.0217695
3.55069
0.0508293
0.0222201
0.0250356
0.0222417
0.0222573
0.0320445
2.28088
0.0224818
0.0217889
5.38924
1.46504
0.0817675
0.0222613
0.0610508
0.0219272
0.0219321
4.15139
10.715
0.0219215
0.0214943
2.19718
4.35482
0.0516201
0.0223166
9.30494
0.0227642
0.0219269
0.0235788
0.0219326
0.0216513
0.0216244
9.44092
0.217055
0.0264181
1.63642
0.0509493
1.3478
8.45038
1.4298
0.1961
0.021944
0.0222388
0.0223465
0.0219935
0.0782355
0.0218798
0.1115
0.0309442
4.1285
0.0220475
1.54604
0.0367389
5.47417
0.0219257
1.73792
0.0319387
0.218169
0.321853
0.0322098
0.0216213
8.72529
0.0628041
2.12549
0.0216061
5.94742
0.0220264
6.07784
0.536839
0.0441415
0.0219195
0.0220893
1.5221
11.7385
0.0344242
0.0215535
1.04382
0.0914696
0.0497737
4.01917
0.0811711
0.0219436
4.26573
0.0219159
0.0361441
0.0216096
10.7657
0.0216175
0.023335
0.468409
3.57591
0.0222222
0.0744952
0.0246179
0.0821346
0.0218782
0.376751
0.02354
0.0667789
0.0219554
0.0219862
1.82778
0.0302443
6.20854
5.12438
5.55221
0.0228261
0.0216367
0.0217732
0.0264396
0.0404654
0.0336874
5.04684
0.0238038
0.318063
0.0432791
0.022281
0.0219853
0.080632
0.704042
10.2549
0.021908
1.5296
0.0218616
5.59456
1.48401
0.0527519
0.0219963
0.0217401
0.0458773
3.02136
0.0247732
0.0222687
0.0236094
0.0496006
0.0227912
1.53116
1.74348
3.90059
0.0221573
0.02728
9.62093
0.0221877
0.063169
0.0218272
0.998084
0.0375483
0.0219492
0.044661
0.192198
0.0218876
2.05357
0.0219129
0.170503
0.267769
0.895647
0.358516
0.0221677
0.0222529
19.5742
0.0222215
0.0412221
0.0976662
0.0238182
0.0215275
9.92948
0.0250499
0.418262
0.0231278
0.069914
0.0226706
0.414987
0.0255747
0.0252037
2.41387
1.18226
0.0220913
0.022273
0.172144
1.50965
1.91237
0.788126
0.0310356
0.0219271
0.0218078
1.38818
0.0221397
6.06769
0.107836
1.8685
0.0221073
0.0217189
0.0217922
0.0463603
0.050723
3.68383
1.47026
1.29235
0.29275
0.0216072
2.45107
0.0232519
0.0727954
0.0229522
0.043173
0.061765
0.0219255
0.0215772
0.0746222
0.0216386
0.0411501
0.0715726
3.05745
4.22157
0.0411781
1.33874
0.0217512
0.0216305
0.0220752
0.206753
0.0632723
0.0499039
0.125166
7.73079
0.0406603
0.161442
0.0218324
0.0221798
12.8384
0.0219315
0.303246
0.0214717
0.0218628
2.15744
0.339659
0.0218728
0.0899728
0.531628
3.07697
2.14169
0.0256701
0.07697
0.0561753
8.44784
0.022122
5.24552
5.50054
0.0238435
0.0261446
0.0216131
0.511897
0.0217063
0.0219842
1.76418
0.0223232
0.0215656
0.234352
0.0678076
1.38651
1.41907
3.30971
1.8942
0.0215983
0.021908
0.0218766
0.0222058
9.24613
0.0221452
1.68396
0.0232304
6.30525
0.0246705
0.0221623
0.0216814
0.0222818
0.031066
0.0220507
0.021518
0.52127
0.0218204
0.0588292
0.0225679
8.16896
0.0246772
0.0220791
0.0218839
0.0596588
0.0219054
0.0217599
0.0220907
0.0222151
0.0242114
0.0218613
0.0236844
0.0320646
4.17625
5.48863
6.86859
2.28865
0.0217677
0.0220058
0.0219271
0.0214345
0.0219306
0.0217354
0.192439
0.0218595
0.0222518
0.0220698
0.0220431
0.0219829
6.05515
0.0239132
0.0219704
17.4199
0.0490273
0.0217107
6.42612
8.2574
0.0220205
0.496076
0.726107
0.0221066
0.0469149
0.0241381
0.0215618
0.0280889
0.0220801
0.0439933
0.0220134
0.0222474
0.0217467
27.5277
0.0292439
0.0469439
0.0220332
0.0222653
6.59715
0.026041
0.022037
0.024227
0.0246578
0.022252
0.239782
10.3903
1.84352
1.80541
0.234103
0.038454
0.0222597
13.0585
0.184704
0.0229388
0.0678157
0.0222931
0.0218964
0.0222465
2.07565
0.04792
0.0219984
0.0220421
0.228732
0.0217305
0.454306
0.0219764
1.85457
0.292087
4.60561
0.0220801
0.023369
0.0323282
0.0365984
0.0223675
0.0400063
0.0894732
6.84924
0.0220052
0.497378
9.02135
0.0215678
1.37201
0.0448171
0.34544
0.118717
0.0219169
0.0285377
0.0453649
0.0216845
0.0257167
0.021548
3.40767
2.84777
0.0333837
0.0218259
0.172683
0.0768265
2.8432
0.299175
0.0236402
0.0295738
0.0219478
0.0219404
0.0454207
0.0534873
17.9862
0.0218163
0.461141
0.0226305
9.75003
0.208885
1.94838
0.0216035
0.0230712
1.98154
1.77249
0.0441606
2.14964
0.0227762
0.233234
0.0219125
0.0218585
2.56121
0.469978
0.0246394
0.0220956
0.0783421
2.14896
0.198101
0.0687771
0.0217725
0.0220144
0.0217153
2.37251
9.44965
0.0217663
0.0508115
1.74385
0.0839829
0.31004
1.58544
5.60517
2.03629
0.0217858
0.0226519
1.3837
0.021886
0.0508444
1.55392
7.47804
0.0235244
0.0306887
4.94626
0.651791
2.00462
5.66896
1.30639
1.41516
0.0221127
0.0216219
0.0219911
0.0225716
24.8355
0.0558694
0.385523
0.461656
0.0584361
0.021976
0.269749
0.0217052
0.0327988
0.0219203
0.04179
6.04345
4.74587
0.0220719
0.0216056
0.041574
4.32685
0.212049
6.03892
0.0458034
0.0221234
0.0834833
0.0214692
0.0978152
0.0324293
0.021911
4.34941
0.17925
0.600206
0.0617536
0.0223433
0.0215765
10.4746
0.0254307
0.0216244
0.0221463
0.0222559
0.0216828
5.75817
10.0293
1.7256
1.39116
5.67621
0.0238158
0.021946
2.05142
0.0246927
0.0933719
7.28366
0.0218654
6.20558
2.54864
0.0655914
0.0343784
0.813669
0.0233545
1.84253
0.0393014
1.99785
0.0218224
0.0230707
0.0422368
3.1764
0.134362
0.071226
5.55148
1.9738
0.0731745
0.199005
3.23465
0.0246736
0.381649
17.622
0.0371219
0.0645487
2.66113
0.0347253
0.0380215
0.0221054
0.0405957
0.043746
0.060363
0.0220905
9.08114
0.168011
1.84143
6.09294
1.91902
0.0409011
1.57388
9.06398
0.0218451
0.276285
4.10664
9.38925
0.0285511
0.0243735
1.91713
10.4887
0.0216141
0.239097
0.0217509
0.0219064
4.19777
0.0255949
2.18914
1.58263
1.49981
9.17257
0.0216231
0.0388789
0.0220045
0.0218421
0.115117
0.0648195
0.0275837
2.79384
1.73876
0.0222731
0.0270923
1.3482
0.0235772
0.418234
0.048757
1.30215
1.29396
0.600117
9.28896
8.36173
1.76151
1.30808
1.46691
0.0318225
0.0254788
0.124253
0.125978
1.74707
9.03451
0.0221331
0.0226907
5.47442
2.24227
0.0250059
5.51012
0.0219312
0.837742
4.9038
5.48233
0.0219219
1.70596
1.51426
0.0274928
0.0357262
6.46302
5.99937
7.76511
3.34158
0.0220406
10.0044
1.5043
0.0416039
0.243488
0.111383
0.0217331
0.0276662
3.37039
1.66026
0.0250735
0.0221717
1.81546
0.0873662
1.56194
0.081806
2.1988
1.33548
0.0219914
10.19
0.0222852
0.0322153
0.0221039
0.0218558
0.0217032
0.0388854
0.298518
0.0214985
17.0668
0.0814393
9.50828
6.28075
1.9356
0.0219081
4.64927
1.53867
1.90795
0.0353865
0.0219259
6.27269
0.452778
1.49575
0.0560318
0.0235775
0.0216867
8.33559
5.46597
0.034374
17.0282
0.0313831
0.022258
1.45338
0.0549829
19.7917
0.0219296
0.0299567
1.61991
6.74093
1.31068
0.280066
1.28897
1.58777
9.41928
0.0220485
7.10327
0.0494957
0.0218413
0.0215568
0.0219343
5.6319
0.0502846
1.29296
1.35688
0.0392111
0.153898
0.0867605
2.43168
0.271471
6.49881
5.47935
1.31415
0.0917292
0.0216522
0.650133
0.0580348
0.110645
1.41226
2.08051
1.68446
0.0220953
0.0245209
0.0498552
0.0220608
0.0219936
0.0289165
1.31407
0.0289443
0.024993
1.45547
0.0825934
0.428972
5.55271
1.37137
0.503668
1.42719
5.59806
2.0333
0.0645337
0.0336359
0.0221406
1.29638
0.119206
0.283633
0.0643068
0.0619517
0.0214566
0.219022
6.96662
0.0266912
0.0215895
0.0231486
8.3991
0.021872
0.0220251
0.0680314
1.42804
0.0292066
0.0564956
0.182991
0.0309727
0.0684576
0.0218776
0.0219791
0.0434359
0.283165
0.0223122
0.0323085
0.276453
7.61988
0.0221591
9.88634
0.0218832
1.34494
0.0233615
0.0235616
0.0215567
0.209007
0.0370297
5.62665
9.26983
0.0693938
0.0221633
0.0219265
5.71896
7.38012
0.0217795
0.268811
1.40238
0.0568565
0.0790815
0.0214324
0.0228231
0.0219205
1.45759
0.0450945
0.0220518
6.28607
0.0224591
0.0583856
0.358249
0.0217346
0.0993089
0.0656543
16.5121
0.0224747
0.0264623
0.0235087
0.0587573
0.021409
0.0218992
6.65033
0.358363
0.0843546
0.021947
1.36679
0.0224563
0.0224614
0.0219584
0.541192
6.41506
0.0240915
9.106
3.99971
0.0697433
2.8663
9.06385
5.4098
9.61025
0.0606005
0.0727701
0.25119
0.0514673
0.0219513
0.0304883
0.031517
6.49262
0.0220811
2.85747
0.021979
0.422481
0.100704
0.022987
0.023114
11.9034
9.17886
5.09177
1.55383
0.0218098
0.0763604
5.71073
0.0267444
10.0989
0.041833
0.109185
1.29607
0.0349824
0.0219935
0.140259
0.16989
0.0219164
1.39324
1.04808
0.0217085
0.0222396
0.0221217
0.0220102
5.80106
0.0219356
0.0509589
0.022026
0.0223133
0.0326927
0.0219433
1.51171
0.0957293
0.0222217
0.0216294
0.128848
0.0235395
0.0564342
5.808
5.50538
0.0563161
0.25459
0.0413882
0.0215964
0.164805
7.84414
0.0392813
1.33762
6.91165
0.0770269
0.0404611
0.0281248
0.074109
0.0388616
6.57597
0.0221155
0.0222352
0.0217708
1.72101
10.6359
0.036794
0.10212
0.0218868
0.0267944
0.123205
0.333763
0.0219243
0.0638623
1.33654
0.0895628
0.0219906
0.021935
18.795
6.63565
0.021932
0.795918
0.032329
0.247948
0.332195
0.0218575
2.8328
0.0306989
0.0220258
2.14376
0.244371
0.0219176
0.0221635
0.364435
0.021784
0.0220417
0.160704
0.0428173
0.0465825
7.1606
0.0258877
0.0463679
1.31206
0.021845
9.56598
5.86337
0.0257252
0.0671627
0.219931
0.0219815
0.194814
0.0214732
1.82566
1.49025
0.0220037
8.59467
7.87668
0.0219463
0.0219447
0.577462
0.0413461
1.66903
1.58156
0.0220961
0.0458827
5.83491
0.0226267
0.0546958
0.0795812
0.034653
2.26295
0.246193
0.0231468
0.271342
9.07724
0.0463061
4.01798
0.0219106
0.0215547
0.0222674
0.0429183
5.40307
0.0220665
0.035388
15.7355
2.34872
0.0222182
0.0306719
2.00743
1.43143
0.0222251
9.5728
0.0361474
0.0964686
0.0375411
0.0232951
0.0267168
0.0219688
0.0219609
6.94395
0.0219342
0.0529935
0.0219802
4.28186
0.0231209
0.0236118
0.021593
0.0240491
0.0219808
0.0439237
5.51333
0.680045
0.0395842
0.0430612
0.0219682
0.0320749
0.0567939
2.25269
5.43988
0.0218294
1.62877
0.0220228
2.32115
1.45154
5.47763
0.0218259
0.112592
0.0823346
6.11708
0.236399
0.0218539
2.68624
0.331335
0.0382564
1.16091
0.0221885
0.0220077
0.0403519
3.12532
0.0219276
7.8209
0.0344271
3.92956
0.0918309
0.0224278
1.95994
0.0287681
0.0221461
0.373522
0.021969
2.78503
9.86528
0.194458
0.0278498
0.161896
0.021937
0.113893
0.0468121
9.87692
0.022032
0.0216162
0.0274325
0.0304569
0.0481321
1.5965
2.8692
0.0362543
0.229811
0.0218119
3.0193
8.59509
0.198732
0.0219223
0.0222603
0.0229123
1.93465
0.0220772
0.0271408
1.84941
0.0967263
0.0219938
0.270707
0.0908268
0.021986
0.0256336
0.133767
1.5339
0.0737908
0.0453885
1.42342
1.5158
0.387842
0.0272024
0.0221351
0.0247749
0.0247634
0.157857
0.062752
0.0285219
0.0889654
5.03843
0.0241674
0.0219958
5.57571
0.318067
1.81505
0.219564
0.0262443
0.0238007
0.0238451
0.0217737
0.0218943
0.0481575
0.0215491
0.0229839
0.0220737
0.0231135
0.0237972
0.0219466
0.0392724
0.0389905
0.0220982
0.0219343
0.0221204
0.0227812
0.0223645
0.257804
0.0220578
0.0234986
1.47361
0.0216933
0.0234288
0.0222731
0.0282125
5.65946
7.53584
2.4554
2.49628
3.2034
0.255854
0.0218691
0.0633451
0.02205
1.46597
0.0229402
0.0299467
0.022196
0.0595756
0.0219549
0.0329329
0.0217836
2.0192
0.189077
0.0220803
3.89706
2.89642
0.0221406
0.0949745
0.0219455
0.0215971
7.75547
0.0221365
0.0710522
0.225832
0.0221061
0.0215566
0.0802898
1.41813
0.0251239
0.0235716
1.56774
0.021938
4.23428
0.0543555
11.8982
0.0216725
1.4708
0.0219262
0.0222312
0.299194
0.0649456
1.86107
1.56055
7.81128
2.1241
0.166547
0.152154
0.0220473
0.14121
0.0219827
0.0218191
0.0946556
0.021903
0.0219835
0.0216056
0.0216149
0.0627841
4.54396
1.45867
0.429819
2.07696
0.0237254
0.0306635
0.02283
0.0228796
0.0855696
0.022083
0.021695
0.0218123
0.0238859
0.0232234
0.19859
0.0886335
0.048967
0.0221109
0.0551624
0.056326
1.57508
6.01328
0.0252119
0.0429306
0.0220893
11.2663
1.90504
0.0219162
0.0219337
0.0248313
0.0222134
0.360789
0.402198
5.56585
0.0221427
4.0536
0.0221536
2.62996
0.0546489
0.0218096
0.0289677
2.26191
0.0271956
0.0288166
0.0316153
0.0912983
4.6289
0.0217226
0.0219149
0.0284366
0.150797
0.0218737
1.77515
2.14053
0.0219665
0.0214274
6.70493
0.0720652
0.0219237
5.34527
16.1674
1.85993
1.13942
0.0290226
1.90024
0.0220729
5.95333
2.23194
0.811219
0.0714051
0.0241808
5.40095
0.025425
0.0218645
0.0214548
0.177039
0.0216365
8.55747
0.0225205
0.0222138
0.0253028
1.35843
0.0241389
0.0229435
0.0220744
9.65744
3.92946
10.8829
1.38345
0.0460644
0.0219294
0.0242207
0.229189
0.113857
0.0219857
0.0551712
0.162479
2.45928
0.0219577
3.72771
5.61549
0.0410534
0.022064
0.024078
0.0219506
0.0217409
0.0219384
0.022032
0.0220369
0.0982412
0.0220979
0.130579
0.0226205
0.0228254
5.76198
0.0754664
0.0230862
0.02293
2.06662
0.0215543
0.0228562
0.0266496
0.021814
1.15998
0.0329204
0.0228913
0.0448053
0.0219976
0.0282411
0.0217503
0.171514
0.0218197
0.021915
7.24296
0.0233563
0.221531
0.035468
0.0238603
0.0917016
0.021413
0.0220901
0.0227637
6.33798
0.023906
0.021921
1.94809
0.0220269
0.021625
0.0218836
0.954931
0.0325541
0.14257
0.033828
0.031066
0.0502837
0.024149
0.0277009
0.0480835
2.10775
0.0223038
0.0290597
0.02182
0.266722
0.252747
0.0219054
0.0290318
2.30793
0.0301673
0.0215484
6.31144
0.0264194
0.0846504
2.29478
0.0295245
0.021907
0.0303336
0.0219203
0.0238825
0.0219038
0.0235423
0.0264727
0.0219711
0.0220689
0.0321076
0.0221881
0.103883
0.0219299
0.0238047
0.0219417
0.0298483
1.49557
0.0221353
0.0220047
0.0992244
0.0229616
0.0219872
0.299459
5.97791
2.79603
0.0220784
0.024835
0.037123
0.0222448
0.0221274
0.03626
0.188956
0.0215389
0.0539198
0.0219799
0.0218854
0.0217589
0.0215299
0.0228336
0.0451723
0.0364465
0.0276635
1.38434
0.0245247
0.0286117
0.0217303
2.09987
0.476528
1.86833
0.0220547
0.0499839
0.0290606
0.0220374
0.0221222
0.0422189
1.31543
2.29225
0.0218907
0.0285553
7.79303
0.0228074
0.217259
8.70088
1.35105
0.0306455
0.0220012
0.0405193
0.0486776
0.145873
10.586
8.76346
1.32909
0.0228112
0.0221743
0.0219343
0.119363
0.0219453
0.0216883
0.0413047
0.0219193
0.0218885
0.0218769
0.0524299
0.0219779
0.0217759
0.0219686
2.29248
0.0215428
0.0220398
0.022109
0.0225208
0.0219397
0.0732686
0.0765251
8.50343
0.0215723
0.0288776
0.123006
5.48578
2.09996
0.0222937
0.0222752
0.0532411
0.0971889
0.026314
0.371334
0.0219309
0.948
0.0222781
1.32313
0.0229649
0.0219249
0.0489299
0.0219518
0.0219312
0.0228856
0.710684
0.0248163
0.0224857
0.0221788
0.0219717
0.0437948
0.0218727
0.0219132
0.026682
0.10606
0.0246786
0.0217951
1.31495
6.93928
0.02203
0.526083
0.0221451
0.0300277
0.081553
0.26329
0.0236845
0.0231495
0.0220848
0.263217
0.0292108
0.0221842
0.0219013
0.0234417
0.156554
0.0219729
0.0373006
0.0241937
0.0352443
0.0508711
0.0412737
0.091936
3.61006
0.0254232
0.0220402
7.04641
0.502013
0.0219325
0.0214944
0.0220638
0.0219794
0.0219179
0.0242211
0.021675
0.0220791
8.5245
1.39404
0.0336806
0.0219477
2.49019
0.0241721
0.0216996
5.62148
0.0237494
0.0216511
0.0220949
0.0220375
0.0391093
0.0221104
0.0564368
0.0219242
0.0217801
0.0219603
0.0345905
0.038847
0.0218894
0.0636337
1.41324
0.0232277
0.021887
0.061552
0.0217216
0.0220526
0.0218591
0.0319772
0.0220537
5.78648
0.0223884
0.242302
3.10149
0.0592456
0.0233081
0.0222936
0.0220871
0.0219367
0.0302443
0.197336
0.13431
0.0218086
0.023903
5.38481
0.0215819
0.175332
0.0219627
0.0229447
0.0319997
0.0633182
0.0219554
0.0353005
0.0285544
0.0598835
1.49884
7.12213
0.0218458
0.0219266
0.0328554
0.0226337
0.0227737
0.0532019
0.0227179
0.112864
0.0217808
0.0704268
0.0221068
0.0819287
0.0601441
1.35378
5.45156
0.0219178
0.0421024
0.881872
0.247219
0.0215976
0.0217283
0.151184
0.021942
0.0219542
0.0217441
0.0215168
0.0731612
0.0799411
19.2714
0.0220211
0.0489727
0.0222551
0.0215902
0.0232603
1.74532
0.182676
0.0219271
0.0221379
0.0218398
6.12329
0.0220405
0.0219461
0.0224943
0.0219611
0.0437923
0.021833
1.62492
0.0219831
0.0225266
0.0223953
0.0219211
0.0217529
0.0220069
12.5734
0.0217808
0.0219546
0.295739
0.0219105
0.0220432
0.022114
0.0221573
0.0582959
0.0219162
0.0219724
2.42484
0.0235438
0.0220393
0.0222794
0.021518
1.26694
0.0230399
0.0222484
0.0219111
0.0266851
0.0219647
8.43149
0.0217936
0.0220098
6.60266
0.021978
0.0664409
0.0222018
0.0214169
0.0215088
0.0308629
0.0384982
0.0218611
0.0222861
0.0240597
0.0219048
0.0221113
0.0221133
0.0218519
0.021712
0.0217612
6.7557
0.021954
0.021839
1.45271
0.0219522
0.0277955
0.143975
1.43917
0.021819
0.0220893
0.0219547
0.0216388
0.0229993
0.040852
0.0241052
0.0390098
0.0217815
0.0256469
0.0220401
0.0214795
0.0279634
0.0618513
0.0237496
0.0289447
0.0220273
0.0219539
0.0221205
1.58163
0.023367
0.0220115
3.57076
0.0227637
2.52932
0.0220639
0.0219267
0.0217452
1.58585
0.0219919
0.0254926
0.0229238
0.0220728
0.0219661
0.0220886
0.0220393
0.0245041
0.0219083
0.039469
0.022248
0.042937
0.0214991
0.0216347
0.0240083
8.61672
0.0221502
0.0220491
0.0226308
0.0219345
0.0242745
2.20534
0.0227922
0.0275139
1.93255
0.589314
0.022769
0.02264
0.150734
0.104671
0.0231244
0.0221169
0.0218471
1.78882
0.0225299
6.48092
0.0216922
0.0215443
0.022105
0.0218347
0.0232578
0.0215882
0.0219888
0.0222651
0.0666301
0.0238466
0.0225554
0.0216303
0.354444
0.0705555
0.0215164
0.0221045
0.0235115
0.0222392
0.0220597
0.0215911
1.61635
0.0216027
0.0219453
0.0687214
0.0215815
1.49091
0.0218208
0.0461615
0.0273082
0.0219679
0.0215407
0.021921
0.0220355
0.0220436
0.0217197
0.0216212
2.82874
1.66313
1.67039
0.0216148
8.31669
0.022015
0.0626265
0.0219204
0.0219227
0.022111
6.66169
0.0219463
0.021905
0.022128
0.0220128
0.620952
0.0219396
1.4329
0.0214534
0.0224144
1.81178
5.38355
0.0219838
0.0219559
0.0279277
0.0220159
0.156325
0.0217513
1.10654
0.0217779
0.0368546
0.0221402
0.0218159
0.0219415
0.022001
0.0232361
0.0218942
0.0330433
0.0371723
0.125113
0.0216909
8.9715
0.0218901
11.455
0.0219093
5.75485
2.46869
0.0217483
0.0219064
0.0216001
0.0218976
0.0220446
0.0219262
0.0215895
0.0224212
0.0214471
0.0962894
0.022111
1.48567
0.0215814
0.0215338
0.021924
0.0219244
0.0226292
7.6439
0.0229489
4.21752
0.0215404
0.0221208
0.0370679
0.0215878
0.174537
0.0233958
0.0219277
0.0417373
0.021512
0.0219729
0.0225433
0.0216831
0.0292819
0.0422646
0.0216386
0.0221128
0.0220466
6.95621
0.0235393
0.0215733
6.23653
0.058855
0.0216288
0.0219113
0.185458
0.0227719
0.0214456
0.673032
0.215779
0.0227812
0.0214519
0.0222399
0.0367712
0.0215728
0.196121
0.0216209
0.0216791
0.0463096
0.0568309
0.0216148
0.0216118
0.0215062
0.0217447
0.0217586
0.0418157
0.0219659
0.0217666
0.022112
0.0218523
2.35752
0.0222722
6.81565
0.0271244
0.0291486
0.0221423
1.3799
0.0219455
1.83819
0.0215261
0.0219555
0.475618
0.0219721
0.0229891
0.0216596
0.0252573
0.0217108
0.0279564
0.0215631
3.64121
0.0222048
0.0215724
0.0215401
0.0215788
0.113647
0.0217931
3.63682
0.0219104
0.0253228
0.0215061
0.0220162
0.253253
0.0219984
0.114101
0.0218159
0.0232915
0.0221847
0.0221345
0.0225553
0.021928
0.0219793
0.257603
0.0215771
0.0219413
0.022611
0.0220588
0.0220557
0.035509
0.021805
0.0219106
0.0218544
0.0216252
0.021762
0.0219942
11.8979
0.206702
3.31744
0.0214424
0.0237237
0.0221279
0.0274278
0.132792
0.231176
0.0346175
0.0215744
0.0219779
0.0218796
0.0221457
0.0221166
0.021905
6.15907
0.0538255
0.0219285
0.169174
0.0221388
6.0593
0.0219578
0.0218864
0.021803
0.0215631
0.0214892
0.0218151
0.021663
0.0218138
0.0424477
0.023011
0.0219208
1.37385
0.021571
0.0226484
0.0219839
0.02159
0.021937
0.32967
0.0218055
7.10777
0.0219193
0.0215982
0.0366862
0.021904
0.0274273
0.0878649
0.0216752
1.61368
0.081825
0.0216094
0.0226553
0.0215318
0.252733
0.0216159
0.0288801
0.0227882
0.0218014
0.0217403
0.0218526
0.0219614
0.0224156
0.0217552
0.0223196
7.0999
1.91312
0.0231279
0.0219591
0.245103
0.0337668
5.22376
0.0218012
0.0218796
0.0219601
0.0223803
0.0219334
0.0216271
0.0215949
0.0219709
0.0427341
0.021662
0.0220362
0.0263118
0.021985
0.0301044
0.0220427
2.06637
0.0218651
0.0219245
0.0232351
0.0432056
5.69483
0.0219127
0.022157
0.0218784
0.0221362
1.60615
0.0225161
0.0219473
1.32608
0.0218509
0.0219942
5.6153
0.022065
0.0218551
0.0214766
0.0219108
0.0218103
0.0219997
0.0366191
0.0217925
4.19767
0.0221003
0.0238781
6.30461
0.0220007
0.0216488
0.0220638
0.0214476
0.0216198
1.88401
0.0219674
0.0220097
0.0225388
0.0218918
7.01988
0.021808
0.154213
0.0217271
0.0748048
0.175574
0.0811699
3.10445
0.0276553
0.0362645
0.0299005
0.0218757
0.0219902
0.0234585
0.18064
0.0631531
0.0215245
0.0220076
0.0219678
0.0217623
0.0216072
0.155752
1.27396
0.197215
0.0222782
0.0221638
0.0310726
0.0220535
0.0220797
0.0218893
0.022066
0.0219428
3.24592
0.0232545
0.0223081
0.0215106
0.0706733
0.0216403
0.0220733
0.021725
0.0215601
0.0218991
0.0220485
0.0553611
0.0217924
0.0257885
8.41751
0.0216711
0.0221055
0.0216722
3.74266
0.0215304
0.0217826
0.0490556
0.0219789
0.0802513
0.0217708
0.0215272
0.0226314
1.87423
0.0222525
0.022095
0.021684
0.0217769
4.38782
0.0232851
0.0217502
0.188226
0.0219074
0.0217652
1.48564
0.0222936
0.0222941
0.022293
0.0222925
0.0222918
0.0217485
0.0238101
0.0233047
0.0785025
0.0215839
1.62458
5.7559
0.0319631
0.0218266
0.021804
0.0219007
0.0221267
0.0217774
0.0221342
0.0217551
0.167105
0.0219366
0.0217896
0.0217697
8.4344
0.0218639
0.0221356
0.0220213
0.0219573
0.0218912
0.0218099
0.0227329
0.0235582
0.0222074
0.0229267
0.0232419
0.0223109
0.0224271
0.0225523
0.0219745
0.0222858
0.0215493
0.0218133
0.021704
0.0226184
0.021791
6.94437
0.0218672
0.021854
0.0219871
0.0214284
0.0227627
0.0219765
0.0220322
0.0219294
5.48944
2.61351
0.0215627
0.0218042
0.173671
0.0358865
1.17974
0.0218338
0.0245117
0.0363696
0.0215583
0.0221989
0.0219594
0.0222297
0.0219235
0.187073
0.0304456
0.0349636
0.021959
1.72645
0.0221266
0.0220978
1.33076
2.06196
0.0217277
0.0218638
0.0222615
0.0229702
0.0219144
0.0219956
0.0218713
0.0237685
0.0215654
0.13515
0.0218001
2.0231
0.0217903
0.0220136
2.19957
0.0226341
0.0218182
0.0224761
0.0218865
0.0220255
0.0282695
0.0221692
0.358147
3.38137
6.91722
0.021766
0.124021
0.0218738
0.0221841
0.0219782
0.0218438
0.0217083
0.0219947
1.85895
0.0218135
0.0219295
0.0216015
0.0218704
0.021889
0.0215764
0.0225618
0.0219809
0.021735
0.021939
0.022028
3.1988
0.0219286
2.35879
0.0222944
0.0220009
0.0217885
5.64189
1.40698
0.0215996
0.0216495
6.87176
0.0472005
0.0219323
0.0220279
0.0321507
0.0217772
0.0219167
0.0217828
2.33519
0.0220925
0.0220556
0.0222839
0.0218916
0.0219783
4.75381
0.0217014
0.0216875
0.021806
0.0220788
0.0219144
0.0218929
0.021948
0.0219381
8.07958
0.0221034
0.0220058
0.0216799
0.0316218
0.0217148
0.0332838
0.0220399
0.0216811
0.0219499
0.0217822
0.0219108
0.0219816
0.0221229
0.0216318
0.0217979
10.8081
0.021967
0.0339959
0.0219717
0.0218985
0.0216459
0.021853
0.0314161
0.0220197
0.0215197
0.0219475
0.0219156
0.0243081
0.623752
0.0217381
0.0214929
0.0220321
0.0220591
0.0219991
0.191744
0.0218035
0.0220057
0.0323391
0.0217533
0.0522138
0.0218356
3.80756
0.0219352
0.021781
0.0220984
0.0217874
0.021944
0.0263477
0.0218726
0.022024
0.0219037
0.0219825
0.0221269
0.0217574
0.0218859
0.0216574
6.9377
0.0219712
0.0222321
0.0968321
0.0240237
0.0217959
0.0215486
1.47942
0.0225203
5.46744
0.0217954
0.0959335
0.022284
0.0242067
0.0215425
0.0220305
0.0219127
0.0217626
0.0219166
0.0219111
0.0219511
5.76158
0.0214246
0.0220403
6.20607
0.0221218
0.0216228
0.0222267
0.0219171
0.0328485
0.0217009
0.0309858
0.021862
0.0221231
0.022127
0.0221302
0.0218364
0.0219604
0.024426
2.42768
0.0222319
0.0221324
0.0218455
0.0220074
0.0216122
8.45765
0.0229359
0.0220664
0.0218952
0.0215904
0.0216979
0.0270546
0.0217914
0.0214773
0.0220672
0.0219713
0.0214994
0.0224186
1.25124
0.0221251
0.0218111
0.0222744
0.0220093
0.0220439
0.0214614
0.0220737
0.0220256
0.0220752
0.0221409
0.0215033
0.0219115
0.0220225
0.0219329
0.0221579
7.122
5.52087
0.0220579
0.0237073
0.021851
0.0261366
0.119605
0.0215951
0.0217948
0.027594
0.022836
0.0326546
0.0220478
0.0219601
0.0219399
0.0219875
0.0216032
0.021887
1.89693
0.033816
0.0215734
0.0247376
0.0223247
0.256677
0.0216659
0.021633
0.0215274
0.0217349
0.0219033
0.0911912
0.021841
0.104072
0.0494573
0.0248033
0.0219015
0.0220837
0.0218451
0.0219084
0.0223405
0.0218941
0.0219203
0.0306076
0.0220474
0.0218235
0.0221611
0.0220351
0.021972
0.0220101
0.0219853
0.0217314
0.0220117
0.0218959
0.0220298
0.022015
0.0373092
9.26125
0.0353467
0.0217205
1.92612
0.0220538
0.0216839
0.0686828
0.022367
0.0218764
0.0219285
0.0218983
0.0219408
0.0216698
0.0220315
0.0225035
0.0219229
0.0219381
0.0217966
7.39686
0.0217782
0.0219003
0.0305708
0.0217657
0.0217585
0.0219831
0.022293
0.0221503
21.8907
0.0218819
0.0424684
0.0219715
0.04682
0.155137
0.0214604
4.58052
0.0219502
0.0219605
0.021713
7.80694
2.69119
0.0215927
0.0282021
0.0221828
0.0231034
3.53691
0.0247599
0.0219535
0.0216003
1.10875
0.0219736
0.022983
0.0220366
4.50897
0.0219366
0.0215291
0.0217681
8.7415
0.021796
0.0219798
0.0220006
0.0216738
0.0220149
0.0220902
0.0219997
1.96589
11.1667
0.0219946
0.0237204
0.0249681
0.0895527
0.0217192
0.216144
6.83028
0.021565
0.0216502
9.7898
0.0276573
0.0220165
0.0217988
0.0222928
2.19452
4.51027
0.0221646
0.0221377
0.0226461
0.0220715
0.0219731
0.022484
0.0222561
0.0220484
0.0219164
0.034086
0.0215314
0.023729
0.0226344
11.6942
0.021564
0.0220603
0.021808
0.0226852
14.0864
0.022131
0.0586935
0.022756
0.0219961
8.29827
0.0220797
5.01843
9.76659
0.0218423
0.0221224
0.0219299
0.0225816
0.0219992
0.0218349
0.0277289
0.0214403
0.652323
1.85309
1.29828
0.0219992
0.0248025
0.0219501
0.0215742
0.0219939
0.0221449
1.58679
0.0220852
0.0220806
0.0218147
0.0221393
0.022183
0.0221651
0.0219983
0.0219952
0.0221064
0.0215242
0.109714
0.0227099
0.0830688
0.0221413
0.021925
0.0218421
0.0220294
0.0216976
0.0220479
0.0226171
0.0250695
0.0216855
1.28299
0.0220985
0.115414
0.0219184
0.0219387
0.0766046
0.0293714
0.0219353
0.0219803
0.022032
0.0219394
0.0216112
16.1178
0.0467895
0.0219377
0.0215401
0.0221159
0.021999
0.103246
0.0219949
0.0214932
0.0220446
1.32339
12.233
0.0216936
0.0218274
0.0219755
0.0219537
0.0235267
6.94473
0.0311077
0.0773509
0.0215935
0.0438941
0.126832
0.0221021
0.0222379
0.148452
0.0227109
0.0216543
0.211207
0.0240108
0.0233045
0.0217852
0.0534095
0.0220354
0.021998
0.0700359
0.0219654
0.0239041
0.0220295
0.0783369
0.021522
0.0220226
5.50003
0.0263096
0.0221275
0.0315727
0.021622
0.0291125
0.0251952
2.75928
6.1441
0.022278
0.0217142
0.0329943
0.0220268
8.53363
1.43328
0.0220838
0.0220563
2.95261
0.0216434
0.0222058
0.0507467
5.06547
0.0726777
0.0216484
0.0219337
0.0219138
0.0217963
0.0217328
0.0220324
0.0441895
0.0220286
0.0215053
0.0218982
0.0219604
9.70469
0.0330229
0.0221832
0.0236552
0.0215394
0.0219729
0.0301505
0.0221066
0.0371813
0.0218898
8.54793
0.021488
0.0218056
0.03858
0.0221814
0.0221001
0.0221928
0.0255829
0.021523
0.0226366
0.0215698
0.021877
0.0216883
0.0233329
0.0219913
0.0219128
0.022067
1.41365
0.0412012
0.0215888
0.0219194
0.0219242
0.0215233
0.0667067
0.0742878
0.0218601
0.0220445
0.0218117
10.5066
14.7537
0.0220654
0.0215954
0.0215541
0.0216156
0.0222184
0.0218722
0.0217957
0.0218723
0.0462471
0.0219268
1.26449
0.0220282
0.0218271
0.0220185
0.0657181
0.0217206
0.0418262
0.0217949
0.0219527
0.0219181
0.0324374
0.0220124
3.29642
0.0219891
0.0222926
0.0220124
0.0217225
0.0320377
0.0227358
0.0218494
0.0215858
0.0221136
0.0220398
1.5235
0.0496467
0.0220786
0.101075
0.0218236
0.0221425
0.025642
3.19308
0.0220168
0.0222443
0.0302301
0.0267079
4.07224
0.0216295
0.0218839
0.06985
0.0557972
0.0214312
0.0221151
0.0221748
0.0217914
0.023495
0.0219287
0.0219038
0.0276063
0.0215156
0.0506058
0.0217942
0.0218171
0.0219522
0.0218527
0.0216562
0.0220505
0.21064
0.0222521
0.0218425
0.0217553
0.0216866
0.0218111
0.0218874
0.0337947
0.0614348
0.0216994
0.022247
17.3308
0.0563566
0.069657
6.98113
0.0219112
0.0217558
0.0217113
0.0217206
0.060506
0.0221247
0.119633
4.97479
1.37302
0.0220481
0.0223902
0.0215742
0.0222384
0.0219767
0.0265184
0.0222631
0.0263354
17.3778
0.0218084
1.13648
0.0258135
2.21533
0.022066
0.0217666
0.0217048
5.87914
0.0217954
0.022259
2.00867
1.26784
0.0219145
0.0218526
0.0223584
0.0216457
0.0217815
0.0617783
0.0217893
0.0218452
0.0270811
0.0221375
0.0218119
0.02161
0.993064
0.021925
0.022132
0.0219511
0.0578091
0.0217675
0.02201
0.0281358
0.023634
0.0218677
0.0647194
0.0395291
0.0242797
0.0567245
0.0231061
0.0219946
0.0218687
0.0217541
0.0217
0.0218562
0.0221587
0.0221548
0.0261303
0.0221865
0.0219792
0.0580815
0.0510126
0.0219251
0.0215854
0.0220214
0.0220394
0.965814
0.0217445
0.0231157
0.0354079
0.464003
0.382435
0.0218547
0.0360199
0.0556834
2.42973
0.0218798
0.0219806
0.0226447
0.0218601
0.0222724
0.0218911
0.0425618
0.0214395
4.5884
0.021917
0.02198
0.0217411
0.021958
0.0220369
0.0222654
0.0220255
0.0221278
0.0222454
0.0219339
4.3867
0.0217874
0.0219344
0.569791
0.0220217
0.0220095
0.0523886
0.0219938
0.0220944
0.027921
0.0221472
0.0218397
0.0222717
0.0219446
0.0218199
0.0219188
2.70148
0.0262824
0.0227604
0.021882
0.021902
0.0218831
5.66257
5.41997
0.0227641
0.0219989
0.021933
0.0243472
0.0219556
0.0303083
0.0219613
0.022196
0.0220417
0.814935
0.0405248
0.0217551
0.0372321
0.0219468
0.0308899
0.0221215
0.0216993
0.022106
0.0221457
0.0218035
0.0217783
0.0219016
0.0221698
0.22339
0.0239488
0.0218578
0.0266736
0.0245125
0.0489373
0.0226119
0.0222527
0.0219718
0.0231832
0.0218857
0.0224503
0.0217077
2.55592
0.308095
0.0227307
0.0373393
0.0215324
0.0219575
0.02194
0.0217015
0.0219031
0.0223738
0.0220948
0.0219918
0.0222245
0.314337
0.0240364
0.021715
0.0219157
0.133319
0.0220166
0.0218694
0.0487036
5.89573
0.0219733
0.0218532
0.0219376
0.021821
0.0219577
0.187033
0.0218245
0.0217233
0.0218859
0.0220074
0.0222419
0.0221703
0.0216876
0.0264845
0.0219579
0.149077
0.0221778
0.0234112
0.0391406
0.0219893
0.022095
0.0219223
0.0222941
0.0221204
0.0221366
0.0226435
2.06752
0.0220355
0.0217284
0.04997
0.0220055
1.06407
0.13753
0.0219664
0.0220219
0.022131
0.0217705
0.0220664
0.0216666
0.0219879
0.0420523
0.0222926
0.0215995
4.04299
0.0222046
0.0221109
0.0222076
0.0217925
0.0724834
0.0272787
0.0220774
0.0219447
0.0216619
0.0220385
0.0219315
0.0221095
0.0293275
0.0288422
0.0219786
0.0221539
0.0214619
0.021981
0.0216554
0.0219297
0.0219902
2.89355
0.0234403
0.0219431
4.61291
0.0221484
0.0220936
0.0222932
0.0221171
0.0219799
0.0219356
0.0221237
0.0221646
0.0220218
0.0218347
0.0222849
0.022142
0.0219023
0.0222938
0.0221371
0.022176
0.0218867
0.0221756
0.0216665
0.0222865
0.0217394
0.0221253
0.0221254
7.63627
0.0220629
0.0220277
0.0218187
0.0389252
0.022046
0.021903
0.0217744
0.0219252
0.0232952
0.022293
0.0221462
0.0217315
0.0222935
0.0221744
0.0221325
0.0228013
0.0222917
0.0222277
0.0219046
0.022293
0.0221056
0.138918
0.0218615
2.96824
0.0222502
0.0220589
0.0305725
6.11671
0.0227647
0.0219418
0.0220418
0.0215771
0.0221143
0.0220287
0.0217154
0.0271709
0.021789
0.0219766
0.0221123
0.0412757
0.0235079
0.0218048
1.27112
0.0548417
0.0218919
0.0218368
0.0220576
0.0233228
0.0219007
0.0239456
0.0247793
0.0217692
0.0215087
0.0221357
0.0220251
0.0220874
0.0220765
0.0221868
0.0222497
3.99921
0.0219866
0.0220445
0.0221194
0.021683
0.0462656
0.0216862
0.0221571
0.0221757
0.0221297
0.0220661
6.203
0.0407616
0.0218583
0.0218024
1.36603
0.021752
0.0221241
6.70722
0.205445
8.67529
0.0221735
0.0221685
0.0435367
0.0226736
0.0219984
0.0218408
0.0217155
0.0219432
0.0218074
0.0219935
0.0320077
0.0221062
0.0221277
0.0218473
0.0215259
0.0219964
0.0217173
0.0218676
0.0221427
0.0215502
8.4218
0.0221788
0.0220194
0.0352932
0.0220392
0.0218479
0.0220632
0.265662
0.0218063
5.63092
0.0219729
0.0218222
0.0227302
8.94268
0.0220458
0.022032
1.55271
0.0221983
0.0232733
0.0220404
0.02191
0.0353222
0.0216743
0.0298575
8.13182
0.0219302
1.89862
0.0222419
8.57681
1.48032
0.0907851
0.0222428
0.0218877
0.0214069
0.0221282
0.0218372
1.50492
3.4161
0.0216665
0.0221765
0.0731534
0.0218816
0.0222361
1.05026
0.0218802
0.0222757
0.021983
0.0455109
0.110312
0.0218454
0.0226099
0.02214
0.021987
0.0216715
0.104932
2.2096
0.0235682
0.0259062
0.0219787
4.808
5.7032
0.0220653
0.0219101
0.0221999
0.0217047
0.0220238
0.0220451
0.0221968
0.0225974
0.0214225
0.0336628
6.78622
1.93711
0.0221445
0.0221826
0.214938
0.0221632
0.0223899
6.00853
0.0221558
4.56881
0.0261221
0.0221811
0.0219678
0.027484
0.0217533
0.228592
0.0222003
5.51725
5.46035
0.0220013
0.0222002
0.0221213
5.37074
2.81711
0.0214904
6.12811
0.0219694
0.0222301
0.0218011
0.021661
0.190916
0.0275262
0.0218316
0.0221623
0.024751
0.0218065
0.0220081
0.022223
0.0221429
0.0218531
0.0216813
0.085602
0.022226
0.0214901
0.0634
0.022179
0.0222031
0.0221395
0.0221271
0.0214578
1.30304
0.0224874
0.027022
0.185211
0.0221906
0.022093
0.0215839
0.0221728
0.0221909
0.0589344
0.026873
0.0216575
0.0217262
0.0222037
0.0217381
0.022229
0.0263349
0.0219772
0.0222081
0.0221175
0.0222072
1.31602
9.51368
0.0216342
0.0225031
0.0218528
0.021552
0.092508
0.0314738
0.022153
0.0221865
0.0217375
0.0219626
0.0220715
0.0219533
0.021456
0.0244036
0.0222437
0.0222154
0.0222091
0.022162
0.0219938
0.0216832
0.0221531
0.0217544
0.0220676
0.0216634
0.0221521
0.0222195
0.0600235
0.0215378
0.0221162
0.021797
0.0221551
0.0219188
0.0221447
0.0226386
0.167308
9.70059
0.0221814
0.0224193
0.0220475
0.0218405
0.0222456
0.0216721
0.0216938
0.0219449
0.0219841
0.0239155
0.022246
0.0221993
0.0219137
0.0219303
1.33746
0.0222327
0.0219557
0.0216402
0.0218397
0.0217994
0.0215493
0.0257562
2.89796
0.0221002
5.90463
0.0220822
0.0223249
0.0221123
0.0217498
0.0518744
0.0222339
0.0220585
0.0219319
0.0244014
0.0216605
0.0220061
0.0221844
0.0218969
0.0216559
0.13829
0.0220535
0.0217241
0.0219507
0.0217611
0.0218162
0.151997
0.0218752
0.0243344
0.0221085
0.0220816
0.221198
0.0224057
0.0216007
0.0219339
0.0217716
0.0217938
0.0221723
0.0221188
0.0216728
0.0249179
2.17725
0.0221934
0.0218292
0.0215589
0.0218805
0.022227
0.0220218
0.0220745
0.0222133
0.0938142
0.0214884
0.0218864
0.021472
0.0425289
0.0222192
0.0221789
0.0218833
0.0221097
0.0222677
0.0216236
0.0216639
0.0218639
0.0216074
0.0218642
0.0220255
0.0216272
0.0215908
0.0221653
0.0222272
6.50894
6.31778
0.0220653
4.17631
0.0220309
3.72083
0.0222847
0.0219697
0.0532478
0.0220356
0.0219054
5.39684
0.0218076
0.0217834
0.230157
0.0217693
14.397
0.0223152
0.0221319
0.022186
0.0217896
0.0216532
0.0224291
0.0218029
0.0221586
0.0218488
0.022156
0.0221369
0.0217994
0.0217763
0.022233
0.0223725
0.0221582
0.0219016
6.64522
0.0220096
0.0462301
0.0221509
0.0220907
0.0215694
0.0217629
0.050265
0.0221091
0.248791
0.0217382
0.0221296
0.0219234
0.0217793
0.0220087
0.0221956
0.0293691
1.97246
0.0219445
0.103023
0.0220707
0.0215554
0.0220581
1.37211
0.021916
0.0217497
0.0222406
0.0219368
0.0652207
0.0313919
0.0220583
0.0219268
0.0218632
0.0219527
0.0217165
0.0219225
0.0221654
0.0218555
0.0260595
0.0220585
0.0219563
0.0220146
0.0220847
0.0221518
0.0220896
0.0221288
0.0218509
0.0218157
0.0218361
0.0219539
0.0221311
0.0219689
0.212558
0.0219856
9.09427
0.021723
0.227957
0.021985
0.021855
1.49267
6.2722
0.021874
0.02174
1.45925
0.0218985
0.0220586
0.0492761
0.0247642
0.0220876
0.0255375
9.31146
0.0220168
0.033385
0.0222004
0.0220009
0.0221731
0.02209
0.022033
0.0222635
0.0222425
0.0219982
2.62226
0.0215098
0.0227333
0.0220745
0.0399317
0.0218629
0.0222122
5.44494
1.69843
0.0221373
0.0222074
0.0247309
0.0215274
0.0216926
0.0219211
0.0220603
0.0268623
0.0219109
0.0215135
0.0221164
2.03536
0.0220956
0.0220417
0.0300858
0.0220788
0.0222228
2.90728
5.54651
0.0214936
0.0221889
0.0219023
0.172323
0.0221512
0.0214838
0.021653
0.0217971
0.0220495
0.0220998
0.0220494
0.0222856
0.0218534
0.0218851
0.0215825
0.0215077
0.0217833
0.0220716
0.0214715
0.0290878
0.0217361
0.0222847
0.0220239
2.05608
0.0216438
0.0218129
0.0217979
0.022082
0.0220249
0.0217937
0.022093
0.0222005
0.02206
0.0221453
0.0216785
0.0220537
0.0220915
0.0222183
0.0216306
0.022185
0.0214751
0.0217097
0.0218037
0.0219318
0.0221605
0.0221639
0.0221042
0.0218811
0.021964
2.05704
0.0219325
0.0219641
0.0220022
0.0221262
0.0218805
0.0277742
0.0251328
0.0334886
1.40036
0.0673636
0.0219786
0.0214979
0.0217147
0.0221768
0.0221966
0.0227917
0.0216963
0.0220901
1.41339
0.0220603
8.01834
0.0215342
1.87955
0.022075
0.0223845
0.0216831
0.0216255
0.0221831
0.0215409
0.021959
0.0219678
0.0217966
0.029384
0.383033
0.0221494
0.0219717
0.0217234
0.0221825
0.0397897
0.0220217
0.0219381
0.0221684
0.0219847
0.161781
0.0214452
0.0221854
0.0220322
0.0220416
0.0221675
0.0221886
0.0220616
0.0217646
3.59348
0.0220972
0.263358
0.0299901
0.0219308
0.0218831
0.0218939
0.0219812
0.0233144
0.0222191
0.0222459
0.0475652
0.0220079
0.02217
0.0218841
0.0466399
0.167548
0.0222255
0.0220022
0.0216822
0.0218608
0.021983
0.0221818
0.0273462
0.0220694
0.02401
0.0362879
1.66157
0.0219637
0.0219404
0.0219463
0.0309999
0.0398366
0.0221607
5.11118
2.17155
0.0219563
7.17676
0.0219254
3.97826
0.0218884
0.0219429
0.0220622
0.021705
0.0220582
0.0221696
0.0219453
0.0221532
0.0222034
0.02313
0.0219471
0.0221111
0.0214431
1.41594
0.02158
0.0218414
0.0255645
0.0323045
0.0216857
0.0225026
0.0220361
0.0217972
0.0221519
0.0216431
1.56739
0.0220496
5.37352
0.0219843
0.0221348
0.022524
0.0219007
0.0216502
0.0226089
0.0219301
0.0218032
0.021594
0.0217481
0.0220294
0.0220493
0.0236349
0.0222055
0.0233317
0.0220145
0.0221173
0.0220034
0.0220975
0.0298445
1.94679
0.0220029
0.0215263
0.0219615
0.0221391
0.0218366
0.0218566
6.35118
0.021792
0.0220103
0.0262142
0.0986014
0.151638
0.0219373
0.0215127
1.8193
0.022043
0.0215585
0.0359577
1.74419
0.0218441
0.0219157
0.0219523
0.0216762
0.0220036
6.50684
0.046951
2.20336
0.0217332
0.0251753
0.0221453
0.0218552
0.0215866
0.0214661
0.0217
0.0218629
1.49577
0.0220096
0.169323
0.0218656
0.0216989
0.0220034
0.0219505
0.0218123
0.0222672
0.0216891
1.86544
0.0222069
6.64252
0.02212
0.0218661
0.0219755
0.03368
0.0216915
0.0218489
0.0217172
0.0215588
0.0443586
0.0236816
1.39336
0.0218917
0.0218847
0.0214091
6.1383
2.37666
0.0219002
0.0218401
0.0223717
7.11932
0.0218575
0.0217118
0.0222244
0.021686
0.132178
0.0217742
0.0218203
0.293688
0.0219236
0.0219941
0.0219474
5.2421
0.0376842
0.0218215
0.021684
0.0218916
0.0219493
3.10678
0.0218435
0.022118
0.0218081
0.0219907
0.026039
0.0218329
0.0219689
0.0217384
0.0218312
0.0222053
0.0237224
0.0330353
0.0219626
0.0218932
0.0220972
0.0221401
0.0219364
0.0220641
0.0219714
0.0222265
0.0218416
0.0219041
0.0247152
0.0225399
0.0219441
0.0225873
0.022108
0.0221835
10.5833
0.022078
0.0226425
9.61699
0.0219831
0.022158
0.0219952
0.463421
0.0215429
0.0233816
0.0418755
0.0216694
0.0222539
0.0221884
0.213164
0.0220582
0.0219448
0.0217696
0.0221109
0.0220076
0.0815836
0.0266725
0.0246526
0.0218717
0.0217317
0.0221933
0.0218475
0.0219952
0.0216284
0.022679
0.268043
0.0219158
0.0221152
1.11539
4.00698
0.0219586
0.0219759
0.0221029
0.0679821
0.0844623
0.0218995
0.0219192
8.1567
0.021936
0.0219463
0.0220951
0.0216624
0.0220877
0.0222286
1.30991
0.0221624
0.0221073
0.021914
0.0218321
0.0221297
2.18713
0.0218866
0.0218996
0.0218918
0.0352078
0.0221979
0.0218558
0.0219641
2.2624
0.0216493
0.0221454
0.0218191
0.0222062
0.0217384
0.0236802
0.0219628
0.021859
0.021903
0.0669613
0.0221498
0.0222084
0.0221453
0.0220639
0.0222274
0.0220685
2.16437
0.0220495
0.0670133
0.0222345
0.021735
0.022214
0.0222051
0.0216369
0.0217133
0.0216724
0.0218153
0.14253
0.026563
0.0218289
0.0524905
0.0214726
0.189482
0.0221376
0.0217273
0.0216727
3.20378
0.021728
0.021828
0.0215422
0.0218286
0.0269909
0.0220647
0.0218708
0.0216517
0.0215872
0.0220142
0.0217137
0.021491
0.405916
0.128911
0.0218175
0.0220646
0.0220626
0.0218252
0.027512
0.0216197
0.0220758
0.0218283
0.0219432
0.0222467
0.0219075
0.0216551
0.0267038
0.0314859
0.0221689
0.0218201
0.0217975
0.0216049
0.0227734
0.0219293
0.0221142
0.0219599
1.26708
0.0219681
0.0221147
0.0217659
0.0219257
0.0230753
0.0217864
0.0217725
0.0218731
0.0216557
0.0214587
0.0319623
0.0218214
0.0219602
0.0216007
0.0220292
0.021643
0.0220573
0.0880807
0.0221875
0.021579
0.0226827
0.0219423
0.0219342
5.97323
0.0217722
0.021833
0.0216881
2.38262
0.0217448
0.0219244
0.0368745
0.0394369
0.0214749
0.0222465
0.0222196
0.0217614
0.0219576
0.0219267
0.0218679
0.0408398
0.0226911
0.02211
0.022121
0.0219859
0.0220648
0.0218312
0.0217159
0.0237095
2.87279
0.0219568
0.0219381
0.0219415
0.0216822
11.5946
0.0218916
0.0219388
0.0219835
0.0220966
0.0225452
0.0215067
0.0218336
0.0220102
0.0224655
0.0219541
0.0219384
0.0386837
0.026295
0.0220808
0.0853024
0.0218225
0.0217546
7.3698
0.0218744
0.0220367
0.0219218
0.0222002
0.0219585
0.0217558
0.0222079
0.021793
0.0218071
26.0722
27.7053
26.218
2.83721
0.0216162
0.0218921
0.0217529
0.0219087
0.0227426
0.0217751
0.0217212
0.0221445
0.0220761
0.0220651
0.0215236
0.0997896
0.0221289
24.1214
0.0221511
0.0221128
0.0221816
0.0822807
0.021747
0.0218491
0.022129
0.0217552
0.0218765
27.3569
0.0218042
8.88208
0.293207
0.0219324
7.3992
0.0218353
0.0667185
0.0217491
0.0221813
0.0694952
0.023795
0.0220643
0.0221448
0.021867
0.0220637
0.0218987
0.0218482
0.0217535
17.0214
23.5049
29.6771
20.1397
23.3984
31.2921
26.7605
13.6443
20.6039
12.4137
23.2531
22.8312
13.4942
25.0568
26.2226
28.4298
12.4154
24.9582
6.47831
21.0259
0.0221578
0.0217619
0.0215427
0.0769288
0.0217509
0.0216862
0.0218722
0.0222403
0.0222269
0.0219307
0.0220305
0.0218313
0.021831
0.0218565
1.57064
0.0220016
0.0626435
0.0219218
0.0221395
0.0216399
0.0218899
0.0218357
0.022025
0.021445
0.021843
0.0219157
0.0219159
0.0219356
0.0221824
0.0218615
8.24702
8.80898
8.47193
7.49949
6.01613
0.0219251
0.0222196
0.0737642
0.0221811
0.0218363
0.0219021
0.0217789
0.022124
0.0218742
0.0731824
0.0220805
0.0218349
0.0218303
0.0219488
9.82637
0.0218288
0.021927
0.0218886
0.0215538
1.51508
0.0218906
1.88509
0.0406534
8.45717
0.0257996
0.0448638
7.41716
0.0220117
0.0217269
7.68753
0.190469
1.81511
1.67277
0.0372039
0.0214949
0.023193
0.0216071
0.0218562
0.0215195
0.0217294
0.0217922
0.0222002
0.0222168
0.0665639
0.0272938
0.0218953
0.0217214
0.0220784
0.02224
0.0230214
0.0219115
0.0217747
0.0260218
0.0216998
0.0218811
0.0217331
0.0218714
2.58353
0.0217675
0.0222396
0.0221794
0.0220901
0.0216392
0.0220438
0.0221632
0.0216352
0.0222001
0.021925
0.0216741
0.0219297
3.24222
0.0215031
0.0219608
0.0216082
0.061143
0.0219242
0.0219443
0.0222119
0.0218462
2.10866
0.171211
2.80362
0.0216311
0.0218491
0.0218338
0.0218754
0.022132
0.022135
0.0219688
0.0218384
0.0218646
0.0218143
0.0218231
0.0256944
0.0944179
0.0216309
0.0219017
0.021928
1.53344
0.0218308
0.456406
0.022618
0.0218373
0.0218278
11.9865
0.0216643
0.0219342
0.0220977
0.0219476
0.0214385
7.27752
0.0215486
0.0221612
0.0532173
0.0220707
0.0219664
0.0308823
0.043349
0.0216647
0.0218269
0.0225642
0.0218908
0.021692
0.0564701
0.0220992
0.0218693
0.0224924
0.0216084
1.10481
0.0224986
0.0219732
0.0222355
0.0219318
0.0219924
1.2158
5.8823
0.0218547
0.0219496
0.0220933
5.95033
0.0216673
0.0366602
0.0216461
0.0220306
0.0216201
0.0218357
0.0219596
0.0219544
0.0216684
0.0216045
0.0216731
0.0222187
0.028249
0.0220748
0.0216998
0.0215377
0.021708
0.0223312
0.0244623
0.0218292
0.0217971
1.76644
0.0218255
0.0214244
0.0216839
0.0360974
0.0217738
0.0214889
0.0214046
0.0521976
0.0220476
0.0217709
0.0220664
0.021671
5.13592
7.28368
0.0246372
0.0214058
0.0222299
0.0217657
0.0220857
0.0219643
0.0219486
0.0215051
0.0217981
0.0222937
0.0227626
0.0216789
0.0266715
0.05093
0.0220418
7.23945
0.0220082
0.0220831
0.0217695
0.0221335
0.021655
0.0217277
7.18632
0.022821
0.0215401
0.0217353
5.6062
0.0221449
0.0221826
0.0507241
9.58412
0.0219311
0.021492
0.0293647
0.204343
0.0217073
0.0219614
0.048617
0.0216282
0.0220041
0.0221632
0.0215417
0.0221702
0.0216705
0.021654
0.0220079
0.021551
0.123964
0.0222368
0.0351498
0.0438591
0.0221723
0.0220649
0.184067
0.0214548
0.0219769
0.021678
0.022032
0.0214936
0.0218879
0.0254565
0.02205
0.0221756
0.022009
0.0219543
7.27868
0.0218074
0.02189
0.0219657
0.252335
0.021721
0.0221163
0.0222599
0.0219247
0.0465135
24.1685
23.8708
0.0218203
0.0220355
0.0221951
0.0222486
0.0217763
0.0625532
0.0218796
0.238903
2.24158
0.0454783
0.0215388
12.8935
0.0220807
0.0222604
0.0215425
0.022215
0.0217455
19.2899
0.022235
0.041737
0.0468014
0.0214901
1.86112
0.0217277
3.97755
0.0215719
0.0217381
0.0217574
2.43921
0.0290782
0.0220078
26.4972
0.0270128
0.022008
0.0216876
0.0219306
0.0237543
0.0217078
0.0220746
0.0218818
0.0220985
0.0218418
0.0218875
0.021776
0.0214892
0.0222392
26.3148
25.2478
0.021917
0.0222166
0.0224284
0.0221878
0.0231387
0.0217205
0.021789
0.0219325
0.0218376
0.0221272
0.0215087
0.114173
5.4348
0.0218245
0.0215708
0.0220085
0.0215048
7.51401
13.2615
0.0216772
0.0235339
0.0222557
0.0218797
0.181685
0.0218783
0.0217177
0.0220915
0.0235949
0.0221267
0.0216217
0.0215441
0.021929
6.30921
0.0219354
0.0252412
1.31876
0.0291585
0.0219704
0.021644
0.0218777
5.49562
0.0221645
3.0641
0.174363
0.023429
0.0221102
0.0218744
0.0321027
0.0221384
0.0216358
0.0336199
0.0221881
0.023176
0.0220455
0.144029
0.0219393
25.6202
28.7455
0.0220916
0.0218236
0.0335421
0.0220237
0.0218322
0.0220115
0.0221087
0.021863
0.0219715
0.0216547
3.69403
0.0218389
0.0215425
0.0230495
0.0218997
0.0305025
0.0216849
0.0218812
0.0215366
0.0219379
0.0220745
0.0218435
0.0218668
0.0218938
0.021868
0.0220256
0.0219853
0.184528
0.0215382
0.0225128
0.0221297
17.6407
0.0366964
0.0216428
0.0253408
0.0218986
0.0422355
1.47068
0.0230849
0.021939
0.0854211
0.0218415
0.0221619
0.0229961
0.0218824
0.0956842
0.0219245
0.0227494
0.0219422
0.0218481
0.0220907
0.0216501
0.0216649
0.0214946
0.0216955
7.85743
11.9454
0.0302525
0.0216923
0.0221796
0.0506682
0.0216402
0.0220003
0.0218725
0.111015
7.06581
0.0221979
27.4024
0.217194
0.0219196
0.0218758
0.021481
0.0738205
0.0218345
0.0218295
0.0220967
27.0302
0.0614249
0.0219029
0.0221469
0.0217813
0.0217594
0.0474598
0.0218454
0.0217314
0.0231412
0.021489
0.0220468
0.0252378
0.0220758
1.17788
1.84807
0.161513
0.0220548
0.0219424
0.0218305
0.0217104
0.0218633
0.117008
0.0218279
20.8536
0.0266834
0.0220023
0.0217925
1.88094
0.0218439
32.6414
0.0839219
0.0235022
8.18158
0.0215695
0.022139
0.0220599
0.0218959
0.0221945
0.0425833
0.0240882
0.0752652
26.2098
26.3295
0.0221067
0.022123
0.0340143
0.0237646
0.0219318
0.0220215
0.0226698
0.0217571
0.0219352
0.119172
0.0219952
0.022075
9.09858
8.04328
0.0219507
0.0255027
0.163924
0.0221584
4.63144
0.0223999
0.047296
0.0219227
12.1974
0.0218186
2.67181
1.67508
0.021533
3.03283
1.48139
0.176937
0.0222079
0.0215689
0.0346168
0.140661
25.4711
0.0218404
23.7094
0.0219738
0.0220356
0.122269
1.23541
0.0219409
21.7047
4.11421
0.0215846
30.6439
0.0217731
4.21376
0.0219313
0.022098
16.9135
0.0220345
0.0218766
12.4151
3.37655
0.0218795
0.024665
0.0220159
10.1324
0.0326764
0.0218444
0.0219035
0.0215335
0.0217213
0.0214404
0.0216715
23.7609
0.0215214
1.27839
0.0220748
0.0218225
0.0218427
0.0220603
0.0218612
0.0221552
0.0220452
0.0225012
0.0785274
0.177917
0.0263454
0.0215657
6.23886
7.06574
0.0219027
0.02216
0.0275636
10.1378
0.0222285
0.0291166
0.369074
1.3359
0.040001
0.0363281
0.0221752
2.43343
5.40838
1.14865
0.0247254
0.0875849
0.0221282
4.55992
0.0221869
0.0219666
0.0355712
0.0359664
0.0214812
0.0218828
0.0218923
0.0220304
1.83003
0.0220926
0.0219367
0.1642
0.021644
1.66135
0.0218726
0.0257244
0.02175
0.0361043
0.0221817
0.0221325
0.022133
0.0260372
0.0217716
0.021908
15.9071
0.022066
3.91077
0.0218982
0.0219375
0.0220033
0.02174
0.0358055
0.0218804
0.0219667
0.0221907
0.0218522
0.119637
0.0218533
11.7814
0.027514
0.0218771
0.0217761
0.0218545
0.0220162
0.0219285
1.7528
0.0255533
0.0221604
0.128131
0.0224936
0.022083
0.0220308
26.7608
8.36465
0.0466551
0.760327
3.52744
0.0248238
0.238243
0.02214
0.0218673
0.0222074
0.0617658
0.0219659
0.0216336
0.102763
0.0267542
1.98144
0.0221571
0.0723722
0.02221
0.0217607
16.3365
0.762141
0.709756
0.0219509
0.0218456
0.0219813
0.0216584
0.0376332
0.0251458
14.0108
0.0218596
0.0224943
0.0215148
0.0222472
0.0215463
0.0217134
2.08733
0.0219787
0.0224416
0.0220992
0.0313005
0.0218989
0.0477648
0.299339
1.65634
0.0217954
0.162078
0.0263221
0.0223738
0.026652
0.0219381
0.0218851
0.0262094
0.022173
26.8271
0.0219221
0.0255262
0.198669
0.0219359
0.136345
0.0217485
0.19545
0.0225322
0.0218419
2.39262
0.0833213
0.0221391
0.0215714
0.0298445
0.0217622
0.0391002
0.0346586
0.039772
0.0227295
0.0218454
0.0218928
0.0217113
15.9691
0.0221912
0.021421
0.021928
0.0421741
0.0304588
0.0217629
0.0222786
0.0223957
0.0217746
0.0221257
0.022012
0.022012
11.6121
8.88843
0.023829
0.022285
0.0222837
0.0924894
0.0217706
0.0221784
0.0794721
0.0222307
0.0232126
0.0216262
0.0220412
0.0217867
0.0215595
0.0219911
1.64442
0.092302
1.48439
0.0354482
0.0220137
5.62499
0.0220482
0.0217398
0.0219114
0.0759418
2.42956
0.0217653
0.0334831
0.0221882
0.0245315
1.39393
0.0217817
0.0221924
0.0220897
0.963903
29.1026
0.0248215
0.046119
1.44054
0.0216868
0.0219522
0.0218781
0.0217253
0.0217222
0.0216858
1.65712
2.0089
6.36895
0.0219615
0.0217356
0.0236045
0.0229407
0.0222314
8.05026
7.82954
2.15534
0.0215236
0.0217089
0.0281959
0.0217204
0.0219927
0.0227803
0.0232858
1.95644
0.0221447
0.0217714
0.0218206
1.53268
0.13839
0.0216034
1.55501
1.33791
8.16396
0.0219324
0.955505
0.0518717
0.0222745
0.0217586
11.2991
0.0283377
1.29947
0.0218412
1.50562
0.0217623
0.0218238
0.0239264
0.0220094
8.27651
0.0963511
0.0239044
0.0243965
0.0220803
1.96634
0.327932
0.208611
0.162144
0.0216958
0.0519744
0.0230822
2.25815
1.25915
0.0218441
2.02125
0.0217237
1.709
0.022199
0.0249111
0.021694
2.91731
16.5611
0.0936857
2.1596
0.0217726
0.021727
0.0222866
0.021458
0.0219448
0.0223739
0.0218716
25.4253
0.0277422
0.0221722
28.0833
0.0219964
0.0221069
0.0217883
1.86028
0.0226011
0.0217471
0.0217249
2.0612
0.0232212
0.0783424
21.603
0.125965
0.0216957
0.0224865
1.39724
0.030172
24.3933
0.0258056
0.0285959
0.0215245
31.7284
0.0395779
0.0469946
0.0221251
0.022274
0.0220837
0.0231293
0.0225447
0.0362369
0.101537
0.0215751
0.0215062
0.0215074
0.0216238
0.0216995
17.9077
1.91482
0.132553
2.18182
0.132505
1.46653
0.0220745
0.0221904
0.0216207
0.0216805
0.0222138
0.026333
0.0219018
0.0233895
0.0215146
0.0223273
0.219532
0.0375752
0.0221287
0.0215545
0.0228535
0.0221389
0.0223614
0.129477
0.0251472
0.0220613
0.0216358
1.64073
0.0220935
0.0235634
18.9841
0.0216234
0.0218076
0.0687583
0.0219587
0.0221927
0.0224907
26.6561
0.0216819
0.0223127
0.0225941
0.0229804
0.0231534
0.0230129
0.0217767
0.0269557
0.155501
0.0221933
0.0223826
0.0318155
0.0419186
0.02177
0.0223199
0.0217406
0.0221755
0.949132
0.0214742
17.0826
0.021522
0.0225775
0.108835
0.072096
0.0268
0.03013
1.07081
0.0218382
5.82667
0.0220847
0.0867338
0.022291
0.0284919
0.0218915
0.0224495
0.0225339
3.00436
0.15379
0.0223505
0.348909
0.0222427
0.0227025
0.0220508
0.282757
0.179996
0.0287098
0.106326
0.240857
0.0241482
0.0220077
0.301364
0.022638
0.021973
0.0378302
17.6253
0.435299
0.0288066
0.0222091
0.0866189
1.56274
0.743882
0.022252
0.0221249
0.0362508
0.022904
0.0215207
0.473265
31.9765
0.0274518
0.172288
0.0266627
0.0220386
0.0217018
0.02181
0.0253862
0.0219309
0.0220783
0.0667781
0.0214631
0.0218132
0.0226734
0.0221919
0.0221779
0.0218499
0.0222408
0.1362
0.0220865
7.33211
0.0227302
0.0218773
9.72322
0.0282628
0.022761
0.786552
0.0215327
0.021967
0.0232953
0.031688
0.0618115
0.0220111
0.0220151
0.0233935
0.0218867
0.0221502
0.0441003
0.0729991
0.0229594
0.225251
0.0221605
0.0221903
0.0214716
0.0231657
0.0632309
8.70337
0.261256
0.021938
0.0296363
0.029075
0.0670969
0.0276805
0.0260123
0.0247576
15.8469
0.0338513
0.0218926
0.0249409
0.026439
0.0220436
0.0218399
0.0251835
0.0546915
0.115828
4.41951
0.0216125
17.0466
16.1659
0.0232801
0.0224241
0.0217463
0.0224431
0.277548
0.0230671
0.0253664
15.0301
0.0962937
0.0214741
17.5983
9.49863
0.0228714
0.0223682
0.0234476
0.0245138
5.6497
0.0630694
0.0238955
1.524
3.10737
4.57768
0.0559098
0.0286465
1.05055
14.6649
0.03072
0.27478
0.022042
16.6734
15.6776
0.0224447
0.0220027
0.0220195
0.021659
0.0540642
0.0222112
0.911056
2.40252
0.0225051
0.206254
0.102279
0.0229499
0.0236644
0.0218027
0.0343121
0.166049
0.0242555
0.0222873
2.14217
0.0236158
0.0219865
0.0220802
0.0215533
0.0220628
0.0313585
0.0237204
1.73394
0.0221616
0.0233252
0.021952
0.0463677
10.8392
0.0217565
0.0255
0.0217359
2.02841
0.0218338
0.021457
0.0368583
0.0219338
8.88136
0.0221606
0.0219259
0.0222913
0.0218508
0.0215156
1.92565
0.0391024
0.0536501
0.0714785
0.0219955
18.1113
0.0221563
0.0229178
1.27983
1.03312
5.45638
0.0302647
0.0223172
5.37513
0.0242022
21.1591
23.1079
0.0249315
0.0220672
1.56027
0.0223905
0.0222195
1.99306
0.118567
0.025637
0.219021
1.51712
0.0242358
0.0218836
0.0220467
3.07489
5.94298
0.0367366
3.77967
0.0702599
0.135221
0.0253462
0.0220081
0.0247898
2.76082
0.0275111
0.0243058
3.78561
14.1783
0.0217145
0.109119
9.62503
0.0287535
2.00324
0.0251214
0.021498
0.0297302
0.0218899
0.0508651
0.0219529
0.122836
0.0215062
0.0219632
0.0214392
0.0220515
0.0220012
12.7999
0.0221368
0.113602
0.022495
0.0219126
0.0216432
0.0218711
0.055158
0.0221567
6.93258
10.9151
0.0241289
0.0257673
0.0222691
0.0278244
0.0224971
0.0219961
0.0241554
0.0222289
0.0215876
0.0219399
0.0217157
0.0216963
0.428352
0.022548
0.0218747
0.0220902
0.0220237
16.6036
16.6887
0.0491497
0.023451
0.0230147
0.13986
0.0219257
0.0220316
0.0222711
0.0316404
0.0217618
0.0218408
0.0269584
0.029606
1.52753
17.1733
0.0218414
0.0219367
0.0216716
0.0232953
0.0217086
0.0217515
0.0214805
0.0231546
2.62473
22.0579
0.0244529
0.022147
0.0282606
0.021948
0.0223457
0.0299445
1.88192
24.4718
0.0220352
2.14063
0.0244122
0.021772
0.0222478
0.0252814
0.0219224
0.0232745
1.32387
0.0218796
0.0217935
0.0215489
0.023207
7.35573
0.0221015
0.0304139
2.1556
16.9731
0.0249163
10.4684
0.0265577
0.0310277
0.0220467
2.01052
0.0221023
1.90177
0.0218795
0.0221128
0.0381688
0.0319808
0.0223787
2.06222
0.0221447
0.0221875
0.0218061
0.0221634
0.0217386
0.0239273
0.0253273
0.0222323
0.0302172
18.6532
0.02365
0.965372
0.0222011
0.0267857
14.236
0.0271006
0.0226599
10.2959
0.0218262
0.0221558
0.0220749
0.0226515
0.0341597
0.0222923
8.89358
0.0246569
0.0218527
0.0285342
3.56159
0.0221683
0.0224339
0.0223643
1.88885
1.4884
5.01583
0.248385
1.96268
0.0269865
0.137402
0.0260919
0.0280745
0.0217016
0.0222094
0.0240613
0.0222064
0.0222554
0.0216523
6.05891
0.0238729
0.0218998
0.139492
0.0220853
1.93513
0.0651097
0.0229487
0.0218874
0.0223513
0.0235471
0.0224933
0.0255254
0.0246074
0.0219095
0.0219387
0.0217628
0.0234167
0.0538813
6.35057
0.0280257
5.22281
4.16395
0.885882
11.0981
0.0227019
1.75661
0.0744495
1.39259
0.0340409
0.0235638
0.022382
0.0219944
32.2517
0.0251344
2.53629
0.0291183
0.0227571
0.0243842
0.0281924
0.0221785
0.0224182
3.66756
0.0217125
0.0252102
20.8195
0.0229077
0.0219534
0.029458
0.0216871
0.0218714
0.034622
0.0225952
2.69488
0.0222395
0.137136
0.0226387
1.74132
0.0235165
0.0221602
5.45841
0.0229963
0.194537
0.0216557
0.0225692
5.86174
15.7985
0.0215218
4.54888
1.4955
1.68798
0.156271
0.0257995
0.0217681
0.0265261
6.15304
7.96771
0.0228784
0.0221422
34.2619
0.0219321
0.0657163
0.0227896
0.022123
0.0916794
0.0712595
0.0220107
0.0218742
0.0228318
0.0215571
0.0216788
0.0463981
0.0262206
0.0313626
0.0425393
0.0272386
2.35896
0.0364628
0.0313704
8.33632
0.0299438
0.022146
0.167921
0.0286832
0.0240492
3.32783
0.0216708
0.0654289
0.0228856
0.0217035
0.0223835
0.155332
0.0218071
10.3143
8.54163
1.48785
0.0217826
0.0214905
0.0304364
0.0220416
0.0812741
17.2739
17.0295
0.0223879
0.0218949
0.026467
0.0325195
0.0282424
6.37079
0.0260048
0.0268959
0.0422459
0.0221953
0.0297552
0.0258628
1.67048
0.0288184
0.0216485
1.53443
1.55767
0.0219308
0.0222004
12.0376
0.0321946
1.74301
18.9184
0.0232002
0.024869
0.0241478
0.0236116
0.0219843
0.0223037
0.0275211
0.0231123
0.0460083
9.63307
0.0220891
0.0219259
0.220669
1.55297
0.0221975
0.0222358
0.02179
0.0302999
0.117869
0.0218943
0.0220698
1.94748
0.023451
0.0222248
0.0219288
1.78296
0.0216432
1.31445
16.3643
0.0217861
0.110889
0.0341676
1.76316
0.0232617
0.0884881
5.63814
6.98014
0.0316103
0.0240482
0.0222826
0.0329703
0.0525982
26.2597
0.021783
0.0214812
0.0219744
1.33019
0.0279991
1.66176
0.021888
0.0678001
0.0358066
0.0321875
0.0221066
0.0638687
0.0219197
0.0790705
8.18611
0.0347928
0.0217398
0.0221061
1.6803
0.0222274
0.0220956
19.0123
0.0216666
0.024372
13.6441
6.37063
0.021644
0.0230705
0.0220655
0.0289046
4.81969
0.0239781
0.0504004
0.0214734
0.955262
0.0216366
0.130661
14.1217
0.021913
0.0221993
1.61737
0.0222229
0.0216901
0.0216568
1.70564
3.90539
0.0222874
0.0219283
0.021795
0.0218255
0.0217392
0.997355
0.0218914
16.1239
0.0217332
0.0217044
0.0218566
0.021821
0.0222802
0.0313642
0.0222422
15.6607
15.8905
0.0246389
2.02932
0.159669
0.16307
0.0246927
0.0218864
0.0330967
0.172303
0.0219146
0.139147
0.0216679
2.37303
0.0222338
0.0218851
0.0250575
0.0268668
0.0240617
0.0216409
1.5946
0.022994
11.6546
0.10677
5.48939
0.0220421
2.23456
0.124827
0.0221537
0.0876236
0.124666
0.0254361
0.0317258
0.0214879
0.0742495
1.98968
0.0218954
4.00126
0.0221131
0.147633
0.0219244
0.196153
1.65968
0.0230152
1.72416
0.0215573
0.0232519
0.101456
0.034965
0.792367
0.0218964
0.0233989
0.0344426
0.0944905
1.35795
0.0218776
0.0218774
0.021966
2.12226
0.0242496
0.0281506
1.65668
0.0224806
0.0230517
0.021437
0.0391077
3.31912
0.0623507
0.0313898
0.0221455
0.517923
2.09663
0.0223284
0.0275544
0.0219031
0.0217675
0.0222078
13.7397
0.0641685
0.0622494
0.0369745
0.0216121
21.1867
22.2019
0.0221655
0.0237744
5.5933
0.0243959
0.0231611
0.021721
0.0254543
0.0217656
0.0222484
0.0310779
0.0251483
0.0224529
0.481588
0.0219917
4.71442
0.0895769
1.44247
0.0604674
0.0399367
0.0215241
0.333128
0.0333049
0.0222398
0.0218871
5.45809
0.0215105
1.27963
2.38052
5.59327
0.0383175
0.0259063
0.0263441
0.0223731
0.0221444
3.47343
0.0217926
0.0776537
0.0218935
15.0684
0.0218851
0.0217754
0.0241783
0.0223152
1.95916
0.0267631
0.0479742
16.9418
0.0543568
0.026853
8.70238
0.021916
0.023259
0.222445
7.25136
1.30881
0.236154
0.0218988
0.0220975
1.76983
0.0277865
5.97529
0.105456
0.717718
1.54054
0.0220206
1.53206
0.0908154
0.0216672
0.239285
0.0220833
0.0330445
5.59365
0.022072
0.0294943
0.0221463
5.66802
0.0229548
0.0221395
0.0218688
0.022016
3.55826
1.71608
0.831758
1.59806
1.65789
8.4643
0.0288499
0.0219165
0.0273477
0.0216365
0.0214722
0.510608
0.0219666
16.4092
0.0305726
16.5781
0.0249382
0.11016
0.0688448
0.0220316
0.0216342
0.0217002
0.029681
0.0222246
0.033548
2.02991
16.8049
0.0225308
6.78862
0.0218356
4.39831
0.0222396
0.10239
12.5775
0.126594
11.026
0.0221018
0.0219879
0.0430431
0.0219312
0.028534
5.75417
0.114513
5.37455
0.0392012
5.55991
0.0371038
1.06675
0.021425
1.55395
0.0342271
0.0219258
0.0221914
0.0233253
1.66137
0.0302658
0.0216092
1.00883
1.75958
0.0224988
17.5965
0.0222303
0.0322481
0.0220145
0.0387836
5.19573
0.0350089
22.6826
6.01847
0.0223729
0.0219717
0.0381442
0.104267
0.0564233
2.14937
1.29625
0.0222162
5.48083
0.0219385
0.0216948
2.10682
0.183511
5.14819
0.0299155
0.0218942
0.0575106
1.692
1.28518
5.78802
0.312433
17.0158
1.29958
0.135322
0.107892
29.5486
16.4014
4.15133
9.72285
11.1663
16.851
16.6515
0.0216519
2.89434
0.0215124
0.0308981
8.62129
0.0264049
0.0279157
1.61214
0.035448
0.0268888
0.0222551
0.0363883
0.0986268
0.0359272
0.0219986
0.0222359
0.0229389
1.13924
0.021983
0.117126
0.022058
0.0222762
0.0214719
0.0224501
1.58703
1.89607
0.0299344
9.28042
0.0221926
11.2692
0.0216492
0.021931
0.125608
0.0220106
0.0221393
0.0221748
0.0641182
0.0259151
0.0480216
0.0219414
0.0220297
0.0397395
1.62394
1.52702
0.0677555
1.92008
0.737708
0.0219394
1.32608
1.54137
14.7089
0.0219624
0.0222382
0.0228432
0.246117
0.021977
1.26394
0.021931
0.117437
0.022019
6.54094
0.0223843
0.0916073
0.0254197
0.0221917
0.0223856
0.120667
0.0237182
1.77579
1.38716
0.021891
0.0216985
1.75428
0.1065
2.29646
0.0222262
0.170185
0.0223747
0.0216003
0.0856183
9.25624
0.123617
0.0399988
0.0226961
0.0276348
0.0396756
0.0221264
0.347815
0.0230558
0.0377734
0.10704
2.68151
0.0375755
0.022034
0.0217669
10.726
0.0227228
0.0368104
0.021785
5.64742
5.268
0.0220386
0.0217035
0.222622
7.85778
8.05845
1.42744
0.023049
0.13005
0.0506882
1.47591
8.25268
0.0266334
0.0241153
0.0279064
0.106153
0.0222274
0.0991741
0.0298863
0.114529
0.479412
0.0216535
0.0224284
0.0363183
0.0219314
8.08644
0.0218375
0.0219647
0.696356
0.105335
2.98152
0.0263959
0.146356
0.0390633
0.0219147
0.0327543
0.0238891
0.0572771
1.64934
2.00451
0.0230286
0.0215242
0.0623031
0.0866514
0.0247006
0.025421
0.0224696
0.0214042
0.0552237
0.0762574
0.0219888
12.4652
0.0220588
3.02744
1.70706
0.0222939
0.0374729
0.0226625
0.024688
0.0485029
0.0621094
0.023287
0.0222882
0.100686
0.0218183
0.240599
0.0216648
1.47637
0.0377687
1.42613
0.739342
1.36082
0.0757299
0.0214635
1.39143
0.0214282
0.0232435
0.0221847
0.0224626
0.0327344
0.0232605
0.0358739
0.022288
0.174342
0.0566148
0.0922759
0.0621308
1.56418
0.0218694
0.0371012
0.0218166
0.0221818
0.0217931
0.0218754
4.19791
0.0225481
0.02223
0.0342935
0.19452
0.049888
0.0219111
0.123005
0.382133
5.60825
0.0251738
1.98558
1.93761
0.0220077
0.0237337
0.0803123
0.0687034
13.6755
0.138628
0.0220869
0.050116
0.0214998
0.158961
0.934849
12.5173
0.197237
0.0218503
29.2249
0.0217951
0.0218038
0.0259727
0.0585312
0.041486
0.105418
0.0382015
0.0214905
15.9261
0.0666924
6.81702
2.64013
1.4582
0.0293188
0.0237284
0.0229344
0.0230583
0.02199
0.0259383
32.0594
15.0515
5.97784
0.300957
0.32118
0.0219896
0.0220358
0.0232998
0.0252719
5.3749
0.023274
0.0222381
0.0217368
0.0217447
0.0215872
0.0397125
0.0341736
0.0218747
0.0286791
1.94371
6.37922
0.0378496
5.89341
0.0218655
6.56895
1.94669
0.130212
0.0217901
0.0218661
0.0221967
3.855
0.0273637
0.0294646
0.0473866
0.291486
0.0414951
0.0222869
0.022149
0.0724252
0.0219958
0.112365
0.0256766
0.0315622
0.0217287
1.3174
0.033978
0.0219492
4.63562
0.022286
0.125249
0.0222292
0.0220341
1.41381
0.0593285
0.0453547
0.0218987
0.0217692
0.0217113
0.0216105
0.0222451
0.107642
5.56292
0.232643
0.0448834
0.0881831
0.0217899
0.117546
0.0222785
5.21644
2.67419
0.0267114
0.0218865
0.0218113
2.17549
2.15
0.0246353
0.152609
0.0329152
0.0222265
1.61181
0.0221918
0.102278
13.3897
0.0224588
10.9575
0.0214085
0.0226924
0.0423859
31.2982
0.0217533
0.0247162
10.9753
0.432976
1.30853
0.0217173
0.0222213
3.83825
8.54444
4.94938
15.6641
0.0592671
0.0221965
0.0218167
0.0225039
0.0216975
0.0221569
4.09996
1.84033
3.41541
1.92816
0.0215174
0.0216727
2.5437
0.0294366
0.0225275
0.0217222
0.0221309
1.31338
0.0449797
2.05101
0.0222322
0.0219936
0.0222198
0.0393333
0.0260364
0.023245
0.0254384
8.56045
1.58616
0.0236049
0.689426
0.0220602
0.0221319
0.138628
0.823633
0.0214547
0.12563
0.0219402
23.4075
0.0220478
0.796101
0.0222953
0.038388
0.021801
0.022566
0.02346
0.123964
0.0716601
1.64627
0.0220122
0.0221984
0.0215298
17.8876
6.08808
0.0247993
0.144032
0.0850346
0.0235476
0.0274215
4.16639
0.0466127
0.021562
1.99707
5.17542
0.141108
0.022274
0.0217049
0.0222137
0.0220201
0.0504158
0.0222714
0.0221666
0.0273699
1.88522
0.0222492
14.3812
7.3759
2.95139
0.0848159
6.92019
7.34094
3.34999
1.24782
1.45272
1.20736
0.0734013
0.144568
0.0218199
0.713523
0.0219733
17.9153
1.43092
0.021475
8.75953
0.0464148
0.0217096
0.156767
1.63359
0.021789
0.0701692
0.0218262
1.41561
5.57453
6.08393
0.0220614
5.6516
4.8018
9.25743
0.0584882
0.0450913
3.21641
0.0215072
1.49845
4.57093
1.99045
0.0220837
0.0261751
0.0216279
16.723
0.0220379
0.798061
0.0390654
0.0297605
1.85991
0.025191
0.0221892
0.0219672
0.0220442
0.0225197
9.97407
0.0218933
0.0282371
17.1866
6.18866
0.167034
0.0230515
0.0369688
0.79388
0.0215965
0.0224815
0.0244172
7.2485
0.0255345
0.683925
0.0221991
0.0216196
0.0787972
0.0469385
0.040231
21.1652
0.0217394
1.04769
0.0264346
0.0220292
0.0537703
0.935076
0.0220311
18.9432
0.0291012
0.736279
1.76963
0.189356
0.0219023
14.6192
4.1948
0.03404
0.027291
3.9572
0.324123
0.0219121
0.0218262
2.67197
0.0217087
0.0215938
0.0232233
0.122681
1.59578
0.0215753
0.0392366
0.0772213
0.0862555
2.99536
0.02193
0.0222193
0.0219201
0.0222659
4.73009
1.38204
0.0493805
0.0219562
0.021439
0.13701
0.0220971
0.0255614
3.84224
0.0224968
0.0249336
1.78282
0.0218227
0.0220354
0.0288409
0.0221754
0.0219045
4.46613
0.0793838
0.111728
0.0222113
0.0229481
0.0434324
0.0565304
0.0222095
0.0471101
0.0215071
0.0257347
3.20583
0.022542
9.57878
0.0214627
22.9324
1.60419
0.0217896
0.0289897
3.83975
0.026003
1.45681
7.08752
0.0222951
0.0393946
0.021816
2.93762
1.18037
0.0220768
10.7482
0.0222977
0.0218026
2.70151
0.104965
0.639092
5.86155
0.140931
0.0216965
1.90631
0.0218458
19.4692
0.0225253
0.102631
26.3965
0.0222454
0.0217336
0.040283
0.021543
0.525745
6.47603
0.0218345
0.021655
0.0217358
0.0216801
2.16703
0.526059
0.0409048
0.944168
0.0289087
0.0273058
0.0244239
0.0327291
0.0301195
0.0215412
0.0223538
0.021666
0.0218272
0.0253679
0.0998475
0.0222522
0.362049
8.00865
0.0216785
1.97458
0.0216098
0.821934
0.0227561
1.27867
3.68318
0.0221627
0.257204
0.0222863
0.427922
0.802668
0.0221396
0.0222689
0.0993447
0.0321946
0.0222253
0.0452686
12.8547
0.0222833
41.9169
0.0232646
0.0218722
0.191539
1.70339
0.0234766
0.0218849
0.0281643
0.02208
0.0424665
0.0217273
0.0218855
0.0214979
0.0222388
1.75107
0.0280787
0.0222286
0.0217479
0.0278295
1.62604
2.98922
0.146347
0.0216914
0.298324
0.0445767
0.0214378
0.0219965
1.98422
0.0222509
0.0217614
31.8197
0.0318602
8.13242
0.0229624
0.0481098
8.03423
2.21502
0.803807
0.0218352
0.0799023
0.022163
0.0230469
0.0216556
27.0335
0.0597367
0.021782
0.44952
2.63791
1.3533
0.0219946
3.34995
0.0225638
0.0222645
0.209484
10.2631
0.0271132
7.02633
0.0856884
8.07908
0.0216674
0.0315363
0.0760068
0.0220687
0.0222065
0.488129
0.0387775
11.3299
12.2578
0.0217944
17.9772
0.0258916
9.07117
0.0221806
1.24454
1.2996
0.088408
0.0222197
0.0219235
8.1345
0.0220738
0.0216057
0.183432
0.032389
0.0219181
24.9548
0.0219568
0.0217615
0.0221818
0.0221907
0.0216144
0.0219121
0.0216381
5.39602
7.46034
0.0225791
0.021589
0.0219801
0.021868
0.0287195
0.0217662
2.22824
0.0340376
0.980272
0.0310499
0.0294261
3.50438
0.0218345
0.0950362
3.78171
0.0260687
0.602721
9.83736
2.86468
0.0214216
0.0220462
0.0218434
8.15326
0.802588
2.20391
9.05442
0.0337047
0.0217964
13.586
0.0306552
0.0222981
0.0218976
0.022299
5.32666
0.0366598
0.209982
0.0218989
0.0221887
4.87481
0.0216683
0.0232846
0.0218135
5.15701
0.0216141
0.021827
0.0799366
0.0222165
0.0221716
0.0254211
0.101082
0.0387149
0.530513
0.0884461
0.0222462
6.71484
0.0338827
0.0217871
0.0220036
7.36818
0.0219837
11.9743
2.2329
0.0216362
5.99358
0.0218075
1.40937
0.600682
1.83052
0.0494484
0.206869
9.95133
0.0382363
8.76709
0.734457
0.0219287
0.0217753
0.057579
0.0740045
6.15946
0.0288587
0.0289856
0.0219895
0.0228528
0.0218504
0.0333835
0.0475513
5.46261
0.0493907
0.0221958
3.92764
0.0422545
0.0220789
0.0219275
0.0218697
0.021555
0.0234441
0.0222315
0.0480388
0.0340488
5.29821
11.5097
2.38203
0.0217335
0.0218629
0.0403413
0.0273028
0.0217506
0.0265263
0.0216565
1.4468
0.0219557
0.0829238
7.8354
0.0222122
0.0220157
0.021877
5.74202
0.085629
0.0592219
1.28258
0.0218846
0.0236058
1.49412
6.06435
0.0222311
14.854
0.0228528
0.0519633
2.01626
0.0218625
0.0221488
0.0221039
1.75724
2.90176
7.77671
23.8865
0.0222515
0.0220647
0.0219698
0.0968918
0.0221514
0.0217104
0.0223852
0.0217566
11.6903
0.0222927
0.0222917
1.76468
0.509813
8.553
0.0271018
0.0304341
0.0347973
0.214352
0.127872
1.53974
1.54837
0.509469
0.0218242
1.47632
0.0217265
0.0250997
0.0221151
5.34881
0.0215477
0.0218121
0.022108
0.0222704
6.57262
0.0228159
0.022294
0.243586
17.1917
0.0218664
0.0217658
0.0759382
0.0217094
0.022147
0.0218191
0.0218927
0.0366136
0.143637
0.0287936
0.301245
16.9585
0.0254523
3.4661
0.132107
0.0307634
1.84655
0.0216749
1.80826
4.85389
26.4172
7.73376
1.27181
5.88062
0.0356496
0.0219233
0.0233264
0.0218685
1.51382
0.0219262
1.27151
8.24506
0.0221811
6.36266
0.0734975
0.0217446
23.5994
0.127571
0.0214717
13.4048
0.0226153
0.0339953
7.63889
0.0239202
0.17917
17.8533
0.0216023
1.27971
1.68347
0.0220807
11.6739
0.0217142
0.0519337
0.0220154
0.0218758
1.27506
0.0218106
0.0219919
1.28087
17.8549
2.12323
0.0219271
2.27351
1.29686
0.13617
1.46021
0.0217083
0.0218452
1.54647
0.0217604
0.0217452
0.0222106
0.0222627
1.28939
21.9765
0.04598
0.0216519
0.0291781
0.0219594
10.904
0.022164
0.0254555
6.90648
8.60367
8.76858
5.39845
0.293509
0.0219046
8.46709
0.0218441
10.2459
6.61404
0.146875
0.0224023
0.0221377
0.434912
0.0218127
2.33538
0.0217789
0.0215494
0.0216051
7.13997
1.70701
0.0218564
0.0214223
0.187287
9.71507
8.48507
11.9038
0.0219003
9.11122
0.025825
0.0220785
0.0321817
8.39039
0.021933
0.0227592
0.0219263
8.49182
2.88477
0.0219907
0.0220795
6.21416
0.0774762
4.47434
8.91166
0.447649
0.308324
0.0586141
0.0219206
15.6169
0.0218086
8.09577
0.0221652
3.08965
0.0218433
0.0497228
0.305157
0.228539
9.03769
0.0218991
0.109577
0.0256099
0.0219543
0.0579655
0.0219282
0.0440228
0.022135
0.0218747
0.0220576
0.0508643
0.0276546
0.0214394
0.0220283
0.0217217
0.0997337
0.0221288
0.0588916
0.021703
0.022576
1.50184
0.0235474
0.0708862
0.112764
0.0217527
0.0218173
35.5877
0.109368
0.0216703
5.39561
0.0216558
0.0219347
6.62763
0.0214179
0.0222005
0.0418619
0.0224573
0.179739
0.567908
0.735124
0.0912271
0.0221437
13.027
0.0222944
0.0222738
0.149325
0.0244926
32.8756
0.0219055
0.0215553
0.0221302
17.1732
18.3507
0.0218116
0.0285446
0.0222486
0.0616845
0.0217009
0.021898
9.36212
0.0222503
0.0218626
1.80373
0.0224662
1.47031
0.0219405
2.33308
0.0219475
2.79011
0.100799
0.0221621
0.0219565
0.0222507
0.0225569
6.59901
0.0364465
0.0544686
7.4897
9.92665
0.021955
0.0225176
5.43809
0.100468
0.0223849
0.0220254
0.0219418
0.055736
0.0392167
0.10277
0.0298012
0.0216785
0.0219775
11.0894
0.0222269
0.021852
0.0249036
0.0326857
0.0219903
0.0219153
0.0243166
0.04345
0.0216673
3.51758
0.0217479
0.245616
0.0214217
2.74187
0.0216173
0.0239208
4.00521
3.93189
7.42574
0.719874
3.18311
0.0219473
6.60004
0.0217087
0.0216758
0.039978
2.66235
7.41062
0.0215996
1.43682
15.8727
1.28865
0.0222639
0.0217609
0.021739
0.0223775
1.70841
0.107636
0.0737665
0.399033
0.022151
0.0214379
0.0216564
0.0218206
0.225884
9.39192
0.0220828
21.5388
0.123703
0.244096
0.0615595
5.62824
2.02598
0.0217381
0.021993
16.3343
15.1899
2.61838
0.0221798
0.180664
13.8572
0.0215483
0.0221925
17.1698
0.021664
0.136934
0.125398
0.0230239
19.7925
0.0219316
0.0735911
13.4398
0.0279553
3.31507
0.0219328
2.67156
4.99036
0.0218522
16.3142
0.0216968
0.0291338
0.0219045
8.17043
2.72637
0.0285314
0.0215339
15.7506
0.0222875
0.0214685
0.0218786
0.0284993
2.47182
0.0214998
0.0232281
0.0217641
9.35345
5.85706
0.0232705
0.165399
0.569623
0.136704
0.11925
0.0221946
0.0512101
0.0283031
23.9925
0.0242251
0.0239066
14.6552
0.0342605
0.133636
0.0284083
0.022042
1.15362
0.0219604
0.0219887
0.0217554
1.82513
0.0219364
3.08164
0.0221268
1.42867
0.0220279
0.0341162
5.01934
2.57954
0.0217079
0.0222619
0.0221055
3.83318
0.0216539
1.44333
0.180918
0.90133
0.0219507
0.0215121
3.28178
0.0993886
21.8557
0.0326531
22.3905
0.0305261
0.0220309
0.0219474
0.0761138
1.44209
0.0218924
0.0338749
0.0218977
0.70054
0.021856
0.124199
3.88786
0.0217154
0.021455
0.0807058
0.0217789
0.377972
20.4823
0.0222244
0.369909
0.248869
0.0489051
0.0215929
0.0218063
0.0431972
0.0399832
0.0263071
0.0543108
0.276034
0.0219805
0.0304688
0.0502835
0.0217883
0.601622
0.0227169
4.2494
15.0842
0.022109
0.0229129
1.71011
15.9113
6.56206
4.37537
0.0217394
1.32605
0.62374
0.0216798
0.0274744
0.0218247
0.0219816
0.0216499
0.0220037
0.0225211
0.0447517
0.0215851
0.0229985
0.0287482
2.23971
0.0221524
4.66394
3.50246
0.0216396
0.0220924
0.0220648
0.0220978
5.59062
0.607175
0.0221652
0.0218566
0.0219571
0.0222692
0.0219651
0.0249267
0.0217392
0.341909
0.576658
9.8226
0.0284605
0.0220816
0.0276589
0.0245119
0.0220043
0.130412
0.0222457
9.66051
0.0316624
0.233855
0.0222875
0.0219688
9.0853
0.0219206
0.0549886
0.0220604
0.137076
0.0870407
0.0965765
0.0221741
0.0248444
0.682142
0.0218498
0.0222152
0.0242072
0.0220725
0.0217348
3.04135
0.628821
0.0217481
0.0218083
1.98064
0.137166
0.0218569
0.0219746
0.0568043
0.0227438
0.0283894
0.529626
1.92973
0.0233603
0.0563874
2.17133
0.0219293
0.0221936
0.0219483
0.0217356
0.0218491
1.58369
7.04005
5.6133
0.0250917
0.0397163
0.0219063
0.0222595
0.0273642
2.0426
0.0539424
0.0273879
0.0595762
0.0805679
6.73571
0.0219966
0.623803
0.045162
0.33762
0.0375402
0.0217517
0.495538
5.46713
0.0352584
8.09946
0.987203
0.0217153
0.0583457
1.65265
0.0215643
0.0222328
12.8891
6.254
0.0214853
0.0218327
0.124801
0.0215904
5.84718
0.0216598
0.0218575
0.0220985
1.36855
0.0306832
0.0812439
3.91835
0.0847793
0.0303918
6.75754
0.0216704
0.0216498
0.0218904
0.177967
0.748304
0.0527778
0.0249938
0.0218407
0.021866
6.28068
0.0219231
0.0220037
27.291
13.9087
0.434685
0.0220071
3.31654
0.0219109
0.0220477
0.28692
0.487493
0.0219611
0.930175
0.0219184
0.0230041
0.0281507
0.0238429
0.0218468
0.0215986
6.19506
6.00625
0.0217231
0.0216525
0.162444
0.0318654
0.0220639
0.0273317
0.0223658
0.0218073
0.0421659
0.0216707
0.0222522
3.61117
10.9201
0.0269185
0.0219507
7.46494
0.0214064
0.0217258
5.43337
0.0220233
4.56844
0.188436
0.0273839
3.83222
0.0219084
0.0218352
0.0218941
0.0218051
0.217323
0.0289486
0.0219256
0.0218417
3.98196
1.4349
0.0217522
5.25836
5.50895
0.0219681
13.841
6.31776
0.0281599
0.0220138
18.189
0.0220218
0.0218586
0.021855
0.0218208
0.0220675
0.0879833
0.0862576
6.10994
0.0221965
5.43551
0.282805
5.55108
0.0220555
0.320821
0.0217256
0.0298403
10.8404
0.021929
0.0796811
6.82423
0.0267115
0.0413597
0.118655
0.0214645
0.0218169
0.0546531
0.022
5.82412
0.537159
0.0221423
0.0219449
0.0281772
0.0221497
0.0489658
0.0221265
0.299312
0.0218693
0.0218118
0.0630837
0.0331091
6.84793
0.117517
0.0233879
2.5285
0.0898767
0.192533
0.0222137
1.01665
0.483948
0.0221123
1.32989
25.6494
0.0217516
0.0222945
0.138853
0.0996466
0.021815
0.0451206
3.34553
0.0214792
0.0221329
0.0459108
0.0222186
0.0582719
0.0220402
4.59326
1.5306
0.0426061
1.66251
0.0215191
0.693546
6.14096
3.46589
0.0331626
0.0217462
0.0229806
0.108304
0.0220856
0.0216422
0.0222491
0.178256
0.0219162
0.0216861
0.0222665
0.0214745
0.0227102
4.7377
0.543724
0.0221999
0.0218121
0.0218486
0.0220235
0.192341
0.292909
2.96133
0.0775222
5.45039
0.0220138
11.4092
0.630064
0.0292268
0.0220446
0.0390307
0.0220201
0.0219168
0.0214863
0.084285
3.43908
0.0218487
0.1311
0.0968752
0.034516
0.0221473
9.03771
0.0221599
0.0241958
0.120635
0.333148
0.0223781
0.0220755
0.0216111
0.0234951
1.91717
0.0225067
3.17336
0.0221268
0.0218916
1.29524
0.0229226
0.0219515
0.0222359
8.15108
0.0222174
0.113731
0.0321488
14.576
0.109645
5.38693
0.0218766
0.0226194
0.0216997
0.021817
0.0280397
0.0220995
0.0219277
6.14863
0.0222855
0.0223698
9.56331
3.13409
0.0218486
0.0606592
0.021718
0.0214782
0.0232583
0.0216515
0.69993
9.05622
0.0214475
0.0221619
0.0769529
2.28876
0.0220236
0.0557187
11.2124
0.0220738
27.1345
0.0228253
1.47303
0.0222233
0.961373
5.81616
0.0218181
1.28306
0.0240513
0.021652
0.0220074
1.32398
3.34325
0.064906
0.0221727
5.39583
0.0219965
0.0229256
0.0219347
14.2856
0.0907941
0.0452992
11.2511
0.0218153
1.47266
15.0325
10.4136
5.60829
0.0372041
0.0363215
6.2119
0.0219874
0.0229826
0.0784134
1.73068
0.0214575
0.0222853
0.0219006
0.0219535
0.021983
0.0335113
0.389688
0.0218478
28.5294
0.0219073
0.0233138
0.022035
0.0541891
1.73145
0.0221655
0.0217259
0.0552018
13.936
1.30382
12.9571
0.627618
0.0218732
0.0218546
0.0215029
0.981674
0.0227572
0.0220748
21.5144
0.0219952
0.111334
11.83
0.0219587
5.95684
3.27523
0.901059
0.0523528
0.122817
15.1822
0.303424
0.021912
0.021654
0.0360824
0.0224065
0.0516993
27.0672
11.1685
0.0301802
5.68765
1.101
7.78185
0.0214545
0.0221804
0.0219433
0.021708
0.0220657
1.48204
1.49638
0.0220562
3.31311
0.0220546
0.021913
0.438256
0.0217843
0.709802
1.3057
9.54278
0.021737
0.0218676
0.022247
0.0222439
10.9375
0.021968
0.0268136
0.0223214
0.110675
0.0242951
0.0222145
0.0219414
4.61738
0.0216667
0.574137
0.021869
3.46053
0.0220286
0.0219518
0.0231113
0.419337
0.0216868
0.0220349
10.0199
0.0219129
0.0390775
0.2587
0.712657
0.038375
0.0217614
0.0219282
0.861247
0.029393
0.0216962
0.0964125
0.132826
2.62197
0.021966
0.0220097
0.0219309
0.0217528
0.022038
0.0224748
2.7895
0.0229241
13.7378
1.40717
0.0425071
0.0229278
0.0218608
0.517271
5.8269
0.0217221
0.0220593
0.0857956
0.0222745
0.0230848
8.53296
1.75266
0.021888
0.398421
0.0227346
5.90838
0.0216989
0.022018
0.0218977
5.8063
0.0216406
0.0218956
1.49065
0.0218544
0.0353964
0.072056
0.0219119
14.2476
0.027467
2.09967
1.2623
0.021944
0.0222535
2.32765
0.021843
0.0220822
0.0219739
0.0297576
0.0220741
11.2919
16.2565
1.83083
1.75274
0.0216985
1.74835
0.0218623
1.7182
0.0272014
0.0291232
0.0219844
6.09237
0.0220585
0.0228011
5.58624
0.0217347
0.0409931
0.0356732
0.0222791
12.5048
0.021739
4.10259
0.0281657
0.0219797
0.021852
0.0214653
1.36685
0.0217487
1.26175
0.0222666
0.024951
0.0239521
0.0262679
9.00274
0.0220932
0.0245178
0.172385
0.0533598
0.155602
0.0220606
0.0218651
12.8802
0.0214468
8.87701
0.0307532
0.0218607
0.0219019
10.3168
0.339783
0.0220926
9.6072
0.0218277
0.0231095
0.0218227
0.0568778
0.0236192
0.0544443
5.49498
0.0218921
0.021719
0.0219319
7.36318
0.0218807
0.0224942
1.30544
0.0218755
0.138355
0.0219782
0.0278525
0.0220403
0.0222738
0.0223565
0.19329
0.0327841
0.0218052
0.133445
0.0221059
4.27638
0.0219646
0.147616
0.0219376
0.0219064
0.0219333
37.2503
0.027339
0.0223851
0.354144
0.0221493
0.0296436
0.0227397
0.0251279
0.0222729
0.0218936
0.0221009
6.03487
0.0219764
0.0218243
1.5932
0.022004
0.0217675
0.021973
1.38945
0.0222055
0.0539107
0.029061
0.429929
0.0222113
0.0462868
0.0217286
0.0222966
0.0280914
9.16243
0.0222927
0.0216868
0.0219199
0.163846
1.04931
0.0226029
0.0218519
0.0219102
4.74258
0.0216228
0.0351352
0.0430542
7.7611
0.0222948
0.0216794
6.05451
0.0225265
0.0513969
0.0302019
0.0214615
0.0412167
0.0219797
0.028371
0.0215223
0.0217564
0.0219327
12.5438
0.0220102
0.342539
0.0216875
7.22726
3.72602
0.189967
0.0220094
7.94353
0.409913
0.0313412
0.0219917
0.0304744
20.2442
0.0220652
4.60644
0.022256
0.145483
0.0254695
0.022215
0.143249
3.49923
0.0218269
0.0244542
0.0219229
0.0339872
0.0218522
0.0217198
0.0220392
3.61017
14.7717
0.0222912
0.0219308
0.0219258
1.39734
0.0219296
0.131557
0.0220764
2.11006
6.19295
4.51669
0.0439598
0.0222519
0.0220898
8.04724
0.0219259
0.037302
0.0222661
0.0354402
21.0211
2.78077
0.0222868
0.0216654
0.0318422
6.01033
0.0646459
0.021811
4.58632
20.6858
0.0216116
0.721743
0.0215173
0.0456489
0.0219296
0.0225839
0.0222856
0.0354976
0.0219831
0.0215084
6.16109
0.0243233
0.0227149
1.30547
3.30953
0.0220298
5.50365
0.0220995
7.44622
0.0240214
0.0215244
0.0215889
0.0220154
0.0261806
0.403053
0.333374
0.0220044
0.0226879
6.70977
0.0220402
0.0216262
0.0218589
0.021984
0.335565
0.021926
0.0216219
0.0216391
5.70891
0.0222667
0.0219271
0.0216543
2.54876
0.0221642
1.78948
10.9614
0.0219087
6.97538
34.1336
0.0221662
0.055889
0.119942
0.0215711
0.0216957
0.0230421
0.0220104
1.92686
0.0267151
0.0221246
0.021649
0.0218892
0.0220288
0.0218226
0.0222294
3.8739
0.0216579
0.0218552
0.0263997
0.0219225
1.34928
0.0218747
0.0220547
0.0221161
0.0221433
2.74733
4.6605
1.39662
1.91287
0.0223964
9.51533
0.021851
0.0216176
0.213502
4.51691
0.0222142
0.0219814
0.0805099
0.131652
5.58836
18.515
0.0455316
1.93032
0.0229091
6.35752
0.0219034
0.0257185
0.0218624
3.70129
0.0219418
14.231
0.0222536
0.0243163
0.0221464
0.0226864
0.457578
0.0216174
0.0214907
2.45512
0.0563555
0.0222464
0.0216382
0.0216129
0.0227648
0.0222551
0.0222489
0.0218742
19.38
0.0218188
0.0223889
0.0222552
0.0216125
0.0216836
0.0373653
0.0222971
0.0395888
0.0221653
5.78286
0.0217227
0.0939612
0.0689321
0.0218022
0.911605
0.0214758
1.72747
0.0220439
0.0220177
0.0219195
0.021594
0.104774
0.0218593
0.0224621
0.021587
1.50591
0.182228
0.0220231
0.0222711
0.898094
1.76137
30.1417
0.393616
5.33628
0.021848
0.0218638
0.034012
0.0221198
30.4356
0.0222583
0.100253
0.0219048
0.0222473
0.0292189
0.0215425
0.0222506
0.041831
0.709976
0.0216654
0.0215823
0.0222091
0.021975
0.021919
0.0216681
0.0219429
0.0218653
0.030491
0.0517405
6.39909
4.61759
29.5881
0.0215916
1.74606
0.0219028
0.135778
0.990543
0.0220316
1.90413
0.0218683
1.74553
6.31441
0.0749189
0.0220509
20.0107
0.0242381
0.166247
0.0227144
0.0305123
9.31561
1.97767
0.442643
0.0246362
23.0235
0.24656
36.3133
0.0276408
14.487
40.7046
12.6005
0.0216525
0.022274
1.26719
0.0214848
0.021946
0.418863
0.021985
0.022097
0.0375993
9.21554
1.27089
5.76457
0.021872
0.0218304
0.0222076
9.30957
1.8793
0.431173
0.0257577
7.9146
0.0218906
0.0305951
2.11063
0.0251498
0.483563
0.0224963
0.0222342
1.26086
0.0218085
0.936601
0.0219569
0.0226395
0.0447653
0.0217922
0.0240604
0.0823894
0.0222667
8.82652
0.021878
0.021481
4.29243
0.0225259
0.0219111
2.87851
0.0874584
6.76545
1.99901
12.6586
0.0222177
0.114303
6.44109
0.101123
0.0283223
0.0222227
5.62941
0.0217663
0.0220565
0.165745
0.0920429
0.043258
0.0223451
0.0222312
0.0218235
1.26216
0.051383
2.14723
0.0222712
13.7133
0.0218693
0.0447496
0.0243103
0.0217393
0.218041
0.44792
0.0337897
0.142619
6.52433
0.0222725
0.0239104
0.0276427
0.0324243
0.0222996
0.027965
0.0276637
0.121467
0.0215547
15.1279
5.6534
0.022303
2.2759
4.88895
2.29348
0.022271
0.0216112
1.66336
0.02194
6.42722
0.0222309
0.0222725
2.34679
0.023937
0.0218839
28.3262
0.026389
0.0788941
0.0219008
4.56018
0.0585272
0.104488
0.0342072
0.0226002
0.131298
0.0225373
33.8254
0.02652
0.353853
0.688556
3.98052
0.15911
4.94818
0.0243126
0.0817176
0.0372313
0.72565
13.4567
0.0218148
0.446904
0.0220467
0.0218902
3.70224
0.0689136
0.0216263
0.0748191
2.46243
6.36678
1.03997
4.46454
0.0747382
0.0222637
0.0242891
0.0217014
5.47066
0.0220297
2.2101
0.568382
0.0237865
1.83129
6.16799
0.0216641
4.57096
10.2907
3.12485
0.0219707
0.0219107
0.0223583
0.0434871
0.022273
2.00246
9.89576
0.0425762
2.21435
0.0226774
3.16889
1.26286
1.35228
0.0220729
0.454922
0.0263703
0.101842
0.032308
0.246828
0.0390908
5.82324
0.0222481
0.0218474
0.0216345
0.649947
4.4261
0.0219279
5.44765
0.0720373
0.09278
0.0218653
0.123088
0.0221608
3.09364
1.66051
1.54365
0.143461
5.60051
0.07308
1.62472
0.103969
0.0220881
0.512344
0.0218274
0.0450714
0.0219465
4.25738
0.0218769
0.0257566
5.50366
0.0491779
0.0456161
0.0785843
17.7711
10.2497
4.24297
1.53956
0.0409034
0.0219095
0.0218469
0.0436115
13.7478
5.02053
0.0316136
0.0288639
0.104926
0.0430349
0.135701
0.411325
0.105784
0.0519396
0.063147
0.804137
0.0216092
8.88729
0.0217507
0.0222807
0.147632
0.0305541
6.3828
25.3504
0.138457
0.546917
0.527471
0.0218647
1.44829
1.59929
0.0414164
0.0285988
1.65454
0.0395654
0.0482563
1.8279
3.3938
0.021898
3.34846
4.63624
0.0216945
1.65746
0.0225261
0.02162
0.0214737
0.0317944
0.612861
1.73068
0.539732
0.0545015
0.0521003
0.0415174
1.81838
)
;

boundaryField
{
    frontback
    {
        type            empty;
    }
    topbottom
    {
        type            fixedValue;
        value           uniform 0.0223;
    }
    outlet
    {
        type            zeroGradient;
    }
    inlet
    {
        type            fixedValue;
        value           uniform 0.0223;
    }
    walls
    {
        blending        binomial2;
        n               2;
        beta1           0.075;
        type            omegaWallFunction;
        value           nonuniform List<scalar> 
120
(
22.7912
29.185
23.2861
27.5277
26.0722
27.7053
26.218
24.1214
27.3569
17.0214
23.5049
29.6771
20.1397
23.3984
31.2921
26.7605
13.6443
20.6039
12.4137
23.2531
22.8312
13.4942
25.0568
26.2226
28.4298
12.4154
24.9582
6.47831
21.0259
8.24702
8.80898
8.47193
7.49949
6.01613
24.1685
23.8708
12.8935
19.2899
26.4972
26.3148
25.2478
13.2615
25.6202
28.7455
17.6407
27.4024
27.0302
20.8536
32.6414
26.2098
26.3295
12.1974
25.4711
23.7094
21.7047
30.6439
16.9135
12.4151
23.7609
6.23886
7.06574
26.7608
16.3365
26.8271
29.1026
8.05026
7.82954
8.27651
16.5611
25.4253
28.0833
21.603
24.3933
31.7284
17.9077
18.9841
26.6561
17.6253
31.9765
7.33211
8.88136
18.1113
6.93258
24.4718
32.2517
20.8195
7.96771
34.2619
8.54163
18.9184
26.2597
5.48939
13.7397
8.62129
9.28042
9.57878
22.9324
31.8197
27.0335
26.4172
23.5994
13.4048
17.8549
32.8756
21.8557
27.291
27.1345
28.5294
11.83
27.0672
11.1685
19.38
30.1417
30.4356
29.5881
20.0107
23.0235
36.3133
40.7046
12.6005
)
;
    }
    procBoundary0to1
    {
        type            processor;
        value           nonuniform List<scalar> 
80
(
2.94881
0.0342608
0.022055
3.39283
0.0218697
0.0249036
3.91683
0.0233414
0.0233414
0.0238944
0.021552
0.0241782
0.0325327
0.0304883
0.0494109
0.0213987
2.47266
3.8432
0.810322
0.022912
0.0304883
0.0217754
0.0214136
0.0288552
0.0434453
0.0217088
0.021496
0.0215205
0.152227
0.187226
0.022912
0.021395
2.38338
0.021454
0.0219702
0.0214783
0.021428
0.021428
0.0216555
0.0271101
0.021445
0.0213938
0.0434453
0.0214365
0.0776471
0.0776471
0.0383336
0.152227
0.0214354
0.0213899
0.0215798
0.0216131
0.0214365
0.090103
0.126404
0.0225814
2.05585
0.0383336
0.0214646
0.126404
0.0665881
0.0258959
0.0572274
0.10579
0.0213884
0.0214204
0.0214136
0.0237276
0.0222224
0.10579
0.0214204
0.314977
0.090103
1.98621
0.238757
0.0521967
2.57685
0.187226
0.0220885
0.0223836
)
;
    }
    procBoundary0to2
    {
        type            processor;
        value           nonuniform List<scalar> 
165
(
6.51626
16.8145
18.9001
0.157727
0.022029
5.49151
3.52105
6.44379
5.63392
12.6477
16.8145
0.0280049
0.0293324
0.0219735
0.0219962
18.9001
0.0219796
4.63483
2.03106
0.0259918
0.0229573
0.022769
0.124223
2.30118
7.09967
0.022769
0.116917
6.94573
2.44602
0.0231646
5.60234
0.0220793
2.34011
2.44542
2.34011
0.0220039
8.38639
0.0219469
0.0725844
0.0725844
7.43726
7.29274
2.46127
0.0221109
0.699245
0.38277
0.0219451
1.89124
0.0456441
2.079
0.699245
0.0220883
1.94899
0.0252343
2.46624
2.49301
2.38407
0.0245882
0.0242006
0.0221206
6.47826
0.38277
2.04194
0.0219844
0.0220493
0.0220579
5.32783
6.56417
0.021959
0.0564446
0.0223491
0.0237664
0.0219369
0.021951
2.34594
0.0222937
0.0422981
0.0219633
0.0221442
0.0225947
0.0219633
0.0222663
0.0509466
0.0632494
0.021959
0.0277101
0.265359
6.36835
0.0219313
0.021935
2.37485
0.022004
2.04194
0.0224711
0.0316019
0.0221785
0.0264613
0.0886256
0.0509466
0.0219376
0.0328892
0.022214
1.83768
2.23709
0.0220788
0.0393893
0.022041
2.32104
2.08721
2.13015
0.0222661
0.0221547
0.0219298
2.51843
7.50823
6.88348
6.65839
2.27464
2.19565
0.0234699
7.70191
0.03674
0.0393893
2.16446
0.0219289
7.01667
7.37541
6.97002
0.0221856
0.0348289
0.021929
2.19426
0.0222525
6.95635
0.0293324
7.09581
0.21277
0.0886256
0.0221301
0.0220207
1.88114
0.0221894
2.63748
7.23739
8.90946
5.57115
2.4274
8.77317
7.29954
6.81604
7.0929
18.5165
7.02991
6.58152
1.84205
9.44205
2.16983
0.0303743
8.02481
32.2926
0.0222255
1.83265
1.29192
7.48578
8.70611
)
;
    }
}


// ************************************************************************* //
