/*--------------------------------*- C++ -*----------------------------------*\
| =========                 |                                                 |
| \\      /  F ield         | OpenFOAM: The Open Source CFD Toolbox           |
|  \\    /   O peration     | Version:  v2012                                 |
|   \\  /    A nd           | Website:  www.openfoam.com                      |
|    \\/     M anipulation  |                                                 |
\*---------------------------------------------------------------------------*/
FoamFile
{
    version     2.0;
    format      ascii;
    class       volScalarField;
    location    "700";
    object      omega;
}
// * * * * * * * * * * * * * * * * * * * * * * * * * * * * * * * * * * * * * //

dimensions      [0 0 -1 0 0 0 0];


internalField   nonuniform List<scalar> 
10042
(
0.131567
0.788422
0.0386259
0.0211274
0.0210647
0.544853
1.99342
0.339451
0.0200995
0.049879
0.104807
0.771322
0.0320478
0.0208494
0.0215846
0.0208472
0.317805
0.0485392
0.0233094
0.0262714
0.0319063
0.112865
0.0211116
0.327505
0.0209775
0.0216721
0.0462534
0.0200288
0.482876
0.21174
0.0225778
0.0370026
0.0200737
0.020068
0.342388
0.368396
0.0220251
0.0202676
0.0218004
0.0210258
0.255948
0.0200916
1.04495
0.236757
0.0210557
0.0209737
0.0198616
0.0215601
0.05842
2.10074
1.51028
0.0209798
0.376648
0.0231596
1.37512
2.78347
0.030978
0.0254958
0.0216546
0.0195705
0.059039
1.35911
0.243126
0.261995
0.13823
0.0212444
0.025404
0.280507
0.0198353
0.2678
2.43235
0.0226632
0.0204458
0.0216195
0.0212029
2.35426
0.0338425
0.0198577
0.0332884
0.0233356
0.159277
0.296748
0.0239463
0.0208859
0.0353531
0.474235
0.0248939
0.0386872
0.0209166
0.0300101
0.026786
0.0215955
0.273001
0.6597
0.267735
0.0212832
2.05482
0.0256651
0.495512
0.021589
0.0264994
0.0694142
0.0217862
0.0320161
0.0242951
0.0215638
1.30937
0.0211549
1.95991
0.0216098
0.0215757
1.90371
0.0649544
0.274104
0.0932222
0.0198255
0.0581046
0.022385
0.028967
0.019798
0.0195697
0.820301
0.819539
0.0210644
0.0327672
0.0209945
0.0210297
1.26763
0.111835
0.0523871
0.0202357
0.021083
0.0212449
0.0210994
1.88552
2.31418
0.0250928
0.33307
0.0225041
0.487615
0.0712224
0.0204436
1.06218
0.020035
0.026271
0.0202704
0.0341492
0.0198199
0.0223264
0.655502
0.021114
0.0210543
0.0227925
0.0357938
0.178225
0.0266002
0.112498
2.90923
0.0212814
0.021972
0.0221979
0.021933
2.27372
0.0209485
0.0222001
0.666929
0.0204353
0.0332136
0.370351
0.0200403
0.315566
0.176377
0.866196
0.0200527
0.0231481
0.836389
0.0210189
0.0202557
0.0210448
0.0198356
0.022446
0.0245229
0.0216211
0.0197871
0.228445
0.0267023
0.0227384
0.0196162
2.21392
0.0213411
0.746786
0.0309135
0.0202558
0.0243151
1.20261
0.0215883
1.71189
0.332174
2.4541
0.0209017
0.242957
0.083167
0.647031
0.0202639
0.498333
0.0211574
0.378505
0.0355124
0.0215436
0.0211191
0.0351795
0.0201581
0.636417
0.651388
0.0221199
0.234219
0.0202138
0.795843
0.0213243
0.200713
3.03499
0.238069
2.97064
0.232357
0.0211227
0.0815654
0.0218475
0.024618
0.0393417
0.0218389
0.0202577
0.0210869
0.0267748
0.0230872
0.0210136
0.357995
0.0237278
2.13549
0.0254978
0.339968
0.648609
0.192266
0.0195609
0.0232854
1.52489
0.021144
0.186878
0.0252344
0.0228772
0.0215223
0.0239491
0.0202663
0.483255
1.60266
0.0221875
0.0234335
0.0217096
0.0221702
1.98877
0.0211009
0.0343272
0.0203239
0.0209662
0.0198753
0.032844
1.56434
0.0325048
0.399089
0.0232917
0.0211045
0.0213587
2.15677
0.0207068
2.49807
0.0220378
0.0248827
0.0221101
0.0210155
0.0233786
1.20639
0.0200267
0.266164
1.38281
0.0220513
0.0235531
2.32954
0.0405774
0.019912
0.066905
0.0213733
0.0300892
0.0280655
0.0239538
0.273503
0.0989428
0.0208517
0.06449
0.0243649
0.0213686
0.0202668
0.0227239
0.651241
0.0196182
0.725244
0.0438884
1.47533
0.0207817
0.0260786
0.068844
0.307016
0.0226785
0.0210547
0.0212758
0.020841
0.0276356
0.0584151
0.0198792
0.226853
0.328001
0.0198112
0.0219915
2.43039
0.0267698
0.265489
0.229082
0.0224935
0.0473782
0.0210272
0.0239657
0.0293672
0.0211297
0.0213835
0.123864
0.021316
0.365456
0.0941412
1.98001
0.267515
0.0202865
0.676928
0.0727404
0.0326949
0.0195649
0.0419834
0.022671
0.0202421
0.0206536
0.0212225
0.0239712
2.32648
0.0217814
0.221801
0.0239239
0.0205003
1.32435
0.0665665
0.0219014
0.0238591
2.58463
0.0224786
0.0215164
0.0221648
0.0221933
0.238434
0.67938
0.0222662
0.0209986
0.0232788
0.0233478
1.18493
0.0195838
0.0241562
0.0207354
0.0214853
0.152043
0.0208876
0.0270513
0.432869
1.067
0.115388
0.0214201
0.482961
0.0388564
0.0210035
0.0431654
0.019812
0.0214054
0.0197905
0.0212745
0.0199109
0.0219694
2.05624
0.021776
0.0633605
0.680456
1.60892
0.0211881
0.315652
0.0220725
0.0371841
0.0209932
2.66706
0.0215152
1.38998
1.96128
0.020534
0.0660762
0.0212502
0.642804
0.021858
0.0999932
0.0271859
0.211282
0.0217339
0.237568
0.0219502
0.0283949
1.20329
0.0199186
0.0217489
0.0210541
0.68001
0.0202447
0.0197708
0.0786951
0.0226653
0.0382933
0.0803985
0.021084
0.0328262
0.0226709
0.0198571
0.0273014
0.365997
0.0210582
0.0221061
1.43852
0.0251214
0.0219907
2.55845
0.0200567
0.0267618
0.0307308
2.35852
2.3243
0.235764
0.237712
2.22559
0.28765
0.0197545
0.025909
0.0652622
0.0633751
0.0413495
0.0211096
0.0206753
0.108491
2.16672
0.0197894
0.0200012
0.0228214
0.0211591
0.0212967
0.0215024
0.021218
0.0239941
0.112489
0.0220335
0.0266834
0.288419
2.20783
0.0200822
2.30905
1.5066
0.44267
0.02116
0.0248104
0.0218588
1.64301
0.0213638
0.276976
0.0217289
0.483847
0.020588
0.0239474
0.0199908
0.027377
0.392598
0.0217657
0.0207958
0.0210786
0.518731
0.020313
0.132484
0.044278
0.0676731
0.0203395
0.188485
0.301588
1.74832
0.0214768
0.0226981
0.233611
0.599214
0.0401946
0.689982
0.0215103
0.185585
0.0324134
0.0295764
0.0242632
0.391789
0.0203052
0.0210939
0.0216864
0.344222
0.0210778
0.629485
0.0211598
0.021441
0.0201121
0.0282725
0.6838
0.0217806
0.0220997
0.619814
0.315754
0.0353846
0.0217482
0.0211404
0.209102
1.85958
0.0214494
0.0199734
0.041104
0.0213054
0.0213276
0.0555741
0.0202309
1.54589
0.0209813
0.0420958
0.0231728
2.85899
0.0210894
0.0252911
0.0214411
0.0203957
0.636362
0.0195601
0.184156
0.0401726
0.0201117
0.028088
2.02046
0.761084
0.212347
0.0212725
0.0199699
0.0198077
0.0204068
0.0264953
0.02163
0.0507295
0.0212753
0.019981
1.1331
0.0243589
0.0261198
0.0222779
0.0207782
1.17185
0.259434
0.0231558
0.400958
0.0213571
0.0258806
0.0200533
0.0201137
0.0211039
0.0210565
0.0214968
0.0213631
2.51632
0.0216869
0.0646677
0.0209831
0.0225965
0.01989
0.037756
0.729829
0.0201264
0.0210053
0.227294
0.266009
0.0199078
1.36778
0.0210228
0.075457
0.0202818
0.0221334
0.0203799
2.28716
0.0198962
0.0208767
0.0209633
1.47879
0.0218759
0.0210903
0.0213616
0.0471453
0.0211835
0.0210703
0.0203849
0.0210803
0.0245228
0.0210317
0.0224185
0.0200687
1.95588
0.056877
0.467197
0.0217942
0.0235431
0.0212775
0.0512759
0.0220588
0.316135
0.64524
0.482232
0.0628117
0.181405
0.0213577
0.0214077
0.235702
0.0457293
0.0413972
0.0670288
0.0216044
0.265614
0.020823
0.0214954
0.0200912
0.0203023
0.0221615
0.293555
0.0220467
0.0215676
1.95091
0.0212167
0.0517217
0.0206717
0.0219876
0.0547506
0.0213515
0.347698
0.0210702
0.02103
0.0599108
0.0214621
0.0197793
0.0227014
0.020869
0.020783
0.0535194
0.05993
0.0467496
0.0215391
0.0208881
0.0208674
0.23282
0.0229006
0.0211889
0.0204136
0.0206424
0.176164
1.96751
0.0892305
0.0219816
0.023551
2.09306
0.0257049
0.0247292
0.0370458
0.249395
1.55287
0.18597
0.0208102
0.0213039
0.0211067
0.245312
0.0207967
0.0240561
0.0212489
0.0195678
0.0371062
0.0217282
2.75623
2.71047
0.0198962
0.0210417
0.0197545
0.233623
0.020291
0.115259
0.0228759
2.13481
0.0208794
0.0208013
0.0201318
0.0210819
0.0213624
0.0197062
0.0213743
0.0217711
0.0743866
0.0236406
0.368619
0.0213666
0.0404097
0.254405
0.022452
2.98828
0.0209476
0.0209373
0.022023
0.021447
0.409959
0.0212381
0.0217018
0.0201252
1.2448
0.0207456
0.239801
0.0363191
0.0209039
0.0749594
0.25696
0.0205146
0.0204638
0.0647362
0.0241641
0.245439
0.0472502
0.0311172
0.079646
0.0215205
0.0215027
0.0212194
0.0295051
0.021795
0.281746
1.73827
0.0195663
0.0204515
0.0219259
0.0309181
0.0241886
0.147484
0.0216403
0.021483
0.643899
0.0208721
0.0603894
0.0306763
0.0237057
0.238392
0.0222758
0.0208888
0.0218437
0.0365339
0.020823
1.58494
0.0217284
0.0359852
0.0242303
0.647693
0.0216729
0.0284089
0.0239333
0.0218231
0.0352806
0.0200493
0.033912
0.0208905
0.0217027
0.0208704
0.0213142
0.0226007
0.041968
0.0222936
0.0215617
0.239057
0.0200641
0.0208938
0.0209971
0.0197707
0.112527
0.0219394
0.0225387
0.0307584
0.241718
0.0213468
0.0321104
0.300369
0.0206258
0.0210277
0.0197524
0.671855
0.249428
0.0241156
0.0208635
0.0447682
1.97659
1.96488
0.0221738
0.659237
2.07378
0.432087
0.0220266
0.0197409
0.0206708
0.29058
0.0486797
0.0216936
2.13826
0.0327197
0.238549
0.414836
0.0210089
0.0337209
0.221975
0.0700768
1.5606
0.0294421
2.26191
0.0223526
0.201358
0.02145
0.0277003
0.0224282
0.0281174
0.0196337
0.0215326
0.0210283
0.514973
0.0211403
0.0195778
1.09304
0.0213897
0.0261267
0.0224128
0.281801
0.0209131
0.022211
0.0214081
0.0212308
0.0212117
0.0246015
0.0207929
1.26819
0.0325586
0.0433525
0.0211808
0.0544841
0.0207496
0.0593537
0.232363
0.0220025
0.0212361
0.019825
0.0211946
0.0221034
0.778774
0.036787
0.0208817
0.641855
0.0208599
0.021495
0.358731
0.0197899
0.0215759
0.703916
0.0208699
0.0525613
0.0224969
0.0487488
0.0259716
0.0347984
0.0315188
0.0212923
2.61112
2.43
0.0209926
0.0321232
2.7376
1.22803
1.86618
0.0221254
0.0205763
0.0305567
0.0215335
0.0215514
0.352788
0.0235364
0.0198042
0.0308609
0.425133
0.251961
0.0198231
0.0197551
0.0217387
0.0216411
0.444057
0.0489576
0.0202217
0.024371
0.291234
0.0212415
0.0226438
2.07828
0.0234323
0.374092
0.0209849
0.0213356
0.0215482
0.0216944
0.0477496
0.0667451
0.0211628
0.314509
0.799014
0.0388035
0.0238224
0.0231623
2.15361
0.0334411
0.42004
0.0287111
0.0213926
0.0210207
0.39025
0.749179
0.0217396
0.0241501
0.0369612
0.0209453
0.0367218
0.0217312
0.020976
0.0218341
0.0319634
0.0208643
0.0210277
3.11301
0.02068
0.0205544
0.0382095
0.0249509
0.322694
0.0224472
0.0216446
0.213303
0.0442615
0.0226529
0.0337102
0.307831
0.0209424
0.0200887
0.0247755
0.0476687
0.020838
0.0216839
0.0210124
0.0203701
0.0208503
1.26489
0.0212649
0.508369
0.021463
0.0328494
0.0202797
0.021674
0.0278483
0.144336
2.02066
0.0212541
0.0223265
0.0298014
0.0458294
0.0226327
0.021991
0.267552
0.0209566
0.0236168
0.0409322
0.0205509
0.0226894
0.0209975
0.0284432
1.30932
0.456645
0.0205891
0.0223526
0.0252417
0.0401827
0.0206392
0.0204616
0.0384567
0.0196489
0.0205957
0.379254
0.0216085
0.715656
0.0202132
0.0204846
0.0200939
0.0312849
0.0219063
0.0210914
1.5223
0.0206108
0.021463
0.306604
0.0210568
0.0313179
0.0227157
0.0528263
0.299909
0.0225754
0.512244
0.0265336
0.0214637
2.87113
0.0219315
0.0209251
0.019852
0.0209574
0.0241711
0.561031
0.0358221
0.320559
0.418318
0.0723004
0.0414791
0.271101
0.0234204
0.378783
0.0200289
0.0262611
0.0215394
0.0215904
0.022091
2.9764
0.304668
0.0212472
0.269605
0.0205221
1.57757
0.0212466
0.0237932
0.0227977
0.0332916
0.370372
0.0211471
0.0199237
1.91516
0.0973763
0.0247032
0.0236985
0.0425201
0.021742
0.366653
0.645608
0.0207655
0.0205688
0.0208859
0.0252281
0.020867
0.0222039
0.0221144
0.0209137
0.0218173
0.021571
0.0207475
0.384001
0.243773
0.0199119
0.0768733
0.0226995
0.0372567
0.0401559
0.0429798
0.0207599
0.0443603
0.0420894
0.0201665
0.0442832
0.0214563
0.0216269
0.0205824
0.0219851
0.265577
0.420637
0.0201906
0.322863
0.0214593
0.0215959
1.86106
0.0207099
0.0205527
0.0205389
0.0206778
0.021416
0.23073
0.0243599
0.0208436
0.0213213
0.0208898
0.0210771
0.323978
0.0198955
0.0296375
1.66346
0.0497264
0.0205749
0.151802
0.0204057
0.0728429
0.0220371
0.0399837
0.0200252
0.302733
1.98754
1.1442
0.0214074
0.0335633
0.171116
0.323275
0.0219063
0.0731045
0.0209222
0.370139
0.274761
0.02534
1.68341
0.301437
0.349685
2.39613
1.22155
0.288582
0.0205498
0.0221253
0.0508156
0.064887
0.0213075
0.506117
0.0219943
0.0207833
0.0203913
0.0308083
0.0666533
0.031014
0.0549452
0.0294238
0.365743
0.0221304
0.0209864
0.0210556
0.345419
0.255298
0.0292838
0.241302
0.0218761
0.0222584
0.0316444
0.325092
0.0415321
0.0207728
0.0555346
0.691992
0.0217863
0.0331311
0.0201861
0.0307985
0.0300113
0.0206677
0.0279812
0.130887
0.0212618
0.0221247
0.0209131
0.403028
0.0225292
2.42744
0.31101
0.0209306
0.0209051
0.0199933
0.0337026
0.02041
0.0246679
0.0232403
0.0280919
0.373699
0.0222439
0.0264635
0.292969
0.0218737
0.0340473
0.0221381
0.0214208
1.97032
0.262783
0.0220179
2.10595
0.0217793
0.258254
0.0206973
0.0206425
0.026466
0.0226771
0.034763
0.376139
0.0219067
0.0222132
0.229008
0.0327828
0.0239423
0.285653
1.82689
0.138431
0.0209229
0.0198686
0.397473
0.020505
0.230257
0.0978964
0.0579405
0.307931
0.021999
0.0206602
2.16516
0.162258
0.0209042
2.39657
0.0240413
0.0210797
0.0680976
0.0221307
0.0214449
0.0400459
0.0242407
0.020482
0.0230043
0.0209908
0.02257
0.292909
0.0286682
0.381798
0.0213121
0.0258841
0.0208685
0.0212724
0.247035
0.0214997
0.314664
0.18449
0.0222099
0.516563
0.0305774
0.324401
0.0197707
0.305971
0.108378
0.0443983
0.0235558
0.0218541
0.0206543
1.21558
0.0239248
0.373014
0.0319251
0.0203
0.381933
0.019731
2.6861
0.0209872
0.585834
0.0211112
0.0205176
0.0201031
0.299029
0.0208034
0.020185
0.0200446
0.0208513
0.0213559
0.0366326
0.383638
0.0202854
0.0249185
0.0216019
0.0209707
0.0207158
0.290559
2.04238
0.0243822
0.0213365
0.0207256
0.0200856
0.0247841
0.0241517
0.0200753
0.412397
1.18814
0.374708
0.0202183
0.0208512
0.0213209
0.0227932
0.0205619
0.0221127
0.0213382
0.0207564
0.0291162
0.0218899
0.0258538
1.42642
1.9839
0.0211328
0.0209615
0.0209129
2.42631
0.0212727
0.0275756
0.0243508
0.0204485
0.0212793
0.0210414
0.802093
0.0211963
0.50634
0.230466
0.0474675
0.0212938
0.0245023
0.255591
0.0235701
0.0352515
0.0227218
0.033377
0.0204159
0.0247439
1.57183
0.302709
0.020594
0.021489
1.57755
0.023834
0.0441579
0.0243271
0.0596978
0.0212673
0.0245193
0.243389
1.69249
0.0600977
0.020352
0.0208278
0.0203635
0.0215719
0.0403863
0.302008
0.21473
0.020556
2.43845
0.0226937
0.515623
0.367844
0.021003
1.29333
0.0435352
0.0206576
0.0458004
0.0315597
0.0215474
0.390885
0.0208151
1.96086
0.0221008
2.39828
1.95834
0.0402602
0.0213081
0.0245899
0.022104
0.0208535
0.0202046
0.0201292
1.74344
0.0218676
0.0359795
0.303199
2.21477
0.0358744
0.024387
0.0203298
1.94948
0.0197481
0.378909
2.58178
2.05509
1.46212
0.240957
0.98589
0.0200374
0.0214838
0.0201144
0.0637877
0.0221821
0.589433
0.0238311
2.71229
0.0255467
0.0202321
0.0201863
0.0215182
0.0200385
0.0457031
0.551088
2.18086
0.020628
0.0242402
0.0235704
0.0220787
0.112661
0.0214295
0.307122
0.409742
0.0220162
0.0210985
0.343598
0.0255266
0.133866
0.290958
0.021603
0.29882
0.0223436
2.84962
0.0209525
0.0267554
0.0209235
0.0963071
0.0302379
1.00408
0.26002
2.33335
0.0973033
0.0666833
0.0206339
0.0210177
0.421965
0.0680937
0.14935
0.0255553
3.26092
0.364569
0.226144
0.0352554
0.771913
0.023996
0.0317751
0.235716
0.0220019
0.02353
0.024055
0.0197972
0.0204453
0.0209183
0.0211455
1.84853
0.0219132
0.0645252
0.0819263
1.05274
0.240426
0.381592
0.0201348
0.0217766
0.344524
0.257033
0.0286695
0.429775
2.03333
0.393851
0.0207909
0.0301543
0.0243863
0.0768293
0.0412011
0.232233
0.239427
0.0511535
0.0214671
0.0222014
1.80851
0.303463
0.0445465
0.404005
0.0209551
0.0243859
0.0226299
0.916786
0.022996
0.0203093
0.0208919
0.0225479
0.338592
0.241901
0.0216958
0.0635423
0.310966
0.0221207
0.395495
0.0243788
0.0304344
0.0243137
0.0321371
2.15778
0.021087
0.0206608
0.021776
1.81793
0.068239
0.0325772
0.0220632
0.022742
0.0216556
0.0664184
0.0340657
0.0230331
0.0216193
0.0225411
0.0227278
0.255296
0.0226208
0.029018
0.0209748
2.24123
0.197031
0.0472448
1.20667
0.020499
0.0240619
0.309287
0.0227493
0.266995
2.11397
0.0215808
0.0224933
1.7614
0.021315
0.24929
0.0215972
0.755773
0.36517
0.299686
0.0229183
0.0209701
0.0211453
0.0212825
0.0241539
0.0198113
0.0216245
0.0209549
0.0206417
0.0233252
0.0221661
0.021763
0.0220655
2.07386
0.0215058
0.773869
0.0218714
0.0215018
1.61134
0.0210756
0.52629
0.304019
0.0214163
0.022103
0.0351382
0.107238
0.0241082
1.91109
0.0280199
0.0220913
1.40076
0.0205722
3.26318
0.0215437
0.028656
0.0198768
2.56498
2.06176
0.292413
0.0217418
0.0234342
0.0207707
0.0228924
0.0466409
0.0208316
0.0213279
0.0394548
0.0242931
0.218179
0.340053
0.0219309
0.0384132
0.0214394
0.0256189
0.0222231
0.0213371
0.0220003
1.75611
2.14905
0.0293738
0.023135
0.0220113
0.0224505
0.0761239
2.63429
0.0544181
0.0960632
0.166019
0.0225407
0.0232077
0.0907424
0.0207694
0.0233447
0.0243813
0.0224403
0.245794
0.022491
0.401323
0.0204758
0.0220119
0.0905573
0.0226316
0.023134
0.0224832
0.026434
0.412629
0.0222012
0.0214854
0.021556
2.37224
0.384601
0.0239266
0.021753
0.0206947
0.0218997
0.0211763
0.0279003
0.0209007
0.0207505
0.0215102
0.0234123
0.0278968
0.0215205
1.87851
0.0218235
0.0221094
1.28664
0.0231512
0.0239348
0.0338843
0.0219243
0.891015
0.0207775
0.0207024
0.0220029
0.0247569
0.0204313
0.235376
0.0220162
0.0209897
0.0940486
0.24617
2.42995
0.126398
0.196432
0.0258566
0.0205306
0.0229776
0.256312
0.0271398
0.156957
0.0223244
0.0294638
0.0515006
0.327963
0.0206743
2.61937
0.150208
0.020948
0.0257907
0.0218367
0.0220655
0.403948
0.0306438
0.0215083
0.0207424
0.0200241
0.307929
0.0216627
0.383993
0.0322166
0.021627
0.020936
0.0209912
0.280349
0.349766
0.0208716
1.31674
0.408261
0.0220194
0.320471
0.0215902
0.0205366
0.0206747
0.0215449
0.0201057
0.0212306
0.0217632
0.0226155
0.0216382
0.0739637
0.0229662
0.175169
0.0299423
0.021254
1.68443
0.0200074
0.0205011
0.0545743
0.0209261
0.420259
0.0210357
0.057203
3.02776
0.0206209
1.61666
0.271557
0.0214817
0.0217975
0.0211383
1.19747
0.0215546
0.378857
0.421394
0.0217188
0.0263969
0.0407319
0.0522949
0.0211574
0.198373
0.0216521
0.349432
1.855
0.036013
0.239748
0.021052
0.171319
0.349467
1.37281
0.0214974
0.0510367
0.0227652
0.0441132
0.0204324
0.0227041
1.11663
0.0257538
0.161164
0.361265
0.0241926
0.206424
0.020538
0.0604072
0.021528
0.0251544
0.283918
0.297764
2.88927
0.0322314
0.0246444
1.44565
0.0243474
0.0209708
0.020346
0.0220041
0.0219254
0.0242669
0.0210336
1.37172
0.025017
0.020904
0.0200623
0.0213061
0.0212578
1.42659
0.0206302
1.96511
0.0220305
0.641785
0.0218388
0.0214372
0.0196872
0.0676811
0.0214708
2.61423
0.667858
0.238064
0.0253378
0.0219925
0.0213989
0.0209203
0.0207792
0.434288
0.0220447
0.0219346
0.11714
0.0214226
0.0223314
2.60452
1.4774
1.43711
0.0210925
1.45496
0.103086
0.0210058
0.0206051
0.0293076
0.252845
2.30005
0.434869
2.10882
0.0212579
0.0207077
0.0333023
0.0275599
0.0218521
0.0274212
0.0217746
0.0228037
0.251455
0.0912352
0.0267778
0.0252608
0.0234185
0.0290673
0.0770297
0.0215195
0.0209052
0.0214133
0.0351949
0.0208713
0.0239042
0.0718021
2.67883
0.0204583
0.0208051
0.0197032
0.021563
0.0211538
0.0332607
0.69699
0.0221526
2.12423
0.411295
1.13918
0.0243395
0.0222782
0.021466
0.0211816
0.0207272
0.019993
0.0215405
0.0789298
0.0718157
0.0204704
0.0205457
0.0218682
0.0215822
1.51342
0.033952
0.0404788
0.401526
0.208083
0.0641617
0.0212875
0.0210512
0.0212215
0.0215949
0.478205
0.0212341
0.0235919
1.7797
0.0579008
0.266172
1.59424
1.90776
0.4264
0.0213369
0.0315072
1.04599
0.302627
0.0214175
0.0218079
0.020714
0.0214282
0.0214806
1.05372
0.021005
0.0210324
0.144035
0.0233426
1.37761
0.0212514
0.0206232
0.0317117
1.75835
0.0275136
0.423628
0.0232287
0.866677
0.0340145
0.0209612
0.0538792
0.0210691
0.0231185
0.0215975
0.0205348
3.42015
0.193104
2.34705
1.34533
0.399211
0.203089
0.154663
0.0207872
0.0217394
1.35393
0.0213241
0.0217141
0.0235435
0.0213699
0.464831
0.0215646
0.0528867
0.202135
0.0200247
0.890945
0.021575
0.0211419
0.0239961
0.0238887
0.0241289
0.0244188
0.0244015
0.497003
0.0216303
0.0212616
0.0204326
0.0358656
0.253708
0.0209019
0.0219295
0.121799
0.324335
0.021019
0.0243685
0.0243194
0.0202415
0.0213176
0.0211012
0.194431
1.71035
0.0242311
0.0223507
0.0213795
0.0297746
0.0493036
0.0215337
0.0504388
0.119338
0.0215291
0.0300327
1.21939
0.871194
0.0362405
0.0201423
0.0206582
0.0639249
0.0380328
1.43583
0.0258285
0.154386
0.0285841
0.0621127
0.34609
2.71787
0.237886
0.0778783
0.254507
0.321661
0.0217905
0.280992
0.0214425
0.0843031
0.0225692
0.0222173
0.0241304
0.16334
0.274613
0.0221629
0.0214537
0.0472361
0.130443
0.138273
0.0207487
0.0208366
0.0212767
0.0252845
0.021515
0.0341465
0.0589286
0.246322
0.0247689
0.0206817
0.268513
0.0217265
0.0213796
0.0778909
0.0211769
0.0236875
0.0200316
0.304545
0.0622356
0.251878
0.0217262
0.0476877
0.113246
0.0296094
0.366838
2.09076
0.0983038
0.0800724
0.0210124
0.0215104
0.0651731
0.0214377
0.0215069
0.0210301
0.0219138
0.0285376
0.0253199
0.0209906
0.0433757
0.0207509
0.131338
0.02214
0.0777315
0.131856
0.0278796
1.74299
0.670533
0.0284736
0.0848604
2.51203
0.0219232
0.0215739
0.0273174
0.0282111
0.954201
0.0209756
0.0215883
0.951048
0.0213371
0.0207219
0.0217559
0.0199535
0.142282
0.0215888
0.030825
0.0217003
2.55904
0.0212414
2.80943
0.307948
0.607737
0.72519
0.0200556
0.0240754
0.0217808
0.0212625
0.496494
0.043962
0.712554
0.309882
0.0199366
0.0228012
0.0243703
0.0214497
0.306825
0.0209145
0.0286021
1.24513
0.313435
0.518178
0.0212413
0.0217906
0.724502
0.0263996
0.129582
0.225581
0.218652
1.46598
0.0218413
0.0207972
0.0209028
0.0217032
0.105699
0.0221889
0.215078
0.0214192
0.0216684
0.11395
0.0200858
0.0564464
0.0242208
0.021569
0.0241439
0.0998204
0.0207088
0.0218974
0.437054
0.0214428
0.0215036
0.0372451
2.59262
0.0243405
0.0291158
0.0204454
0.145202
0.2016
0.0783668
0.021376
0.0207094
0.0277926
0.0214844
0.0745265
0.0503499
0.432743
0.907044
0.0212486
0.0369614
0.0209605
0.0848266
0.0214315
0.0801997
0.273528
0.0213812
0.391159
0.0213135
2.16403
0.0336512
0.0204193
0.0817048
0.0207652
0.0209131
0.0205517
0.0198752
0.0227552
0.766034
0.0213844
0.0205894
0.0983907
0.0200973
0.021805
0.0221494
0.0211619
0.0213991
0.343944
0.030676
0.0199238
0.0224111
0.0224606
0.0213348
0.887857
0.0455892
0.0213793
0.0209263
0.0215683
0.154512
0.0214877
0.0221464
0.0224787
0.0592854
0.0199395
0.0228325
0.275681
0.0213959
0.0478845
0.0212533
0.0214357
0.0210119
0.021142
0.0206039
0.0212929
1.44402
0.236527
0.0206084
0.0221823
0.0228232
0.542444
0.0267255
0.0497263
0.0212288
0.0220217
0.0301517
0.0226476
0.267843
0.0253244
0.0210563
0.020959
2.89153
0.0219361
0.448147
0.766626
0.0210493
0.0368674
0.767199
0.263787
0.268717
0.102333
0.0263891
0.0209834
2.83617
0.0214057
0.0230744
0.0305304
0.0200482
0.0213363
0.325773
0.0207431
1.81756
0.352785
0.0219396
0.0213793
2.93979
0.0212407
0.26148
0.0203968
0.0456941
0.0657774
0.306898
0.0212578
0.0208462
0.0220802
0.733557
0.177468
0.308957
0.594299
0.0277951
0.0212927
0.420396
1.81733
0.0213924
0.0199832
0.0240891
0.0210266
1.94082
0.0409761
0.0204355
0.46567
0.0208334
0.0207456
0.0203845
0.0212212
0.0213359
1.21887
0.0211282
0.71491
0.0206888
0.0219451
0.0218355
0.0216623
0.0211543
0.0212576
0.0549119
0.0206002
0.0437944
0.332199
0.241271
0.0243956
0.398881
0.0315625
0.0210864
0.0200788
0.0212706
0.0201348
1.05471
0.225735
0.0222898
0.0228089
0.108625
0.0224615
0.322466
0.0214719
0.0210265
0.0214288
0.448232
0.60096
0.652316
2.89854
0.0242921
0.345126
0.575931
0.0211672
0.0210702
0.0207368
0.0289459
0.0302571
0.658043
2.41276
0.0320078
0.0209055
0.0301194
0.0211729
0.514099
0.0209744
0.243553
0.0220662
0.246456
0.0303046
0.0218763
0.0243457
0.52637
0.0281622
0.123574
0.0210409
0.0206947
0.0213617
0.0212394
0.471914
0.0205234
0.021707
0.0272854
0.0199193
0.920072
0.0863093
0.0352517
0.0212187
0.0215009
0.482591
0.163568
0.0210477
0.0212859
0.934227
0.0213034
0.0213135
0.0791158
0.0243413
0.365404
0.270962
0.311313
0.033936
0.0209519
0.0212349
0.027883
0.0210417
0.0209241
0.175828
0.804621
0.0207825
0.021018
0.02092
0.0223149
2.45668
0.0210075
0.0222613
0.0213899
0.0204048
0.0209733
0.5601
0.0221668
0.0209009
0.0200636
0.0218261
0.0207077
0.0291856
0.323589
0.0283852
0.0206636
0.0210623
0.0212089
0.0209789
0.399653
0.0213919
0.309404
0.1402
0.0210548
0.0206232
0.423203
0.0206907
0.02076
0.0209352
0.142711
0.024018
0.0238173
0.020937
0.0199017
0.021375
0.312389
0.021014
0.0217249
0.0385812
0.389373
0.0337494
0.0199557
0.220708
0.0195805
0.12231
0.0209402
0.020086
0.0206376
0.0215651
0.0211139
0.0864581
0.0839467
0.220367
0.0553736
0.0281055
0.351937
0.0213258
0.61979
0.170132
0.0218534
0.389655
0.0388624
0.0529692
0.0212128
0.170941
0.0215722
0.0206494
0.0207776
0.757832
0.324078
0.0240551
0.659464
2.08409
0.53389
0.0213226
0.0237982
0.0384916
0.0315646
0.508925
0.0246789
0.0215355
0.0333123
0.683999
0.0208413
0.755504
0.0224978
0.535426
0.0205862
0.0204569
0.0284709
0.0274519
2.23062
0.785706
0.472448
0.0209261
0.0211026
0.343086
0.199902
0.116544
0.0208206
0.0223757
0.0207149
0.0209878
0.021022
0.407644
0.551946
0.608502
0.489551
0.366409
0.649949
0.0208831
0.0215542
0.0207978
0.020562
0.0278525
0.021062
0.0212232
0.021271
0.0209024
0.026554
0.681675
0.0309022
0.0207842
0.0209684
0.0803894
0.0286776
0.0233497
0.0284661
0.294846
0.136604
0.0209745
0.0274517
0.151295
0.0208155
0.736549
0.0210668
0.0209751
0.0208083
0.600589
0.0209185
0.0207281
0.022097
0.0216636
0.0208976
0.0207623
1.17347
0.901976
0.643277
0.0219351
0.0208492
0.508178
0.0212084
0.0205418
0.0207824
0.0425364
0.0213199
0.0785417
0.0200857
0.0207298
0.0372545
0.361858
0.0207686
0.212627
0.0613415
0.672176
0.0208526
0.0197438
0.0208052
0.680917
0.0221821
0.0243962
0.181909
0.020996
0.0204149
0.0221003
0.0207698
0.121749
0.0209095
0.0213457
0.0209503
0.0268994
0.250767
0.0213121
0.0207051
0.0214655
0.032427
0.0826558
0.211837
0.0239611
0.0586775
0.0206163
0.0209359
0.144551
0.924864
0.0212716
0.0210224
0.0747613
0.0331704
0.020886
0.0208038
0.0207615
0.0209965
0.0209382
0.111195
0.0216222
0.024115
0.315827
0.586569
0.0211232
0.0268418
0.0263238
0.274256
0.0237742
0.0255887
0.0212863
0.411993
0.0212015
0.0300346
0.310807
0.0212325
0.248874
0.308035
0.0210868
0.0221667
0.054105
0.24616
0.0226442
0.0207494
0.020493
0.232437
0.0208878
0.0207426
0.0262166
0.0248572
0.0209539
0.285934
0.39224
0.020628
0.0238564
0.0221433
0.0207793
0.0205454
0.0209207
0.0204892
0.976478
0.0223401
0.0227615
0.0207251
0.0200142
0.0207358
0.0208808
0.022976
0.0265239
0.0227751
0.0910156
0.0210507
0.0208916
0.0266885
0.0207625
0.019967
0.021866
0.591566
0.020822
0.112499
0.0251204
0.0506154
0.0202133
0.229435
0.478784
0.272201
0.0204676
0.0209631
0.0402423
0.0210058
0.316082
0.0210619
0.0251576
0.0225144
0.0209909
0.214651
0.103052
0.216947
0.279744
0.024564
0.0207289
0.0208201
0.0578084
0.370789
0.0208787
0.0214328
0.0200476
0.021491
0.020451
0.139943
0.0206852
0.0202614
0.0215743
0.0217076
0.423917
0.0271164
0.0219136
0.0207247
0.0205182
0.573049
0.0246973
0.0196886
0.249302
0.0287025
0.0253107
0.0250916
0.0287782
0.0204648
0.0206531
0.268388
0.041377
0.308629
0.0209497
0.0205907
0.418012
0.24351
0.0241698
0.0207699
0.024316
0.0206415
0.0217878
0.0222067
0.0233658
0.0198904
0.0207143
0.0204268
0.0207601
0.0206476
0.0224576
0.0206477
0.0621769
0.276579
0.020604
0.020827
0.0199667
0.0210623
0.0214024
0.0210184
0.41896
0.166187
0.0209334
0.0222348
0.31356
0.0211337
0.315264
0.315142
0.312904
0.0206072
0.0430968
0.0273514
0.035845
0.0236384
0.0207121
0.415429
0.392965
0.223812
0.0223218
0.0203734
0.270834
0.443468
0.0206101
0.0206915
0.020741
0.0235556
0.025614
0.0214941
0.0207103
0.0205643
0.123655
0.275153
0.0334216
0.0208732
1.96263
0.150394
0.0205205
0.229996
0.0210042
0.0207759
0.0208696
0.0248764
0.0208275
0.411196
0.020759
0.0206896
0.0207649
0.0204966
0.0210058
0.0262213
0.0199669
0.0206133
0.0358842
0.0205758
0.0215259
0.0205533
0.020249
1.18023
0.0724628
0.0208561
0.0423013
0.0208863
0.0206042
0.0290329
0.0229074
0.43562
0.0199196
0.0205377
0.0214235
0.0207081
0.374988
0.0205059
0.0208232
0.0284376
0.0196475
0.0210335
0.020936
0.0207584
0.0276709
0.0210386
0.327742
0.275707
0.387533
0.155775
0.0199681
0.020547
0.0314844
0.0207802
0.376814
0.0199862
0.203816
0.223817
0.0200842
0.0205181
0.0212094
0.280444
0.0209127
0.0208945
0.381229
0.388076
0.509633
0.0243725
0.132929
0.0196595
0.249303
0.234613
0.273464
0.258237
0.38737
0.252386
0.0206598
0.0207815
0.0268202
0.236677
0.021191
0.0207195
0.0210573
0.0648383
0.0201541
0.0201036
0.379433
0.0206188
0.0377592
0.0207871
0.180454
0.129737
0.0225649
0.0212329
0.0207952
0.0209494
0.0334725
1.20355
0.374695
0.029619
0.255579
0.364243
0.0210879
0.0230334
0.154958
0.0214891
0.0205736
0.303873
0.364049
0.216248
0.334794
0.354842
0.0290288
0.0215201
0.0209701
0.338103
0.194517
0.381243
0.196515
0.0197017
0.0213352
0.022057
0.256998
0.212178
0.0206224
0.023732
0.460104
0.021727
0.0227138
0.248268
0.212104
0.0273237
0.0219933
0.0207761
0.371447
0.0210706
0.0196737
0.275189
0.0213252
0.0202283
0.40635
0.0201567
0.0205346
0.314673
0.659267
0.0693032
0.0202469
0.339651
0.0204756
0.402908
0.416506
0.153213
0.0209364
0.366652
0.0252956
1.99255
0.0202669
0.0204555
0.355726
1.3291
0.252728
0.0206805
0.020727
0.0203917
0.0206259
0.032986
0.0208108
0.328585
0.0221472
0.395088
0.0202227
0.400884
0.0211
0.020421
0.0206573
0.38376
0.375079
0.019649
0.0199455
0.0204558
0.0205988
0.293474
0.0205355
0.268396
0.0235986
0.0338613
0.417552
0.418908
0.94781
0.424317
0.0322278
0.0308098
2.74475
0.0531875
0.46552
0.182254
0.39298
0.020563
0.0292796
0.422985
0.0205485
0.274952
0.369865
0.633245
0.301271
0.0205065
0.424109
0.402018
0.194298
0.0213385
0.0206212
0.184576
0.617053
0.416366
0.0207581
0.269511
0.0211184
0.429747
0.164149
0.409527
0.0207411
0.0224544
0.421315
0.299584
0.0204084
0.878048
1.78327
0.4259
0.0210209
1.5308
0.0204833
0.648393
0.302654
0.400095
0.445565
0.429547
0.0243717
0.0410342
0.0233648
0.103642
0.0213596
0.297937
0.0213395
0.0206125
0.0411909
2.12266
0.0213419
0.424698
0.428216
0.0324511
0.0412384
0.200505
0.0201564
0.298824
0.0255406
0.367228
0.0206647
0.021352
0.0214777
0.39992
0.020404
0.405738
0.341864
0.152617
0.0217922
0.0222706
0.0198579
0.207005
0.292022
0.0201095
0.0643238
0.372108
0.244118
0.492125
0.0207067
0.021232
0.020577
0.0245865
0.0212328
0.0205887
0.0258369
0.0227076
0.0213586
0.0199416
0.0205815
0.0237287
0.211816
0.0213447
0.311158
0.0206382
0.020709
0.0239005
0.0256682
0.0214717
0.0207256
0.0204813
0.64862
0.376521
0.020641
0.202011
0.328731
0.0214167
0.0295908
0.0451504
0.394404
0.216676
0.29653
0.2607
0.0245062
0.360809
0.538827
0.0540674
0.182225
0.0204034
0.0205821
0.681179
0.0203666
0.213712
0.0276157
0.0215325
0.0204382
0.0224607
0.0208713
0.279162
0.0204372
0.0830474
0.0416536
0.0956303
0.0201049
0.0239434
0.0206632
0.0198868
0.0271918
0.0203749
0.0200502
0.020532
0.0281011
0.221197
0.0274035
0.32671
0.0235164
0.019638
0.212118
0.0324641
0.0217464
0.0207802
0.321887
0.277012
0.0263297
0.228496
0.0206013
0.173561
0.31649
0.0233169
0.0229072
0.0206217
0.0472588
0.022421
0.020559
0.0211475
0.371985
0.356885
0.0204838
0.023589
0.154239
0.0208973
0.252299
0.0214345
0.0216547
0.0246141
0.587294
0.148808
0.0211997
0.0202485
0.0210549
0.184919
0.0205469
0.0577892
0.316578
0.0363579
2.11515
0.0214085
0.0237438
0.0892883
0.775537
0.0427758
0.273613
0.0221609
0.0845537
0.020926
0.019932
0.279246
0.0204101
0.0263819
0.177292
2.83718
0.0200989
0.0273842
0.0219398
0.0254612
0.177228
0.339725
0.263195
0.0225411
0.77277
0.235312
0.0221882
0.0204871
0.0251674
1.16576
0.0207903
0.205882
0.0204218
0.0201209
0.383805
0.411886
0.0210222
0.0209376
0.77531
0.235869
0.0202199
0.236086
0.020552
0.250063
0.32011
0.0270285
0.0208715
0.182075
0.299701
0.345577
0.241799
0.0208023
0.0201365
0.020216
0.0385296
0.338615
0.021174
0.361353
0.0944022
0.0203905
0.022999
0.220337
0.0307436
0.0205827
0.0387452
0.0206664
0.105036
0.48982
0.316039
0.246112
0.0212622
0.109263
0.0221593
0.0213576
0.0202122
0.020968
0.0209066
0.385336
0.0202178
0.0285015
0.125724
0.394262
0.019911
0.0224656
0.267697
0.0225748
0.0208768
0.0217454
0.0441466
0.243331
0.315013
0.0212764
0.214767
0.277582
0.0264475
0.305013
0.0273283
0.418609
0.021073
0.318886
0.231795
1.9977
0.0200076
0.71632
0.0196697
0.160599
0.227822
0.0208234
0.111806
0.02109
0.278876
0.0206042
0.103408
0.287499
0.0259543
0.17243
0.0206098
0.130564
0.0486588
0.0208064
0.040507
0.0800213
0.0211005
0.0200507
0.261371
0.0208803
0.0204031
0.274157
0.0209354
0.02449
0.249686
0.0223809
1.70957
0.0215074
0.0212964
0.0200365
0.291288
0.235731
0.0207352
0.0255978
0.0816588
0.273473
0.0204264
0.145056
0.24241
0.328623
0.0200037
0.308167
0.35915
0.180741
0.21911
0.0199454
0.0205002
0.0225176
0.0209416
0.0212392
0.0211109
0.275145
0.0214835
0.390644
0.020591
0.0200722
0.0198438
0.271254
0.270537
0.324027
0.0230018
0.808132
0.261106
0.279326
0.186589
0.0225574
0.225012
0.0198956
0.0205212
0.0210368
0.326461
0.0233024
0.020483
0.293894
0.0223824
0.0212077
0.0226521
0.021002
0.0201158
0.265633
0.0199368
0.0207371
0.020068
0.239102
0.216404
0.26501
0.0203164
0.0196283
0.020173
0.0232624
0.0206529
0.0283461
0.021793
0.0201012
0.0206709
0.0322003
0.297047
0.460862
0.159039
0.0222509
0.285939
0.244691
0.022199
0.380532
0.230303
0.0213178
0.102092
0.0535198
0.369371
0.31657
0.10738
0.0354697
0.0211577
0.303869
0.0200356
0.0217908
0.0212488
0.0209518
0.131444
0.0356686
0.0242796
0.323346
0.0203935
0.0257286
0.0198544
0.0208811
0.0216865
0.267599
0.0196165
0.321379
0.0226611
0.0209682
0.0200925
0.0198435
0.0918918
0.13317
0.313731
0.0204127
0.248292
0.303393
0.0202302
0.0204742
0.0884601
0.0213605
0.22401
0.359282
0.0199064
0.0622051
0.0198904
0.0204729
0.100961
0.0219041
0.0213304
0.0219745
0.0197145
0.319257
0.08344
0.319234
0.127141
0.319985
0.0200599
0.0209883
0.0205508
0.238981
0.0251576
0.0204509
0.353658
0.0206817
0.0209757
0.0259669
0.262401
0.372859
0.435564
0.381025
0.355583
0.0299102
0.0198628
0.213748
0.229635
0.357527
0.0200695
0.399147
0.0202993
0.0206233
0.136052
0.172519
0.234682
0.0198759
0.0200642
0.328564
0.252578
0.0209765
0.0198842
0.0199358
1.76392
0.020508
0.0288298
0.285835
0.0231772
0.23306
0.0447643
0.384003
0.0203493
0.0445225
0.0199442
0.0205861
0.0221186
0.0254211
0.0225518
0.020681
0.0205316
0.0246252
0.0207344
0.357977
0.121528
1.28484
0.459105
0.308272
0.0211192
0.300187
0.418557
0.0225938
0.0196863
0.43029
0.0225304
0.0210103
0.0224822
0.29213
0.0207432
0.0213589
0.0395222
0.27982
0.264569
0.150038
0.484544
0.0329136
0.0246757
0.0269407
0.286323
0.0209898
0.0206938
0.021344
0.0221736
0.0978389
0.295453
0.0206498
0.0206723
0.0204681
0.0200601
0.0205328
0.0210317
0.0202544
0.0635999
0.0203277
0.0202922
0.0201615
0.265098
0.316988
0.0204625
0.273851
0.389095
0.0207437
0.0886216
0.0219179
0.0546486
0.24506
0.0203554
0.0654194
0.0228603
0.431288
0.0618509
0.294542
0.0213029
0.0212506
0.0221494
0.0242539
0.297184
0.218073
0.264477
0.0200273
0.429546
0.0202673
0.0230154
0.0200892
0.281486
0.229999
0.224274
0.0257865
0.0226436
0.0204225
0.378728
0.0212999
0.0216653
0.172967
0.0199496
0.457818
0.189712
0.0201788
0.0370508
0.0202317
0.252155
0.021186
0.290018
0.0230124
0.0207771
0.220381
0.0254412
0.0198702
0.0241908
0.0815969
0.36751
0.253678
0.153568
0.0230792
0.0228804
0.0207132
0.0341594
0.0220935
0.020539
0.232061
0.0205132
0.0202051
0.0204568
0.0585813
0.28793
0.0205245
0.278941
0.020394
0.222651
0.0258354
0.0545398
0.0208626
0.0210081
0.280793
0.0207337
0.0200362
0.0203541
0.235574
0.0201432
0.294045
0.0208407
0.304276
0.299219
0.0205534
0.0222356
0.0207362
0.287324
0.0208226
0.211811
0.0200015
0.0199492
0.0200228
0.0240897
0.152871
0.0209903
0.021126
0.485627
0.0208095
0.11822
0.231488
0.262043
0.380994
0.0200226
0.0201606
0.228038
0.130753
0.0221628
0.0330939
0.0214098
0.213987
0.0199697
0.0241006
0.221869
0.021148
0.020245
0.0220017
0.0220231
0.0203807
0.298353
0.020565
0.24923
0.187248
0.0200911
0.0207438
0.573119
0.226755
0.269714
0.0203905
0.24308
0.0204193
0.26301
0.0409414
0.0199364
0.02021
0.335868
0.252962
0.0545009
0.0248259
0.30266
0.259427
0.36152
0.0318742
0.272677
0.0200243
0.0217624
0.252445
0.0228474
0.0198062
0.0199008
0.228771
0.0211287
0.0204643
0.0202782
0.0206188
0.021788
0.0241864
0.201387
0.209316
0.280575
0.0201728
0.0409603
0.0424721
0.0204033
0.0594034
0.330036
0.208078
0.0201974
0.274928
0.0201187
0.0223055
0.020389
0.176531
0.0671292
0.0282037
0.0199473
0.0205009
0.318261
0.020081
0.0201948
0.270522
0.168256
0.380708
0.0227825
0.0228014
0.226373
0.0199062
0.0286529
0.0396716
0.022206
0.328418
0.020029
0.0204672
0.378091
0.021912
0.0212492
0.303345
0.299777
0.0227757
0.0201423
0.125213
1.5653
0.0199661
0.02056
0.0217355
0.0200258
0.0203939
0.0201949
0.0960847
0.0211951
0.327493
0.0206335
0.0205962
0.0198714
0.020262
0.316485
0.0208572
0.0263746
0.216736
0.0209683
0.019681
0.232951
0.0403627
0.0225824
0.219646
0.0340965
0.259607
0.284344
0.0245288
0.325339
0.37287
0.0244158
0.805302
0.0207186
0.0203271
0.0208538
0.0211253
0.0204688
0.0201335
0.0303289
0.0218976
0.0200275
0.0198018
0.022771
0.0206191
0.019862
0.0237067
0.0199543
0.258664
0.417971
0.32119
0.020422
0.261796
0.0200706
0.161291
0.0714928
0.0203632
0.0210413
0.0200519
0.320435
0.209257
0.0224117
0.0200613
0.333484
0.0229337
0.0278898
0.0350293
0.0200161
0.0995757
0.0304073
0.0201413
0.288188
0.022172
0.0197859
0.165249
0.314412
0.361469
0.0206635
0.0201616
0.241266
0.020337
0.0224746
0.0204905
0.0206797
0.0232503
0.275032
0.473701
0.104641
0.0202946
0.229881
0.0783233
0.0200815
0.268495
0.020135
0.0200726
0.0888068
0.019985
0.019948
0.194108
0.227294
0.0360136
0.0248456
0.228313
0.0261
0.019966
0.0404132
0.166435
0.175928
0.0199512
0.272219
0.0198306
0.305786
0.0220422
0.623023
0.265518
0.020075
0.0208916
0.0202262
0.019767
0.411071
0.0204471
0.0198223
0.0200929
0.428153
0.0206202
0.0199164
0.0201544
0.0237689
0.217001
0.0197885
0.025284
0.0213088
0.22243
0.0200841
0.0364214
0.0650495
0.334111
0.0211767
0.0201547
0.0201188
0.0200323
0.100474
0.0234623
0.019884
0.044345
0.0932782
0.0211413
0.0231956
0.0197524
0.0222803
0.239273
0.0228926
0.221712
0.0194738
0.0198537
0.0212395
0.0207148
0.0222301
0.0565256
0.391024
0.0221474
0.0208545
0.158227
0.258968
0.0204202
0.020887
0.0206478
0.0299864
0.263513
0.0199894
0.109256
0.273105
0.0220641
0.0198101
0.0297817
0.0212953
0.0197351
0.0219197
0.0256773
0.0222427
0.24948
0.0200979
0.0212293
0.0201349
0.0587754
0.0212878
0.0587605
0.291686
0.0217836
0.0225335
0.0212582
0.177293
0.0205803
0.0197215
0.0211997
0.0209703
0.0205587
0.425826
0.0196939
0.0197635
0.0201653
0.0210563
0.32047
0.0209748
0.0232318
0.0198523
0.0777093
0.0639412
0.62129
0.0262328
0.0197064
0.449213
0.0226353
0.0210671
0.0196699
0.0196913
0.0199674
0.285239
0.0205823
0.0228935
0.0202767
0.268541
0.0472912
0.0210348
0.021705
0.020535
0.283941
0.212969
0.0196658
0.0205105
0.0210639
0.0212681
0.0204255
0.282973
0.0212997
0.30953
0.0227493
0.0206511
0.022049
0.0205161
0.254152
0.0198796
0.0196392
0.0217813
0.0228289
0.0226997
0.0196572
0.250152
0.0212077
0.0206986
0.0206568
0.0226484
0.0196427
0.021159
0.0210738
0.0199489
1.3933
0.0388168
0.0227648
0.0198085
0.0198369
0.0217787
0.222011
0.205395
0.271742
0.148191
0.0196424
0.0212091
0.209055
0.0215126
0.0197132
0.0228559
0.0209842
0.267774
0.286284
0.0220232
0.024627
0.0963833
0.0220154
0.183854
0.020416
0.0239076
0.0199338
0.019618
0.0226495
0.0226651
0.0202284
0.210587
0.0203877
0.0266586
0.262197
0.331602
0.019869
0.68245
0.209124
0.0208134
0.0196898
0.0218079
0.0198308
0.289401
0.0200006
0.144266
0.27165
0.0196279
0.0199299
0.0198435
0.0197542
0.0200067
0.0198774
0.209861
0.0197901
0.020112
0.0238244
0.0212139
0.0201247
0.0200049
0.0201855
0.275607
0.214938
0.0202037
0.290435
1.6697
0.0218144
0.283417
0.0208369
0.019892
0.0205928
0.019935
0.0271713
0.0225269
0.0199125
0.0220143
0.229757
0.019692
0.0198486
0.0203487
0.210382
0.0198925
0.128055
0.0202399
0.020051
0.0201607
0.0213596
0.0200948
0.0196587
0.133276
0.0199354
0.0196616
0.0203781
0.0199637
0.0196309
0.0196302
0.0200099
0.0215617
0.0199427
0.212428
0.0198481
0.0208785
0.0197135
0.0206187
0.24936
0.0196263
0.0198608
0.0225556
0.276205
0.0220458
0.0202793
0.0209884
0.0219684
0.0214283
0.254583
0.0224941
0.0224891
0.241703
0.0208849
0.0202226
0.224187
0.0218086
0.258257
0.0199661
0.0203595
0.13909
0.100699
0.0214121
0.020106
0.0196071
0.0202352
0.0200633
0.0204224
0.0224682
0.207731
0.0197026
0.0209867
0.231986
0.0226212
0.0226085
0.181752
0.0201842
0.0523782
0.230646
0.020128
0.0209772
0.0208349
0.228341
0.0203638
0.022475
0.236067
0.210149
0.316437
0.235502
0.0879513
0.231074
0.116844
0.0204257
0.160528
0.0206922
0.0227029
0.239643
0.0201593
0.107247
0.0200818
0.0218988
0.0679396
0.033784
0.0203497
0.0196479
0.0203504
0.0202195
0.083948
0.0206149
0.0209028
0.285396
0.0213247
1.77752
0.319701
0.0449821
0.0199062
0.019674
0.0224814
0.0225025
0.0207118
0.0202126
0.0203787
0.265174
0.0197875
0.0213131
0.328437
0.214127
0.0206093
0.0224887
0.0202903
0.0209991
0.0232112
0.0195973
0.0762317
0.0199249
0.0204953
0.0232648
0.0201917
0.282172
0.02033
0.0214408
0.328782
0.0201984
0.0225036
0.035412
0.0225217
0.0198961
0.0205235
0.313762
0.0216514
0.0202832
0.0197807
0.020107
0.0275218
0.0201386
0.0230288
0.0510661
0.192496
0.181178
0.022528
0.022493
0.0198365
0.0207673
0.0208667
0.187741
0.0207361
0.0202093
0.0239972
0.0224725
0.0205357
0.0214558
0.0214277
0.0202456
0.0224865
0.0296308
0.170084
0.0224405
0.0203424
0.0225495
0.0213334
0.022463
0.0224579
0.0197973
0.019561
0.0195558
0.316464
0.0207719
0.0204094
0.0199278
0.0203898
0.0218623
0.0218212
0.022486
0.0616215
0.0196596
0.305047
0.0550262
0.0225286
0.0218604
0.0199114
0.0320044
0.0225138
0.0197742
0.0200148
0.0231739
0.0230986
0.0231421
0.023176
0.0230043
0.0230666
0.0231197
0.0231511
0.0230371
0.023047
0.0230785
0.022985
0.022942
0.0230174
0.0229731
0.022954
0.022503
0.0224594
0.022463
0.0224549
0.0225667
0.0224693
0.0225169
0.0227322
0.0225357
0.0229232
0.0224624
0.0224969
0.0224747
0.0224799
0.0228617
0.0227183
0.0226921
0.248282
0.0224935
0.0224692
0.0384981
0.020008
0.0229497
0.0226758
0.0225436
0.145966
0.0225114
0.022509
0.0225159
0.0224734
0.0225068
0.0224987
0.236091
0.253609
0.24646
0.0195439
0.0195781
0.0196705
0.0227959
0.022702
0.0225959
0.0224953
0.0198819
0.0195424
0.0225001
0.0195504
0.248031
0.250157
0.0196433
0.246488
0.253639
0.0195508
0.0196041
0.247417
0.0224957
0.019537
0.249884
0.019616
0.0204695
0.0202075
0.0200513
0.0218
0.0198681
0.28624
0.019894
0.0198921
0.284159
0.0209634
0.0205729
0.0197713
0.0198125
0.0200229
0.282805
0.259613
0.0228972
0.0206611
0.0203516
0.423233
0.0239012
0.0225039
0.0196112
0.0198692
0.0214107
0.284783
0.0218353
0.0227845
0.251242
0.0821789
0.02028
0.0197748
0.0206331
0.26743
0.0211093
0.0196372
0.0196099
0.0211129
0.0396272
0.0202043
0.0355133
0.0195975
0.0213459
0.11578
0.019619
0.020064
0.0467505
0.0202205
0.209449
0.0211274
0.0234148
0.0215329
0.0198037
0.0203824
0.0217004
0.0196694
0.926152
0.0203508
0.62772
0.0250101
0.21182
0.0202248
0.251663
0.0209029
0.0660991
0.0198289
0.0196857
0.06199
0.019984
0.0215018
0.0244746
0.142722
0.0207696
0.019788
0.0224737
0.214511
0.209904
0.0205227
0.019879
0.236607
0.0206084
0.083465
0.02226
0.0201143
0.250743
0.0213301
0.0196544
0.0200015
0.0211391
0.0261879
0.0239216
0.0202294
0.0551775
1.14628
0.0197618
0.0200208
0.229473
0.0208574
0.0210561
0.0209747
0.0196275
0.209959
0.0206758
0.0211736
0.0200095
0.0197196
0.212204
0.432576
0.0216546
0.0203749
0.0200099
0.0208761
0.0201945
0.0329856
0.0275139
0.0210229
0.0199414
0.285863
0.30027
0.231463
0.0196487
0.0221435
0.0238813
0.0244668
0.0216788
0.0197529
0.0199939
0.0205577
0.0209555
0.274968
0.0895242
0.275809
0.0204968
0.0196406
0.0713121
0.019641
0.0715532
0.0200877
0.0199981
0.0196292
0.0198343
0.0224163
0.0213054
0.0219336
0.020515
0.0213978
0.0198646
0.0199032
0.0198462
0.0205027
0.233586
0.0229847
0.0197278
0.0208763
1.614
0.0198589
0.0197001
0.313402
0.0210199
0.0214929
0.21247
0.019608
0.021181
0.0223522
0.0213774
0.021541
0.267601
0.0204574
0.0209685
0.0196112
0.0697958
0.0726381
0.191197
2.44737
0.0204894
0.0207243
0.0195767
0.249034
0.020922
0.217682
0.0195926
0.0201544
0.0340158
0.0196237
0.0317265
0.0350827
0.0225162
0.019737
0.266943
0.13962
0.0317355
0.0196239
0.0214699
0.0199776
0.020133
0.263472
0.0198579
0.0331013
0.0196707
0.0204569
0.0265025
0.0205915
0.0208671
0.029596
0.0212768
0.0196543
0.184406
0.0237151
0.0311824
0.0213991
0.262723
0.285193
0.0196163
0.242638
0.0203236
0.0206702
0.265673
0.16319
0.234472
0.0209242
0.0209609
0.0216256
0.0206735
0.0196101
0.0207063
0.0209901
0.0249644
0.0202336
0.0199345
0.0195944
0.0205976
0.0427665
0.0196402
0.220873
0.0205079
0.0204359
0.113964
0.0196383
0.115705
0.238622
0.0225435
0.0202215
0.0215816
0.0195803
0.0205542
0.426786
0.026306
0.206896
0.0196237
0.0197087
0.193933
0.0196796
0.0212857
0.0197972
2.60848
0.281969
0.0332164
0.232921
0.0223753
0.0205171
0.020419
0.019944
0.0219367
0.0309115
0.0198047
0.0195997
0.0213771
0.0311063
0.0199594
0.0202067
0.0211365
0.0206611
0.0197269
0.0200188
0.0197484
0.0197892
0.0197852
0.0227492
0.0202608
0.0197254
0.0206683
0.0212497
0.0196715
0.0316733
0.0210339
0.019789
0.0198962
0.0212348
0.0299996
0.0212228
0.0211938
0.0200371
0.0231551
0.228901
0.0203325
0.0247149
0.0216038
0.0228139
0.0197357
0.021516
0.0218545
0.0200833
0.0253426
0.0208684
0.0197443
0.0201809
0.423249
0.0202755
0.0196888
0.0198126
0.0212611
0.0199839
0.0212023
0.239798
0.0204187
0.0201229
0.0299649
0.0207158
0.0201543
0.0207896
0.0215972
0.0201083
0.319871
0.0198888
0.020036
0.0199424
0.0198577
0.0197813
0.0214781
0.0197026
0.019705
0.0236295
0.0285926
0.020397
0.0197563
0.0197747
0.021328
0.0218495
0.0204824
0.0229124
0.0543766
0.0199702
0.0200569
0.0196097
0.252635
0.0235839
0.0207701
0.188325
0.0205478
0.0206202
0.331936
0.0203484
0.0206454
0.0197132
0.0206988
0.0204351
0.260463
0.0197194
0.0277319
0.0208962
0.0253113
0.0240043
0.0203286
0.0199639
0.0197032
0.0209877
0.020116
0.07112
0.0197722
0.0890177
0.019599
0.281049
0.0207195
0.0201715
0.0269186
0.0195814
0.020864
0.0196037
0.0206838
0.0207305
0.0196907
0.0975103
0.0273323
0.0215728
0.0526316
0.70259
0.0198123
0.0197392
0.310036
0.0199149
0.0203801
0.0201298
0.0206578
0.0197609
0.0215054
0.237566
0.0202017
0.0201257
0.0201791
0.0209756
0.0197182
0.0198127
0.0221662
0.0201164
0.240069
0.0198439
0.0215448
0.0199386
0.0197684
0.0196721
0.0205835
0.0454093
0.021056
0.0213692
0.306297
0.110716
0.0204755
0.0201531
0.0199722
0.224469
0.23375
0.0208691
0.429165
0.0197933
0.0197949
0.261329
0.0200658
0.0197355
0.0198777
0.232605
0.0573005
0.032489
0.044697
0.735515
0.0210431
0.0196717
0.020493
0.0200248
0.205115
0.0201845
0.0197855
0.0828766
0.0197571
0.218536
0.020358
0.0199427
0.112737
0.0204398
0.0198465
0.0232986
0.0199647
0.133198
0.0199522
0.262309
0.0196862
0.0209558
0.262613
0.0250422
0.0198235
0.019594
0.204876
0.0233149
0.0206049
0.209803
0.0216885
0.151342
0.0206205
0.0214355
0.0200788
0.25226
0.297394
0.0197396
0.265877
0.020013
0.218167
0.0199795
0.0360084
0.0197546
0.0227426
0.0592514
0.278308
0.350978
0.0213062
0.184866
0.274338
0.0209778
0.0197756
0.194762
0.0230311
0.0198268
0.0196566
0.0457679
0.01984
0.019856
0.0202646
0.0210063
0.24054
0.0204244
0.0200096
0.0202803
0.0199864
0.219909
0.284917
0.019985
0.0212433
0.0201905
0.2035
0.0197046
0.0200009
0.0198398
0.640918
0.0200203
0.0198714
0.0198904
0.0207192
0.0233072
0.237829
0.0213668
0.0198615
0.0200059
0.0209241
0.237624
0.0197079
0.0196399
0.0214844
0.0196542
0.0232831
0.0205477
0.248881
0.0196919
0.212372
0.0197158
0.0207648
0.0216001
0.0262946
0.020161
0.021206
0.0477095
0.232611
0.0199253
0.0214955
0.0196577
0.0262763
0.0201744
0.032468
0.0199357
0.240041
0.0200321
0.214476
0.0199867
0.0209258
0.0231017
0.020716
0.148279
0.0205247
0.0202677
0.0242344
0.0200787
0.0204586
0.240059
0.426225
0.233966
0.0200693
0.0215291
0.0278909
0.279447
0.0196777
0.245847
0.0205468
0.0197571
0.0202264
0.0197991
0.0199557
0.0208453
0.0239211
0.027741
0.0205004
0.272196
0.246901
0.031083
0.0208603
0.219877
0.178676
0.312393
0.238425
0.0203928
0.0216021
0.021135
0.0207147
0.0198976
0.240461
0.250773
0.0199862
0.146934
0.270131
0.225154
0.0199974
0.0206944
0.0212824
0.217569
0.0224628
0.335744
0.285181
0.0785229
0.0207977
0.0205741
0.104208
0.284475
0.0201666
0.0207168
0.0204189
0.0215506
0.18911
0.341009
0.0198737
0.20306
0.0214838
0.0199747
0.212227
0.0200552
0.0213825
0.113386
0.020185
0.0203277
0.0199847
0.12774
0.368255
0.0211988
0.0199759
0.0205161
0.0201051
0.0196903
0.02037
0.0409568
0.0213269
0.0199606
0.0207566
0.241078
0.0209902
0.179505
0.0198148
0.281486
0.0208293
0.0203694
0.0201275
0.125808
0.0342034
0.0213218
0.0213187
0.206185
0.0854167
0.0379614
0.0199163
0.0217322
0.198863
0.206414
0.0214674
0.235603
0.0200067
0.22233
0.0200459
0.021104
0.0200546
0.0210757
0.394004
0.0210717
0.209921
0.020093
0.229492
0.019944
0.0197438
0.0197292
0.0203211
0.244884
0.0296698
0.0202609
0.0223522
2.22246
0.375632
0.214128
0.25669
0.0201661
0.119339
0.233993
0.247329
0.0197
0.116413
0.0207134
0.247045
0.0200916
0.0200729
0.286742
0.0203988
0.191034
0.0209398
0.0211063
0.0210247
0.3805
0.0203321
0.0208544
0.258851
0.238703
0.272293
0.290868
0.0199637
0.0206387
0.0201553
0.283429
0.0204387
0.107125
0.0202754
0.0201511
0.0219892
0.0201935
0.0201357
0.0202157
0.0199519
0.0204621
0.640188
0.243675
0.236671
0.0201447
0.0209294
0.220627
0.0198338
0.0208328
0.279258
0.180234
0.108495
0.242638
0.0218575
0.0215963
0.0199537
0.0291281
0.0397982
3.13815
0.0203207
0.020084
0.0202875
0.0199655
0.0275451
0.0208733
0.0201148
0.0209557
0.0205811
0.0353088
0.0209301
0.0228929
0.0205426
0.0294442
0.0408014
0.0200978
0.0205599
0.26948
0.0203328
0.0201981
0.0204982
0.0199964
0.0204165
0.0201935
2.78207
0.0210632
0.0371786
0.020976
0.0203308
0.193062
0.019979
0.148556
0.0248869
0.263336
0.021054
0.0208946
0.0199974
0.0595706
0.022324
0.0261188
0.0223686
0.0228596
0.0207017
0.275053
0.230549
0.0319585
0.0964663
0.0232295
0.260503
0.464287
0.0282619
0.267366
0.324809
0.0204457
0.0489913
0.245551
0.238088
0.265742
0.0586472
0.0251144
0.313917
0.02199
0.0204189
0.118373
0.02014
0.0245417
0.0197601
0.0211679
0.0204988
0.020407
0.290029
0.0212936
0.0202205
0.295696
0.0204842
0.0205645
0.0201207
0.147038
0.247093
0.0201374
0.0200582
0.0384317
0.020173
0.0207795
0.0245426
0.0210003
0.0200627
0.0203114
0.0484927
0.0209361
0.0203081
0.019995
0.0231461
0.0202934
0.230873
0.0211034
0.678134
0.913267
0.020362
0.278387
0.0200169
0.027832
0.0235415
0.0233493
0.0267059
0.0350491
0.0258649
0.0201657
0.215561
0.0201844
0.314331
0.0199983
0.0214972
0.020043
0.104795
0.0197717
0.0204426
0.0205546
0.0201322
0.0201968
0.0202077
0.0210005
0.167941
0.0217341
0.0243355
0.198223
0.233046
0.0234936
0.0200147
0.280639
0.0318195
0.0208199
0.0211464
0.0251055
0.214685
0.0206064
0.032197
0.0202226
0.23348
0.0199848
0.264651
0.257936
0.0301529
0.0199799
0.0204261
0.262815
0.0213733
0.277464
0.199039
0.0574472
0.0215268
0.019994
0.0337462
0.0252662
0.0203876
0.866397
0.020954
0.0730663
0.158272
0.0201325
0.0907528
0.216825
0.112809
0.102166
0.0213354
0.0203186
0.0205197
0.02016
0.0206114
0.02019
0.0202695
0.0210952
0.0205488
0.0542338
0.0201138
0.0362159
0.0208552
0.0204874
0.0203266
0.0197017
0.0609171
0.0200757
0.0202726
0.0210986
0.0547357
0.160653
0.021981
0.0300143
0.0197903
0.0529567
0.0593119
0.0211766
0.0203939
0.0273776
0.058649
0.0201358
0.141974
0.0217832
0.0207332
0.0202665
0.0869892
0.366537
0.0323959
0.019726
0.339064
0.030709
0.0209779
0.259615
0.0200676
0.842012
0.0201797
0.217887
0.240591
0.021755
0.257221
0.0201859
0.0197817
0.0220867
0.211519
0.250574
0.10801
0.0199177
0.0201672
0.0203736
0.200123
0.0201672
0.158965
0.204188
0.0638491
0.0406903
0.0207819
0.0212466
0.0203035
0.0201904
0.0540573
0.234357
0.019819
0.0254146
0.206317
0.0394229
0.0198396
0.0201506
0.0203266
0.0201909
0.0202702
0.287098
0.0216179
0.255084
0.0226502
0.215216
0.0201757
0.233013
0.139879
0.0201277
0.169216
0.200243
0.232715
0.0199785
0.0200964
0.0206008
0.323316
0.0199671
0.251104
0.190051
0.0202716
0.0208903
0.32791
0.0202432
0.273512
0.225198
0.0485746
0.0335776
0.344721
0.0203929
0.281714
0.228851
0.0220388
0.327059
0.259988
0.0204375
0.258958
0.235312
0.0197963
0.0230858
0.0299731
0.504094
0.0197498
0.020398
0.253802
0.0885888
0.02122
0.02007
0.0231243
0.239379
0.255443
0.0206041
0.0204133
0.0198497
0.0197644
0.250958
0.0199123
0.223457
0.23756
0.0212262
0.0236755
0.0199375
0.34731
0.0204817
0.0208284
0.0789105
0.602631
0.0206617
0.235449
0.0563854
0.0246834
0.0200417
0.02094
0.0203437
3.25393
0.0199426
0.0220747
0.0201963
0.178911
0.0198853
0.04001
0.0201641
2.44135
0.227863
0.0204349
0.019972
0.0197409
0.0211391
0.0202265
0.0211633
0.0242516
0.0245819
0.0204371
0.0202529
0.242709
0.256572
0.300968
0.256361
0.0221956
0.0205658
0.0202771
0.31419
0.0208411
0.0201514
0.0205012
0.201864
0.341678
0.255982
0.0239713
0.223828
0.0342916
0.10123
0.221327
0.0203367
0.299586
0.0215595
0.21136
0.0202015
0.0199124
0.269428
0.254137
0.0204749
0.201891
0.0213218
0.279945
0.249434
0.019928
0.024653
0.181921
0.0198657
0.0261273
0.242523
0.020486
0.0262205
0.0208111
0.0198825
0.021256
0.0204005
0.0211557
0.0206513
0.197952
0.0214056
0.0257767
0.0204201
0.020344
0.0204291
0.0215432
0.0212677
0.0280893
0.0212144
0.263114
0.246533
0.193745
0.0201345
0.0448556
0.229555
0.032891
0.0290626
0.227385
0.0205262
0.0202415
0.624233
0.0240282
0.0970099
0.0205248
0.0220642
0.020233
0.286993
0.0212791
0.0212283
0.226266
1.77182
0.0207584
0.0211842
0.101056
0.0208385
0.28607
0.350955
0.0197373
0.28745
0.286627
0.0437631
0.0277865
0.235793
0.021332
0.0279222
0.0199751
0.0212928
0.0202882
0.0225569
0.0246892
0.241911
0.255677
0.020544
0.0205185
0.281381
0.0204667
0.363424
0.0202101
0.231629
0.223347
0.0276697
0.020577
0.0219791
0.925573
0.0220925
0.0205412
0.0205118
0.298857
0.021466
0.0204224
0.0285862
0.0206463
0.364756
0.0204968
0.364361
0.0214715
0.0201421
0.273389
0.0230675
0.0201233
0.38614
0.0247564
0.0219779
0.0208377
0.0213161
0.0288881
0.0202354
0.355693
0.0205199
0.0214146
0.0205717
0.414575
0.350403
0.0201713
0.0207632
0.0295789
0.415877
0.029391
0.442306
0.0237968
0.0234729
0.0206533
0.0386454
0.0292133
0.0208364
0.0217819
0.0360493
0.143056
0.0205504
0.0211317
0.335812
0.0203421
0.0262288
0.0261529
0.362375
0.0204995
0.020748
0.021825
0.0206271
0.0328569
0.347426
0.0200027
0.0222032
0.0215986
0.0835998
0.0250403
0.0264554
0.0203749
0.0217393
0.0210383
0.305216
0.235572
0.0227776
0.0206265
0.0197785
0.0215718
0.0205556
0.019592
0.358941
0.0386245
0.0203698
0.0232405
0.0228039
0.0294625
0.0699922
0.025699
0.22275
0.174125
0.020326
0.345295
0.0244147
0.0241914
0.290138
0.259482
0.0203361
0.0195824
0.0198265
0.0207299
0.0215497
0.020309
0.0521224
0.421192
0.0199833
0.424901
0.0215494
0.0417276
0.0209795
0.731773
0.0198482
0.0312088
0.23728
0.022083
0.0214416
0.528216
0.0207737
2.74895
0.0299436
0.0216305
0.0223331
0.330535
0.0229387
0.0243022
0.28253
0.0205608
0.320188
0.362646
0.0213127
0.0213956
0.0215829
0.0203093
0.0768181
0.0215079
0.0203101
0.17505
0.0241461
0.064969
0.178941
0.0203042
0.0229731
0.020704
0.360344
1.85475
0.0279459
0.0214993
0.0330905
0.0208841
0.0215245
0.0199698
0.0260696
0.020523
0.0262948
0.0199958
0.0221194
0.121174
0.0288831
0.0260045
0.0200023
0.0489761
0.327458
0.166374
0.0212752
0.019982
0.186599
0.261488
0.0223082
0.0208768
0.0202866
0.422983
0.021309
0.0275228
0.0205015
0.0207705
0.0212778
0.35256
0.020698
0.0203572
0.039584
0.197116
0.0282364
0.0283212
0.020443
0.111802
0.0722418
0.0209127
0.0220588
0.218364
0.0720385
0.028171
0.0206767
0.0436238
0.0209413
0.0230306
0.259644
0.020804
0.0201719
0.0210242
0.0197149
0.0326806
0.0203473
0.0305265
0.020319
0.0202934
0.0949648
0.186471
0.17081
0.0209931
0.0203615
0.0215555
0.0204567
0.391661
0.0213009
0.240394
0.0203494
0.0208578
0.255894
0.176568
0.0287037
0.0232381
0.0206079
0.0205258
0.21788
0.0219108
0.0212233
0.0204945
0.0221761
0.0215415
0.18565
0.0415119
0.12757
0.0208189
0.0215446
0.0188203
0.0214094
0.0247822
0.021392
0.0205997
0.0204565
0.210338
0.0310463
0.0204417
0.020318
0.02112
0.0223749
0.159779
0.0205242
0.0204458
0.0215921
0.382465
0.0364523
0.278912
1.98433
0.0299379
0.0211043
0.0205973
0.0914771
0.0203454
0.0203352
0.0470745
0.259783
0.385797
0.0204823
0.26474
0.291967
0.0214743
0.419007
0.239014
0.0213655
0.0207435
0.020631
0.0203013
0.023844
0.386264
0.0205616
0.0207212
0.0473484
0.0212009
0.0204705
0.0213297
0.02194
0.180771
0.703262
0.0212688
0.424186
0.0203114
0.0202901
0.0203182
0.246552
0.0202804
0.0205581
0.0206786
0.0279181
0.0196842
0.0204058
0.0203492
0.0201497
0.0203914
0.021585
0.0209732
0.0213795
0.185208
0.164388
0.414684
0.0218494
0.020472
0.0346203
0.0247563
0.47515
0.0202113
0.668712
0.423101
0.0236625
0.0196994
0.0206027
0.308284
0.418263
0.225716
0.0210756
0.0204051
0.0386487
0.0211332
0.0223316
0.372526
0.0204249
0.0251222
0.0207363
0.0196705
0.0226574
0.0203429
0.19364
0.0225053
0.0228534
0.238229
0.421713
0.0213889
0.0206426
0.0255554
0.0210682
0.0234504
0.020165
0.0270226
0.24655
0.100417
0.0213452
0.0218663
0.103025
0.0206794
0.0204778
0.0234122
0.109171
0.0211913
0.023797
0.314455
0.0363053
0.0205945
0.519879
2.17633
0.0219172
0.0207917
0.680077
0.021546
0.432496
0.237302
0.0208724
0.370806
0.0204207
0.0208385
0.148406
0.0215851
0.205022
0.0206315
0.0210316
0.0236095
0.0214676
0.258286
0.0206442
0.0210933
0.020388
0.0208876
0.171354
0.238131
0.397397
0.0235445
0.472203
0.186925
0.0208197
0.354208
0.0313063
0.376212
0.317529
0.020654
0.513433
0.0393361
0.0212026
0.0336985
0.0208897
0.481092
0.0201677
0.273387
0.522966
0.0212129
0.142065
0.0207593
0.0213981
0.0445017
0.0204116
0.691583
0.0268757
0.0204037
0.0201969
0.0210066
0.198655
0.0207394
0.0204493
0.24507
0.0224575
0.0202459
0.0202777
0.358903
0.326078
0.0214198
0.465513
0.340589
0.0198219
0.0205677
0.0204249
0.0206807
0.148457
0.243504
0.240867
0.0277179
0.0226703
0.0205107
0.0217088
0.0213763
0.0208692
0.0210341
0.0214801
0.0264299
0.173012
0.239257
0.024319
0.0210034
0.250177
0.0203873
0.277099
0.0331746
0.0442471
0.0202063
0.472687
0.16859
0.0206517
0.260101
0.0204047
0.0214871
0.0210479
0.518763
0.253433
0.132316
0.0241796
1.52649
0.02383
0.0204567
0.0201178
0.0219651
0.0221589
0.0586982
0.542418
0.0273934
0.0204026
0.0204881
0.0245108
0.324529
0.0210635
0.324138
0.178053
0.0764124
0.239578
0.0208058
0.0203478
0.300726
0.0209081
0.0223466
0.0243921
0.340483
0.0208136
0.0210811
0.0213463
0.0281255
0.0205348
0.0211417
0.0203137
0.235248
0.0207051
0.0196095
2.3405
0.0223976
0.0210676
0.0207732
0.0225299
0.0207044
0.0215166
0.0214883
0.0201575
2.70677
0.273274
0.020297
0.510005
0.0246652
0.0205111
0.0233252
0.519904
0.0218738
0.12425
0.0201807
0.0210075
0.0214846
0.480754
0.0203707
0.0208232
0.0323554
2.41522
0.199465
0.0208789
0.381221
0.0252216
0.186245
0.0217741
0.0205007
0.0202278
0.0381258
0.262613
0.361531
0.0203438
0.036082
2.88451
0.0198121
0.183661
0.0205028
0.020106
0.317579
0.0206451
0.0238145
0.354911
0.02111
0.131688
1.29156
0.0202685
0.519708
0.0254718
0.337892
0.0386124
0.517301
0.0240099
0.023744
0.75313
0.0211702
0.0211721
0.0665227
0.0761481
0.0205642
0.489068
0.3587
0.0298898
0.041973
0.0211216
0.0243544
0.0205704
2.61979
0.0695553
0.509388
0.0208554
0.0535201
0.0203301
0.384402
0.0205873
0.0203948
0.0210402
0.0208057
0.0299226
0.388788
0.51465
0.020568
0.020374
0.0242164
0.0205008
0.0205589
0.341799
0.0208366
0.0205031
0.0197346
0.0209012
0.0242573
0.0434454
0.175539
0.0208375
0.0204447
0.0235896
0.241571
0.0209675
0.0202307
0.0296443
0.0207056
0.0247892
0.247639
0.0212069
0.416643
0.657054
0.020607
0.0213317
0.026577
0.245414
0.022007
0.246766
0.0204334
0.0271095
0.0276775
0.0208458
0.0214605
0.0227112
0.124685
0.0222265
0.0205296
0.518337
0.0209336
0.0229345
0.160247
0.0215161
0.0203635
0.0215659
0.244726
0.0205462
0.0446547
0.0205014
0.0205942
0.0204998
0.0206441
0.0205495
0.0221953
0.376434
0.0277661
0.0307793
0.0216378
0.0211826
0.0216323
0.432771
0.342594
0.0208477
0.117352
0.853834
0.0208834
0.0224133
0.0299886
0.0224694
0.372479
0.252021
0.0198328
0.0205744
0.561884
0.0289512
0.0214093
0.0268072
0.210552
0.141073
0.0390293
0.0203877
0.0223799
0.02059
0.632328
0.0203332
0.020484
0.0407799
0.159712
0.0209454
0.150015
0.020503
0.021278
0.0202982
0.0206912
0.0204462
0.0239334
0.0206991
0.207484
0.14769
0.0206643
0.0206445
0.0294195
0.241077
0.021174
0.0263326
0.0220288
0.0218213
0.0266418
0.0202786
0.0203032
0.0293543
0.022069
0.0462582
0.284118
0.0253004
0.0211483
0.0221148
0.020697
0.0213027
0.0214326
1.54292
0.0236257
0.0251489
0.023383
0.0666297
0.0341027
0.0264386
0.0572165
0.0209086
0.0206667
0.020632
0.306161
0.021256
0.0202607
0.0212222
0.0198438
0.0201865
0.0207168
0.412579
0.0217942
0.621783
0.020897
0.0440162
0.415894
0.0206446
0.0206678
0.13251
0.400487
0.034262
0.0289937
0.436907
0.0343699
0.132455
0.0206849
0.511833
0.0203698
0.680596
0.0207518
0.0214788
0.0207058
0.0243015
0.0205936
0.915401
0.0255634
0.0206587
0.0644181
0.0210019
0.0214629
0.031174
0.660511
0.0213404
0.0215862
0.0208213
0.0282968
0.287033
0.0206572
0.0222689
0.0217836
0.0237622
0.0367247
0.0204435
0.314553
0.0465341
0.0195784
0.028374
0.408485
0.0213697
0.0203252
0.0227687
0.0219189
0.021159
0.0204808
0.0221166
0.017469
0.154182
0.020785
0.0240003
0.0210393
0.0205337
0.0263458
0.0212609
0.0203962
0.0217446
0.0550591
0.290657
0.262499
0.0195877
0.24323
0.0330053
0.0207507
0.1177
0.0204771
0.519286
0.0383394
0.0202972
0.666028
0.0232184
0.0209313
0.0203206
0.0207067
0.0204896
0.100057
0.0370343
0.0206915
0.0232842
0.0212104
0.0247707
0.0253508
0.0207968
0.0207185
0.0232991
0.236557
0.0213838
0.737067
0.0202717
0.726202
0.021112
0.388787
0.678664
0.0283222
0.0211163
0.0204835
0.0207785
0.0294648
0.0207267
0.173251
0.0215621
0.0213892
0.0230728
0.0203254
0.0208173
0.0227233
0.0211768
0.0197725
0.0231843
0.622341
0.0206895
0.0209284
0.0208464
0.435489
0.0343974
0.0211768
0.683599
0.0205233
0.0421711
0.0232935
0.0277535
0.0203505
0.856529
0.0444744
0.020658
0.0206027
0.486341
0.0770304
0.020656
0.0248575
0.0203405
0.0214454
0.25992
0.0369423
0.0210745
0.0206595
0.0214581
0.253915
0.323038
0.0222172
0.0208035
0.871019
0.0197181
0.275052
0.0206573
0.038844
0.0208486
0.203064
0.0204094
0.0203736
0.0202018
0.0213798
0.602002
0.16736
0.0210386
0.0202387
0.02088
0.677291
0.0198888
0.0211506
0.0208489
0.245459
0.0212192
0.0211121
0.0208198
0.020482
0.0211952
0.815371
0.0249085
0.0206368
0.0209185
0.0205135
0.0212787
0.0222423
0.0228393
0.0211458
0.268639
0.501453
0.0431057
0.0225429
0.0205767
1.51503
0.636711
0.0210613
0.0213106
0.0218835
0.0276695
0.0218202
0.441778
0.0205239
0.0210871
0.533889
0.0214775
0.0209096
0.0507506
0.0210914
0.202894
0.0207848
0.021145
0.676613
0.232888
0.0252729
0.0509166
0.0757496
0.0211096
0.0205214
0.023757
0.0232573
0.0224216
0.0214129
0.0208241
0.0208387
0.0211286
0.0208212
0.510006
0.0224441
0.0208974
0.0213802
0.0330391
0.176269
0.415045
0.679717
0.0269664
0.294595
0.559594
0.0209123
0.0204193
0.0214803
0.0640921
0.0213053
0.0208259
0.0207633
0.246473
0.582993
0.0201691
0.0257377
0.0199929
0.0214834
0.0208674
0.0208975
0.0224113
0.0210436
0.0301455
0.227037
0.0213876
0.406494
0.546088
0.0197331
0.021042
0.020945
0.261059
0.0210755
0.665272
0.0203089
0.0238237
0.0208899
0.0198841
0.234505
0.185883
0.478974
0.0208576
0.279433
0.0209796
0.0213341
0.0202644
0.0198622
0.0205177
0.0213187
0.132521
0.0208379
0.649928
0.0210998
0.0213919
0.0208527
0.375374
0.656787
0.0413508
0.0246603
0.0213681
0.0208676
0.0211116
0.0248101
0.464284
0.019869
0.0214507
0.526722
0.281914
0.0210594
0.0213321
0.0205639
0.659788
0.0205076
0.0224225
0.019838
0.0210693
0.0210161
0.0204241
0.0229755
0.0210282
0.661815
0.0215009
0.12576
0.553686
0.566367
0.653267
0.0207146
0.0205387
0.0274793
0.024819
0.0206389
0.261394
0.0203353
0.0259465
0.0480431
0.404918
0.0204891
0.261339
0.0204463
0.0215556
0.0219104
0.0260402
0.0218501
0.02089
0.221993
0.0207567
0.0209988
0.02135
0.598157
0.0209459
0.51968
0.0215325
0.419876
0.0202638
0.0211549
0.0210145
0.0209228
0.0206555
0.0206396
0.0294747
1.39374
0.673978
0.0312116
0.102535
0.0210785
0.383564
0.0211988
0.0274977
0.0204372
0.0234719
0.150364
0.0212961
0.0202975
0.0214053
0.0211552
0.0204685
0.890507
0.0217879
0.669158
0.0226116
0.159569
0.0215108
0.0245404
0.0211407
0.0206303
0.020712
0.0209631
0.0243889
0.490219
0.0208964
0.0214415
0.41027
0.0213117
0.0212141
0.121284
0.0206547
0.0214235
0.230832
0.537063
0.0210503
0.652462
0.390207
0.554977
0.0209514
0.0211715
0.0209648
0.0211752
0.583174
0.0210801
0.0204749
0.0212033
0.0382142
0.021329
0.0222598
0.0214367
0.0208037
0.0209588
0.0212605
0.0222629
0.427135
0.0278879
0.0198393
0.0348244
0.0248458
0.0426003
0.0208528
0.026046
0.021162
0.0208521
0.612152
0.0225508
0.0212339
0.0483527
0.0204711
0.0208581
0.21523
0.0212336
0.0231067
0.0216056
0.0205324
0.240904
0.0229337
0.0212558
0.367169
0.623397
0.0212735
0.0221698
0.0213056
0.020863
0.0199932
0.0206784
0.234856
0.22641
0.0384857
0.0212538
0.0212001
0.0337807
0.0273579
0.47127
0.0226325
0.202409
0.109798
0.0228377
0.0239869
0.0234705
0.0292007
0.0364188
0.0217494
0.0214838
0.0202431
0.0210864
0.111486
0.341932
0.0200216
0.127921
0.0208777
0.0212797
0.0276338
0.0213385
0.0215936
0.0203839
0.0211217
0.589957
0.0286934
0.0223476
0.0204839
0.0202921
0.587384
0.0948681
0.0334543
0.236903
0.0212147
0.127591
0.0337152
0.0206751
0.371279
0.0237458
0.0211833
0.0195985
0.0972613
1.06181
0.0277124
1.42804
0.221525
0.0232238
0.0205767
0.02244
0.0213799
0.0924887
0.256989
0.0216027
0.0202446
0.0904721
0.446558
0.0248714
0.290631
0.0204336
0.0215502
0.375073
0.021295
0.59502
0.0214264
0.24886
0.0251857
0.0293036
0.019863
0.0204858
0.142583
0.0206648
0.442828
0.0213931
0.0214476
0.0211143
0.0837175
0.0275977
0.0271779
0.121874
0.444807
0.0204663
0.261234
0.0244404
0.0209115
0.576502
0.200446
0.0223034
0.020199
0.0290692
0.47197
0.0261086
2.69303
0.0213872
0.666473
0.374461
0.020643
0.703758
0.0212602
0.0210225
0.0211321
0.0206561
0.0228054
0.286607
0.0236085
0.0202692
0.208742
0.0213152
0.0204306
0.631492
0.0206393
0.0250682
0.0210037
0.473148
0.0212871
0.0210512
0.0202738
0.359491
0.0427418
0.783551
0.0210893
0.38057
0.112898
0.0209661
0.0208357
0.0211054
0.070644
0.022679
0.126155
0.0250207
0.0430721
0.0214004
0.556836
0.0246631
0.0228599
0.02136
0.0222742
0.0210433
0.0208578
0.0211743
0.0203879
0.0759822
0.0202718
0.0203715
0.0212109
0.0217255
0.304589
0.021107
0.0212441
0.287436
0.0211275
0.687497
0.0211556
0.0206898
0.524262
0.02087
0.0208388
0.0232905
0.039672
0.0228018
0.0210583
0.0211152
0.486771
1.23078
0.24724
0.0212264
0.021241
0.0198229
0.0222638
0.0227088
1.18265
0.0212945
0.0210828
0.0223317
0.0212782
0.102955
0.0211629
0.240957
0.0242887
0.0308075
0.024315
0.876496
0.0203055
0.0261331
0.0512596
0.021404
0.55025
0.654174
0.406117
1.19359
0.0278572
0.261648
2.28296
0.020609
1.2734
0.0211729
0.0205118
0.0199253
1.45593
0.0211334
0.0206807
0.0211444
0.0211253
0.0215121
0.707846
1.64281
0.0208569
0.0195865
0.021289
0.0212259
0.0226007
0.0217346
0.0212875
0.0454723
0.0227885
0.0596965
0.0211332
0.0211732
0.0212262
0.0213749
0.0227405
0.0617283
0.0211898
0.0214096
0.0213715
0.0232118
0.0808537
0.0243435
0.0202114
0.0230794
0.231169
0.241365
0.0211569
0.0549692
0.0230161
0.0212199
0.124751
2.51594
0.0211664
0.0213348
0.0209534
0.0204695
0.0346864
0.286349
0.0214843
0.241388
0.0219065
0.0551183
0.329788
0.0213962
0.0222953
0.0198912
0.0205395
1.32511
0.234236
0.0212295
0.0202792
0.128388
0.617814
0.0211924
0.0211742
0.0251404
0.0294903
0.0212924
0.0214663
0.0226132
0.0213823
0.020357
0.0212987
0.0212917
0.0243022
0.0200982
0.0196865
0.0218776
0.019841
0.0556485
0.0221186
0.0262414
0.0254401
0.0202037
0.103515
0.197772
0.0213485
0.201486
0.0211571
0.177083
0.0203596
0.0213755
0.273908
0.030521
0.0207041
0.0211836
0.629769
0.02136
0.0276282
0.0205628
0.0214024
0.0212231
0.0216761
0.0205977
0.0223856
0.0208552
0.428534
0.0205593
0.0213841
0.0251658
0.0211929
0.162642
0.0212898
1.33677
0.0263868
0.0805857
0.135643
0.0214684
0.0211259
0.0216401
0.117147
0.0214315
0.0212072
0.0206239
0.272689
0.0206906
0.422206
0.0212679
0.278906
0.0213683
0.262716
0.0202514
0.0216395
0.0217923
0.260371
0.032624
0.0211335
0.0220948
0.530465
0.0220488
0.0620758
0.0211444
0.0208467
0.0619533
0.106985
1.99054
0.0207032
0.0264875
0.0198005
0.0214025
0.188732
0.0219794
0.256661
0.0213283
0.0203724
0.0205214
0.0212459
0.164339
1.49634
0.0212107
0.0222069
0.0203566
0.0200347
0.0207208
0.0227208
0.0239745
0.020416
0.072489
0.0577832
0.0235524
0.0234173
0.249837
0.192001
2.88402
0.0256055
0.0231225
0.0208763
1.74949
0.0692948
0.0230331
0.0212228
0.0320743
0.0214055
0.0208383
0.426316
0.263379
0.0235765
0.0206829
0.0206775
0.86406
0.0222629
0.0885993
0.026648
0.437136
0.021122
0.0207713
0.0212672
0.293284
0.0506284
0.0238214
0.021109
0.0354767
0.604223
0.0215262
0.0595497
0.0224881
0.030516
0.0209177
0.0212267
0.274312
0.0206061
0.0212283
0.0212266
0.125816
0.0591005
0.0212464
0.0205695
0.424946
0.0243466
0.0202542
0.0241345
0.273314
0.0494666
0.0248764
0.0208668
0.0204766
0.0209453
0.518545
0.24302
0.0474494
0.0215366
0.0243487
0.0411851
0.0212728
0.021385
0.0361302
0.65836
0.0544956
0.0212997
0.111123
0.0340508
0.0327112
0.0214534
1.63471
0.0213524
0.0375201
0.484916
0.0221443
0.0284419
0.282212
0.020879
0.298851
0.0212662
0.0252054
0.0228291
0.0232343
0.158554
1.73274
0.0244335
0.0214568
1.6295
0.328182
0.0215409
0.0214265
0.0210933
0.0206308
0.0340641
0.0236957
0.0223166
0.0254248
0.256182
0.0211209
0.0239222
0.0244247
0.0208412
0.0452022
0.0204691
0.0247907
0.432507
0.0197524
0.022338
0.380435
0.0203426
0.0341804
0.493338
0.0322993
0.0266054
0.476861
0.0360841
0.0386162
0.0206939
0.0254392
2.00118
0.0203128
0.259964
0.044999
0.020694
0.0414775
0.0212112
0.0963486
0.020903
0.0450968
0.513529
0.0541205
0.0202459
0.0206008
0.0198205
0.0262698
0.361048
0.0242431
0.0227954
0.0342014
0.0212007
0.0214743
0.0711682
0.064243
0.065059
0.0273442
0.0213537
0.513092
0.0214143
0.0385146
0.0212932
0.021304
0.0213349
0.021076
0.141399
0.267276
0.0211676
0.021945
0.0212981
0.156818
0.0364596
0.0204431
0.0282803
0.0225246
0.0208895
0.0348546
0.0246039
0.0205389
0.0888383
0.532207
0.0248777
0.0210305
0.791127
0.0206318
0.0254296
0.021207
0.0213194
0.0212797
0.025104
0.0211327
0.0209006
0.02146
0.0213872
0.0263861
0.0226512
0.513151
0.0418598
0.0196692
0.320324
0.429476
0.321488
0.0273281
0.0197847
0.282868
0.0212858
0.039253
0.0210583
0.184646
0.0223703
0.0215141
0.0244196
0.0592117
0.0499528
0.0230435
0.274637
0.488392
0.185092
0.0213876
0.0214793
0.282626
0.143776
0.0213875
0.0210933
0.0213605
0.0214422
0.0204157
1.09295
2.08892
0.036581
0.0212937
0.0197996
0.0212263
0.354054
0.0223635
0.0204508
0.0252315
0.0213877
0.0211413
0.0935406
0.0214144
0.0205809
0.0230449
0.402629
0.160756
0.0224555
0.0211304
0.562895
0.0204561
0.0248316
0.0450274
0.265626
0.0214433
0.0204846
0.406367
0.0227874
0.21393
0.0457465
0.0266396
0.020287
0.0203563
0.0213251
0.021913
0.0439768
0.065729
0.0426845
0.0293779
0.0297252
0.0273253
0.0989622
0.0208995
0.128671
0.0276272
0.0208971
0.0197226
0.0197562
0.0213063
0.0282458
0.0238563
0.0249068
0.0306656
0.0214133
0.0225088
0.0257985
0.0209449
0.0244826
0.0208047
0.020388
0.0667886
0.0438382
0.021966
0.0208069
0.411095
0.046451
0.0226383
0.0197647
0.0218696
0.0292239
0.0211564
0.0321801
0.0394372
0.0392597
0.021486
0.019741
0.160112
0.0215984
0.0233166
0.030939
0.022116
1.17838
0.0218136
0.1332
0.0204341
2.36492
0.0211602
0.0212014
0.0213363
0.0214303
0.0237998
0.0224714
0.935873
0.0215134
0.0211207
0.0213762
0.47765
1.86895
0.0213398
0.0213739
0.029568
0.0212065
0.0217141
0.0214462
0.0713546
0.0224574
0.0211659
0.0214025
0.028059
0.0221737
0.0213227
0.021354
0.0212188
0.0203497
0.0308568
0.0213582
0.422305
0.0214413
0.0414407
0.227643
0.774179
0.0202864
0.0214898
0.0211261
0.0207432
0.0230696
0.0423408
0.0213551
0.0213523
0.0210448
0.0212736
0.0209119
1.89962
0.0202308
0.0395456
0.0773514
0.230373
0.0213527
0.0203381
0.296606
0.0287914
0.0197839
0.057927
0.671551
0.0298157
0.0213181
2.03762
0.0228544
0.224209
0.0213533
0.0235242
0.0319512
0.33288
0.023974
0.0266469
0.0211781
0.0323603
0.0233389
0.0211285
0.0863817
0.155622
0.662054
0.0519532
0.0213543
0.0225982
0.0202052
0.0211131
0.0197805
0.0221803
0.528872
0.041387
0.0219838
0.020619
0.299336
0.0222836
0.0213723
0.0222681
0.0212834
0.405949
0.0214681
0.280321
0.301634
0.021331
0.447127
1.97795
0.0207377
0.0205165
2.90094
0.0228451
0.0236601
0.0212549
0.0229564
0.0267422
0.0242922
0.0213535
0.0217454
0.0214436
0.0442184
0.405841
0.0205254
0.0209721
0.0206325
0.0197314
0.0251713
0.261139
0.0219356
0.0214158
0.0530763
0.359024
0.0197424
0.0230768
0.0217551
0.0213526
0.671476
0.0203415
0.0253177
0.028894
0.0208194
0.0213264
0.0197221
0.133772
0.0349504
0.031166
0.23267
2.08577
0.030217
0.213509
0.0205823
0.0213515
0.019736
0.351788
0.0298334
0.0591847
0.245294
0.242753
0.0223223
0.194706
0.0203627
0.0214668
0.0282787
0.240676
0.0211509
0.0220391
0.232102
0.0228427
0.0217492
0.0933121
0.021394
0.0323442
0.023756
0.0212252
0.0216009
0.0229823
0.021073
0.0214494
0.0197647
0.25405
0.0451872
0.0210926
0.0683398
0.0223142
0.0921927
0.0217645
0.423335
0.0246675
2.11904
0.0214419
0.0365838
0.0214019
0.120443
0.0212987
0.0211922
0.0213161
0.0232268
0.0204511
0.0213469
0.0274908
1.02483
0.0214895
0.0214139
0.021237
0.287908
0.509589
0.0214366
0.0214292
0.0247978
0.0224343
0.021821
0.0491746
0.0235584
0.0290778
1.33495
0.0231839
0.0210547
1.60714
0.0197175
0.233451
0.703188
0.227265
0.0207382
0.0236532
0.0831165
0.020786
0.0253354
0.0212794
0.0218744
0.0216389
0.60552
0.0213046
0.0202334
0.0212528
0.0212144
3.19956
0.0240349
0.0200726
0.0197157
0.0261264
0.0205955
0.0242065
0.0614295
0.391508
0.01975
0.0605734
0.022208
0.0204703
0.0226267
0.0284556
0.0220494
0.0202349
0.0221452
1.21233
0.0202357
1.33242
0.0200104
0.0213226
0.0211928
0.0218769
0.0532731
0.0213887
0.0206182
0.0224726
0.0216895
0.0222004
0.162171
0.0211657
0.337292
0.107041
0.0236021
0.0204558
0.223039
0.0293724
0.0213186
0.0239236
0.0228462
0.021279
0.0212863
0.0204352
1.22216
0.0224804
2.35916
0.39361
0.0213521
0.0233977
0.599668
1.34019
0.021045
0.019631
1.50612
0.376782
0.0476048
0.0197008
0.0211905
0.0216066
0.0213062
0.0229934
0.115122
0.0200145
0.0203897
0.0212824
0.0199087
0.0737978
0.0245455
0.0212067
1.1472
2.01557
0.0211762
0.0207492
0.0259634
0.692432
0.0207627
0.0205003
2.06705
1.98566
0.227739
0.0202207
0.0197318
0.0211906
0.0287471
0.0508714
0.0484451
0.0204362
1.49794
0.0213348
0.0212569
0.0202405
0.0739296
0.0627762
0.0218254
1.18881
0.0572386
0.0697541
0.712414
0.764193
0.0217636
1.58781
0.0337398
0.0204366
0.0217217
0.021709
0.620346
0.232723
1.95766
0.0209348
0.255786
0.894071
1.7476
0.0213783
0.0214709
2.72537
0.0466923
0.0547459
0.0214977
0.276166
0.0207248
0.0212667
0.0210053
0.0202398
0.0207683
0.227719
0.03783
0.0212234
0.0212103
0.0584015
0.0218091
0.0215111
0.0248137
0.0203756
0.0236763
2.4369
0.0214445
0.551165
0.0212602
1.38137
0.0212414
0.0204853
0.070164
0.0742625
0.733328
2.55884
2.0978
0.0294109
0.0213231
0.232901
0.0213894
0.244814
0.0203
0.0211174
0.0216876
0.0212247
0.0211673
1.99256
0.0225474
0.0204503
0.240246
0.0787414
0.0195584
0.0195759
0.0262687
0.0198503
2.28805
0.601966
0.0213856
1.83988
0.0216442
0.0215652
0.0213947
0.0213696
0.0419039
0.0213638
0.0229065
0.0251911
0.0226488
0.0226583
0.0211926
0.0212525
0.0211045
0.0217651
1.93513
0.0217988
0.0214445
2.92078
0.0212475
0.219382
0.222469
0.158575
0.0241399
0.303975
0.0246825
0.33128
0.0206748
0.595197
0.148687
1.88471
0.0203208
0.061251
0.0373753
0.0267419
0.220751
0.0213856
0.021936
0.0213395
0.0383836
0.267584
0.0497762
0.0295059
0.0202194
0.278098
0.0213029
2.46743
0.0224922
0.0282614
0.0216659
0.37086
0.0213285
0.400675
0.0197672
0.0220081
0.385055
0.374364
0.0214094
0.0340291
0.0209696
0.155678
0.230095
0.0523929
0.0363309
0.0212552
0.0619801
0.0302474
0.0579698
0.0303341
0.0208022
0.0203463
0.0209451
2.73286
0.0214235
0.674633
0.0214594
0.0202958
0.0208744
0.0226918
0.0205754
0.663234
1.94875
0.0443211
0.0205061
0.0216701
0.036449
0.0213777
0.0218021
0.151135
1.44158
0.233588
0.0214061
0.604501
0.0350578
0.0424094
0.0417752
0.0208969
0.0214971
0.0213756
0.950996
1.93708
0.0214347
0.0217422
0.0214352
0.0205735
0.0237006
0.234472
0.0492207
0.98621
0.0214864
0.570582
0.046178
0.430292
0.0435515
0.0414813
0.0536572
0.0207825
0.0227554
0.0308105
0.189633
0.0213703
0.0230234
0.119257
0.053423
0.21741
0.0537082
0.239837
0.0210333
0.349182
0.0574709
0.0298956
0.0213024
0.0287417
0.0213279
0.0277212
0.0353841
0.0281458
1.97222
0.0197887
0.0235495
0.0211898
0.0397195
0.0480192
0.0225339
0.151375
0.367181
2.04778
0.274876
0.0233474
0.0212827
0.0196999
0.0211409
0.0295651
0.290527
0.0214741
0.0237872
0.0413299
0.0214699
0.0220295
0.0696522
0.0229226
0.0337887
0.059548
0.218533
0.253924
0.211831
0.0205744
0.0582138
0.0250083
0.0247589
0.0230722
2.09782
0.0516268
0.057836
0.246217
0.0612935
0.224085
1.40027
0.034981
0.0486507
0.0213404
0.0216349
0.0205946
0.0259605
0.0204535
0.0457869
0.0216493
0.0432852
0.0538205
0.0207583
0.36888
0.0213934
0.0212421
0.0561442
0.0561496
0.657305
0.995636
1.93871
0.0213565
0.0214567
1.88684
0.0211742
0.215759
0.0245471
0.0203209
0.0218236
2.24604
0.12619
0.0240747
0.020501
0.0323181
0.0216222
0.317823
0.222003
0.020455
0.0197367
0.0211247
0.0211896
0.0225954
0.020797
0.0213052
0.0713718
0.0611631
0.0202244
0.0201849
0.0197502
0.130267
0.0201409
0.0205678
0.0212539
0.0403267
0.0212122
2.33373
0.0265909
0.0226416
0.0220875
0.0333825
0.0685516
0.0406209
0.0227598
0.210572
0.389955
0.0210445
0.0196558
0.0258806
0.622097
0.0607657
0.0236867
0.0703472
0.0796773
0.020815
0.138649
0.224926
0.0196703
0.0230554
1.3862
1.97632
0.0219432
0.021085
0.0222265
0.159045
0.0219304
0.0209358
0.0211802
0.0215506
0.0598794
0.12532
0.0227189
0.0222049
0.0203649
1.95712
0.0209059
0.0224087
0.0222285
0.023635
0.0741599
0.0196586
0.0228462
0.123913
0.0232834
0.0209682
2.38285
0.0212604
0.501375
0.135278
0.621446
0.0228304
0.0208045
0.38383
0.0212961
0.022235
0.0213876
0.207516
0.477475
0.0214657
0.0237064
0.132731
0.370212
0.0624723
0.241032
0.0232729
0.0208844
2.79585
0.0211957
0.0617648
0.0214816
0.0202291
0.022493
0.0768616
0.0212959
0.0230259
0.0198059
0.0199214
0.017379
0.021281
0.0208015
0.0213225
0.0210645
0.0213259
0.082798
0.0218798
0.0207486
2.674
0.468804
0.174527
2.00759
0.0211562
0.0205379
0.035298
1.67477
0.283833
0.0202006
0.0274127
0.0213012
0.0335754
0.222784
0.0225003
0.0218131
0.023613
2.57989
0.021512
0.433943
0.0207033
0.0388297
0.0400639
0.100583
0.645198
0.0207609
0.0203239
2.00895
0.0196943
0.021745
0.0202907
0.478929
0.0210327
2.44226
0.127486
0.0326466
0.0197209
0.0215763
2.19922
0.240445
0.020581
0.0240421
0.0204682
0.0314525
0.0209797
0.0923039
0.0211906
0.0213137
2.81395
0.0213694
0.0211245
0.0208217
0.44031
0.0228188
0.0199905
0.0237008
0.0230962
0.0202467
1.05736
0.564196
0.916935
0.0211137
0.0212324
0.0210311
0.0351009
0.0197621
0.0212386
0.0232408
0.478419
0.262935
0.0204423
0.268722
0.0223242
2.51514
0.0581025
0.87069
0.0228815
0.0240629
0.0214138
0.293826
0.0211413
0.358567
0.217575
0.183631
0.420003
0.0198652
1.56801
0.0211624
0.0212751
0.0210988
0.133728
0.106299
0.0253993
0.0210854
0.020041
1.61547
0.0212035
0.233514
0.460829
0.163089
0.0212999
0.0641837
0.0198841
0.0205696
0.222083
0.0224459
0.0212876
0.0210437
0.113768
0.0819517
0.494826
0.221109
0.030488
1.71755
0.171215
0.22186
0.0260093
0.0212423
0.021201
0.0206119
0.0209714
0.0200581
0.0236876
0.0235458
2.35045
0.0218693
0.148347
0.0208263
2.0625
0.642007
0.0937227
0.0216364
0.246362
0.0200403
0.0197191
0.0214053
0.0621759
0.242499
0.144333
0.0204032
0.0196484
0.0211755
0.0221419
0.0209194
0.0269348
0.304274
0.207169
0.0245527
0.0214552
0.0203302
0.492813
0.110983
0.0214418
0.0276492
0.0507463
0.0231051
0.0207896
0.0211936
0.542853
0.0227586
0.0216849
0.160398
1.63506
0.0207752
0.336859
0.0208352
2.25334
0.0200417
0.0206921
0.0196081
0.0255374
0.0200212
2.63583
0.0952318
0.375962
0.0216126
0.0214968
0.05096
0.0211773
0.0203672
0.0212858
2.11449
0.040818
0.0237577
0.0228691
0.0455692
0.0265523
0.706674
0.0205702
0.475692
2.77391
0.0216424
0.121659
0.0553663
0.0217622
0.847595
0.0197946
0.0267302
2.25928
0.0224095
0.0228035
2.19257
0.02099
0.0202935
0.021478
1.63727
0.0211146
0.0213682
0.0238396
0.24433
0.0345178
1.97215
0.0298667
0.0212737
0.0224807
0.0200102
0.0212532
0.0221047
0.0209569
0.0218584
2.39031
0.0211886
2.54324
0.0239362
0.0897226
0.0217717
0.0200599
0.0207918
0.0234621
0.0214127
1.25673
0.0229515
0.0224987
0.360195
2.42249
0.0757361
0.0211751
0.0394399
0.0211683
0.0217294
0.019754
0.0205703
0.0229041
0.0396222
0.0230214
2.18575
0.255407
0.241098
0.0213117
2.51164
0.0313381
0.0200902
0.0208544
0.0196013
2.17912
0.387495
0.0414367
0.174796
0.0225563
0.0218205
0.0213501
1.03203
0.0448471
0.481201
0.473278
0.0211066
0.0651037
0.0852994
0.0261504
0.0211061
0.0220859
0.610355
0.0216223
0.0291653
0.0208935
0.0224611
0.0205953
2.73358
0.0323251
0.0210731
0.0228625
0.0357586
0.020782
0.0213993
0.0207542
0.221863
0.0337776
0.0214663
0.0198728
0.026199
2.01301
0.0220535
0.0265716
0.0199474
0.0204963
0.0224772
0.272934
0.0200767
0.0229218
0.060305
0.0211082
0.496511
0.0209766
0.021035
0.730477
0.0197338
0.0207939
0.0206495
0.0290943
0.225751
0.0228884
0.22702
0.020857
0.0282098
0.0769924
0.0203648
0.227155
0.0254293
0.0201176
0.0209403
0.0214189
0.108801
0.0221145
0.0205817
0.0226006
0.0239965
0.0214551
0.647131
0.0300591
0.233476
0.0213755
0.0643689
0.0212699
0.370838
0.468094
0.0213104
0.0213318
0.0398341
0.0209744
0.0208209
0.368934
0.0199493
0.0213768
0.0223572
0.0252371
0.125657
0.0261256
0.0853251
0.616027
0.0235676
0.220606
0.0199105
0.019906
0.255554
0.67383
0.0518756
0.0209074
0.0212021
0.0209845
0.0231921
0.327575
0.0517748
0.0241945
0.0209874
0.0202233
0.0286861
0.0210515
0.0195552
0.333046
0.0199113
0.0565035
0.0238639
0.0211823
0.3334
0.0258587
0.0239216
0.289496
0.24195
0.0213939
0.0205729
0.0196729
0.0334226
0.0213871
3.03051
0.0207441
0.0217289
0.021101
0.0214722
0.0485254
0.36872
0.0227056
0.0210894
0.021305
0.0210601
0.243123
0.0285985
0.0210648
0.091124
0.020768
0.0203765
0.0209848
0.141236
0.0469353
0.0287236
0.691729
0.021944
0.673821
0.0201033
0.0252738
0.0207776
0.330433
0.0211582
0.228014
0.0209298
0.0210864
0.0256744
0.0205885
0.23435
0.0210065
0.0204066
0.389709
0.0212413
0.0214408
0.272236
0.214902
0.0203124
0.228149
0.0202867
0.0279786
0.0226942
0.0256495
1.87328
0.0208259
0.228284
2.55851
0.0620371
0.0218779
0.0206921
0.627284
0.0326509
0.0198731
2.17849
0.0217481
0.021397
0.0212213
0.0202814
0.0259586
0.0207735
0.0212986
0.213434
0.673047
0.0210639
2.96661
1.96518
0.146304
0.0207949
0.0209757
0.369501
0.0212701
0.0212922
0.433399
0.142386
0.0319569
0.092437
0.0214152
0.0200496
0.131122
0.351925
0.0216673
0.0279345
0.0473065
0.0260115
0.646387
0.0504382
0.0209056
0.0202551
0.0199151
0.0210449
0.0337483
0.0222395
0.389654
1.38182
0.0226537
0.0743203
0.021125
0.0275211
0.213621
0.0222238
0.0203486
0.34412
0.0206414
3.12998
0.0208145
0.0207864
0.0226767
0.0206967
0.024262
0.0209447
0.0238329
0.034103
0.0541561
0.0426254
0.0218292
0.0209473
0.246163
0.021904
0.0213305
0.0209166
0.314175
0.0211648
0.254732
0.0384588
0.0208248
0.0219271
0.0197763
0.0213824
0.0208356
0.219393
0.707277
0.0293087
0.0207353
0.112745
0.0203422
0.0212744
0.0453717
0.0370577
0.111767
0.12157
0.0209241
0.0209294
0.247179
0.0217609
0.0205976
0.262323
0.392584
0.0213269
0.0288511
0.021751
0.0211627
0.0598422
0.0213864
0.0211347
0.0605349
0.569395
0.0237401
0.0212979
0.0298476
0.0200348
0.32966
0.0216915
0.0280743
0.330963
0.664271
0.213988
0.0211593
0.022214
0.0223358
0.021068
2.92747
0.0216631
0.0286196
0.0208991
0.0218236
0.0203368
0.0238574
0.184752
0.26266
0.0247009
0.0209656
0.0202091
0.20999
0.752485
0.241163
0.021675
0.0207354
3.09561
0.0217393
0.0211705
0.0213438
0.0209304
1.59091
0.0236782
0.0211436
0.709371
0.0199597
0.0214605
0.0203295
0.0207229
0.0326411
0.0211691
0.020588
0.0210453
0.0212876
2.15133
0.020992
0.528827
0.0224856
0.0200756
0.0221837
0.0226302
0.330124
0.0278286
0.0208977
0.843571
0.0210179
0.0485036
0.0259234
0.0197956
0.0220959
0.0241088
1.46639
0.616358
0.0199765
0.0210185
0.0614159
0.0238354
0.0259148
0.291414
0.0205863
0.0201182
0.0220644
0.0327593
0.0207006
0.0476427
0.0286151
0.109477
0.0220581
0.273101
0.0208111
0.0236736
0.0199836
0.0249123
0.0285216
0.0237049
0.0210401
1.07565
0.080532
0.019907
0.0211487
0.0207521
0.0218759
0.0200904
0.0213866
0.121554
1.87374
0.0210724
0.224342
0.022068
0.044216
0.0221605
0.221525
0.0203562
0.0212245
0.0200513
0.042339
0.0278462
0.0212625
0.0199087
0.187558
0.0205884
0.0266918
0.0201973
0.224578
0.212995
0.167324
0.139932
1.88687
0.0214203
0.0239494
0.272258
0.0211176
0.0201379
0.285387
0.0214005
0.0220833
0.782471
0.0225255
0.0225099
0.0212213
0.260105
0.0210115
0.0241204
0.0200548
0.0510784
0.114479
0.019924
1.96605
0.204686
0.24388
0.0211103
0.0207241
0.0198051
0.0201999
0.0211311
0.228596
0.0195815
0.0197104
0.0533059
0.0212218
0.0218693
0.0226785
0.0211776
0.216116
0.0313208
0.0213683
0.0197056
0.0207008
0.552986
0.0214312
0.6208
0.0201306
0.0275756
0.0300487
0.0210918
0.0205106
0.0233545
0.0217388
0.0252204
0.0275796
0.0198245
0.157795
0.0736533
0.0216315
0.0211542
0.0212957
0.022645
0.0266043
0.0794562
0.0207441
0.0828174
0.415643
0.0212078
0.828037
0.647813
0.0210529
1.408
0.0206811
0.0215704
0.0226749
0.844927
0.0212926
0.65889
0.0196718
0.0252672
0.0217004
0.287937
0.0213735
0.0346801
0.019992
0.021981
0.0221874
0.0307216
0.0211656
0.0201288
0.021587
0.0205767
0.0199568
0.0753907
0.0513295
0.0224311
0.0268478
0.250328
0.81594
0.104467
0.0221035
0.0213464
0.0199888
0.056407
0.0987793
0.0210596
1.34125
0.241426
0.0212126
0.0212443
1.17473
0.0210229
1.07062
0.0198681
0.022308
0.0217342
0.0206219
0.0232639
0.0206173
0.25764
0.0196359
0.023016
0.0261273
0.0215914
0.0198525
0.0580084
0.0207548
0.0232095
0.0211242
0.0226158
0.0224922
0.0199202
0.0200523
0.645035
0.0218494
0.0199358
1.30603
0.0433467
0.0385084
1.93673
0.385779
0.0199019
0.328243
0.0316696
0.104417
0.0200433
0.0231032
0.080073
0.0243558
0.0200337
0.153008
0.0211182
0.0211097
0.0364022
0.0203633
0.0236001
0.0221219
0.184678
0.634745
0.286644
0.279746
0.021654
0.16771
0.0232506
0.798462
0.0212681
0.0198547
0.0224692
0.022543
0.549058
0.0221013
0.0200378
0.0211136
0.0358965
0.0207824
0.0229787
0.0212468
0.0306858
0.0221121
0.0217817
0.0313273
0.0219835
0.566246
0.0268571
0.0208071
0.0197441
1.6341
0.0672736
0.0212245
0.0200818
0.0231557
0.181117
0.0210926
0.65656
0.0210336
0.0927099
0.314294
0.0206241
0.160157
0.022943
0.0236548
0.0267765
0.0214401
0.0212957
0.0210897
0.242441
0.0207059
0.282623
0.14128
0.118028
1.15765
0.0218253
0.0369799
0.0213592
2.03726
0.0198819
0.650618
0.0213802
0.0210318
0.0220355
0.0211195
0.671943
0.0370625
0.0240078
0.020873
0.175527
0.651901
0.0221876
0.0230844
0.0212175
0.0217214
0.0208446
0.022833
0.170531
0.0533157
0.0210071
0.0214086
0.0243311
0.0359088
0.0254517
0.0208662
0.0206715
0.0202829
0.0675655
0.0208913
0.0198044
0.0211219
0.555918
0.433173
0.0217138
0.0196276
0.0198408
0.116364
0.0207124
0.0211062
0.0641468
0.0253837
0.0213724
0.0232481
0.641928
0.0207266
0.0308959
0.0213785
0.0248951
0.0249017
0.0208682
0.0208936
0.0216723
0.23518
0.0202604
0.0222262
0.0323695
0.0209349
0.201851
0.0214225
0.0212562
0.246909
0.694464
0.0200016
0.0233434
0.204889
0.0203848
0.0209707
0.0207816
0.197872
0.0269365
0.0217545
0.19559
0.0212108
0.0214709
0.0212737
0.14335
0.0286685
0.0578719
0.0853015
1.64719
0.0494552
0.0200266
0.378971
0.0213951
0.0214292
0.8341
0.0220884
0.668564
0.0212941
0.6788
0.0211269
0.0198904
0.0230626
0.0198203
0.0952182
0.0214295
0.0209221
0.0215265
0.021352
0.0630795
1.53401
0.0211742
0.0437977
0.0211932
0.255415
0.0224741
0.0207241
0.239029
0.0212869
0.0291205
0.243604
0.021127
0.217635
0.0628856
0.0208549
0.0208809
0.0208872
0.0210656
0.0224946
0.0210636
0.0212325
0.0208939
0.0216007
0.0276042
0.0231296
0.480753
0.0565353
0.238918
0.0210848
0.0212363
0.0208184
0.0273738
0.0211019
0.0212468
0.118949
0.0493073
0.0200809
0.0461092
0.0227083
0.0214035
0.0257989
0.0210997
0.0224138
2.32035
0.170705
0.0213564
0.0229988
0.0200512
0.0227413
0.0377291
0.0223253
0.0203162
0.036173
0.0207138
0.0218618
0.0197915
1.41833
0.0217212
0.462509
0.0578192
0.0207895
0.0210991
0.0502893
0.0205686
0.0402519
0.647829
0.0222796
0.0198476
0.0938478
0.0207689
0.274821
0.0205248
0.0211026
0.0213442
0.0210232
0.679914
0.029347
0.0202427
0.358098
0.0226334
0.0200209
0.0204565
0.0325671
0.0199359
0.0216896
0.0255574
0.0211678
0.0203597
0.0196394
0.0226642
0.0237018
0.0202104
0.0262815
0.0437823
0.0276087
0.02097
0.72518
0.0221452
0.0225343
0.0229889
0.0206554
0.0211106
1.85082
0.0211133
0.0210982
0.390905
0.0208258
0.0211807
0.0216569
0.155966
0.0198856
0.0207497
0.249786
0.0224864
0.0216831
1.27388
0.0341896
0.0201054
0.0214919
0.0724384
0.0210823
0.020257
1.1299
0.0951825
0.431996
0.020875
0.0204184
0.0210519
0.438575
0.0216758
0.302964
0.0226904
0.0226468
0.021021
0.0199024
0.571449
0.0261709
0.0210961
0.0202657
0.207233
0.0222029
0.686473
0.0236128
0.0202204
0.0213849
0.0370039
0.0549186
0.625663
0.0271512
0.0209913
0.0207947
0.492801
0.110537
0.0210816
0.0446757
2.06964
0.0199902
0.0201237
0.0292586
0.245398
0.0281888
0.0216708
0.0842564
0.0209736
0.021411
0.532627
0.021708
0.0394684
0.0213702
0.026725
0.0211285
0.0226955
0.0210617
3.0246
2.53945
0.0212001
0.0220261
0.197166
0.0237234
0.0214157
0.0208044
0.02079
0.020891
0.0440838
0.0203929
0.104781
0.0239748
0.0207753
0.0275621
0.0209825
1.32903
0.0212863
0.334702
0.0199195
0.0211849
0.0272003
0.020486
2.46859
1.39045
0.676854
1.22315
0.0581604
0.650485
0.686891
0.0212437
0.0203126
0.0210747
0.0211463
0.0210432
0.0201137
1.86922
0.0211293
0.614812
1.8418
0.0210479
0.0213926
0.34748
3.05027
0.0213697
0.257575
0.0202757
0.0208061
0.0282519
0.0209443
0.0211376
2.64342
0.0201045
0.0214049
0.624819
0.0210825
1.18612
0.0213776
0.0207929
0.021771
0.0216446
1.6087
0.0152448
0.0212915
0.0213075
0.022554
0.0267992
0.0223577
2.65983
0.0522085
0.0209606
0.0225891
0.0213457
2.04851
0.0200567
0.0256527
0.302532
0.0212808
0.0210239
0.243559
0.0749245
0.0203804
0.0208078
0.0601329
0.182111
0.0220858
0.0344948
0.0214235
0.0213867
0.0216913
0.0212736
0.021226
0.0227282
1.8138
0.0210381
0.127231
0.0201667
0.0215871
0.68196
0.0823255
0.0208074
0.250065
0.0208743
0.0561365
0.0226843
0.0214129
0.0221695
0.0322496
0.24386
0.0227188
0.0215788
0.0224153
1.73704
0.021327
0.0278889
0.0207439
0.0223528
0.02471
0.0224867
0.0209592
0.0281483
0.0200433
0.914488
0.0209677
0.272669
0.0207305
0.0211534
0.257592
0.0202519
0.0243503
0.0239985
0.246653
0.0201396
0.0714686
2.10251
0.261806
0.0213907
1.74577
0.0216139
0.0211602
0.652665
0.0324233
0.0200546
0.0225414
0.019866
0.0219205
0.0229915
0.0465853
0.605779
0.0285716
0.0220883
0.250871
0.021703
0.0293892
0.0213816
0.287107
1.49754
0.0692537
0.0211005
0.0207906
0.021406
0.0241753
1.56354
0.117542
0.0209125
0.244348
0.02156
0.0212645
2.10245
0.0210883
0.646602
0.155192
0.0497213
1.84214
0.023129
0.0216044
0.0200658
0.801205
0.0542467
0.0213082
0.0217642
0.0196625
0.0206088
0.0211368
0.0212314
0.020762
0.0216348
0.0204974
0.0209224
0.0210274
0.020496
0.0202417
0.0201566
2.23795
0.307157
0.653771
0.0426742
0.0212211
0.0644459
0.0481501
0.0212683
0.0212612
0.0200255
0.242862
0.0196504
0.0213028
0.0202463
0.0212229
0.0210931
0.0217346
0.0203209
0.642116
2.13526
0.0477075
0.0241743
0.0212327
0.0367868
0.0211577
0.0215884
0.0209491
0.0219347
0.0210164
0.0228705
0.0212964
0.0278257
0.640407
0.0394556
0.0451143
0.0202344
0.257309
0.0866304
1.55251
0.0209669
1.9715
0.0214026
0.0241275
1.83688
0.0231473
0.0200241
0.32685
0.0472095
0.0222183
0.574694
0.0206313
0.0208709
0.0693787
0.0201817
0.0201448
0.2758
0.020776
0.0213659
0.0269504
0.0203026
0.0207379
0.0222958
0.242722
0.1037
0.0214717
0.0495455
0.0208073
0.0245338
0.0199713
0.0222661
0.414475
0.0214814
0.0413439
0.0224504
0.0384024
0.0214539
0.020579
0.0212409
0.0207198
0.141361
0.0227086
0.0215527
0.0393239
0.28101
0.021357
0.0205079
0.0265868
0.0254758
0.0208054
0.0212569
0.022192
0.298439
0.0212312
0.0213599
0.0699408
0.0304315
0.0235845
0.0204554
0.247736
0.0200056
0.0204972
0.0209102
0.0213679
0.0210818
0.0207417
0.431134
1.62401
0.0224186
0.0278271
0.227941
0.022557
0.0196818
0.0201451
0.021394
0.0341635
0.0215269
0.0228633
0.0216175
0.0204782
0.145316
0.0208686
0.0228332
0.0251218
0.0748113
0.0210368
0.0220052
0.0280261
0.022136
0.0200912
0.0199012
0.0373092
0.0226175
0.0201762
0.0215946
0.0199241
0.277786
1.74974
0.0217972
0.0215754
0.0224445
0.0232152
0.0225418
0.0206265
0.0212609
0.0206491
0.0216833
0.305054
0.0344627
0.0210069
0.0212374
2.00204
0.0216659
0.201673
0.0210528
0.0211068
0.313335
0.0209604
0.0211447
0.653963
0.0236319
0.0219075
0.0225637
0.664782
0.0214569
0.0213507
0.0215722
0.0212386
0.0212426
0.0275332
0.0199723
0.0222155
0.0614919
0.025027
0.0638589
0.0199274
0.0216785
0.0228764
0.0201717
0.0201318
0.0211812
0.0485676
0.0233561
0.0227864
0.0743902
0.0208041
0.0196317
0.0693568
0.0210563
0.0229421
0.0212678
0.0212555
0.0215171
0.0197037
0.0238033
0.0635121
0.0211087
0.0207255
0.0211806
0.0251073
2.45001
0.0208886
0.0291828
0.0205163
0.0597951
0.0199252
0.0197454
1.65119
0.0200901
0.0203086
0.0210886
0.0211998
0.0219702
0.0213277
0.0215722
0.456552
0.0744304
0.0213819
0.0253857
0.0200979
0.0209556
0.0213775
0.641648
0.0211417
0.0346609
0.0216884
0.0744157
0.0219103
0.0208153
0.0256865
0.0216217
0.234682
0.02012
0.0201057
0.0212815
0.182849
0.396839
0.0536813
0.205101
0.0339927
0.0220418
0.0291666
0.0229909
0.0214958
0.0210322
0.0613423
2.6212
0.105386
0.0198991
0.0233202
0.0200587
0.0204903
0.0534145
0.0211396
0.0239828
0.0211369
0.0757517
0.0211235
0.536697
0.021212
0.0224121
0.636597
0.0218879
0.0237532
1.80953
0.0499463
0.0843033
0.125088
0.0544125
0.0325857
0.0211544
0.0233256
0.0241079
1.79411
0.0224744
0.0210695
0.0216059
0.0199744
0.021113
0.024838
0.0239463
0.021118
0.0214873
0.291279
0.655127
1.25797
0.021226
0.02091
0.0211327
1.81001
0.0202703
0.0539024
0.020194
0.0225634
0.0562179
0.0202841
0.252639
0.0208314
0.0218873
0.0212088
0.0228952
0.0206292
0.0210083
0.02013
0.0261672
2.4239
0.0218638
0.02188
0.02194
0.0527223
2.81313
0.0216334
0.0213897
0.0220298
0.0242174
0.0224567
0.0847502
0.0494974
0.0235639
0.730413
0.0227026
0.0209519
0.0214376
0.0196803
0.0208717
0.0204088
0.0387
0.0578542
0.0211367
0.0214994
0.411854
0.0233243
0.0199139
2.93359
0.0213286
0.0352064
0.1678
0.0247261
1.13195
0.0257498
0.0205443
0.0207424
0.027011
0.0210152
0.0212091
0.0210924
1.29545
1.85369
0.0215893
0.0210705
0.0269126
2.17058
0.681927
0.021993
0.0235385
0.0211389
0.046145
0.114208
0.249399
0.0224296
0.0823164
0.0225719
1.24889
0.0210854
0.0923542
0.0474618
0.02016
0.0223802
0.026009
0.514158
0.0211008
0.0211447
0.0480161
0.276698
0.027643
0.0211473
0.0231712
0.0326378
0.0581713
0.0210932
0.0210461
0.0210019
0.0209485
0.0212093
0.0229335
1.6337
0.0216485
0.0459649
0.480643
0.0305134
0.0238601
0.0256575
0.0266026
0.0201452
0.0756073
0.0529335
0.024766
0.0202665
0.037152
0.0208982
0.0435935
2.03243
0.790529
0.0201452
0.0218539
0.0321366
0.0207374
0.0314157
0.0213473
0.578139
0.0211354
0.0211576
2.26636
0.0263458
0.0252979
2.39442
0.841878
0.0266388
0.0321241
0.0899051
0.0206644
0.0232532
0.0215086
0.0222295
0.0283476
0.0207103
0.0307377
0.0373185
1.86488
0.858388
0.184983
0.193714
0.0262857
0.0212228
0.0241006
0.0207167
0.0221995
0.512935
0.020796
0.18219
0.0214739
0.036167
0.132687
0.0216881
0.0211937
0.0298281
0.0258586
0.0205355
0.0209666
0.0202257
0.0542039
0.175984
0.0210101
0.0207767
0.0215382
0.0238463
0.803787
0.0222251
0.0224515
0.820113
0.0225848
0.568147
0.354555
0.0354338
0.0229162
0.0212675
0.0207716
0.0200729
0.0207034
0.0216409
0.809475
0.0277722
0.0205419
0.0204627
0.0201389
0.0231238
0.0200548
0.0207476
0.0209024
0.0209896
0.0362039
0.31935
0.0200122
2.60289
0.0198861
0.660795
0.0217022
0.0214119
0.0215078
0.258836
0.0221534
0.0212462
0.0208316
0.188646
0.0389082
0.0308737
0.0209932
0.0207991
2.20164
0.0198399
0.660745
0.0416542
0.367523
0.0212151
0.0687433
0.0209998
0.0213756
0.0216804
0.654608
0.0204756
1.71505
0.0209819
0.0217019
0.0213758
0.0211692
0.0313389
1.84725
0.624767
0.271901
0.167456
0.0202835
0.0228333
0.0214398
0.0350662
0.596674
0.0204872
1.55131
0.054405
0.0212894
0.0248049
0.0212791
0.0215746
0.68012
0.0226115
0.0217539
0.0226246
0.0228134
0.0339525
0.0246572
0.563562
0.0442155
0.0211296
0.0215585
0.834012
0.021284
0.0218309
0.0218403
0.040626
0.0228577
0.0216267
0.0623004
0.0231836
0.0603351
0.0227268
0.0561157
0.0936244
0.0231176
0.023263
0.0674685
0.0224316
0.0684846
0.765248
0.0212931
0.0225505
0.0208914
0.147322
0.0201869
1.5892
0.0835881
0.0275721
0.0201659
0.0217894
0.0265111
0.0269445
0.0237299
0.0535902
0.0237515
0.020409
0.0210995
0.0317857
0.641394
0.176299
0.577834
0.0210755
0.0202578
0.021043
1.12302
1.97104
0.0701209
0.869827
0.0218499
0.0237136
0.0209995
0.0410579
0.020872
0.0547818
0.0211047
0.0211954
0.0214642
1.70256
0.0279568
0.0265416
0.0520461
0.0246088
0.0201488
0.0211582
0.0221441
0.17456
0.0285444
0.259442
0.0270945
0.0201732
0.0210772
0.0200249
0.277975
0.0234718
0.022205
0.0234967
0.0211502
2.47127
0.0211172
0.262716
0.0210655
0.0205547
0.25074
0.0224388
0.0203564
0.0210218
0.0318555
0.0206539
0.0203418
0.064877
0.0279084
0.0485723
0.193337
0.0223797
0.0309823
0.252366
0.0222917
0.0219572
0.0208517
0.0402145
0.0200795
0.0507762
0.164689
0.0210461
0.0201935
0.0269561
0.0352867
)
;

boundaryField
{
    frontback
    {
        type            empty;
    }
    topbottom
    {
        type            fixedValue;
        value           uniform 0.0223;
    }
    outlet
    {
        type            zeroGradient;
    }
    inlet
    {
        type            fixedValue;
        value           nonuniform List<scalar> 0();
    }
    walls
    {
        blending        binomial2;
        n               2;
        beta1           0.075;
        type            omegaWallFunction;
        value           nonuniform List<scalar> 0();
    }
    procBoundary1to0
    {
        type            processor;
        value           nonuniform List<scalar> 
80
(
2.09606
0.0325061
0.0220434
2.40184
0.0220074
0.0248323
3.25616
0.0237338
0.0232558
0.0237338
0.0216019
0.0242348
0.02995
0.02995
0.0415353
0.0214093
3.52343
2.79527
2.81939
0.0232558
0.0286009
0.0219154
0.0214174
0.0279012
0.0415353
0.0218252
0.0215358
0.0215627
0.175998
0.175998
0.0229163
0.0214055
1.97711
0.0214749
0.0221408
0.0215108
0.0214435
0.0214322
0.0217535
0.0266371
0.021454
0.0214062
0.0371719
0.021454
0.0760019
0.0651778
0.0371719
0.144482
0.021475
0.021403
0.0216445
0.0216949
0.0214435
0.0760019
0.144482
0.0228192
2.06807
0.033636
0.0214916
0.117535
0.0604488
0.0256481
0.0520957
0.117535
0.021402
0.0214322
0.0214238
0.023593
0.0224338
0.0921774
0.0214238
1.15596
0.0921774
2.32301
0.300765
0.0465171
2.00455
0.300765
0.0222898
0.0225957
)
;
    }
    procBoundary1to2
    {
        type            processor;
        value           uniform 2.68269;
    }
    procBoundary1to3
    {
        type            processor;
        value           nonuniform List<scalar> 
147
(
0.257459
0.791618
1.19579
1.31988
0.108802
3.05111
3.09966
1.24257
0.275715
3.15922
0.217039
2.84615
0.32101
0.361986
0.330697
0.376294
0.635575
1.18787
0.233896
0.506343
0.292398
3.15574
0.238499
0.653423
1.03517
0.174893
1.28393
0.978351
0.952073
0.268442
3.12977
2.86299
0.245072
2.61001
0.666065
0.230945
0.0883632
1.17311
0.831822
0.683549
0.288325
0.288325
0.274824
0.212044
0.164723
0.92814
0.311964
0.20523
0.278842
0.250485
0.320293
0.287729
0.366715
0.363781
0.366784
0.331735
0.272084
0.24477
0.281093
0.25152
0.213353
0.216763
0.249622
0.256303
0.366715
0.285887
0.332874
0.255866
0.269958
0.283211
0.257307
0.226916
0.196411
0.206826
0.216906
0.261965
0.259063
0.250587
0.412617
0.177951
0.33533
0.422113
0.456608
0.419482
0.419482
0.377925
0.226429
0.211096
0.379931
0.457558
0.138856
0.138856
0.421502
0.275846
0.405837
0.505953
0.523078
0.480958
0.362863
0.515764
0.49613
0.507941
0.5229
0.357679
0.187217
0.278781
0.278781
0.435542
0.30684
0.181427
0.5585
0.28118
0.655219
0.582036
0.925496
0.593118
0.593118
2.61001
0.495972
0.639262
0.203404
0.329835
0.410598
0.446163
0.162372
0.433804
0.648723
0.156236
0.314629
0.159694
1.44716
0.448617
1.11647
0.205504
1.36044
0.607069
3.14917
2.84474
0.356837
0.888678
0.8394
0.587448
0.587448
0.259371
0.259371
2.86299
0.367108
)
;
    }
}


// ************************************************************************* //
