/*--------------------------------*- C++ -*----------------------------------*\
| =========                 |                                                 |
| \\      /  F ield         | OpenFOAM: The Open Source CFD Toolbox           |
|  \\    /   O peration     | Version:  v2012                                 |
|   \\  /    A nd           | Website:  www.openfoam.com                      |
|    \\/     M anipulation  |                                                 |
\*---------------------------------------------------------------------------*/
FoamFile
{
    version     2.0;
    format      ascii;
    class       volScalarField::Internal;
    location    "700";
    object      V0;
}
// * * * * * * * * * * * * * * * * * * * * * * * * * * * * * * * * * * * * * //

dimensions      [0 3 0 0 0 0 0];


value           nonuniform List<scalar> 
10042
(
0.191013
0.0799056
0.0870711
0.136656
0.171732
0.145106
0.0585289
0.158397
0.188636
0.0524518
0.142026
0.0787614
0.0492257
0.152602
0.0845628
0.154103
0.116603
0.131678
0.0658105
0.0997491
0.0484209
0.19984
0.144417
0.132384
0.165326
0.175887
0.0678556
0.195919
0.1433
0.110294
0.153585
0.0346703
0.175966
0.165764
0.156099
0.142103
0.172829
0.154437
0.145632
0.20503
0.14137
0.176548
0.0387102
0.107941
0.139246
0.122824
0.169383
0.10327
0.0509239
0.044248
0.0403895
0.165008
0.111528
0.060795
0.064331
0.0338823
0.0467411
0.167141
0.0839328
0.192613
0.0577474
0.0628599
0.0390557
0.149887
0.138256
0.151312
0.0877817
0.142438
0.126615
0.140228
0.036776
0.105198
0.160916
0.0860977
0.150948
0.0349427
0.116992
0.16063
0.11129
0.0598929
0.0987178
0.126654
0.187355
0.165629
0.0729733
0.0499051
0.0928222
0.0875856
0.140086
0.138886
0.04543
0.0780225
0.0380923
0.0588886
0.133053
0.113444
0.0148287
0.0893573
0.115801
0.0857227
0.0502565
0.0596883
0.0983392
0.0351149
0.0596128
0.0996176
0.03308
0.159861
0.0547455
0.101876
0.114408
0.0543254
0.0744371
0.148583
0.137967
0.165484
0.109743
0.172977
0.158834
0.171952
0.170876
0.0648371
0.065224
0.137654
0.107683
0.158276
0.119569
0.062105
0.0239369
0.117442
0.171213
0.128279
0.154017
0.134456
0.0466531
0.0427355
0.0900358
0.0339888
0.075056
0.123874
0.0430089
0.16672
0.0394085
0.198326
0.0615942
0.14539
0.0716764
0.164457
0.0929876
0.0847226
0.143585
0.164562
0.063693
0.0356865
0.134731
0.0604833
0.0280228
0.0326002
0.146238
0.13075
0.166281
0.185486
0.042746
0.141045
0.0791136
0.116024
0.189061
0.0423639
0.16878
0.135513
0.138436
0.105795
0.0813729
0.160336
0.0578863
0.0754538
0.114199
0.172999
0.143699
0.116763
0.0789045
0.0502183
0.0802028
0.173361
0.180204
0.0423408
0.0956026
0.141108
0.0355616
0.154825
0.0695267
0.0478079
0.164799
0.0578923
0.0620172
0.0721135
0.0206119
0.145267
0.01806
0.142199
0.023563
0.0411381
0.0937848
0.128544
0.117526
0.135784
0.132309
0.0439976
0.113577
0.0982091
0.0371741
0.13321
0.0927672
0.0992036
0.176825
0.147082
0.153075
0.0994223
0.147304
0.028086
0.0220846
0.137648
0.0271917
0.132863
0.11178
0.0362197
0.101298
0.0848762
0.0770776
0.071603
0.167838
0.120596
0.0427025
0.132105
0.110313
0.182534
0.0904147
0.0207463
0.0605403
0.136744
0.0967364
0.133346
0.177523
0.162629
0.066473
0.171445
0.139184
0.0779452
0.0492075
0.145078
0.0649078
0.158434
0.105208
0.052644
0.111523
0.0955746
0.128841
0.101981
0.0102114
0.150575
0.131261
0.15197
0.152269
0.173826
0.0407162
0.0696238
0.137083
0.102521
0.154871
0.108661
0.101078
0.0421873
0.145342
0.0348581
0.106475
0.161658
0.0669628
0.130336
0.147608
0.0571183
0.140274
0.143315
0.0187642
0.074498
0.175759
0.0227982
0.10856
0.154745
0.164747
0.136431
0.0472989
0.111573
0.174342
0.132741
0.129429
0.120526
0.069426
0.101071
0.095895
0.151986
0.0685566
0.0928152
0.127245
0.0911792
0.0930919
0.0480655
0.156644
0.164344
0.0660266
0.123261
0.142455
0.1305
0.131098
0.11212
0.109744
0.164905
0.113942
0.143148
0.137671
0.160526
0.147943
0.0354626
0.155443
0.128227
0.177386
0.169329
0.135736
0.128697
0.092012
0.0460501
0.135535
0.111142
0.161088
0.157391
0.135265
0.163476
0.0331755
0.126864
0.155354
0.118382
0.0415779
0.0481087
0.172189
0.144284
0.163016
0.172264
0.144428
0.15707
0.125545
0.0170916
0.0721375
0.135245
0.12077
0.14504
0.070825
0.140159
0.102059
0.170139
0.0261287
0.167021
0.106224
0.159051
0.0766306
0.141251
0.107133
0.0731494
0.144839
0.127927
0.125632
0.0603898
0.145126
0.162792
0.140325
0.164122
0.0545734
0.130824
0.155989
0.0950248
0.0651163
0.0462999
0.113851
0.0921835
0.0780787
0.13835
0.0285351
0.165463
0.155122
0.165554
0.105425
0.148256
0.111693
0.026588
0.0730966
0.143249
0.106168
0.0525968
0.136516
0.153919
0.130234
0.0266266
0.145036
0.0235465
0.148584
0.0707163
0.023867
0.135238
0.0398816
0.147863
0.100217
0.113023
0.109268
0.0542558
0.134581
0.0766871
0.15
0.101205
0.0741128
0.0609664
0.143901
0.0910319
0.152602
0.0952109
0.163448
0.166396
0.0360735
0.101291
0.0852915
0.108486
0.127113
0.0470751
0.100251
0.139962
0.0536278
0.099029
0.137513
0.0752056
0.0416431
0.15261
0.156978
0.0326324
0.163625
0.114538
0.0894478
0.0319258
0.0380473
0.173401
0.141431
0.0403241
0.147992
0.169494
0.153937
0.0658858
0.0724991
0.0337039
0.109754
0.140372
0.140272
0.0261972
0.165025
0.137087
0.148239
0.119864
0.15903
0.15893
0.0985745
0.169939
0.159985
0.0648819
0.0911924
0.13832
0.0409968
0.135053
0.026767
0.040238
0.123498
0.126661
0.0405992
0.129618
0.0515673
0.100428
0.137509
0.0780658
0.122653
0.140819
0.0572045
0.121767
0.152583
0.120589
0.159489
0.137299
0.139522
0.080061
0.146092
0.147243
0.0936299
0.0402386
0.136023
0.148106
0.115318
0.046704
0.104575
0.157297
0.141426
0.0840919
0.0524922
0.111807
0.158569
0.140207
0.0718267
0.0695079
0.0774679
0.136721
0.145714
0.133288
0.0949061
0.122038
0.120213
0.0990595
0.123697
0.10262
0.129809
0.0719302
0.100146
0.0777228
0.0752816
0.106222
0.139552
0.0775866
0.106633
0.136454
0.114822
0.0376986
0.109669
0.141558
0.0934028
0.0843846
0.111355
0.07164
0.153995
0.0661431
0.122867
0.0773993
0.137698
0.0225831
0.122807
0.0436713
0.153982
0.13229
0.108972
0.173169
0.0922656
0.0502037
0.148565
0.134082
0.0269585
0.102351
0.137882
0.164921
0.138433
0.160983
0.161055
0.158475
0.0956233
0.0870474
0.118704
0.17328
0.0434663
0.0577634
0.146037
0.145175
0.133841
0.0474101
0.138214
0.137785
0.137114
0.0949768
0.0441972
0.140451
0.145007
0.141351
0.115968
0.106266
0.163187
0.0209135
0.0837148
0.0650004
0.133425
0.145411
0.119852
0.0761877
0.104242
0.144653
0.13018
0.163002
0.136591
0.133079
0.0629311
0.116273
0.183311
0.152243
0.160349
0.140436
0.0223716
0.13191
0.137323
0.118892
0.0654345
0.125933
0.1138
0.152411
0.0710242
0.128153
0.0990427
0.166677
0.0971734
0.0745994
0.103252
0.139507
0.129409
0.0158926
0.0816761
0.10953
0.109815
0.0463935
0.127229
0.0796187
0.123427
0.146677
0.0915064
0.124549
0.167361
0.13153
0.0900035
0.108791
0.0977488
0.0886829
0.137788
0.0278414
0.0815019
0.135169
0.136929
0.108384
0.133061
0.144667
0.163309
0.0978531
0.0654998
0.168516
0.0267721
0.121965
0.0796386
0.150528
0.076354
0.134828
0.125822
0.137453
0.106148
0.0894542
0.0632979
0.101151
0.167942
0.134018
0.135394
0.138094
0.119563
0.0695065
0.0834564
0.105823
0.129595
0.135155
0.136767
0.0814724
0.129834
0.155205
0.154726
0.132054
0.0320846
0.146591
0.104168
0.138968
0.0181575
0.0390408
0.135607
0.0660963
0.138969
0.048742
0.13498
0.141887
0.160383
0.103708
0.141074
0.14475
0.0454405
0.113856
0.165041
0.139301
0.126845
0.0270191
0.0157047
0.159503
0.133103
0.157897
0.156365
0.15268
0.0940875
0.123901
0.034694
0.129583
0.133661
0.125821
0.0991824
0.108587
0.139198
0.0947117
0.0763002
0.141092
0.0616147
0.117166
0.1286
0.0875327
0.139957
0.12682
0.0274406
0.131526
0.129314
0.151405
0.132108
0.136516
0.0996457
0.109709
0.127021
0.0619468
0.124991
0.145188
0.0574829
0.132815
0.046463
0.141288
0.158509
0.110627
0.0306952
0.161485
0.0938167
0.139365
0.103361
0.139935
0.0930009
0.0986768
0.108307
0.0683209
0.156323
0.131397
0.0500366
0.155623
0.148993
0.113013
0.0867126
0.162084
0.121313
0.0763479
0.106241
0.0866857
0.138501
0.0326189
0.0696359
0.143202
0.133404
0.158612
0.134312
0.125967
0.0775441
0.141876
0.052629
0.0804898
0.0895874
0.0434728
0.0903195
0.128516
0.0701995
0.143381
0.0751908
0.062692
0.176074
0.075276
0.132397
0.0796374
0.1314
0.163802
0.0640212
0.0515831
0.163496
0.0918001
0.164818
0.156584
0.127463
0.135289
0.166134
0.141104
0.130307
0.100284
0.152319
0.166962
0.10756
0.150966
0.0927647
0.153218
0.134463
0.159633
0.109467
0.131457
0.0524702
0.129957
0.065723
0.0399957
0.0263044
0.12668
0.0974713
0.0410317
0.113811
0.153537
0.136634
0.151777
0.128206
0.078483
0.0811395
0.0254214
0.0932025
0.138358
0.137887
0.123755
0.0889398
0.0933915
0.101819
0.0636004
0.0612531
0.0222062
0.101201
0.130423
0.102371
0.147699
0.165419
0.0943988
0.13567
0.119277
0.132393
0.0664212
0.117917
0.160225
0.0470202
0.100405
0.0503893
0.12316
0.132802
0.131106
0.0735692
0.106172
0.135207
0.12011
0.039699
0.136841
0.0415017
0.0958213
0.0867213
0.111798
0.0824044
0.139207
0.0304454
0.156347
0.147413
0.118102
0.151269
0.136409
0.130664
0.0945388
0.0802483
0.13123
0.0890466
0.142212
0.150647
0.136181
0.149737
0.121324
0.0906608
0.146647
0.0661796
0.0659687
0.0726458
0.0511667
0.0808385
0.133052
0.137957
0.01648
0.0151182
0.131683
0.0678055
0.0282321
0.042167
0.0410098
0.121559
0.110816
0.138688
0.107893
0.152133
0.130647
0.0457927
0.151866
0.0362746
0.120886
0.127899
0.183569
0.15785
0.119057
0.079797
0.109459
0.119478
0.126544
0.044671
0.121111
0.119357
0.159269
0.0292221
0.0695809
0.129183
0.149208
0.127628
0.089365
0.128202
0.0794936
0.101681
0.122314
0.123831
0.0687969
0.0858051
0.0380859
0.0699343
0.0286408
0.0347991
0.12998
0.0336149
0.108622
0.106887
0.0901096
0.092397
0.102255
0.0460301
0.0263604
0.128338
0.0883337
0.0811727
0.135744
0.147365
0.0325801
0.133153
0.128211
0.018337
0.143323
0.122458
0.0700472
0.0472734
0.137284
0.168985
0.103192
0.0894182
0.0591205
0.154965
0.0561851
0.130312
0.121965
0.160294
0.0462575
0.0822169
0.135429
0.12643
0.107814
0.135108
0.119379
0.0625469
0.110906
0.0942572
0.106143
0.0824474
0.151933
0.0651248
0.083596
0.0919785
0.0484118
0.113438
0.104236
0.119788
0.150476
0.136451
0.0784913
0.127317
0.122816
0.142827
0.0958474
0.152812
0.0570134
0.135218
0.0993942
0.0406414
0.0923255
0.15516
0.0756604
0.0454665
0.151121
0.136113
0.143654
0.0324907
0.129841
0.143336
0.132453
0.129155
0.0648452
0.131076
0.146729
0.126428
0.0829584
0.126886
0.147862
0.0428365
0.142735
0.106119
0.0673914
0.137794
0.0999322
0.149433
0.0637083
0.120878
0.08717
0.119868
0.0704052
0.108508
0.0255544
0.0683713
0.131606
0.109738
0.130136
0.161029
0.0880613
0.0779207
0.146701
0.13013
0.150201
0.0823584
0.126572
0.0550515
0.131964
0.172236
0.0380582
0.0931743
0.145925
0.0856571
0.023334
0.150187
0.120283
0.140946
0.118568
0.0464821
0.129689
0.071313
0.130721
0.154277
0.128657
0.127728
0.142094
0.0394279
0.0265048
0.140569
0.144746
0.113417
0.125225
0.134278
0.10302
0.135249
0.144055
0.131347
0.0853921
0.130767
0.0745545
0.156911
0.151294
0.12497
0.107791
0.15341
0.131973
0.142119
0.152723
0.0662385
0.0567313
0.026792
0.0620061
0.0858664
0.13817
0.0257549
0.0690494
0.115105
0.0475885
0.118219
0.0711436
0.143012
0.143531
0.141726
0.129171
0.126754
0.121262
0.150603
0.0827719
0.0373457
0.149431
0.15147
0.121279
0.150975
0.152528
0.163613
0.15945
0.151255
0.127999
0.147177
0.121341
0.147254
0.152467
0.0867847
0.051373
0.114956
0.142753
0.0877249
0.108691
0.0649455
0.100342
0.0947963
0.141964
0.0933138
0.0347052
0.0396769
0.098914
0.165713
0.153031
0.130994
0.123904
0.15339
0.133026
0.131484
0.147455
0.109425
0.0292088
0.145706
0.124622
0.0245367
0.0405033
0.148633
0.145056
0.125458
0.152745
0.0419411
0.125034
0.116289
0.0658103
0.137163
0.130368
0.145327
0.0406614
0.0853222
0.0762936
0.0652808
0.132538
0.0458372
0.103164
0.137869
0.11821
0.133747
0.0735665
0.147474
0.0842757
0.110757
0.0537441
0.129648
0.0622919
0.135111
0.0760455
0.0904558
0.10239
0.0958184
0.141528
0.0366895
0.144578
0.139409
0.116786
0.150704
0.11792
0.0626076
0.132179
0.130757
0.182039
0.0343648
0.134403
0.128625
0.136789
0.139264
0.0548954
0.16103
0.138339
0.129973
0.132594
0.128476
0.0850269
0.0447412
0.145667
0.0930288
0.0983402
0.147111
0.101089
0.0286984
0.148321
0.0982525
0.03316
0.147784
0.136966
0.140723
0.164408
0.0950912
0.133303
0.082269
0.131139
0.128593
0.161976
0.153188
0.0987743
0.0734568
0.148737
0.0401932
0.151751
0.132847
0.165693
0.124126
0.129208
0.0681619
0.149707
0.0511313
0.14476
0.0871013
0.153203
0.0408207
0.150101
0.133897
0.0342802
0.157065
0.130991
0.0293565
0.0628196
0.108317
0.0464842
0.0746552
0.128798
0.0578114
0.138192
0.154709
0.13166
0.0348149
0.127029
0.107853
0.0523105
0.132878
0.11111
0.150388
0.0917272
0.136463
0.132953
0.0765657
0.117496
0.0273949
0.133782
0.154734
0.133839
0.0243801
0.082936
0.0715731
0.128401
0.138534
0.0478419
0.0727028
0.132578
0.0378907
0.14418
0.125032
0.152603
0.0176824
0.137976
0.0797864
0.130129
0.142443
0.160136
0.14166
0.134293
0.119476
0.1509
0.133942
0.0903234
0.0887724
0.122448
0.151233
0.0487855
0.0587332
0.139173
0.138133
0.140606
0.0241574
0.0431821
0.0868564
0.138788
0.157749
0.0745904
0.0468388
0.159835
0.131773
0.0569537
0.132633
0.151346
0.134398
0.12452
0.0572125
0.143549
0.0776433
0.109043
0.135181
0.132879
0.0982612
0.146238
0.0601235
0.0141077
0.152301
0.135091
0.132003
0.0259023
0.136042
0.0485749
0.157269
0.14464
0.111927
0.131205
0.0656262
0.112556
0.124073
0.150525
0.02709
0.110964
0.0477044
0.14945
0.0540112
0.0604067
0.153941
0.0438829
0.146521
0.0461385
0.0501737
0.14393
0.139438
0.0918316
0.0612593
0.0465784
0.0268967
0.155311
0.151147
0.112616
0.0465656
0.134073
0.0386483
0.0399981
0.147775
0.125248
0.155266
0.0902863
0.0846978
0.145038
0.122167
0.143579
0.0270407
0.138839
0.0766091
0.134691
0.0857919
0.0607359
0.0846144
0.137767
0.0670398
0.0555829
0.106339
0.131127
0.131549
0.0254159
0.148214
0.0284732
0.0389353
0.0408981
0.107676
0.0402737
0.0763976
0.131934
0.123708
0.120642
0.0493224
0.0658087
0.0565618
0.132427
0.0176553
0.0579873
0.141216
0.129244
0.0267057
0.151818
0.131083
0.0284856
0.0200363
0.0326573
0.149315
0.0367073
0.149442
0.104813
0.135463
0.0699068
0.162259
0.0892007
0.0463585
0.024206
0.050456
0.113252
0.150855
0.0904894
0.106492
0.151969
0.0905888
0.0194766
0.140447
0.153678
0.0588994
0.100037
0.038066
0.0989711
0.145042
0.130723
0.0794237
0.153231
0.131357
0.0502508
0.140047
0.110827
0.125851
0.144679
0.148193
0.0186252
0.136855
0.149523
0.122197
0.156504
0.147781
0.06653
0.146869
0.0270957
0.0290804
0.0958833
0.149643
0.147381
0.130088
0.1523
0.037327
0.0418296
0.0188914
0.133346
0.141869
0.0351857
0.0668076
0.0952389
0.0477541
0.0901667
0.126471
0.0958463
0.154576
0.170576
0.147204
0.130466
0.0793836
0.0343369
0.0644282
0.152809
0.0396354
0.0383594
0.153527
0.130745
0.15083
0.0741697
0.130164
0.133709
0.0639048
0.131595
0.0282733
0.129761
0.1347
0.0470675
0.0731817
0.0406337
0.0825179
0.142152
0.149367
0.0275212
0.104334
0.133663
0.0472485
0.135665
0.0307878
0.132397
0.136622
0.157584
0.0518282
0.0823294
0.0533418
0.150466
0.137379
0.058289
0.0640054
0.160397
0.0825234
0.0414018
0.139711
0.071794
0.124201
0.157371
0.0583377
0.149686
0.0603469
0.0410992
0.119449
0.135115
0.161413
0.0545318
0.0371953
0.0520963
0.0659362
0.0690276
0.0800665
0.0683021
0.0613327
0.0479786
0.0814707
0.114847
0.150461
0.149459
0.0703145
0.0664018
0.0988177
0.0383077
0.135932
0.0275851
0.0416014
0.150319
0.159231
0.145189
0.158081
0.151654
0.0411239
0.0863239
0.0436094
0.0364935
0.115318
0.0649462
0.0854092
0.0683204
0.134296
0.133474
0.0771608
0.133031
0.110196
0.111312
0.0619521
0.150542
0.102526
0.137705
0.138146
0.0638837
0.149404
0.130244
0.169804
0.0388448
0.0922738
0.0327699
0.0655143
0.0873818
0.0411486
0.115397
0.0321563
0.125737
0.105371
0.077159
0.0331574
0.150508
0.160913
0.0350377
0.0526045
0.125255
0.0717335
0.141827
0.0189678
0.0903664
0.102649
0.136114
0.0268645
0.0257123
0.120828
0.0694351
0.0662687
0.141113
0.0580898
0.0839752
0.13324
0.113924
0.0337032
0.143778
0.0829602
0.13259
0.0666079
0.0612834
0.0968321
0.043025
0.0633943
0.12611
0.0676159
0.0354508
0.0279575
0.118877
0.0671624
0.0742974
0.0617724
0.0295805
0.0284059
0.0555731
0.0699681
0.14842
0.0570858
0.0533778
0.0307016
0.135316
0.062854
0.134079
0.0597391
0.153391
0.0471061
0.131269
0.151252
0.0798326
0.02855
0.0506563
0.0435043
0.177459
0.0690349
0.13177
0.124269
0.152732
0.103275
0.0183004
0.126202
0.0588871
0.102106
0.144507
0.142009
0.118099
0.149255
0.136132
0.152351
0.0913461
0.130308
0.0319542
0.103552
0.0395587
0.0644457
0.0754774
0.0491939
0.065597
0.059203
0.108614
0.0824376
0.0862831
0.137312
0.141547
0.0668022
0.133113
0.147093
0.15018
0.0750968
0.0920901
0.070715
0.150134
0.0304161
0.149745
0.128699
0.0819728
0.140403
0.0688538
0.15141
0.0516928
0.0938624
0.074397
0.0359056
0.135155
0.134874
0.142927
0.0249278
0.151108
0.135366
0.0698101
0.0828439
0.0427675
0.123162
0.102312
0.0924142
0.136477
0.121359
0.139096
0.0786629
0.126862
0.0368673
0.080831
0.137316
0.105895
0.038221
0.137169
0.138424
0.0432572
0.0906323
0.0782169
0.148097
0.0832018
0.143248
0.142646
0.0974303
0.152047
0.117402
0.0864397
0.0713344
0.0944556
0.0282198
0.0700082
0.1172
0.0521353
0.111251
0.0481588
0.145396
0.151897
0.0605552
0.135159
0.118243
0.121856
0.0414893
0.0182291
0.143736
0.0439797
0.149209
0.102275
0.128986
0.139765
0.0497618
0.0877923
0.130404
0.131042
0.166626
0.0481343
0.0604012
0.0756271
0.136585
0.133437
0.080852
0.135862
0.0488776
0.0853024
0.124981
0.139692
0.0368873
0.125073
0.036168
0.0920236
0.027749
0.0683545
0.0289364
0.144429
0.136699
0.0640272
0.0485163
0.151306
0.137937
0.15759
0.148879
0.143643
0.131712
0.0881575
0.0524733
0.0288311
0.138262
0.0266624
0.0365371
0.0533816
0.0614464
0.153122
0.138971
0.170541
0.0755551
0.099511
0.0476758
0.100058
0.0753328
0.0411384
0.116379
0.151566
0.123132
0.125375
0.0485393
0.13997
0.0285869
0.0929382
0.0630692
0.132416
0.171957
0.154168
0.0318656
0.133472
0.0285361
0.0654471
0.150571
0.0705904
0.0652989
0.1136
0.13612
0.133825
0.132249
0.089702
0.0817459
0.0700442
0.104727
0.0733189
0.0279312
0.0524051
0.0614825
0.15549
0.0655817
0.0720181
0.133956
0.139154
0.0853953
0.0652605
0.0383127
0.131814
0.0418328
0.110498
0.138333
0.149513
0.0703566
0.0847196
0.119564
0.0865942
0.0549145
0.141855
0.0730883
0.131586
0.0437759
0.0991114
0.101316
0.0917519
0.0907519
0.136769
0.0967153
0.149942
0.138574
0.0498388
0.0800305
0.0273316
0.145902
0.134257
0.152994
0.112881
0.142038
0.0758911
0.0903504
0.0647678
0.0401831
0.131795
0.0570815
0.151836
0.0778887
0.100612
0.126492
0.137011
0.152204
0.0975369
0.0722889
0.0821209
0.15038
0.142951
0.0933513
0.10187
0.0588648
0.089168
0.0861742
0.130636
0.135309
0.0423841
0.125106
0.129878
0.115786
0.101254
0.066667
0.112887
0.0486906
0.0488843
0.0730514
0.147395
0.0482015
0.0389351
0.130653
0.125284
0.0882148
0.0634494
0.0684883
0.102762
0.13307
0.151715
0.094238
0.0946602
0.057778
0.127681
0.116438
0.0930247
0.0457407
0.0627331
0.111947
0.142919
0.085192
0.0477333
0.130127
0.127956
0.114315
0.061979
0.0474764
0.138288
0.0757137
0.123869
0.0461657
0.0962512
0.141344
0.0182911
0.0673353
0.0275675
0.041446
0.131471
0.133948
0.0959115
0.134405
0.0958249
0.0486056
0.116229
0.0900806
0.0722777
0.10564
0.063596
0.091385
0.0750662
0.141471
0.126709
0.0833241
0.124137
0.117038
0.148275
0.162363
0.157618
0.137144
0.153932
0.110666
0.0983397
0.121309
0.152697
0.0233335
0.142594
0.137748
0.100531
0.136095
0.0665181
0.13417
0.155092
0.153325
0.151195
0.110914
0.120747
0.0662943
0.0384521
0.15814
0.0630247
0.11794
0.0801649
0.0778797
0.101052
0.0880612
0.0685024
0.0914683
0.0838815
0.0623278
0.0650364
0.0633259
0.163289
0.139445
0.0726086
0.0846741
0.0606785
0.0522849
0.0684027
0.100559
0.0892808
0.124839
0.0261682
0.142844
0.0820635
0.148421
0.0673054
0.122687
0.147173
0.13258
0.0670895
0.057361
0.0758407
0.15755
0.0633915
0.149494
0.15225
0.104123
0.0926246
0.0669895
0.069441
0.14304
0.12987
0.11243
0.0709742
0.126155
0.0285835
0.0826967
0.148557
0.072833
0.154711
0.0365765
0.0836265
0.105567
0.134415
0.0934351
0.0629634
0.151785
0.114921
0.0411778
0.149849
0.132192
0.0866703
0.0709382
0.0350963
0.130284
0.0281194
0.0719966
0.0920157
0.13491
0.100079
0.040302
0.102782
0.107694
0.142074
0.0897912
0.0783636
0.125478
0.134376
0.118338
0.147003
0.152801
0.117349
0.0750614
0.0635925
0.127088
0.0379046
0.0789241
0.120413
0.0736215
0.0282055
0.0783528
0.0858279
0.120878
0.0899145
0.0843336
0.138168
0.116211
0.0846779
0.130157
0.13782
0.103093
0.152578
0.13159
0.0970599
0.0502066
0.0893353
0.030014
0.119476
0.0289915
0.145059
0.102195
0.0814288
0.151397
0.153499
0.0944935
0.107974
0.066535
0.0833379
0.0978335
0.145128
0.152192
0.0819257
0.0731533
0.104051
0.145091
0.131075
0.0516594
0.0666807
0.144968
0.0937194
0.115074
0.100768
0.0779909
0.115161
0.140038
0.120065
0.0680094
0.0601454
0.113784
0.130872
0.131413
0.103588
0.151236
0.127844
0.142818
0.100741
0.0971795
0.134263
0.152977
0.135447
0.153452
0.0998031
0.158015
0.0655088
0.142033
0.127781
0.0928545
0.0954149
0.0981082
0.0310438
0.0230849
0.0599764
0.13199
0.143897
0.0656929
0.129751
0.0648091
0.105794
0.141971
0.0908106
0.102544
0.117541
0.0956766
0.131743
0.101646
0.112516
0.107157
0.15551
0.0619921
0.103125
0.101264
0.149235
0.0967555
0.067295
0.115685
0.0309128
0.0346362
0.145786
0.137077
0.133561
0.13355
0.141083
0.145274
0.148156
0.0863873
0.1068
0.14116
0.0273023
0.146736
0.10226
0.0664299
0.122059
0.104224
0.0891762
0.0798074
0.15118
0.0539956
0.0703502
0.10861
0.0798231
0.097142
0.103925
0.126231
0.116525
0.141473
0.145423
0.0903721
0.0729034
0.0586713
0.15134
0.0755532
0.147893
0.107896
0.0861082
0.122451
0.097821
0.138766
0.144127
0.143012
0.111329
0.0597249
0.150201
0.139698
0.131753
0.114492
0.0938839
0.0894424
0.0605444
0.115388
0.0761967
0.0957389
0.0888677
0.150361
0.150955
0.13645
0.143822
0.0186194
0.0663765
0.0850685
0.052066
0.131483
0.0864904
0.0896207
0.148227
0.0919199
0.136669
0.0971742
0.133607
0.0261674
0.10482
0.0919494
0.0853527
0.151
0.112394
0.0410545
0.143823
0.0393347
0.0683234
0.0702103
0.0972524
0.0274529
0.133456
0.0934341
0.146415
0.0900439
0.0672214
0.145575
0.130698
0.131986
0.0711059
0.091481
0.0964442
0.145277
0.0798327
0.126592
0.10817
0.0927911
0.0377422
0.124789
0.152414
0.154357
0.13261
0.0285805
0.0839466
0.143026
0.117283
0.132795
0.133962
0.146559
0.112876
0.130474
0.0450508
0.13062
0.0934372
0.139052
0.0741297
0.0978336
0.103816
0.119502
0.11252
0.129022
0.14067
0.08163
0.131763
0.0969456
0.147519
0.0958308
0.0985429
0.0990413
0.150539
0.128994
0.174542
0.0380121
0.151952
0.152879
0.0705472
0.0694142
0.0915259
0.143341
0.126345
0.133627
0.107061
0.0944268
0.119191
0.0629349
0.0234355
0.151623
0.0975715
0.0950466
0.107271
0.121488
0.140372
0.065434
0.057846
0.036815
0.0212085
0.0609098
0.136404
0.090412
0.119115
0.0966894
0.130748
0.142542
0.0639762
0.133338
0.0348598
0.0691475
0.154575
0.100548
0.0861815
0.087968
0.133934
0.137504
0.104979
0.113993
0.118752
0.141368
0.100005
0.0903375
0.15206
0.0792211
0.0686035
0.0939643
0.125956
0.104001
0.093507
0.14036
0.13787
0.127996
0.0566983
0.132679
0.106544
0.134575
0.152601
0.125402
0.148537
0.1441
0.0629487
0.124517
0.110056
0.0565279
0.132668
0.126995
0.0981511
0.0610277
0.151326
0.139596
0.13719
0.0736598
0.0184648
0.121962
0.0657306
0.143385
0.146228
0.154247
0.102628
0.12723
0.1289
0.153065
0.0683594
0.14333
0.0861969
0.143918
0.126592
0.141107
0.0922833
0.1108
0.123057
0.132168
0.115065
0.145778
0.111031
0.128305
0.139941
0.129072
0.143808
0.133611
0.134577
0.15059
0.154589
0.148863
0.127063
0.151542
0.105094
0.145087
0.0971189
0.103636
0.0596166
0.132202
0.105696
0.14236
0.149633
0.151573
0.111658
0.137558
0.150551
0.13945
0.0656057
0.126937
0.0703231
0.0304366
0.152699
0.0290215
0.103092
0.0410916
0.141187
0.0885585
0.150637
0.125845
0.130461
0.0859987
0.0906953
0.121113
0.0956981
0.131167
0.138746
0.152122
0.0371376
0.131331
0.0448445
0.100204
0.0191425
0.100809
0.133887
0.0661727
0.0494887
0.14926
0.107762
0.112171
0.0885866
0.0361569
0.101493
0.1336
0.082716
0.0737625
0.0940771
0.141465
0.143637
0.0730148
0.0668698
0.0305176
0.0894181
0.102552
0.136945
0.0999363
0.120032
0.130716
0.0677529
0.132172
0.125305
0.139225
0.128868
0.136428
0.13195
0.102726
0.114414
0.103284
0.110648
0.091904
0.1302
0.0876083
0.172917
0.140799
0.0873073
0.155445
0.084308
0.142359
0.138326
0.0726566
0.104315
0.113076
0.133414
0.128501
0.0678891
0.103178
0.0408484
0.10366
0.13947
0.13391
0.115604
0.0686465
0.107839
0.132974
0.0933111
0.124504
0.168234
0.136435
0.0854985
0.1381
0.140759
0.135686
0.101024
0.135314
0.133935
0.0518324
0.102813
0.0994587
0.0937097
0.130438
0.113239
0.136381
0.140771
0.139826
0.111755
0.132374
0.0653757
0.144783
0.134827
0.0784102
0.0985679
0.134274
0.097724
0.0835124
0.100797
0.132332
0.152772
0.133034
0.102362
0.135646
0.152195
0.0688282
0.12531
0.146058
0.0922962
0.132636
0.0664751
0.128128
0.105404
0.153799
0.0864129
0.149348
0.142888
0.136325
0.0922722
0.149802
0.0314237
0.151853
0.112977
0.115253
0.14283
0.125538
0.0948424
0.0885901
0.130909
0.122046
0.11214
0.0829289
0.137749
0.132304
0.136963
0.114827
0.124806
0.13272
0.12719
0.157091
0.144716
0.0915935
0.118519
0.135934
0.107655
0.117976
0.154638
0.0979557
0.128939
0.0935545
0.128582
0.110854
0.145682
0.144836
0.041355
0.145305
0.111383
0.129229
0.111986
0.135846
0.078258
0.1369
0.144337
0.0950668
0.129319
0.140825
0.118547
0.0719651
0.141795
0.139593
0.129341
0.139762
0.113511
0.115294
0.132802
0.141835
0.13826
0.144
0.0645854
0.0738827
0.11429
0.138331
0.150456
0.135453
0.131744
0.14645
0.0981421
0.0936042
0.112804
0.117749
0.130485
0.0684438
0.143784
0.143212
0.099407
0.107757
0.133014
0.110484
0.12141
0.114118
0.142793
0.131358
0.109704
0.149486
0.152374
0.123764
0.108508
0.116004
0.144763
0.122943
0.121025
0.124712
0.122648
0.151818
0.111329
0.151763
0.149276
0.125006
0.141934
0.135625
0.0789079
0.131627
0.135371
0.0976049
0.147507
0.0901897
0.144317
0.130198
0.13792
0.150073
0.0912896
0.127657
0.101284
0.053238
0.18015
0.141969
0.145561
0.079719
0.121382
0.152184
0.0678166
0.117057
0.119086
0.119596
0.10359
0.142915
0.154666
0.140115
0.113352
0.107855
0.147785
0.142683
0.112602
0.149745
0.123048
0.140545
0.122282
0.138015
0.0650728
0.135767
0.124584
0.151189
0.130149
0.145621
0.131752
0.137132
0.125048
0.139068
0.0421131
0.109638
0.142148
0.134523
0.150892
0.116633
0.0971093
0.160257
0.116981
0.103306
0.141603
0.0897662
0.132283
0.142415
0.12136
0.14594
0.145303
0.138
0.110659
0.125756
0.120222
0.163556
0.135736
0.133104
0.131619
0.132671
0.0777686
0.146472
0.148929
0.11614
0.140276
0.143913
0.134605
0.124049
0.136221
0.0919777
0.139888
0.14281
0.104069
0.121184
0.133721
0.151727
0.0191991
0.106115
0.141792
0.141171
0.133058
0.130277
0.136374
0.115551
0.134273
0.0982076
0.132825
0.137061
0.131399
0.142526
0.134066
0.0826207
0.150733
0.140072
0.133113
0.139106
0.10379
0.142725
0.153217
0.0499772
0.150621
0.134383
0.128352
0.137469
0.140986
0.0903496
0.124788
0.116848
0.146572
0.145513
0.0982655
0.144341
0.124146
0.143061
0.131305
0.110353
0.153546
0.134857
0.137672
0.138561
0.141101
0.134841
0.122766
0.149268
0.126295
0.0678367
0.153108
0.140546
0.112568
0.133282
0.122263
0.150635
0.132977
0.135292
0.151224
0.145719
0.111651
0.123328
0.129984
0.130064
0.127083
0.125494
0.118024
0.144939
0.133238
0.153319
0.142982
0.117303
0.142876
0.138749
0.126996
0.149397
0.130555
0.132021
0.12075
0.132907
0.125862
0.136219
0.134758
0.112234
0.152325
0.151367
0.128458
0.147736
0.116635
0.131706
0.132953
0.139194
0.153452
0.122784
0.13818
0.132903
0.13063
0.0542818
0.135264
0.140468
0.163044
0.131032
0.138313
0.100835
0.111696
0.0886086
0.141064
0.133646
0.134801
0.111851
0.130382
0.129669
0.0993373
0.134996
0.146609
0.130247
0.133273
0.130033
0.120374
0.151499
0.116781
0.126097
0.132548
0.147317
0.144657
0.0891689
0.12185
0.11611
0.125298
0.0383358
0.128207
0.150101
0.09566
0.140007
0.131711
0.147072
0.152675
0.133473
0.117002
0.153586
0.130774
0.15041
0.146245
0.133528
0.0936774
0.111123
0.161264
0.129177
0.143719
0.132383
0.131834
0.136501
0.137563
0.129957
0.110502
0.0388932
0.151432
0.144056
0.135088
0.0552911
0.13966
0.137243
0.136383
0.141899
0.137707
0.0923568
0.124278
0.132193
0.110752
0.130308
0.145243
0.13088
0.127421
0.140686
0.147833
0.130889
0.132023
0.153829
0.153079
0.144003
0.152999
0.134832
0.146519
0.131954
0.142971
0.0364225
0.131449
0.131848
0.0848045
0.13091
0.0891436
0.066966
0.018472
0.0865255
0.11384
0.134601
0.129766
0.140101
0.127999
0.128512
0.136588
0.11067
0.110223
0.0913099
0.145869
0.142223
0.129024
0.120432
0.13095
0.107867
0.137605
0.0702565
0.0924953
0.130981
0.138163
0.137944
0.129164
0.131696
0.111178
0.131996
0.139835
0.0710488
0.128977
0.132583
0.146527
0.086842
0.0420378
0.128833
0.125109
0.0524926
0.143132
0.109665
0.142768
0.129936
0.117536
0.131089
0.119925
0.114472
0.0870104
0.136395
0.105123
0.141234
0.106746
0.139146
0.127308
0.0189159
0.107745
0.131487
0.129126
0.141958
0.0918506
0.13296
0.139286
0.148707
0.111567
0.126714
0.137137
0.106931
0.0932153
0.131519
0.14633
0.131522
0.132355
0.135659
0.156138
0.143979
0.153484
0.142967
0.124662
0.152178
0.119089
0.088001
0.0948797
0.125241
0.140024
0.140158
0.143701
0.118633
0.113495
0.138577
0.150322
0.147093
0.105407
0.15366
0.138888
0.137978
0.0291638
0.106948
0.145907
0.143085
0.146521
0.149593
0.125531
0.0936409
0.139362
0.143692
0.094832
0.132969
0.138963
0.126151
0.128666
0.0977787
0.114419
0.0710052
0.132228
0.132928
0.141597
0.0419787
0.124534
0.130464
0.0971235
0.151007
0.151321
0.141143
0.141842
0.102666
0.146548
0.151799
0.141092
0.126415
0.144602
0.114976
0.130329
0.129804
0.144945
0.137297
0.137808
0.0696472
0.151488
0.123694
0.134569
0.147554
0.134445
0.144117
0.147029
0.141351
0.101883
0.142783
0.0751225
0.145838
0.134435
0.153647
0.151834
0.103668
0.115799
0.153295
0.131621
0.126431
0.125825
0.13927
0.141425
0.113138
0.144866
0.113843
0.0655559
0.13398
0.135582
0.13525
0.139814
0.117693
0.129457
0.129454
0.145968
0.135796
0.108049
0.131952
0.139238
0.0961676
0.0911463
0.141783
0.0926354
0.151148
0.139161
0.152806
0.138163
0.10485
0.142776
0.0913706
0.144636
0.127629
0.0407209
0.102139
0.14954
0.0625559
0.0882213
0.135395
0.139594
0.10531
0.0870376
0.131223
0.150131
0.147525
0.142727
0.0505263
0.133254
0.0201656
0.150921
0.0973738
0.115825
0.113341
0.142953
0.132262
0.132681
0.0768229
0.085718
0.150224
0.147867
0.142963
0.151733
0.0439068
0.137527
0.150052
0.146004
0.167475
0.126296
0.128885
0.13358
0.12343
0.0575992
0.140177
0.155988
0.138059
0.143584
0.148683
0.143976
0.0873415
0.130937
0.133924
0.131428
0.173472
0.1427
0.134975
0.151224
0.14903
0.135479
0.132698
0.111624
0.167729
0.151654
0.148458
0.12329
0.148147
0.136007
0.139337
0.135771
0.13726
0.133701
0.117962
0.145831
0.0695859
0.111329
0.138567
0.172655
0.103813
0.13671
0.119976
0.129427
0.130822
0.143918
0.0721182
0.146171
0.12227
0.15132
0.0767533
0.129489
0.150584
0.140945
0.13576
0.135047
0.138583
0.14458
0.133598
0.138207
0.148566
0.139801
0.150618
0.118256
0.0993961
0.136101
0.143902
0.109013
0.03934
0.149729
0.0939546
0.153391
0.139458
0.140788
0.137911
0.104067
0.12376
0.141624
0.142682
0.13368
0.142895
0.12148
0.132526
0.141871
0.150665
0.112632
0.134325
0.124639
0.0691841
0.119645
0.146611
0.141109
0.131329
0.146165
0.0972099
0.130066
0.137118
0.147005
0.151182
0.0526266
0.135011
0.112704
0.149187
0.142026
0.140582
0.136895
0.0906547
0.133275
0.140153
0.139712
0.13085
0.139465
0.143259
0.148682
0.142369
0.132199
0.140943
0.138891
0.150693
0.142317
0.149623
0.121963
0.11298
0.111782
0.139949
0.135272
0.129257
0.140355
0.1464
0.168978
0.14681
0.149293
0.142636
0.131857
0.0422992
0.0979726
0.140288
0.142941
0.0932796
0.147875
0.151059
0.141624
0.133812
0.143367
0.150704
0.14674
0.14015
0.125845
0.11367
0.162162
0.141861
0.147818
0.149198
0.139365
0.134195
0.142431
0.147849
0.149956
0.132067
0.151291
0.15369
0.14974
0.125108
0.142282
0.143849
0.126132
0.145696
0.138494
0.0653805
0.137005
0.115276
0.151206
0.149574
0.136791
0.15069
0.142446
0.131847
0.139888
0.117713
0.141398
0.114404
0.129234
0.142613
0.133668
0.0850979
0.117596
0.144689
0.150532
0.127796
0.108626
0.123276
0.142536
0.135924
0.15437
0.143552
0.149089
0.0478938
0.169256
0.129155
0.14475
0.148572
0.153615
0.145436
0.149441
0.124029
0.159355
0.209351
0.0283651
0.143257
0.146126
0.155487
0.139491
0.145252
0.155206
0.150438
0.0802135
0.108171
0.133075
0.132776
0.150963
0.153873
0.144715
0.144286
0.133538
0.151143
0.110708
0.132125
0.15263
0.146174
0.140664
0.144232
0.142245
0.144768
0.147749
0.124595
0.142543
0.150161
0.0502546
0.147375
0.135284
0.138748
0.136633
0.0890537
0.140045
0.128419
0.100903
0.120028
0.130134
0.108516
0.151515
0.152127
0.136252
0.133332
0.156388
0.120541
0.151602
0.144526
0.143301
0.15114
0.140856
0.152686
0.148692
0.123935
0.139095
0.17199
0.151996
0.146263
0.0384776
0.142
0.125946
0.162744
0.114526
0.139136
0.147544
0.12591
0.145415
0.133279
0.140084
0.149587
0.125473
0.110462
0.15416
0.138434
0.140599
0.0525489
0.133495
0.11933
0.133863
0.0432941
0.112144
0.143064
0.137852
0.145746
0.130137
0.149646
0.152952
0.130367
0.154459
0.124655
0.134824
0.143334
0.135621
0.10441
0.148126
0.142409
0.137083
0.150898
0.124411
0.148832
0.136183
0.125038
0.141797
0.118588
0.144305
0.128004
0.147972
0.132945
0.148971
0.140603
0.136757
0.145947
0.142913
0.141482
0.10086
0.147879
0.0987429
0.149955
0.153152
0.130327
0.132531
0.145007
0.144262
0.141238
0.130501
0.142536
0.138252
0.115978
0.134972
0.123996
0.150381
0.149345
0.138057
0.118686
0.133744
0.142422
0.129128
0.136596
0.153521
0.0511375
0.136545
0.151567
0.172832
0.148954
0.130908
0.145381
0.134841
0.147978
0.148429
0.140662
0.150797
0.13528
0.135106
0.149696
0.100981
0.13875
0.147804
0.143307
0.15127
0.117408
0.124192
0.147733
0.115698
0.157655
0.140799
0.112823
0.174281
0.136173
0.137067
0.152228
0.13702
0.147643
0.120563
0.15811
0.136476
0.14752
0.150042
0.105576
0.154053
0.143992
0.138215
0.135588
0.144134
0.141058
0.141322
0.154409
0.144308
0.13545
0.130373
0.133818
0.148585
0.149415
0.148174
0.149505
0.151327
0.129277
0.106356
0.148475
0.133303
0.143052
0.146928
0.147694
0.142308
0.145988
0.131452
0.14487
0.137828
0.143196
0.139072
0.132869
0.146989
0.139873
0.151681
0.142709
0.150591
0.146519
0.0978986
0.119061
0.121476
0.114059
0.12755
0.132493
0.133532
0.148025
0.141422
0.129585
0.16189
0.153263
0.150517
0.133451
0.168022
0.148679
0.148798
0.139667
0.143084
0.147168
0.150996
0.112907
0.153309
0.158539
0.149789
0.148899
0.145586
0.147692
0.126048
0.133003
0.151502
0.132741
0.105183
0.15092
0.138818
0.144593
0.149553
0.146226
0.13242
0.119355
0.147847
0.149641
0.132359
0.150735
0.147628
0.147042
0.144318
0.139781
0.136162
0.147761
0.150214
0.149852
0.134426
0.149711
0.155762
0.151406
0.146356
0.149843
0.142798
0.145811
0.143698
0.141595
0.135219
0.149842
0.150269
0.151948
0.134202
0.149818
0.148339
0.109162
0.151265
0.151005
0.143243
0.151823
0.147894
0.148812
0.149874
0.150597
0.15235
0.150984
0.151275
0.136238
0.15436
0.143938
0.0320219
0.148762
0.131606
0.139908
0.119835
0.121517
0.154126
0.149214
0.150509
0.140557
0.0952948
0.135428
0.16455
0.14301
0.14256
0.145498
0.132323
0.153522
0.139918
0.14463
0.143556
0.146946
0.14909
0.115392
0.049449
0.150656
0.141569
0.127155
0.148811
0.146867
0.15313
0.112236
0.149021
0.129757
0.138991
0.140523
0.147328
0.157923
0.143973
0.128685
0.150416
0.151357
0.148948
0.153132
0.149967
0.147389
0.0827464
0.152152
0.148367
0.149577
0.128989
0.14972
0.142928
0.132013
0.119041
0.0976711
0.152585
0.150936
0.138066
0.109107
0.14429
0.147837
0.149143
0.140178
0.153549
0.151315
0.0676486
0.142087
0.152762
0.137267
0.151017
0.110474
0.129014
0.146346
0.147219
0.129597
0.1566
0.128609
0.139921
0.146939
0.1054
0.155439
0.146498
0.151847
0.0566043
0.146925
0.109336
0.123877
0.138789
0.139457
0.136542
0.15134
0.0253654
0.149231
0.132364
0.155353
0.151472
0.110969
0.124798
0.129178
0.15315
0.157312
0.132383
0.148773
0.14649
0.152853
0.14163
0.143696
0.138676
0.120209
0.149811
0.149342
0.148786
0.150662
0.150914
0.139105
0.150267
0.14004
0.142871
0.142602
0.150192
0.122841
0.150962
0.149961
0.150187
0.150913
0.120283
0.150011
0.141189
0.131516
0.150166
0.141498
0.134631
0.193147
0.149246
0.153422
0.0754616
0.141672
0.154273
0.135775
0.152398
0.151738
0.130527
0.145308
0.154175
0.149109
0.13069
0.13402
0.148042
0.150441
0.141743
0.15133
0.155869
0.0985305
0.133421
0.151902
0.151818
0.150246
0.150427
0.131394
0.120774
0.150452
0.151158
0.14769
0.0713376
0.148697
0.15088
0.141808
0.143502
0.140986
0.147135
0.151974
0.183127
0.150609
0.147546
0.14294
0.111027
0.153135
0.149391
0.159323
0.061528
0.111963
0.130242
0.14466
0.169451
0.118426
0.149996
0.153357
0.146659
0.152682
0.149242
0.149853
0.150744
0.143346
0.150065
0.149057
0.155381
0.100229
0.108787
0.152203
0.118004
0.126577
0.14538
0.149572
0.151205
0.110413
0.153458
0.151219
0.132538
0.151865
0.131085
0.153887
0.153855
0.161021
0.14338
0.142333
0.152369
0.113027
0.136863
0.141621
0.130216
0.15263
0.15261
0.148685
0.149009
0.132442
0.146723
0.142747
0.151969
0.145093
0.165119
0.0912461
0.0991759
0.152349
0.0655346
0.144728
0.137708
0.151824
0.152883
0.149887
0.148385
0.15326
0.1534
0.131147
0.126411
0.134286
0.13063
0.106516
0.153006
0.148416
0.151605
0.153543
0.144186
0.14915
0.139556
0.153035
0.140675
0.149259
0.145706
0.138343
0.133167
0.150238
0.142837
0.150129
0.152985
0.153286
0.156719
0.153265
0.139045
0.152497
0.147153
0.140161
0.137691
0.146167
0.096284
0.153763
0.110504
0.124949
0.150563
0.0427214
0.135038
0.153598
0.14843
0.153979
0.125942
0.151595
0.150201
0.133837
0.138613
0.153323
0.16488
0.151871
0.126949
0.152752
0.133953
0.12978
0.137065
0.121899
0.15025
0.129388
0.133993
0.0766922
0.151123
0.143852
0.0507148
0.148113
0.1537
0.145275
0.145349
0.154697
0.15201
0.142069
0.112758
0.13997
0.133108
0.152401
0.0732044
0.151904
0.13596
0.15101
0.145193
0.148367
0.146028
0.156341
0.069112
0.145975
0.153686
0.16407
0.145943
0.15185
0.140952
0.141485
0.152084
0.155746
0.149737
0.122506
0.140878
0.144005
0.149834
0.133803
0.145386
0.149045
0.149972
0.124157
0.0381653
0.146708
0.148497
0.137199
0.134344
0.139111
0.144509
0.118575
0.153713
0.139805
0.154235
0.151337
0.152682
0.150949
0.150047
0.151888
0.150209
0.143586
0.145843
0.166993
0.149811
0.135894
0.148524
0.153357
0.151161
0.147375
0.153469
0.151363
0.150671
0.153762
0.152897
0.150037
0.149382
0.150964
0.152012
0.158714
0.132148
0.152749
0.151003
0.14949
0.151081
0.143511
0.134065
0.14873
0.160974
0.14981
0.133458
0.166177
0.140281
0.149707
0.152228
0.148481
0.149527
0.138074
0.151949
0.152213
0.14659
0.145543
0.150814
0.153498
0.135189
0.1422
0.13533
0.153525
0.153624
0.133987
0.147415
0.144528
0.154111
0.150768
0.152823
0.135804
0.137494
0.144449
0.146796
0.132766
0.152032
0.146687
0.149864
0.143508
0.138101
0.169307
0.150575
0.137666
0.152621
0.150192
0.150151
0.145407
0.139692
0.143907
0.144297
0.140085
0.146295
0.139662
0.14408
0.14818
0.141273
0.146891
0.151481
0.156202
0.147633
0.138652
0.146841
0.144237
0.153359
0.14499
0.153201
0.143061
0.120313
0.138724
0.145701
0.128734
0.0530343
0.131916
0.147986
0.148413
0.15298
0.159759
0.16594
0.138847
0.166943
0.146653
0.139911
0.152365
0.111218
0.134156
0.148898
0.140116
0.1807
0.145502
0.136754
0.150675
0.153644
0.145427
0.153589
0.142132
0.137909
0.143981
0.148389
0.152967
0.128592
0.138748
0.146783
0.175866
0.150039
0.146718
0.151679
0.144811
0.144618
0.143288
0.150331
0.148122
0.149674
0.146298
0.150572
0.0707863
0.135
0.151329
0.152594
0.152377
0.153353
0.160459
0.133489
0.142391
0.15513
0.138476
0.149864
0.146392
0.17647
0.146992
0.0933613
0.101063
0.162564
0.153352
0.148491
0.151454
0.136276
0.142623
0.153462
0.104982
0.154558
0.154769
0.15926
0.197594
0.179222
0.144676
0.140871
0.144292
0.150793
0.144448
0.140559
0.0894932
0.153978
0.14822
0.153258
0.145213
0.030565
0.147879
0.138668
0.158501
0.140332
0.154343
0.152922
0.151614
0.148607
0.149446
0.146341
0.153719
0.153534
0.15341
0.146197
0.143959
0.153782
0.154126
0.152695
0.153629
0.15433
0.153439
0.153962
0.154315
0.153492
0.174401
0.170754
0.153621
0.150361
0.15484
0.146125
0.154429
0.154342
0.154452
0.1573
0.139249
0.154009
0.154341
0.154016
0.153752
0.149994
0.145035
0.149388
0.174356
0.151622
0.133556
0.159409
0.146844
0.15463
0.136319
0.154399
0.144638
0.150191
0.170077
0.149307
0.157105
0.158142
0.143609
0.149174
0.154337
0.151124
0.143668
0.154467
0.15316
0.147601
0.137302
0.158403
0.168918
0.153949
0.167386
0.147547
0.146961
0.147781
0.144703
0.139486
0.162703
0.147803
0.142435
0.145286
0.162163
0.147325
0.149647
0.143799
0.148306
0.153203
0.150111
0.147844
0.148432
0.152976
0.142036
0.148582
0.136279
0.14321
0.149515
0.152457
0.180554
0.148768
0.148256
0.137277
0.144586
0.147138
0.129749
0.0820791
0.15311
0.152366
0.143294
0.136166
0.133348
0.152723
0.133821
0.147944
0.152197
0.154787
0.156451
0.141537
0.140068
0.153281
0.148785
0.15378
0.172845
0.143551
0.164322
0.150271
0.153631
0.104127
0.150977
0.153769
0.166428
0.143291
0.146817
0.15172
0.155042
0.0538121
0.144986
0.152341
0.147025
0.0928476
0.153214
0.0877159
0.136969
0.102343
0.0392505
0.151994
0.157303
0.14729
0.151077
0.133601
0.151164
0.152998
0.142561
0.148695
0.135841
0.139973
0.136443
0.152872
0.150766
0.155249
0.152009
0.151965
0.156769
0.151248
0.140706
0.139537
0.143649
0.139458
0.148057
0.172016
0.110793
0.153249
0.144388
0.135742
0.129515
0.151292
0.153558
0.139162
0.0285476
0.152928
0.148347
0.152262
0.13765
0.119824
0.182181
0.153837
0.146877
0.13744
0.14666
0.153602
0.152903
0.15209
0.0404981
0.151844
0.153015
0.158634
0.138865
0.148207
0.136145
0.14625
0.157121
0.129618
0.1484
0.144865
0.15149
0.147031
0.150603
0.111261
0.125675
0.162039
0.151723
0.146981
0.139811
0.136718
0.145426
0.121122
0.121233
0.141718
0.153733
0.133545
0.153509
0.150811
0.128193
0.149816
0.150085
0.156194
0.149125
0.117382
0.0673018
0.137608
0.155966
0.152405
0.151011
0.140733
0.141302
0.15142
0.143102
0.15256
0.129849
0.044693
0.154681
0.151439
0.145498
0.13623
0.150517
0.150277
0.15373
0.109788
0.149637
0.129469
0.132626
0.146175
0.144595
0.150347
0.153767
0.133796
0.133748
0.15297
0.0285695
0.143651
0.134399
0.159015
0.149334
0.132535
0.146336
0.15373
0.149439
0.135824
0.153687
0.134356
0.146963
0.154312
0.153307
0.131899
0.151592
0.0944804
0.15364
0.127317
0.153482
0.149014
0.123453
0.153428
0.165425
0.15311
0.135559
0.125727
0.147948
0.177377
0.140076
0.134913
0.153214
0.135036
0.124476
0.134755
0.126272
0.145971
0.14186
0.16779
0.149506
0.145113
0.138936
0.129792
0.152328
0.149799
0.1259
0.154762
0.106178
0.144054
0.15371
0.143312
0.136967
0.133102
0.148135
0.147132
0.153814
0.149355
0.13828
0.153382
0.149893
0.141743
0.150193
0.133758
0.153435
0.130704
0.144398
0.148802
0.148123
0.121136
0.157316
0.144951
0.131495
0.125804
0.132013
0.153542
0.153584
0.146744
0.153126
0.135548
0.153282
0.0281893
0.147932
0.144922
0.145063
0.101897
0.14649
0.146062
0.135279
0.0699592
0.108222
0.150757
0.151492
0.125279
0.127941
0.15062
0.15415
0.156969
0.138321
0.153817
0.150266
0.152857
0.152548
0.151883
0.15389
0.150903
0.153148
0.138785
0.135832
0.153141
0.145864
0.177111
0.145761
0.153201
0.111056
0.106246
0.148691
0.132444
0.154714
0.146234
0.14706
0.147967
0.131604
0.116758
0.151891
0.152682
0.0968457
0.14741
0.155078
0.146162
0.137758
0.15261
0.147003
0.129183
0.152818
0.152902
0.153162
0.126401
0.149826
0.126723
0.126066
0.146729
0.151741
0.146568
0.156664
0.147981
0.130468
0.127641
0.146896
0.148726
0.153357
0.150384
0.146709
0.153498
0.132048
0.116152
0.151724
0.152766
0.0735475
0.118311
0.145872
0.153018
0.164739
0.126774
0.141748
0.143512
0.153574
0.133431
0.150183
0.150708
0.153756
0.13873
0.0501203
0.136013
0.144226
0.141738
0.139796
0.144919
0.142958
0.151853
0.153282
0.1412
0.151606
0.142893
0.15177
0.149918
0.150079
0.133224
0.0737656
0.147524
0.151966
0.152418
0.148454
0.149764
0.160854
0.15082
0.111703
0.155901
0.130087
0.133937
0.150002
0.148678
0.159069
0.130904
0.176628
0.15369
0.135872
0.15305
0.143967
0.034954
0.149962
0.142833
0.0822971
0.151772
0.157007
0.145717
0.150779
0.144526
0.149276
0.138604
0.156988
0.107191
0.149989
0.149162
0.151166
0.149274
0.135772
0.151949
0.158499
0.154499
0.151566
0.139212
0.146085
0.105542
0.146814
0.152587
0.153349
0.140832
0.143478
0.12817
0.102138
0.13011
0.151544
0.149283
0.150212
0.135765
0.152235
0.153131
0.131391
0.116468
0.153238
0.152228
0.127325
0.149792
0.154136
0.150965
0.152371
0.141587
0.144441
0.138709
0.0649669
0.104193
0.153095
0.170845
0.153255
0.151363
0.141718
0.159493
0.146611
0.150834
0.150628
0.148401
0.148373
0.151738
0.144109
0.151143
0.153326
0.146389
0.152746
0.146393
0.15121
0.152746
0.130174
0.150171
0.127549
0.158832
0.157503
0.151062
0.0455171
0.137607
0.150025
0.0983089
0.152097
0.139667
0.105639
0.151892
0.147178
0.139673
0.152886
0.149022
0.161564
0.151594
0.150551
0.144025
0.15705
0.151801
0.0714381
0.149179
0.132711
0.129404
0.151432
0.147822
0.138701
0.158045
0.151166
0.0711305
0.155201
0.153276
0.147074
0.150755
0.15092
0.154536
0.133268
0.146401
0.147284
0.151406
0.146718
0.150409
0.126642
0.148751
0.153954
0.112223
0.149899
0.150739
0.152613
0.1506
0.152751
0.0915326
0.150869
0.150624
0.150963
0.149024
0.0727302
0.155667
0.127463
0.152497
0.149205
0.129209
0.152846
0.15059
0.15345
0.114159
0.153358
0.146173
0.13808
0.151442
0.15296
0.150274
0.153165
0.136424
0.116347
0.153239
0.149949
0.108636
0.140393
0.152502
0.151975
0.125937
0.153238
0.142692
0.150326
0.145118
0.15057
0.150716
0.147863
0.144378
0.150099
0.121681
0.0448878
0.133565
0.151652
0.167347
0.132722
0.135099
0.148476
0.143834
0.152605
0.0962654
0.151055
0.149965
0.127677
0.112953
0.148824
0.153099
0.139539
0.141542
0.152138
0.151793
0.158782
0.150459
0.131881
0.130924
0.104034
0.15038
0.147612
0.111428
0.107194
0.131256
0.152042
0.0684318
0.145537
0.152178
0.146259
0.0966619
0.116509
0.133097
0.15229
0.150301
0.141372
0.149919
0.150528
0.135858
0.0679871
0.13964
0.146697
0.125014
0.152199
0.144989
0.128161
0.148335
0.147861
0.13389
0.160546
0.151878
0.147781
0.138033
0.136521
0.144895
0.146587
0.152039
0.135846
0.153351
0.143302
0.128362
0.15138
0.0965818
0.14795
0.125547
0.151933
0.151961
0.154244
0.138154
0.151245
0.133998
0.149751
0.150173
0.147875
0.154899
0.152986
0.144634
0.131389
0.107869
0.144539
0.14645
0.147996
0.137068
0.152746
0.15308
0.136597
0.132127
0.141981
0.124329
0.133123
0.147971
0.130199
0.129279
0.151556
0.133272
0.0941329
0.150331
0.101325
0.15135
0.150992
0.144108
0.15252
0.14997
0.150151
0.14793
0.172177
0.149811
0.15076
0.132296
0.145863
0.150501
0.149301
0.152353
0.150389
0.146026
0.150985
0.148956
0.149946
0.101966
0.15999
0.165083
0.0344039
0.131439
0.150431
0.141308
0.133926
0.151074
0.0969932
0.139718
0.153145
0.143586
0.137179
0.116034
0.149588
0.149261
0.148617
0.146616
0.147077
0.124404
0.147237
0.127317
0.125645
0.151536
0.138746
0.149318
0.152955
0.149098
0.105727
0.141427
0.14807
0.122611
0.148911
0.148477
0.146705
0.148949
0.149343
0.146596
0.148267
0.153081
0.139266
0.146066
0.146754
0.107078
0.087334
0.152718
0.147323
0.121455
0.128319
0.15293
0.179995
0.138361
0.147313
0.14994
0.148019
0.0934332
0.105243
0.149204
0.144805
0.128667
0.0190911
0.141836
0.150753
0.149496
0.146513
0.136371
0.162055
0.150118
0.124526
0.152553
0.0950723
0.148144
0.134984
0.141063
0.147432
0.149149
0.142932
0.137391
0.145377
0.148722
0.149142
0.148265
0.149497
0.149841
0.149117
0.0209851
0.124197
0.124354
0.124589
0.146798
0.144143
0.14813
0.133108
0.124041
0.147468
0.143329
0.1476
0.149135
0.143846
0.14726
0.127067
0.146373
0.124357
0.147838
0.132314
0.152206
0.136116
0.115341
0.118911
0.140109
0.114387
0.138085
0.143061
0.136484
0.145322
0.134073
0.13382
0.147781
0.148595
0.142958
0.136953
0.124077
0.14261
0.150774
0.0700962
0.150832
0.110659
0.152345
0.1117
0.149955
0.149922
0.156118
0.147121
0.150355
0.0976192
0.149671
0.14303
0.154405
0.143582
0.140127
0.148344
0.148684
0.135017
0.150241
0.145454
0.127289
0.129081
0.149023
0.146761
0.138707
0.125513
0.135853
0.150232
0.14157
0.148062
0.15001
0.144685
0.106154
0.0861511
0.147048
0.148215
0.150133
0.145755
0.137329
0.0730997
0.104318
0.137757
0.136893
0.144869
0.147516
0.146867
0.144821
0.149598
0.146874
0.148672
0.106007
0.152064
0.144071
0.146409
0.151382
0.165159
0.149666
0.147366
0.144682
0.117667
0.137935
0.147373
0.152386
0.121769
0.138755
0.143528
0.135516
0.138016
0.120017
0.146022
0.14602
0.142211
0.148218
0.146352
0.152184
0.149984
0.143139
0.14482
0.14095
0.150244
0.151972
0.136411
0.119894
0.147927
0.145773
0.134159
0.142335
0.1494
0.143887
0.156733
0.137686
0.0866002
0.118176
0.138212
0.143553
0.130378
0.144011
0.151953
0.139241
0.0721671
0.133458
0.145197
0.152388
0.147015
0.137147
0.149488
0.143425
0.116613
0.172255
0.14454
0.149067
0.145268
0.149587
0.13724
0.150238
0.152727
0.1535
0.149385
0.150844
0.115704
0.133125
0.111008
0.137771
0.145557
0.151827
0.145248
0.133815
0.147874
0.148009
0.0711026
0.133571
0.146448
0.146851
0.0769731
0.142401
0.145804
0.150005
0.107922
0.137346
0.152618
0.126879
0.0660758
0.122972
0.1555
0.147583
0.0810356
0.144731
0.149925
0.123028
0.116632
0.138561
0.136576
0.152711
0.139707
0.15014
0.140239
0.143774
0.150412
0.150717
0.143537
0.136284
0.149574
0.132378
0.146428
0.144283
0.144865
0.132958
0.135881
0.143291
0.144044
0.133575
0.152303
0.151754
0.136672
0.150521
0.0294875
0.150886
0.15154
0.148919
0.150041
0.141557
0.148249
0.105132
0.142887
0.13976
0.132186
0.150111
0.149107
0.147015
0.148891
0.151588
0.151796
0.158178
0.144121
0.150382
0.143763
0.138208
0.150289
0.140109
0.151563
0.148473
0.163431
0.111243
0.148646
0.15815
0.150001
0.110187
0.136211
0.13151
0.146656
0.139166
0.143124
0.13701
0.136234
0.14224
0.138508
0.141429
0.147517
0.151705
0.140551
0.134257
0.114631
0.152298
0.148926
0.127709
0.130065
0.135124
0.152555
0.125175
0.138541
0.140856
0.145786
0.146113
0.150704
0.152073
0.142624
0.150282
0.152033
0.152406
0.113756
0.140298
0.150231
0.0574498
0.142738
0.145289
0.142334
0.100569
0.136234
0.152243
0.108027
0.139833
0.149487
0.137483
0.144933
0.0190721
0.151049
0.0952749
0.149936
0.130148
0.150525
0.143589
0.133926
0.0276504
0.152295
0.144944
0.15076
0.152305
0.144349
0.149709
0.133243
0.128491
0.088048
0.14878
0.144405
0.138486
0.141753
0.14033
0.141115
0.172712
0.148104
0.148469
0.136556
0.130466
0.151118
0.143846
0.147888
0.131195
0.100377
0.134005
0.152028
0.0741869
0.150221
0.152026
0.138326
0.137411
0.0914766
0.149052
0.146668
0.150376
0.15008
0.140594
0.14652
0.150393
0.108335
0.147251
0.137244
0.150646
0.109833
0.12808
0.150798
0.119199
0.139545
0.147525
0.140153
0.149426
0.150729
0.144619
0.142714
0.123067
0.138276
0.151663
0.105486
0.133545
0.137396
0.147278
0.143609
0.139895
0.109236
0.0350559
0.123317
0.136809
0.137227
0.149897
0.142
0.0910162
0.131434
0.134858
0.133783
0.152087
0.137459
0.146095
0.0952084
0.145938
0.123859
0.143539
0.13941
0.149209
0.148126
0.110108
0.133828
0.148652
0.0378821
0.131524
0.148096
0.0730217
0.129976
0.13664
0.131994
0.152565
0.148258
0.148267
0.142854
0.145308
0.1524
0.126711
0.126526
0.149912
0.124979
0.145492
0.140115
0.131479
0.123805
0.137157
0.141436
0.14159
0.130657
0.144109
0.134848
0.149374
0.152209
0.128514
0.139024
0.157393
0.126748
0.0855682
0.135239
0.147358
0.148286
0.136924
0.138484
0.143568
0.147833
0.155052
0.133613
0.143006
0.149276
0.134829
0.148265
0.136404
0.141063
0.176302
0.131395
0.125601
0.0930047
0.139324
0.106875
0.139479
0.164561
0.133608
0.147006
0.127239
0.142166
0.123288
0.13567
0.136851
0.141115
0.1404
0.127758
0.138737
0.116116
0.139429
0.0882849
0.14109
0.133792
0.136611
0.1502
0.139812
0.0739768
0.152091
0.128555
0.112142
0.133143
0.141633
0.136662
0.136521
0.133879
0.143338
0.140322
0.153046
0.147665
0.147851
0.133974
0.149837
0.13887
0.121398
0.143641
0.140299
0.125897
0.147189
0.0901604
0.149771
0.132144
0.124643
0.13803
0.165894
0.15193
0.107366
0.144973
0.183524
0.133263
0.112177
0.144425
0.114024
0.119731
0.135874
0.150532
0.12618
0.146202
0.151548
0.146446
0.133907
0.127731
0.14674
0.0949763
0.13447
0.141936
0.160212
0.150879
0.143852
0.100181
0.147041
0.143833
0.129482
0.138563
0.131175
0.0951955
0.0300627
0.117967
0.0983882
0.155625
0.106068
0.152282
0.0684627
0.142014
0.0926886
0.139363
0.0184597
0.136302
0.0763929
0.0938084
0.128056
0.145125
0.137251
0.131758
0.142608
0.132489
0.141961
0.106854
0.106248
0.110461
0.14174
0.111306
0.0909962
0.148734
0.142072
0.14288
0.134479
0.123723
0.15123
0.137691
0.139397
0.105458
0.0459859
0.133301
0.131291
0.135754
0.140107
0.0929696
0.143065
0.145577
0.142307
0.139502
0.140472
0.124991
0.134439
0.0356969
0.143513
0.14735
0.134034
0.125289
0.119916
0.158709
0.144309
0.122003
0.131541
0.0527335
0.13866
0.146464
0.127106
0.123318
0.139224
0.145306
0.139957
0.140088
0.133438
0.142535
0.14721
0.135017
0.149654
0.140576
0.13985
0.150362
0.132403
0.132577
0.127578
0.135446
0.0958743
0.143812
0.137035
0.144307
0.134546
0.138043
0.0911927
0.14774
0.133424
0.151268
0.116017
0.153046
0.136509
0.13731
0.148361
0.149091
0.148819
0.134087
0.151582
0.126769
0.137376
0.149731
0.139038
0.140822
0.133663
0.135585
0.151375
0.142441
0.131268
0.141333
0.129387
0.130523
0.083053
0.141211
0.135533
0.123539
0.139334
0.125381
0.142962
0.115437
0.122713
0.129741
0.133496
0.131607
0.140949
0.150391
0.134435
0.127107
0.0603273
0.0951549
0.134886
0.143407
0.132538
0.111056
0.141773
0.140123
0.132742
0.138469
0.133846
0.142626
0.144813
0.12808
0.12757
0.0883467
0.129286
0.0285609
0.109423
0.142891
0.141563
0.0660673
0.144804
0.149957
0.0905644
0.140375
0.114563
0.142463
0.147107
0.138397
0.142595
0.120474
0.152144
0.162807
0.128018
0.143908
0.149952
0.0807114
0.124815
0.139421
0.130613
0.133558
0.114895
0.143525
0.125606
0.0748561
0.14193
0.0911826
0.181884
0.128363
0.148925
0.143063
0.140292
0.175498
0.148717
0.141994
0.140907
0.103696
0.153144
0.146561
0.166991
0.145873
0.144017
0.115886
0.139719
0.150005
0.146058
0.152339
0.124865
0.14222
0.14327
0.135447
0.0983188
0.110804
0.149698
0.0970138
0.128006
0.11982
0.153117
0.166526
0.131011
0.124159
0.143361
0.145064
0.146766
0.130057
0.134148
0.141489
0.127304
0.145545
0.115865
0.147597
0.153191
0.0951192
0.147247
0.123994
0.135236
0.140888
0.152336
0.121974
0.154609
0.144787
0.0784171
0.143963
0.0650949
0.141553
0.0808229
0.144841
0.133411
0.104501
0.127145
0.155057
0.138698
0.144219
0.136312
0.0700575
0.112026
0.114885
0.137784
0.144591
0.139236
0.116146
0.0280035
0.116535
0.139098
0.103954
0.0972803
0.111467
0.14257
0.144842
0.132875
0.140322
0.135321
0.133215
0.117005
0.132123
0.13909
0.15239
0.121275
0.116472
0.140855
0.141415
0.153515
0.146917
0.138547
0.146382
0.145324
0.125273
0.127201
0.114989
0.110689
0.144802
0.134419
0.133027
0.136167
0.138481
0.133476
0.113242
0.12367
0.11274
0.0857148
0.137889
0.0884576
0.149903
0.127553
0.116852
0.126643
0.151685
0.138273
0.0989733
0.0286891
0.14929
0.104453
0.0995796
0.147908
0.151521
0.145259
0.127871
0.136685
0.150025
0.134494
0.136882
0.145529
0.147613
0.109703
0.110469
0.134881
0.105204
0.132058
0.150775
0.130911
0.149714
0.136625
0.124629
0.109093
0.139691
0.0965516
0.106125
0.143736
0.136301
0.131002
0.138079
0.137255
0.11476
0.0746102
0.119856
0.152705
0.128304
0.135287
0.141726
0.147956
0.112607
0.134923
0.133988
0.140132
0.0881894
0.141379
0.139836
0.138182
0.148649
0.142556
0.157419
0.114866
0.142297
0.146639
0.128588
0.0580209
0.0996744
0.144474
0.148782
0.135386
0.11418
0.126122
0.0424294
0.154178
0.147123
0.147552
0.100836
0.118976
0.123235
0.087992
0.105828
0.109061
0.138002
0.136328
0.145114
0.138487
0.135543
0.0749978
0.128886
0.125746
0.138034
0.136754
0.104711
0.133973
0.142051
0.116375
0.14518
0.110409
0.135377
0.148083
0.028177
0.136362
0.132041
0.135019
0.141647
0.137776
0.107069
0.117556
0.139984
0.0293243
0.137653
0.148977
0.117276
0.12834
0.142816
0.121276
0.11644
0.0688844
0.111379
0.147137
0.125646
0.109172
0.0939267
0.141364
0.138545
0.0993652
0.0339205
0.151136
0.131377
0.109235
0.126535
0.129526
0.135134
0.147687
0.137921
0.134336
0.137627
0.130912
0.144341
0.143167
0.0279113
0.151428
0.140044
0.145124
0.152162
0.136262
0.140264
0.135351
0.131239
0.131518
0.069601
0.0379109
0.150062
0.115562
0.126271
0.138181
0.0823015
0.114986
0.0996104
0.125642
0.0379005
0.122465
0.121727
0.0941172
0.0672582
0.147766
0.111759
0.0951816
0.099512
0.143556
0.116588
0.128211
0.141114
0.0268552
0.10856
0.115538
0.142339
0.144107
0.144805
0.120995
0.139559
0.141812
0.135223
0.133825
0.0369034
0.124168
0.117793
0.148257
0.146948
0.128292
0.146624
0.141498
0.111839
0.136627
0.144217
0.153002
0.13041
0.101536
0.111903
0.0980562
0.131724
0.144519
0.10049
0.14574
0.127121
0.137407
0.136226
0.149169
0.127372
0.109765
0.125057
0.109971
0.0902875
0.139317
0.137087
0.0530292
0.149253
0.132834
0.128395
0.145634
0.13292
0.103442
0.130472
0.0936224
0.137648
0.126585
0.126269
0.147612
0.116352
0.129841
0.100992
0.105559
0.0911409
0.144573
0.0990134
0.155631
0.142947
0.0821465
0.14711
0.116118
0.146086
0.138719
0.14778
0.170852
0.111124
0.13628
0.13606
0.100512
0.124469
0.134052
0.120336
0.140448
0.132848
0.0705268
0.0637784
0.128991
0.0912502
0.139647
0.121688
0.105711
0.125529
0.150937
0.140862
0.0909431
0.102358
0.119413
0.105014
0.103765
0.0580537
0.134301
0.147294
0.121365
0.142923
0.0967205
0.145238
0.145151
0.0304118
0.146275
0.134851
0.0997285
0.142124
0.108401
0.144337
0.133977
0.143242
0.123363
0.134774
0.126694
0.107566
0.147297
0.145439
0.0988426
0.149321
0.125029
0.134478
0.123216
0.0689414
0.0907051
0.14975
0.150193
0.13615
0.0951537
0.144184
0.0968194
0.0495831
0.130614
0.136917
0.13619
0.127976
0.12465
0.0658803
0.0727501
0.136879
0.137508
0.112778
0.110241
0.136538
0.112489
0.127496
0.139811
0.144478
0.0975065
0.126687
0.150366
0.125629
0.150833
0.148922
0.136868
0.109008
0.097944
0.105548
0.148818
0.133551
0.121806
0.145503
0.139191
0.0941999
0.132376
0.133729
0.087064
0.0360077
0.0941003
0.146505
0.13955
0.0975852
0.143842
0.104233
0.136456
0.0899753
0.139
0.078264
0.135688
0.0861351
0.121836
0.142255
0.0685846
0.126156
0.119546
0.0372375
0.104973
0.134707
0.125843
0.131965
0.136281
0.138464
0.143813
0.126762
0.0655005
0.100074
0.111067
0.15113
0.125513
0.114118
0.155344
0.070674
0.132118
0.136778
0.14798
0.123064
0.182698
0.134186
0.142885
0.123431
0.136113
0.0881204
0.132989
0.137174
0.127797
0.143186
0.107414
0.138067
0.14632
0.148053
0.0660847
0.0961464
0.0998713
0.157078
0.148424
0.116314
0.134698
0.13775
0.143947
0.116869
0.0851929
0.151132
0.101737
0.120979
0.126801
0.153341
0.146927
0.143952
0.0638639
0.133697
0.138542
0.0847971
0.117197
0.127694
0.143051
0.141806
0.131276
0.0734281
0.139014
0.11597
0.0908112
0.150121
0.0903704
0.127213
0.135607
0.108773
0.142168
0.110297
0.146907
0.148207
0.0719152
0.137765
0.14656
0.0718164
0.168219
0.0426809
0.147616
0.130548
0.12588
0.14883
0.152992
0.120583
0.105604
0.135793
0.144887
0.130856
0.119062
0.0835694
0.132104
0.0945202
0.140642
0.0730567
0.11825
0.136438
0.149717
0.0389094
0.0924919
0.144157
0.130439
0.113455
0.0708902
0.143245
0.0851266
0.147593
0.123193
0.148451
0.0978551
0.123198
0.141188
0.134304
0.140647
0.0673504
0.154422
0.13184
0.0866378
0.151125
0.148069
0.160942
0.133754
0.131655
0.107574
0.143993
0.148265
0.149754
0.114358
0.120173
0.127707
0.147269
0.153044
0.146878
0.103247
0.158557
0.106103
0.139969
0.129344
0.113883
0.123174
0.130858
0.142827
0.130013
0.0867578
0.143641
0.139442
0.126307
0.142785
0.135645
0.0948422
0.123789
0.128196
0.148825
0.110665
0.0728935
0.0913079
0.140839
0.0540559
0.0937104
0.131835
0.107695
0.143447
0.134783
0.0716976
0.110141
0.143799
0.125981
0.0939251
0.117463
0.126392
0.0890478
0.153101
0.14679
0.134082
0.118461
0.0945711
0.149786
0.038313
0.0991977
0.111676
0.11722
0.147385
0.0826908
0.104089
0.114984
0.106183
0.140364
0.131769
0.138641
0.139236
0.0889775
0.103616
0.128601
0.114793
0.0976425
0.1238
0.131623
0.103661
0.123622
0.143224
0.0881474
0.130138
0.145887
0.0903757
0.0714206
0.117705
0.140438
0.172625
0.162577
0.094452
0.147245
0.0772968
0.157509
0.0915462
0.133024
0.143479
0.0983934
0.117527
0.142265
0.149933
0.115631
0.121976
0.073693
0.150976
0.111469
0.126701
0.141246
0.116554
0.10549
0.145601
0.119482
0.131196
0.150394
0.156176
0.146308
0.115717
0.135458
0.139561
0.123913
0.135012
0.150802
0.150684
0.147817
0.118475
0.096147
0.137492
0.0946973
0.114238
0.114171
0.13739
0.0867588
0.0970759
0.0701543
0.0989994
0.106414
0.132229
0.11483
0.0696162
0.11052
0.150649
0.102168
0.097891
0.0956482
0.115097
0.114582
0.14156
0.0983646
0.147485
0.0948077
0.150299
0.110399
0.113127
0.145312
0.0930054
0.159601
0.102479
0.0871581
0.068705
0.105347
0.0986164
0.105859
0.138536
0.14273
0.0720603
0.0946966
0.144105
0.0688117
0.144205
0.0938502
0.0282221
0.0975942
0.144371
0.0734278
0.143079
0.102304
0.120546
0.103209
0.0984003
0.144716
0.140448
0.133842
0.113792
0.134329
0.103942
0.126158
0.0969883
0.0885712
0.110917
0.149111
0.112735
0.128444
0.131001
0.13906
0.142618
0.100123
0.0627426
0.102439
0.100023
0.0965738
0.11505
0.097758
0.113959
0.100118
0.145023
0.137512
0.138814
0.116563
0.146802
0.108499
0.11143
0.18009
0.0873321
0.167192
0.0982166
0.126169
0.0700499
0.101268
0.10228
0.111567
0.139776
0.160679
0.124605
0.135344
0.0565021
0.128018
0.106149
0.121436
0.108801
0.127492
0.111371
0.139557
0.106396
0.137943
0.0978672
0.123704
0.111334
0.0866535
0.103846
0.125184
0.115361
0.119634
0.112926
0.0967921
0.122695
0.144294
0.110232
0.0934041
0.108354
0.100146
0.104968
0.131996
0.11608
0.107823
0.0971733
0.0985577
0.100783
0.150675
0.0983786
0.0956249
0.112388
0.136822
0.102947
0.111641
0.136973
0.0948867
0.0996197
0.12532
0.0629078
0.142389
0.134102
0.0689234
0.113564
0.131839
0.0930346
0.147614
0.155261
0.0923106
0.108811
0.0979835
0.0991662
0.119445
0.117814
0.115476
0.129867
0.137052
0.14432
0.146749
0.15339
0.0410203
0.122284
0.115628
0.0486023
0.136541
0.0939449
0.0994147
0.148156
0.094582
0.114615
0.108164
0.100364
0.149263
0.0837307
0.064755
0.103811
0.145135
0.116082
0.11104
0.132693
0.141817
0.0221632
0.163031
0.107414
0.0986998
0.132832
0.103026
0.144475
0.116153
0.0893427
0.0502081
0.0637153
0.150392
0.146569
0.0952353
0.132258
0.0968461
0.153389
0.111612
0.0215383
0.084699
0.145159
0.133024
0.11666
0.11287
0.149062
0.0665846
0.0430992
0.124853
0.0466299
0.146303
0.119967
0.138767
0.0694057
0.111618
0.0689217
0.0722332
0.10248
0.148435
0.150776
0.0914717
0.100067
0.0952468
0.141654
0.102303
0.088515
0.112931
0.0919249
0.147969
0.147472
0.138069
0.0489152
0.150334
0.14193
0.0923309
0.144476
0.108561
0.120375
0.095174
0.114214
0.111631
0.149651
0.14804
0.0923146
0.0955139
0.144928
0.140596
0.0775222
0.131259
0.100312
0.0955199
0.0987458
0.145667
0.149465
0.123108
0.101826
0.018882
0.101119
0.107679
0.0962667
0.138917
0.0880307
0.111919
0.115178
0.145044
0.136015
0.119891
0.147979
0.07394
0.150219
0.141748
0.106573
0.142707
0.0887128
0.143317
0.0722473
0.0965405
0.0887362
0.109209
0.117538
0.144773
0.104713
0.113384
0.042073
0.115735
0.0963716
0.132593
0.124709
0.135304
0.124631
0.0219831
0.148534
0.0946709
0.077248
0.0326029
0.146303
0.0660485
0.14775
0.14687
0.125238
0.169838
0.140241
0.130496
0.110175
0.143484
0.0217584
0.14792
0.147353
0.114276
0.118452
0.0618091
0.136408
0.113229
0.0925819
0.113827
0.0906725
0.119327
0.144476
0.0881629
0.143839
0.131858
0.0731065
0.110833
0.0710096
0.101074
0.139298
0.0977218
0.0428605
0.129136
0.117412
0.113349
0.150597
0.170611
0.119911
0.0518602
0.116408
0.109911
0.0917746
0.107806
0.096748
0.135247
0.146088
0.0843487
0.0848446
0.137724
0.0762865
0.147973
0.137005
0.0346575
0.101015
0.0535355
0.0934352
0.122867
0.0517448
0.0875631
0.138536
0.0181693
0.140338
0.0549544
0.1115
0.143581
0.149725
0.0538049
0.117396
0.141008
0.122438
0.10753
0.0859451
0.0745174
0.0526431
0.131132
0.154345
0.110305
0.109223
0.0655584
0.100883
0.107374
0.114914
0.114944
0.0928452
0.12478
0.133241
0.115611
0.101267
0.107535
0.0425502
0.131087
0.105165
0.107447
0.0692698
0.0663316
0.061595
0.148316
0.126274
0.151711
0.149637
0.109168
0.0639692
0.0715407
0.103746
0.0927837
0.0194619
0.119215
0.100532
0.125319
0.144404
0.121871
0.148416
0.104965
0.146498
0.0989459
0.0412209
0.0942634
0.134605
0.078554
0.150461
0.147037
0.04256
0.147368
0.110019
0.150797
0.132019
0.0744297
0.112563
0.136224
0.107906
0.0572771
0.106724
0.0941548
0.0789738
0.115589
0.143208
0.110775
0.134588
0.137117
0.152279
0.152053
0.0722149
0.150398
0.0310035
0.0969372
0.140639
0.0995275
0.137692
0.0711584
0.0682203
0.103324
0.140362
0.116462
0.0973233
0.147293
0.100859
0.149597
0.0977433
0.141431
0.11414
0.078975
0.102505
0.0874862
0.147527
0.0985261
0.112602
0.127383
0.14803
0.094787
0.136637
0.0982012
0.141085
0.134279
0.100191
0.128583
0.132684
0.137157
0.05348
0.0825536
0.0668768
0.0631209
0.103855
0.126602
0.102088
0.0708487
0.0963167
0.128726
0.141114
0.147423
0.139933
0.128815
0.131648
0.0723009
0.118409
0.148224
0.149483
0.092757
0.100031
0.146042
0.0364916
0.123233
0.156499
0.106185
0.0788243
0.0319062
0.120596
0.131514
0.0978859
0.0732306
0.0191045
0.139555
0.136722
0.150909
0.0969799
0.0587088
0.0977875
0.149608
0.105941
0.147774
0.141277
0.113173
0.0899922
0.04408
0.111324
0.0959693
0.147035
0.14142
0.146579
0.0931404
0.0714679
0.149382
0.0562455
0.0446414
0.123487
0.0832224
0.148545
0.0694834
0.0255582
0.0832783
0.0914802
0.142982
0.0528399
0.0678495
0.121157
0.137525
0.0856255
0.102133
0.131897
0.0666676
0.148795
0.0876802
0.136367
0.136663
0.046039
0.132286
0.142537
0.0877545
0.0731454
0.117763
0.137735
0.120358
0.14224
0.0681584
0.135072
0.11081
0.0469687
0.108112
0.0844502
0.0562635
0.0942237
0.0864525
0.152619
0.126403
0.138675
0.138881
0.124715
0.114806
0.0723903
0.068271
0.123762
0.139966
0.128555
0.137532
0.149772
0.0854733
0.0740879
0.0578477
0.110099
0.136205
0.147351
0.142815
0.0982888
0.143424
0.0397587
0.141265
0.125898
0.0630042
0.11074
0.135954
0.0641212
0.0864081
0.0381092
0.10777
0.0718565
0.0671806
0.0848074
0.0981806
0.0402274
0.103594
0.0454818
0.0670382
0.116315
0.0423409
0.13886
0.132415
0.145819
0.120831
0.136701
0.0929045
0.0887094
0.150862
0.0452839
0.08733
0.0919427
0.0535632
0.145414
0.0842553
0.100077
0.121048
0.139875
0.0834175
0.0864465
0.0590659
0.125631
0.140375
0.119645
0.12606
0.0993919
0.143497
0.0701301
0.14464
0.0861322
0.0958818
0.149925
0.175108
0.0956978
0.147392
0.0640935
0.0986728
0.0848882
0.0345109
0.0938557
0.0811396
0.0638926
0.143948
0.085265
0.019313
0.143961
0.126274
0.0605971
0.135063
0.0976227
0.115137
0.057166
0.166509
0.0668333
0.0863602
0.0568927
0.149457
0.140901
0.150151
0.0757694
0.0956594
0.0834767
0.160768
0.0817509
0.11011
0.103984
0.0752612
0.063981
0.0569474
0.0810768
0.134459
0.0908443
0.104098
0.0814079
0.116967
0.114456
0.107117
0.12349
0.0904059
0.146418
0.123033
0.11669
0.11214
0.152308
0.0822216
0.146798
0.0793283
0.134158
0.131074
0.098308
0.0737182
0.143362
0.0569678
0.0765737
0.0910458
0.118487
0.0865896
0.139445
0.0759482
0.0984897
0.110729
0.107431
0.137364
0.118633
0.131988
0.0930283
0.0978423
0.0766644
0.121817
0.114381
0.0791668
0.152715
0.127672
0.0602972
0.149409
0.0860559
0.15017
0.148588
0.118418
0.0800765
0.115958
0.0189275
0.0859295
0.103878
0.0690987
0.0643801
0.0710759
0.0754909
0.147029
0.0970034
0.104876
0.105491
0.0898601
0.149188
0.0633912
0.0996401
0.113343
0.102137
0.15929
0.149565
0.0427074
0.0184582
0.097685
0.116123
0.150194
0.108992
0.0221414
0.122363
0.144545
0.147476
0.121331
0.110718
0.131953
0.0973127
0.144305
0.078555
0.0969584
0.0191491
0.120477
0.111507
0.113338
0.144215
0.0614418
0.114135
0.0614708
0.0948456
0.141808
0.0750558
0.0767397
0.126604
0.0749835
0.069241
0.144274
0.147106
0.119821
0.0987924
0.136648
0.0607399
0.0762126
0.0709263
0.100989
0.0349441
0.0676339
0.1277
0.0696788
0.0466058
0.129726
0.152112
0.14862
0.112501
0.0704741
0.135645
0.0779207
0.0727065
0.100668
0.122629
0.0728081
0.141523
0.0756364
0.133638
0.148273
0.0687835
0.0684637
0.163163
0.132288
0.0955041
0.0718381
0.146653
0.149973
0.0771718
0.0997753
0.11498
0.070411
0.0271997
0.0296388
0.0931045
0.156048
0.132245
0.0851719
0.0756868
0.100272
0.101534
0.0494642
0.0744172
0.0713985
0.145521
0.0334216
0.107429
0.115699
0.128048
0.152468
0.148411
0.115946
0.0527118
0.0950316
0.115295
0.102663
0.0398758
0.0426995
0.105193
0.121019
0.0740351
0.114723
0.0719186
0.0969609
0.0672763
0.0803468
0.106126
0.101716
0.0353574
0.0817206
0.108825
0.129848
0.114182
0.147521
0.0734578
0.132737
0.0962329
0.0933684
0.0291336
0.150809
0.0865514
0.150794
0.129159
0.101856
0.131243
0.0476867
0.145264
0.125005
0.107525
0.116925
0.117284
0.127215
0.0308972
0.149156
0.044017
0.0308783
0.042474
0.100774
0.144492
0.14437
0.0363269
0.150316
0.0644328
0.0872182
0.1339
0.118885
0.030556
0.0740722
0.137212
0.105556
0.137439
0.0857174
0.130972
0.0874335
0.0522667
0.119619
0.0688327
0.0743047
0.136225
0.0614715
0.0686512
0.0408981
0.113365
0.125232
0.0676573
0.150286
0.111838
0.147759
0.161833
0.098772
0.0606474
0.0619245
0.13929
0.0391435
0.135784
0.128185
0.123527
0.113741
0.126543
0.0918587
0.149303
0.13006
0.104677
0.118506
0.0285124
0.138664
0.165076
0.0190395
0.078947
0.0727093
0.107701
0.100944
0.132816
0.136503
0.131234
0.0816607
0.104283
0.0276251
0.12732
0.143094
0.122469
0.138396
0.150412
0.137082
0.149574
0.076636
0.101775
0.0589609
0.128567
0.151863
0.0772865
0.0763223
0.127123
0.0468767
0.147279
0.126015
0.0888482
0.131828
0.134826
0.152744
0.069079
0.101278
0.0389178
0.144893
0.040087
0.0844263
0.0468797
0.140075
0.136147
0.155846
0.059917
0.0373275
0.0726491
0.148098
0.0408516
0.0734116
0.0416597
0.147653
0.0910677
0.133816
0.149413
0.107675
0.0970406
0.149025
0.0720425
0.116727
0.0982869
0.10297
0.0835566
0.100287
0.108551
0.115411
0.133984
0.134085
0.0951351
0.150172
0.11782
0.112455
0.133871
0.132268
0.060688
0.067161
0.159116
0.0764619
0.133166
0.040318
0.0942653
0.0431971
0.102803
0.0721614
0.116808
0.129102
0.106821
0.0672889
0.144673
0.10492
0.0702401
0.0646504
0.0884609
0.0954072
0.121558
0.0879886
0.113173
0.0988074
0.0940687
0.0508932
0.116408
0.0763771
0.112714
0.136325
0.0262308
0.0633495
0.125704
0.1343
0.0380816
0.150366
0.140701
0.0864698
0.149306
0.140195
0.0574978
0.0317674
0.142735
0.0840414
0.118787
0.0721716
0.0669314
0.0364417
0.105878
0.150839
0.111438
0.114672
0.0192268
0.136768
0.15532
0.142851
0.139449
0.139484
0.140988
0.113182
0.126631
0.149716
0.112457
0.0564554
0.143592
0.16135
0.0406121
0.132628
0.168921
0.121463
0.0590367
0.149424
0.0379572
0.152978
0.129947
0.130157
0.0745951
0.132305
0.122665
0.14001
0.0720371
0.066971
0.0612129
0.0685552
0.121575
0.126581
0.0607266
0.129977
0.145375
0.140325
0.147452
0.105108
0.100327
0.132033
0.108016
0.116351
0.145799
0.0288467
0.145693
0.0301719
0.0928201
0.103242
0.100667
0.0871463
0.0290629
0.126946
0.147602
0.0433849
0.0386047
0.0321571
0.152366
0.127389
0.0777804
0.134604
0.0404826
0.0230029
0.146542
0.147566
0.114552
0.166815
0.144893
0.0680898
0.126427
0.0552804
0.028999
0.124978
0.137674
0.0493561
0.0427321
0.136565
0.174538
0.0235593
0.0310979
0.149945
0.148496
0.150282
0.141269
0.0582252
0.0327698
0.125398
0.14631
0.043307
0.104179
0.107085
0.148309
0.0715843
0.043294
0.0739903
0.0434661
0.0420766
0.0225825
0.0463512
0.0286967
0.0741862
0.029373
0.0786033
0.14517
0.0653077
0.0785176
0.0702689
0.0419955
0.0213943
0.131652
0.149043
0.0439683
0.0492058
0.11245
0.13569
0.028169
0.0404967
0.0320297
0.0932804
0.0402911
0.141328
0.109354
0.12152
0.149371
0.128176
0.0417801
0.0466322
0.124497
0.124203
0.0410742
0.165102
0.133874
0.0577346
0.148531
0.0643057
0.0196037
0.0944382
0.0923817
0.120538
0.0426933
0.122562
0.146684
0.131816
0.0230665
0.0912628
0.0286146
0.0285229
0.0601525
0.104644
0.150486
0.0982046
0.147998
0.13929
0.0661229
0.101937
0.107679
0.117144
0.0313723
0.126065
0.145447
0.149721
0.0652975
0.148609
0.151424
0.147036
0.134858
0.0282157
0.0918934
0.0909663
0.03456
0.142265
0.127348
0.10194
0.122484
0.114944
0.100537
0.0993023
0.132214
0.0714354
0.132784
0.115122
0.110659
0.0661297
0.0727647
0.0291222
0.0778997
0.0932145
0.0223536
0.120592
0.147442
0.148258
0.144737
0.0590274
0.149003
0.13741
0.144942
0.133822
0.0929946
0.0717332
0.0289453
0.149773
0.0328594
0.0500319
0.0357129
0.160027
0.124629
0.122608
0.123025
0.0674748
0.136594
0.0395837
0.0444584
0.149647
0.148501
0.144761
0.0135563
0.17165
0.0382203
0.0617742
0.132417
0.104879
0.045826
0.15017
0.16123
0.0432514
0.118368
0.104668
0.0994021
0.131701
0.0197354
0.149613
0.0323189
0.0723056
0.108678
0.131763
0.0426412
0.0436321
0.0411772
0.1377
0.147874
0.129977
0.0195576
0.100655
0.125853
0.132509
0.13802
0.149768
0.150271
0.131025
0.115369
0.0300988
0.126268
0.145766
0.121444
0.0445057
0.0983782
0.0768062
0.0198949
0.0417381
0.146876
0.131872
0.0976521
0.0452829
0.076179
0.0311414
0.133659
0.143648
0.133984
0.029205
0.030719
0.0968416
0.0985513
0.151161
0.140672
0.128622
0.105415
0.0335711
0.0300813
0.0981419
0.0973802
0.0353213
0.0528154
0.038807
0.0404961
0.073422
0.136514
0.13478
0.0609649
0.0885875
0.123973
0.138363
0.146889
0.03905
0.144226
0.0445423
0.154004
0.0808407
0.118997
0.0357258
0.0540244
0.132904
0.043703
0.121175
0.0420297
0.0304049
0.114975
0.0231336
0.123619
0.130624
0.116686
0.0773249
0.0505454
0.142039
0.021187
0.131852
0.0212876
0.0480745
0.0956286
0.107518
0.150784
0.109758
0.0443977
0.0441715
0.0966857
0.166901
0.148086
0.090303
0.125967
0.0229763
0.0857713
0.0453822
0.0447918
0.147065
0.116824
0.148141
0.145994
0.0716012
0.0984641
0.137295
0.0724452
0.0221213
0.0332114
0.113627
0.110332
0.0690687
0.0908468
0.0434601
0.0464199
0.0337202
0.127046
0.1684
0.138864
0.0523713
0.145268
0.0371955
0.161744
0.0398156
0.0448977
0.130939
0.132716
0.0981274
0.108119
0.0427825
0.131225
0.0909046
0.0404003
0.0292592
0.138873
0.0903302
0.042464
0.109958
0.148248
0.125517
0.138469
0.138034
0.0200494
0.0227876
0.0634984
0.145861
0.12801
0.136433
0.130526
0.14817
0.146931
0.152266
0.110173
0.112602
0.0967912
0.138503
0.106243
0.0381562
0.0435789
0.148188
0.148463
0.15
0.0195423
0.114225
0.160313
0.117239
0.0759222
0.108646
0.0183662
0.0800323
0.0728586
0.1505
0.130764
0.0244536
0.101929
0.0406423
0.135072
0.0398575
0.0900912
0.149499
0.0889991
0.0385548
0.0432841
0.167175
0.0664158
0.0313208
0.131795
0.0703295
0.151283
0.147726
0.0728889
0.0448592
0.0199868
0.0756895
0.126788
0.0752434
0.121477
0.127534
0.120787
0.115274
0.152158
0.0437102
0.0219123
0.135426
0.0935765
0.147624
0.0234531
0.129522
0.13094
0.128602
0.143674
0.0314348
0.145095
0.0524667
0.0237248
0.161237
0.13335
0.0222905
0.107427
0.111794
0.101706
0.100498
0.0714406
0.134335
0.126784
0.135782
0.130821
0.102711
0.0959091
0.087688
0.0899698
0.131345
0.103189
0.132333
0.0657408
0.139037
0.161913
0.125838
0.0193518
0.0907699
0.0434828
0.0877544
0.149021
0.0747447
0.0659642
0.175627
0.0846197
0.147283
0.144668
0.110742
0.10691
0.122432
0.10583
0.149286
0.141445
0.065633
0.071467
0.133464
0.0145655
0.108241
0.124728
0.0219067
0.119077
0.138223
0.0862156
0.0581732
0.127957
0.146535
0.0979394
0.104198
0.149105
0.148383
0.12506
0.0768345
0.0860849
0.0191192
0.132086
0.104555
0.156436
0.140299
0.0235734
0.0607201
0.0842514
0.137243
0.144738
0.0437784
0.140066
0.132095
0.147052
0.0957498
0.123967
0.0281333
0.0427858
0.142356
0.155135
0.151975
0.0169595
0.148302
0.162802
0.127547
0.14647
0.119928
0.129469
0.072293
0.112638
0.121035
0.0278196
0.12569
0.121892
0.133688
0.0871843
0.042025
0.138954
0.134103
0.131487
0.145661
0.0470342
0.0872788
0.0389515
0.136678
0.163323
0.12349
0.144578
0.149613
0.121045
0.0954659
0.0394042
0.100806
0.150319
0.0935561
0.0854461
0.0284419
0.0341797
0.0675498
0.142534
0.063314
0.139073
0.0960009
0.130138
0.0707972
0.148579
0.0618997
0.111826
0.10903
0.0481069
0.113242
0.106405
0.119195
0.0991485
0.0984373
0.0510376
0.123731
0.178161
0.0460131
0.106448
0.146353
0.0887115
0.0684075
0.115444
0.117998
0.111816
0.141224
0.147538
0.13103
0.123307
0.130314
0.073736
0.0212096
0.109155
0.153961
0.0986554
0.0569227
0.124472
0.153343
0.0685701
0.116771
0.121228
0.136772
0.12387
0.135997
0.0612137
0.124676
0.0282227
0.0761144
0.0692798
0.128877
0.0283453
0.0406507
0.126692
0.127366
0.0971997
0.114533
0.152714
0.103581
0.0694127
0.143797
0.0612179
0.144761
0.148445
0.13154
0.150815
0.142591
0.047923
0.128984
0.0247738
0.0601086
0.0902974
0.143573
0.0880077
0.0277498
0.105608
0.0426125
0.039099
0.13446
0.135557
0.109635
0.093391
0.129344
0.145312
0.125234
0.0490318
0.135035
0.0888399
0.12868
0.0285262
0.165629
0.136779
0.14559
0.129631
0.13443
0.0287691
0.0786029
0.110441
0.0815849
0.138431
0.0434113
0.110399
0.137395
0.105077
0.029967
0.0485766
0.124436
0.124749
0.135471
0.0814514
0.0968112
0.14191
0.0914087
0.0275854
0.128173
0.0451435
0.132141
0.132799
0.0678664
0.135321
0.0707145
0.0288799
0.0637304
0.140939
0.0206479
0.116185
0.147129
0.133294
0.0470905
0.113798
0.127722
0.136297
0.143125
0.0903649
0.0204504
0.0988417
0.105729
0.145283
0.149289
0.13405
0.130235
0.129607
0.0780078
0.027812
0.104999
0.0284957
0.134493
0.0432586
0.0714426
0.144723
0.132187
0.143282
0.100564
0.0516205
0.135019
0.163549
0.133031
0.0279187
0.0438151
0.133585
0.0424121
0.111913
0.131335
0.135445
0.142981
0.0495394
0.0238267
0.140741
0.0286113
0.13723
0.0886723
0.118493
0.0336803
0.152604
0.135314
0.128577
0.144694
0.0218854
0.107719
0.041202
0.0685429
0.142653
0.0723827
0.11104
0.0271336
0.0410931
0.10854
0.122834
0.144465
0.0210367
0.0446065
0.0363589
0.110407
0.147453
0.0271119
0.067173
0.0369066
0.134945
0.151865
0.145683
0.0191003
0.064689
0.111224
0.138053
0.0465924
0.135073
0.144401
0.138755
0.141656
0.0463636
0.0903139
0.170231
0.035571
0.0192084
0.0981607
0.10722
0.144959
0.117557
0.0908197
0.126372
0.144771
0.139873
0.0218291
0.132977
0.116038
0.0953058
0.126677
0.0468555
0.138946
0.136007
0.141902
0.0380649
0.143011
0.125592
0.143338
0.133421
0.0380553
0.146874
0.137257
0.14659
0.0535666
0.137863
0.136696
0.0926016
0.113776
0.0738833
0.140335
0.0864201
0.0729098
0.0916255
0.0985983
0.080453
0.110181
0.0837907
0.0231114
0.119574
0.14846
0.118415
0.104528
0.103368
0.099597
0.126969
0.132109
0.0932456
0.124633
0.105734
0.130648
0.0695999
0.0703995
0.0471033
0.0711397
0.0841405
0.132271
0.144042
0.143599
0.150817
0.13465
0.0896698
0.0982068
0.111763
0.108513
0.113716
0.138207
0.103901
0.0211082
0.129361
0.120018
0.13869
0.0859275
0.130107
0.15458
0.108527
0.133889
0.082787
0.12965
0.12474
0.0927826
0.0574887
0.0658202
0.0935439
0.146332
0.103994
0.139482
0.142388
0.0621498
0.124564
0.0190651
0.13301
0.134609
0.117348
0.133273
0.136708
0.131557
0.141014
0.0808952
0.104877
0.110976
0.144998
0.0723015
0.106298
0.0641519
0.141647
0.13842
0.14014
0.0210636
0.0426134
0.141168
0.1001
0.146235
0.11791
0.13296
0.13719
0.142238
0.123156
0.106961
0.145011
0.125219
0.114891
0.0924694
0.139326
0.165047
0.115178
0.137061
0.128228
0.119712
0.0923119
0.124912
0.0894938
0.147738
0.144591
0.116445
0.148013
0.038852
0.0379782
0.0258375
0.129933
0.146121
0.0184529
0.0656337
0.152476
0.134478
0.0873225
0.0881044
0.17034
0.0186732
0.0683392
0.0923845
0.109742
0.143055
0.0684158
0.128293
0.105058
0.127408
0.107672
0.135213
0.0194947
0.019555
0.089307
0.131327
0.133403
0.130777
0.120875
0.105129
0.108288
0.0204746
0.0839036
0.144277
0.1055
0.139935
0.0199564
0.133199
0.107077
0.100386
0.0678449
0.0369161
0.0946604
0.0429198
0.136701
0.149641
0.149403
0.124268
0.134446
0.137599
0.11096
0.0568269
0.158486
0.0663999
0.108034
0.103058
0.144373
0.132397
0.148982
0.0916081
0.141489
0.0195014
0.125144
0.133573
0.139004
0.110565
0.085613
0.122581
0.14483
0.0244855
0.0453594
0.0422506
0.0785798
0.132197
0.140954
0.0963935
0.108585
0.123102
0.111802
0.105572
0.132136
0.0659376
0.130255
0.116605
0.153298
0.110509
0.130488
0.144032
0.0632899
0.082273
0.129275
0.0503734
0.141145
0.119359
0.0630926
0.143123
0.100695
0.0445918
0.139737
0.135858
0.14415
0.123833
0.139829
0.0288492
0.120755
0.10014
0.0986324
0.094537
0.108459
0.0444514
0.123261
0.107497
0.070357
0.0728312
0.162321
0.135442
0.142936
0.133784
0.124146
0.114096
0.0454089
0.0985715
0.0808111
0.143043
0.106313
0.13877
0.0711781
0.124925
0.0199227
0.0985915
0.101049
0.149406
0.16973
0.139519
0.135477
0.106082
0.13188
0.086093
0.132977
0.134518
0.144463
0.06611
0.127284
0.13124
0.133502
0.019134
0.137922
0.105997
0.0958126
0.126004
0.0392828
0.126043
0.0839392
0.0884446
0.12767
0.131259
0.150496
0.134758
0.047848
0.131843
0.138149
0.12746
0.105517
0.0123328
0.131326
0.0862954
0.14081
0.138077
0.130503
0.0897937
0.125903
0.0628588
0.120069
0.0687364
0.134531
0.0635668
0.0687764
0.138664
0.0742818
0.113545
0.0408821
0.089744
0.140572
0.119132
0.0423149
0.128566
0.132654
0.130242
0.139357
0.122871
0.164216
0.110878
0.11754
0.0583643
0.0519936
0.0702578
0.15265
0.135246
0.105742
0.135506
0.13963
0.0465131
0.0619813
0.0698419
0.124935
0.0431265
0.0848109
0.134757
0.118943
0.137657
0.0715555
0.137795
0.0935422
0.0224857
0.0302719
0.122458
0.142151
0.133309
0.0420227
0.142836
0.131862
0.132924
0.117057
0.123457
0.0417491
0.0871408
0.133573
0.139551
0.125195
0.141506
0.129664
0.131504
0.152847
0.12421
0.0920637
0.0701915
0.0296055
0.132912
0.129964
0.126605
0.0934064
0.128478
0.127378
0.138085
0.0751593
0.0414648
0.12584
0.136805
0.106967
0.0914686
0.127173
0.0745068
0.123498
0.0421325
0.0942431
0.144476
0.0107277
0.0172476
0.139254
0.113705
0.14139
0.154023
0.124039
0.127858
0.153419
0.126483
0.138479
0.0612909
0.107481
0.126282
0.152292
0.107033
0.12504
0.095166
0.0992997
0.141779
0.11089
0.0841314
0.0912669
0.0972774
0.117098
0.0979324
0.139186
0.109114
0.108441
0.133777
0.0720338
0.0810054
0.0335784
0.149956
0.0965412
0.0666983
0.0819624
0.10546
0.137243
0.0706024
0.0696474
0.095127
0.112761
0.0942167
0.0169876
0.119559
0.0219588
0.094767
0.111902
0.0408561
0.139333
0.0923223
0.137921
0.0653473
0.114279
0.0997676
0.145066
0.0687213
0.080583
0.1275
0.0977851
0.0953035
0.12678
0.137999
0.12966
0.0605438
0.0966634
0.124727
0.141817
0.123805
0.10375
0.131138
0.0600591
0.124174
0.0304684
0.139189
0.07067
0.0203496
0.132771
0.119449
0.120235
0.0827618
0.0725236
0.0928265
0.0577802
0.143594
0.135706
0.135349
0.0499962
0.0987835
0.0229715
0.124257
0.0463797
0.132799
0.096768
0.166844
0.145221
0.119639
0.128614
0.128794
0.0490302
0.128287
0.13746
0.0635067
0.132831
0.035046
0.139797
0.130462
0.130461
0.145436
0.159222
0.0734693
0.125102
0.154542
0.0424446
0.0283768
0.0937945
0.025542
0.108039
0.117949
0.0928896
0.0486196
0.0197844
0.132578
0.0917475
0.0988923
0.138152
0.121801
0.10165
0.107531
0.0965617
0.103358
0.124871
0.135019
0.136282
0.125278
0.0910392
0.103954
0.0983355
0.0711005
0.118062
0.0883496
0.0746724
0.117946
0.121257
0.11707
0.121269
0.0696643
0.0950371
0.144503
0.104349
0.100387
0.137709
0.0789127
0.121422
0.0893013
0.139457
0.125345
0.061357
0.0741665
0.0671206
0.137387
0.126417
0.136062
0.0391084
0.119112
0.124708
0.133575
0.0881312
0.124332
0.135693
0.0944594
0.134109
0.0202331
0.0221582
0.134932
0.122445
0.041998
0.139272
0.0466258
0.130415
0.136995
0.108712
0.0901834
0.11928
0.0586728
0.0981712
0.0725621
0.0172941
0.0732662
0.101377
0.0872312
0.0320834
0.146649
0.0974779
0.0955699
0.103627
0.130746
0.141707
0.105695
0.0261571
0.068433
0.119949
0.0430941
0.0914366
0.133493
0.078295
0.126587
0.0719384
0.130945
0.0901061
0.115222
0.108137
0.108708
0.0910327
0.0641391
0.0954778
0.0383505
0.142899
0.132833
0.143521
0.0655868
0.13612
0.150353
0.0995897
0.0951685
0.105891
0.0649965
0.143679
0.148224
0.023479
0.116173
0.134197
0.0432369
0.0677356
0.0962339
0.141997
0.112246
0.133005
0.0490605
0.106092
0.137033
0.0420675
0.140968
0.14035
0.0770251
0.13206
0.145154
0.0389147
0.0825485
0.124385
0.118571
0.097621
0.114949
0.134158
0.100328
0.126694
0.0705001
0.0475371
0.13851
0.13232
0.124635
0.0547629
0.0308114
0.0768903
0.094349
0.121839
0.139588
0.153779
0.12177
0.0451429
0.0428964
0.046884
0.0392954
0.0486967
0.13376
0.0902495
0.103533
0.128039
0.0703024
0.125644
0.0958274
0.118387
0.0954896
0.111451
0.154201
0.116313
0.149289
0.0736851
0.0900342
0.108424
0.13009
0.102256
0.0682947
0.0438381
0.110966
0.042251
0.121717
0.120918
0.132986
0.145028
0.0935144
0.126848
0.0210814
0.146682
0.126171
0.097028
0.0430008
0.126549
0.153285
0.120681
0.104454
0.0896439
0.128379
0.118181
0.124594
0.139149
0.0853761
0.138641
0.110879
0.0667326
0.126266
0.106187
0.107757
0.125257
0.0467106
0.136622
0.130511
0.02024
0.0275533
0.148191
0.0428428
0.0762474
0.0971506
0.0677376
0.106525
0.134845
0.0119476
0.119614
0.0747542
0.118342
0.144829
0.147139
0.0205563
0.0962505
0.118479
0.094136
0.125465
0.149404
0.149201
0.043361
0.0734689
0.103764
0.0494368
0.132595
0.11188
0.0764845
0.125735
0.042834
0.0972311
0.0904056
0.140905
0.0203652
0.140224
0.12157
0.126211
0.139502
0.127099
0.124583
0.0930319
0.0843379
0.134701
0.0152353
0.138486
0.139293
0.128435
0.13509
0.153602
0.0588268
0.114296
0.111362
0.129664
0.142906
0.0726489
0.0502739
0.131822
0.037798
0.0868537
0.0289848
0.121456
0.0962478
0.0928048
0.138388
0.077898
0.125651
0.11464
0.0287284
0.12038
0.11346
0.0361966
0.130499
0.10418
0.060271
0.0386951
0.111823
0.137825
0.135156
0.071758
0.0729209
0.0199379
0.0774371
0.138701
0.129844
0.0216649
0.0917313
0.14474
0.0433391
0.140386
0.116466
0.0997076
0.129045
0.103791
0.112058
0.0775208
0.121993
0.0641439
0.0736208
0.112115
0.140057
0.0881126
0.0597298
0.126228
0.133846
0.114815
0.0924216
0.0962894
0.112616
0.129687
0.132278
0.136147
0.0640397
0.0776283
0.0441802
0.100465
0.121804
0.114698
0.0803496
0.109401
0.024814
0.0221509
0.14668
0.134603
0.0902656
0.141939
0.0746713
0.128148
0.0200921
0.125977
0.127718
0.0832828
0.0629798
0.119136
0.100002
0.138642
0.109203
0.114237
0.0982077
0.0201797
0.0168387
0.0865941
0.133218
0.116829
0.0823043
0.0910243
0.0929738
0.121836
0.110677
0.0645524
0.142484
0.023825
0.110371
0.123353
0.0523699
0.118593
0.042146
0.108107
0.129673
0.13157
0.104245
0.0413994
0.129212
0.0276264
0.0488612
0.0833019
0.0424858
0.0646493
0.0154319
0.0835699
0.105399
0.115433
0.10847
0.122017
0.12868
0.131366
0.0242323
0.120206
0.0847232
0.04297
0.120641
0.0906521
0.10618
0.019009
0.13736
0.105333
0.131929
0.135624
0.0825159
0.146752
0.124686
0.0256912
0.120109
0.0902325
0.0757103
0.107689
0.0425679
0.0768594
0.130586
0.117466
0.0763071
0.0401362
0.113516
0.109055
0.13872
0.11383
0.0472247
0.0726906
0.0255713
0.0772438
0.105312
0.0957198
0.131581
0.0285035
0.139795
0.0807197
0.126329
0.110871
0.101902
0.116299
0.0855737
0.117001
0.120922
0.0546256
0.107737
0.096522
0.139572
0.097532
0.0988653
0.122885
0.113016
0.118886
0.09079
0.0417219
0.101738
0.133703
0.125064
0.132481
0.096128
0.0221035
0.127818
0.118383
0.126491
0.0210133
0.12406
0.0957952
0.0910837
0.0830197
0.124606
0.053496
0.102442
0.0714451
0.0375037
0.133921
0.0819898
0.131758
0.139461
0.0667085
0.107669
0.118736
0.0449584
0.103682
0.032517
0.135128
0.122185
0.131792
0.100459
0.128803
0.135635
0.0704901
0.130779
0.148805
0.119866
0.070674
0.0263259
0.120866
0.0661063
0.0430377
0.123149
0.112618
0.0790203
0.0889536
0.118507
0.107302
0.144914
0.12751
0.0336607
0.0181644
0.0745815
0.0478208
0.0938513
0.134268
0.0992084
0.053419
0.0943874
0.0958874
0.041407
0.0594741
0.106937
0.138293
0.133859
0.0814327
0.036964
0.0201518
0.127145
0.14608
0.122186
0.106879
0.0202128
0.0824763
0.0792682
0.0806347
0.0183162
0.0353779
0.10845
0.0862564
0.128264
0.0196076
0.0750499
0.0961703
0.090273
0.140124
0.120254
0.102285
0.107736
0.13548
0.0934613
0.0902346
0.0832536
0.121633
0.12232
0.135459
0.119201
0.0188205
0.123881
0.0895713
0.112894
0.121839
0.0678944
0.0796304
0.105256
0.11101
0.142007
0.0198099
0.119056
0.122538
0.132287
0.124186
0.0959924
0.0960284
0.142904
0.0899114
0.0231234
0.133524
0.120722
0.105584
0.0264032
0.131718
0.0498333
0.121915
0.0945636
0.106951
0.0511412
0.098273
0.0590658
0.0794628
0.0252124
0.0844882
0.13561
0.136803
0.0691223
0.0445961
0.0922125
0.0307515
0.135406
0.0787152
0.0297901
0.1227
0.12013
0.110927
0.0628005
0.0721925
0.0861472
0.119688
0.118185
0.0685257
0.121404
0.134278
0.1218
0.134682
0.0746802
0.0595137
0.138972
0.12191
0.0734265
0.094396
0.0203009
0.120693
0.0639097
0.122203
0.0498766
0.144716
0.084444
0.0445735
0.100969
0.061799
0.133103
0.0432427
0.112867
0.122294
0.114592
0.0947141
0.141436
0.117935
0.12919
0.135614
0.12189
0.0929796
0.100062
0.0781645
0.0394661
0.135479
0.103877
0.0736657
0.075306
0.109639
0.105438
0.0361607
0.0527035
0.0787477
0.131479
0.143078
0.137882
0.128338
0.1053
0.0777952
0.10946
0.117709
0.105917
0.0410801
0.081774
0.0311688
0.0806136
0.0377396
0.149011
0.111165
0.0950779
0.0882776
0.0781091
0.133598
0.0537491
0.119449
0.0976272
0.1334
0.0785757
0.047736
0.055373
0.113962
0.0746405
0.0833192
0.0698796
0.12033
0.125899
0.0443571
0.106037
0.131706
0.113223
0.134245
0.13544
0.0396482
0.133929
0.0795145
0.122871
0.0773553
0.0663682
0.118639
0.118031
0.117986
0.0827983
0.0401687
0.0882187
0.101602
0.0886255
0.0269678
0.0766888
0.133805
0.124796
0.0806675
0.106031
0.105979
0.0999515
0.0912468
0.0660752
0.0766123
0.117454
0.0618232
0.0750113
0.0876767
0.128752
0.110833
0.108662
0.0808324
0.116063
0.0734473
0.0612237
0.0787706
0.0165833
0.138518
0.0982854
0.0718561
0.125868
0.124996
0.0922171
0.0414309
0.0791027
0.0722047
0.022674
0.134293
0.116379
0.0435981
0.0779574
0.127952
0.0756402
0.110512
0.116139
0.141004
0.115198
0.0661315
0.103171
0.135291
0.105578
0.0493357
0.0156622
0.130107
0.0569795
0.11945
0.019262
0.132653
0.139434
0.043257
0.137927
0.117988
0.0989785
0.111083
0.0962169
0.127509
0.0785603
0.0568619
0.0696763
0.0911061
0.0795653
0.106545
0.097811
0.0976442
0.0882328
0.104613
0.0895915
0.0727134
0.0649626
0.128466
0.0943172
0.087549
0.075318
0.0164629
0.135315
0.140096
0.103512
0.107213
0.0407412
0.066284
0.0174511
0.09157
0.0718247
0.0791642
0.103418
0.120864
0.105477
0.0702746
0.0124574
0.0196003
0.120036
0.110224
0.157022
0.114495
0.017323
0.0962195
0.0851847
0.0903172
0.0339202
0.0974448
0.0771151
0.110773
0.120081
0.0773444
0.068741
0.117191
0.0412046
0.018264
0.019355
0.0811608
0.0366875
0.0645142
0.101779
0.0380057
0.084079
0.0285425
0.124111
0.112253
0.0487962
0.109025
0.0935054
0.0708682
0.115606
0.0922469
0.111644
0.128798
0.079919
0.0432529
0.109937
0.123582
0.0923504
0.0401489
0.102718
0.0174576
0.11373
0.126424
0.019854
0.137062
0.140301
0.129861
0.0608249
0.112449
0.0898046
0.115814
0.093994
0.144202
0.117376
0.0135658
0.0729183
0.0800356
0.0590493
0.0679403
0.0173224
0.101901
0.0660601
0.0773987
0.0629944
0.116767
0.125078
0.0226931
0.0641841
0.0740018
0.0394778
0.104282
0.0695035
0.112641
0.104436
0.115046
0.0733875
0.017459
0.0944856
0.0773883
0.0296786
0.0735535
0.141733
0.0160574
0.0715351
0.0295368
0.0880305
0.0834792
0.041808
0.108863
0.106623
0.105063
0.0864204
0.0771639
0.0987581
0.105642
0.0418889
0.0367743
0.073421
0.0875082
0.0295482
0.0179108
0.0897723
0.0780286
0.0662714
0.109778
0.0216287
0.105859
0.11025
0.0729021
0.0194026
0.110596
0.0432493
0.0835611
0.0189761
0.0744042
0.1058
0.0414014
0.0397724
0.0866615
0.10492
0.107449
0.056657
0.126437
0.0557443
0.0921616
0.0847318
0.10513
0.0171449
0.109686
0.0950543
0.0751281
0.103789
0.108704
0.115179
0.0375073
0.0742166
0.0273205
0.0421999
0.0988502
0.0737426
0.0752106
0.0785185
0.114314
0.0198541
0.0590729
0.075724
0.106159
0.0882606
0.0942137
0.0714495
0.0265848
0.0681476
0.109936
0.11856
0.0816086
0.110105
0.111034
0.0818585
0.0836927
0.112633
0.0907887
0.0246955
0.0756575
0.081761
0.0247202
0.0631782
0.040936
0.0753617
0.0411902
0.0944691
0.0681518
0.0720078
0.0358388
0.079775
0.0992492
0.0542562
0.0853329
0.0203524
0.0566299
0.0815057
0.113934
0.0824953
0.113584
0.139558
0.109435
0.127994
0.0793925
0.10647
0.0925037
0.0627875
0.0871369
0.018566
0.0577971
0.105657
0.0814631
0.0624998
0.0999738
0.107889
0.125426
0.104647
0.0415171
0.0966438
0.107091
0.0749801
0.0627807
0.0588912
0.11029
0.0701694
0.0511327
0.101695
0.0137494
0.0881087
0.0748973
0.0573349
0.117485
0.132607
0.0964988
0.107303
0.0622553
0.0531752
0.0273943
0.0997552
0.0891925
0.106969
0.0650802
0.11603
0.118483
0.0911926
0.0835897
0.0830954
0.127323
0.116173
0.0154432
0.0997715
0.0725212
0.119666
0.107822
0.101046
0.0992022
0.0377081
0.114537
0.108852
0.0901223
0.0862472
0.0891873
0.0920238
0.111659
0.0260573
0.103975
0.0639067
0.0254182
0.0832744
0.0953899
0.0481637
0.0957674
0.0816205
0.0963319
0.0618443
0.102962
0.0395365
0.0878171
0.0987093
0.0841118
0.0884062
0.0783631
0.0249596
0.0746257
0.1302
0.0375657
0.134952
0.0776831
0.0636503
0.0994678
0.0707727
0.107873
0.015619
0.0427593
0.0770214
0.0808713
0.0865248
0.0981706
0.0810017
0.0386615
0.118559
0.127004
0.0594354
0.0740816
0.0770992
0.0732948
0.034914
0.0994451
0.0952383
0.0314375
0.0923252
0.0979731
0.104419
0.0370173
0.035402
0.0521646
0.0429525
0.0415564
0.0198809
0.0386814
0.0518805
0.0193519
0.132587
0.0654656
0.0170806
0.110873
0.1218
0.0411649
0.0967846
0.0395365
0.106813
0.0916038
0.119711
0.0408996
0.021002
0.044431
0.12895
0.130628
0.0289759
0.138858
0.0364
0.118685
0.0639604
0.148309
0.102215
0.0437442
0.0708085
0.14002
0.0746012
0.111244
0.1361
0.113415
0.0432237
0.00864704
0.0546334
0.0422959
0.118898
0.0376013
0.0806228
0.022298
0.104297
0.0394162
0.114043
0.110339
0.102988
0.0207763
0.0424067
0.0748125
0.046101
0.132222
0.131329
0.1047
0.122865
0.132121
0.0495724
0.0981264
0.0730579
0.118963
0.100753
0.0949936
0.133009
0.0356223
0.0733493
0.0393029
0.106778
0.0211405
0.0991609
0.0380986
0.0690389
0.105039
0.107854
0.0374646
0.1105
0.092755
0.0717837
0.0870025
0.110462
0.0586647
0.0720776
0.0422911
0.0678517
0.0423328
0.0466439
0.115215
0.0377728
0.0928557
0.0734836
0.019665
0.0982099
0.0435059
0.0708927
0.0732471
0.099534
0.0417154
0.0666103
)
;


// ************************************************************************* //
