/*--------------------------------*- C++ -*----------------------------------*\
| =========                 |                                                 |
| \\      /  F ield         | OpenFOAM: The Open Source CFD Toolbox           |
|  \\    /   O peration     | Version:  v2012                                 |
|   \\  /    A nd           | Website:  www.openfoam.com                      |
|    \\/     M anipulation  |                                                 |
\*---------------------------------------------------------------------------*/
FoamFile
{
    version     2.0;
    format      ascii;
    class       volScalarField;
    location    "100";
    object      omega;
}
// * * * * * * * * * * * * * * * * * * * * * * * * * * * * * * * * * * * * * //

dimensions      [0 0 -1 0 0 0 0];


internalField   nonuniform List<scalar> 
9793
(
0.0667161
0.236701
0.0588633
0.0210182
1.65749
0.0231138
0.0219357
0.0207956
0.0215743
1.68421
0.0478739
0.0660115
0.0210701
0.0203452
0.0228985
0.0202685
0.0221931
0.0235332
1.32194
0.0203201
0.135613
0.0229331
0.368002
0.0196258
0.0221935
0.0211799
0.0202617
0.0212666
0.0373969
0.0215635
0.0331445
0.362207
0.190173
0.0217739
0.0415076
0.804207
0.0225898
0.0229172
0.0208972
0.0210188
0.0327258
0.0228947
0.0222785
0.0220736
0.0222983
0.0213902
0.0401433
0.0307218
0.0491491
0.0209884
0.0427191
0.05161
0.023321
0.0215965
0.117244
0.451674
0.0214385
0.0802058
0.613862
0.0208855
0.0215865
0.0231966
0.246157
0.0219528
1.74898
0.0652388
0.365068
0.248381
0.0614935
0.0470896
0.120001
0.0210804
0.0211541
0.237859
0.0470998
0.654976
0.0214315
0.0209673
0.0228672
0.0216127
0.0320786
0.0228398
0.233573
0.0411349
0.0301085
0.0412572
0.0218827
0.0214263
0.0226478
0.0232868
0.235933
1.51556
0.0204964
0.337382
0.0228853
0.0475048
0.371974
0.235975
0.0204438
0.0203062
0.0202877
0.0226615
0.0204424
0.0204218
0.0208466
0.0297748
0.0224826
0.0217119
0.0229435
0.193689
0.0213086
0.0810351
0.0214198
1.29315
0.0511527
0.0214408
0.311523
0.0455697
0.0233848
0.289225
0.174064
0.0232103
0.021337
0.0234321
0.0218586
0.104205
0.0350533
0.0471045
0.0235062
0.0211688
0.0217985
0.0214357
0.0211708
0.0227491
0.0215412
0.0214228
0.0223181
0.0218931
0.0214119
0.0199557
0.0213262
0.0220373
0.0212257
0.0203272
0.0204174
0.0205856
0.229603
0.0203316
0.0204199
1.15316
1.59046
0.0217786
1.65243
1.67679
0.0203883
0.0226085
0.0206011
0.0219135
0.0203053
0.0211708
0.0208039
0.0212608
0.0201335
1.35884
0.232002
0.239044
0.0366771
0.0248888
0.0202221
0.0217244
0.0212533
0.57914
0.23047
0.584701
0.0218057
1.3683
0.0214315
0.019623
0.0211938
0.0258514
0.33335
0.0221707
0.0203204
0.0220601
0.735891
0.0211374
0.0888121
0.0211877
0.0213123
0.0201467
0.0218121
0.021334
0.0310993
0.0929869
0.169314
0.0256231
1.35112
0.0216333
1.62871
0.0200189
0.021533
1.42013
0.711986
0.021174
0.0214307
0.0208194
0.424547
0.0202603
0.0276042
0.0222897
0.0283944
0.0294382
0.0565946
0.0216216
1.56305
0.020496
0.0218852
0.75256
0.0208517
0.0840771
0.0572709
0.0213719
0.0218657
0.0213364
0.0478052
1.40503
0.0231188
0.0203746
0.0574366
0.0405996
0.0196842
0.0196298
0.0222342
0.0201461
0.03904
0.0793002
0.0213932
0.0211466
0.209997
0.0223294
0.0273669
0.0203749
0.0210839
0.126741
0.0210989
0.0204136
0.0207843
0.0218922
0.0204505
0.0216307
0.0217308
0.0234359
0.04788
0.0370225
0.0210278
0.0235729
0.0212306
0.0236759
0.0233237
0.0202415
0.298207
0.0211206
0.0475509
0.0214357
0.0252303
0.0200825
0.0200038
0.0283265
1.40142
0.0222382
0.02027
0.0200143
0.025689
0.0213918
0.233847
0.234097
0.0211778
0.135408
0.021379
0.0371162
0.0217998
0.0197426
0.0221116
0.0209044
0.0350162
0.0213684
0.021729
0.0244249
0.0211062
0.021422
0.0214005
0.273155
0.0224585
0.0226811
0.0218101
0.022714
0.0219987
0.0248561
0.0212502
0.949424
0.0203971
0.0808767
0.345594
0.0220623
0.0219981
0.0203031
0.0263883
0.0238078
0.0216933
0.074129
0.0217836
0.0202885
0.0239639
0.0218782
0.0215412
0.0227639
0.0445271
0.0210926
0.0249171
0.0223361
0.0209945
0.234775
1.56039
0.236323
0.0206179
0.258778
0.0221013
0.538526
0.0521149
0.0200534
0.02286
0.0515177
0.0222297
0.0258182
0.0552682
0.0207607
0.022139
0.0215149
0.0210329
0.0214
0.405999
0.0211899
0.0209804
0.938886
0.0223534
0.0202455
0.0205038
0.0223064
0.0207746
1.04985
0.0219219
0.0213806
0.0217014
0.0226393
0.548408
0.0215725
0.0321705
0.019642
0.0322699
0.113227
0.0889819
0.0340767
0.02226
0.0239403
1.58408
0.0216245
0.294087
0.0224087
0.02019
0.369192
0.0255855
1.5322
0.0213842
0.0413802
1.01395
0.0234414
0.0211122
0.24372
0.0246028
0.230748
0.0235968
0.0215466
0.781535
0.0212807
0.0222205
0.0216957
0.0212536
0.020289
0.0215729
0.0232021
0.532769
0.0217161
0.738882
0.22936
1.58075
0.0408592
0.231741
0.0209271
0.0215142
1.56495
0.193925
0.0204186
0.0217992
1.14327
0.0200009
1.32307
0.0211732
0.0232247
0.0199847
0.0295207
0.0211833
0.0250426
0.178779
0.0202878
0.367349
0.0282472
0.0220029
0.0283602
0.0221019
0.0222824
0.020657
1.33311
0.0213525
0.0215626
0.0546411
0.0215298
0.0232861
0.0220999
0.0201041
0.0265122
0.0211804
0.0215739
0.019932
0.362942
0.0204901
0.357812
0.0217358
0.403193
0.0232402
0.0219885
0.0224003
0.021717
0.696375
0.0216193
0.0803316
0.0201836
0.0212735
0.0222073
1.16355
0.0349792
0.124711
0.0468731
0.0233645
0.0212655
0.0370407
0.0263102
0.0286669
0.236953
0.380559
0.0216724
0.0257024
0.0414412
0.021343
0.0232622
0.0213222
0.0204293
0.0219069
1.19677
0.0250549
0.76695
0.0204572
0.0267615
0.0195905
0.0216284
0.0216977
0.0228751
0.0373428
0.021875
0.0237304
0.0199751
0.0214315
0.0237857
0.127546
0.0212238
0.0212637
0.320448
0.0245149
0.0219271
0.326339
0.267621
0.021379
0.021856
0.0223338
0.0238243
0.0215898
0.0225584
0.0221849
0.0217779
0.0212612
0.0210462
0.228943
0.0525894
0.0205854
0.711187
0.0305639
0.020366
0.0224693
0.0228962
0.0692238
0.0217834
0.179492
0.0200758
0.0211011
0.0445135
0.0213018
0.0302079
0.389031
0.0255704
0.020358
0.684027
0.0243078
0.0206197
0.0212506
0.0480927
0.0209216
0.0205948
0.0212723
0.0209156
0.147015
0.0391007
0.0298217
0.0227459
0.0212019
0.0210355
0.0214905
0.0211083
0.0212896
0.0547799
0.0959126
0.0200318
0.02494
1.63787
0.0213954
0.024849
0.0329202
0.0209245
0.0504713
0.773142
0.021386
0.118378
0.0197836
0.971337
0.0242258
0.749224
0.0211283
0.0210629
0.0222476
0.232805
0.024094
0.454032
0.0395666
1.84529
0.0310585
0.144721
0.0285711
0.0229296
0.0280787
0.0243613
0.277335
0.0215669
0.607903
0.0199042
0.165668
0.0219671
0.0219143
0.0210151
0.128092
0.0199369
0.0206958
0.0221876
0.0225127
0.0254951
0.0211679
0.0212665
0.0213642
0.0213378
1.35301
0.0209848
0.407372
1.31115
0.0209971
0.0217912
0.0273668
0.0217982
0.0213168
0.0217933
0.0235485
0.0242201
0.0221294
0.022515
0.0205265
0.0233347
0.0221025
0.0237498
0.0218289
0.022419
0.442986
0.0213578
1.46163
0.0242748
0.0220802
0.0212768
0.0207563
0.0243175
0.0250039
0.0210814
0.0213854
0.0195497
0.0210619
0.0213474
0.0211773
0.0233935
0.0198608
0.021914
0.0219202
0.02155
0.0232605
0.0221783
0.0290766
0.0223616
0.0210213
0.0212866
0.0205809
0.0200093
0.0208983
0.0200414
0.0209631
0.0213647
0.0199274
0.0306746
0.0210116
0.0221956
0.0213524
0.594003
0.0210423
0.0199725
0.0470573
0.0197505
0.0217784
0.136103
0.0222234
0.0226087
0.0215489
0.0804951
0.0207644
0.0442427
1.82272
0.42474
0.0289011
0.0216892
0.0213604
0.398775
0.0240141
0.0199463
0.230561
0.55046
1.61552
0.0212972
0.0517647
0.0213633
0.0213456
1.28348
0.0211916
0.584608
0.0226828
0.0523477
0.0210052
0.0230612
0.0220507
0.127795
0.132977
0.0212164
0.0222918
0.0256674
0.0209552
0.0235914
0.0443487
0.200025
0.0210999
0.0223024
0.0240284
0.431595
0.0227043
0.317806
0.255848
0.0218477
0.0281372
0.104722
0.0210432
0.0211643
0.0220491
0.0229393
0.0199254
0.855819
0.0199227
0.333111
0.0227448
0.0710597
0.0469017
0.0215066
0.106619
0.575908
0.0218151
0.780575
0.0275359
0.0642833
0.019935
0.0197383
0.278211
0.0214156
0.141418
0.0209783
0.229423
0.02054
0.0359712
0.258045
0.0218212
0.895735
0.0214306
0.0222552
0.0319132
1.24366
1.20024
0.020054
0.0205704
0.0199853
0.406601
1.00205
0.0228879
0.0248737
0.0249016
0.0199598
0.021
0.0229247
0.578896
0.026497
0.0215137
0.0208737
0.0208401
0.0361513
1.54282
0.0378531
0.0205954
0.0209324
0.625881
0.021177
0.774685
0.0369022
0.311825
0.226842
0.25112
0.0208707
0.0215125
0.0229601
0.022058
0.0239463
0.0212219
0.0513944
0.425319
0.0204545
0.579127
0.020833
0.603451
0.0216373
0.266003
0.0244461
0.0258878
0.0211205
0.0206163
0.0212447
0.449662
0.124204
0.0214652
0.0300543
0.0216527
0.0225377
0.0232961
0.240537
0.0245148
0.0643367
0.0208587
0.0260616
0.0211912
0.0198829
0.0217682
0.0209612
1.77387
0.0211518
0.0225912
0.0224671
0.0222933
0.0199118
0.0461754
0.021485
0.0220122
0.0208861
0.0210115
0.129339
0.0210544
0.0774622
0.0204753
0.0210228
0.020864
0.573146
0.0209812
0.0678202
0.0216326
0.0214596
0.0208889
0.0797904
0.14306
0.599036
0.14973
0.650974
0.0214033
0.022852
0.232846
0.0199617
0.276912
0.28334
0.0459484
0.0860401
0.0224952
0.107258
0.0243837
0.346703
0.235484
0.0224294
0.0215955
0.119216
0.886303
0.0241622
0.023405
0.0212065
0.0229864
0.0313427
0.0208811
0.0200196
0.0221074
0.0326611
0.031846
0.0231913
0.421823
0.0209078
0.020022
0.192072
1.4032
0.0322859
0.0220659
0.0236276
0.0206096
0.019952
0.338081
0.0199209
0.0223629
0.0989093
0.0898778
0.0221303
0.592789
0.132575
0.0586373
0.390607
0.229316
0.0225104
0.0621901
0.0217437
0.0208479
0.0213581
0.0215396
0.0221619
0.422368
0.0226916
0.33503
0.0207719
0.0354802
0.0218798
0.0321463
0.0248851
0.0220301
0.0369178
0.0207235
0.019966
0.0647948
0.0225348
0.027113
0.0220925
0.0200651
0.20167
1.35146
0.025559
0.0195813
0.0195553
0.0202154
0.0234932
1.44217
0.0635912
0.402949
0.029611
0.292374
0.021676
0.0276495
0.0255734
0.0231849
0.0851808
0.0211347
0.0210163
0.335617
0.0312483
0.297743
0.0210795
0.435376
0.212188
0.0242815
0.03548
0.0230401
1.46132
0.0215059
0.0240344
0.245288
0.0250924
0.0210936
0.0249136
0.0217006
0.0205446
0.0209987
0.151748
0.021783
0.0247475
0.4971
0.0342209
0.0246768
0.0299749
0.0779292
0.0423989
0.0637985
0.0199708
0.0215162
0.0219924
0.0246421
0.0211979
0.659033
0.256474
0.0230621
0.611575
0.0348317
0.0369838
0.0215418
0.253224
0.0212563
0.0836844
0.060354
0.020708
1.21171
0.396195
0.0208605
0.0214755
0.0214141
0.183745
0.600245
0.0253491
0.0418536
0.0207782
0.189693
0.267713
0.254391
0.0221172
0.0213942
0.362303
0.51102
0.0211056
0.0213638
0.0200671
0.0217947
0.0215967
0.0239639
1.37848
0.0213127
0.0244476
0.503627
0.0216705
0.0221934
0.0240736
0.636811
0.0215265
0.0257231
0.0636054
0.0218122
0.0200319
0.0218712
0.0209159
0.022423
0.259375
0.036874
0.0218871
0.0579536
0.0259905
0.0407292
0.0213546
0.0243016
0.022259
0.0217834
0.231379
0.0228289
0.0221973
0.025348
0.02244
0.0208507
0.0244949
0.021227
0.0793684
0.0214943
0.0210548
0.724639
0.0211072
0.451924
0.0271154
0.0209757
0.58317
0.0250018
0.029081
0.193608
0.0202475
0.596243
0.0209846
0.0213824
1.07253
0.5238
0.0202657
0.0214842
0.0207639
0.0216468
0.0676804
0.0221914
0.0216928
0.0220246
0.0228148
0.021947
0.0213277
0.0202262
0.0209656
0.0211917
0.0287829
0.0238816
0.0199967
0.0355375
0.0229978
0.507644
0.0294256
0.0302185
0.0214687
0.0212464
0.0603417
0.0232472
0.0214264
0.0217292
0.233293
0.108923
0.0213645
0.0198324
0.0558295
0.0437086
0.0197045
0.333804
0.033752
0.0215059
0.0218319
0.0491965
0.0215958
0.0280946
0.0354618
0.0224681
0.0547381
0.0710935
0.0246548
0.0198406
0.0213526
0.0198437
0.0198312
0.109723
0.0211033
0.0472438
0.041925
0.0198346
0.0218751
0.0306646
0.0216611
0.0216474
0.0213882
0.0226286
0.392347
0.0198407
0.0214966
0.280373
0.0226924
0.0215993
0.025893
0.0211223
0.0216219
0.0212016
0.021492
0.0243599
0.0220764
0.0797202
0.0541663
0.0198472
0.021423
0.0198414
0.0734828
0.0210221
0.024091
0.0213092
0.020236
0.0322215
0.020436
0.0273018
0.021404
0.0204548
0.153424
0.447761
0.0217669
0.0216267
0.0209651
0.386436
0.0620694
0.0213905
0.375972
0.429148
0.0217494
0.0208835
0.23475
0.0233649
0.254678
0.0403802
0.568881
0.0212084
0.030069
0.0787468
0.0203883
0.154341
0.34568
0.0213869
0.573039
1.21782
0.0239949
0.231809
0.0198589
0.0253314
0.039364
0.0212482
0.174323
0.0198813
0.0360538
0.0530998
0.0198463
0.0527147
0.021877
0.0219596
0.0296325
0.0232376
0.192903
0.554881
0.0200805
0.0234334
0.258465
0.0207505
0.023914
0.0208266
0.24383
0.380599
0.0205075
0.0219465
0.0241444
0.231648
0.29796
0.0268309
0.0198531
0.0209028
0.371099
0.604973
0.380339
0.022737
0.0228979
0.0246294
0.0200455
0.0223742
0.0244963
0.023109
0.0209234
0.0243908
0.328166
0.18048
0.0209777
0.143813
0.0238912
0.129539
0.461814
0.0387686
0.415192
0.151552
0.0198623
0.0971608
0.10373
0.0653352
0.187553
0.0212911
0.104494
0.156916
0.0373099
0.0243528
0.18417
0.240209
0.0210933
0.0242844
0.0237065
0.0212263
0.0598591
0.0212863
0.0222459
0.0206852
0.019905
0.0218169
0.0213625
0.0226277
0.0244769
0.398973
0.0244083
0.140965
0.020838
0.0251872
0.0215528
0.446875
0.647458
0.0211988
0.0392871
0.0224941
0.0202308
0.0212994
0.020213
0.0210896
0.0789547
0.0215966
0.176048
0.0218964
0.0209537
0.340839
0.0224933
0.0217895
0.0211392
0.021303
0.425646
0.0596487
0.405752
0.155275
0.61339
0.0215189
0.0217282
0.0220595
0.0234816
0.0402748
0.0687652
0.48108
0.0209826
0.0370605
0.0220572
0.133954
0.304064
0.0239283
0.468201
1.50861
0.0226741
0.0354389
0.0209283
0.0398267
0.0234117
0.0752183
0.0382252
0.0198844
0.96593
0.0483043
0.0216448
0.0225947
0.0218491
0.154233
0.0220725
0.0217027
0.353961
0.0208206
1.24908
0.0271069
0.0238671
0.0220434
0.0217704
0.0913443
0.0211589
0.0182971
0.0237089
0.0213098
0.0207596
0.0445887
0.0225472
0.473626
0.0229505
0.0244607
0.0241817
0.0581869
0.0227357
0.0213442
0.208551
0.0216748
0.0204308
0.0282671
0.206431
0.0244134
0.0205765
0.0226701
1.11042
0.0515107
0.0211637
0.025102
0.02024
0.085169
0.0218113
0.0218883
0.0211321
0.0745421
0.0209686
0.0207623
0.0213731
0.0694548
0.810555
0.0210516
0.0242036
0.0217595
0.0219774
0.217082
0.031274
0.0214477
0.0217009
0.0210531
0.0688864
1.44295
1.37312
0.0212364
0.112472
0.0202328
0.0201933
0.0239367
0.0219312
0.03587
0.0213542
0.0220115
0.252611
0.805621
0.0234912
0.0215031
0.0215353
0.0342842
0.0206681
0.0213253
0.0316675
0.021497
0.0212741
0.0221915
0.0242272
0.0200027
0.38913
0.037467
0.0240741
0.0230662
0.0210565
0.0228889
1.63736
0.02137
0.0212644
0.0214892
0.0210666
0.021469
0.0209243
0.108279
0.0774617
0.0215743
0.0221016
0.0212947
0.0240151
0.0229047
0.0511175
0.0220105
0.2172
0.0213077
0.0218306
0.0215845
0.0662579
0.021493
0.23835
0.0214909
0.0215215
0.0195664
0.270058
0.0228461
0.0239606
0.30661
0.0219385
0.0214844
0.0211457
0.0214074
0.020938
0.0220385
0.0240283
0.564966
0.0215761
0.0413312
0.0594038
0.0230618
0.085291
0.0215485
0.0230793
0.0209924
0.020372
0.0202441
0.021357
0.23291
0.0725893
0.0208423
0.541238
0.0503988
0.0212558
0.301662
0.0203446
0.0315443
0.0222076
0.0210333
0.296525
0.0214897
0.0226286
0.0237237
0.0531494
0.0652233
0.0219412
0.020981
0.0224188
0.579168
0.600525
0.0338188
0.0255652
0.0214611
0.0214117
0.220393
0.021816
0.0272057
0.021129
0.270863
0.021473
0.0325818
0.021513
0.0217933
0.03087
0.0284837
0.0297323
0.0220443
0.0218507
0.0247784
0.150433
0.043889
0.020425
0.0242209
0.0776391
0.0230585
0.0356478
0.0216203
0.0217255
0.0213451
0.044925
0.622354
0.0463244
0.0214839
0.410886
0.0240655
0.0253128
0.0215105
0.0213461
0.0213643
0.0203172
0.0514215
0.025116
0.0222902
0.0220118
0.0213567
0.0214621
0.141675
0.0214139
0.0213971
0.0217613
0.502656
0.0710341
0.0214489
0.0212123
0.0214835
0.160001
0.0220473
0.0955511
0.0214791
0.0490458
0.0214544
0.021727
0.0411932
0.0216863
0.0296155
0.0217039
0.0214578
0.0203595
0.022507
0.131811
0.0218743
0.0219459
0.239814
0.0215943
0.0223515
0.0219935
0.0216198
0.0213207
0.0219467
0.0501327
0.0207747
0.0208306
0.0209533
0.352372
0.0236036
0.38972
0.0215198
0.0217462
0.145541
0.265656
0.288998
0.0248757
0.0297946
0.304484
0.0215149
0.317238
0.0222296
0.0962611
0.0209776
0.0296956
0.29117
0.0195832
0.0233608
0.0225571
0.0223525
0.0201198
0.0366631
0.0209004
0.30482
0.0216726
0.0213955
0.0217741
0.0200606
0.0217939
0.100357
0.0213523
0.0211464
0.0211478
0.0216529
0.0213766
0.456946
0.373885
0.0518487
0.0215128
0.0201993
0.0232931
0.0214843
0.0213309
0.0895879
0.0359413
0.0227322
0.0213227
0.596539
0.0225608
0.589207
0.124362
0.0227204
0.0203179
0.0212876
0.0319388
0.568704
0.0216503
0.0212288
0.0442408
0.104179
0.0397029
0.546531
0.0213095
0.0239657
0.0237292
0.019923
0.0217386
0.350343
0.439639
0.87031
0.021274
0.608578
0.0217269
0.0215138
0.0244769
0.0218905
0.0244908
0.0322249
0.0212449
0.0214836
0.0213443
0.0208885
0.0199566
0.021181
0.0243052
0.171296
0.0260076
0.0195679
0.0199863
0.0212747
0.0218132
0.0213411
0.0245379
0.0219338
0.0219794
0.0219024
0.300233
0.0212554
0.0230082
0.0569292
0.0213072
0.0212882
1.02429
0.0212829
0.0213641
0.0212305
0.180181
0.0269195
0.0351814
0.0217754
0.553226
0.0201628
0.0201769
0.02044
0.0212638
0.0355218
0.0212734
0.0216521
0.0381513
0.0213619
0.348772
0.0257858
0.0274191
0.021735
0.316687
0.0291834
0.0214882
0.0211395
0.0220113
0.0215581
0.0213328
0.348235
0.020975
0.0439875
0.0211804
0.0218242
1.61984
0.0210861
1.29995
0.0692548
0.0213093
0.0540239
0.0211624
0.0218963
0.0212555
0.0217635
0.0207529
0.0213428
0.0213305
0.0214263
0.0962432
0.0215026
0.0209704
0.0218051
0.0208091
0.021217
0.0212188
0.0214218
0.0205605
0.02131
0.0212931
0.0213757
0.0212667
0.0219003
1.07714
0.0215655
0.0219554
0.0431899
0.225483
0.0202177
0.0260601
0.0209886
0.0221085
0.0212964
0.0215692
0.774535
0.224631
0.0211202
0.0227881
0.15674
0.0215854
0.0124085
0.622032
0.01994
0.424148
0.0214823
0.0542514
0.0237128
0.0735654
1.44893
0.438198
0.0209997
0.0211214
0.0200683
0.0241699
0.0552229
0.022544
0.0542483
0.185315
0.0213833
0.238037
0.0419705
0.0210585
0.0204141
0.0308723
0.0296802
0.0213181
0.0210406
0.0202849
0.0241878
0.0240859
0.0245647
0.0239896
0.0243508
0.545858
0.0211005
0.0213063
0.0211672
0.18667
0.0244255
0.024516
0.139077
0.31999
0.0215691
0.0210606
0.0243156
0.0212329
0.0312738
0.0213567
0.0220399
0.0418571
0.0246778
0.0410262
0.0199127
0.287921
0.0337148
0.074507
0.239269
0.610987
0.0211354
0.0213454
0.0213355
0.0548978
0.021414
0.020888
0.0213383
0.0282018
1.29218
0.23071
0.024193
0.022374
0.168185
0.0340089
0.274876
0.0416356
0.040275
0.0341404
0.254863
0.270674
0.0211203
0.0211336
0.0211588
0.0475082
0.0229265
0.0416672
0.0209351
0.0212512
0.0212984
0.167771
0.0211881
0.0212481
0.021074
0.0314845
0.0209567
0.0211699
0.0203327
0.0252093
1.15523
0.0276323
0.0238843
0.0215056
0.752311
0.0275752
0.0203036
0.0213274
0.00457078
0.11523
0.0215842
0.0216556
0.16858
0.0212003
0.0210152
0.0209724
0.0215709
0.0445855
0.0210111
0.0215439
0.0211291
0.0216755
0.0212798
0.0211604
0.0210679
0.0212659
0.0214209
0.039687
0.0212478
0.0207007
0.046241
0.0495
0.0381957
0.0550543
0.0209907
0.242241
0.0212897
0.0333391
0.0210984
0.0520684
0.0211573
0.0212362
0.0201583
0.0503833
0.0244714
0.0212119
0.52816
0.0212667
0.0201585
0.0212809
0.0220385
0.0258887
0.0209653
0.69544
0.0214565
0.0222321
0.037911
0.0214575
0.0302334
0.0210112
0.0207423
0.0211968
1.29187
0.0271584
0.0262174
0.0374513
0.327581
0.0252112
0.0402136
0.0245766
0.0213258
0.0198398
0.174076
0.0358626
0.0209877
0.0337471
0.0209261
0.0210331
0.409637
0.0205798
0.0213115
0.148601
0.0399942
0.708052
0.0213725
0.021049
0.0286311
0.0209474
0.0200951
0.262669
0.021265
0.0167184
0.75628
0.980166
0.0213317
0.0222776
0.0211371
0.0201597
0.0210521
0.0215805
0.0214053
0.0320472
0.0207337
0.0222522
0.0214283
0.0224598
0.023832
0.612351
0.0242763
0.0218442
0.140145
0.17422
0.0213138
0.0391588
0.0217502
0.0213017
0.0214437
0.0209874
0.0241073
0.094359
0.0226944
0.0212188
0.0242195
0.0219705
0.0197874
0.0210553
0.0213792
0.0254831
0.0208184
0.0211995
0.0221253
0.0215764
0.679135
0.0213688
0.022307
0.043267
0.0225366
0.0202302
0.187775
0.559272
0.643004
1.30349
0.0556245
0.0206563
0.022124
0.546777
0.283515
0.0372392
0.267789
0.229068
0.0214763
0.249757
0.710436
0.0215491
0.0306953
0.0218968
0.687997
0.222811
1.3046
0.0219976
0.021014
0.046054
0.021349
0.0214923
0.0395747
0.158572
0.0213406
0.0214162
0.0211425
1.31245
0.0211183
0.0210836
0.0212361
0.0210109
0.0210274
0.0234035
0.0218067
0.0209669
0.0215078
0.0291898
0.493949
0.614489
0.0213226
0.0211747
0.0226329
0.0213032
0.0210027
0.0211335
1.46148
0.0212796
0.0322055
0.0211463
0.0216444
0.0203087
0.0213531
0.505131
0.353938
0.0205864
0.0219484
0.264797
0.609938
0.310077
0.697796
0.0213838
0.0292453
0.0211242
0.0197801
0.0211338
0.020178
0.0210816
0.0212499
0.0216345
0.104703
0.0199335
0.0392073
0.623592
0.0201209
0.158363
0.038297
0.021898
0.0211397
0.0212118
0.0215591
0.0210473
0.170755
0.0198613
0.0210952
0.532935
0.0211175
0.0212985
0.0209884
0.0487268
0.0213782
0.0213658
0.547172
0.0207193
0.0206551
0.0211181
0.0271685
0.021255
0.01967
0.021113
0.0199498
0.595872
0.282943
0.021046
0.0351925
0.0198212
0.0212771
0.0230221
0.274294
0.109175
0.0200138
0.0242496
0.0213194
0.0211671
0.0211343
0.0211094
0.259095
0.221365
0.0213476
0.0218568
0.0212307
0.0209656
0.0210861
0.0243534
0.0265029
0.54993
0.0213583
0.0236882
0.174768
0.0211426
0.0240317
0.0551201
1.37619
0.0206106
0.0209509
0.0216392
0.021164
0.0209787
0.274859
0.021069
0.239718
0.022818
0.0218315
0.0240503
0.264659
0.0207507
0.47301
0.349284
0.0276334
0.0252257
0.0211912
0.0224554
0.23815
0.0208216
0.0271596
0.0209594
0.020018
0.0200794
0.0201451
0.0211479
0.559805
0.021673
0.397458
0.0548042
0.0651901
0.562047
0.019803
0.0213749
0.0225047
0.0273196
0.0211777
0.0569773
0.0353664
0.0200091
0.0209332
0.262954
0.020926
0.028755
0.228132
0.021061
0.290257
0.02182
0.0396006
0.0785068
0.0213853
0.0206562
0.0366548
0.0504572
0.0212654
0.0225972
0.0201824
0.0205643
0.0208694
0.343209
0.0210006
0.0202179
0.0439558
0.0201245
0.296741
0.0214041
0.0211808
0.0211601
0.491201
0.0209723
0.0208922
0.405139
0.0610823
0.035504
0.021495
0.0201434
0.0323826
0.0656573
0.363855
0.130779
0.0237894
0.0241554
0.0216074
0.0212771
0.0245149
0.0217559
0.0211115
0.0203849
0.164628
0.0244989
0.0209236
0.019643
0.0215561
0.0206378
0.021647
0.0258306
0.513921
0.0650413
0.0277257
0.098416
0.399598
0.0207309
0.0209448
0.0219884
0.0316512
0.0201721
0.0215965
0.0209099
0.0209984
0.0211563
0.0443018
0.0213387
0.550654
0.0212649
0.0208867
0.372948
0.0339072
0.0216438
0.0208947
0.0208524
0.603433
0.0706328
0.0215146
0.0202419
0.0218353
0.0209351
0.0212389
0.0210191
0.0928706
0.0210003
0.0208476
0.0415349
0.0205038
0.0582547
0.0240532
0.0210397
0.0213198
0.216829
0.532821
0.380619
0.110119
0.023824
0.0223289
0.0216724
0.0212461
0.0306427
0.0208462
0.0719828
0.789628
0.0226848
0.0382711
0.261397
0.0208698
0.331982
0.0274745
0.849525
0.0222386
0.0207964
0.0208174
0.0217386
0.0210899
0.487105
0.449951
0.329895
0.0212311
0.0209156
0.0208554
0.441832
0.0274077
0.380126
0.0208775
0.0214097
0.379533
0.0210305
0.0824734
0.51103
0.0208747
0.0214678
0.0197654
0.0212384
0.236218
1.53082
0.0208582
0.021065
0.0207685
0.266757
0.0211565
0.0232528
0.119944
0.0302355
1.53032
0.247267
0.593603
0.0212456
0.025826
0.0215403
0.0210976
0.0226274
0.0227199
0.0204853
0.0211383
0.463839
0.0213378
0.0200803
0.142347
0.0202339
0.0210716
0.494626
0.0390837
0.0200147
0.0202154
0.039018
0.346112
0.0381081
0.693381
0.0206426
0.590065
0.0209791
0.0222513
0.229718
0.722662
0.116392
0.0255754
0.492099
0.0255961
0.179469
0.0206702
0.0210166
0.0202747
0.0212912
0.220564
0.020778
0.043071
0.020335
0.0225037
0.0214354
0.365151
0.0213195
0.22804
0.0257936
0.0276303
0.0245879
0.021805
0.0362229
0.0197427
0.0341886
0.0212713
0.037747
0.0215693
0.0412275
0.110622
0.0310162
0.524375
0.0207995
0.00932829
0.0239613
0.0302125
0.0213913
0.0653697
0.0217382
0.0208869
0.0212071
0.0442685
0.0214804
0.0319285
0.414528
0.026769
0.0733366
0.0208359
0.0200059
0.0695154
0.0362869
0.157225
0.605904
0.0208861
0.0110446
0.365616
0.0411816
0.0207418
0.500348
0.234909
0.0207846
0.021601
0.0198008
0.281079
0.446833
0.214254
0.486591
0.0208045
0.0207089
0.021692
0.0201889
0.0229464
0.0241821
0.0219632
0.0204027
0.611834
0.0231406
0.0214012
0.0207227
0.371164
0.0373311
0.023405
0.0268015
0.0249505
0.766627
0.0208031
0.109507
0.0213019
0.03193
1.0342
0.0223357
0.54832
0.0204083
0.0200546
0.0208275
0.0208332
0.0207433
0.0208665
0.0197824
0.566596
0.0239742
0.0210065
0.476047
0.020879
0.0216019
0.0206969
0.578223
0.02166
0.0227952
0.446217
0.22154
0.0209029
0.0197921
0.539352
0.0212512
0.364887
0.892331
0.0215933
0.0216544
0.0308853
0.0565292
0.592882
0.0202191
0.0206824
0.022563
0.0366449
0.0227656
0.568182
0.289744
0.0225688
0.0217003
0.0274013
0.0219856
0.188452
0.61385
0.0206017
0.423578
0.237052
0.0212798
0.0209213
0.0208976
0.0208751
0.0206813
0.0210116
0.020756
0.0234338
0.111733
0.0237552
0.0220941
0.0228986
0.0239773
0.0206583
0.0207303
0.0917869
0.0228319
0.0258742
0.020623
0.0223393
0.0205896
0.019977
0.198703
0.0213372
0.0210653
0.443548
0.592957
0.101334
0.0208804
1.29944
0.0214828
0.323521
0.562894
0.0221796
0.597089
0.020717
0.0202953
0.63633
0.020838
0.0431053
1.11558
0.361335
0.0240964
0.00704115
0.021802
0.0208529
0.021895
0.0206938
0.181755
0.223995
0.0208662
0.275976
0.5634
0.0197527
0.0207244
0.14932
0.0395554
0.0428456
0.0267888
0.264768
0.363569
0.0212678
0.529846
0.197171
0.0699089
0.587695
0.0411862
0.358441
0.0197739
0.0388424
0.0345875
0.0198413
0.225703
0.105488
0.0463303
0.0196536
0.135641
0.0204002
0.0207063
1.67372
0.36308
0.0207068
0.0224291
0.0305037
0.0199411
0.0229179
0.0208055
0.394588
0.0231453
0.0220325
0.0214695
0.224994
0.202594
0.533666
0.0335658
0.0212339
0.270163
0.0210279
0.20444
0.0262741
0.0200528
0.142856
0.0215652
0.0434589
0.0213603
1.58436
0.0211194
0.0219568
0.020233
0.0213764
0.0205335
0.0218325
0.145949
0.673869
0.0206375
1.48401
0.383802
0.0203138
0.0205924
0.360708
0.0261407
0.152642
0.28535
0.54954
0.0206042
0.0212404
0.147446
0.0266843
0.232512
0.0302413
0.0206544
0.0212595
0.0209841
0.0198117
0.0206775
0.0325686
0.0206379
0.165302
0.020898
0.0213505
0.0480134
0.0197789
0.0331181
0.401598
0.020905
0.0207875
0.020955
0.0292175
0.0196548
0.0201963
0.0353589
0.348267
0.0293435
0.0218559
0.0299949
0.020566
0.021841
0.0212456
0.568753
0.040012
0.201435
0.0412513
0.0311309
0.0292369
0.0727473
0.0210228
0.0265357
0.0196585
0.0196935
0.0266083
0.0208146
0.398086
0.262469
0.0250123
0.419405
0.031762
0.136565
0.0346915
0.0200221
0.0911681
0.0229258
0.370677
0.0213189
0.0204701
0.0201287
0.0300262
0.0879299
0.104662
0.343505
0.0209662
0.171956
0.0206238
0.373011
0.0413528
0.0204984
0.0233454
0.0216465
0.386284
0.204422
0.0216299
0.0196541
0.395752
0.0248515
0.0348843
0.0214604
0.0217588
0.379489
0.269791
0.0205763
0.027306
0.0207514
0.0238014
0.0217271
0.222325
0.0207106
0.022834
0.0325398
0.0213353
0.0208439
0.203518
0.308256
0.0214562
0.0214026
0.021649
0.020625
0.0205362
0.361359
0.369675
0.020924
0.027148
0.020826
0.0213576
0.0213459
0.0211401
0.362923
0.364768
0.152878
0.349128
0.0207547
0.0272155
0.0208361
0.0224777
0.552946
0.0221703
0.0077305
0.02074
0.0488473
0.021471
0.364081
0.363729
0.0202178
0.0208303
0.0460147
0.0328603
0.658973
0.165879
0.0384604
0.379601
0.024218
0.0211866
0.151879
0.0207655
0.17609
0.0199218
0.036531
0.0277447
0.0208382
0.0219563
0.0208699
0.0229991
0.241173
0.0218708
0.0161506
0.0213906
0.0396572
0.0204926
0.0235339
0.364131
0.0204527
0.0351428
0.18884
0.0202035
0.402999
0.169237
0.561698
0.0204774
0.396068
0.0210797
0.0202543
0.369367
0.0204792
0.552479
0.019961
0.0208172
0.0205521
0.0237671
0.346694
0.0207482
0.299615
0.0198422
0.0267462
0.0653674
0.0216429
0.381041
0.263551
0.0323322
0.0849172
0.0221473
0.0205625
0.108842
0.0205112
0.0203658
0.021038
1.81448
0.193171
0.594395
1.38243
0.0201124
0.0210363
0.02024
0.493952
0.0206927
0.606156
0.0334119
0.0212351
0.350048
0.580769
0.0836565
0.0203902
0.02018
0.0262745
0.0213209
0.0520842
0.464419
0.0203202
0.0232435
0.0207168
0.339735
0.351487
0.0213955
0.110982
0.0209767
0.0213956
0.0198782
0.0204148
0.0725408
0.340892
0.020447
0.0416149
0.357221
0.0199979
0.324341
0.020674
0.0208842
0.0320509
0.0202807
0.181272
0.0198251
0.10204
0.579596
0.0197731
0.020092
0.0208554
1.64553
0.0255053
0.346379
0.149299
0.0200361
0.0236139
0.368332
0.0205162
0.506463
0.137525
0.0206664
0.257612
0.52865
0.355936
0.324624
0.363082
0.0203743
0.316753
0.140349
0.253132
0.186626
0.0204867
0.0203359
0.0207407
0.0962815
0.0203069
0.0201585
0.344715
0.0535107
0.0212991
0.0203511
0.0208483
0.0202813
0.0202847
0.0458945
0.020819
0.181422
0.235261
0.0441176
0.0241496
0.0206425
0.0204018
0.247996
0.359966
0.698319
0.377669
0.0205255
0.0206783
0.0339304
1.39052
0.139893
0.020421
0.595833
0.305047
0.0199081
0.0350476
0.0801634
0.0201473
0.0209763
0.0209639
0.0217218
0.0200956
0.351565
0.0804704
0.0212216
0.244341
0.0213718
0.0335799
0.0209012
0.0213299
0.055709
0.0133481
0.025296
0.0203253
0.0198203
0.0202921
0.0202937
0.320628
0.0236894
0.352126
0.0609816
0.132314
0.0218721
0.0203199
0.0229086
0.106854
0.0212537
0.264124
0.022121
0.0197723
0.0287656
0.491936
0.0237276
0.0520136
0.0298743
0.124828
0.122961
0.0202678
0.0239328
0.0207082
0.228651
0.020733
0.347706
0.352357
0.0707803
0.360013
0.0363793
0.158428
0.323955
0.0210439
0.0203757
0.0210563
0.0206674
0.201413
0.0206541
0.0206885
0.0242804
0.0220244
0.0202068
0.344027
0.136607
0.122514
0.0202416
0.717303
0.23092
0.0769013
0.0214645
0.0204125
0.0232484
0.0201753
0.361034
0.0273508
0.0202813
0.0824736
0.0206064
0.407232
0.0468273
0.0206379
0.584391
0.204039
0.0203462
0.198397
0.402651
0.0341961
0.0212406
0.338969
0.356497
0.0196564
0.0205163
0.257034
0.0578494
0.0214363
0.353729
0.0210866
0.0203959
0.0205541
0.0203348
0.107706
0.0201892
0.0203651
0.174065
0.0288299
0.0205151
0.0209647
0.21054
0.285221
0.0215491
0.209187
0.0203815
0.509493
0.0900855
0.0215456
0.0202166
0.538462
0.0633276
0.0232376
0.0201102
0.375961
0.0255225
0.0202226
0.349738
0.0209116
0.246805
0.0204776
0.380229
0.218928
0.357332
0.34508
0.0204191
0.321206
0.0214487
0.0961758
0.200486
0.0201598
0.0358076
0.0201191
0.402772
0.0206934
0.020339
0.0199557
0.0204612
0.0202622
0.0201156
0.0440123
0.021447
0.0622881
0.023734
0.0197983
0.0244605
0.35436
0.0205761
0.184488
0.0202613
0.0210983
0.0591706
0.022869
0.319791
0.023794
0.0354668
0.0200782
0.0201443
0.0230579
0.0214969
0.0202363
0.0251846
0.0220669
0.111073
0.0201857
0.0226314
0.0205564
0.256094
0.273795
0.0217799
0.0304011
0.0211523
0.0364461
0.0254072
0.0202417
0.272269
0.0207411
0.0199096
0.164409
0.515127
0.0328987
0.216702
0.0229701
0.184087
0.0459595
0.0218188
0.247527
0.0952103
0.0204219
0.228394
0.347574
0.0213185
0.0202053
0.0775395
0.31135
0.192543
0.267279
0.279557
0.021071
0.0202348
0.302748
0.284267
0.0210333
0.0198556
0.0208363
0.0230685
0.0202146
0.0201075
0.215215
0.0474946
0.0200567
0.196168
0.396013
0.030786
0.355543
0.0201262
0.0201434
0.346581
0.217757
0.0322496
0.0237321
0.204639
0.0200479
0.230825
0.251448
0.0236795
0.0241143
0.0222226
0.0203225
0.251508
0.020498
0.0201011
0.137874
0.0314823
0.0204994
0.311881
0.22566
0.0238344
0.0708253
0.326057
0.0205102
0.0202909
0.0212679
0.026522
0.0210778
0.392413
0.0213221
0.0201842
0.141557
0.0200613
0.106247
0.0975692
0.0200545
0.158547
0.115455
0.454636
0.0210708
0.0201525
0.0200822
0.392618
0.0203249
0.303396
0.0573857
0.223706
0.10896
0.0227897
0.0211951
0.0210692
0.0232036
0.271364
0.0202271
0.226108
0.144345
0.104871
0.0198746
0.186314
0.0290874
0.352006
0.606175
0.0200886
0.0205145
0.368487
0.0211139
0.0200693
0.204053
0.0210837
0.0212502
0.556599
0.558133
0.0200885
0.0204037
0.21787
0.230359
0.234627
0.348637
0.0197463
0.0390427
0.0202402
0.01995
0.122124
0.0202113
0.0202162
0.0198811
0.202854
0.0197328
0.0199674
0.247593
0.0201823
0.0221018
0.020571
0.0230034
0.0202841
0.242715
0.132483
0.0202053
0.020244
0.0205009
0.0199569
0.0199748
0.0201215
0.0203347
0.0205395
0.0200062
0.020408
0.249255
0.0201838
0.0203586
0.0213403
0.0197324
0.0584676
0.0197484
0.02016
0.0279869
0.309261
0.0222259
0.24916
0.0214579
0.0198174
0.0201929
0.238655
0.0203513
0.0593125
0.0223456
0.0618864
0.0211357
0.0199539
0.210725
0.0360782
0.237112
0.30625
0.240536
0.0199805
0.0197719
0.0310056
0.0212789
0.11767
0.251816
0.0215079
0.0211176
0.0199477
0.156894
0.0199243
0.0197743
0.0206666
0.0302222
1.42217
0.230033
0.0201299
0.0218207
0.0202712
0.246209
0.0301495
0.0216737
0.0225266
0.0221669
0.0221601
0.206012
0.0218979
0.0884474
0.207708
0.0201734
0.0202024
0.0241504
0.0926356
0.0199827
0.0199008
0.0208554
0.0340848
0.396033
0.0200975
0.0212826
0.0203476
0.0222772
0.0201431
0.0213661
0.357305
0.294503
0.0202166
0.0219837
0.0202867
0.0214266
0.0205582
0.0201601
0.256191
0.0259533
0.0197429
0.250445
0.022104
0.282896
0.0238808
0.0219654
0.252729
0.0210538
0.240168
0.0205009
0.0198116
0.377333
0.250225
0.110551
0.0243346
0.0206936
0.0202446
0.0229438
0.0718359
0.0202073
0.034583
0.0389243
0.0201213
0.68649
0.0198991
0.0199164
0.0206361
0.0201809
0.350619
0.0205713
0.0200845
0.0219109
0.0326989
0.242154
0.0199495
0.0212393
0.0204326
0.349051
0.327339
0.0203584
0.0199957
0.0202924
0.415723
0.0630454
0.38238
0.020023
0.0226727
0.445679
0.0209329
0.0199324
0.398483
0.128795
0.0203943
0.152104
0.0199949
0.239469
0.543745
0.0436374
0.252739
0.0203773
0.020219
0.0200294
0.0199329
0.020774
0.0197194
0.020227
0.0198534
0.025795
0.247011
0.0238078
0.0211262
0.0201598
0.0211011
0.0371112
0.0996399
0.0199355
0.0211003
0.0200122
0.0205489
0.0284167
0.0200673
0.0202006
0.00908167
0.101317
0.333494
0.0199658
0.111023
0.0319207
0.0199588
0.0217717
0.0199004
0.256999
0.0198972
0.250544
0.0496555
0.257859
0.143577
0.33752
0.022751
0.0386354
0.02002
0.112662
0.210806
0.246484
0.0365411
0.022505
0.191076
0.0201334
0.0230988
0.337217
1.38175
0.0216555
0.161918
0.0219426
0.0214904
0.0203976
0.223497
0.0199529
0.0202721
0.126615
0.0220904
0.271701
0.020199
0.138997
0.0200358
0.021863
0.0236362
0.0359988
0.0196364
0.020094
0.234863
0.0208902
0.025104
0.0218171
0.166789
0.209603
0.0212345
0.719479
0.0456701
0.0207046
0.0216641
0.603367
0.169644
0.239873
0.0493447
0.0209681
0.0197393
0.518177
0.0969994
1.10774
0.0203467
0.332454
0.0231375
0.0217701
0.0210954
0.0201641
0.0235419
0.0198299
0.0199072
0.021023
0.0202985
0.0275545
0.0203019
0.0213862
0.0212609
0.0227883
0.0224241
0.0197976
0.0204216
0.119998
0.020932
0.183304
0.108177
1.47466
0.0214555
0.267073
0.0101679
0.0203619
0.0198008
0.0203342
0.239943
0.0209918
0.182214
0.0291818
0.0220948
0.0208986
0.0231246
0.0206662
0.279045
0.0233279
0.058616
0.0224577
0.230975
0.0312043
0.0270554
0.0198017
0.0213891
0.0208796
0.262915
0.0202176
0.0215895
0.0201496
0.0198176
0.27028
0.403364
0.0224133
0.0204381
0.020007
0.0201933
0.0198118
0.239586
0.0202219
0.0197333
0.258356
0.0209992
0.0209264
0.0232884
0.0199111
0.145349
0.0210118
0.0217905
0.0202507
0.0197598
0.0201822
0.0197669
0.0817168
0.208151
0.0198289
0.0430775
0.0327087
0.23319
0.0223482
0.0221452
0.28289
0.0217914
0.0221236
0.0217949
0.020042
0.0213471
0.0196192
0.223611
0.0204522
0.0198111
0.0199333
0.0197922
0.187727
0.0202568
0.0211546
0.0208119
0.0241853
0.245192
0.0197977
0.0204589
0.211211
0.246505
0.0197949
0.278303
0.0197472
0.0213878
0.0222652
0.339948
0.262092
0.647741
0.0201099
0.019837
0.0180787
0.225598
0.0197378
0.0200341
0.0202464
0.0197736
0.0214222
0.0197634
0.0213954
0.0201418
0.020837
0.0207618
0.0278632
0.0197991
0.0198207
0.25163
0.0201597
0.020487
0.0198109
0.0198038
0.019982
0.0198023
0.0198995
0.242564
0.0197942
0.0205526
0.0258681
0.0197222
0.249275
0.0198487
0.0196408
0.0436572
0.0213642
0.0197486
0.0199076
0.0199305
0.0197979
0.565268
0.221316
0.0205464
0.022835
0.0232384
0.0203087
0.130345
0.0215708
0.0201705
0.0201068
0.280386
0.0198972
0.0208424
0.0199323
0.0203619
0.0223609
0.0201391
0.0693283
0.0228009
0.0209588
0.0216979
0.0200008
0.235636
0.352845
0.0197343
0.0210169
0.243346
0.1329
0.267811
0.220153
0.0190015
0.0201135
0.362649
0.0197604
0.0214341
0.0250479
0.026712
0.139025
0.0209126
0.0200632
0.02062
0.0201424
0.328914
0.022937
0.0234285
0.0204819
0.0207012
0.0197136
0.0226588
0.0208794
0.0203244
0.353582
0.0216976
0.0206872
0.020191
0.0198097
0.222959
0.0241618
0.0198033
0.0108574
0.0200328
0.020138
0.0214308
0.0198884
0.0209357
0.0387616
0.0204191
0.253398
0.0207928
0.0200156
0.020176
0.251013
0.0209447
0.0204471
0.0220604
0.66833
0.0198029
0.0201818
0.0741504
0.562572
0.0201328
0.241158
0.375199
0.0210884
0.0198856
0.238921
0.020193
0.179143
0.0219001
0.0202015
0.0287456
0.0211264
0.0216444
0.0209402
0.0204779
0.0208754
0.238049
0.0197602
0.24387
0.0242295
0.0215178
0.0227635
0.0198841
0.0202109
0.0238562
0.0198935
0.020967
0.0213031
0.0216746
0.0198228
0.021995
0.0223877
0.0198089
0.0221976
0.0210884
0.0197826
0.0201631
0.020622
0.127954
0.106972
0.228243
0.021298
0.0197563
0.0197652
0.363177
0.0204937
0.0680551
0.0203142
0.225808
0.127553
0.16879
0.0197838
0.430141
0.0210973
0.0251131
0.0677202
0.0200735
0.042723
0.0235336
0.0197211
0.0207435
0.0198879
0.0197238
0.0200663
0.0460799
0.929897
0.0204282
0.0246502
0.0197188
0.0198112
0.0212622
0.102377
0.239962
0.0402338
0.0203329
0.0197328
0.233593
0.0198275
0.248916
0.0202668
0.0209701
0.0207179
0.02084
0.0211626
0.0208649
0.0199138
0.021052
0.264332
0.250073
0.0196197
0.0213051
0.0199056
0.401846
0.0197864
0.0203227
0.0196361
0.0197507
0.0222526
0.0222977
0.0219096
0.0203066
0.243374
0.223855
0.0219072
0.0207136
0.0200478
0.0196206
0.0201251
0.0206132
0.0199408
0.0196341
0.103638
0.0223073
0.022279
0.0197261
0.225401
0.0202418
0.0202485
0.0248913
0.0200142
0.0198844
0.0326617
0.0204944
0.0893505
0.182038
0.0197066
0.0196429
0.0214871
0.0204681
0.0603571
0.0214396
0.0197455
0.0205089
0.0201587
0.0223219
0.0222883
0.0651278
0.0197488
0.023698
0.0217765
0.0199731
0.0209464
0.0224921
0.0206583
0.0199861
0.0217618
0.0214528
0.0223067
0.0222056
0.0567664
0.0215501
0.0198234
0.220332
0.0330797
0.0200707
0.26637
0.0197746
0.0662722
0.223099
0.0208218
0.0233879
0.0203965
0.0224875
0.0223964
0.020177
1.21346
0.020229
0.020134
0.0208267
0.0672288
0.0265941
0.0196048
0.020372
0.0206929
0.0222861
0.0203192
0.156023
0.316819
0.0404353
0.0225177
0.0201282
0.0198246
0.0228562
0.020492
0.0231989
0.0600866
0.0209356
0.0214766
0.0208188
0.340974
0.0197751
0.0204522
0.269722
0.0224657
0.0196546
0.0209199
0.0197941
0.284627
0.0237552
0.0198338
0.0196368
0.0206787
0.0197761
0.0201638
0.247848
0.0198187
0.231723
0.0224528
0.197028
0.025649
0.0215772
0.0233932
0.0237339
0.231281
0.0907479
0.481768
0.0259046
0.0196331
0.0201228
0.0206361
0.267511
0.0196497
0.253464
0.224879
0.0227317
0.0235849
0.0230025
0.0230176
1.27177
0.276085
0.0198445
0.0200747
0.0200573
0.0209359
0.0202045
0.0233524
0.0220371
0.022936
0.0229799
0.0197781
0.0196981
0.240742
0.0205198
0.0198256
0.0203945
0.0199895
0.0199829
0.0860373
0.0230715
0.0197977
0.0233527
0.0982891
0.0222795
0.01956
0.0195618
0.0263441
0.109001
0.0208312
0.0269111
0.0214117
0.0197688
0.260192
0.0203265
0.0307179
0.20612
0.0207682
0.019597
0.0207624
0.0196723
0.0223258
0.0208627
0.0197088
0.0228602
0.0201421
0.0211165
0.0196291
0.0210605
0.0225295
0.0196067
0.242291
0.0467598
0.0197081
0.0208241
0.0198889
0.265517
0.0206349
0.0196636
0.0197051
0.256958
0.224853
0.0219321
0.0225961
0.0225126
0.0226396
0.0226299
0.02247
0.0225442
0.0225729
0.0226144
0.0224956
0.0224091
0.0225252
0.0224561
0.0223878
0.0226602
0.0226553
0.0222787
0.0222858
0.233759
0.0223276
0.0223309
0.0223769
0.0223216
0.0223272
0.0223935
0.0225692
0.0230741
0.0223788
0.0195832
0.0195386
0.022323
0.0223032
0.219646
0.229715
0.229219
0.0873526
0.0248166
0.0205661
0.0197083
0.0195338
0.0199104
0.0223328
0.0223324
0.0223275
0.0222693
0.0223539
0.0224219
0.0225758
0.0226603
0.0227748
0.0230265
0.0223644
0.0223533
0.227948
0.0223538
0.229604
0.0218378
0.0223074
0.0223631
0.0223236
0.0223259
0.0223125
0.0223738
0.0223283
0.0200829
0.0223225
0.0223829
0.0209975
0.0628408
0.231309
0.0205158
0.0285433
0.0423271
0.0206399
0.0209224
0.0230179
0.0198005
0.0216235
0.117859
0.333565
0.0209402
0.284027
0.0199839
0.0197187
0.0214963
0.281888
0.201132
0.0211007
0.0197931
0.0197639
0.586363
0.0198945
0.0218979
0.0199319
0.0201364
0.0340148
0.397401
0.176129
0.0331094
0.0198296
0.0207816
0.0206061
0.0208368
0.0197854
0.195689
0.247032
0.0211271
0.0198984
0.0196496
0.255032
0.0197401
0.0198198
0.0200465
0.0315084
0.247301
0.139125
0.0202439
0.0422173
0.0208237
0.0294633
0.351753
0.0201241
0.0312494
0.0198932
0.387253
0.0211994
0.0876168
0.211101
0.0196169
0.0199843
0.047166
0.0197355
0.191613
0.239281
0.021186
0.785035
0.0209521
0.0204723
0.0198838
0.0206074
0.0203436
0.0198673
0.0199322
0.0198548
0.02
0.0201034
0.244374
0.026979
0.371063
0.204795
0.020093
0.0196728
0.0300613
0.0200903
0.0198531
0.0197949
0.0206095
0.0200194
0.020819
0.0197642
0.0208388
0.0198934
0.0223339
0.0198123
0.0207916
0.0211245
0.101267
0.0210227
0.0275613
0.0198749
0.0181354
0.0203449
0.0200765
0.0208625
0.0303278
0.0218139
0.0214799
0.020086
0.0196189
0.0196367
0.0195986
0.0205776
0.227046
0.0202868
0.0197194
0.0199125
0.0208962
0.038435
0.0208418
0.019877
0.334641
0.0219967
0.0213336
0.049429
0.0210041
0.0276943
0.0216147
0.0198474
0.0201408
0.35608
0.0204186
0.0208626
0.0198996
0.0198762
0.153726
0.269149
0.0199925
0.0197557
0.0196716
0.0201984
0.0197696
0.0197735
0.0247627
0.0196883
0.0205812
0.0208745
0.317865
0.0298641
0.0201336
0.019694
0.340427
0.0197673
0.0200174
0.0217489
0.019599
0.114752
0.0201947
0.019903
0.0212726
0.0214457
0.0211266
0.0198483
0.0196743
0.396629
0.0198231
0.0204455
0.0201558
0.0195981
0.0204242
0.0213267
0.0203735
0.0197227
0.0222953
0.0208203
0.0202033
0.0225847
0.0201029
0.0208311
0.0210567
0.308667
0.0240689
0.0231676
0.109517
0.0196204
0.0204077
0.0204179
0.0200016
0.020047
0.0202416
0.0197138
0.0195823
0.0201943
0.108169
0.0218438
0.0199293
0.0211942
0.0201217
0.0200208
0.246081
0.0204201
0.021041
0.0201724
0.0196324
0.0198252
0.11491
0.0207101
0.0197852
0.0202966
0.019689
0.0198277
0.160287
0.022007
0.0196169
0.0197496
0.0254938
0.0403597
0.0203696
0.0200215
0.0196969
0.0216749
0.019604
0.0219688
0.0198352
0.0205113
0.0198153
0.0197032
0.0229827
0.0199245
0.0198744
0.0200816
0.0196711
0.0196879
0.0199406
0.021918
0.219719
0.019931
0.0234914
0.0198065
0.0201227
0.0200957
0.0199369
0.0201431
0.0607574
0.244436
0.022118
0.0303775
0.0198367
0.0196955
0.0199717
0.0199036
0.0197848
0.0199246
0.0208843
0.0216183
0.0200636
0.0214301
0.0199612
0.0202342
0.0973332
0.0213709
0.0267022
0.0197118
0.0212665
0.0217855
0.0202319
0.0207413
0.0197495
0.189136
0.0201369
0.0523444
0.0196526
0.0207069
0.228316
0.0331721
0.0210678
0.020313
0.0202022
0.0196879
0.0205043
0.0204752
0.020281
0.252702
0.0207013
0.0197852
0.267464
0.0237988
0.0209232
0.0232598
0.0197401
0.0207388
0.136464
0.0085905
0.0205018
0.0203057
0.0207905
0.019898
0.275384
0.0197318
0.0197378
0.0200887
0.0391849
0.0203897
0.0207372
0.0209772
0.890444
0.0201703
0.021654
0.0198101
0.0199819
0.161499
0.0198917
0.0217846
0.0197671
0.0225857
0.0208153
0.0199055
0.0195928
0.0826159
0.0205486
0.0201858
0.020835
0.280409
0.232136
1.20781
0.0200476
0.0197727
0.0205555
0.0200142
0.0210499
0.0222657
0.0208221
0.0198308
0.0201514
0.0198787
0.0241213
0.0216868
0.0516829
0.0196088
0.323275
0.0190179
0.0198662
0.0205086
0.0209056
0.0208398
0.0224932
0.0209763
0.019787
0.0212573
0.0201251
0.530231
0.025463
0.0205799
0.0195822
0.0204115
0.0204073
0.0196289
0.0201139
0.171279
0.0244498
0.0210473
0.0203963
0.0198395
0.0201045
0.0237109
0.019879
0.0202281
0.0355299
0.0204943
0.0205785
0.0200743
0.052929
0.0198137
0.0218518
0.136333
0.0727719
0.0198536
0.378173
0.0200061
0.0208254
0.0224374
0.0236642
0.0198633
0.034582
0.00683391
0.0212554
0.0197564
0.0251289
0.0197303
0.301327
0.0196805
0.0198005
0.0198768
0.0200004
0.0199069
0.0230215
0.0207417
0.0226951
0.196299
0.0197393
0.0392832
0.609758
0.0216762
0.0214362
0.0203172
0.0199466
0.0251657
0.0202244
0.0198868
0.0196763
0.0198065
0.358086
0.0202409
0.0209435
0.0360629
0.0213401
0.0491878
0.0207478
0.0213351
0.0197559
0.0195979
0.0202264
0.0201137
0.0201791
0.0210738
0.0275016
0.05149
0.0198512
0.0197893
0.0203855
0.0196673
0.1206
0.0229051
0.019863
0.0204251
0.249322
0.020139
0.020654
0.0220834
0.263223
0.0213608
0.0197879
0.356912
0.020764
0.0208718
0.0207275
0.117921
0.0896914
0.0198001
0.0196934
0.0199713
0.0200056
0.0213573
0.0197825
0.020853
0.0206732
0.0537421
0.234649
0.0204064
0.226731
0.181532
0.0196854
0.0209807
0.0198301
0.0215205
0.0201161
0.0200639
0.0210245
0.0356372
0.0294742
0.0199453
0.0197197
0.0216116
0.102512
0.023945
0.0210353
0.0198833
0.0198363
0.0216927
0.0202271
0.0199067
0.261812
0.233011
0.103477
0.0197047
0.0234093
0.0203362
0.0212414
0.109604
0.0205104
0.232037
0.254443
0.0178502
0.021409
0.0205547
0.0197622
0.0204435
0.0217373
0.0210564
0.0199722
0.0202436
0.296191
0.0248515
0.0208982
0.240549
0.258758
0.0204457
0.023006
0.0204209
0.186235
0.232622
0.176088
0.186433
0.22766
0.272745
0.22656
0.230692
0.0216709
0.338823
0.032896
0.0198167
0.0208032
0.0208976
0.0205387
0.0244875
0.0215288
0.225562
0.0298309
0.0197247
0.0197683
0.0201009
0.020828
0.0199072
0.0343056
0.0262386
0.0201333
0.22444
0.0263519
0.0203252
0.0200053
0.0210863
0.0239829
0.0199434
0.0229371
0.0197358
0.0203707
0.333609
0.0198967
0.391268
0.0218237
0.0205309
0.135685
0.0225138
0.023862
0.0200858
0.229773
0.0208195
0.0198276
1.28768
0.0199458
0.0224235
0.0203039
0.236881
0.0203465
0.0205534
0.0202095
0.0202329
0.020085
0.228389
0.0198752
0.0222071
0.0212688
0.0200426
0.0197181
0.0203794
0.0208345
0.0976037
0.214264
0.0218327
0.0248248
0.0198681
0.24774
0.0201839
0.0211361
0.0202902
0.0203512
0.198636
0.0199984
0.0206338
0.0199506
0.395308
0.0196947
0.25214
0.234196
0.0236431
0.0201061
0.233829
0.205081
0.0199981
0.0229822
0.0198979
0.0215531
0.020293
0.0614253
0.0237558
0.030945
0.162383
0.0124173
0.0197651
0.0218337
0.0217858
0.0207193
0.0272327
0.243713
0.0204936
0.0202942
0.020318
0.23745
0.233514
0.23412
0.0198794
0.29941
0.0201069
0.0202928
0.070446
0.0211812
0.259984
0.0235282
0.311344
0.0201907
0.0199424
0.224687
0.365966
0.0236914
0.152008
0.25674
0.28153
0.288157
0.285889
0.0215203
0.237348
0.019879
0.0568059
0.0715814
0.0206054
0.229712
0.223994
0.0211303
0.0201065
0.019918
0.343908
0.0686426
0.239441
0.0204191
0.0198682
0.0200021
0.0332764
1.64767
0.290493
0.0484672
0.0211864
0.0245906
0.211002
0.0199803
0.0942365
0.0201608
0.209352
0.0199407
0.0206252
0.0215451
0.0209784
0.0660471
0.0198628
0.020108
0.0198798
0.054827
0.0203895
0.02001
0.231089
0.0224486
0.0206915
0.0431772
0.0203871
0.0198935
0.1902
0.0298066
0.0196759
0.0790491
0.0201039
0.0464742
0.0201014
0.0653316
0.0214728
0.0200182
0.0201397
0.0212429
0.242678
0.0380225
0.206573
0.245611
0.0206279
0.0638417
0.0232744
0.0341853
0.0200489
0.0200643
0.0198774
0.271006
0.02002
0.0310436
0.0207969
0.0200329
0.0196317
0.0633882
0.0281509
0.0286404
0.0201234
0.0198796
0.0199502
0.233797
0.0209546
0.219497
0.229967
0.0206868
0.0204406
0.0870192
0.0900717
0.0199986
0.0209844
0.0207063
0.0169101
0.0809474
0.0198873
0.0204652
0.107805
0.42089
0.0206683
0.0199576
0.0260273
0.0209538
0.0203811
0.0209932
0.0204994
0.183971
0.0203732
0.285536
0.0208409
0.259767
0.0762294
0.243146
0.239691
0.0200055
0.169567
0.0200211
0.170359
0.202971
0.249336
0.0206798
0.0442754
0.232557
0.0227103
0.227889
0.229287
0.323523
0.0207589
0.019914
0.0198931
0.0203118
0.0215654
0.0202993
0.0814722
0.0279131
0.0212732
0.0198433
0.0386737
0.0203816
0.0996864
0.122731
0.232079
0.265397
0.0207504
0.0275675
0.0205651
0.0207788
0.0218196
0.267245
0.0209701
0.0198635
0.0199644
0.0659206
0.0200659
0.0514691
0.0206151
0.0201906
0.020258
0.0258974
0.0204723
0.275998
0.0206812
0.0203602
0.0205093
0.288273
0.288547
0.277967
0.0202199
0.0231421
0.0252162
0.2265
0.223714
0.0202087
0.0204583
0.0242401
0.22255
0.0200747
0.0206955
0.020325
0.0201953
0.610893
0.0879704
0.0204741
0.3431
0.322379
0.0214712
0.0538704
0.0203845
0.398338
0.0430013
0.0211928
0.249874
0.0199096
0.0204509
0.0200361
0.0216165
0.0199915
0.0200213
0.381309
0.0202696
0.0199084
0.0205518
0.0201199
0.020119
0.0201201
0.0201559
0.190449
0.397963
0.0224371
0.0205208
0.0234427
0.0135469
0.0213702
0.0216051
0.40468
0.0214324
0.0310116
0.0208646
0.314097
0.0198788
0.0212603
0.0198774
0.0240295
0.0203763
0.0205764
0.247283
0.0208395
0.335157
0.133439
0.0218788
0.0203565
0.244743
0.241365
0.0213358
0.356009
0.251687
0.0203004
0.0205704
0.020553
0.0207075
0.0270772
0.0197318
1.24243
0.0203928
0.0211062
0.0204109
0.0207082
0.241573
0.0487637
0.0214718
0.0204999
0.0781401
0.312154
0.0204218
0.0201529
0.0212246
0.0559056
0.0202709
0.0223235
0.0201544
0.0200291
0.0199625
0.0203354
0.020639
0.0198625
0.0201361
0.0198697
0.0207738
0.0199382
0.0199725
0.0199709
0.0223041
0.0200799
0.349246
0.0683276
0.0208612
0.020188
0.0221646
0.0208161
0.0199608
0.389722
0.560607
0.0199632
0.0312951
0.0199681
0.0199612
0.134818
0.019673
0.0204546
0.0701394
0.0199924
0.0197066
0.0205871
0.20851
0.0206934
0.372045
0.438916
0.0202716
0.0202276
0.0198634
0.238528
0.0260352
0.0212994
0.0257139
0.386222
0.0204895
0.0214608
0.0203551
0.0210539
0.0204511
0.0216805
0.417861
0.368157
1.38792
0.0397279
0.0200464
0.0203206
0.0199464
0.0784448
0.0201586
0.141309
0.0202307
0.0305411
0.0199597
0.0203929
0.327823
0.0200138
0.0199982
0.0199887
0.0521384
0.168913
0.0200433
0.0199492
0.0226727
0.020528
0.0233853
0.241445
0.0212859
0.0202487
0.296249
0.0715549
0.0556392
0.0208637
0.281284
0.0303529
0.0203031
0.0216708
0.0200135
0.0228996
0.0198542
0.0207023
0.0199833
0.0219526
0.39141
0.0209078
0.260568
0.059866
0.0249235
0.449716
0.0202767
0.020841
0.372534
0.0205397
0.0210606
0.0728641
0.0197161
0.436748
0.021073
0.0207191
0.261584
0.0198621
0.0205469
0.0205815
0.380294
0.0204975
0.0244983
0.248237
0.075345
0.224192
0.0590096
0.0199929
0.0203312
0.0204413
0.0207433
0.0200181
0.0200755
0.0202124
0.147611
0.021955
0.342176
0.227222
0.0206984
0.0204154
0.0200565
0.0208057
0.4918
0.0203122
0.271681
0.237848
0.245012
0.0202401
0.0270118
0.0207213
0.235771
0.185373
0.0215746
0.188297
0.0198532
0.0201715
0.0333815
0.020616
0.0202608
0.0579881
0.72078
0.0302604
0.564489
0.0204945
0.0201171
0.0273819
0.126752
0.260826
0.0230167
0.020628
0.0200404
0.479559
0.0209361
0.115915
0.228486
0.019746
0.0236614
0.0198546
0.0201023
0.0218499
0.147025
0.020801
0.0215685
0.059736
0.0200684
0.0214687
0.0207826
0.220632
0.020709
0.0207074
0.0204062
0.0204261
0.595578
0.0200336
0.0199812
0.0214852
0.020496
0.0205356
0.0256571
0.0200545
0.0223092
0.0347492
0.0201322
0.0205967
0.102213
0.0200675
0.020523
0.348076
0.0209755
0.0203712
0.0206818
0.0322844
0.0207338
0.0208644
0.110103
0.0198263
0.0207501
0.0205606
0.0200872
0.307893
0.0201186
0.0202468
0.0206043
0.019869
0.300713
0.236334
0.0201177
0.0206988
0.0584552
0.0199106
0.0202755
0.0213452
0.0201253
0.0212469
0.0206693
0.0206042
0.0200278
0.263826
0.0204298
0.0206254
0.225116
0.178152
0.237266
0.0202623
0.0220014
0.0208071
0.23105
0.0208732
0.04551
0.0958301
0.304531
0.588443
0.571647
0.02014
0.0207021
0.0942712
0.0217559
0.251834
0.0706526
0.019868
0.0203293
0.0202122
0.0205228
0.0198527
0.0204579
0.0199576
0.0210264
0.0212062
0.031036
0.0198593
0.0580926
0.0329324
0.0200658
0.292408
0.0196916
0.0200515
0.0224694
0.0201349
0.0203979
0.0198276
0.0218587
0.0327913
0.0201185
0.0209464
0.0245059
0.0204693
0.0207403
0.0256072
0.0204851
0.0200698
0.119468
0.539643
0.0204454
0.0206164
0.0199974
0.234072
0.0333892
0.0200943
0.0279506
0.0214906
0.0445085
0.0303917
0.262387
0.0207564
0.0558212
0.224549
0.159349
0.223421
0.295028
0.558465
0.0202278
0.0207521
0.0201708
0.0305643
0.0201129
0.0204104
0.0960484
0.0203786
0.0353696
0.0207058
0.271912
0.020604
0.0201303
0.0202141
0.0199001
0.0747026
0.0270393
0.0202009
0.0199437
0.0462248
0.133475
0.323727
0.02026
0.0204715
0.209618
0.0206154
0.310893
0.0196564
0.0208113
0.228217
0.0300952
0.0674271
0.0216261
0.135814
0.0223121
0.0202428
0.021216
0.0200987
0.021082
0.0206631
0.0209574
0.383309
0.0504641
0.199984
1.05103
0.0208179
0.021187
0.0204077
0.0196905
0.0226987
0.0205464
0.0204635
0.0196808
0.020604
0.0202293
0.0205733
0.571351
0.415956
0.221883
0.0212175
0.0233565
0.0202285
0.0202358
0.020265
0.396744
0.0214746
0.552836
0.0222797
0.389697
0.0199783
0.0206341
0.418517
0.0207237
0.0202495
0.0214579
0.0210004
0.020179
0.0202827
0.0201223
0.0201013
0.0199534
0.0206156
0.0200795
0.0203083
0.223457
0.0201533
0.0204676
0.0208095
0.0200269
0.02028
0.0207879
0.0743401
0.0210816
0.0209417
0.0207085
0.302075
0.238019
0.277723
0.731547
0.0204963
0.0207273
0.0206116
0.020802
0.0209508
0.0205792
0.0202444
0.0202935
0.0203827
0.0377314
0.0214502
0.020081
0.0572045
0.0206833
0.0209111
0.56533
0.0209541
0.0255644
0.423485
0.0200594
0.0214529
0.0210686
0.352843
0.458361
0.43444
0.0205278
0.0203187
0.0203086
0.0206023
0.0206122
0.0204966
0.025861
0.0158298
0.0237374
0.0237675
0.388647
0.0201016
0.0228407
0.0229132
0.235288
0.0202067
0.237461
0.0203378
0.0204436
0.0198243
0.0200425
0.401108
0.0207396
0.0202911
0.0203088
0.0205853
0.113876
0.269709
0.0200531
0.0205879
0.0211306
0.303547
0.0215127
0.0223027
0.414061
0.404152
0.0204237
0.0204313
0.3894
0.0203143
0.0203333
0.235181
0.0213663
0.0204004
0.0201036
0.020736
0.381685
0.0247805
0.0255004
0.0206911
0.0200364
0.0205124
0.0303958
0.0205508
0.0212255
0.0203269
0.158035
0.219777
0.0203839
0.0208302
0.0203686
0.24667
0.0266814
0.560727
0.387695
0.0207862
0.0211306
0.019995
0.416278
0.020687
0.667164
0.0204225
0.234021
0.0206018
0.266728
0.0356201
0.0208292
0.0212425
0.325685
0.0209559
0.0284942
0.0212418
0.237499
0.0205258
0.0204589
0.0205283
0.020527
0.0395828
0.020613
0.0204865
0.0208908
0.445152
0.028548
0.0207741
0.0210576
0.382631
0.0205575
0.608218
0.0216823
0.382207
0.189092
0.237203
0.0199781
0.281283
0.0201046
0.0204001
0.0555733
0.0206532
0.0206968
0.0208146
0.0240425
0.0213265
0.0201976
0.0203405
0.02498
0.0202621
0.0221907
0.228005
0.0196645
0.386394
0.0205599
0.391929
0.0212562
0.0214114
0.0200836
0.36689
0.0207076
0.0270555
0.0204051
0.0322666
0.0212895
0.021999
0.0202133
0.0196631
0.0205035
0.020184
0.029613
0.0670455
0.0202974
0.0247866
0.226785
0.0208402
0.0186233
0.632223
0.0205968
0.0207514
0.15159
0.124242
0.0203994
0.0213145
0.0214119
0.021992
0.0204033
0.021606
0.216187
0.0434826
0.020654
0.325204
0.0208201
0.0207465
0.0211702
0.0207794
0.260014
0.0585326
0.0285212
0.0213325
0.020735
0.0227278
0.0205463
0.0204943
0.0211266
0.441445
0.0202061
0.0196816
0.0206051
0.0232444
0.385956
0.0245718
0.0208027
0.026127
0.0202489
0.0203799
0.0225364
0.445835
0.0274573
0.444323
0.0275569
0.0201547
0.0292001
0.0201793
0.0259358
0.0302497
0.212348
0.389888
0.0199088
0.0221723
0.0243674
0.0472372
0.538054
0.348348
0.0204465
0.350553
0.020808
0.0218705
0.0203473
0.04435
0.0210356
0.0134865
0.0205629
0.0214708
0.0433718
0.0214766
0.428158
0.0205383
0.397945
0.0652896
0.0202123
1.33172
0.0211467
0.412502
0.121802
0.396712
0.020257
0.0215133
0.0203357
0.0215541
0.0207092
0.396346
0.020768
0.0198357
0.0209664
0.0202929
0.201377
0.0208842
0.0236209
0.0207149
0.0265189
0.0210743
0.0241661
0.0208605
0.0209876
0.019997
0.0209021
0.0211516
0.0213828
0.0216928
0.0206747
0.13336
0.0212609
0.0205094
0.0205243
0.28617
0.108846
0.0205384
0.0199658
0.0213968
0.0313758
0.26361
0.0212509
0.0200306
0.348228
0.0202679
0.0202596
0.0211311
0.0214795
0.0209788
0.291481
0.0213677
0.0206546
0.0213235
0.0250864
0.0209641
0.0202858
0.0205171
0.0207648
0.0211645
0.0209124
0.0208257
0.0208612
0.0228058
0.0540412
0.0207999
0.0207807
0.440421
0.0211345
0.258486
0.0206212
0.0205367
0.146427
0.0249867
0.569499
0.0275329
1.26652
0.0206671
0.0218991
0.0205604
0.0205828
0.39495
0.0209992
0.0222444
0.020827
0.0215517
0.0206216
0.0267058
0.165886
0.0291902
0.0214464
0.0221408
0.577529
0.0205368
0.0208744
0.0231453
0.0206152
0.115488
0.0209119
0.0199296
0.0363056
0.0276383
0.0265931
0.0211068
0.0211916
0.0211271
0.0203831
0.0203911
0.020571
0.0203215
0.0207859
0.276168
0.0200327
0.0678735
0.0271667
0.0214785
0.023995
0.0212683
0.021876
0.0213238
0.0206851
0.571166
0.0253785
0.393497
0.0224593
0.374967
0.0205375
0.0282214
0.0209864
0.0223859
0.0835322
0.02073
0.165982
0.0211924
0.0202869
0.0205342
0.0213339
0.0797489
0.0413605
0.0342986
0.0208116
0.0207893
0.0208005
0.0899868
0.0210242
0.0215107
0.025968
0.0290857
0.0619168
0.0205357
0.0206877
0.0208523
0.0232124
0.23452
0.020548
0.0266069
0.020378
0.0198365
0.0966237
0.020645
0.0214796
0.0264042
0.152617
0.0206382
0.04474
0.0224203
0.0215428
0.0212615
0.0212059
0.021473
0.432507
0.303562
0.0572731
0.0214201
0.0543559
0.0197171
0.0227585
0.0206996
0.0216748
0.120646
0.0202089
0.241368
0.0241439
0.0230356
0.0230959
0.0439597
0.131591
0.317427
0.0211156
0.0216001
0.020945
0.0209446
0.0199168
0.0199776
0.306316
0.0508275
0.0196671
0.0313205
0.0217083
0.0283411
0.0499069
0.0202881
0.0525167
0.112372
0.0213852
0.241618
0.0453564
0.0213681
0.577033
0.0206546
0.0198558
0.0231434
0.413743
0.0212833
0.0301501
0.020657
0.124675
0.0414618
0.0232094
0.0211944
0.247983
0.0862686
0.0201302
0.0198924
0.0207392
0.0212293
0.0212445
0.0196707
0.0646309
0.0199878
0.396921
0.0213383
0.429738
0.0210661
0.0216902
0.548127
0.0210896
0.0201002
0.0511939
0.0207496
0.0206246
0.0209034
0.0200642
0.0245253
0.0207241
0.0197812
0.552666
0.0199805
0.0254767
0.021182
0.0210259
0.0202707
0.0206037
0.680072
0.020049
0.0206227
0.403856
0.231954
0.0208258
0.0211928
0.0593802
0.0209999
0.0210286
0.021093
0.0213842
0.0211108
0.0207851
0.0294656
0.0215592
0.0232574
0.021451
0.0206063
0.0206998
0.0208541
0.0206394
0.0578559
0.231185
0.0373896
0.0209923
0.0205832
0.0213133
0.56506
0.443656
0.0259103
0.0847737
0.0998558
0.0199289
0.0197248
0.258463
0.263072
0.0209192
0.0200838
0.35787
0.269343
0.0278525
0.0214634
0.0198379
0.0209133
0.244239
0.0214397
0.0309222
0.336693
0.0207576
0.0549217
0.0246226
0.0213791
0.0205468
0.023061
0.0209126
0.0456235
0.0210757
0.0319626
0.0207562
0.0214716
0.0212387
0.0204526
0.0304797
0.0209614
0.0207606
0.020637
0.213672
0.020049
0.0210057
0.0213174
0.483899
0.270201
0.020441
0.0442279
0.0205224
0.0202951
0.0206258
0.0285328
0.0267259
0.0204621
0.0204792
0.0211568
0.10301
0.0206186
0.254667
0.0200596
0.0247364
0.0211455
0.0206197
0.0199111
0.0204204
0.0227136
0.515753
0.0227153
0.0212153
0.0210385
0.414197
0.0211115
0.0206626
0.0235654
0.0218256
0.0213934
0.0207858
0.414575
0.0250544
0.0305223
0.0253486
0.0264905
0.0203141
0.0213923
0.0206189
0.0213317
0.0222741
0.404729
0.021041
0.0210737
0.0208309
0.0293585
0.0340394
0.0211515
0.409697
0.0259195
0.0203021
0.293712
2.28631
0.410926
0.303372
0.0216235
0.0206682
0.0213024
0.0210967
0.0207999
0.22704
0.143679
0.0208218
0.0436684
0.0204787
0.0212375
0.0209441
0.0209121
0.293782
0.0208776
0.0207015
0.0365424
0.567457
0.0310733
0.577449
0.0208259
0.0453729
0.747194
0.0676843
0.0208252
0.020105
0.55346
0.0197636
0.0238225
0.0219028
0.568754
0.0207223
0.0295155
0.0203583
0.0216508
0.0206125
0.0201029
0.0209153
0.198154
0.138045
0.0211188
0.0626722
0.0213516
0.0204202
0.0260907
0.0788122
0.0211291
0.067713
0.679804
0.0260481
0.0210649
0.020828
0.0227562
0.0220455
0.447342
0.020718
0.0211429
0.0210468
0.0207119
0.0207708
0.0279052
0.0200489
0.0210219
0.0298572
0.0211145
0.019839
0.021672
0.0240148
0.0327003
0.0627312
0.0210666
0.410994
0.0213435
0.0207289
0.0219644
0.0315264
0.107322
0.0208628
0.0207107
0.0207709
0.020842
0.57709
0.0978789
0.479022
0.0212318
0.0202166
0.0214513
0.0200717
0.025849
0.0209721
0.559634
0.465603
0.0273464
0.0208283
0.0311093
0.644531
0.0209896
0.46901
0.0200829
0.408373
0.251201
0.0208714
0.227869
0.0257501
0.0505073
0.0208503
0.314904
0.0273465
0.259215
0.0209628
0.0212918
0.0213977
0.0224956
0.0207239
0.405299
0.0206055
0.563842
0.352961
0.0532709
0.272387
0.0200684
0.0206113
0.0207279
0.0202589
0.0212718
0.0211763
0.0287821
0.0309796
0.0662641
0.0210047
0.0210194
0.0211712
0.0212662
0.0260145
1.59923
0.0207297
0.0213071
0.0211948
0.0236286
0.0212188
0.0209492
0.332896
0.218909
0.0282154
0.0207819
0.0252273
0.0197058
0.45992
0.0211811
0.0204966
0.307553
0.020919
0.0220007
0.0262364
0.0215462
0.021373
0.0208091
0.0261495
0.0208529
0.0259954
0.242505
0.0212101
0.0232442
0.0205462
0.0378096
0.0188855
0.0207892
0.0467074
0.0210055
0.0246125
0.02743
0.0207895
0.0233216
0.0200395
0.0213171
0.647656
0.0203033
0.021319
0.449079
0.0215248
0.035491
0.0199119
0.224796
0.0202803
0.119323
0.0211307
0.0245544
0.0212064
0.0600528
0.0207768
0.0202756
0.0210991
0.0217537
0.0203431
0.0234555
0.0206121
0.195525
0.0210607
0.0215595
0.0208965
0.020572
0.0208096
0.020804
0.0208029
0.409799
0.0236064
0.0233811
0.0210391
0.021067
0.0232618
0.0209482
0.0206181
0.214354
0.0223118
0.0199306
0.0204476
0.0209138
0.0212786
0.157365
0.0269081
0.021034
0.020717
0.021111
0.0210024
0.0208946
0.0201972
0.079413
0.554714
0.0207241
0.0199103
0.0206028
0.0207243
0.0209584
0.0208527
0.0209034
1.34572
0.0210185
0.023808
0.707035
0.274497
0.0210676
0.0296935
0.0236793
0.412235
0.0610269
0.0207874
0.0220319
0.0238974
0.0213447
0.0264519
0.0212213
1.62242
0.729566
0.0316303
0.0267177
0.0158464
0.0274009
0.0212851
1.41016
0.0211984
0.0320381
0.0207701
0.0299629
0.0428818
0.71918
0.0210342
0.0212453
0.192143
0.137842
0.024865
0.241957
0.0205489
0.152721
0.0203425
0.573188
0.0206942
0.0210826
0.0213
0.0212138
0.020366
0.0238505
1.82252
0.355776
0.020486
0.0273283
0.021292
0.260855
0.0258323
0.0211115
0.0223718
0.198657
0.0993083
0.0211159
0.0220391
0.0206417
0.0208887
0.0200899
0.0203626
0.304997
0.0211664
0.0391611
0.0555929
0.0245434
0.0211996
0.020806
0.180966
0.0213703
0.0213854
0.0202912
0.0208016
0.021352
0.0211977
0.272462
0.502649
0.020666
0.298171
0.0251656
0.0208032
0.0202612
0.0214496
0.0202754
0.0226189
0.406524
0.0232827
0.0207433
0.456775
0.0212181
0.458978
0.0210387
0.0207367
0.0209593
0.0204421
0.0209262
0.374256
0.03994
0.0209533
0.155802
0.0196096
0.0252425
0.351033
0.0214554
0.021225
0.0245197
0.0209893
0.0213329
0.279677
0.0667049
0.0207986
0.0200124
0.0233951
0.150411
0.0215929
0.0200134
0.419867
0.0503424
0.0211257
0.0208752
0.206402
0.0219089
0.0205732
1.12932
0.0902194
0.741312
0.0230452
0.0706323
0.0244264
0.0255416
0.0242762
0.0206696
0.0809251
0.0207624
0.0209199
0.452271
0.0209632
0.0207116
0.0213881
0.0935211
0.0206303
0.0210852
0.0209579
0.0233839
0.020068
0.0209416
0.023651
0.746341
0.0218426
0.49486
0.0472328
0.0199256
0.0289617
0.0373487
0.0212347
0.0210514
0.111922
0.021274
0.0718426
0.0209844
0.0212809
0.067753
0.0199965
0.0210374
0.0209315
0.25264
0.0209916
0.0367219
0.0202559
0.0212101
0.0200843
0.0571559
0.021267
0.0208608
0.0209656
0.261499
0.0213494
0.155875
0.0212488
0.0208422
0.0261037
0.18866
0.021029
0.196922
0.0775891
0.020053
0.0214061
0.0266316
0.0199973
0.021218
0.224719
0.0211869
0.0215935
0.054522
0.0201505
0.0213576
0.0234584
0.0296767
0.151402
0.0289289
0.576139
0.0352666
0.0210959
0.266955
0.0350303
0.315287
0.0217233
0.536727
0.0268039
0.0203465
0.343356
0.021025
0.066528
0.0211661
0.0665082
0.428364
0.020797
0.0205652
0.560797
0.020567
0.0458112
0.0201971
0.0203622
0.0215027
0.367241
0.0209313
0.0202619
0.0209382
0.0212601
0.0214442
0.0212655
0.0197914
0.0209807
0.0210766
0.17785
0.0210048
0.138136
0.020938
0.0238278
0.0948332
0.564509
0.0224568
0.576493
0.0221201
0.0215939
0.0210458
0.0359558
0.0309218
0.0203762
0.0230999
0.0260282
0.875388
0.0212403
0.0211865
0.0203849
0.0254468
0.020722
0.0278965
0.48035
0.0240066
0.0232063
0.0205716
0.0227554
0.0201829
0.0199741
0.0289756
0.0601447
0.0201432
0.0330329
0.0222293
0.0212634
0.0357771
0.0211743
0.0214403
0.0206992
0.0201664
0.0200435
0.0199262
0.0264064
0.0217811
0.0204842
0.0227691
0.0258326
0.0196806
0.0206807
0.0231106
0.0210851
0.025188
0.0212061
0.0231301
0.0212386
0.0291292
0.0215492
0.0212229
0.416885
0.0291077
0.0209703
0.0279657
0.0212437
0.0205713
0.020935
0.0206952
0.0225324
0.0216638
0.024861
0.021703
0.398584
0.0212276
0.0209525
0.0344604
0.0200697
0.0210769
0.0381803
0.0209421
0.443932
0.0210135
0.0203682
0.187306
0.0311311
1.4773
0.0209193
0.0209361
0.02079
0.0271796
0.0201495
0.0210762
0.059835
0.0351563
0.0559214
0.324251
0.0218079
0.409971
0.045695
0.0486906
1.36063
0.0479277
0.541484
0.0258962
0.164832
0.121713
0.01998
0.572866
0.0208366
0.0209285
0.0204101
0.0211932
0.0209385
0.0209236
0.0250918
0.0954165
0.0226792
0.0356242
0.147525
0.0209543
0.0911462
0.020572
0.0211071
0.0199263
1.33305
0.0211363
0.0666165
0.578102
1.12772
0.00843042
1.04434
0.0200227
0.0346377
0.0338531
0.0203969
0.0223533
0.0306355
0.0212923
0.0207822
0.0210626
0.02092
0.0471255
0.0236369
1.15502
0.0337296
0.0207594
0.0583883
0.0209314
0.0213692
0.0410059
0.572762
0.0244153
0.0210485
1.50792
0.0790565
0.0239094
1.40352
0.0212055
0.0219619
0.0215218
0.0372779
0.0199214
0.0211891
0.0208734
0.0207873
0.0204271
0.0237426
0.021124
0.021301
0.0254873
0.0214335
0.0775713
0.0209305
0.0214316
0.681759
0.0211597
0.0201785
0.14048
1.28552
0.0212744
0.0207561
0.0276959
0.0221708
0.0214615
0.0213656
0.0208504
0.0212135
0.172162
0.0207697
0.020196
0.0207349
0.0209735
0.020637
0.0326469
0.0366201
0.0291797
0.0195579
0.139965
0.0211151
0.0212173
0.0208691
0.0207595
0.0927194
0.0202602
0.0207421
0.0255673
0.0203806
0.0228648
0.0303649
0.0207327
0.0241149
0.0361761
0.0212044
0.764094
0.0255822
0.0755042
0.0273624
0.444697
0.0213258
0.0221576
0.0203811
0.0208205
0.0208753
0.105007
0.0215635
0.0202985
0.0200606
0.252175
0.0210354
0.0203046
0.0203569
0.0231393
0.0216849
0.0211344
0.0325307
0.234398
0.51738
0.0239078
0.0310983
0.0211272
0.0329661
0.0412982
0.0203259
0.0249703
0.0823392
0.0207198
0.0223804
0.0211311
0.0204706
0.163856
0.0264319
0.022495
0.145437
0.179285
0.0291502
0.0202612
0.0200046
0.0670544
0.0207194
0.027112
0.0228284
0.021655
0.0283507
0.023398
0.0254589
0.0210745
0.0205936
0.0301344
0.0242724
0.346663
0.0486805
0.232562
0.0220793
0.0215393
0.0247222
0.0210009
0.0221416
0.0202755
0.0209028
0.410554
0.0235217
0.407017
0.0319927
0.0309867
0.0213171
0.204057
0.0593033
0.551499
0.0201128
0.021825
0.0258292
0.0222979
0.10807
0.27571
0.0211701
0.050792
0.0565897
0.498818
0.376326
0.0206214
0.0215328
0.0383009
0.0246374
0.0980967
0.0913597
0.0524003
0.0860476
0.0214033
0.0211193
0.0742741
0.0213835
0.019932
0.0223434
0.0210456
1.3618
0.0211559
0.0208605
0.0284659
0.0230272
0.021064
0.0213557
0.0212156
0.0211501
0.0220047
0.0345501
0.0203291
1.05607
0.0280443
0.431125
0.0226658
0.0212249
0.0242286
0.380566
0.0271309
0.052232
0.0210037
0.0211735
0.0201657
0.0219931
0.0314922
0.0210498
0.0214174
0.0214234
0.0284668
0.0203099
0.0880614
0.0212139
0.0226235
0.0252135
0.0266739
0.0225898
0.0211683
0.0272586
0.0212299
0.0214254
0.021176
0.0212436
0.0220539
0.233684
0.0206516
0.0211282
0.0214283
0.487949
0.0228734
0.0225133
0.0212257
0.0230626
0.028511
0.0212126
0.0388882
0.0917776
0.0209234
0.0374792
1.10569
0.0214846
0.0204654
0.0202694
0.022741
0.0221938
0.0388339
0.0219802
0.0220878
1.13195
0.0203438
0.0210252
0.0214458
0.0265526
0.0266475
0.0214534
0.0287713
0.0211115
1.12606
0.0244553
0.0359769
0.347955
0.0294352
0.0213613
0.0229332
0.0238974
0.0214534
0.0250308
0.0211358
0.0238592
0.0214654
0.0210537
0.0208181
0.0210828
0.0209892
0.0229077
0.0304192
0.0205632
0.0212284
0.0203509
0.142343
0.0360206
0.0214105
0.0201821
0.0209098
1.34469
0.0468888
0.0211837
0.386678
0.0214165
0.0207098
0.0205807
0.0209457
0.0214643
0.0212566
0.021074
0.103616
0.0210647
0.0271916
0.0224001
0.0208632
0.0777031
0.275995
0.0210223
0.0261201
0.193958
0.0209212
0.0210256
0.0210202
1.56772
1.35349
0.277815
0.0820675
0.0215609
0.0303314
0.0921153
0.0214638
0.0442076
0.551642
0.0738437
0.0210682
0.0300431
0.0214157
0.0260245
0.0410223
0.0213264
0.0252027
0.0212695
0.0245294
0.0237944
0.572891
0.0249606
0.0203612
0.0208856
0.0201658
0.324003
0.0211719
0.0233393
0.0219416
0.0222066
0.0211108
0.021973
0.036973
0.0847291
0.25709
0.0252743
0.511137
0.0205915
0.0210425
0.0213507
1.36674
0.0212233
0.0211239
0.0226423
0.0200399
0.0212716
0.0220378
0.0227504
0.0207998
0.0217446
0.0214683
0.0206826
0.0204395
0.0712521
0.0208521
0.0207761
0.0228914
0.2419
0.0217724
0.0292155
0.0221971
0.0245405
0.24345
0.0231514
0.0209191
0.0212866
0.331953
0.0216655
0.370414
0.0232192
0.0211938
0.0235772
0.116465
0.0210805
0.0210513
0.0204979
0.0211183
1.09659
0.456561
0.0204391
0.0202862
0.0308234
0.0211299
0.0213194
0.043782
0.0417008
0.0207351
0.0243419
0.0214442
0.0259949
1.41992
0.0260866
0.0209966
0.0564759
0.0561935
0.0210871
0.207365
0.0210798
0.342768
0.0205694
0.0346674
0.0211159
0.045311
0.0226816
0.0212008
0.0234327
0.0218996
0.0214114
0.0240131
0.0241075
0.0210958
0.0225936
0.0211729
0.0464861
0.0235709
0.0206912
0.0233131
0.0214142
0.0211954
0.0411031
0.0286188
0.0244869
0.0209559
0.0211662
0.0202743
0.0212796
0.0209407
0.0210535
0.0212713
0.0211
0.45582
0.0311511
0.0215116
0.0206944
0.0492326
1.24376
0.0315595
0.0202796
0.0211076
0.0242106
0.021116
0.0257705
0.0255469
0.0213808
0.0220825
0.0212082
0.257431
0.234738
0.338272
0.0222099
0.111621
0.0251382
0.0210733
0.0209262
0.0201519
0.0486391
0.0211166
0.0199518
0.0206845
0.454583
0.406721
0.0224872
0.0199346
0.0214637
0.154734
0.0210961
0.403648
0.0209096
0.0210302
0.0235022
0.0211008
0.0213069
0.0458606
0.338944
0.0244889
0.021327
0.0812548
0.0210984
0.0216162
0.0213515
0.406974
0.0211012
0.0211608
0.021285
0.0214653
0.0610094
0.150169
0.0263179
0.0348281
0.020788
0.0207788
0.0320816
0.0211075
0.0204447
0.032993
0.0200195
0.0223929
0.0211046
0.0213053
0.319289
0.0506873
0.0414151
0.0211303
0.193753
0.336001
0.0223482
1.44147
0.0217582
0.0210731
0.0205138
0.0202824
0.0204251
0.0219357
0.0211336
0.0213849
0.0237756
0.021083
0.0210959
0.0229662
0.0210539
0.0713198
0.02092
0.0201849
0.0211595
0.0213802
0.382696
0.0206261
0.0213377
0.036564
0.0249645
0.0200148
0.0344203
1.12944
0.0241097
0.208418
0.0561758
0.0212459
0.0209461
0.0355875
0.0211948
0.0513322
0.0310932
0.0214651
0.0214058
0.0208747
0.0208535
0.021048
0.285563
0.0216567
0.0218098
0.0236121
0.021817
0.0213739
0.0207778
0.227138
0.029275
0.0203646
0.021236
0.0215149
0.0229582
0.240419
0.062875
0.0200539
1.00325
0.0516718
0.539989
0.0199081
0.0206101
0.0477808
1.50039
0.0208142
0.0213989
0.021217
0.0202992
0.0200491
0.0200334
0.0207548
0.021619
0.0308607
0.0209083
0.0201517
0.0211271
0.0278179
0.0217019
0.0210872
0.0257945
0.0201278
0.311334
0.0254744
0.0213788
1.11647
1.36851
0.00604283
0.0209957
0.0202798
0.0210876
0.92107
0.0277666
0.0213947
0.0214493
0.0232459
0.0212168
1.45601
0.0212389
0.0276752
0.0212816
0.0200324
0.033525
0.0803778
0.0217187
0.026025
0.0214275
0.0212475
0.232623
1.79663
0.0211673
0.0205711
0.0271622
0.033446
0.0288576
0.0204606
0.0328825
0.0337439
0.0297592
0.0210567
0.0211985
0.0210465
0.0207686
0.0231183
0.0209343
0.0256459
0.0345082
0.022818
0.043053
0.0270026
0.0212114
0.0213609
0.0634298
1.27407
0.128885
0.0816925
0.0200343
0.0385834
0.0214274
0.0204045
0.0225756
0.0226041
0.0216096
0.139811
1.14709
1.03736
1.32544
0.0212661
0.0533815
0.0201597
0.0203278
0.0226643
0.0251236
0.230545
0.0235578
0.0254295
0.0257681
0.123797
1.25523
0.0210916
0.0214492
0.00168928
1.34316
0.0208826
0.0400445
0.228517
0.0212064
0.0223249
0.0199899
0.0220858
0.0214393
0.0339875
0.0462386
0.0213113
0.0201696
0.0366571
0.102522
0.0268676
0.0795752
1.2612
0.0451282
0.411044
1.18347
0.0219501
0.0210781
0.136753
0.0211466
0.0213953
0.0203459
0.0209603
0.606842
0.0306118
0.0272091
0.265775
0.0238848
0.0290442
0.0212456
0.0334857
1.18157
0.0199429
0.0414983
0.574508
0.0411781
0.0214348
0.0235414
0.0225266
0.0200525
0.0205028
0.60256
0.0234732
0.0210916
0.029192
0.0268239
0.0221793
0.0720189
0.0249359
0.0228262
1.12257
0.0205715
1.48597
0.0215472
0.0299346
0.045686
0.0238335
0.233762
0.0214339
0.0254624
0.0211871
1.59567
0.0275036
0.0295925
0.0201703
0.0607317
1.65348
0.214991
0.020654
0.0257755
0.0265713
0.020778
0.0203605
0.025148
0.0511649
0.0204323
1.56706
0.0224315
0.0213249
0.0212558
0.0226871
0.0281142
0.57228
0.0952645
0.0282899
0.0216589
0.021485
1.8365
0.0204619
0.0210627
0.568083
0.049326
0.0225907
0.0209686
0.0211959
0.0182013
1.702
0.0298578
0.0214279
0.0484366
0.0203441
0.0299521
0.0213559
0.020364
0.0491258
1.76197
0.0277633
0.022463
1.79165
0.0290467
0.0229735
0.0213832
0.88772
0.023847
0.0205982
0.011076
0.0287298
0.0970649
0.202566
0.021403
0.0882544
0.0277899
0.0262853
0.0206476
0.078458
0.0284799
0.0210396
0.159867
0.0214327
0.0214104
0.191923
0.0210342
0.0435044
0.0208369
0.0345642
0.0293106
0.0210126
0.145301
0.037068
0.020283
0.57845
0.020897
0.0209078
1.31383
0.739264
0.047109
0.338667
0.0299148
1.76614
0.0213631
1.29875
0.0248778
0.0208227
0.0330139
0.578903
0.0203062
0.0213586
0.0201
0.0213851
0.0216276
0.0201724
1.75935
0.023073
1.54702
0.0214546
0.409039
0.0214157
1.63791
0.020919
0.0207468
0.0213886
0.0214118
1.61112
0.695189
0.0203712
0.0216504
1.21747
0.0681382
0.0220017
0.0204466
0.0205871
0.0233171
0.444391
0.320622
0.0265291
0.020334
0.0203257
0.0221863
0.0220705
0.0213677
0.0224187
0.233139
0.0236131
1.22113
0.0219961
0.0203619
0.0282925
0.132262
0.0202512
0.0240098
0.0196761
0.0248007
0.0213702
0.0219169
0.0214514
0.0239424
0.0213703
0.235864
0.0339843
0.0211251
0.0213736
0.0221453
0.0221585
0.194312
0.0328492
0.0455367
0.0204337
0.0213774
0.0210876
0.0599879
0.223064
0.0523345
0.0223677
0.0226471
0.429416
0.245965
0.0201979
0.173275
0.04867
0.0218737
1.74051
0.0213387
0.0809544
0.0211954
0.0210759
0.119384
0.0339873
0.0213249
0.0489534
0.294547
0.0201889
0.13873
0.0213523
0.139436
0.356897
0.118067
0.0836055
0.656661
0.0211858
0.02701
0.0222505
0.0213744
0.0200176
0.0547017
0.0956177
0.0216661
0.0204577
0.0214221
0.0232985
0.0522227
0.0213927
0.228564
0.0727722
0.0666651
0.0318941
0.0218802
0.0207865
0.0209792
0.0252326
0.0224603
0.0268476
0.0225496
0.117673
0.0321094
0.0239146
1.15616
1.55681
0.0357699
0.0208119
0.0266872
0.0316443
0.0535276
1.53535
0.0209798
0.0208432
0.406216
0.0204387
0.0306168
0.0207839
0.020662
0.0655596
0.0307219
0.0410393
0.108913
0.0888848
0.109762
0.0396073
0.122419
0.0461082
0.756757
0.0211151
0.0391052
0.428913
0.0566995
0.0222012
0.0229123
0.0211015
0.0204451
0.0252829
0.0225592
0.0245029
0.0374168
0.128065
0.0324544
0.0230539
0.0218095
0.0623154
0.0283938
0.0452675
0.0209945
0.0214212
1.0854
0.104926
1.62303
0.0195453
0.0195462
0.0216772
0.0470891
0.232472
0.0201361
0.0339927
0.0217678
0.0544062
0.021228
0.0409404
0.0210996
0.0205729
0.0755273
0.02042
0.0205096
0.0216878
0.0548433
0.0232963
0.0225698
0.0206526
0.0220506
0.167602
0.0345709
0.020806
0.30074
0.0295119
0.0228151
0.0492285
0.02695
0.020687
0.0349852
0.0250825
0.563587
0.022653
0.0222534
0.0206152
0.0615416
0.0202247
1.41583
0.0202757
0.956291
0.020381
0.0268072
0.0202538
0.0234712
0.0200596
0.0475377
0.022424
0.0210869
0.0227851
0.0204428
0.0213842
0.457847
0.0205443
0.0277913
0.026429
0.0209516
0.0205865
0.0218026
0.027168
0.0936482
0.0210293
0.0231891
0.0202782
0.0356783
0.0221943
0.0286479
0.0209065
0.021685
0.030081
0.0287706
0.0288167
1.03893
0.0284
0.0233487
0.0209571
0.0247032
0.253218
0.0204452
0.0211756
0.0273328
0.0211823
0.0790831
0.0276834
0.0198521
0.0277933
0.024183
0.0213406
0.0208854
0.0205513
0.0696494
0.020741
0.0215574
0.0225238
0.0224851
0.0203786
0.0230288
0.0198418
0.0213283
0.0206401
1.79074
1.77039
0.0211056
0.055063
1.25253
0.0276191
0.378009
0.0216143
0.0211652
0.0216907
0.0283537
0.0209825
0.0223647
0.0271765
0.0205872
0.142215
0.806749
0.0203849
0.0212253
1.5742
0.0206525
0.0213067
0.0409625
0.0211872
0.0320177
0.0479589
0.364972
0.0214021
0.0212082
0.0211539
0.563321
0.021621
0.0207327
0.0207563
0.0203992
0.0231066
0.020827
0.0220451
0.0199531
0.0275191
1.84638
0.0505879
0.0213647
0.0210238
0.247519
0.0201879
0.0210629
0.304682
0.140293
0.0350063
0.488546
0.0222812
0.0206256
0.0202195
0.0275521
0.0203533
0.0307267
0.022359
0.0262931
0.0211053
0.750021
0.0209633
0.0224565
0.0212118
0.0209457
0.0225522
0.0206491
0.0210598
0.024748
0.0563995
0.0218563
0.0337203
0.0777373
0.0249394
0.0409478
0.0243684
0.138936
0.0318032
0.0291469
0.0212496
0.33793
0.0205584
0.0213355
0.0206733
0.234758
0.0215552
0.0208398
0.244996
0.0207586
0.248751
0.0207211
0.833449
0.0204591
0.0258688
0.0206867
0.0272775
0.0216237
0.0326538
0.0232526
0.106202
0.0224144
0.0223999
0.0210642
0.0210951
1.19435
0.0212534
0.0272324
0.02151
0.11631
0.0207985
0.17867
0.0486701
0.0699281
0.0200794
0.0215708
0.0203547
1.77474
0.272613
0.0206108
0.0241981
0.0209111
0.0211127
0.0219297
0.0212256
0.0211543
0.0218567
0.439392
0.0277839
0.968536
0.116928
0.126627
0.0211692
0.0203037
0.0266187
0.0208075
0.0216854
0.0216375
0.44355
0.108799
0.0211895
0.0248248
0.0210686
0.738837
0.0221655
0.557137
0.0205174
0.0224859
1.76762
0.0210849
0.020773
1.4638
0.020462
0.020755
0.0805913
0.0203822
0.0345014
0.149645
0.541617
0.0224665
0.0474394
1.26888
0.0282006
0.0202671
0.0211601
0.0241963
0.0213777
0.0239777
0.229503
0.203816
0.0206504
0.0304409
0.0211605
0.0213206
0.0216223
0.0265856
0.020324
0.0397964
0.0248512
0.195813
0.021988
0.0205103
0.0214887
0.0207842
0.0208658
0.0221874
0.369322
0.020592
0.21399
0.0262985
0.023192
0.0214252
0.0206931
0.0212881
0.0398857
0.0207211
0.0207717
0.0283524
0.0211289
0.0256131
1.47476
0.246317
0.0300609
0.0204601
0.0206712
0.0213511
0.00902692
0.0456649
0.0214442
0.021271
0.0213705
0.0243276
0.022166
0.0249188
0.0208995
0.0474821
0.0213851
0.0465431
0.0211436
0.0211474
0.0227957
0.0208913
0.0207995
0.0246238
0.0397412
0.0209436
0.0289925
0.195298
0.137761
0.0205833
0.0213689
0.0204088
0.0242232
0.02064
0.0229151
0.0299357
0.259622
0.0296293
0.0224364
0.0820886
0.0264068
0.021015
0.567651
0.0210487
0.744419
0.0207718
0.0208971
0.0230124
0.0208969
0.0202574
0.0213932
0.0206491
0.0246192
0.0214511
0.0206571
0.316474
0.329774
0.25953
0.0204695
0.0239041
0.0213894
0.0233987
0.354049
0.510701
0.0210526
0.207998
0.0214192
0.021035
0.0210132
0.0211607
0.0207509
0.0214166
0.0256426
0.0210541
0.0222726
0.232284
0.0208705
0.0324786
0.0216219
0.100831
0.108216
0.23272
0.0925792
0.0205499
0.401715
0.0214059
0.0278948
1.5457
0.0212129
0.233752
0.0204877
0.0206591
0.0222882
0.0696572
0.0640607
0.0234261
0.0445694
0.0213494
0.446405
0.229422
0.0595794
0.241304
0.020663
0.133015
0.0293781
0.0214106
0.0207428
0.0225336
0.0301171
0.0467407
0.0279402
0.0327312
0.0214381
0.0239235
0.0211189
0.0223781
0.0204822
0.0291862
0.0205559
0.0210456
0.219253
0.0292781
0.0209673
0.020637
0.326976
0.0216224
0.022437
0.0218586
0.0207712
0.0211331
0.0214045
0.021393
0.0284617
0.0240404
0.0214066
0.0214524
0.0210648
0.0236998
0.0212126
0.234385
0.579286
0.0238562
0.0230788
0.0212377
0.0475878
0.158656
0.0202017
0.0211969
0.279711
0.0220623
0.118791
0.0209078
0.244701
0.0214011
0.0213409
0.0215608
0.021446
0.0219895
0.0243491
0.0267505
1.8531
0.443145
1.76402
1.46838
0.332133
0.0274604
0.0485369
0.0207074
0.0486744
0.0220694
0.0214498
0.0272075
0.0213669
0.0213794
0.0203742
0.021922
0.0208785
0.0249404
0.0204837
0.0227416
0.0205162
0.0211081
0.0208153
0.0672101
0.0210344
0.0207925
0.0199636
0.0279104
0.0215482
0.0231558
0.0214438
0.0378064
0.231403
0.0664434
0.0298164
0.0206654
0.0245602
0.0210608
0.0211891
0.0266108
0.0218303
0.0207877
0.0212849
0.0276963
0.0203421
0.0205876
0.0208539
0.218674
0.0218278
0.410696
0.0205388
1.84799
0.0203522
0.0208726
0.0199457
0.0207067
0.0208748
0.231221
0.0209619
0.15082
0.0206238
0.0202713
0.0562219
0.0221676
0.10132
0.0208194
0.020601
0.128236
0.5564
0.0496645
0.021085
0.0209371
0.0201527
0.0204673
1.96002
0.0208819
0.0305738
0.0275663
0.029822
0.0273014
0.0228012
0.0258048
0.58067
0.0238732
0.111428
0.0208755
0.399463
0.02047
0.164263
0.0204715
0.23118
0.11004
1.29275
0.023458
0.0206726
0.0214309
0.0571422
0.0206196
0.0554915
0.0205659
0.139253
0.44024
0.248719
0.0432554
0.0228142
0.0196984
0.0213566
0.0201292
0.0517369
0.020678
0.0434043
0.0385577
0.210359
1.4923
0.0225487
0.0211728
0.0201078
0.0467558
0.294821
0.0222893
0.022686
0.0278436
0.0217249
0.0208515
0.0267387
0.0210134
0.0206643
0.0801468
0.0225287
0.0207015
0.067757
0.0212738
0.0208053
0.0383655
0.0272647
0.0261846
0.0853989
0.0424723
0.913796
0.398088
0.0213628
0.0210086
1.76671
0.0195816
0.021011
0.0215403
0.0209703
0.0208435
0.0224231
0.0218788
0.0407791
0.0319192
0.0260235
0.23145
0.0212007
0.0422743
0.648492
0.0210551
0.149464
0.0268171
0.0210225
0.0280548
0.064399
0.0206442
0.0272982
0.0249687
0.0213862
0.0209509
0.0730541
0.0213201
0.0264665
0.0198757
0.0198513
0.0288067
0.0218761
0.0207594
0.0218746
0.0214437
0.0202467
0.0205731
0.061982
0.0220755
0.0210851
0.0212259
0.0212267
0.0210222
0.0213169
0.0298325
0.0210106
0.026396
1.88215
0.182573
1.17037
0.0286242
0.039196
0.0208551
0.0258078
0.108488
0.0330289
0.0215089
0.177413
0.0209375
0.0218017
0.0208511
0.53203
0.019849
0.0208467
0.0211573
0.0202852
0.030612
0.0212146
0.0681203
0.0210441
0.0214364
0.0208496
0.0213549
0.0205017
0.02134
0.0227231
0.0506997
0.0211516
0.0213033
0.0278739
0.0219108
0.0371622
0.0207375
0.0199484
0.132725
0.0245402
0.0213107
0.0225658
0.0205514
0.0664199
0.0607034
0.0214667
0.0239088
0.0221897
0.0212235
0.020514
0.0243475
0.0239454
0.128824
0.162585
0.0195298
0.027142
0.0218805
0.0227389
0.103334
0.0207539
0.21027
0.0266888
0.021765
0.0223955
0.0205771
0.0210744
0.0203217
1.14159
0.0210436
0.150968
0.0213381
0.0208531
0.023778
0.229617
0.227572
0.020885
0.0286832
0.178814
0.176713
0.0228956
0.0206635
0.0233536
0.0198497
0.304812
0.0216841
0.0228892
0.0211836
0.0228127
0.0208505
1.32064
0.0209769
0.0252801
1.60619
0.0207796
0.021296
0.01985
0.0230099
0.0224747
0.0205122
0.0268381
0.0214012
0.0207009
0.0210398
0.077566
0.029924
0.0205338
0.0198558
0.0222372
0.894193
0.0208295
0.108542
0.0728482
0.466885
0.196534
0.020666
0.0212934
0.362793
0.021392
0.0258901
0.0218642
0.0247737
0.274826
0.0209063
0.0208913
0.0223724
0.257642
0.872899
0.0211885
0.0498855
1.47848
0.0238842
0.021176
0.0281349
0.02067
0.0212122
0.0253962
0.0217476
0.0213284
0.0516953
0.0214026
0.0311471
0.0249026
0.021334
0.0253825
0.56061
0.0381576
0.021393
0.023111
0.0206875
0.192969
0.0223369
0.363743
0.354425
0.0205887
0.0215298
0.0227309
0.0516673
0.033993
0.0221124
0.0222803
0.0210641
0.528517
0.228596
0.0220419
0.0198443
0.0509586
0.218679
0.208727
0.0211452
0.521237
0.0375034
0.021799
1.63122
0.0266392
0.259855
0.0209103
1.7201
0.0199201
0.021222
0.0210757
0.0213948
0.187669
0.0206196
0.056986
0.546643
0.0207814
0.0208863
0.0275582
0.022348
0.0211528
0.020694
0.0212599
0.0220971
0.185077
0.020729
0.0305713
0.0202806
0.02048
0.0209197
0.0304497
0.0243307
0.0221643
0.0211071
0.0210479
0.0205976
1.37214
0.021403
0.0205084
0.0387657
0.0209619
0.048553
0.0209414
0.0211766
0.0213198
0.0198351
0.0247166
0.0197901
0.0244788
0.0248679
0.0205431
0.0611449
0.0227551
0.0229804
0.0214874
0.0335273
0.0285929
0.0254611
0.0623147
0.0214298
0.188752
0.0224066
0.0205477
0.0241451
0.0294247
0.0738243
0.0290378
0.0203646
0.0648093
0.0874804
0.0281226
1.54334
0.0203546
0.0199699
0.0212384
0.021829
0.0206286
0.0206821
0.0273414
0.0785544
0.0222849
0.0217615
0.0222784
0.0214754
0.0229526
0.0219826
0.0458144
0.0213565
0.0224572
0.0195578
0.215553
0.0758193
0.335556
0.584448
0.021169
0.0211855
0.0209062
0.020915
0.0213
0.334532
0.0271133
0.0207561
0.0203431
0.0208521
0.034467
0.0237438
0.0243564
0.0233394
0.0213101
0.0215359
0.0496464
0.150246
0.0635794
0.0199894
1.04259
0.0211972
0.0208546
0.0276964
0.0214518
0.0204195
0.0215049
0.558526
0.0211842
0.0244955
1.41118
0.0275201
1.24796
0.0266568
0.0212727
0.367009
0.0207744
0.0489565
0.0297341
0.0699703
0.0213571
0.0213861
0.0266244
0.0207182
0.0214482
0.0200651
0.0222599
0.0216717
0.577253
0.024492
0.511783
0.0251964
0.580112
0.0326729
0.259007
1.08419
1.72755
0.020863
0.0229066
0.020742
0.0205312
0.873487
0.0217144
0.0220819
0.0223597
0.233867
0.0620422
0.0205316
0.0206919
0.022024
0.0260864
0.0228061
0.0237486
0.0447663
0.0200451
0.0209118
0.0469214
0.0264287
0.0210329
0.0203943
0.0209039
0.0200763
0.359991
0.0716171
0.0214091
0.0212032
0.0216538
0.0205491
0.0261096
0.0203221
0.0238608
0.0220146
0.291368
0.0209605
0.0210108
0.0212874
0.0946714
0.0460435
0.0207587
0.0287423
0.0636965
0.0245399
0.0210759
0.0209098
0.0213128
0.0392915
0.109414
0.023911
0.164958
0.0254689
0.0198474
0.0207787
1.31476
0.0213108
0.042463
1.32984
0.0212488
0.0223039
0.0217186
0.0197961
0.0424926
0.0213187
0.0368866
0.022166
0.058339
0.0680839
0.0216192
0.0210829
0.0213286
1.53971
1.42184
0.0259513
0.0217316
0.556216
0.0204333
0.0242131
0.0227131
0.0209605
0.152378
0.0195807
0.588197
0.5942
0.023476
0.0259084
0.0268226
0.0215904
0.020958
1.00997
1.53001
0.0265347
0.0218484
0.0210735
0.164405
0.445541
0.0204884
0.316836
0.126849
0.0203581
0.0218273
0.0203902
0.0211402
0.0224537
0.276153
0.737687
0.0224029
0.02175
0.0218486
0.0210159
0.0203855
0.051688
0.022865
0.0202252
0.0231247
0.0207914
0.0217693
0.0230614
0.0216678
0.0247659
0.021847
0.0206997
0.0245479
0.0208691
0.0211611
1.78246
0.0217039
0.0301984
0.0209307
0.0212374
0.0200873
0.027978
0.022531
0.256722
0.581862
1.62541
0.0214058
0.0214181
0.576442
0.0240452
0.020338
0.022715
0.0227537
0.0251166
0.0209585
0.0205269
0.021254
0.0214116
0.0212988
0.0213366
0.0204195
0.0256272
0.0254473
0.0215323
0.0456249
0.0281318
0.023987
0.228408
0.229776
0.0211576
0.020686
0.179781
0.268557
0.0389556
0.0236043
0.0214436
0.02151
0.0212392
0.0210667
0.0209923
0.541099
0.0216146
1.42568
0.0260365
0.024521
0.252499
0.035319
0.333063
0.0217664
0.0503763
0.578617
0.021217
0.0353682
0.26018
0.0195923
0.309626
0.381361
0.0212406
0.0205202
0.0217504
0.0221298
0.0233189
0.0204878
0.0212836
0.024721
0.0565717
1.57087
0.0211657
0.0204082
0.0244842
0.02156
0.316371
1.23703
0.377046
0.0204441
0.0212161
0.0242428
0.0208686
0.025923
0.0204814
0.0206378
0.0228903
1.31201
0.0212863
0.0213092
0.311465
0.565084
0.0207747
0.0239642
0.331411
0.294137
0.0212003
0.0233794
0.0468014
0.0505173
0.0219999
1.35334
0.0215831
0.0202417
0.028779
0.0206176
1.19603
0.204055
0.0238517
0.578621
0.0208201
0.023148
0.0212855
0.0215397
0.315846
0.0846468
0.0257283
0.0213137
0.0209923
0.188056
1.33915
0.0204413
0.0242652
0.0215263
0.0214748
0.0212965
0.0346327
0.0459577
0.0211579
0.0216517
0.0207981
1.35743
0.0213233
0.0223472
0.0297017
0.0249821
0.0214455
0.0197312
0.0217833
0.0213975
0.0257932
0.145615
0.0206227
0.0359206
0.020662
0.0424733
0.0218577
0.0211515
0.250419
1.62016
0.0216288
0.232755
0.0213879
0.0308604
0.0212623
0.021682
0.0219348
0.0195623
0.021517
0.0214363
0.0211688
0.020929
0.0206018
0.0206678
0.0208874
0.58205
0.0215677
0.0261545
0.0213453
0.0302872
0.0208649
0.0212394
0.0212826
0.0212816
1.11373
0.308377
0.0209436
0.529541
0.0222848
0.0638576
0.0373213
0.0211581
0.0737126
0.0859888
0.021495
0.0213171
0.0220916
0.0234788
0.0251557
0.535238
0.0214656
0.0206505
0.0212914
1.44945
0.0216313
0.0958049
0.0222469
0.0226286
0.0336355
0.0215117
0.0205013
0.0222713
0.0208674
0.0247757
0.58923
0.0263937
0.0209884
0.0213567
0.0586465
0.024332
0.508395
0.0207139
0.0214542
0.574362
0.0195771
0.0206012
0.10306
0.0205582
0.0266557
0.0213732
0.0211619
1.583
0.0208764
0.0207163
0.0234111
0.020396
0.0229701
0.0323605
0.0203176
0.0579452
0.0211469
0.019608
0.0245839
0.022804
0.0238761
0.128406
0.588278
0.0214856
0.0430278
0.22369
0.0430873
0.176188
0.0214737
3.11494
0.0212479
0.0212862
0.0235989
0.486465
0.0215944
0.0233883
0.0232921
0.0658715
0.0219304
0.0215023
0.0234781
0.0239376
0.0216795
0.0222513
0.0488845
0.035245
0.025721
0.022708
0.0221843
0.0212918
0.164718
0.0213904
1.52267
0.0211905
0.0370882
0.0234446
0.138447
0.234209
0.0765249
0.021569
0.0226749
0.0223448
0.19162
0.301793
0.234922
0.177551
0.0208884
0.0936048
0.0204356
0.0230638
0.0212097
0.0681279
0.0210436
0.0258841
0.0214188
0.0209858
0.0216397
0.0216667
0.0211779
1.52061
0.0210432
0.0211691
0.021163
0.310536
0.258117
0.0203182
0.0204023
0.32799
0.172598
0.0211004
0.027541
0.026202
0.504564
0.0212931
0.0223314
0.0211164
0.0213961
0.0214612
0.0225192
0.0228331
0.0273385
0.0441573
0.0220252
0.0214023
0.0544661
0.02253
0.0207951
0.0240685
0.039366
0.0211746
0.347881
0.0220977
0.0734006
0.0212906
0.0212905
0.0203319
0.0216294
0.0215711
0.020482
0.0392136
0.0208147
0.0212587
0.0218431
0.228285
0.0213344
0.0213958
0.0264479
0.0265785
0.0229936
0.021393
0.0429728
0.0229166
0.0213402
0.0647293
0.0214313
0.021242
0.0282985
0.0216285
0.367014
0.0209909
0.0218146
0.0646057
0.0220287
0.0212724
0.0247407
0.0217054
0.0209556
0.0212531
0.31928
0.0211825
0.0217815
0.0207389
0.109385
0.0228732
0.0205521
0.0209096
0.0281258
0.0243461
0.0207297
0.0210124
0.0211775
0.0208785
0.0208031
0.172347
0.0212618
0.0205471
0.255244
1.7387
0.0208419
0.022417
0.0215825
0.232561
0.176683
0.188374
0.0207977
0.0216236
0.0212924
0.020988
1.06663
0.0231293
0.0209173
0.0215628
0.0274439
0.0214661
0.0219171
0.347785
0.0990039
0.0212034
0.021282
0.0211492
0.0213839
0.0205975
0.0224214
0.0944042
0.0207289
0.32215
0.0198597
0.0232927
0.0216235
0.0212905
0.0240251
0.636226
0.0213504
0.0217855
0.0196364
0.0216255
1.24147
0.0415125
0.0273402
0.0211021
0.241193
0.139597
0.0219326
0.367263
0.0208699
0.228373
0.0230607
0.0242412
0.0216624
0.0209127
0.023926
0.0195678
0.0251072
0.0319514
0.459361
0.0214134
0.0535927
0.0212645
0.0541295
0.0241696
0.0205535
0.096226
1.54039
0.0610264
0.0440549
0.0291843
0.0212544
1.68791
0.0214171
0.0218502
0.0213463
0.0221327
0.0212903
0.0323061
0.019875
0.0221332
0.0212378
0.0217808
0.165869
0.0219839
0.0226441
0.469195
0.021248
0.0428981
0.204094
0.0217038
0.0226214
0.0346078
0.0230652
0.0226985
0.0795176
0.0219881
0.0227868
1.44952
0.0246879
0.0224845
0.203622
0.021079
0.184367
0.0221216
0.0906251
0.370967
0.0212004
0.354808
0.0210385
0.0219656
0.0215601
0.0195687
0.0259338
0.02123
0.021896
0.0204591
0.020203
0.0198726
0.528958
0.261627
0.0228406
0.0225591
0.0211719
0.02236
0.0197036
0.0347789
0.0212912
0.189441
0.232475
0.0219809
0.0213243
0.0221171
0.0520667
0.0228296
0.0218735
0.0213128
0.0211435
0.0237718
0.042111
0.0208248
0.0223505
0.0224382
0.0212407
0.0212494
0.587189
0.0318392
0.524173
0.0215003
0.926656
0.0563454
0.0219886
0.585156
0.022331
0.0636535
0.535406
1.46116
0.0222867
0.0376987
0.0214187
0.02138
0.0212193
0.0215925
0.0212827
0.0211687
0.0216264
1.58562
1.06358
0.321481
0.0223312
0.0215375
0.0220745
0.0215737
0.0215962
0.0223014
0.0205888
0.0218094
0.0226219
0.0206329
0.588396
0.0215145
0.0307646
0.0217365
0.0209367
0.0222733
0.0204962
1.67839
0.156526
0.0221198
0.391738
0.0200673
0.541469
0.0213464
0.0222317
0.02161
0.0212708
0.0253683
0.0217352
0.0473573
0.0216744
0.0212744
0.337887
0.0213975
0.023292
0.227948
0.327419
0.0218668
0.0291562
0.0205657
0.0867023
0.0504183
0.0213806
0.035429
0.0213963
0.0217067
0.174444
0.0212223
0.102188
0.0225309
0.234836
0.0214838
0.249941
0.0195885
0.0219611
0.307193
0.0221123
0.584791
0.0257981
0.0370125
0.0415135
0.213706
0.0336716
0.0200301
0.0212636
0.0215705
0.0212252
0.0214366
0.0203438
0.120769
0.0209133
0.0209629
0.0626213
0.021675
0.0208919
1.3189
0.0202771
0.0223352
0.0208948
0.0219243
0.084663
0.0232766
0.0225962
0.190749
0.593816
0.0197825
0.0219035
0.0209435
0.0321596
0.0218122
0.572093
0.0221887
0.0229786
0.0220561
0.145593
0.0253859
0.0213181
0.0963664
0.0240979
0.041967
0.0215382
0.0218003
0.0214764
0.0245451
0.111421
0.0372161
0.0219211
0.0352329
0.0209416
0.0203238
0.0216271
0.0213367
0.0204344
0.0234896
0.0230474
0.562589
1.63126
0.0217018
0.232224
0.174449
0.0215123
0.0212833
0.0220159
0.563435
0.0259545
0.0308525
0.365105
0.0374679
0.0234531
0.264734
0.0217943
0.022382
0.0222211
0.0217351
0.0740679
0.0220317
1.68047
0.030859
0.0239714
0.575117
0.0493435
0.0225145
1.70036
0.0215963
0.0213935
0.0213781
0.568098
0.0214792
0.0217961
0.0210872
0.0227111
0.0215034
0.0533354
0.0204312
0.228052
0.0294601
0.0578187
0.0222591
0.0520189
0.0220357
0.0683061
0.0213946
0.021589
0.205574
0.0220141
0.0199928
0.0601253
0.0224136
0.0333786
0.0221036
0.0215823
0.119814
0.357793
0.0213575
0.0576889
0.0196211
0.0222084
0.0231591
0.0615594
0.588209
0.0217306
0.0215976
0.0222902
0.374796
0.0213369
0.0222039
0.025384
0.0347969
0.0212335
0.0212659
0.0219104
0.370182
0.0213983
0.0212794
0.0198689
0.0213833
0.0212616
0.0638251
0.022037
0.0678549
0.021022
0.0442343
0.262279
0.0224558
0.0472762
0.0209272
0.0213892
0.0209054
0.0212884
0.0227519
0.0220638
0.0216884
0.250496
1.28067
0.021193
0.159387
0.0208981
0.0560527
0.0245664
0.0219785
0.158978
0.0215854
0.0215806
0.0217896
0.0204448
0.0356377
0.214586
0.0224078
1.7169
1.19823
0.096111
0.0213834
0.0217382
0.0243613
0.0738957
0.214311
0.0222054
0.0238584
0.0238021
0.0220877
0.553957
0.029403
0.0196612
0.0220425
0.0218989
0.021366
0.0320286
2.39115
0.0221669
0.0214059
0.0209631
0.0213054
0.185553
0.0662726
0.0205198
0.0373288
1.58143
0.0203041
0.0218189
0.0239347
0.0214865
0.0377056
0.0213853
0.0430884
0.0719629
0.0227292
0.0222668
0.0231518
0.0509336
0.0223454
0.021712
0.56929
1.72706
0.169061
0.0218399
0.0204651
0.209895
0.0209654
0.0208128
0.231602
0.211251
0.0220267
0.0223048
0.0213782
0.0215
0.308629
0.0204346
0.0227358
0.0204243
0.0211733
1.21427
0.0225378
1.68339
0.322193
0.0213459
0.0620467
0.023672
0.221528
0.021498
0.0223681
0.0219084
0.0203049
0.0212747
0.583352
0.0611859
0.255841
0.023708
0.0214665
0.0223367
0.0213187
0.274728
0.188979
0.0217036
0.193832
0.588556
0.163888
0.0939671
0.0228311
0.0218647
0.0217284
0.0813611
0.0422015
1.28343
0.0492975
0.0213392
0.258782
0.123702
0.0209996
0.0211606
0.0210055
0.0214127
0.23686
0.134129
0.0210318
0.020931
0.295998
0.0210417
0.0414986
0.0212458
0.0211428
0.0203131
0.0197966
0.122536
0.019684
0.0222952
0.200563
0.0213039
0.489166
0.0205394
0.0211885
0.0215252
0.133073
0.0226723
0.0211617
0.565561
0.0305972
0.0204038
0.130345
0.0210047
0.213368
0.0232758
0.233202
0.130249
0.0854922
1.70104
0.0211402
0.0245498
0.214878
0.0231072
0.0232568
1.29382
0.376733
0.254903
0.020958
0.575719
0.0284882
0.0211473
0.0353569
0.021414
0.0244263
0.0209021
0.523533
0.039427
0.057315
0.568943
0.0222657
0.077116
0.380838
0.021722
0.0199606
0.0365854
0.0226973
0.228337
0.0231554
0.0587061
0.907272
0.0211912
0.0220236
0.0281657
0.021651
0.0323214
0.0243008
0.0226616
0.180518
0.0217738
0.0235057
0.0280461
0.0214556
0.24995
0.0260139
0.0622586
0.0213243
0.378973
0.0211231
0.0228609
0.0236134
0.0213045
0.021362
0.576489
0.029271
0.0326962
0.0238001
0.0210007
0.0213684
0.0210603
0.0214367
0.0221833
0.0213821
0.162174
0.0285527
0.0224189
0.0202382
0.705557
0.0231778
0.0205711
0.0208329
0.0771493
0.024996
0.0325001
0.0221712
0.0213121
0.0213058
0.381455
0.0212829
0.027147
0.0220309
0.0201487
0.0227216
0.0881129
0.0230739
0.0213463
1.34224
0.0224576
0.0212912
0.0215104
0.0222485
0.326795
0.26267
0.0277516
0.0222554
0.0208131
0.33295
0.0700247
0.0224161
0.267922
0.0210823
0.22183
0.0396978
0.0203762
0.0220523
0.0208551
0.0215337
0.021002
0.138826
0.0233503
0.0227526
0.0216376
0.0209065
0.0228754
0.103666
0.0215796
1.31373
0.273039
0.163888
0.0222482
0.0209202
0.0209129
0.0213736
0.0593332
0.0351412
0.0222103
0.0224951
0.0216332
0.0216073
0.0213983
0.0268032
0.0213323
1.75228
0.0211838
0.0251483
0.0215037
0.0219735
0.0225105
0.0231247
0.0213348
0.0875344
0.2531
0.0213348
0.0224941
0.0213406
0.0207049
0.342216
0.021413
0.0210331
3.14106
0.145685
2.01681
0.021579
0.21707
0.0213707
0.0213626
0.0219418
0.261559
0.37164
0.022345
0.339471
0.0220901
0.0227999
0.0391996
2.82021
0.0215348
0.0217044
1.58036
0.021123
0.0219109
0.257666
0.939895
1.70741
0.0216528
0.0212233
0.0212107
0.579628
0.0578249
0.0214122
0.0217877
0.0230295
0.0214701
0.0215762
0.0214186
0.022904
0.0373982
0.0415688
0.0213061
0.177791
0.02093
0.356624
0.0271435
0.0213162
0.0339019
0.602864
0.582806
0.0213918
0.0221352
0.0245815
0.021019
0.0250033
0.0209065
0.0580917
0.0368154
0.0216505
0.0472999
0.0235309
0.0214001
0.0470777
0.0215
0.231942
0.0214674
0.0216713
0.57386
0.0293514
0.0235647
0.0216527
0.0243786
0.255255
0.27005
0.0214936
1.65579
0.0337616
0.0232626
1.39801
0.0215999
0.0254488
0.0221763
0.0233914
0.0280977
0.0213027
0.0216665
0.0213854
)
;

boundaryField
{
    frontback
    {
        type            empty;
    }
    topbottom
    {
        type            fixedValue;
        value           uniform 0.0223;
    }
    outlet
    {
        type            zeroGradient;
    }
    inlet
    {
        type            fixedValue;
        value           nonuniform List<scalar> 0();
    }
    walls
    {
        blending        binomial2;
        n               2;
        beta1           0.075;
        type            omegaWallFunction;
        value           nonuniform List<scalar> 0();
    }
    procBoundary3to1
    {
        type            processor;
        value           nonuniform List<scalar> 
147
(
1.69629
0.169438
0.638282
0.811521
0.782313
1.59442
0.923022
0.749661
0.443377
1.36059
0.391664
3.22687
0.076669
0.34479
0.0883065
1.1153
0.41839
0.419797
0.250329
0.564579
1.22469
0.950207
1.65824
0.578277
0.643239
0.77639
0.924325
0.227127
0.120658
0.275843
2.30481
2.30481
0.288667
1.89547
0.546789
0.26564
0.788414
0.513345
0.955742
0.196371
0.229471
0.182145
0.312241
1.65579
1.25056
0.124901
0.182145
1.79714
0.271514
0.207623
0.144711
0.122031
0.34611
0.310099
0.328947
0.1274
0.313092
0.229451
0.268146
0.229761
0.245314
0.238823
0.223845
0.222246
0.339838
0.299127
0.0980037
0.15043
0.298854
0.279498
0.224905
0.233873
0.423743
0.416163
0.27409
0.408471
0.269507
0.285787
0.344706
0.421568
0.408885
0.35303
0.185044
0.315334
0.303836
0.374047
0.416535
0.3245
0.46484
0.225013
0.352676
0.391664
0.303836
0.221777
0.454149
0.10344
0.067242
0.578008
0.454311
0.0797131
0.176052
0.0925545
0.0765426
0.457331
0.576493
0.577675
0.577693
0.384977
0.567187
0.577693
0.578382
0.305539
0.514766
0.595893
0.527533
0.327994
0.365954
1.85504
0.388422
0.365954
0.721988
0.342684
1.03406
0.694607
0.767115
0.691318
1.05633
1.22788
0.389458
1.84149
1.85504
1.78611
1.91942
1.86694
0.854103
1.90473
1.48014
3.62784
0.338179
1.1137
0.130336
1.63876
1.1137
0.220954
0.22508
3.22825
0.339838
)
;
    }
    procBoundary3to2
    {
        type            processor;
        value           nonuniform List<scalar> 
73
(
0.0221049
0.0220465
0.0214478
0.0214301
0.035549
0.0330333
0.0228914
0.0683679
0.0483782
0.11917
0.021946
0.0218653
0.138845
0.0216772
0.021946
0.0292419
0.0310317
0.0330333
0.021507
0.024163
0.0247816
0.0214033
0.022081
0.0217915
0.0235458
0.103542
0.0903162
0.0217304
0.0214381
0.022601
0.0553164
0.0255991
0.0214242
0.0216334
0.0214919
0.0310317
0.0236767
0.0223968
0.0218653
0.0215941
0.165064
0.165064
0.0277439
0.0214068
0.0214735
0.0214013
0.0431774
0.0214172
0.0215394
0.0789473
0.138845
0.0215628
0.0408343
0.0214045
0.253018
0.19688
0.0222255
0.0232586
0.19688
0.253018
0.0214582
0.0214116
0.0627638
0.0368618
0.0265696
0.440639
0.738961
0.0789473
0.0214396
0.0214932
2.9343
1.74868
0.0215162
)
;
    }
}


// ************************************************************************* //
